/*--------------------------------*- C++ -*----------------------------------*\
| =========                 |                                                 |
| \\      /  F ield         | OpenFOAM: The Open Source CFD Toolbox           |
|  \\    /   O peration     | Version:  v2012                                 |
|   \\  /    A nd           | Website:  www.openfoam.com                      |
|    \\/     M anipulation  |                                                 |
\*---------------------------------------------------------------------------*/
FoamFile
{
    version     2.0;
    format      ascii;
    class       volScalarField;
    location    "7";
    object      p;
}
// * * * * * * * * * * * * * * * * * * * * * * * * * * * * * * * * * * * * * //

dimensions      [0 2 -2 0 0 0 0];


internalField   nonuniform List<scalar> 
7000
(
-1.08738e-11
0.00443428
-0.00618535
-0.00278143
-0.00049993
0.00389529
0.00805665
0.00385061
0.00145005
0.00401863
0.00303855
0.00347296
0.00344982
0.00455771
0.00468531
0.00613764
0.00692049
0.00932541
0.0113823
0.0160565
2.11491e-06
0.00441448
-0.00615732
-0.00281932
-0.000496304
0.00392694
0.00794605
0.00385834
0.00147689
0.00401289
0.00304147
0.00346012
0.00345059
0.00454841
0.00468705
0.00612545
0.0069243
0.00930064
0.0113925
0.0157153
3.91142e-06
0.00438817
-0.00612009
-0.00286884
-0.000481269
0.00395673
0.00785962
0.00386938
0.00149951
0.00399758
0.00304603
0.00343526
0.00345459
0.00453156
0.00468939
0.00610644
0.00693073
0.00926563
0.0113898
0.0153034
5.0795e-06
0.00435813
-0.00609169
-0.00289641
-0.000453569
0.00397061
0.00776545
0.00387344
0.00151902
0.00397348
0.00304957
0.00340403
0.00345701
0.00451582
0.00468861
0.0060889
0.00693816
0.00922475
0.0113662
0.0149102
5.93981e-06
0.00432309
-0.00606891
-0.0028956
-0.000414161
0.00396639
0.00766184
0.00387291
0.0015398
0.00394133
0.003053
0.00336734
0.00345835
0.00450217
0.00468937
0.00607107
0.00694887
0.00917476
0.0113272
0.0145434
6.61037e-06
0.00428285
-0.00604558
-0.00286796
-0.000365977
0.0039438
0.00755119
0.00387198
0.00156279
0.00390318
0.00305831
0.00332596
0.00346147
0.00448928
0.00469463
0.00605001
0.00696357
0.0091155
0.0112742
0.0142011
7.18979e-06
0.0042382
-0.00601783
-0.00281776
-0.000314769
0.00390568
0.0074379
0.00387146
0.00158725
0.0038629
0.00306681
0.00328166
0.0034674
0.00447538
0.00470377
0.00602385
0.00698005
0.00904644
0.011206
0.0138768
7.79906e-06
0.0041901
-0.00598326
-0.00275218
-0.000266914
0.00385839
0.00732588
0.00387036
0.00161245
0.00382367
0.00307872
0.00323578
0.0034757
0.0044585
0.0047154
0.00599143
0.00699572
0.00896906
0.0111218
0.0135699
8.51738e-06
0.00413939
-0.00594075
-0.00267872
-0.000226586
0.00380749
0.00721666
0.00386765
0.00163805
0.00378668
0.00309345
0.00318877
0.00348599
0.00443713
0.004729
0.00595247
0.00700911
0.00888557
0.0110204
0.0132684
9.36884e-06
0.00408658
-0.00589045
-0.00260268
-0.000194809
0.00375621
0.00710963
0.0038629
0.00166389
0.00375178
0.00311019
0.00314079
0.00349835
0.00441063
0.00474457
0.00590741
0.00701885
0.00879787
0.0109015
0.0129749
1.03532e-05
0.00403197
-0.00583335
-0.00252686
-0.0001703
0.00370569
0.00700332
0.00385616
0.00168974
0.00371805
0.00312836
0.00309187
0.00351286
0.00437903
0.00476177
0.00585731
0.00702294
0.0087072
0.0107657
0.0126873
1.14703e-05
0.0039757
-0.00577073
-0.00245231
-0.000150817
0.00365574
0.00689642
0.0038476
0.00171545
0.00368451
0.00314766
0.00304188
0.00352927
0.00434269
0.00477982
0.00580376
0.00701901
0.00861424
0.0106143
0.0124036
1.27289e-05
0.00391782
-0.0057037
-0.00237913
-0.00013409
0.00360565
0.00678808
0.00383731
0.00174114
0.00365028
0.00316798
0.00299039
0.00354699
0.00430237
0.00479755
0.00574864
0.00700493
0.0085193
0.0104484
0.0121214
1.41469e-05
0.00385833
-0.00563304
-0.00230711
-0.000118229
0.00355476
0.00667782
0.00382527
0.00176674
0.00361462
0.0031893
0.00293685
0.00356539
0.00425933
0.00481339
0.00569366
0.00697921
0.00842214
0.0102695
0.0118392
1.57466e-05
0.00379722
-0.00555923
-0.00223597
-0.000101799
0.00350262
0.0065655
0.00381142
0.0017925
0.00357691
0.00321159
0.00288082
0.00358385
0.0042152
0.00482543
0.00564015
0.00694083
0.00832194
0.0100793
0.0115555
1.75495e-05
0.00373449
-0.00548256
-0.00216546
-8.3684e-05
0.00344904
0.00645114
0.00379561
0.00181857
0.0035366
0.00323486
0.00282219
0.0036016
0.0041717
0.00483175
0.00558906
0.00688916
0.0082174
0.00987981
0.0112695
1.95732e-05
0.00367015
-0.00540322
-0.00209544
-6.2967e-05
0.00339396
0.00633488
0.00377767
0.0018451
0.00349333
0.00325906
0.00276124
0.00361756
0.00413051
0.00483083
0.00554077
0.00682409
0.00810698
0.00967266
0.0109807
2.18321e-05
0.00360419
-0.00532133
-0.00202584
-3.89097e-05
0.00333738
0.00621687
0.00375741
0.00187223
0.00344687
0.003284
0.0026987
0.00363051
0.00409311
0.00482138
0.00549499
0.00674609
0.00798887
0.00945917
0.010689
2.43392e-05
0.00353661
-0.00523694
-0.00195673
-1.09972e-05
0.00327928
0.00609724
0.00373469
0.00190005
0.00339715
0.00330934
0.00263577
0.00363908
0.00406041
0.0048023
0.00545085
0.00665624
0.0078612
0.00924021
0.0103952
2.71084e-05
0.0034674
-0.00515002
-0.00188834
2.10113e-05
0.00321965
0.00597607
0.00370937
0.00192862
0.00334427
0.00333446
0.00257392
0.00364182
0.00403296
0.00477285
0.00540674
0.0065562
0.00772281
0.00901624
0.0100996
3.01529e-05
0.00339652
-0.00506046
-0.00182101
5.70839e-05
0.00315846
0.00585339
0.00368135
0.00195789
0.00328855
0.00335853
0.00251457
0.00363728
0.00401104
0.00473268
0.00536027
0.0064478
0.00757314
0.00878755
0.00980325
3.34839e-05
0.00332394
-0.00496808
-0.00175515
9.69828e-05
0.00309572
0.0057292
0.00365058
0.00198769
0.00323046
0.00338053
0.00245898
0.00362391
0.0039946
0.00468255
0.00530896
0.00633226
0.00741153
0.00855402
0.00950727
3.71097e-05
0.00324964
-0.00487271
-0.00169124
0.00014038
0.00303153
0.00560346
0.00361705
0.00201784
0.00317063
0.00339921
0.00240844
0.0036006
0.00398244
0.00462374
0.00525127
0.00621077
0.00723799
0.00831495
0.00921221
4.10376e-05
0.00317359
-0.00477414
-0.00162973
0.000186924
0.00296604
0.00547604
0.00358082
0.00204787
0.00311002
0.00341318
0.00236365
0.00356749
0.00397271
0.00455642
0.00518573
0.0060848
0.00705436
0.00807046
0.0089173
4.52738e-05
0.00309578
-0.00467224
-0.00157104
0.000236257
0.00289947
0.00534679
0.00354221
0.00207697
0.00304945
0.00342165
0.00232442
0.00352444
0.00396495
0.00448165
0.0051093
0.00595374
0.00686256
0.00782255
0.00862315
4.98244e-05
0.0030162
-0.00456688
-0.00151556
0.00028804
0.00283212
0.00521539
0.00350156
0.00210474
0.00298919
0.00342387
0.00229142
0.00347052
0.00395734
0.00440251
0.00502135
0.00581594
0.00666077
0.00757105
0.00833283
5.46982e-05
0.00293487
-0.00445796
-0.00146363
0.000341939
0.00276441
0.0050815
0.00345932
0.00213033
0.00293022
0.00341866
0.00226451
0.00340716
0.00394751
0.00431953
0.00492179
0.00567357
0.00644958
0.00731248
0.00804546
5.99096e-05
0.00285181
-0.00434544
-0.00141551
0.000397616
0.00269683
0.00494451
0.00341634
0.00215286
0.0028728
0.00340633
0.00224176
0.00333561
0.00393421
0.00423241
0.00480768
0.00552865
0.00623694
0.00704661
0.00775627
6.54776e-05
0.002767
-0.00422926
-0.0013715
0.000454601
0.00263008
0.00480414
0.00337224
0.00217319
0.0028159
0.00338679
0.00222397
0.00325604
0.00391489
0.0041415
0.00467715
0.00538169
0.00603179
0.00677062
0.00746247
7.14031e-05
0.00268057
-0.00410945
-0.00133169
0.000512325
0.00256503
0.00465974
0.00332789
0.00218955
0.0027613
0.00335986
0.00220876
0.00316965
0.00389064
0.00404812
0.00452904
0.00522268
0.00583021
0.00650721
0.0071651
7.7721e-05
0.00259252
-0.00398615
-0.00129608
0.000570315
0.00250253
0.00451073
0.00328379
0.00220186
0.00270788
0.00332636
0.00219533
0.00307631
0.0038603
0.00395249
0.00436719
0.00504771
0.00562662
0.00625828
0.00687054
8.44262e-05
0.00250293
-0.00385938
-0.00126469
0.000627703
0.00244376
0.00435691
0.00323891
0.00221273
0.00265186
0.00328753
0.00218362
0.00297668
0.00382094
0.00385645
0.00419621
0.00486074
0.00541954
0.00598848
0.00658249
9.14722e-05
0.00241219
-0.00372947
-0.00123708
0.000683799
0.00238919
0.00419836
0.00319375
0.00221998
0.00259552
0.00324647
0.00216761
0.0028719
0.0037712
0.00376488
0.0040138
0.00466076
0.00520528
0.0057273
0.00630257
9.90259e-05
0.00231972
-0.00359651
-0.00121316
0.000738062
0.00233909
0.00403617
0.00314648
0.0022265
0.00253426
0.00320435
0.00214989
0.00276423
0.00370693
0.00367345
0.00382789
0.00444789
0.00498748
0.00542368
0.00603049
0.000106964
0.00222611
-0.00346087
-0.00119273
0.000789091
0.00229583
0.00386831
0.00309835
0.00223193
0.00246883
0.00315624
0.00213757
0.00264732
0.00363294
0.00357819
0.00362326
0.00420553
0.0047653
0.00519579
0.00577357
0.000115142
0.00213227
-0.00332337
-0.00117438
0.00083555
0.00225972
0.00369546
0.00304893
0.00223413
0.00240341
0.00310082
0.00213002
0.00251643
0.00354437
0.00348278
0.00341225
0.00393692
0.004538
0.00503997
0.00552847
0.000123938
0.00203662
-0.00318366
-0.00115819
0.000878037
0.00222809
0.00352356
0.00299134
0.00224449
0.00232582
0.00304477
0.0021226
0.00238327
0.00342773
0.00338966
0.00321444
0.00367291
0.0043111
0.0047591
0.00528544
0.000133011
0.00194064
-0.00304272
-0.00114381
0.000915031
0.00220422
0.00334691
0.00292963
0.00225637
0.00224503
0.00297775
0.00212113
0.00224659
0.00328074
0.00328204
0.00302363
0.00340841
0.0040683
0.00455287
0.00505775
0.000142105
0.0018459
-0.00290215
-0.00112901
0.000943742
0.00218955
0.00316591
0.0028646
0.00226634
0.00216648
0.00289243
0.0021289
0.00210309
0.00311021
0.00315844
0.00284109
0.00313781
0.00380041
0.0044256
0.00485102
0.000151874
0.00174961
-0.00276083
-0.00111458
0.00096824
0.00217619
0.00299666
0.00278073
0.00229285
0.00207531
0.00279899
0.00213072
0.00196463
0.00291937
0.00303728
0.00267747
0.00287906
0.00351345
0.00409593
0.00464215
0.000161697
0.00165405
-0.00262056
-0.00109976
0.000985769
0.0021688
0.00282538
0.0026887
0.00231927
0.00199119
0.00268918
0.00212797
0.00182765
0.00269444
0.00289974
0.00252172
0.00262315
0.00321914
0.00385276
0.00443903
0.000171081
0.00156211
-0.00248334
-0.00108209
0.000991039
0.00217657
0.00265069
0.00259382
0.00233857
0.00192117
0.00255488
0.00212134
0.00168494
0.00245367
0.00273058
0.0023624
0.00237749
0.00292363
0.00371481
0.00424629
0.000181297
0.00146813
-0.00234691
-0.00106367
0.00099648
0.0021335
0.00250047
0.00247266
0.00236731
0.00185291
0.00241124
0.00209896
0.00156759
0.00219362
0.00254246
0.00221415
0.00216491
0.00260609
0.0032787
0.00402365
0.000190914
0.00137779
-0.00221458
-0.001043
0.000991963
0.00214112
0.00235048
0.002348
0.00238382
0.00179671
0.00225275
0.00205687
0.00146673
0.00191848
0.00232603
0.00205276
0.00193566
0.0023058
0.0029828
0.00379896
0.000199673
0.0012936
-0.00208751
-0.00101833
0.00097314
0.00216004
0.00219859
0.00222495
0.00238163
0.00175772
0.0020725
0.00200226
0.00136906
0.00165275
0.00207683
0.00185865
0.00168087
0.00202627
0.00286002
0.00358856
0.000209438
0.0012046
-0.00196266
-0.000993378
0.000967911
0.00214748
0.00207933
0.00207025
0.00238032
0.00172355
0.00188467
0.00191792
0.00130874
0.00144772
0.00181641
0.00163457
0.00141557
0.00166006
0.0023518
0.00336041
0.000217256
0.00112636
-0.00184427
-0.000966514
0.000952015
0.00214222
0.00196827
0.00190806
0.00236594
0.00169323
0.00169071
0.00180594
0.00127457
0.00125149
0.00154063
0.00137705
0.00112261
0.00126885
0.00193458
0.00315618
0.000225026
0.00104943
-0.00173182
-0.000936708
0.000923464
0.00213937
0.00186059
0.00174722
0.00232973
0.00167168
0.00149195
0.00168067
0.00123248
0.00106645
0.0012466
0.00108775
0.000820846
0.00092354
0.00161461
0.00296646
0.000232427
0.000971659
-0.00162345
-0.00090746
0.00090505
0.00212903
0.00176226
0.00158213
0.00227129
0.00165456
0.00130287
0.00153194
0.0011706
0.000896229
0.000940609
0.000780326
0.00053881
0.000649926
0.00135192
0.0027694
0.000237965
0.000908225
-0.00152091
-0.000878963
0.000882418
0.00211353
0.00167259
0.00141373
0.00218982
0.00164355
0.00112814
0.00135134
0.00109019
0.000738207
0.000643603
0.000478432
0.000277695
0.000407545
0.0011184
0.00255637
0.000243411
0.000844405
-0.0014233
-0.000851603
0.000856727
0.00209314
0.00159318
0.00124233
0.00208588
0.00163642
0.000963043
0.0011468
0.00099054
0.000592379
0.000372621
0.000180712
1.24267e-05
0.000170912
0.000898303
0.00235101
0.000247687
0.000785475
-0.00132968
-0.000827661
0.000829677
0.00206963
0.00152116
0.00106828
0.00196171
0.00162638
0.000813156
0.000927095
0.000866126
0.000455797
0.000128551
-0.000116911
-0.000262806
-6.67161e-05
0.000692758
0.00216517
0.000250968
0.00073123
-0.00123993
-0.000807153
0.000801115
0.0020416
0.00145397
0.000895365
0.00181803
0.00160885
0.000683666
0.000697246
0.000714962
0.000323483
-9.42094e-05
-0.000409674
-0.000541666
-0.000307097
0.000491828
0.00199575
0.000253363
0.000681446
-0.00115342
-0.000790623
0.000768241
0.00200852
0.00139362
0.000727648
0.001655
0.00157953
0.000573593
0.000460795
0.000536721
0.000186342
-0.00029811
-0.000685887
-0.000818646
-0.000555075
0.000292969
0.00183861
0.00025506
0.000635515
-0.00107008
-0.000778398
0.000730752
0.00197199
0.00133873
0.000563904
0.00147333
0.00153633
0.000482836
0.000225972
0.000333369
3.63897e-05
-0.000482367
-0.000938537
-0.00109442
-0.000809969
8.67889e-05
0.00168169
0.000255876
0.00059377
-0.000989221
-0.000770788
0.000687472
0.00193154
0.00128772
0.000406031
0.00127603
0.00147566
0.000409517
-3.33644e-07
0.000107941
-0.000129775
-0.000651731
-0.00117027
-0.00136497
-0.00106767
-0.000130804
0.0015192
0.000256364
0.000555776
-0.000911342
-0.000766165
0.000636274
0.00188375
0.00124234
0.000260052
0.0010668
0.00139063
0.000346597
-0.000215933
-0.000134897
-0.000311599
-0.000817701
-0.00138424
-0.0016197
-0.00132175
-0.000359696
0.00134859
0.000255498
0.000522423
-0.000835924
-0.000764025
0.000576769
0.00182624
0.00120086
0.000126494
0.000848791
0.00128281
0.000292248
-0.000415482
-0.000388608
-0.000514169
-0.00098941
-0.00157694
-0.00185333
-0.00157238
-0.000599355
0.00116707
0.00025386
0.000492945
-0.000762347
-0.00076554
0.000507613
0.00176016
0.00116196
4.26897e-06
0.000626602
0.00115338
0.000242355
-0.000594948
-0.000650039
-0.000737803
-0.00116558
-0.00175284
-0.00207398
-0.00181884
-0.000837894
0.000981782
0.000253844
0.000463426
-0.000689929
-0.000768496
0.000431567
0.00168395
0.00111417
-0.000105532
0.000404218
0.00100142
0.000190565
-0.000753331
-0.000912693
-0.000976847
-0.0013531
-0.00192403
-0.00227829
-0.00205059
-0.00106714
0.000797708
0.000251227
0.000438926
-0.000617938
-0.000773429
0.000346026
0.00159157
0.0010661
-0.000202421
0.000183048
0.000827489
0.000132038
-0.000888941
-0.00116673
-0.00123056
-0.00155684
-0.00208878
-0.00246323
-0.00226715
-0.00128504
0.000611404
0.000248526
0.000417452
-0.000548542
-0.000779216
0.000248942
0.00148601
0.00101803
-0.000284198
-3.15273e-05
0.000633071
5.99932e-05
-0.00100405
-0.00141063
-0.00149773
-0.00177284
-0.00225674
-0.00263986
-0.00246721
-0.0014927
0.000425086
0.000245929
0.000396638
-0.000482118
-0.00078501
0.000141727
0.00136855
0.000972597
-0.000349525
-0.000238784
0.000417555
-3.37019e-05
-0.00110716
-0.00164005
-0.0017679
-0.00200413
-0.00243811
-0.0028024
-0.00264571
-0.00168868
0.000246717
0.000242051
0.00037733
-0.000419188
-0.000790442
2.96994e-05
0.00124205
0.000924263
-0.000405631
-0.00044215
0.000182979
-0.000150653
-0.0012007
-0.00184408
-0.00203373
-0.00225248
-0.00262645
-0.00295265
-0.00281114
-0.00186959
7.71587e-05
0.000238494
0.00035742
-0.000361433
-0.000792385
-8.44472e-05
0.0011022
0.000865843
-0.000455053
-0.000634053
-6.13103e-05
-0.000289305
-0.00128937
-0.00202614
-0.00229495
-0.00250973
-0.00282424
-0.0031079
-0.00296734
-0.00203214
-8.38059e-05
0.000234639
0.000336711
-0.000308966
-0.000789871
-0.000200601
0.00094797
0.000796026
-0.000496565
-0.000810225
-0.000311047
-0.000452637
-0.00138397
-0.00219251
-0.00254361
-0.00276786
-0.00303747
-0.00327015
-0.00310946
-0.00217784
-0.000235658
0.000230539
0.000315206
-0.000262499
-0.000783353
-0.000316748
0.000780863
0.000713459
-0.000532798
-0.000970982
-0.000563197
-0.000639342
-0.00148879
-0.00234412
-0.00277519
-0.00302407
-0.00326232
-0.00343606
-0.00324444
-0.00231492
-0.000380299
0.000226324
0.000292757
-0.000223271
-0.000773617
-0.000429758
0.000602863
0.000615688
-0.000567309
-0.00111639
-0.000813
-0.000845782
-0.00160672
-0.00248535
-0.00299206
-0.00327418
-0.0034915
-0.0036095
-0.00338325
-0.00244722
-0.000516337
0.000222028
0.000269207
-0.000192131
-0.00076144
-0.000537292
0.000415932
0.000500645
-0.000603967
-0.0012468
-0.00105566
-0.00106832
-0.00174117
-0.0026211
-0.00319514
-0.00351351
-0.00372172
-0.00379457
-0.0035281
-0.00257387
-0.000644864
0.000217612
0.000244416
-0.000169414
-0.000748153
-0.00063809
0.000222816
0.000367736
-0.00064627
-0.00136351
-0.00128783
-0.00130299
-0.00189413
-0.00275414
-0.00338444
-0.00374195
-0.0039524
-0.00398908
-0.00367737
-0.00269994
-0.000771686
0.000212959
0.000218473
-0.000155384
-0.00073541
-0.000731163
2.67933e-05
0.000217562
-0.000697967
-0.00146982
-0.00150739
-0.00154412
-0.00206541
-0.00288767
-0.00356206
-0.00396139
-0.00418039
-0.00418877
-0.00383546
-0.00283353
-0.000899239
0.000207946
0.000191474
-0.000150196
-0.000724785
-0.00081622
-0.000168895
5.14429e-05
-0.000762643
-0.00156889
-0.00171268
-0.00178567
-0.00225389
-0.00302693
-0.00373082
-0.00417099
-0.00440272
-0.00439416
-0.00400612
-0.0029748
-0.00102629
0.000202434
0.000163463
-0.000153772
-0.000717825
-0.000893658
-0.000361372
-0.000128844
-0.000842388
-0.00166307
-0.00190434
-0.00202317
-0.00245697
-0.00317669
-0.00389272
-0.00437094
-0.00462062
-0.00460418
-0.00418492
-0.00312171
-0.00115579
0.00019616
0.000134655
-0.000165764
-0.000716085
-0.000964218
-0.000548145
-0.00032065
-0.000938449
-0.00175594
-0.00208443
-0.00225342
-0.00267064
-0.00333971
-0.00405136
-0.00456309
-0.00483276
-0.00481324
-0.004369
-0.00327769
-0.00129203
0.000188895
0.000105062
-0.000185752
-0.000720634
-0.00102912
-0.000727373
-0.000520738
-0.00105158
-0.0018507
-0.00225496
-0.00247553
-0.00288987
-0.00351661
-0.00421113
-0.0047473
-0.00503653
-0.00502005
-0.00456009
-0.00344418
-0.00143473
0.000180335
7.48565e-05
-0.000212991
-0.000732564
-0.00109001
-0.000897612
-0.000725843
-0.00118188
-0.00195011
-0.00241808
-0.00268973
-0.00310903
-0.00370546
-0.00437509
-0.00492495
-0.00523361
-0.00522568
-0.00475637
-0.00361786
-0.00158326
0.000170188
4.39892e-05
-0.000246684
-0.000752501
-0.00114863
-0.00105818
-0.000932521
-0.00132815
-0.00205719
-0.00257555
-0.00289673
-0.00332516
-0.00390264
-0.00454577
-0.00510001
-0.00542599
-0.00542823
-0.0049539
-0.00379745
-0.0017397
0.000158213
1.24224e-05
-0.000286202
-0.000780601
-0.00120647
-0.00120953
-0.00113779
-0.00148812
-0.00217413
-0.00272865
-0.0030978
-0.00353795
-0.00410473
-0.00472475
-0.00527595
-0.00561453
-0.00562659
-0.00515204
-0.00398295
-0.00190312
0.000144087
-1.99838e-05
-0.000330563
-0.000816789
-0.00126519
-0.00135214
-0.0013395
-0.00165915
-0.0023023
-0.00287929
-0.00329331
-0.00374802
-0.00430966
-0.0049122
-0.00545527
-0.00580114
-0.00582198
-0.00535004
-0.00417101
-0.00207046
0.000127599
-5.33831e-05
-0.000379074
-0.000860674
-0.00132618
-0.00148689
-0.00153593
-0.0018381
-0.00244237
-0.00303054
-0.00348337
-0.00395585
-0.00451616
-0.00510683
-0.00563911
-0.00598723
-0.0060144
-0.00554531
-0.00435957
-0.00224279
0.000108522
-8.78883e-05
-0.000430978
-0.000911648
-0.00139076
-0.0016151
-0.00172587
-0.00202156
-0.00259308
-0.00318609
-0.0036695
-0.00416123
-0.00472328
-0.00530686
-0.00582819
-0.0061744
-0.00620468
-0.00573837
-0.00454963
-0.00242085
8.67809e-05
-0.000123862
-0.000485644
-0.000968669
-0.00145972
-0.00173811
-0.00190902
-0.00220734
-0.00275198
-0.00334835
-0.00385366
-0.00436311
-0.00492982
-0.00551088
-0.00602414
-0.00636593
-0.00639679
-0.00593237
-0.00474187
-0.00260334
6.22086e-05
-0.000161338
-0.000542627
-0.00103109
-0.00153308
-0.00185687
-0.00208563
-0.00239476
-0.00291628
-0.0035168
-0.004039
-0.00456199
-0.00513462
-0.00571686
-0.00622677
-0.00656405
-0.00659361
-0.00612893
-0.0049368
-0.00279119
3.47286e-05
-0.00020053
-0.000601391
-0.00109762
-0.00161093
-0.0019728
-0.00225528
-0.0025839
-0.00308476
-0.0036896
-0.00422918
-0.00476098
-0.00533817
-0.00592331
-0.0064341
-0.00676791
-0.00679465
-0.00632768
-0.00513379
-0.00298414
4.25135e-06
-0.000241579
-0.000661849
-0.00116738
-0.00169242
-0.00208647
-0.00241664
-0.00277363
-0.00325769
-0.00386357
-0.0044246
-0.00496418
-0.0055441
-0.00613165
-0.00664678
-0.00697989
-0.00700367
-0.0065331
-0.00533586
-0.00318141
-2.92486e-05
-0.000284278
-0.000723525
-0.00123984
-0.00177781
-0.00220022
-0.00257042
-0.00296146
-0.00343541
-0.00403524
-0.00461887
-0.00516885
-0.00575098
-0.00633898
-0.00686052
-0.00719964
-0.00722454
-0.006752
-0.00555137
-0.00339271
-6.59739e-05
-0.000328705
-0.000785647
-0.00131286
-0.00186443
-0.00231611
-0.00271999
-0.00314717
-0.00362207
-0.00420957
-0.00481226
-0.00537528
-0.00595926
-0.00654597
-0.00707221
-0.00741966
-0.00745093
-0.00697995
-0.00577707
-0.00361505
-0.000105955
-0.00037496
-0.000848533
-0.00138616
-0.00194982
-0.00243066
-0.00286573
-0.00332834
-0.00381582
-0.00438838
-0.00500468
-0.00558544
-0.00617355
-0.00676038
-0.00729023
-0.00764599
-0.00768603
-0.00722092
-0.00601765
-0.00384982
-0.00014938
-0.000423009
-0.000910304
-0.00145746
-0.00203223
-0.00254327
-0.00300953
-0.0035043
-0.00401278
-0.00457141
-0.00519261
-0.0057924
-0.00638766
-0.00697705
-0.00751002
-0.00787443
-0.00792349
-0.00746811
-0.00627385
-0.0041134
-0.00019758
-0.000475297
-0.000974032
-0.00152531
-0.00210688
-0.00264863
-0.0031515
-0.0036739
-0.00420631
-0.00475797
-0.0053749
-0.0059928
-0.00660153
-0.00719908
-0.00773666
-0.00810952
-0.00816854
-0.00772264
-0.00653686
-0.00438551
-0.000244974
-0.000529481
-0.00104135
-0.00160332
-0.00219132
-0.00276463
-0.00330632
-0.00384719
-0.00439435
-0.00494217
-0.00555138
-0.00618367
-0.00681281
-0.00742666
-0.00797484
-0.00836023
-0.00843365
-0.00799977
-0.00682091
-0.00466916
-0.000306974
-0.000549435
-0.00105979
-0.00163558
-0.00226781
-0.00290302
-0.00349682
-0.0040499
-0.00459121
-0.00512973
-0.00572777
-0.0063667
-0.00701615
-0.00764981
-0.00821659
-0.00862563
-0.00872863
-0.00832209
-0.00715757
-0.00500631
-0.00041619
-0.000686651
-0.00110898
-0.00162563
-0.00222779
-0.00296144
-0.00366092
-0.00423101
-0.00476214
-0.00529725
-0.00588699
-0.0065308
-0.00719539
-0.00785167
-0.00844704
-0.00889386
-0.00904307
-0.00868983
-0.00757497
-0.00546635
-0.000370941
-0.000613282
-0.00117998
-0.00180748
-0.00247761
-0.00316726
-0.00381973
-0.00437712
-0.00489845
-0.00542983
-0.00601521
-0.00665101
-0.00730734
-0.00795266
-0.00854135
-0.00899489
-0.00918482
-0.00890072
-0.00789242
-0.00591729
-0.000471702
-0.000712199
-0.00127566
-0.00183304
-0.00247019
-0.00321657
-0.00393356
-0.00451468
-0.00508041
-0.005638
-0.00626017
-0.00691341
-0.00759614
-0.00823784
-0.00878597
-0.00914785
-0.00922008
-0.0088386
-0.00777398
-0.00577083
-0.000377884
-0.000752855
-0.00135945
-0.00202188
-0.0027012
-0.00336245
-0.00396738
-0.00446561
-0.00498109
-0.00555109
-0.00617352
-0.00683591
-0.00754538
-0.00831244
-0.00913068
-0.00989732
-0.0104261
-0.010468
-0.00974524
-0.00801677
-0.000203113
-0.000897801
-0.00155909
-0.00224175
-0.00285965
-0.00359674
-0.00429772
-0.00480896
-0.00531577
-0.00594975
-0.00664053
-0.00727703
-0.00767539
-0.0077106
-0.00732544
-0.00661257
-0.00575943
-0.00507421
-0.00493095
-0.00566814
-0.00026194
-0.000907503
-0.00162068
-0.00224683
-0.00278335
-0.00330932
-0.00379837
-0.00431475
-0.00492345
-0.00564847
-0.00646569
-0.00737262
-0.0083693
-0.0094476
-0.0105478
-0.0115665
-0.0123352
-0.0126207
-0.0121416
-0.0106497
-0.000126373
-0.000987756
-0.00171342
-0.0023469
-0.00288425
-0.00355433
-0.00429636
-0.00505656
-0.005738
-0.00625012
-0.00677387
-0.00742319
-0.00803589
-0.00843018
-0.00846054
-0.0081178
-0.00754306
-0.00704334
-0.0070107
-0.00780412
-0.000164896
-0.00103512
-0.00177513
-0.00234133
-0.00274228
-0.00313357
-0.0034572
-0.00391693
-0.00459312
-0.00554004
-0.00674297
-0.00823619
-0.00994913
-0.011732
-0.0133808
-0.0147388
-0.0156357
-0.0158781
-0.0152353
-0.0135077
0.0201091
0.00245314
-0.0045635
-0.00439977
-0.00343524
-0.00316327
-0.00341357
-0.00378733
-0.00383659
-0.00350334
-0.00318634
-0.00310296
-0.00302665
-0.00282554
-0.00267635
-0.00263256
-0.00251081
-0.00227973
-0.00218346
-0.00239263
-0.00252756
-0.00233
-0.00205265
-0.00186251
-0.00169971
-0.00154228
-0.00138635
-0.00122457
-0.00108321
-0.000915124
-0.000719709
-0.000489765
-0.000276863
-5.09308e-05
0.000153243
0.000401524
0.000662369
0.000939347
0.00120798
0.00145146
0.00173126
0.00195653
0.00226018
0.00248374
0.00276029
0.00302908
0.00323414
0.00360095
0.00389471
0.00422767
0.019605
0.00250423
-0.0045234
-0.00438237
-0.00342481
-0.00315633
-0.00340872
-0.0037839
-0.00383413
-0.00350138
-0.00318459
-0.00310139
-0.00302528
-0.00282427
-0.00267513
-0.00263143
-0.00250982
-0.00227884
-0.00218262
-0.00239187
-0.00252694
-0.00232946
-0.00205215
-0.00186205
-0.00169929
-0.00154191
-0.00138602
-0.00122427
-0.00108293
-0.000914867
-0.000719474
-0.000489548
-0.000276659
-5.07416e-05
0.00015342
0.000401686
0.00066252
0.000939487
0.00120811
0.00145158
0.00173137
0.00195663
0.00226028
0.00248384
0.00276038
0.00302917
0.00323422
0.00360102
0.00389477
0.00422773
0.0191354
0.00260446
-0.00445676
-0.00436158
-0.00341382
-0.00314891
-0.00340368
-0.00378047
-0.00383174
-0.0034995
-0.00318296
-0.00309998
-0.00302408
-0.00282316
-0.00267406
-0.00263044
-0.00250894
-0.00227802
-0.00218183
-0.00239121
-0.00252643
-0.002329
-0.00205169
-0.00186163
-0.00169892
-0.00154157
-0.00138572
-0.00122399
-0.00108268
-0.000914642
-0.000719267
-0.000489356
-0.000276479
-5.05738e-05
0.000153576
0.000401828
0.000662654
0.000939611
0.00120823
0.00145169
0.00173148
0.00195673
0.00226037
0.00248392
0.00276045
0.00302924
0.00323428
0.00360108
0.00389483
0.0042278
0.0187142
0.00274174
-0.00435867
-0.00433267
-0.00340001
-0.00313944
-0.00339714
-0.00377595
-0.00382862
-0.00349726
-0.00318118
-0.00309852
-0.00302286
-0.00282206
-0.00267302
-0.0026295
-0.00250807
-0.00227718
-0.002181
-0.00239053
-0.00252595
-0.00232854
-0.00205121
-0.00186121
-0.00169855
-0.00154124
-0.00138541
-0.00122372
-0.00108243
-0.000914419
-0.000719061
-0.000489164
-0.0002763
-5.04075e-05
0.000153729
0.000401968
0.000662786
0.000939735
0.00120835
0.0014518
0.00173158
0.00195682
0.00226046
0.00248401
0.00276053
0.00302931
0.00323435
0.00360114
0.00389488
0.00422789
0.0182997
0.0028947
-0.00423742
-0.00429591
-0.00338262
-0.00312705
-0.00338814
-0.00376928
-0.0038239
-0.00349416
-0.00317903
-0.00309681
-0.00302146
-0.00282091
-0.002672
-0.00262855
-0.00250716
-0.00227624
-0.00218007
-0.00238979
-0.00252544
-0.00232804
-0.00205069
-0.00186075
-0.00169814
-0.00154087
-0.00138509
-0.00122342
-0.00108217
-0.000914183
-0.000718843
-0.000488961
-0.00027611
-5.02314e-05
0.00015389
0.000402115
0.000662926
0.000939865
0.00120847
0.00145191
0.00173169
0.00195692
0.00226055
0.00248409
0.00276061
0.00302939
0.00323441
0.0036012
0.00389494
0.004228
0.0178748
0.00305234
-0.00410369
-0.00425493
-0.00336278
-0.00311208
-0.00337665
-0.00376007
-0.00381701
-0.00348982
-0.00317634
-0.00309473
-0.00301975
-0.00281963
-0.002671
-0.00262764
-0.00250621
-0.00227523
-0.00217902
-0.00238893
-0.00252485
-0.00232748
-0.00205011
-0.00186023
-0.00169769
-0.00154046
-0.00138472
-0.00122309
-0.00108188
-0.000913927
-0.000718607
-0.000488741
-0.000275906
-5.00438e-05
0.000154061
0.000402271
0.000663074
0.000940005
0.0012086
0.00145203
0.0017318
0.00195702
0.00226065
0.00248419
0.0027607
0.00302948
0.00323448
0.00360127
0.00389499
0.00422814
0.0174398
0.00321112
-0.00396288
-0.00421227
-0.00334181
-0.00309542
-0.00336326
-0.00374857
-0.00380788
-0.00348405
-0.00317298
-0.00309216
-0.00301758
-0.00281809
-0.00266998
-0.00262679
-0.0025053
-0.0022742
-0.00217786
-0.00238791
-0.00252411
-0.00232681
-0.00204946
-0.00185966
-0.00169719
-0.00154
-0.0013843
-0.00122272
-0.00108156
-0.000913645
-0.000718348
-0.000488502
-0.000275686
-4.98426e-05
0.000154244
0.000402438
0.000663232
0.000940153
0.00120874
0.00145216
0.00173192
0.00195713
0.00226076
0.00248428
0.00276079
0.00302956
0.00323456
0.00360134
0.00389505
0.00422832
0.0169978
0.00336986
-0.0038165
-0.00416878
-0.00332048
-0.00307782
-0.00334874
-0.0037355
-0.00379688
-0.00347692
-0.00316893
-0.00308908
-0.00301487
-0.00281617
-0.0026688
-0.00262593
-0.00250447
-0.00227324
-0.00217666
-0.00238672
-0.00252317
-0.00232598
-0.0020487
-0.00185903
-0.00169662
-0.00153947
-0.00138382
-0.00122229
-0.00108118
-0.000913325
-0.000718057
-0.000488235
-0.000275444
-4.96235e-05
0.000154441
0.000402616
0.0006634
0.000940311
0.00120889
0.00145229
0.00173205
0.00195725
0.00226087
0.00248439
0.00276088
0.00302966
0.00323463
0.00360141
0.00389511
0.00422853
0.0165508
0.00352784
-0.00366429
-0.00412443
-0.00329915
-0.00305966
-0.00333355
-0.00372152
-0.0037846
-0.00346871
-0.00316429
-0.00308555
-0.00301165
-0.0028138
-0.00266731
-0.00262496
-0.00250371
-0.00227246
-0.00217553
-0.00238538
-0.00252197
-0.00232491
-0.00204781
-0.00185832
-0.00169599
-0.00153887
-0.00138326
-0.00122178
-0.00108075
-0.000912952
-0.000717724
-0.000487933
-0.000275171
-4.93798e-05
0.000154656
0.00040281
0.000663582
0.000940482
0.00120906
0.00145244
0.00173219
0.00195737
0.00226099
0.0024845
0.00276099
0.00302976
0.00323472
0.00360149
0.00389519
0.00422878
0.0160995
0.00368452
-0.00350546
-0.00407883
-0.00327793
-0.0030411
-0.00331788
-0.00370698
-0.00377152
-0.00345971
-0.00315917
-0.00308169
-0.00300804
-0.002811
-0.00266543
-0.00262372
-0.00250296
-0.00227193
-0.00217462
-0.00238401
-0.00252051
-0.00232355
-0.00204672
-0.00185751
-0.0016953
-0.0015382
-0.00138262
-0.00122118
-0.00108022
-0.000912504
-0.000717335
-0.000487584
-0.000274856
-4.91017e-05
0.000154896
0.000403022
0.000663779
0.000940666
0.00120923
0.0014526
0.00173233
0.00195751
0.00226112
0.00248462
0.00276109
0.00302987
0.0032348
0.00360157
0.00389528
0.00422908
0.0156446
0.00383938
-0.00333934
-0.0040316
-0.00325691
-0.0030222
-0.00330175
-0.00369202
-0.0037579
-0.00345014
-0.00315368
-0.00307759
-0.00300417
-0.00280787
-0.00266317
-0.00262215
-0.00250214
-0.00227169
-0.00217408
-0.00238278
-0.00251889
-0.00232186
-0.00204536
-0.00185658
-0.00169456
-0.00153749
-0.0013819
-0.00122047
-0.00107957
-0.000911959
-0.000716875
-0.000487179
-0.000274489
-4.87765e-05
0.00015517
0.000403258
0.000663993
0.000940866
0.00120942
0.00145277
0.0017325
0.00195765
0.00226126
0.00248475
0.00276121
0.00302999
0.0032349
0.00360166
0.0038954
0.00422944
0.0151874
0.00399179
-0.00316553
-0.00398239
-0.00323615
-0.003003
-0.00328519
-0.00367666
-0.00374385
-0.0034401
-0.00314789
-0.00307331
-0.00300013
-0.00280452
-0.0026606
-0.00262027
-0.00250121
-0.0022717
-0.002174
-0.00238187
-0.00251725
-0.00231988
-0.00204368
-0.00185546
-0.00169377
-0.00153675
-0.00138114
-0.00121969
-0.00107881
-0.00091129
-0.000716325
-0.00048671
-0.000274059
-4.83898e-05
0.00015549
0.000403522
0.000664225
0.000941081
0.00120962
0.00145295
0.00173267
0.00195781
0.00226141
0.00248489
0.00276134
0.00303013
0.00323501
0.00360176
0.00389555
0.00422987
0.0147292
0.00414095
-0.00298389
-0.00393084
-0.00321572
-0.00298352
-0.00326816
-0.0036609
-0.0037294
-0.00342967
-0.00314182
-0.00306887
-0.00299597
-0.00280105
-0.00265785
-0.00261815
-0.00250017
-0.00227196
-0.00217441
-0.0023814
-0.00251577
-0.0023177
-0.00204166
-0.00185411
-0.00169289
-0.00153601
-0.00138037
-0.00121885
-0.00107794
-0.00091048
-0.000715662
-0.00048617
-0.000273564
-4.79288e-05
0.000155872
0.000403825
0.000664478
0.000941313
0.00120984
0.00145315
0.00173286
0.00195799
0.00226158
0.00248506
0.00276149
0.00303029
0.00323513
0.00360187
0.00389574
0.00423038
0.0142713
0.00428588
-0.00279446
-0.00387654
-0.00319568
-0.00296382
-0.00325063
-0.00364472
-0.00371455
-0.00341885
-0.0031355
-0.00306427
-0.00299169
-0.00279749
-0.00265499
-0.00261589
-0.0024991
-0.00227247
-0.00217535
-0.00238143
-0.00251458
-0.00231546
-0.00203935
-0.00185251
-0.00169193
-0.00153527
-0.00137962
-0.001218
-0.00107699
-0.000909527
-0.000714866
-0.000485553
-0.000273006
-4.73868e-05
0.000156332
0.000404176
0.000664755
0.000941559
0.00121007
0.00145336
0.00173306
0.00195817
0.00226176
0.00248524
0.00276166
0.00303046
0.00323527
0.00360199
0.00389598
0.00423097
0.0138149
0.00442553
-0.00259738
-0.00381902
-0.0031761
-0.00294395
-0.00323255
-0.00362806
-0.0036993
-0.00340767
-0.00312893
-0.00305953
-0.00298729
-0.00279387
-0.00265212
-0.00261356
-0.00249806
-0.00227324
-0.00217681
-0.00238194
-0.00251373
-0.00231332
-0.00203686
-0.00185068
-0.00169086
-0.00153453
-0.00137889
-0.00121717
-0.001076
-0.00090845
-0.000713924
-0.00048485
-0.000272395
-4.67671e-05
0.000156883
0.000404592
0.000665059
0.000941817
0.00121032
0.00145359
0.00173327
0.00195837
0.00226195
0.00248544
0.00276185
0.00303066
0.00323543
0.00360212
0.00389628
0.00423167
0.0133611
0.00455881
-0.00239287
-0.00375773
-0.00315699
-0.002924
-0.00321386
-0.0036109
-0.00368365
-0.00339614
-0.00312211
-0.00305462
-0.00298277
-0.00279018
-0.00264926
-0.00261119
-0.00249706
-0.00227428
-0.00217879
-0.00238288
-0.00251316
-0.00231135
-0.00203433
-0.00184869
-0.0016897
-0.00153378
-0.00137818
-0.00121637
-0.00107501
-0.000907284
-0.000712834
-0.000484053
-0.000271744
-4.60835e-05
0.000157532
0.000405086
0.000665397
0.000942087
0.00121057
0.00145382
0.00173349
0.00195858
0.00226216
0.00248565
0.00276206
0.0030309
0.00323562
0.00360226
0.00389664
0.00423246
0.0129109
0.00468463
-0.00218127
-0.00369211
-0.00313835
-0.00290409
-0.00319454
-0.00359319
-0.00366756
-0.00338425
-0.00311503
-0.00304955
-0.00297809
-0.00278641
-0.00264645
-0.00260879
-0.00249611
-0.00227557
-0.00218127
-0.00238412
-0.00251271
-0.00230957
-0.00203189
-0.00184662
-0.00168849
-0.00153301
-0.00137748
-0.0012156
-0.00107403
-0.000906069
-0.000711618
-0.000483158
-0.000271062
-4.53568e-05
0.000158272
0.00040567
0.000665778
0.000942367
0.00121083
0.00145407
0.00173373
0.0019588
0.00226238
0.00248588
0.00276231
0.00303116
0.00323584
0.00360243
0.00389706
0.00423337
0.0124652
0.00480194
-0.00196295
-0.00362152
-0.00312017
-0.00288437
-0.00317458
-0.00357491
-0.00365103
-0.00337197
-0.00310768
-0.00304432
-0.00297326
-0.00278252
-0.00264367
-0.00260635
-0.00249516
-0.00227706
-0.00218412
-0.00238551
-0.00251216
-0.0023079
-0.00202966
-0.00184459
-0.00168725
-0.00153221
-0.00137674
-0.00121481
-0.00107305
-0.000904835
-0.000710313
-0.000482167
-0.000270359
-4.46076e-05
0.00015909
0.000406348
0.000666207
0.000942657
0.00121109
0.00145432
0.00173398
0.00195903
0.00226261
0.00248612
0.00276258
0.00303146
0.0032361
0.00360263
0.00389756
0.00423438
0.0120252
0.00490979
-0.0017384
-0.00354532
-0.00310238
-0.00286502
-0.00315401
-0.00355605
-0.00363404
-0.00335928
-0.00310002
-0.00303894
-0.00296824
-0.00277849
-0.00264092
-0.00260382
-0.00249414
-0.00227869
-0.00218728
-0.00238683
-0.00251118
-0.0023062
-0.00202766
-0.00184265
-0.00168601
-0.00153139
-0.00137597
-0.00121398
-0.00107204
-0.000903589
-0.000708961
-0.000481096
-0.000269638
-4.38497e-05
0.000159965
0.000407115
0.000666687
0.000942959
0.00121136
0.00145457
0.00173423
0.00195926
0.00226284
0.00248636
0.00276288
0.0030318
0.0032364
0.00360285
0.00389814
0.0042355
0.0115917
0.00500724
-0.0015082
-0.00346281
-0.0030849
-0.00284624
-0.0031329
-0.00353661
-0.00361658
-0.00334613
-0.00309202
-0.0030334
-0.00296304
-0.00277427
-0.00263812
-0.00260117
-0.00249299
-0.00228039
-0.00219059
-0.0023881
-0.00250945
-0.00230426
-0.00202589
-0.00184087
-0.00168481
-0.00153054
-0.00137514
-0.00121309
-0.00107099
-0.000902316
-0.000707603
-0.000479968
-0.000268904
-4.30872e-05
0.000160877
0.000407957
0.000667218
0.000943272
0.00121163
0.00145482
0.00173449
0.00195951
0.00226308
0.00248659
0.00276319
0.00303216
0.00323674
0.00360311
0.00389878
0.00423671
0.0111657
0.00509348
-0.001273
-0.00337323
-0.00306754
-0.00282825
-0.00311137
-0.00351659
-0.00359863
-0.00333246
-0.00308363
-0.0030277
-0.00295763
-0.00276982
-0.00263523
-0.00259835
-0.00249165
-0.00228206
-0.00219392
-0.00238846
-0.00250669
-0.00230186
-0.0020243
-0.00183926
-0.00168365
-0.00152965
-0.00137426
-0.00121213
-0.00106985
-0.000900985
-0.000706259
-0.00047881
-0.000268162
-4.23151e-05
0.000161814
0.000408858
0.000667795
0.000943597
0.0012119
0.00145507
0.00173476
0.00195976
0.00226333
0.00248682
0.00276351
0.00303256
0.00323712
0.0036034
0.0038995
0.00423802
0.0107481
0.00516776
-0.0010336
-0.00327584
-0.00305007
-0.00281128
-0.00308953
-0.003496
-0.00358016
-0.00331824
-0.00307482
-0.00302183
-0.00295201
-0.00276513
-0.00263218
-0.00259534
-0.00249007
-0.00228367
-0.00219715
-0.00238803
-0.00250268
-0.00229883
-0.0020228
-0.00183783
-0.00168252
-0.00152871
-0.00137331
-0.0012111
-0.00106861
-0.000899567
-0.00070493
-0.000477646
-0.000267413
-4.15224e-05
0.000162769
0.0004098
0.000668411
0.000943935
0.00121217
0.00145533
0.00173504
0.00196003
0.00226359
0.00248705
0.00276384
0.00303297
0.00323753
0.00360373
0.00390029
0.0042394
0.01034
0.00522951
-0.000790925
-0.00316993
-0.00303214
-0.00279552
-0.00306755
-0.00347483
-0.00356116
-0.00330345
-0.00306557
-0.00301575
-0.00294617
-0.00276018
-0.00262893
-0.00259215
-0.00248824
-0.00228516
-0.00220021
-0.00238673
-0.00249736
-0.0022951
-0.00202132
-0.00183654
-0.00168142
-0.00152772
-0.00137231
-0.00121001
-0.00106727
-0.000898039
-0.0007036
-0.000476489
-0.000266654
-4.0697e-05
0.000163746
0.000410772
0.000669062
0.000944286
0.00121246
0.0014556
0.00173532
0.0019603
0.00226387
0.00248727
0.00276417
0.0030334
0.00323797
0.00360409
0.00390113
0.00424086
0.00994206
0.00527828
-0.00054598
-0.00305488
-0.00301337
-0.0027812
-0.00304561
-0.0034531
-0.0035416
-0.00328809
-0.00305587
-0.00300944
-0.00294009
-0.00275496
-0.00262545
-0.00258878
-0.00248617
-0.00228652
-0.00220305
-0.00238457
-0.00249084
-0.00229068
-0.00201982
-0.00183539
-0.00168034
-0.00152669
-0.00137126
-0.00120887
-0.00106583
-0.000896392
-0.000702241
-0.000475341
-0.000265875
-3.98277e-05
0.000164753
0.00041177
0.000669747
0.000944652
0.00121275
0.00145588
0.00173562
0.00196058
0.00226416
0.0024875
0.00276452
0.00303385
0.00323845
0.00360447
0.00390203
0.00424238
0.00955448
0.00531348
-0.000299903
-0.00292999
-0.00299315
-0.00276848
-0.00302396
-0.00343086
-0.00352146
-0.00327215
-0.0030457
-0.00300286
-0.00293377
-0.00274947
-0.00262174
-0.00258528
-0.00248391
-0.00228772
-0.00220569
-0.00238165
-0.00248328
-0.00228566
-0.00201827
-0.00183432
-0.00167927
-0.0015256
-0.00137017
-0.00120768
-0.00106429
-0.000894628
-0.000700828
-0.000474193
-0.000265065
-3.89067e-05
0.000165796
0.000412795
0.000670468
0.000945037
0.00121307
0.00145617
0.00173593
0.00196088
0.00226446
0.00248774
0.00276488
0.0030343
0.00323894
0.00360487
0.00390297
0.00424395
0.00917907
0.00533477
-5.4396e-05
-0.00279501
-0.00297079
-0.00275738
-0.00300279
-0.00340811
-0.00350071
-0.00325561
-0.00303508
-0.00299601
-0.00292722
-0.00274371
-0.00261782
-0.00258166
-0.00248147
-0.00228879
-0.00220815
-0.00237814
-0.00247495
-0.00228018
-0.00201666
-0.00183331
-0.00167818
-0.00152447
-0.00136903
-0.00120645
-0.00106266
-0.000892757
-0.00069934
-0.00047303
-0.000264206
-3.793e-05
0.000166886
0.000413855
0.000671226
0.000945443
0.00121339
0.00145647
0.00173625
0.00196118
0.00226477
0.00248798
0.00276526
0.00303477
0.00323946
0.0036053
0.00390395
0.00424557
0.00881755
0.00534303
0.000189274
-0.00265003
-0.00294575
-0.00274807
-0.0029824
-0.00338496
-0.00347932
-0.00323844
-0.00302396
-0.00298885
-0.00292044
-0.00273769
-0.00261367
-0.00257794
-0.00247888
-0.00228975
-0.00221048
-0.00237422
-0.00246609
-0.00227437
-0.00201498
-0.00183233
-0.00167708
-0.0015233
-0.00136784
-0.00120518
-0.00106095
-0.00089079
-0.000697764
-0.000471833
-0.000263288
-3.68974e-05
0.000168026
0.000414954
0.000672025
0.000945874
0.00121374
0.0014568
0.00173659
0.0019615
0.00226509
0.00248824
0.00276567
0.00303526
0.00323999
0.00360574
0.00390495
0.00424723
0.00846918
0.00533861
0.000430123
-0.00249462
-0.00291706
-0.00274051
-0.00296319
-0.00336161
-0.00345735
-0.00322067
-0.00301236
-0.00298136
-0.00291339
-0.0027314
-0.00260931
-0.00257413
-0.00247618
-0.00229061
-0.00221269
-0.00237004
-0.00245689
-0.00226834
-0.00201323
-0.00183135
-0.00167593
-0.00152209
-0.00136661
-0.00120385
-0.00105916
-0.00088874
-0.000696098
-0.000470586
-0.0002623
-3.58115e-05
0.000169219
0.0004161
0.000672866
0.000946334
0.00121411
0.00145713
0.00173694
0.00196184
0.00226542
0.0024885
0.00276609
0.00303576
0.00324054
0.0036062
0.00390598
0.00424894
0.00813357
0.00532124
0.000665452
-0.00232953
-0.00288354
-0.00273415
-0.00294509
-0.00333794
-0.00343466
-0.00320223
-0.00300029
-0.00297357
-0.00290609
-0.00272481
-0.00260473
-0.00257021
-0.00247335
-0.00229142
-0.00221481
-0.00236569
-0.00244749
-0.00226216
-0.00201142
-0.00183036
-0.00167475
-0.00152084
-0.00136533
-0.00120247
-0.0010573
-0.000886616
-0.000694342
-0.000469278
-0.000261237
-3.46765e-05
0.000170465
0.000417294
0.000673747
0.000946823
0.00121449
0.00145749
0.00173731
0.0019622
0.00226575
0.00248878
0.00276655
0.00303628
0.00324111
0.00360668
0.00390703
0.00425069
0.00780997
0.0052924
0.000894607
-0.00215527
-0.00284439
-0.00272924
-0.00292888
-0.00331448
-0.00341132
-0.00318303
-0.00298765
-0.00296543
-0.00289854
-0.00271797
-0.00259994
-0.00256619
-0.0024704
-0.00229216
-0.00221683
-0.00236123
-0.00243795
-0.00225587
-0.00200952
-0.00182934
-0.00167352
-0.00151955
-0.001364
-0.00120104
-0.00105537
-0.000884425
-0.000692502
-0.0004679
-0.0002601
-3.34964e-05
0.000171765
0.000418539
0.000674665
0.000947344
0.0012149
0.00145785
0.0017377
0.00196257
0.00226608
0.00248906
0.00276703
0.00303681
0.0032417
0.00360718
0.0039081
0.00425248
0.00750059
0.00525318
0.00111548
-0.00197318
-0.00279871
-0.00272511
-0.00291458
-0.0032915
-0.00338757
-0.0031632
-0.00297446
-0.00295689
-0.00289066
-0.00271084
-0.00259495
-0.00256206
-0.00246733
-0.00229284
-0.00221875
-0.00235666
-0.00242829
-0.00224946
-0.00200754
-0.00182829
-0.00167223
-0.00151822
-0.00136262
-0.00119954
-0.00105337
-0.000882171
-0.000690585
-0.000466448
-0.000258891
-3.2274e-05
0.000173115
0.000419832
0.000675619
0.000947896
0.00121533
0.00145823
0.0017381
0.00196296
0.00226643
0.00248936
0.00276754
0.00303737
0.00324232
0.00360769
0.00390919
0.00425431
0.00720826
0.00520482
0.00132521
-0.00178543
-0.00274604
-0.00272099
-0.00290186
-0.00326869
-0.0033631
-0.00314261
-0.0029608
-0.00294806
-0.0028825
-0.00270338
-0.00258969
-0.00255778
-0.00246414
-0.00229347
-0.00222056
-0.00235199
-0.00241852
-0.00224294
-0.00200546
-0.0018272
-0.0016709
-0.00151684
-0.00136118
-0.00119797
-0.00105131
-0.000879854
-0.000688593
-0.00046492
-0.000257612
-3.101e-05
0.000174517
0.000421173
0.000676606
0.000948479
0.00121577
0.00145863
0.00173853
0.00196338
0.00226678
0.00248968
0.00276808
0.00303795
0.00324295
0.00360822
0.0039103
0.00425619
0.00693125
0.00515075
0.00152683
-0.00159037
-0.00268508
-0.00271747
-0.00289227
-0.00324743
-0.00333838
-0.00312114
-0.00294643
-0.00293885
-0.00287412
-0.00269572
-0.00258425
-0.00255337
-0.00246083
-0.00229405
-0.00222227
-0.00234719
-0.00240863
-0.00223631
-0.00200326
-0.00182606
-0.0016695
-0.0015154
-0.00135968
-0.00119635
-0.00104919
-0.000877476
-0.000686532
-0.000463318
-0.000256268
-2.97033e-05
0.000175969
0.000422562
0.000677626
0.000949091
0.00121624
0.00145903
0.00173897
0.00196382
0.00226715
0.00249
0.00276864
0.00303856
0.00324361
0.00360878
0.00391143
0.0042581
0.0066675
0.00508988
0.00171635
-0.00139059
-0.00261426
-0.00271136
-0.00288387
-0.00322717
-0.00331348
-0.00309887
-0.00293128
-0.00292907
-0.0028653
-0.00268771
-0.00257861
-0.00254885
-0.00245742
-0.00229455
-0.00222382
-0.00234224
-0.0023986
-0.00222957
-0.00200095
-0.00182486
-0.00166803
-0.00151389
-0.00135812
-0.00119465
-0.001047
-0.000875034
-0.000684401
-0.000461642
-0.000254861
-2.83509e-05
0.000177471
0.000423997
0.00067868
0.000949733
0.00121674
0.00145946
0.00173944
0.00196427
0.00226754
0.00249035
0.00276923
0.00303918
0.0032443
0.00360936
0.00391258
0.00426007
0.00641312
0.00502329
0.0018911
-0.0011903
-0.00253555
-0.00270371
-0.00287722
-0.00320811
-0.0032884
-0.00307586
-0.00291559
-0.00291898
-0.00285615
-0.00267928
-0.00257259
-0.00254411
-0.00245388
-0.00229498
-0.00222526
-0.00233713
-0.00238845
-0.00222269
-0.0019985
-0.00182358
-0.00166649
-0.00151231
-0.00135648
-0.00119288
-0.00104473
-0.000872525
-0.000682202
-0.000459895
-0.000253393
-2.69484e-05
0.000179026
0.000425479
0.000679768
0.000950404
0.00121725
0.0014599
0.00173994
0.00196475
0.00226795
0.00249071
0.00276984
0.00303984
0.00324502
0.00360996
0.00391374
0.00426207
0.00616836
0.00495553
0.00205457
-0.000988939
-0.0024499
-0.00269603
-0.00287445
-0.00319219
-0.00326401
-0.003052
-0.00289905
-0.00290853
-0.00284692
-0.00267077
-0.00256647
-0.00253928
-0.00245025
-0.00229534
-0.00222656
-0.00233193
-0.00237819
-0.0022157
-0.00199592
-0.00182223
-0.00166487
-0.00151065
-0.00135478
-0.00119104
-0.0010424
-0.000869948
-0.000679935
-0.000458079
-0.000251866
-2.54926e-05
0.000180634
0.000427009
0.000680891
0.000951105
0.00121779
0.00146037
0.00174046
0.00196525
0.00226839
0.00249109
0.00277048
0.00304052
0.00324577
0.00361058
0.00391492
0.00426412
0.0059331
0.00488365
0.00220497
-0.000786183
-0.00235201
-0.00268084
-0.00287034
-0.00317753
-0.00324005
-0.00302723
-0.00288133
-0.00289727
-0.00283713
-0.00266182
-0.00256009
-0.00253431
-0.00244651
-0.00229558
-0.00222769
-0.00232654
-0.00236783
-0.0022086
-0.00199322
-0.00182079
-0.00166315
-0.00150891
-0.001353
-0.00118912
-0.00103999
-0.000867296
-0.000677597
-0.000456196
-0.000250281
-2.39793e-05
0.000182297
0.000428586
0.000682051
0.000951834
0.00121835
0.00146085
0.001741
0.00196577
0.00226885
0.00249149
0.00277115
0.00304123
0.00324655
0.00361122
0.00391611
0.00426622
0.00570886
0.00481204
0.00234253
-0.000587479
-0.00224805
-0.00266178
-0.002867
-0.00316512
-0.00321722
-0.00300207
-0.0028629
-0.00288553
-0.0028269
-0.00265237
-0.00255323
-0.00252902
-0.00244258
-0.0022957
-0.00222872
-0.00232102
-0.0023574
-0.00220136
-0.00199034
-0.00181923
-0.00166134
-0.00150707
-0.00135113
-0.00118712
-0.0010375
-0.000864562
-0.000675183
-0.000454244
-0.000248636
-2.24039e-05
0.000184017
0.000430213
0.000683251
0.000952595
0.00121894
0.00146136
0.00174157
0.00196631
0.00226934
0.00249191
0.00277185
0.00304196
0.00324736
0.0036119
0.00391731
0.00426837
0.00550316
0.00474596
0.00246813
-0.000396028
-0.00214196
-0.0026414
-0.00286671
-0.00315687
-0.0031966
-0.00297651
-0.00284341
-0.00287339
-0.00281678
-0.00264307
-0.00254646
-0.00252379
-0.00243866
-0.00229568
-0.00222954
-0.00231547
-0.00234693
-0.00219403
-0.00198734
-0.00181757
-0.00165945
-0.00150517
-0.0013492
-0.00118505
-0.00103493
-0.000861751
-0.000672696
-0.000452226
-0.000246934
-2.07666e-05
0.000185796
0.000431892
0.000684493
0.000953386
0.00121956
0.00146189
0.00174217
0.00196688
0.00226986
0.00249235
0.00277257
0.00304273
0.00324821
0.00361259
0.00391852
0.00427056
0.00531491
0.00467859
0.00258184
-0.000206137
-0.00202456
-0.00260935
-0.00286147
-0.00314895
-0.0031773
-0.00295041
-0.00282239
-0.00286015
-0.00280599
-0.00263322
-0.00253924
-0.00251825
-0.00243453
-0.00229551
-0.00223021
-0.00230979
-0.00233644
-0.00218661
-0.00198421
-0.00181579
-0.00165744
-0.00150317
-0.00134718
-0.00118289
-0.00103227
-0.000858855
-0.000670133
-0.000450142
-0.000245171
-1.90639e-05
0.000187633
0.000433623
0.000685778
0.000954211
0.00122021
0.00146245
0.00174279
0.00196746
0.0022704
0.00249281
0.00277333
0.00304352
0.00324909
0.00361331
0.00391973
0.00427281
0.0051446
0.00461647
0.00268424
-2.48005e-05
-0.00190541
-0.0025722
-0.00285487
-0.00314345
-0.00316082
-0.00292476
-0.00280034
-0.00284595
-0.00279455
-0.00262277
-0.00253144
-0.00251231
-0.00243021
-0.00229521
-0.00223079
-0.00230408
-0.00232593
-0.00217904
-0.00198089
-0.00181385
-0.00165533
-0.00150107
-0.00134506
-0.00118063
-0.00102951
-0.000855861
-0.000667478
-0.000447978
-0.000243341
-1.72905e-05
0.000189536
0.000435411
0.000687109
0.000955072
0.00122089
0.00146303
0.00174344
0.00196807
0.00227097
0.0024933
0.00277413
0.00304434
0.00325002
0.00361406
0.00392096
0.0042751
0.00500007
0.00456508
0.00277477
0.000142978
-0.00178991
-0.00253371
-0.00284949
-0.00314229
-0.00314855
-0.00290021
-0.00277732
-0.00283116
-0.00278333
-0.00261269
-0.00252397
-0.00250669
-0.00242605
-0.00229471
-0.00223109
-0.0022983
-0.00231542
-0.00217141
-0.00197746
-0.00181183
-0.00165317
-0.00149892
-0.00134287
-0.00117831
-0.00102668
-0.000852789
-0.000664746
-0.000445744
-0.00024145
-1.54513e-05
0.000191501
0.000437254
0.000688487
0.000955968
0.0012216
0.00146363
0.00174412
0.0019687
0.00227158
0.00249382
0.00277495
0.0030452
0.00325098
0.00361484
0.00392218
0.00427744
0.00488266
0.00451995
0.00285623
0.000307471
-0.00166586
-0.00248228
-0.00283507
-0.00313864
-0.00313776
-0.00287611
-0.00275292
-0.00281501
-0.00277134
-0.00260193
-0.00251578
-0.00250053
-0.00242152
-0.0022939
-0.0022312
-0.00229249
-0.00230496
-0.00216372
-0.00197388
-0.00180965
-0.00165086
-0.00149664
-0.00134057
-0.00117587
-0.00102375
-0.000849624
-0.00066193
-0.000443434
-0.00023949
-1.35407e-05
0.00019353
0.000439155
0.000689914
0.000956904
0.00122234
0.00146427
0.00174483
0.00196936
0.00227221
0.00249437
0.00277582
0.00304608
0.00325198
0.00361564
0.00392341
0.00427984
0.00478594
0.00448325
0.00292684
0.00046188
-0.00154349
-0.00242711
-0.00281728
-0.00313615
-0.00313109
-0.00285403
-0.00272738
-0.00279707
-0.00275819
-0.00259048
-0.00250707
-0.00249403
-0.00241686
-0.00229306
-0.00223127
-0.00228667
-0.0022945
-0.00215585
-0.00197009
-0.00180731
-0.00164845
-0.00149426
-0.00133815
-0.00117332
-0.0010207
-0.000846346
-0.000659006
-0.000441025
-0.000237449
-1.15501e-05
0.000195633
0.000441121
0.000691395
0.000957881
0.00122313
0.00146493
0.00174557
0.00197004
0.00227288
0.00249494
0.00277673
0.003047
0.00325302
0.00361647
0.00392464
0.00428228
0.00471633
0.00445618
0.00298284
0.000599894
-0.00142877
-0.00237281
-0.00279866
-0.00313596
-0.00312936
-0.00283522
-0.00270166
-0.00277828
-0.0027451
-0.00257957
-0.00249897
-0.00248792
-0.00241223
-0.00229205
-0.00223113
-0.00228074
-0.00228408
-0.00214799
-0.00196623
-0.0018049
-0.001646
-0.00149183
-0.00133567
-0.00117069
-0.00101758
-0.000842994
-0.000656002
-0.000438541
-0.00023534
-9.49021e-06
0.000197801
0.000443145
0.000692926
0.000958898
0.00122394
0.00146562
0.00174634
0.00197075
0.00227359
0.00249555
0.00277768
0.00304796
0.00325411
0.00361733
0.00392586
0.00428478
0.00470064
0.00444333
0.0030301
0.00073185
-0.00131081
-0.00231014
-0.00276992
-0.00313002
-0.00312845
-0.00281876
-0.00267578
-0.0027582
-0.00273112
-0.00256788
-0.00248999
-0.00248105
-0.00240712
-0.00229054
-0.00223046
-0.00227483
-0.00227376
-0.00214005
-0.00196217
-0.00180227
-0.00164336
-0.00148923
-0.00133304
-0.00116794
-0.00101433
-0.000839534
-0.000652902
-0.000435968
-0.000233151
-7.34975e-06
0.000200041
0.000445232
0.000694513
0.000959961
0.0012248
0.00146634
0.00174715
0.00197149
0.00227434
0.00249619
0.00277867
0.00304895
0.00325524
0.00361823
0.00392707
0.00428733
0.00472316
0.0044486
0.00307473
0.000858188
-0.00119424
-0.00224604
-0.00273643
-0.00312197
-0.0031312
-0.00280621
-0.00264965
-0.00273584
-0.00271529
-0.0025551
-0.00248045
-0.00247416
-0.00240221
-0.00228908
-0.0022299
-0.00226895
-0.00226341
-0.00213193
-0.0019579
-0.00179949
-0.00164064
-0.00148655
-0.00133031
-0.00116506
-0.00101097
-0.000835961
-0.000649685
-0.000433285
-0.000230869
-5.12029e-06
0.000202363
0.000447392
0.00069616
0.000961072
0.0012257
0.0014671
0.00174799
0.00197226
0.00227512
0.00249686
0.00277971
0.00304998
0.00325642
0.00361915
0.00392828
0.00428993
0.00473432
0.00445985
0.0031108
0.000970249
-0.00108656
-0.00218646
-0.00270159
-0.0031118
-0.00313618
-0.00279729
-0.00262451
-0.00271281
-0.00269919
-0.00254265
-0.00247142
-0.00246756
-0.00239716
-0.00228723
-0.00222901
-0.00226294
-0.00225321
-0.0021239
-0.0019536
-0.00179663
-0.00163783
-0.00148376
-0.00132746
-0.00116209
-0.00100752
-0.000832299
-0.000646376
-0.000430515
-0.000228511
-2.81322e-06
0.000204756
0.000449612
0.000697859
0.000962226
0.00122664
0.00146789
0.00174888
0.00197306
0.00227595
0.00249757
0.0027808
0.00305105
0.00325765
0.00362012
0.00392947
0.00429259
0.00471038
0.00446636
0.00313855
0.0010724
-0.000982457
-0.002128
-0.00266176
-0.0030949
-0.00314081
-0.00279268
-0.00260187
-0.00268939
-0.00268194
-0.00252917
-0.0024614
-0.00246019
-0.00239172
-0.00228517
-0.00222792
-0.00225697
-0.0022431
-0.00211574
-0.00194903
-0.00179353
-0.00163484
-0.00148083
-0.00132448
-0.00115899
-0.00100395
-0.00082853
-0.000642964
-0.000427648
-0.000226067
-4.22334e-07
0.000207227
0.000451904
0.000699623
0.000963433
0.00122762
0.00146871
0.00174981
0.0019739
0.00227683
0.00249832
0.00278193
0.00305216
0.00325893
0.00362112
0.00393065
0.00429529
0.00465002
0.00447185
0.00316741
0.00117037
-0.000878885
-0.00206973
-0.00261926
-0.00307363
-0.00314662
-0.0027927
-0.00258072
-0.00266402
-0.00266255
-0.00251438
-0.00245086
-0.00245298
-0.00238659
-0.00228302
-0.00222651
-0.00225083
-0.00223291
-0.00210746
-0.00194431
-0.00179031
-0.00163178
-0.00147781
-0.00132139
-0.00115576
-0.00100025
-0.000824644
-0.000639436
-0.000424665
-0.000223518
2.07034e-06
0.00020979
0.000454273
0.000701452
0.000964693
0.00122866
0.00146958
0.00175078
0.00197476
0.00227775
0.00249911
0.00278312
0.00305331
0.00326025
0.00362216
0.00393182
0.00429804
0.00457235
0.00448166
0.00319856
0.00126232
-0.000778516
-0.00201563
-0.00257845
-0.00304802
-0.0031502
-0.00279469
-0.00256128
-0.00263875
-0.00264302
-0.00249957
-0.00244022
-0.00244557
-0.00238107
-0.00228033
-0.00222474
-0.00224475
-0.00222301
-0.0020993
-0.00193951
-0.00178691
-0.00162853
-0.00147461
-0.00131812
-0.00115238
-0.000996423
-0.000820647
-0.000635789
-0.000421571
-0.000220875
4.65017e-06
0.000212426
0.000456707
0.000703343
0.000966005
0.00122975
0.00147048
0.0017518
0.00197567
0.00227872
0.00249994
0.00278437
0.00305451
0.00326162
0.00362325
0.00393296
0.00430084
0.00448586
0.00449149
0.00322896
0.00134563
-0.000682919
-0.00196524
-0.00253759
-0.00301587
-0.00315084
-0.00280063
-0.00254628
-0.00261465
-0.00262258
-0.00248323
-0.00242819
-0.00243746
-0.0023755
-0.00227774
-0.002223
-0.00223872
-0.00221309
-0.00209092
-0.00193441
-0.00178329
-0.00162513
-0.00147129
-0.00131475
-0.00114889
-0.000992486
-0.000816543
-0.000632039
-0.000418385
-0.000218149
7.32163e-06
0.000215155
0.000459223
0.000705305
0.000967377
0.00123089
0.00147142
0.00175286
0.00197661
0.00227975
0.00250081
0.00278567
0.00305576
0.00326304
0.00362438
0.00393408
0.00430368
0.00439583
0.00449766
0.00325607
0.00142045
-0.000588506
-0.00191471
-0.00249845
-0.00298071
-0.00315006
-0.00280997
-0.00253433
-0.00259015
-0.00260054
-0.00246566
-0.00241567
-0.00242956
-0.00237022
-0.00227488
-0.00222067
-0.00223236
-0.00220316
-0.00208255
-0.00192925
-0.00177957
-0.00162164
-0.00146787
-0.00131124
-0.00114525
-0.000988408
-0.000812322
-0.00062817
-0.000415069
-0.0002153
1.01064e-05
0.00021798
0.000461817
0.000707335
0.000968806
0.00123208
0.00147241
0.00175398
0.00197759
0.00228083
0.00250173
0.00278703
0.00305707
0.0032645
0.00362556
0.00393518
0.00430657
0.00430374
0.00449691
0.00328109
0.00149045
-0.000494796
-0.00186696
-0.00246505
-0.00294333
-0.00314489
-0.00281979
-0.0025247
-0.00256658
-0.00257874
-0.00244795
-0.00240251
-0.00242091
-0.00236429
-0.00227153
-0.00221818
-0.00222628
-0.00219358
-0.00207425
-0.00192391
-0.00177563
-0.00161795
-0.00146425
-0.00130754
-0.00114146
-0.000984208
-0.000807973
-0.000624154
-0.000411625
-0.000212352
1.29804e-05
0.000220888
0.000464491
0.00070944
0.000970297
0.00123334
0.00147344
0.00175515
0.00197861
0.00228197
0.0025027
0.00278845
0.00305843
0.00326601
0.0036268
0.00393626
0.00430949
0.0042112
0.00449215
0.00330684
0.0015542
-0.000405831
-0.00182178
-0.00243557
-0.00290272
-0.00313465
-0.00283072
-0.00251917
-0.0025453
-0.00255707
-0.00242896
-0.00238773
-0.00241139
-0.0023584
-0.00226838
-0.0022157
-0.00222012
-0.00218393
-0.00206578
-0.00191838
-0.00177151
-0.00161409
-0.00146048
-0.0013037
-0.0011375
-0.000979841
-0.000803494
-0.000620028
-0.000408084
-0.000209306
1.59655e-05
0.000223897
0.00046725
0.000711626
0.000971855
0.00123466
0.00147452
0.00175639
0.00197967
0.00228317
0.00250372
0.00278993
0.00305984
0.00326757
0.0036281
0.00393731
0.00431245
0.00412348
0.00448532
0.00332957
0.0016086
-0.000320511
-0.00177549
-0.00240984
-0.00286182
-0.00312069
-0.00284275
-0.00251707
-0.00252534
-0.00253498
-0.00240904
-0.00237216
-0.00240168
-0.00235255
-0.00226493
-0.00221268
-0.00221379
-0.0021744
-0.00205735
-0.00191267
-0.00176717
-0.00161009
-0.00145658
-0.00129971
-0.00113339
-0.000975363
-0.000798934
-0.000615784
-0.00040439
-0.000206124
1.90661e-05
0.000227008
0.000470093
0.000713889
0.000973483
0.00123604
0.00147565
0.00175767
0.00198078
0.00228443
0.00250479
0.00279148
0.00306133
0.00326917
0.00362945
0.00393834
0.00431543
0.00404051
0.00447614
0.00334807
0.0016547
-0.000238577
-0.00172813
-0.00238881
-0.00282222
-0.00310271
-0.00285411
-0.00251709
-0.00250686
-0.00251369
-0.0023892
-0.00235589
-0.00239113
-0.00234603
-0.00226097
-0.0022095
-0.00220766
-0.00216511
-0.00204888
-0.00190679
-0.00176268
-0.00160593
-0.00145248
-0.00129553
-0.00112915
-0.000970738
-0.000794202
-0.00061138
-0.000400573
-0.000202833
2.22719e-05
0.000230217
0.000473027
0.000716232
0.000975179
0.00123749
0.00147684
0.00175902
0.00198193
0.00228577
0.00250593
0.00279309
0.00306288
0.00327081
0.00363087
0.00393935
0.00431845
0.00395997
0.00446431
0.00336139
0.00169302
-0.000160267
-0.00167915
-0.00237248
-0.00278527
-0.00308048
-0.00286397
-0.00251967
-0.00249104
-0.00249377
-0.00236912
-0.0023382
-0.00237935
-0.00233912
-0.00225697
-0.00220625
-0.00220153
-0.00215589
-0.00204045
-0.00190082
-0.00175799
-0.00160156
-0.00144823
-0.00129121
-0.00112468
-0.000965907
-0.000789321
-0.000606845
-0.000396642
-0.000199424
2.56062e-05
0.000233531
0.000476048
0.000718664
0.000976948
0.00123902
0.00147809
0.00176045
0.00198313
0.00228718
0.00250713
0.00279477
0.0030645
0.00327249
0.00363236
0.00394035
0.00432148
0.00387864
0.00444827
0.0033707
0.00172451
-8.80559e-05
-0.00163026
-0.00236055
-0.00275128
-0.00305443
-0.0028727
-0.00252495
-0.00247732
-0.00247469
-0.00234886
-0.00231952
-0.00236694
-0.00233211
-0.00225268
-0.00220254
-0.00219534
-0.00214692
-0.00203205
-0.0018946
-0.00175306
-0.00159703
-0.00144379
-0.00128666
-0.00112005
-0.000960988
-0.000784374
-0.000602174
-0.000392548
-0.000195894
2.90517e-05
0.000236964
0.000479168
0.000721186
0.0009788
0.00124062
0.00147939
0.00176194
0.00198439
0.00228865
0.0025084
0.00279652
0.0030662
0.0032742
0.00363392
0.00394133
0.00432453
0.00379179
0.0044295
0.00337818
0.00174783
-2.37594e-05
-0.00157952
-0.00235026
-0.00272143
-0.00302628
-0.00287984
-0.00253166
-0.00246513
-0.00245689
-0.00232926
-0.00230037
-0.00235377
-0.00232443
-0.00224774
-0.00219857
-0.00218934
-0.00213815
-0.00202361
-0.00188825
-0.00174798
-0.00159227
-0.00143911
-0.00128196
-0.0011153
-0.0009559
-0.000779234
-0.000597343
-0.000388316
-0.000192228
3.2611e-05
0.000240503
0.000482397
0.000723801
0.000980729
0.0012423
0.00148076
0.0017635
0.0019857
0.00229021
0.00250975
0.00279833
0.00306798
0.00327595
0.00363555
0.00394229
0.00432758
0.00369673
0.00440789
0.00338158
0.00176246
3.33963e-05
-0.0015267
-0.00234224
-0.00269759
-0.00299617
-0.00288415
-0.0025396
-0.00245496
-0.002441
-0.00231075
-0.00228047
-0.00233929
-0.00231607
-0.00224251
-0.0021944
-0.00218332
-0.00212955
-0.0020153
-0.00188179
-0.00174266
-0.00158734
-0.0014343
-0.00127706
-0.00111028
-0.000950606
-0.000773961
-0.000592375
-0.000383944
-0.000188405
3.6324e-05
0.000244142
0.000485716
0.000726524
0.000982745
0.00124406
0.0014822
0.00176514
0.00198708
0.00229185
0.00251118
0.00280021
0.00306985
0.00327773
0.00363726
0.00394326
0.00433065
0.0035953
0.00438178
0.00338195
0.00177093
8.19742e-05
-0.00147446
-0.00233592
-0.0026792
-0.00296479
-0.00288618
-0.00254908
-0.00244669
-0.00242677
-0.00229326
-0.00225985
-0.00232388
-0.00230758
-0.00223692
-0.00218953
-0.00217723
-0.00212135
-0.0020071
-0.0018751
-0.00173713
-0.00158227
-0.00142928
-0.00127191
-0.00110506
-0.000945189
-0.000768577
-0.000587239
-0.000379409
-0.00018447
4.01669e-05
0.000247919
0.000489119
0.000729331
0.000984862
0.00124592
0.00148371
0.00176686
0.00198851
0.00229357
0.00251269
0.00280217
0.00307181
0.00327955
0.00363905
0.00394423
0.0043337
0.00348849
0.00434928
0.00337998
0.0017731
0.000120121
-0.00142301
-0.00232913
-0.00266678
-0.00293389
-0.00288576
-0.0025595
-0.00243988
-0.00241384
-0.00227712
-0.00223931
-0.00230774
-0.00229837
-0.00223063
-0.00218428
-0.00217124
-0.00211338
-0.00199896
-0.00186837
-0.00173147
-0.0015769
-0.00142397
-0.0012666
-0.0010997
-0.00093957
-0.000762995
-0.000581961
-0.000374748
-0.000180397
4.41253e-05
0.000251829
0.000492667
0.000732237
0.00098706
0.00124787
0.0014853
0.00176866
0.00199001
0.00229537
0.0025143
0.0028042
0.00307388
0.00328139
0.00364091
0.00394521
0.00433675
0.00337174
0.00430798
0.00337462
0.00176975
0.000148371
-0.00137307
-0.00232141
-0.00266046
-0.00290424
-0.00288257
-0.00257062
-0.00243449
-0.00240229
-0.002263
-0.00221907
-0.00229037
-0.00228842
-0.00222414
-0.00217864
-0.00216496
-0.00210556
-0.00199111
-0.00186159
-0.00172551
-0.00157129
-0.00141846
-0.0012611
-0.00109413
-0.000933778
-0.000757276
-0.000576521
-0.00036992
-0.00017615
4.82452e-05
0.000255843
0.000496338
0.000735286
0.000989339
0.00124988
0.00148697
0.00177056
0.0019916
0.00229727
0.002516
0.00280628
0.00307605
0.00328327
0.00364284
0.0039462
0.00433979
0.0032467
0.00425932
0.00336729
0.00176363
0.000166975
-0.00132683
-0.00231257
-0.00265998
-0.0028773
-0.00287707
-0.00258205
-0.00243049
-0.00239218
-0.00225087
-0.00219911
-0.00227209
-0.00227824
-0.00221729
-0.00217211
-0.00215854
-0.00209823
-0.00198338
-0.00185458
-0.00171943
-0.00156562
-0.00141275
-0.00125526
-0.0010883
-0.00092786
-0.000751405
-0.000570861
-0.000364896
-0.000171773
5.25083e-05
0.000259993
0.000500075
0.00073843
0.000991763
0.001252
0.00148871
0.00177255
0.00199327
0.00229926
0.00251781
0.00280844
0.00307831
0.00328519
0.00364487
0.00394721
0.00434281
0.00311859
0.00420375
0.00335608
0.00175358
0.000174502
-0.0012862
-0.002302
-0.00266491
-0.00285397
-0.00286897
-0.00259365
-0.00242815
-0.00238314
-0.00224063
-0.00218013
-0.00225322
-0.00226729
-0.00221002
-0.0021652
-0.0021519
-0.002091
-0.00197579
-0.00184761
-0.00171328
-0.00155966
-0.00140669
-0.00124922
-0.00108227
-0.000921724
-0.000745386
-0.000565091
-0.000359723
-0.000167216
5.68997e-05
0.000264272
0.00050396
0.000741674
0.00099429
0.00125427
0.00149055
0.0017746
0.00199501
0.00230134
0.00251974
0.00281069
0.00308069
0.00328713
0.00364697
0.00394827
0.00434581
0.00298785
0.00413806
0.00333831
0.00174062
0.000173278
-0.00125149
-0.00228925
-0.0026742
-0.00283532
-0.00285905
-0.00260556
-0.00242751
-0.00237455
-0.0022323
-0.00216266
-0.00223358
-0.00225551
-0.00220276
-0.0021579
-0.00214458
-0.00208384
-0.00196869
-0.00184066
-0.00170678
-0.00155347
-0.00140049
-0.00124298
-0.001076
-0.000915375
-0.000739198
-0.000559171
-0.0003544
-0.000162474
6.14945e-05
0.000268687
0.000507984
0.000745069
0.000996889
0.0012566
0.00149253
0.00177679
0.00199682
0.00230351
0.00252178
0.00281301
0.00308321
0.00328912
0.00364913
0.00394937
0.00434878
0.00285544
0.00406339
0.00331579
0.00172716
0.000164285
-0.00122544
-0.00227566
-0.00268722
-0.00282271
-0.00284814
-0.00261678
-0.00242816
-0.00236676
-0.00222596
-0.00214677
-0.00221353
-0.00224314
-0.00219527
-0.00215005
-0.00213693
-0.00207687
-0.00196172
-0.00183366
-0.00170023
-0.00154718
-0.00139405
-0.00123641
-0.00106947
-0.000908869
-0.000732805
-0.000553015
-0.000348906
-0.00015762
6.62515e-05
0.00027329
0.000512106
0.000748562
0.000999644
0.00125903
0.00149456
0.0017791
0.00199877
0.00230578
0.00252394
0.00281539
0.00308583
0.00329117
0.00365138
0.00395051
0.00435173
0.00272329
0.0039825
0.00328719
0.00171075
0.000146824
-0.00120939
-0.00226129
-0.00270274
-0.00281665
-0.00283624
-0.00262687
-0.00243077
-0.00236011
-0.00222121
-0.00213258
-0.0021936
-0.00223008
-0.00218754
-0.00214209
-0.00212893
-0.00206977
-0.00195488
-0.00182674
-0.00169364
-0.00154058
-0.00138722
-0.00122966
-0.00106275
-0.000902125
-0.000726223
-0.000546697
-0.000343222
-0.000152586
7.11121e-05
0.000278012
0.000516424
0.000752203
0.00100251
0.00126161
0.00149671
0.00178145
0.00200084
0.00230819
0.00252623
0.00281784
0.00308855
0.00329326
0.00365372
0.00395172
0.00435464
0.00259281
0.00389542
0.00324979
0.00169061
0.000123615
-0.00120274
-0.00224706
-0.00271981
-0.0028178
-0.00282485
-0.00263638
-0.00243579
-0.00235372
-0.00221738
-0.0021209
-0.002174
-0.00221605
-0.0021797
-0.00213409
-0.00212033
-0.00206243
-0.00194833
-0.00181984
-0.0016868
-0.0015339
-0.00138026
-0.00122256
-0.00105576
-0.00089525
-0.000719504
-0.000540196
-0.000337308
-0.000147312
7.61704e-05
0.000282825
0.000520834
0.000756031
0.00100552
0.00126427
0.00149901
0.00178393
0.00200294
0.00231069
0.00252869
0.00282041
0.00309141
0.00329538
0.00365612
0.00395302
0.00435752
0.00246612
0.00380298
0.00320398
0.00166731
9.62851e-05
-0.00120694
-0.00223569
-0.00273753
-0.00282635
-0.00281543
-0.00264433
-0.00244208
-0.0023481
-0.00221468
-0.00211158
-0.00215513
-0.00220142
-0.00217163
-0.00212594
-0.00211131
-0.00205481
-0.00194191
-0.00181322
-0.0016799
-0.00152689
-0.00137309
-0.00121528
-0.00104844
-0.000888143
-0.000712623
-0.000533526
-0.000331221
-0.000141849
8.1467e-05
0.000287855
0.000525331
0.000759895
0.0010087
0.00126712
0.0015014
0.00178656
0.0020052
0.00231326
0.00253126
0.00282308
0.00309443
0.00329758
0.00365856
0.00395438
0.00436039
0.00234362
0.00370659
0.00314979
0.00163915
6.46854e-05
-0.00122258
-0.00222861
-0.00275438
-0.00284187
-0.00280891
-0.00265008
-0.00245014
-0.00234459
-0.00221262
-0.0021038
-0.00213749
-0.00218669
-0.00216318
-0.00211784
-0.00210224
-0.00204689
-0.00193525
-0.0018066
-0.00167322
-0.00151977
-0.00136545
-0.00120775
-0.00104099
-0.00088071
-0.000705433
-0.00052672
-0.000325034
-0.000136252
8.69351e-05
0.000293109
0.0005301
0.000763926
0.00101189
0.00127006
0.00150397
0.00178929
0.00200762
0.00231602
0.00253395
0.00282577
0.00309754
0.0032999
0.00366114
0.00395582
0.00436321
0.00222318
0.00360689
0.00308721
0.0016042
2.94998e-05
-0.00124766
-0.00222721
-0.00277018
-0.00286403
-0.00280734
-0.00265438
-0.0024599
-0.00234276
-0.0022107
-0.00209827
-0.00212119
-0.00217139
-0.00215463
-0.00211004
-0.00209313
-0.00203862
-0.00192834
-0.00179989
-0.0016664
-0.00151265
-0.00135777
-0.00119982
-0.00103318
-0.000873211
-0.000698085
-0.000519626
-0.000318573
-0.000130456
9.2522e-05
0.000298449
0.000535009
0.00076824
0.00101533
0.00127304
0.00150661
0.00179217
0.00201013
0.0023189
0.00253686
0.0028286
0.00310074
0.00330221
0.00366379
0.0039574
0.00436601
0.00210418
0.00350495
0.00301668
0.00156123
-8.83591e-06
-0.00128093
-0.00223458
-0.00278595
-0.00289134
-0.00281226
-0.00265778
-0.00246951
-0.00234265
-0.00220951
-0.00209457
-0.00210669
-0.00215616
-0.00214584
-0.00210231
-0.00208396
-0.00203018
-0.00192125
-0.00179315
-0.00165941
-0.00150512
-0.00135001
-0.00119199
-0.00102505
-0.000865309
-0.000690588
-0.00051239
-0.000311827
-0.00012438
9.83259e-05
0.000303921
0.000539986
0.000772594
0.001019
0.00127638
0.00150938
0.00179509
0.00201276
0.00232188
0.0025399
0.00283158
0.00310416
0.00330462
0.00366644
0.00395907
0.00436883
0.00198667
0.00340095
0.00293821
0.00150919
-5.15553e-05
-0.00132206
-0.00225251
-0.00280158
-0.00292119
-0.00282441
-0.00266102
-0.00247892
-0.00234543
-0.00220911
-0.00209185
-0.00209422
-0.00214161
-0.00213662
-0.0020944
-0.00207504
-0.00202175
-0.00191368
-0.00178623
-0.00165279
-0.00149754
-0.00134152
-0.00118378
-0.00101707
-0.000857295
-0.00068265
-0.000504961
-0.000305004
-0.000118099
0.000104423
0.000309664
0.000545169
0.000777081
0.00102262
0.00127978
0.00151249
0.00179826
0.00201551
0.00232497
0.00254307
0.0028346
0.00310769
0.00330722
0.00366923
0.00396081
0.0043716
0.00186817
0.00329379
0.00285215
0.00144752
-0.000100476
-0.00136907
-0.00228049
-0.00281893
-0.00295277
-0.00284455
-0.00266555
-0.00248736
-0.00235083
-0.00220994
-0.00209021
-0.00208357
-0.00212765
-0.00212769
-0.0020866
-0.00206596
-0.00201339
-0.0019059
-0.00177894
-0.00164595
-0.00148992
-0.0013331
-0.00117518
-0.00100853
-0.00084926
-0.000674745
-0.00049721
-0.000297854
-0.000111634
0.000110663
0.0003156
0.000550586
0.000781836
0.0010265
0.00128319
0.00151553
0.00180161
0.00201857
0.00232828
0.0025464
0.00283774
0.00311126
0.00330981
0.00367215
0.00396276
0.00437436
0.00174581
0.00318296
0.00275898
0.00137686
-0.000156622
-0.00142055
-0.00231814
-0.00284177
-0.00298554
-0.0028721
-0.00267372
-0.00249398
-0.00235745
-0.00221251
-0.00208945
-0.00207496
-0.00211503
-0.0021189
-0.00207898
-0.00205684
-0.002005
-0.00189793
-0.00177113
-0.00163898
-0.00148219
-0.00132452
-0.00116669
-0.000999699
-0.00084056
-0.000666632
-0.000489554
-0.000290468
-0.000104814
0.000117122
0.000321628
0.000556147
0.000786773
0.00103061
0.00128699
0.00151878
0.00180488
0.00202161
0.00233179
0.00255001
0.00284105
0.00311507
0.00331251
0.00367502
0.00396482
0.00437718
0.00161962
0.00306878
0.00265836
0.00129711
-0.000221667
-0.00147763
-0.00236529
-0.00287175
-0.0030175
-0.0029051
-0.0026878
-0.00249976
-0.00236481
-0.00221716
-0.00208961
-0.00206785
-0.00210374
-0.00211065
-0.00207176
-0.00204799
-0.00199652
-0.00188939
-0.00176275
-0.00163214
-0.00147475
-0.00131552
-0.00115766
-0.000990964
-0.000831936
-0.000657863
-0.000481363
-0.000283077
-9.79763e-05
0.000123838
0.000327966
0.000561873
0.000791853
0.00103479
0.00129088
0.00152238
0.00180857
0.0020248
0.00233523
0.0025537
0.0028445
0.00311903
0.00331545
0.00367805
0.00396697
0.00437998
0.00148861
0.00295081
0.00254954
0.0012078
-0.000296675
-0.00154153
-0.00242024
-0.00291003
-0.00304968
-0.00294184
-0.00270845
-0.00250516
-0.00237247
-0.0022249
-0.00209106
-0.00206184
-0.00209393
-0.00210326
-0.00206479
-0.00203884
-0.00198839
-0.00188126
-0.0017534
-0.00162422
-0.0014672
-0.00130699
-0.00114878
-0.000981777
-0.000823112
-0.000649299
-0.000472803
-0.000274899
-9.07201e-05
0.000130608
0.00033436
0.000567791
0.000797107
0.00103918
0.00129494
0.00152597
0.00181234
0.0020284
0.00233906
0.0025575
0.00284798
0.00312305
0.00331842
0.00368124
0.00396936
0.00438281
0.00134878
0.00282733
0.00243219
0.00110934
-0.000380976
-0.0016135
-0.00248111
-0.00295766
-0.00308567
-0.00298061
-0.00273579
-0.00251192
-0.0023785
-0.00223445
-0.00209452
-0.00205738
-0.00208613
-0.00209692
-0.00205815
-0.00202987
-0.00198016
-0.00187327
-0.00174371
-0.00161541
-0.00145911
-0.00129804
-0.00113984
-0.000972881
-0.000814097
-0.00064043
-0.000464519
-0.000266707
-8.28298e-05
0.000138047
0.000341057
0.000573835
0.000802529
0.00104366
0.0012992
0.00152984
0.00181621
0.00203193
0.00234304
0.00256172
0.00285171
0.00312725
0.00332151
0.0036844
0.00397188
0.00438573
0.00119903
0.00269748
0.00230632
0.00100114
-0.000474511
-0.00169531
-0.00254842
-0.00301418
-0.00312599
-0.00301937
-0.00277015
-0.00252301
-0.00238275
-0.00224502
-0.00210073
-0.00205414
-0.00207892
-0.0020918
-0.00205263
-0.00202109
-0.00197184
-0.00186527
-0.0017339
-0.0016064
-0.00145115
-0.00128891
-0.00112984
-0.000963201
-0.00080519
-0.000631456
-0.000455718
-0.000258539
-7.5361e-05
0.000145407
0.000348225
0.000580446
0.000808359
0.00104842
0.00130362
0.00153382
0.00182033
0.00203578
0.00234702
0.00256592
0.00285561
0.00313166
0.00332485
0.00368773
0.00397453
0.00438868
0.00103971
0.00256105
0.00217326
0.000881196
-0.000577698
-0.00178719
-0.0026237
-0.0030789
-0.00317229
-0.00305734
-0.00280863
-0.00253938
-0.00238635
-0.00225674
-0.00211042
-0.00205284
-0.0020731
-0.00208808
-0.00204743
-0.00201135
-0.00196297
-0.0018578
-0.00172381
-0.00159616
-0.00144313
-0.00128103
-0.0011206
-0.000953037
-0.000795179
-0.000621925
-0.000446686
-0.000249561
-6.71309e-05
0.000152732
0.000354887
0.000586819
0.000814306
0.00105349
0.00130852
0.00153818
0.0018246
0.0020398
0.0023514
0.00257037
0.00285953
0.00313613
0.00332829
0.00369121
0.00397742
0.00439172
0.000869199
0.00241523
0.00203284
0.000747874
-0.000691843
-0.00188871
-0.00270636
-0.00314949
-0.00322702
-0.0030966
-0.00284876
-0.00256164
-0.00238988
-0.00226738
-0.00212334
-0.00205462
-0.00206883
-0.00208619
-0.0020438
-0.00200196
-0.00195345
-0.00184948
-0.00171328
-0.0015849
-0.00143384
-0.00127277
-0.00111172
-0.000943868
-0.000786184
-0.000612218
-0.000437101
-0.00024035
-5.8293e-05
0.000161151
0.000362451
0.000593429
0.000820107
0.00105832
0.00131333
0.00154268
0.00182927
0.00204412
0.00235582
0.00257511
0.00286376
0.0031408
0.00333188
0.00369472
0.00398048
0.00439488
0.000687866
0.00225722
0.00188421
0.000601704
-0.000820259
-0.00200345
-0.00279956
-0.00322505
-0.00328806
-0.0031374
-0.00288963
-0.00259027
-0.00239466
-0.00227588
-0.00213927
-0.00206067
-0.00206563
-0.00208484
-0.00204173
-0.00199272
-0.00194349
-0.00184143
-0.00170269
-0.00157304
-0.00142412
-0.00126435
-0.00110197
-0.000933225
-0.000776674
-0.00060332
-0.000428012
-0.000231
-4.95839e-05
0.000169173
0.000370176
0.000600902
0.000826789
0.00106373
0.00131845
0.0015472
0.00183379
0.00204864
0.00236059
0.00258002
0.00286817
0.00314569
0.00333572
0.00369842
0.00398365
0.00439812
0.000498118
0.00208505
0.00172698
0.000446474
-0.000960258
-0.00212954
-0.00290598
-0.00330831
-0.00335553
-0.00318062
-0.00292869
-0.00262397
-0.00240389
-0.00228307
-0.00215667
-0.00207078
-0.00206496
-0.00208559
-0.00204173
-0.00198361
-0.00193216
-0.00183282
-0.00169212
-0.0015602
-0.00141333
-0.00125648
-0.00109358
-0.000922815
-0.000765899
-0.000592782
-0.000418321
-0.000221482
-4.03496e-05
0.000177596
0.000377588
0.000607754
0.00083319
0.00106934
0.00132412
0.00155231
0.00183879
0.00205326
0.00236533
0.00258517
0.00287272
0.00315074
0.00333977
0.00370234
0.00398716
0.00440138
0.000293923
0.00189241
0.00155181
0.00027593
-0.00111434
-0.00226423
-0.00302214
-0.00339841
-0.00342942
-0.00322878
-0.0029647
-0.00265867
-0.00241761
-0.00228969
-0.0021745
-0.00208478
-0.00206542
-0.00208547
-0.0020433
-0.00197662
-0.00192136
-0.00182413
-0.00168161
-0.00154747
-0.00140183
-0.00124738
-0.00108467
-0.000912628
-0.000755886
-0.00058287
-0.000407967
-0.000210985
-3.06709e-05
0.000186364
0.00038578
0.000615337
0.000839756
0.00107475
0.00132961
0.00155737
0.00184405
0.00205852
0.00237058
0.00259057
0.00287755
0.00315595
0.00334402
0.00370633
0.00399091
0.00440498
7.81597e-05
0.00168221
0.00135679
8.71286e-05
-0.00128825
-0.00241251
-0.00314821
-0.00349417
-0.00350777
-0.00328493
-0.00300405
-0.00269697
-0.00243774
-0.00229749
-0.00219271
-0.00210373
-0.00206921
-0.00208383
-0.0020433
-0.0019684
-0.00190784
-0.0018142
-0.00167161
-0.00153509
-0.00139083
-0.00123912
-0.00107652
-0.000902211
-0.000744423
-0.000572244
-0.000398271
-0.000200592
-2.02058e-05
0.000195577
0.000393899
0.000623008
0.000846772
0.00108067
0.00133545
0.00156249
0.00184908
0.00206343
0.00237577
0.00259625
0.00288266
0.00316153
0.0033487
0.00371075
0.00399506
0.00440952
-0.000152289
0.00145045
0.00113965
-0.000117443
-0.00147935
-0.00257497
-0.00328139
-0.00358889
-0.00357873
-0.00333838
-0.00304092
-0.00273611
-0.00246788
-0.00231396
-0.00221484
-0.00212839
-0.00207882
-0.00208426
-0.00204495
-0.00196202
-0.00189291
-0.00180105
-0.00165975
-0.00152143
-0.00137798
-0.00122927
-0.00106856
-0.000892961
-0.000733422
-0.000560879
-0.000387413
-0.000189761
-9.75761e-06
0.000205188
0.000402827
0.000631168
0.000853813
0.00108672
0.00134164
0.00156796
0.00185451
0.00206869
0.00238063
0.00260136
0.00288712
0.00316629
0.00335259
0.00371434
0.00399856
0.0044119
-0.000417314
0.0011847
0.000884315
-0.000353311
-0.00169758
-0.00276147
-0.00343228
-0.00369398
-0.00364827
-0.00338632
-0.0030675
-0.00276323
-0.00249575
-0.00233244
-0.0022381
-0.00215794
-0.0020947
-0.00208542
-0.00204603
-0.00195838
-0.00188022
-0.00178928
-0.00164939
-0.00150873
-0.00136571
-0.00121873
-0.00105883
-0.000882118
-0.000720969
-0.000548954
-0.000376465
-0.000177739
2.34741e-06
0.000215684
0.000412417
0.000640428
0.000862299
0.00109417
0.00134919
0.00157487
0.00186157
0.00207581
0.00238797
0.0026091
0.00289412
0.00317359
0.00335902
0.00372026
0.00400426
0.00441867
-0.000698817
0.000894319
0.000595217
-0.000619139
-0.00193794
-0.00296567
-0.0035957
-0.00380922
-0.00372425
-0.00344362
-0.00310355
-0.00279397
-0.00252715
-0.00235287
-0.00225718
-0.00218333
-0.00211055
-0.00208576
-0.00204481
-0.00195411
-0.00186634
-0.00177612
-0.00164116
-0.00150006
-0.00135713
-0.00121216
-0.00105415
-0.000876481
-0.000712095
-0.00053902
-0.000367981
-0.000169329
1.09541e-05
0.000223484
0.000419455
0.000646615
0.000867428
0.00109871
0.001354
0.00157894
0.00186549
0.00207964
0.0023913
0.00261298
0.00289749
0.00317733
0.00336205
0.00372308
0.00400715
0.00441992
-0.000991909
0.00057231
0.000262849
-0.000923534
-0.00220153
-0.0031805
-0.00375619
-0.00391577
-0.00378807
-0.00349228
-0.00314257
-0.00283333
-0.00257318
-0.00239095
-0.00228718
-0.00221184
-0.00212616
-0.00208063
-0.00203394
-0.00194193
-0.00184439
-0.00175245
-0.00162191
-0.00148099
-0.00133822
-0.00119422
-0.00103815
-0.0008613
-0.000695194
-0.000521784
-0.00035221
-0.000153114
2.68722e-05
0.000237584
0.000432868
0.000659384
0.000879003
0.00110914
0.00136442
0.00158839
0.00187517
0.00208932
0.00240092
0.00262274
0.00290632
0.00318615
0.00337014
0.00373036
0.00401436
0.00442857
-0.00133697
0.000201041
-0.000117053
-0.00126694
-0.0024877
-0.00340393
-0.00391389
-0.00401854
-0.00384897
-0.00353774
-0.00318322
-0.00287745
-0.00262948
-0.00244624
-0.0023338
-0.0022548
-0.00215943
-0.00209308
-0.00203694
-0.00194474
-0.0018396
-0.00174605
-0.00162164
-0.00148105
-0.00133658
-0.00119249
-0.00103705
-0.000859594
-0.000689616
-0.00051443
-0.00034674
-0.000147609
3.32523e-05
0.000243393
0.00043803
0.000663664
0.000882467
0.0011126
0.00136822
0.00159156
0.00187823
0.00209246
0.00240367
0.00262644
0.00290963
0.00318993
0.00337323
0.00373339
0.00401745
0.0044299
-0.00184739
-0.00031538
-0.000591481
-0.00166011
-0.00277664
-0.00358791
-0.00400754
-0.00405552
-0.00385404
-0.00353927
-0.00319707
-0.0029053
-0.00267198
-0.00248675
-0.00235752
-0.00226591
-0.0021605
-0.00207705
-0.0020118
-0.00192219
-0.00181239
-0.00171564
-0.00159684
-0.00145944
-0.00131506
-0.00117083
-0.00101753
-0.00084234
-0.00067124
-0.000494459
-0.000328033
-0.000129531
5.05373e-05
0.000259202
0.000453606
0.000678059
0.000895208
0.00112422
0.00137967
0.00160189
0.0018888
0.00210296
0.00241371
0.00263638
0.00291856
0.0031986
0.00338148
0.00374056
0.00402499
0.0044387
-0.00252569
-0.00113116
-0.0013901
-0.00232524
-0.003253
-0.00388258
-0.00416084
-0.00413125
-0.00390229
-0.00359332
-0.00326904
-0.00298845
-0.00276423
-0.00257521
-0.00242506
-0.00231215
-0.00219272
-0.00208982
-0.00200975
-0.00192101
-0.00180952
-0.00170948
-0.00159451
-0.00145876
-0.00131195
-0.00116577
-0.00101199
-0.000836695
-0.000663149
-0.000484704
-0.000319976
-0.000121859
5.87993e-05
0.000267029
0.000460815
0.000683999
0.000900518
0.0011298
0.00138546
0.0016069
0.0018939
0.00210817
0.00241877
0.00264261
0.00292442
0.00320477
0.00338694
0.00374587
0.00403013
0.00444321
-0.00253481
-0.00152542
-0.00192836
-0.00277235
-0.00352036
-0.00398734
-0.00415668
-0.00409206
-0.00388256
-0.00361507
-0.00332618
-0.0030558
-0.00282737
-0.00262644
-0.00245366
-0.00232108
-0.00219308
-0.00208077
-0.00199076
-0.00190358
-0.00179338
-0.00168973
-0.00157724
-0.00144625
-0.00129959
-0.00115152
-0.000999079
-0.000825666
-0.000651325
-0.000470458
-0.000305296
-0.000108271
7.10231e-05
0.000278986
0.000473581
0.000695372
0.000910384
0.00113924
0.00139456
0.00161499
0.00190189
0.00211615
0.00242579
0.00264957
0.00293036
0.00321063
0.00339248
0.00375085
0.00403522
0.00444736
-0.00496976
-0.00347536
-0.0031957
-0.00342897
-0.00372807
-0.00394427
-0.00403688
-0.00400114
-0.00385882
-0.00365325
-0.00340981
-0.00315556
-0.00291908
-0.00269919
-0.00249787
-0.00233728
-0.00219301
-0.00206779
-0.00196575
-0.00187959
-0.00177398
-0.00166876
-0.00155653
-0.00142845
-0.00128129
-0.0011307
-0.000978082
-0.000805342
-0.000631202
-0.00045047
-0.000286808
-9.07005e-05
8.77139e-05
0.000294989
0.000488954
0.000708559
0.000922743
0.0011517
0.00140689
0.00162605
0.00191323
0.00212716
0.00243677
0.00266155
0.00294182
0.00322191
0.00340309
0.00376069
0.00404527
0.00445947
-0.00672191
-0.00611019
-0.00521004
-0.004478
-0.0040469
-0.00391898
-0.00393297
-0.00393313
-0.00386693
-0.00373167
-0.00353237
-0.0032858
-0.00302788
-0.00278047
-0.00255179
-0.00236757
-0.00221149
-0.00207991
-0.00197026
-0.00188226
-0.00177955
-0.00167188
-0.00155771
-0.00143263
-0.00128514
-0.00113088
-0.000977867
-0.000805735
-0.000630292
-0.000447404
-0.00028158
-8.59765e-05
9.06769e-05
0.000298669
0.00049426
0.000712553
0.000925561
0.00115454
0.00140944
0.00162822
0.00191542
0.00212987
0.00243864
0.00266362
0.00294326
0.00322343
0.00340471
0.00376217
0.00404754
0.00445956
-0.00794732
-0.00605963
-0.00496485
-0.0043598
-0.00404623
-0.00390201
-0.00385929
-0.00384984
-0.00381174
-0.00371324
-0.00355236
-0.00333307
-0.00307523
-0.00281441
-0.00256501
-0.00235713
-0.00218384
-0.00204388
-0.0019288
-0.00184089
-0.00174438
-0.00163866
-0.00152344
-0.00140052
-0.00125429
-0.00109782
-0.000945024
-0.000773551
-0.000599753
-0.000418891
-0.000254447
-5.96183e-05
0.000114991
0.000322154
0.000517171
0.000732732
0.000944722
0.00117355
0.0014281
0.00164546
0.00193299
0.00214675
0.00245542
0.00268116
0.00295991
0.0032396
0.00342005
0.00377652
0.00406181
0.00447701
-0.00887333
-0.00795163
-0.00662316
-0.00544103
-0.00459268
-0.00410179
-0.00391289
-0.00387469
-0.00384776
-0.00376215
-0.0036161
-0.00341516
-0.0031589
-0.00288832
-0.00262528
-0.0023996
-0.00221175
-0.00206266
-0.00194169
-0.00184823
-0.00175201
-0.0016467
-0.00152884
-0.00140704
-0.00126137
-0.00110182
-0.000948214
-0.0007772
-0.000601953
-0.000420646
-0.000254361
-5.87604e-05
0.000113825
0.000321353
0.000518394
0.00073302
0.000944155
0.00117341
0.00142777
0.00164489
0.00193234
0.00214658
0.00245462
0.00268063
0.00295904
0.0032389
0.00341957
0.00377649
0.00406273
0.00447547
-0.0102603
-0.00774503
-0.00615765
-0.00515035
-0.0045023
-0.0041073
-0.00392381
-0.00387085
-0.00383606
-0.00374909
-0.00360438
-0.00341157
-0.00316059
-0.00288831
-0.00262168
-0.00238928
-0.00219416
-0.00203977
-0.0019152
-0.00181904
-0.00172177
-0.00161662
-0.00149682
-0.00137322
-0.00122854
-0.00106798
-0.000913731
-0.000742951
-0.000569315
-0.00038988
-0.000226188
-3.04909e-05
0.00014131
0.000346859
0.000543148
0.000756076
0.000966029
0.00119444
0.00144853
0.00166424
0.00195189
0.00216555
0.00247334
0.00270009
0.00297734
0.00325651
0.00343636
0.00379219
0.00407949
0.00449577
)
;

boundaryField
{
    zeroGradientPlanes
    {
        type            zeroGradient;
    }
    inlet
    {
        type            zeroGradient;
    }
    plate
    {
        type            zeroGradient;
    }
    frontAndBack
    {
        type            empty;
    }
}


// ************************************************************************* //
