/*--------------------------------*- C++ -*----------------------------------*\
| =========                 |                                                 |
| \\      /  F ield         | OpenFOAM: The Open Source CFD Toolbox           |
|  \\    /   O peration     | Version:  v2012                                 |
|   \\  /    A nd           | Website:  www.openfoam.com                      |
|    \\/     M anipulation  |                                                 |
\*---------------------------------------------------------------------------*/
FoamFile
{
    version     2.0;
    format      ascii;
    class       volScalarField;
    location    "0.5";
    object      p;
}
// * * * * * * * * * * * * * * * * * * * * * * * * * * * * * * * * * * * * * //

dimensions      [0 2 -2 0 0 0 0];


internalField   nonuniform List<scalar> 
7000
(
-5.46611e-10
0.00369356
0.0011077
0.00121752
0.00387187
0.00173063
0.000507474
0.00054282
-0.000705387
0.00152505
-8.52824e-05
0.00192146
-4.40551e-05
0.000679504
-0.000815606
6.27349e-05
-0.000101384
0.00075056
0.00135144
0.00268572
4.39976e-06
0.00367964
0.00111111
0.00122822
0.00385257
0.00172292
0.00052189
0.000542743
-0.000665567
0.00150645
-7.97262e-05
0.00188803
-3.59962e-05
0.000666503
-0.00080895
6.07247e-05
-9.67882e-05
0.000746789
0.00135408
0.00259823
9.32465e-06
0.00366316
0.00111759
0.00124101
0.00382553
0.00171817
0.000535597
0.000540967
-0.000622968
0.00147859
-6.86131e-05
0.00184414
-1.55629e-05
0.000639471
-0.000786021
4.5579e-05
-8.03108e-05
0.000727292
0.00135557
0.00246217
1.40578e-05
0.00364762
0.00112572
0.00125119
0.00379886
0.00171667
0.000545611
0.000535979
-0.000577599
0.00144363
-5.75358e-05
0.00179425
5.92887e-06
0.000605533
-0.000758554
2.50453e-05
-6.13537e-05
0.000701774
0.00134831
0.00231539
1.92923e-05
0.00363294
0.00113567
0.00125947
0.00377218
0.00171775
0.000553285
0.000527512
-0.000527501
0.00139983
-4.71778e-05
0.00173772
2.5963e-05
0.000566653
-0.000729993
2.93187e-06
-4.08664e-05
0.000675205
0.00133225
0.00217961
2.54478e-05
0.00361894
0.00114751
0.00126616
0.00374556
0.00172115
0.000559622
0.000516501
-0.000472412
0.00134744
-3.58201e-05
0.00167528
4.71104e-05
0.000524096
-0.000697485
-2.03518e-05
-1.63668e-05
0.000647251
0.00130858
0.00205944
3.2667e-05
0.00360555
0.00116088
0.0012715
0.00371979
0.00172607
0.000565403
0.000504692
-0.000412808
0.00128884
-2.21286e-05
0.00160892
7.09813e-05
0.000479485
-0.000660256
-4.55246e-05
1.13266e-05
0.000616436
0.00127737
0.00195005
4.09517e-05
0.00359253
0.00117529
0.00127611
0.00369509
0.00173163
0.000571324
0.000493788
-0.000349323
0.0012267
-5.56841e-06
0.00154006
9.72895e-05
0.000433429
-0.000620149
-7.31349e-05
3.93325e-05
0.000582902
0.00123777
0.00184693
5.02163e-05
0.0035796
0.00119038
0.00128053
0.0036711
0.00173723
0.000577902
0.000484816
-0.000282635
0.00116307
1.41068e-05
0.00146914
0.000125336
0.000385613
-0.000578653
-0.000103089
6.53582e-05
0.000548188
0.00118912
0.0017483
6.03395e-05
0.00356649
0.00120592
0.00128503
0.00364734
0.00174263
0.000585432
0.000477963
-0.000213403
0.0010993
3.71409e-05
0.00139618
0.000154989
0.000335715
-0.000536217
-0.000134718
8.79652e-05
0.000513937
0.00113159
0.00165334
7.12094e-05
0.00355305
0.0012218
0.00128973
0.00362342
0.00174778
0.00059403
0.000472787
-0.000142223
0.00103626
6.37275e-05
0.00132125
0.000186553
0.000283808
-0.000493131
-0.000166896
0.000105944
0.000481093
0.00106583
0.00156097
8.27399e-05
0.00353916
0.00123801
0.00129466
0.00359912
0.00175266
0.00060369
0.000468535
-6.95868e-05
0.000974485
9.38424e-05
0.0012446
0.000220328
0.00023034
-0.00045012
-0.000198159
0.000117994
0.000449828
0.000992774
0.00146988
9.48642e-05
0.00352476
0.00125457
0.00129986
0.00357433
0.00175721
0.000614355
0.000464405
4.15476e-06
0.000914255
0.000127124
0.00116661
0.000256328
0.000176082
-0.000408327
-0.000227067
0.000122844
0.000420009
0.000913722
0.00137879
0.000107524
0.00350978
0.00127155
0.00130536
0.00354899
0.00176142
0.000625965
0.000459708
7.88221e-05
0.000855651
0.00016286
0.00108782
0.000294184
0.000122104
-0.000369118
-0.000252492
0.000119509
0.000391243
0.000830191
0.00128666
0.000120663
0.00349414
0.00128901
0.00131122
0.0035231
0.00176525
0.00063849
0.000453931
0.000154393
0.000798542
0.000200101
0.00100889
0.000333119
6.97702e-05
-0.000334015
-0.000273612
0.000107462
0.000362535
0.000743718
0.00119297
0.000134236
0.0034778
0.00130705
0.00131746
0.00349669
0.0017687
0.000651929
0.000446736
0.000230947
0.000742658
0.000237808
0.000930558
0.000371981
2.06041e-05
-0.000304555
-0.00028992
8.6683e-05
0.000332332
0.000655611
0.00109769
0.000148213
0.00346068
0.00132575
0.00132411
0.00346983
0.00177179
0.000666319
0.000437939
0.000308582
0.000687705
0.000274951
0.000853724
0.000409375
-2.40437e-05
-0.000282135
-0.000301276
5.75847e-05
0.000298882
0.000566874
0.00100113
0.00016259
0.00344275
0.00134515
0.00133117
0.00344257
0.00177448
0.00068173
0.000427485
0.000387328
0.000633494
0.000310528
0.000779537
0.00044377
-6.31758e-05
-0.000267876
-0.000308191
2.09925e-05
0.000260823
0.000478397
0.000903751
0.00017739
0.00342397
0.00136531
0.00133859
0.00341499
0.0017767
0.000698257
0.000415453
0.000467074
0.000580063
0.000343578
0.000709348
0.000473603
-9.6064e-05
-0.000262529
-0.000311826
-2.17274e-05
0.000217212
0.000390646
0.000806046
0.000192663
0.00340431
0.00138627
0.0013463
0.00338718
0.00177834
0.000715992
0.000402042
0.000547536
0.000527741
0.000373195
0.0006445
0.000497436
-0.000122148
-0.000266422
-0.000313755
-6.89014e-05
0.000167184
0.000303469
0.000708636
0.000208473
0.00338375
0.00140803
0.00135419
0.00335921
0.00177928
0.000735014
0.000387531
0.000628281
0.000477166
0.000398449
0.000586145
0.00051406
-0.00014117
-0.000279375
-0.000315999
-0.000119111
0.00011007
0.000216617
0.000612434
0.000224891
0.00336226
0.00143061
0.00136215
0.00333115
0.0017794
0.000755387
0.00037219
0.000708752
0.000429424
0.000418269
0.000535149
0.000522635
-0.000153596
-0.000300643
-0.000320644
-0.000171342
4.56258e-05
0.000129832
0.000518498
0.000241984
0.0033398
0.00145404
0.0013701
0.00330311
0.0017786
0.000777158
0.000356298
0.00078827
0.000385873
0.000431612
0.000492131
0.000522626
-0.000160453
-0.000328977
-0.000329631
-0.000224876
-2.57549e-05
4.27564e-05
0.000427569
0.000259815
0.0033163
0.00147834
0.00137795
0.00327515
0.00177684
0.000800323
0.000340276
0.000865941
0.000347867
0.000437577
0.000457337
0.000513887
-0.000163054
-0.000362832
-0.000344745
-0.000279287
-0.00010292
-4.4907e-05
0.000339694
0.000278436
0.00329172
0.00150353
0.00138564
0.00324735
0.00177414
0.000824783
0.00032471
0.000940612
0.000316753
0.000435356
0.000430699
0.000496859
-0.000163249
-0.00040062
-0.000367451
-0.000334762
-0.000184405
-0.000133224
0.000254707
0.000297894
0.00326597
0.00152966
0.00139312
0.00321975
0.00177061
0.000850266
0.000310288
0.001011
0.000293646
0.000424318
0.000411875
0.000472639
-0.000163293
-0.000441019
-0.000398957
-0.000392395
-0.000268855
-0.000221704
0.000172955
0.000318236
0.00323899
0.00155677
0.00140038
0.00319239
0.0017664
0.00087638
0.000297721
0.00107602
0.000279395
0.000404038
0.000400054
0.00044295
-0.000165405
-0.000483189
-0.000439726
-0.000453478
-0.000355168
-0.000309325
9.49144e-05
0.000339509
0.0032107
0.00158489
0.00140739
0.00316526
0.00176174
0.000902631
0.000287841
0.00113475
0.000274542
0.000374483
0.000393833
0.000409848
-0.00017126
-0.000526736
-0.000489354
-0.000518843
-0.0004429
-0.00039545
2.08112e-05
0.000361763
0.00318102
0.00161405
0.00141417
0.00313832
0.00175706
0.000928335
0.00028141
0.0011865
0.000279236
0.000336195
0.000391388
0.000375483
-0.000182076
-0.000571705
-0.000547147
-0.000589282
-0.000532605
-0.000480199
-4.86352e-05
0.000385046
0.00314988
0.00164425
0.00142075
0.00311136
0.00175301
0.000952835
0.000278815
0.00123067
0.000293425
0.000290171
0.000390558
0.000341873
-0.000198737
-0.000618594
-0.000612765
-0.000665866
-0.000624898
-0.000563245
-0.000112046
0.000409414
0.00311721
0.00167549
0.00142718
0.00308415
0.00175017
0.000975575
0.000280408
0.00126673
0.0003167
0.00023803
0.000388891
0.000310573
-0.000221226
-0.000668266
-0.000686404
-0.000749643
-0.000719839
-0.000643468
-0.000167957
0.000434924
0.00308293
0.00170775
0.00143359
0.00305646
0.00174911
0.000995923
0.00028646
0.00129456
0.000348195
0.000182155
0.000384054
0.000282109
-0.000248858
-0.000721191
-0.000768015
-0.000841329
-0.000817964
-0.000720198
-0.000215019
0.000461631
0.003047
0.00174094
0.00144016
0.00302793
0.00175055
0.00101342
0.000296828
0.00131442
0.000386545
0.000125369
0.000374573
0.000255823
-0.000281179
-0.000777426
-0.000857037
-0.000940848
-0.000920431
-0.000793909
-0.000252002
0.000489586
0.00300939
0.00177496
0.00144714
0.00299808
0.00175508
0.00102795
0.000311246
0.00132673
0.000429806
7.02761e-05
0.000359751
0.000230491
-0.000318537
-0.000837511
-0.000952621
-0.0010468
-0.00102754
-0.000865872
-0.000278199
0.000518839
0.00297009
0.00180964
0.00145485
0.00296641
0.00176314
0.00103959
0.000329292
0.00133223
0.000476024
1.87607e-05
0.000338992
0.000204486
-0.000361726
-0.000902091
-0.00105256
-0.00115611
-0.00113769
-0.000937065
-0.000294503
0.000549442
0.00292908
0.00184477
0.00146372
0.00293249
0.00177496
0.00104849
0.00035025
0.00133236
0.000523387
-2.79101e-05
0.000312278
0.000176658
-0.000411847
-0.000971716
-0.00115409
-0.00126482
-0.00124798
-0.00100908
-0.000303953
0.000581438
0.00288641
0.00188008
0.00147424
0.00289592
0.00179056
0.00105495
0.000373186
0.00132891
0.00057027
-6.97278e-05
0.000280192
0.000147376
-0.000469393
-0.00104718
-0.00125528
-0.00136951
-0.00135484
-0.00108338
-0.000310872
0.000614855
0.0028422
0.00191518
0.0014869
0.00285638
0.0018099
0.00105977
0.000396618
0.00132323
0.000615854
-0.000107674
0.000242239
0.000116763
-0.00053371
-0.00112844
-0.00135489
-0.00146837
-0.00145509
-0.00115954
-0.000318664
0.000649716
0.00279658
0.00194955
0.00150218
0.00281381
0.00183261
0.00106429
0.000418719
0.00131621
0.00066004
-0.000142947
0.000197344
8.44222e-05
-0.000602672
-0.00121479
-0.00145226
-0.00156129
-0.00154624
-0.00123512
-0.00032875
0.000686045
0.00274974
0.00198264
0.00152049
0.00276839
0.00185813
0.00107
0.000437897
0.00130837
0.000702985
-0.000176877
0.000143822
5.0396e-05
-0.000672937
-0.00130541
-0.00154779
-0.00164957
-0.00162671
-0.00130508
-0.000340785
0.000723828
0.00270201
0.00201381
0.00154205
0.00272045
0.00188563
0.0010785
0.000453201
0.00129931
0.000736057
-0.000209444
8.00983e-05
1.46978e-05
-0.000740742
-0.00139936
-0.00164257
-0.00173475
-0.00169666
-0.00136442
-0.000352863
0.000763036
0.00265378
0.00204235
0.00156711
0.00267056
0.00191365
0.00109168
0.000464505
0.0012873
0.000780574
-0.000239696
6.56361e-06
-2.33132e-05
-0.000803063
-0.0014963
-0.00173812
-0.00181766
-0.00175703
-0.00140876
-0.000361883
0.00080365
0.00260537
0.00206797
0.00159586
0.00261961
0.00194038
0.00111083
0.000472515
0.00127002
0.00082472
-0.000265751
-7.60308e-05
-6.50027e-05
-0.000857086
-0.00159491
-0.0018361
-0.00189831
-0.00180947
-0.00143624
-0.00036413
0.000845629
0.00255721
0.00208951
0.00162813
0.0025687
0.00196421
0.00113659
0.000478818
0.00124538
0.000867134
-0.000285974
-0.000166313
-0.000111858
-0.000900898
-0.00169247
-0.00193803
-0.00197641
-0.00185584
-0.00144827
-0.00035645
0.0008889
0.00250978
0.0021066
0.00166356
0.00251913
0.00198384
0.0011692
0.000485327
0.00121226
0.000904887
-0.000299166
-0.000261527
-0.000165661
-0.000934699
-0.00178549
-0.0020455
-0.002053
-0.00189797
-0.00144742
-0.000336455
0.000933389
0.00246348
0.00211879
0.00170166
0.00247244
0.00199828
0.00120751
0.000494036
0.00117099
0.000935529
-0.000305178
-0.000359304
-0.000228448
-0.000959511
-0.00186914
-0.00215907
-0.00213081
-0.00193676
-0.00143587
-0.000303682
0.000979004
0.00241868
0.00212594
0.00174166
0.00243017
0.00200725
0.00124939
0.000506529
0.00112246
0.000957725
-0.000304171
-0.00045732
-0.000301065
-0.000977618
-0.00193881
-0.00227721
-0.00221254
-0.00197288
-0.00141693
-0.000259713
0.00102566
0.00237575
0.00212788
0.00178242
0.00239365
0.00201112
0.00129257
0.000523556
0.00106781
0.000970509
-0.000295977
-0.000552954
-0.000383868
-0.00099359
-0.00199118
-0.00239529
-0.00230012
-0.00200887
-0.00139507
-0.000206522
0.00107325
0.00233501
0.00212469
0.00182254
0.00236361
0.00201134
0.00133495
0.000545435
0.00100872
0.000973248
-0.00028091
-0.000644033
-0.000476856
-0.00101192
-0.00202417
-0.00250707
-0.00239535
-0.00204866
-0.001374
-0.00014653
0.00112169
0.00229674
0.00211697
0.00186047
0.00234034
0.00200976
0.00137504
0.000571747
0.000946838
0.000965518
-0.000260032
-0.000728522
-0.000578589
-0.00103594
-0.00203864
-0.0026078
-0.00249895
-0.00209475
-0.00135529
-8.21682e-05
0.00117092
0.00226114
0.00210565
0.00189487
0.00232324
0.00200834
0.00141245
0.000601081
0.00088307
0.000947646
-0.000234381
-0.000804395
-0.00068671
-0.00106908
-0.00203843
-0.00269247
-0.00260813
-0.00214866
-0.00134155
-1.65686e-05
0.00122081
0.00222846
0.00209127
0.00192452
0.00231123
0.00200896
0.00144708
0.000632505
0.000818221
0.000919552
-0.000204708
-0.000870064
-0.000798534
-0.00111402
-0.00202827
-0.00275535
-0.00271773
-0.00221376
-0.00133742
4.73382e-05
0.0012712
0.00219898
0.00207439
0.00194845
0.00230289
0.00201278
0.00147931
0.000665593
0.000753473
0.000881006
-0.000172541
-0.000924
-0.000910852
-0.00117178
-0.00201361
-0.00279355
-0.00282215
-0.00229169
-0.00134686
0.000107654
0.00132184
0.00217307
0.00205518
0.0019659
0.00229649
0.00202044
0.00151066
0.000699656
0.000690104
0.000832311
-0.00014063
-0.000965229
-0.0010202
-0.0012419
-0.00200096
-0.00280807
-0.00291451
-0.0023793
-0.0013714
0.000161516
0.00137237
0.00215109
0.00203567
0.00197644
0.00229051
0.00203178
0.00154242
0.000734774
0.000629428
0.00077386
-0.000111823
-0.000993889
-0.00112313
-0.00132165
-0.00199608
-0.00280312
-0.0029884
-0.00246993
-0.00141188
0.000205125
0.00142239
0.00213349
0.00201787
0.00198005
0.00228339
0.00204543
0.00157528
0.000772121
0.00057263
0.000706182
-8.80387e-05
-0.00101067
-0.00121716
-0.0014072
-0.00200282
-0.00278516
-0.00303996
-0.00255551
-0.00146461
0.000235923
0.00147162
0.0021206
0.00200105
0.0019768
0.00227389
0.00205996
0.00160963
0.000812664
0.0005211
0.000630544
-7.1214e-05
-0.00101701
-0.00130119
-0.00149466
-0.00202227
-0.00276088
-0.00306942
-0.00262889
-0.00152187
0.000254857
0.00151984
0.00211235
0.00198609
0.00196707
0.00226068
0.00207418
0.0016457
0.000856937
0.00047691
0.000548758
-6.38049e-05
-0.00101491
-0.00137465
-0.00158039
-0.00205314
-0.00273645
-0.00308073
-0.00268581
-0.00157401
0.00026654
0.0015669
0.0021088
0.00197382
0.00195173
0.00224237
0.00208667
0.00168295
0.000905226
0.000442303
0.000462946
-6.7251e-05
-0.00100609
-0.00143746
-0.00166209
-0.00209294
-0.00271617
-0.00307789
-0.00272411
-0.00161418
0.000275931
0.00161279
0.00210909
0.00196502
0.00193234
0.00221818
0.00209557
0.00172002
0.000957703
0.000418579
0.000376048
-8.12641e-05
-0.00099181
-0.00148993
-0.00173879
-0.00213855
-0.00270194
-0.00306398
-0.0027453
-0.00164053
0.000287815
0.00165754
0.00211238
0.00196048
0.00191076
0.00218739
0.00209929
0.00175568
0.00101414
0.000406469
0.000292014
-0.000104931
-0.000974766
-0.00153276
-0.00180964
-0.00218647
-0.0026945
-0.00304257
-0.00275279
-0.00165465
0.000305982
0.00170124
0.00211772
0.00196086
0.00188871
0.00214982
0.00209652
0.00178806
0.00107359
0.000407075
0.000214648
-0.000137906
-0.000958148
-0.00156573
-0.00187357
-0.00223361
-0.00269353
-0.00301757
-0.00274859
-0.00165727
0.000331144
0.00174402
0.00212424
0.00196618
0.00186776
0.00210618
0.00208511
0.00181495
0.00113507
0.00042107
0.000146761
-0.00017847
-0.000942924
-0.00158833
-0.00193064
-0.00227857
-0.00269753
-0.00299128
-0.002733
-0.00164921
0.000361341
0.00178592
0.00213169
0.00197599
0.00184968
0.00205794
0.00206424
0.00183435
0.00120055
0.000448828
9.1156e-05
-0.000223222
-0.000929582
-0.00160161
-0.00198188
-0.00232092
-0.00270339
-0.00296388
-0.00270739
-0.00163212
0.000394646
0.00182696
0.00213984
0.00198952
0.00183656
0.00200748
0.00203331
0.00184427
0.00126106
0.0004891
5.00388e-05
-0.000268685
-0.000918695
-0.0016065
-0.00202717
-0.0023608
-0.00270838
-0.00293519
-0.00267508
-0.00160783
0.000431004
0.00186704
0.00214886
0.00200334
0.00182973
0.00195762
0.00199219
0.00184422
0.00131463
0.000538344
2.42142e-05
-0.000311875
-0.000909971
-0.0016025
-0.00206476
-0.00239891
-0.00271243
-0.00290523
-0.00263742
-0.00157667
0.000469739
0.00190596
0.00215903
0.00201656
0.00182952
0.00191086
0.00194159
0.00183403
0.00136035
0.000592856
1.38937e-05
-0.00035073
-0.000903044
-0.00158891
-0.00209189
-0.00243553
-0.00271758
-0.0028743
-0.00259438
-0.00153865
0.000510613
0.00194371
0.00217045
0.00202929
0.00183434
0.00186954
0.00188406
0.00181283
0.00139748
0.000650377
1.84007e-05
-0.000383401
-0.000898403
-0.00156605
-0.00210539
-0.00246951
-0.0027265
-0.0028444
-0.00254669
-0.00149315
0.000555127
0.00198043
0.00218232
0.00204181
0.00184149
0.00183504
0.0018252
0.00177937
0.00142402
0.000709648
3.64878e-05
-0.000408707
-0.000896589
-0.00153652
-0.0021032
-0.00249681
-0.00273896
-0.00281697
-0.00249608
-0.00144065
0.000603941
0.00201625
0.00219407
0.00205501
0.00184917
0.0018074
0.00177059
0.00173414
0.00143793
0.00076889
6.7377e-05
-0.000425617
-0.000897718
-0.00150471
-0.00208584
-0.00251255
-0.00275245
-0.00279342
-0.00244418
-0.00138191
0.00065696
0.00205151
0.00220385
0.00206906
0.0018571
0.00178538
0.00172324
0.00167971
0.00143716
0.000824739
0.00010999
-0.000431827
-0.00090127
-0.00147462
-0.00205626
-0.00251279
-0.00276287
-0.00277468
-0.00239412
-0.00131959
0.000713841
0.00208634
0.00221091
0.00208386
0.00186578
0.00176595
0.00168443
0.00162313
0.00142129
0.0008726
0.000162491
-0.000424598
-0.000905247
-0.00144961
-0.0020193
-0.00249562
-0.00276488
-0.0027594
-0.00234894
-0.00125797
0.000772899
0.00212058
0.00220979
0.00209826
0.00187679
0.00174712
0.00165336
0.00157161
0.00139252
0.000906547
0.000219876
-0.000401659
-0.000903836
-0.00143024
-0.00198117
-0.00246409
-0.00275434
-0.00274434
-0.00230991
-0.00120074
0.000831316
0.00215399
0.00220864
0.00211038
0.00189141
0.00172973
0.00162629
0.00152842
0.00135561
0.000923624
0.000275859
-0.000364514
-0.000891726
-0.00141311
-0.00194627
-0.00242404
-0.00273073
-0.00272631
-0.00227612
-0.00114995
0.000886392
0.00218606
0.0022123
0.00211908
0.00190935
0.0017151
0.00159931
0.00149271
0.00131936
0.000926942
0.000323684
-0.000318862
-0.00086786
-0.00139303
-0.00191446
-0.00238058
-0.00269589
-0.00270188
-0.00224534
-0.00110705
0.000935256
0.00221596
0.00221853
0.00212381
0.00192912
0.00170588
0.00157062
0.001463
0.00128869
0.000920003
0.000359395
-0.000270416
-0.000833868
-0.00136624
-0.00188353
-0.00233751
-0.00265357
-0.00266991
-0.00221483
-0.00107031
0.000977373
0.00224281
0.00222812
0.0021247
0.00194807
0.00170459
0.00154144
0.00143566
0.00126412
0.000909593
0.000384632
-0.000225536
-0.000793758
-0.00133197
-0.00185128
-0.00229602
-0.00260703
-0.00263073
-0.00218181
-0.00103757
0.00101275
0.00226572
0.0022414
0.0021233
0.00196264
0.00171157
0.00151457
0.00140668
0.00124352
0.000901774
0.000403193
-0.000187711
-0.000752902
-0.00129138
-0.00181621
-0.00225645
-0.00255897
-0.0025851
-0.00214426
-0.00100632
0.00104227
0.00228422
0.00225798
0.00212229
0.00197028
0.00172547
0.00149421
0.00137585
0.00122454
0.000897483
0.00042011
-0.000155045
-0.000716044
-0.0012486
-0.00177895
-0.00222018
-0.00251297
-0.00253515
-0.00210034
-0.000972207
0.00106951
0.00229815
0.00227709
0.00212472
0.00196981
0.00174325
0.0014839
0.00134506
0.0012035
0.000894006
0.000438536
-0.000123816
-0.000684281
-0.0012084
-0.00174083
-0.00218758
-0.00247217
-0.00248406
-0.00204912
-0.000930725
0.00109833
0.00230791
0.00229689
0.00213307
0.00196205
0.00175965
0.00148463
0.00131701
0.00117992
0.000888327
0.000456921
-8.98945e-05
-0.000656168
-0.00117335
-0.00170289
-0.00215709
-0.00243785
-0.00243699
-0.00199308
-0.000880025
0.00113182
0.00231447
0.00231486
0.00214798
0.0019499
0.00176905
0.00149498
0.00129623
0.0011559
0.00087803
0.000471531
-5.18931e-05
-0.000627096
-0.00114428
-0.00166591
-0.00212695
-0.00240933
-0.00239777
-0.0019393
-0.000824814
0.00116977
0.00231899
0.0023289
0.00216878
0.00193763
0.00176809
0.00151261
0.00128611
0.00113287
0.000864175
0.000478117
-1.40273e-05
-0.000592076
-0.00111828
-0.00163069
-0.00209528
-0.00238424
-0.00236852
-0.00189598
-0.000773748
0.00120863
0.00232283
0.00233718
0.0021933
0.0019309
0.00175638
0.00153074
0.00128766
0.00111426
0.000849388
0.000474952
1.83117e-05
-0.000550063
-0.00109029
-0.00159707
-0.00206073
-0.00235937
-0.00234847
-0.00186747
-0.000735341
0.00124203
0.00232736
0.002339
0.00221689
0.00193449
0.00173631
0.00154075
0.0012989
0.0011037
0.00083621
0.000464513
3.8949e-05
-0.000504733
-0.00105624
-0.00156299
-0.00202346
-0.00233074
-0.00233253
-0.00185276
-0.000713846
0.00126407
0.00233424
0.00233457
0.0022341
0.001949
0.00171369
0.00153734
0.00131633
0.00110343
0.000827009
0.000451607
4.46137e-05
-0.000461939
-0.00101446
-0.00152505
-0.00198253
-0.00229575
-0.00231301
-0.0018458
-0.000708277
0.00126939
0.00234359
0.00232496
0.002241
0.00197268
0.00169756
0.00151999
0.00133095
0.00111439
0.000823533
0.000440826
3.95919e-05
-0.000430174
-0.000967931
-0.00148242
-0.00193583
-0.00225121
-0.0022829
-0.00183592
-0.000712775
0.00125587
0.00235506
0.00231303
0.00223602
0.00200053
0.00169532
0.00149328
0.00133004
0.00113231
0.000828653
0.000435561
3.26093e-05
-0.000411576
-0.000922648
-0.00143515
-0.00188484
-0.00219753
-0.00223932
-0.00181516
-0.000717129
0.00122821
0.00236785
0.00230176
0.00222016
0.00202466
0.00170714
0.00146548
0.00131018
0.00114907
0.000843101
0.000434097
2.80708e-05
-0.000401361
-0.000881995
-0.00138201
-0.00182846
-0.0021365
-0.00218243
-0.00177895
-0.000713893
0.00119191
0.00238052
0.0022931
0.00219565
0.00203901
0.0017302
0.00144666
0.00127267
0.00115368
0.000868309
0.000437851
2.59507e-05
-0.000394783
-0.0008498
-0.00132673
-0.0017652
-0.00206859
-0.00211586
-0.00172844
-0.000698651
0.001154
0.00239219
0.0022868
0.00216682
0.00203983
0.00175863
0.00144715
0.001225
0.00113035
0.000898578
0.000455211
2.72279e-05
-0.000384367
-0.000819277
-0.0012718
-0.00169693
-0.00199403
-0.00204308
-0.00167373
-0.000683098
0.00110699
0.00240068
0.00228671
0.00213788
0.00202844
0.0017811
0.00146361
0.0011828
0.00107451
0.000912005
0.00048477
3.52824e-05
-0.000368082
-0.000779759
-0.00120289
-0.00160782
-0.00189835
-0.00195325
-0.00160946
-0.000672175
0.00103029
0.00240356
0.00228906
0.00211602
0.00200624
0.00179444
0.00148881
0.00116048
0.000998672
0.000890115
0.000510596
4.7993e-05
-0.000351145
-0.000737188
-0.00111729
-0.00148481
-0.0017586
-0.00182131
-0.00151338
-0.000652092
0.000917287
0.00241311
0.00227932
0.00209752
0.00198186
0.00179324
0.00151688
0.00115979
0.000917502
0.000833695
0.000514929
5.01168e-05
-0.000337043
-0.000698415
-0.00102408
-0.00133083
-0.00155909
-0.00160125
-0.00131352
-0.000538887
0.000849668
0.00240503
0.00229987
0.00207645
0.00196407
0.00177946
0.00153987
0.0011753
0.000857853
0.000742699
0.000494198
1.25001e-05
-0.000394297
-0.000734765
-0.00101664
-0.00125853
-0.00142879
-0.00141986
-0.00109699
-0.000304683
0.00110743
0.00240828
0.00227574
0.00208363
0.00193401
0.00177741
0.00153467
0.00119661
0.000826482
0.000696764
0.000610736
0.000258147
-0.000136706
-0.000478557
-0.000843754
-0.00125431
-0.00163404
-0.00186018
-0.00178986
-0.00127397
-0.000214016
0.00242569
0.00225028
0.00208245
0.00191758
0.00178916
0.00155148
0.00121856
0.000642918
0.000149487
-0.00014594
-0.000488371
-0.000727572
-0.000638739
-0.000249071
0.000369304
0.0011109
0.00182933
0.00232246
0.00235316
0.00172007
0.00240225
0.00227716
0.00206733
0.00191193
0.0017652
0.00157418
0.00138365
0.00112856
0.000902926
0.000751393
0.00044546
-4.35806e-05
-0.000645974
-0.00132063
-0.00202893
-0.00271906
-0.00324874
-0.00341257
-0.00296992
-0.0017268
0.00243001
0.00221622
0.00207737
0.00192222
0.00180337
0.00159696
0.00129026
0.000788494
0.000164437
-0.000240958
-0.000435526
-0.000614926
-0.000660036
-0.000448964
4.66031e-06
0.000583671
0.00115224
0.00150619
0.00140159
0.000623323
0.00242713
0.00218993
0.00206609
0.00189617
0.00179505
0.00170698
0.00165225
0.00146999
0.00112814
0.000757836
0.000324542
-0.000334248
-0.00117747
-0.00208607
-0.00292582
-0.0036015
-0.0040432
-0.00415982
-0.00385995
-0.00308814
0.00415803
-0.00448505
-0.00783917
-0.00622293
-0.00385305
-0.00185897
-0.000322667
0.00080333
0.00178695
0.00292998
0.00418779
0.00521254
0.00599155
0.00689023
0.00793447
0.00898869
0.0100622
0.0111681
0.0123078
0.0133746
0.0144069
0.0155984
0.0168947
0.0181583
0.0194559
0.0208422
0.022294
0.0238211
0.0254315
0.0271049
0.0288248
0.0306143
0.0324952
0.0344731
0.0365339
0.038679
0.0408838
0.0431654
0.0455152
0.04796
0.0504965
0.0531219
0.0558682
0.0586888
0.0616594
0.0647059
0.0679006
0.0712056
0.0745992
0.0782751
0.00403152
-0.00442744
-0.00780004
-0.00620769
-0.00384481
-0.00185331
-0.000318102
0.000807174
0.00179005
0.00293242
0.0041898
0.00521428
0.00599301
0.00689145
0.00793558
0.00898971
0.0100631
0.0111689
0.0123085
0.0133753
0.0144075
0.0155988
0.0168951
0.0181586
0.0194562
0.0208425
0.0222943
0.0238213
0.0254317
0.027105
0.0288249
0.0306144
0.0324952
0.0344731
0.0365339
0.038679
0.0408838
0.0431655
0.0455152
0.04796
0.0504965
0.0531219
0.0558682
0.0586888
0.0616594
0.0647059
0.0679006
0.0712056
0.0745992
0.0782751
0.00384796
-0.00433153
-0.00773373
-0.00618706
-0.00383515
-0.00184725
-0.000313695
0.000810738
0.00179295
0.00293475
0.00419177
0.00521595
0.00599432
0.00689253
0.00793657
0.00899063
0.0100639
0.0111697
0.0123092
0.0133759
0.014408
0.0155993
0.0168955
0.018159
0.0194565
0.0208427
0.0222945
0.0238215
0.0254318
0.0271051
0.0288249
0.0306144
0.0324953
0.0344731
0.036534
0.0386791
0.0408839
0.0431655
0.0455153
0.04796
0.0504965
0.0531219
0.0558682
0.0586888
0.0616594
0.0647059
0.0679006
0.0712057
0.0745992
0.0782752
0.00368483
-0.00419445
-0.00763255
-0.00615526
-0.00382124
-0.00183931
-0.000308674
0.00081457
0.00179619
0.00293747
0.00419406
0.00521784
0.00599574
0.00689364
0.00793756
0.00899154
0.0100648
0.0111704
0.0123099
0.0133765
0.0144085
0.0155997
0.0168959
0.0181593
0.0194568
0.020843
0.0222947
0.0238216
0.0254319
0.0271053
0.028825
0.0306145
0.0324953
0.0344732
0.036534
0.0386791
0.0408839
0.0431655
0.0455153
0.04796
0.0504965
0.0531219
0.0558682
0.0586888
0.0616594
0.0647059
0.0679006
0.0712057
0.0745992
0.0782753
0.00354441
-0.00403092
-0.00750348
-0.00611216
-0.00380198
-0.0018284
-0.000302376
0.000819083
0.00180016
0.00294095
0.00419696
0.00522017
0.00599748
0.00689497
0.00793868
0.00899253
0.0100657
0.0111713
0.0123107
0.0133772
0.0144091
0.0156002
0.0168964
0.0181598
0.0194571
0.0208433
0.0222949
0.0238218
0.0254321
0.0271054
0.0288251
0.0306146
0.0324954
0.0344732
0.036534
0.0386791
0.0408839
0.0431655
0.0455153
0.04796
0.0504965
0.0531219
0.0558682
0.0586888
0.0616594
0.0647059
0.0679006
0.0712057
0.0745993
0.0782755
0.00340607
-0.00385562
-0.00735824
-0.00606187
-0.00377857
-0.0018146
-0.00029452
0.000824511
0.00180504
0.0029453
0.00420053
0.00522305
0.0059997
0.00689668
0.00794002
0.00899364
0.0100667
0.0111722
0.0123116
0.0133781
0.0144098
0.0156009
0.016897
0.0181603
0.0194576
0.0208437
0.0222952
0.0238221
0.0254323
0.0271056
0.0288253
0.0306147
0.0324955
0.0344733
0.0365341
0.0386792
0.040884
0.0431655
0.0455153
0.04796
0.0504966
0.053122
0.0558682
0.0586888
0.0616594
0.0647059
0.0679005
0.0712057
0.0745994
0.0782757
0.00326206
-0.00367437
-0.00720311
-0.00600769
-0.00375283
-0.00179861
-0.000285154
0.000830969
0.00181086
0.00295047
0.00420469
0.0052264
0.00600244
0.00689889
0.00794171
0.00899495
0.0100679
0.0111733
0.0123127
0.0133791
0.0144107
0.0156017
0.0168977
0.0181609
0.0194582
0.0208442
0.0222957
0.0238225
0.0254326
0.0271058
0.0288255
0.0306148
0.0324956
0.0344734
0.0365342
0.0386793
0.040884
0.0431656
0.0455153
0.04796
0.0504966
0.053122
0.0558682
0.0586888
0.0616594
0.0647059
0.0679005
0.0712057
0.0745994
0.078276
0.00311429
-0.00348855
-0.0070404
-0.00595116
-0.00372596
-0.00178118
-0.000274515
0.000838416
0.00181753
0.0029563
0.00420922
0.00523004
0.00600561
0.00690163
0.00794388
0.00899661
0.0100693
0.0111745
0.0123138
0.0133802
0.0144119
0.0156027
0.0168986
0.0181617
0.0194589
0.0208449
0.0222963
0.023823
0.025433
0.0271062
0.0288257
0.030615
0.0324957
0.0344735
0.0365343
0.0386793
0.0408841
0.0431656
0.0455154
0.0479601
0.0504966
0.053122
0.0558682
0.0586888
0.0616594
0.0647059
0.0679005
0.0712056
0.0745995
0.0782763
0.00296583
-0.003299
-0.00687076
-0.00589267
-0.00369853
-0.00176274
-0.000262849
0.000846696
0.00182487
0.00296257
0.0042139
0.00523374
0.00600899
0.00690481
0.00794658
0.00899876
0.010071
0.0111759
0.0123151
0.0133816
0.0144133
0.015604
0.0168996
0.0181626
0.0194599
0.0208458
0.022297
0.0238236
0.0254336
0.0271067
0.0288261
0.0306153
0.032496
0.0344736
0.0365344
0.0386794
0.0408842
0.0431657
0.0455154
0.0479601
0.0504966
0.053122
0.0558682
0.0586888
0.0616594
0.0647059
0.0679005
0.0712056
0.0745996
0.0782767
0.00281803
-0.00310662
-0.00669402
-0.00583208
-0.00367074
-0.00174351
-0.000250321
0.000855636
0.00183268
0.00296909
0.00421858
0.00523733
0.00601236
0.0069082
0.00794971
0.00900147
0.0100732
0.0111774
0.0123163
0.013383
0.014415
0.0156057
0.016901
0.0181638
0.0194612
0.020847
0.022298
0.0238245
0.0254344
0.0271073
0.0288267
0.0306157
0.0324963
0.0344739
0.0365346
0.0386796
0.0408843
0.0431658
0.0455155
0.0479602
0.0504967
0.053122
0.0558683
0.0586888
0.0616594
0.0647059
0.0679005
0.0712056
0.0745997
0.0782772
0.00267134
-0.00291205
-0.00650973
-0.00576903
-0.00364268
-0.00172357
-0.000236999
0.000865132
0.00184081
0.00297573
0.0042232
0.00524077
0.00601559
0.00691159
0.00795309
0.00900468
0.0100759
0.0111791
0.0123176
0.0133844
0.0144169
0.0156076
0.0169025
0.0181652
0.0194627
0.0208485
0.0222993
0.0238256
0.0254353
0.0271081
0.0288274
0.0306163
0.0324967
0.0344741
0.0365348
0.0386798
0.0408844
0.0431659
0.0455156
0.0479603
0.0504968
0.0531221
0.0558683
0.0586889
0.0616594
0.064706
0.0679005
0.0712056
0.0745999
0.0782777
0.00252617
-0.00271572
-0.00631752
-0.00570313
-0.00361445
-0.00170298
-0.000222893
0.000875159
0.00184919
0.00298242
0.0042277
0.00524407
0.00601867
0.0069149
0.00795654
0.00900821
0.0100791
0.0111812
0.0123188
0.0133858
0.014419
0.0156099
0.0169044
0.0181668
0.0194643
0.0208502
0.0223009
0.0238269
0.0254364
0.0271091
0.0288283
0.0306171
0.0324972
0.0344745
0.036535
0.03868
0.0408846
0.0431661
0.0455158
0.0479604
0.0504969
0.0531222
0.0558684
0.0586889
0.0616594
0.064706
0.0679005
0.0712055
0.0746
0.0782783
0.00238303
-0.00251815
-0.00611718
-0.005634
-0.00358612
-0.00168183
-0.000207982
0.000885747
0.00185784
0.00298915
0.00423206
0.00524725
0.00602167
0.00691812
0.00795993
0.00901187
0.0100827
0.0111835
0.0123199
0.0133871
0.0144211
0.0156125
0.0169066
0.0181686
0.0194662
0.0208522
0.0223027
0.0238284
0.0254377
0.0271103
0.0288293
0.030618
0.032498
0.034475
0.0365354
0.0386802
0.0408848
0.0431663
0.0455159
0.0479606
0.050497
0.0531223
0.0558684
0.058689
0.0616594
0.064706
0.0679005
0.0712055
0.0746002
0.0782789
0.00224246
-0.00232002
-0.00590864
-0.0055612
-0.00355776
-0.00166018
-0.000192234
0.000896943
0.0018668
0.00299593
0.00423629
0.0052503
0.0060247
0.00692134
0.00796326
0.00901547
0.0100864
0.0111861
0.0123211
0.0133882
0.0144232
0.0156153
0.016909
0.0181706
0.0194682
0.0208543
0.0223047
0.0238302
0.0254392
0.0271115
0.0288306
0.0306191
0.0324989
0.0344756
0.0365358
0.0386805
0.0408851
0.0431665
0.0455161
0.0479607
0.0504972
0.0531224
0.0558685
0.058689
0.0616595
0.064706
0.0679005
0.0712054
0.0746004
0.0782796
0.00210497
-0.00212205
-0.00569188
-0.0054842
-0.00352941
-0.00163814
-0.000175621
0.000908797
0.00187612
0.00300281
0.0042404
0.00525324
0.00602786
0.00692471
0.00796658
0.00901894
0.0100902
0.0111888
0.0123222
0.0133892
0.0144252
0.0156182
0.0169117
0.0181728
0.0194703
0.0208565
0.022307
0.0238323
0.0254408
0.0271129
0.0288319
0.0306204
0.0325
0.0344764
0.0365363
0.0386809
0.0408853
0.0431667
0.0455163
0.0479609
0.0504974
0.0531226
0.0558687
0.0586891
0.0616595
0.064706
0.0679005
0.0712053
0.0746005
0.0782803
0.00197105
-0.00192504
-0.0054669
-0.00540241
-0.00350106
-0.00161581
-0.000158123
0.000921354
0.00188584
0.00300981
0.00424442
0.00525609
0.00603129
0.00692838
0.00797002
0.00902226
0.0100938
0.0111915
0.0123232
0.0133902
0.0144273
0.0156211
0.0169145
0.0181751
0.0194725
0.0208587
0.0223093
0.0238345
0.0254426
0.0271144
0.0288333
0.0306218
0.0325012
0.0344773
0.0365369
0.0386813
0.0408856
0.0431669
0.0455166
0.0479612
0.0504976
0.0531228
0.0558688
0.0586892
0.0616596
0.0647061
0.0679004
0.0712053
0.0746007
0.0782811
0.00184116
-0.00172977
-0.00523375
-0.00531515
-0.0034727
-0.00159334
-0.000139731
0.000934647
0.00189601
0.00301704
0.00424845
0.00525892
0.00603513
0.00693255
0.00797371
0.00902549
0.0100972
0.0111943
0.0123242
0.0133912
0.0144294
0.0156241
0.0169173
0.0181775
0.0194747
0.0208611
0.0223117
0.0238368
0.0254445
0.0271159
0.0288347
0.0306234
0.0325026
0.0344784
0.0365375
0.0386817
0.0408859
0.0431672
0.0455168
0.0479614
0.0504978
0.053123
0.055869
0.0586894
0.0616597
0.0647061
0.0679004
0.0712052
0.0746009
0.0782819
0.00171571
-0.00153706
-0.00499258
-0.00522171
-0.00344426
-0.00157091
-0.000120453
0.000948703
0.0019067
0.00302459
0.00425263
0.00526188
0.00603957
0.00693744
0.00797783
0.00902875
0.0101003
0.011197
0.0123252
0.0133923
0.0144317
0.0156272
0.0169202
0.0181799
0.0194769
0.0208634
0.0223142
0.0238392
0.0254465
0.0271174
0.0288362
0.0306249
0.0325041
0.0344795
0.0365383
0.0386821
0.0408862
0.0431674
0.045517
0.0479617
0.0504981
0.0531232
0.0558692
0.0586895
0.0616598
0.0647061
0.0679004
0.0712051
0.0746011
0.0782828
0.00159511
-0.00134776
-0.00474364
-0.0051213
-0.00341565
-0.00154867
-0.000100315
0.00096355
0.00191797
0.00303258
0.0042571
0.00526516
0.00604482
0.00694327
0.00798255
0.00903215
0.0101032
0.0111996
0.0123263
0.0133935
0.0144342
0.0156304
0.0169231
0.0181824
0.0194792
0.0208659
0.0223167
0.0238417
0.0254486
0.027119
0.0288378
0.0306266
0.0325057
0.0344808
0.036539
0.0386826
0.0408864
0.0431676
0.0455172
0.0479619
0.0504983
0.0531235
0.0558694
0.0586897
0.0616599
0.0647062
0.0679004
0.071205
0.0746014
0.0782837
0.00147989
-0.00116266
-0.00448726
-0.00501311
-0.0033867
-0.0015268
-7.93635e-05
0.000979229
0.00192984
0.00304111
0.004262
0.00526897
0.00605106
0.00695023
0.00798801
0.00903581
0.010106
0.0112022
0.0123274
0.013395
0.014437
0.0156338
0.0169261
0.0181848
0.0194816
0.0208684
0.0223194
0.0238442
0.0254507
0.0271207
0.0288393
0.0306282
0.0325074
0.0344821
0.0365399
0.038683
0.0408867
0.0431678
0.0455175
0.0479622
0.0504986
0.0531238
0.0558697
0.0586899
0.06166
0.0647063
0.0679004
0.0712049
0.0746016
0.0782846
0.00137069
-0.000982553
-0.00422393
-0.00489627
-0.00335715
-0.00150549
-5.76605e-05
0.000995777
0.00194234
0.00305026
0.00426744
0.00527347
0.00605841
0.00695841
0.00799427
0.00903981
0.0101088
0.0112047
0.0123286
0.0133968
0.0144401
0.0156373
0.0169291
0.0181873
0.019484
0.0208711
0.0223222
0.0238468
0.0254529
0.0271224
0.028841
0.03063
0.0325091
0.0344834
0.0365408
0.0386835
0.040887
0.0431681
0.0455177
0.0479625
0.0504989
0.053124
0.0558699
0.0586901
0.0616602
0.0647064
0.0679004
0.0712048
0.0746018
0.0782856
0.00126823
-0.000808112
-0.00395423
-0.00476994
-0.00332668
-0.00148492
-3.5298e-05
0.00101322
0.00195549
0.00306008
0.00427348
0.00527872
0.00606685
0.00696778
0.00800133
0.00904418
0.0101117
0.0112072
0.01233
0.0133988
0.0144435
0.015641
0.0169322
0.0181898
0.0194864
0.0208738
0.0223252
0.0238494
0.025455
0.0271242
0.0288427
0.0306318
0.0325108
0.0344848
0.0365417
0.0386841
0.0408873
0.0431683
0.045518
0.0479627
0.0504992
0.0531243
0.0558702
0.0586903
0.0616603
0.0647064
0.0679005
0.0712047
0.0746021
0.0782866
0.0011733
-0.000639938
-0.00367889
-0.00463328
-0.00329486
-0.00146527
-1.24185e-05
0.00103161
0.00196932
0.00307059
0.00428017
0.00528471
0.00607626
0.0069782
0.00800909
0.00904889
0.0101146
0.0112097
0.0123316
0.0134011
0.0144471
0.0156448
0.0169354
0.0181924
0.0194889
0.0208768
0.0223283
0.0238521
0.0254572
0.027126
0.0288445
0.0306336
0.0325125
0.0344863
0.0365426
0.0386846
0.0408876
0.0431685
0.0455182
0.047963
0.0504995
0.0531247
0.0558704
0.0586905
0.0616605
0.0647065
0.0679005
0.0712045
0.0746023
0.0782877
0.00108652
-0.000478539
-0.00339878
-0.00448555
-0.00326115
-0.0014467
1.07914e-05
0.00105096
0.00198387
0.00308177
0.00428751
0.00529139
0.00608645
0.00698946
0.00801744
0.00905391
0.0101177
0.0112123
0.0123333
0.0134036
0.014451
0.0156489
0.0169387
0.018195
0.0194916
0.0208798
0.0223316
0.0238548
0.0254594
0.0271278
0.0288464
0.0306355
0.0325143
0.0344878
0.0365436
0.0386851
0.040888
0.0431688
0.0455185
0.0479634
0.0504998
0.053125
0.0558707
0.0586907
0.0616606
0.0647066
0.0679005
0.0712044
0.0746026
0.0782888
0.00100853
-0.000324281
-0.00311495
-0.00432612
-0.00322488
-0.00142937
3.41129e-05
0.00107131
0.00199919
0.00309361
0.00429546
0.0052987
0.00609727
0.00700138
0.00802626
0.00905918
0.010121
0.0112149
0.0123353
0.0134063
0.0144552
0.0156531
0.0169421
0.0181978
0.0194943
0.0208831
0.0223351
0.0238577
0.0254617
0.0271297
0.0288484
0.0306376
0.0325162
0.0344893
0.0365446
0.0386857
0.0408883
0.0431691
0.0455188
0.0479637
0.0505002
0.0531253
0.055871
0.058691
0.0616608
0.0647067
0.0679004
0.0712043
0.0746029
0.0782899
0.000940156
-0.0001773
-0.00282858
-0.00415454
-0.00318524
-0.00141336
5.73008e-05
0.00109265
0.00201535
0.00310608
0.00430402
0.00530658
0.00610858
0.00701379
0.00803547
0.00906466
0.0101244
0.0112178
0.0123375
0.0134091
0.0144595
0.0156575
0.0169457
0.0182006
0.0194971
0.0208865
0.0223387
0.0238606
0.025464
0.0271317
0.0288505
0.0306397
0.0325182
0.0344909
0.0365456
0.0386863
0.0408887
0.0431694
0.0455191
0.047964
0.0505005
0.0531256
0.0558713
0.0586912
0.061661
0.0647068
0.0679004
0.0712042
0.0746031
0.0782911
0.000882105
-3.75442e-05
-0.00254104
-0.00397057
-0.00314126
-0.00139865
8.00769e-05
0.00111496
0.00203242
0.0031192
0.0043132
0.005315
0.00612033
0.00702663
0.008045
0.00907033
0.010128
0.0112207
0.0123398
0.0134121
0.0144639
0.015662
0.0169494
0.0182035
0.0195001
0.02089
0.0223425
0.0238637
0.0254664
0.0271338
0.0288527
0.0306419
0.0325202
0.0344926
0.0365467
0.0386869
0.0408891
0.0431698
0.0455194
0.0479644
0.0505009
0.053126
0.0558716
0.0586915
0.0616611
0.0647069
0.0679004
0.071204
0.0746034
0.0782923
0.000834915
9.52594e-05
-0.00225379
-0.00377432
-0.00309179
-0.00138515
0.000102121
0.00113818
0.00205045
0.00313301
0.00432303
0.00532398
0.00613251
0.00703984
0.00805485
0.00907619
0.0101318
0.0112239
0.0123423
0.0134152
0.0144685
0.0156667
0.0169533
0.0182065
0.0195031
0.0208938
0.0223465
0.0238669
0.0254689
0.027136
0.0288549
0.0306442
0.0325223
0.0344943
0.0365479
0.0386875
0.0408895
0.0431701
0.0455198
0.0479648
0.0505012
0.0531263
0.0558719
0.0586917
0.0616613
0.064707
0.0679004
0.0712039
0.0746037
0.0782935
0.000799329
0.000221743
-0.00196847
-0.0035663
-0.00303557
-0.0013726
0.000123099
0.00116219
0.00206952
0.00314755
0.00433354
0.00533354
0.00614514
0.00705343
0.00806501
0.00908225
0.0101357
0.0112272
0.012345
0.0134184
0.0144733
0.0156716
0.0169573
0.0182097
0.0195063
0.0208976
0.0223505
0.0238702
0.0254715
0.0271383
0.0288573
0.0306465
0.0325245
0.0344961
0.0365491
0.0386882
0.0408899
0.0431705
0.0455202
0.0479651
0.0505016
0.0531267
0.0558722
0.058692
0.0616615
0.0647071
0.0679004
0.0712038
0.074604
0.0782948
0.00077613
0.000342837
-0.00168669
-0.00334724
-0.00297125
-0.0013606
0.000142703
0.00118684
0.00208968
0.00316289
0.00434475
0.00534371
0.00615823
0.0070674
0.00807549
0.0090885
0.0101398
0.0112306
0.0123479
0.0134218
0.0144781
0.0156767
0.0169614
0.018213
0.0195096
0.0209017
0.0223547
0.0238737
0.0254742
0.0271408
0.0288598
0.030649
0.0325267
0.034498
0.0365504
0.0386889
0.0408904
0.0431709
0.0455206
0.0479655
0.050502
0.0531271
0.0558726
0.0586923
0.0616617
0.0647072
0.0679004
0.0712036
0.0746042
0.0782961
0.000765871
0.000459562
-0.00141008
-0.00311812
-0.00289752
-0.00134859
0.000160663
0.00121188
0.00211097
0.0031791
0.00435674
0.00535452
0.00617181
0.00708178
0.00808629
0.00909496
0.0101441
0.0112343
0.0123509
0.0134252
0.0144831
0.0156819
0.0169657
0.0182164
0.019513
0.0209058
0.0223591
0.0238773
0.025477
0.0271433
0.0288623
0.0306516
0.0325291
0.0345
0.0365517
0.0386897
0.0408909
0.0431714
0.045521
0.047966
0.0505024
0.0531275
0.0558729
0.0586925
0.0616619
0.0647073
0.0679004
0.0712035
0.0746045
0.0782974
0.000768989
0.00057295
-0.00114025
-0.00288006
-0.00281314
-0.00133592
0.000176737
0.00123703
0.00213338
0.0031963
0.00436957
0.00536602
0.00618591
0.00709658
0.00809743
0.00910163
0.0101486
0.0112382
0.0123541
0.0134287
0.0144882
0.0156874
0.0169702
0.0182199
0.0195166
0.0209102
0.0223636
0.023881
0.02548
0.0271459
0.0288649
0.0306542
0.0325315
0.034502
0.0365531
0.0386904
0.0408914
0.0431719
0.0455214
0.0479664
0.0505028
0.0531279
0.0558733
0.0586928
0.0616621
0.0647074
0.0679003
0.0712034
0.0746048
0.0782988
0.000785944
0.000684099
-0.000878666
-0.00263434
-0.00271699
-0.00132179
0.000190757
0.00126198
0.00215688
0.00321455
0.00438332
0.00537827
0.00620054
0.0071118
0.0081089
0.00910852
0.0101532
0.0112423
0.0123575
0.0134324
0.0144935
0.015693
0.0169749
0.0182235
0.0195202
0.0209146
0.0223682
0.0238848
0.0254831
0.0271486
0.0288677
0.0306569
0.032534
0.0345041
0.0365545
0.0386912
0.040892
0.0431724
0.0455219
0.0479669
0.0505033
0.0531283
0.0558737
0.0586931
0.0616623
0.0647075
0.0679003
0.0712032
0.0746051
0.0783002
0.000817175
0.000794212
-0.000626509
-0.00238236
-0.00260813
-0.00130526
0.000202671
0.00128637
0.0021814
0.00323397
0.00439806
0.0053913
0.00621573
0.00712747
0.00812071
0.00911564
0.0101581
0.0112466
0.0123611
0.0134361
0.0144989
0.0156989
0.0169797
0.0182273
0.0195241
0.0209193
0.0223729
0.0238888
0.0254862
0.0271514
0.0288705
0.0306598
0.0325366
0.0345063
0.036556
0.0386921
0.0408926
0.0431729
0.0455224
0.0479673
0.0505037
0.0531288
0.055874
0.0586934
0.0616626
0.0647076
0.0679003
0.0712031
0.0746054
0.0783017
0.000862622
0.000904478
-0.000384639
-0.00212569
-0.00248592
-0.00128529
0.000212554
0.00130983
0.0022068
0.0032546
0.00441391
0.00540518
0.0062315
0.0071436
0.00813288
0.00912299
0.0101631
0.0112512
0.0123649
0.0134401
0.0145044
0.015705
0.0169847
0.0182312
0.019528
0.0209241
0.0223778
0.0238929
0.0254895
0.0271544
0.0288734
0.0306627
0.0325393
0.0345085
0.0365575
0.038693
0.0408932
0.0431734
0.0455229
0.0479678
0.0505042
0.0531292
0.0558744
0.0586938
0.0616628
0.0647077
0.0679002
0.0712029
0.0746056
0.0783031
0.000921518
0.00101605
-0.000153543
-0.001866
-0.0023501
-0.00126074
0.000220656
0.00133204
0.00223283
0.0032765
0.00443097
0.00542001
0.00624787
0.00716018
0.00814539
0.00913058
0.0101684
0.0112561
0.0123689
0.0134441
0.0145101
0.0157113
0.0169899
0.0182352
0.0195321
0.020929
0.0223829
0.0238971
0.025493
0.0271574
0.0288764
0.0306657
0.032542
0.0345109
0.036559
0.0386939
0.0408938
0.0431739
0.0455234
0.0479683
0.0505046
0.0531297
0.0558748
0.0586941
0.061663
0.0647078
0.0679002
0.0712028
0.0746059
0.0783046
0.000992385
0.00112999
6.67413e-05
-0.00160504
-0.00220086
-0.00123038
0.000227428
0.00135269
0.00225922
0.00329967
0.00444938
0.00543584
0.00626487
0.00717723
0.00815826
0.00913842
0.010174
0.0112612
0.0123732
0.0134483
0.014516
0.0157178
0.0169953
0.0182394
0.0195364
0.0209342
0.0223881
0.0239015
0.0254965
0.0271606
0.0288796
0.0306688
0.0325449
0.0345132
0.0365607
0.0386948
0.0408944
0.0431745
0.0455239
0.0479688
0.0505051
0.0531302
0.0558753
0.0586944
0.0616633
0.064708
0.0679002
0.0712026
0.0746062
0.0783062
0.00107326
0.00124721
0.000276653
-0.00134451
-0.00203886
-0.00119295
0.000233495
0.00137155
0.00228561
0.0033241
0.00446924
0.00545275
0.00628255
0.00719474
0.00817148
0.00914651
0.0101798
0.0112666
0.0123777
0.0134526
0.0145221
0.0157246
0.0170009
0.0182436
0.0195408
0.0209395
0.0223934
0.023906
0.0255002
0.0271638
0.0288828
0.030672
0.0325479
0.0345157
0.0365623
0.0386958
0.0408951
0.0431751
0.0455245
0.0479694
0.0505057
0.0531307
0.0558757
0.0586948
0.0616636
0.0647081
0.0679001
0.0712025
0.0746065
0.0783078
0.00116189
0.00136856
0.000477072
-0.00108604
-0.0018653
-0.00114729
0.000239663
0.0013885
0.00231166
0.00334968
0.0044907
0.00547085
0.00630095
0.00721274
0.00818506
0.00915486
0.0101859
0.0112724
0.0123824
0.0134571
0.0145283
0.0157316
0.0170068
0.0182481
0.0195454
0.020945
0.022399
0.0239107
0.025504
0.0271673
0.0288862
0.0306753
0.0325509
0.0345183
0.0365641
0.0386968
0.0408958
0.0431757
0.045525
0.0479699
0.0505062
0.0531312
0.0558762
0.0586952
0.0616638
0.0647082
0.0679001
0.0712023
0.0746068
0.0783094
0.00125546
0.00149459
0.000669176
-0.00083113
-0.00168174
-0.00109238
0.000246888
0.0014036
0.00233702
0.00337622
0.00451384
0.00549042
0.00632013
0.00723121
0.00819898
0.00916347
0.0101923
0.0112785
0.0123874
0.0134618
0.0145347
0.0157389
0.0170128
0.0182527
0.0195501
0.0209506
0.0224047
0.0239154
0.025508
0.0271708
0.0288896
0.0306787
0.032554
0.0345209
0.0365659
0.0386979
0.0408966
0.0431764
0.0455256
0.0479705
0.0505067
0.0531317
0.0558766
0.0586955
0.0616641
0.0647083
0.0679
0.0712022
0.074607
0.078311
0.00135081
0.00162542
0.000854318
-0.000581167
-0.00148986
-0.0010273
0.000256184
0.00141702
0.00236134
0.00340347
0.00453872
0.00551154
0.00634019
0.00725017
0.00821324
0.00917236
0.010199
0.011285
0.0123927
0.0134666
0.0145413
0.0157465
0.017019
0.0182574
0.0195551
0.0209565
0.0224105
0.0239204
0.0255121
0.0271744
0.0288932
0.0306822
0.0325573
0.0345236
0.0365677
0.038699
0.0408974
0.0431771
0.0455262
0.0479711
0.0505073
0.0531322
0.0558771
0.0586959
0.0616644
0.0647085
0.0679
0.071202
0.0746073
0.0783127
0.00144515
0.001761
0.00103391
-0.000337386
-0.0012913
-0.000951393
0.0002686
0.00142909
0.00238434
0.00343107
0.00456534
0.00553439
0.00636122
0.00726964
0.00822782
0.00918153
0.0102061
0.0112918
0.0123982
0.0134716
0.014548
0.0157544
0.0170255
0.0182623
0.0195602
0.0209626
0.0224165
0.0239255
0.0255163
0.0271782
0.0288969
0.0306859
0.0325606
0.0345264
0.0365696
0.0387002
0.0408982
0.0431778
0.0455268
0.0479717
0.0505079
0.0531328
0.0558776
0.0586963
0.0616647
0.0647086
0.0678999
0.0712019
0.0746076
0.0783143
0.00153663
0.00190105
0.00120931
-0.000100695
-0.00108769
-0.00086441
0.000285154
0.00144031
0.00240583
0.00345866
0.00459361
0.00555911
0.00638338
0.00728964
0.00824271
0.00919097
0.0102135
0.011299
0.0124041
0.0134768
0.014555
0.0157625
0.0170322
0.0182674
0.0195655
0.0209689
0.0224228
0.0239308
0.0255207
0.0271822
0.0289007
0.0306896
0.0325641
0.0345292
0.0365716
0.0387014
0.040899
0.0431785
0.0455275
0.0479724
0.0505085
0.0531334
0.0558781
0.0586967
0.061665
0.0647088
0.0678998
0.0712017
0.0746078
0.0783161
0.00162465
0.00204505
0.00138186
0.000128497
-0.000880518
-0.000766562
0.000306752
0.00145134
0.00242577
0.00348585
0.00462341
0.00558583
0.0064068
0.00731023
0.00825791
0.00920069
0.0102214
0.0113067
0.0124103
0.0134822
0.0145622
0.0157709
0.0170392
0.0182726
0.019571
0.0209754
0.0224292
0.0239362
0.0255253
0.0271863
0.0289047
0.0306935
0.0325676
0.0345322
0.0365737
0.0387027
0.0408999
0.0431793
0.0455282
0.047973
0.0505091
0.053134
0.0558786
0.0586972
0.0616653
0.0647089
0.0678998
0.0712016
0.0746081
0.0783178
0.0017097
0.00219228
0.00155288
0.000350175
-0.000671247
-0.000658465
0.000334144
0.00146297
0.00244425
0.00351225
0.00465448
0.00561465
0.00643168
0.00733147
0.0082734
0.00921069
0.0102296
0.0113149
0.0124168
0.0134878
0.0145697
0.0157797
0.0170464
0.018278
0.0195766
0.0209821
0.0224357
0.0239418
0.02553
0.0271905
0.0289088
0.0306975
0.0325713
0.0345352
0.0365758
0.038704
0.0409009
0.0431801
0.0455289
0.0479737
0.0505098
0.0531346
0.0558792
0.0586976
0.0616656
0.0647091
0.0678997
0.0712015
0.0746084
0.0783196
0.00179275
0.00234192
0.00172343
0.000564527
-0.000461218
-0.000540987
0.00036797
0.00147605
0.00246159
0.00353758
0.00468652
0.00564563
0.00645816
0.00735344
0.00828919
0.00922095
0.0102382
0.0113235
0.0124237
0.0134936
0.0145773
0.0157887
0.0170538
0.0182836
0.0195825
0.020989
0.0224425
0.0239475
0.0255349
0.0271949
0.028913
0.0307016
0.0325751
0.0345384
0.036578
0.0387054
0.0409019
0.0431809
0.0455296
0.0479744
0.0505104
0.0531353
0.0558797
0.058698
0.061666
0.0647092
0.0678996
0.0712013
0.0746086
0.0783214
0.0018754
0.00249317
0.00189425
0.00077195
-0.000251579
-0.00041511
0.000408767
0.00149143
0.0024782
0.00356158
0.00471911
0.00567872
0.0064864
0.00737625
0.0083053
0.00923149
0.0102473
0.0113326
0.0124309
0.0134995
0.0145852
0.0157981
0.0170615
0.0182893
0.0195886
0.0209961
0.0224495
0.0239534
0.0255399
0.0271994
0.0289173
0.0307058
0.032579
0.0345416
0.0365802
0.0387068
0.0409029
0.0431817
0.0455304
0.0479751
0.0505111
0.0531359
0.0558803
0.0586985
0.0616663
0.0647094
0.0678995
0.0712012
0.0746089
0.0783232
0.00195988
0.00264549
0.00206603
0.000972995
-4.343e-05
-0.000281945
0.000456827
0.00150995
0.00249464
0.00358412
0.00475182
0.00571383
0.00651655
0.00740001
0.00832178
0.00924232
0.0102568
0.0113422
0.0124385
0.0135058
0.0145933
0.0158078
0.0170695
0.0182953
0.0195949
0.0210035
0.0224566
0.0239595
0.0255452
0.0272041
0.0289218
0.0307102
0.032583
0.034545
0.0365826
0.0387083
0.040904
0.0431826
0.0455311
0.0479759
0.0505118
0.0531366
0.0558809
0.058699
0.0616667
0.0647095
0.0678995
0.0712011
0.0746092
0.078325
0.00204826
0.00279852
0.00223922
0.00116826
0.000162268
-0.000142644
0.00051212
0.00153231
0.00251161
0.00360523
0.00478424
0.00575076
0.00654872
0.00742485
0.00833866
0.00925346
0.0102668
0.0113524
0.0124466
0.0135122
0.0146017
0.0158179
0.0170778
0.0183014
0.0196015
0.0210111
0.022464
0.0239658
0.0255506
0.027209
0.0289265
0.0307147
0.0325871
0.0345484
0.036585
0.0387098
0.0409051
0.0431836
0.045532
0.0479767
0.0505126
0.0531373
0.0558815
0.0586995
0.0616671
0.0647097
0.0678994
0.071201
0.0746094
0.0783268
0.0021422
0.00295173
0.0024137
0.00135834
0.000364877
1.79548e-06
0.000574371
0.00155903
0.00252991
0.00362516
0.00481599
0.00578924
0.00658295
0.00745088
0.00835605
0.00926496
0.0102772
0.011363
0.012455
0.0135189
0.0146103
0.0158283
0.0170864
0.0183078
0.0196082
0.021019
0.0224716
0.0239723
0.0255561
0.027214
0.0289313
0.0307193
0.0325914
0.0345519
0.0365875
0.0387115
0.0409063
0.0431846
0.0455328
0.0479775
0.0505133
0.053138
0.0558822
0.0587
0.0616675
0.0647099
0.0678993
0.0712009
0.0746097
0.0783287
0.0022429
0.00310484
0.0025892
0.00154375
0.000563897
0.000150526
0.00064319
0.00159048
0.00255035
0.00364429
0.00484677
0.00582895
0.00661925
0.00747821
0.00837402
0.00927688
0.0102882
0.0113742
0.0124639
0.0135259
0.0146193
0.0158391
0.0170953
0.0183144
0.0196152
0.0210271
0.0224794
0.023979
0.0255619
0.0272192
0.0289362
0.0307241
0.0325958
0.0345556
0.0365901
0.0387132
0.0409075
0.0431856
0.0455337
0.0479783
0.0505141
0.0531388
0.0558828
0.0587005
0.0616679
0.0647101
0.0678992
0.0712008
0.07461
0.0783306
0.0023515
0.00325784
0.00276541
0.00172508
0.000758973
0.000302776
0.000717996
0.00162684
0.00257374
0.00366317
0.00487634
0.0058695
0.00665752
0.00750691
0.00839267
0.00928931
0.0102996
0.0113859
0.0124731
0.0135331
0.0146285
0.0158503
0.0171045
0.0183212
0.0196225
0.0210355
0.0224874
0.0239858
0.0255679
0.0272246
0.0289413
0.030729
0.0326003
0.0345593
0.0365927
0.0387149
0.0409088
0.0431867
0.0455346
0.0479792
0.0505149
0.0531395
0.0558835
0.058701
0.0616683
0.0647103
0.0678992
0.0712007
0.0746102
0.0783324
0.00246915
0.00341085
0.00294178
0.00190286
0.000949755
0.000457828
0.000798225
0.00166804
0.00260074
0.00368243
0.00490459
0.00591048
0.00669759
0.007537
0.0084121
0.00930236
0.0103117
0.0113981
0.0124828
0.0135406
0.014638
0.0158618
0.017114
0.0183282
0.0196299
0.0210441
0.0224956
0.0239929
0.0255741
0.0272302
0.0289466
0.030734
0.0326049
0.0345632
0.0365955
0.0387168
0.0409101
0.0431878
0.0455355
0.0479801
0.0505157
0.0531403
0.0558842
0.0587016
0.0616687
0.0647104
0.0678991
0.0712007
0.0746105
0.0783343
0.00259575
0.00356397
0.00311734
0.00207729
0.00113585
0.000615057
0.000883555
0.0017139
0.00263184
0.00370278
0.00493159
0.00595154
0.00673924
0.0075685
0.00843239
0.00931613
0.0103245
0.0114109
0.0124928
0.0135485
0.0146478
0.0158737
0.0171239
0.0183354
0.0196377
0.021053
0.0225041
0.0240002
0.0255804
0.027236
0.028952
0.0307392
0.0326097
0.0345671
0.0365983
0.0387187
0.0409115
0.0431889
0.0455365
0.047981
0.0505166
0.0531411
0.0558849
0.0587021
0.0616692
0.0647106
0.067899
0.0712006
0.0746108
0.0783362
0.00272968
0.00371734
0.0032912
0.00224871
0.00131697
0.000773826
0.000973688
0.00176402
0.00266734
0.00372506
0.00495764
0.00599238
0.00678218
0.00760133
0.00845361
0.00933078
0.0103381
0.0114242
0.0125032
0.0135565
0.014658
0.0158861
0.0171341
0.0183429
0.0196457
0.0210622
0.0225128
0.0240076
0.025587
0.0272419
0.0289576
0.0307446
0.0326146
0.0345712
0.0366013
0.0387207
0.040913
0.0431902
0.0455376
0.0479819
0.0505175
0.053142
0.0558856
0.0587027
0.0616696
0.0647108
0.0678989
0.0712006
0.0746111
0.0783381
0.00286771
0.00387115
0.00346277
0.00241747
0.0014929
0.000933421
0.00106844
0.00181798
0.00270734
0.00375006
0.00498321
0.00603275
0.00682606
0.00763535
0.00847581
0.0093464
0.0103525
0.0114382
0.0125139
0.0135649
0.0146685
0.0158989
0.0171446
0.0183507
0.0196539
0.0210716
0.0225217
0.0240153
0.0255938
0.0272481
0.0289634
0.03075
0.0326196
0.0345754
0.0366043
0.0387227
0.0409146
0.0431914
0.0455386
0.0479829
0.0505184
0.0531428
0.0558864
0.0587033
0.0616701
0.064711
0.0678988
0.0712006
0.0746114
0.07834
0.00300569
0.00402541
0.00363144
0.00258363
0.00166344
0.00109312
0.00116771
0.00187539
0.00275172
0.00377847
0.00500886
0.00607247
0.00687051
0.00767037
0.00849901
0.00936312
0.010368
0.0114528
0.012525
0.0135734
0.0146793
0.0159122
0.0171556
0.0183587
0.0196624
0.0210813
0.0225309
0.0240232
0.0256008
0.0272544
0.0289693
0.0307557
0.0326248
0.0345797
0.0366074
0.0387249
0.0409162
0.0431928
0.0455397
0.047984
0.0505194
0.0531437
0.0558872
0.0587039
0.0616706
0.0647112
0.0678988
0.0712006
0.0746116
0.0783419
0.00313932
0.00417973
0.00379699
0.0027472
0.00182845
0.00125203
0.00127132
0.00193604
0.00280028
0.00381083
0.00503519
0.0061115
0.00691521
0.00770613
0.00852318
0.00938104
0.0103846
0.0114682
0.0125365
0.0135821
0.0146904
0.015926
0.017167
0.0183669
0.0196711
0.0210913
0.0225403
0.0240314
0.025608
0.0272609
0.0289754
0.0307615
0.0326301
0.0345841
0.0366107
0.0387272
0.0409179
0.0431941
0.0455409
0.047985
0.0505203
0.0531446
0.055888
0.0587045
0.0616711
0.0647115
0.0678987
0.0712006
0.0746119
0.0783438
0.0032654
0.00433326
0.00395923
0.0029081
0.00198803
0.00140937
0.00137911
0.00199992
0.00285275
0.00384747
0.00506281
0.00614995
0.00695992
0.00774238
0.00854824
0.00940024
0.0104025
0.0114845
0.0125483
0.0135909
0.0147018
0.0159403
0.0171788
0.0183755
0.0196801
0.0211016
0.02255
0.0240397
0.0256154
0.0272677
0.0289817
0.0307675
0.0326355
0.0345887
0.036614
0.0387295
0.0409197
0.0431956
0.0455421
0.0479861
0.0505214
0.0531456
0.0558888
0.0587052
0.0616716
0.0647117
0.0678986
0.0712006
0.0746123
0.0783457
0.00338317
0.00448496
0.00411809
0.00306626
0.00214231
0.00156437
0.0014907
0.00206691
0.00290884
0.00388868
0.00509231
0.00618802
0.00700438
0.00777879
0.00857409
0.0094208
0.0104217
0.0115018
0.0125607
0.0135999
0.0147134
0.015955
0.0171911
0.0183843
0.0196893
0.0211122
0.02256
0.0240483
0.025623
0.0272747
0.0289882
0.0307736
0.0326411
0.0345933
0.0366174
0.0387319
0.0409215
0.0431971
0.0455433
0.0479873
0.0505224
0.0531465
0.0558897
0.0587058
0.0616721
0.0647119
0.0678986
0.0712007
0.0746126
0.0783476
0.00349365
0.0046339
0.00427384
0.00322178
0.00229132
0.00171603
0.00160556
0.00213694
0.00296826
0.00393471
0.00512425
0.00622594
0.00704847
0.00781514
0.00860052
0.00944273
0.0104423
0.0115202
0.0125738
0.013609
0.0147251
0.0159703
0.017204
0.0183934
0.0196988
0.0211231
0.0225702
0.0240571
0.0256309
0.0272818
0.0289949
0.0307799
0.0326469
0.0345981
0.036621
0.0387345
0.0409235
0.0431987
0.0455446
0.0479884
0.0505235
0.0531475
0.0558906
0.0587065
0.0616727
0.0647121
0.0678985
0.0712007
0.0746129
0.0783495
0.00359778
0.00477924
0.00442648
0.00337474
0.00243531
0.00186358
0.00172321
0.00221003
0.00303065
0.0039857
0.00515911
0.00626386
0.00709209
0.00785128
0.00862735
0.009466
0.0104644
0.0115397
0.0125875
0.0136183
0.0147368
0.0159859
0.0172174
0.0184029
0.0197085
0.0211342
0.0225807
0.0240661
0.025639
0.0272892
0.0290017
0.0307863
0.0326528
0.034603
0.0366246
0.0387371
0.0409255
0.0432003
0.045546
0.0479896
0.0505246
0.0531485
0.0558915
0.0587072
0.0616732
0.0647124
0.0678985
0.0712008
0.0746132
0.0783514
0.00369586
0.00492025
0.00457572
0.0035252
0.00257474
0.00200637
0.00184303
0.00228619
0.00309553
0.00404167
0.00519752
0.00630202
0.00713514
0.00788709
0.00865438
0.0094905
0.0104881
0.0115604
0.0126022
0.013628
0.0147485
0.0160019
0.0172314
0.0184128
0.0197185
0.0211456
0.0225915
0.0240754
0.0256473
0.0272968
0.0290088
0.0307929
0.0326588
0.0346081
0.0366284
0.0387399
0.0409276
0.0432021
0.0455474
0.0479909
0.0505258
0.0531496
0.0558924
0.0587079
0.0616738
0.0647126
0.0678984
0.071201
0.0746136
0.0783532
0.00378824
0.00505642
0.00472098
0.00367282
0.00271
0.00214393
0.00196434
0.00236569
0.00316245
0.00410232
0.0052401
0.00634068
0.00717748
0.00792253
0.0086815
0.00951605
0.0105133
0.0115823
0.0126177
0.013638
0.0147602
0.016018
0.017246
0.0184232
0.0197287
0.0211573
0.0226026
0.024085
0.0256558
0.0273046
0.029016
0.0307997
0.032665
0.0346133
0.0366323
0.0387427
0.0409298
0.0432039
0.0455489
0.0479922
0.050527
0.0531506
0.0558933
0.0587086
0.0616744
0.0647129
0.0678984
0.0712011
0.0746139
0.0783551
0.00387535
0.00518752
0.00486206
0.00381741
0.00284147
0.00227576
0.00208612
0.00244875
0.00323117
0.00416711
0.00528745
0.00638033
0.00721882
0.00795753
0.00870871
0.00954245
0.0105401
0.0116056
0.0126342
0.0136487
0.014772
0.0160344
0.0172612
0.0184341
0.0197391
0.0211692
0.022614
0.0240948
0.0256645
0.0273126
0.0290234
0.0308066
0.0326713
0.0346186
0.0366363
0.0387457
0.0409322
0.0432058
0.0455504
0.0479936
0.0505282
0.0531517
0.0558943
0.0587093
0.061675
0.0647132
0.0678984
0.0712013
0.0746143
0.0783569
0.00395675
0.00531346
0.0049988
0.00395868
0.00296952
0.0024017
0.00220739
0.00253543
0.00330151
0.00423518
0.00533983
0.00642172
0.00725907
0.00799194
0.0087361
0.00956951
0.0105682
0.0116303
0.0126517
0.0136599
0.0147839
0.0160508
0.0172768
0.0184454
0.0197499
0.0211814
0.0226256
0.0241048
0.0256735
0.0273209
0.029031
0.0308137
0.0326778
0.034624
0.0366404
0.0387487
0.0409346
0.0432077
0.045552
0.0479949
0.0505295
0.0531528
0.0558953
0.0587101
0.0616757
0.0647134
0.0678984
0.0712015
0.0746147
0.0783587
0.00403221
0.00543393
0.00513056
0.00409597
0.00309439
0.00252186
0.0023274
0.00262584
0.00337356
0.0043055
0.00539696
0.00646572
0.00729833
0.00802542
0.00876376
0.00959715
0.0105975
0.0116564
0.0126703
0.0136718
0.0147961
0.0160673
0.0172927
0.0184573
0.0197611
0.0211938
0.0226375
0.0241151
0.0256827
0.0273293
0.0290388
0.030821
0.0326844
0.0346296
0.0366447
0.0387519
0.0409371
0.0432098
0.0455536
0.0479964
0.0505308
0.053154
0.0558964
0.0587109
0.0616763
0.0647137
0.0678984
0.0712017
0.0746151
0.0783604
0.00410205
0.00554859
0.00525678
0.00422872
0.00321642
0.00263627
0.00244523
0.00271997
0.00344769
0.00437721
0.00545814
0.00651312
0.00733713
0.00805759
0.00879162
0.00962545
0.0106278
0.011684
0.0126901
0.0136845
0.0148085
0.0160839
0.017309
0.0184697
0.0197726
0.0212065
0.0226497
0.0241257
0.0256921
0.027338
0.0290468
0.0308284
0.0326911
0.0346353
0.036649
0.0387552
0.0409397
0.0432119
0.0455553
0.0479979
0.0505321
0.0531552
0.0558975
0.0587116
0.061677
0.064714
0.0678984
0.071202
0.0746155
0.0783622
0.00416577
0.00565684
0.00537736
0.00435622
0.00333579
0.00274507
0.00255987
0.00281779
0.00352457
0.0044498
0.00552221
0.00656412
0.00737639
0.00808825
0.0088194
0.00965455
0.0106588
0.0117129
0.0127111
0.0136977
0.0148214
0.0161008
0.0173255
0.0184824
0.0197845
0.0212195
0.0226621
0.0241365
0.0257018
0.0273469
0.029055
0.030836
0.032698
0.0346412
0.0366535
0.0387586
0.0409424
0.0432141
0.0455571
0.0479994
0.0505335
0.0531564
0.0558986
0.0587124
0.0616777
0.0647144
0.0678984
0.0712023
0.0746159
0.0783639
0.00422323
0.00575794
0.00549247
0.00447772
0.00345261
0.00284878
0.00267001
0.00291879
0.00360486
0.00452321
0.0055881
0.0066183
0.00741717
0.00811766
0.00884648
0.00968444
0.0106906
0.0117431
0.0127334
0.0137115
0.0148347
0.0161182
0.0173423
0.0184953
0.0197967
0.0212329
0.0226749
0.0241475
0.0257116
0.0273559
0.0290633
0.0308437
0.0327051
0.0346471
0.0366581
0.0387621
0.0409453
0.0432164
0.0455589
0.048001
0.050535
0.0531576
0.0558997
0.0587133
0.0616784
0.0647147
0.0678985
0.0712026
0.0746164
0.0783656
0.0042758
0.00585122
0.00560264
0.00459288
0.00356654
0.00294835
0.00277432
0.00302178
0.00368918
0.00459788
0.005655
0.00667468
0.00746027
0.00814668
0.00887236
0.00971484
0.0107233
0.0117743
0.0127573
0.013726
0.0148481
0.0161361
0.0173595
0.0185083
0.0198091
0.0212468
0.022688
0.0241587
0.0257217
0.0273652
0.0290718
0.0308516
0.0327123
0.0346533
0.0366628
0.0387657
0.0409482
0.0432188
0.0455608
0.0480026
0.0505365
0.0531589
0.0559008
0.0587141
0.0616791
0.064715
0.0678985
0.071203
0.0746168
0.0783672
0.00432546
0.0059363
0.00570832
0.00470176
0.00367639
0.00304458
0.00287174
0.00312488
0.00377818
0.00467445
0.00572269
0.00673217
0.00750556
0.00817645
0.00889687
0.00974518
0.010757
0.0118066
0.0127825
0.0137412
0.0148616
0.0161546
0.0173774
0.0185213
0.0198216
0.0212611
0.0227015
0.0241701
0.0257319
0.0273747
0.0290806
0.0308596
0.0327196
0.0346595
0.0366676
0.0387694
0.0409512
0.0432213
0.0455628
0.0480043
0.050538
0.0531602
0.055902
0.0587149
0.0616799
0.0647154
0.0678986
0.0712033
0.0746173
0.0783688
0.00437343
0.00601218
0.0058092
0.00480564
0.00378152
0.00313829
0.00296177
0.00322531
0.00387193
0.00475379
0.00579149
0.00679013
0.00755212
0.00820793
0.00892043
0.00977464
0.0107916
0.0118399
0.0128092
0.0137572
0.0148749
0.0161737
0.0173962
0.0185344
0.019834
0.0212758
0.0227155
0.0241817
0.0257422
0.0273844
0.0290895
0.0308678
0.0327271
0.0346659
0.0366725
0.0387732
0.0409544
0.0432238
0.0455649
0.048006
0.0505396
0.0531615
0.0559032
0.0587158
0.0616806
0.0647158
0.0678986
0.0712037
0.0746178
0.0783704
0.00442088
0.00607881
0.00590412
0.00490617
0.00388167
0.00322974
0.00304466
0.00331981
0.00396953
0.00483699
0.00586167
0.0068486
0.00759887
0.00824144
0.0089441
0.00980267
0.0108268
0.0118745
0.0128372
0.0137741
0.0148878
0.0161931
0.0174163
0.0185477
0.0198458
0.0212908
0.0227302
0.0241936
0.0257526
0.0273943
0.0290986
0.0308761
0.0327347
0.0346725
0.0366776
0.0387771
0.0409576
0.0432265
0.045567
0.0480078
0.0505412
0.0531628
0.0559045
0.0587167
0.0616814
0.0647162
0.0678987
0.0712042
0.0746183
0.0783719
0.00446766
0.00613709
0.00599108
0.00500438
0.00397724
0.00331863
0.00312171
0.00340536
0.00406863
0.00492504
0.00593368
0.00690836
0.00764508
0.00827599
0.00896896
0.00982923
0.0108617
0.0119105
0.0128667
0.013792
0.0149004
0.0162125
0.0174378
0.0185615
0.019857
0.0213058
0.0227456
0.0242059
0.0257631
0.0274043
0.0291078
0.0308845
0.0327424
0.0346791
0.0366827
0.0387811
0.0409609
0.0432292
0.0455692
0.0480097
0.0505429
0.0531642
0.0559058
0.0587176
0.0616822
0.0647166
0.0678988
0.0712047
0.0746188
0.0783734
0.00451242
0.0061888
0.00606788
0.00509935
0.00406948
0.003405
0.00319507
0.00347996
0.00416554
0.00501839
0.00600814
0.00697022
0.00769105
0.00831007
0.00899556
0.00985501
0.0108957
0.0119478
0.0128978
0.013811
0.0149125
0.0162316
0.017461
0.0185763
0.0198674
0.0213206
0.0227617
0.0242186
0.0257736
0.0274144
0.0291172
0.030893
0.0327502
0.0346859
0.036688
0.0387851
0.0409644
0.0432321
0.0455714
0.0480116
0.0505446
0.0531656
0.0559071
0.0587185
0.061683
0.0647171
0.0678989
0.0712052
0.0746194
0.0783748
0.00455289
0.006236
0.00613349
0.00518813
0.00415944
0.00348915
0.00326729
0.0035439
0.00425516
0.00511574
0.00608555
0.00703493
0.00773835
0.00834224
0.00902306
0.00988108
0.0109284
0.011986
0.0129305
0.0138311
0.0149243
0.0162499
0.0174855
0.0185925
0.0198772
0.0213347
0.0227785
0.024232
0.0257842
0.0274245
0.0291268
0.0309017
0.0327582
0.0346929
0.0366933
0.0387893
0.0409679
0.043235
0.0455738
0.0480135
0.0505463
0.053167
0.0559084
0.0587195
0.0616838
0.0647176
0.067899
0.0712057
0.07462
0.0783762
0.00458668
0.00627965
0.00618872
0.00526758
0.00424663
0.00357116
0.00334115
0.00360023
0.00433235
0.00521408
0.00616625
0.00710276
0.00778907
0.00837214
0.00904949
0.00990817
0.0109602
0.0120246
0.0129651
0.0138523
0.0149359
0.0162674
0.017511
0.0186106
0.0198865
0.0213479
0.0227957
0.0242461
0.0257949
0.0274346
0.0291364
0.0309104
0.0327662
0.0346999
0.0366988
0.0387935
0.0409715
0.0432379
0.0455762
0.0480155
0.0505481
0.0531685
0.0559097
0.0587205
0.0616846
0.0647181
0.0678992
0.0712062
0.0746206
0.0783776
0.00461222
0.00631923
0.00623592
0.0053349
0.0043289
0.00365054
0.00341854
0.00365391
0.00439418
0.0053081
0.00624991
0.00717336
0.00784543
0.00840152
0.00907244
0.00993578
0.0109918
0.0120634
0.0130014
0.0138747
0.0149472
0.0162838
0.0175373
0.0186306
0.0198957
0.0213598
0.0228131
0.0242611
0.0258059
0.0274446
0.0291461
0.0309192
0.0327744
0.0347071
0.0367043
0.0387979
0.0409752
0.043241
0.0455786
0.0480175
0.05055
0.05317
0.0559111
0.0587214
0.0616854
0.0647186
0.0678993
0.0712068
0.0746212
0.0783789
0.00462842
0.00635188
0.00627698
0.00538932
0.00440409
0.00372655
0.00349901
0.00371089
0.0044418
0.00539113
0.00633453
0.00724588
0.00790918
0.00843358
0.00909005
0.00996172
0.0110241
0.0121025
0.0130396
0.0138982
0.0149581
0.0162991
0.017564
0.0186527
0.0199055
0.0213705
0.0228302
0.0242769
0.0258174
0.0274546
0.0291558
0.0309281
0.0327827
0.0347144
0.0367099
0.0388022
0.040979
0.0432441
0.0455812
0.0480196
0.0505518
0.0531715
0.0559125
0.0587225
0.0616863
0.0647192
0.0678995
0.0712074
0.0746218
0.0783801
0.00463601
0.00637316
0.00631235
0.00543223
0.00447008
0.00379805
0.00357969
0.00377627
0.00448003
0.00545767
0.00641621
0.00731909
0.00798041
0.00847258
0.00910274
0.0099828
0.011057
0.0121427
0.0130795
0.0139229
0.0149684
0.0163135
0.0175908
0.0186764
0.0199161
0.0213801
0.0228466
0.0242933
0.0258295
0.0274646
0.0291653
0.030937
0.032791
0.0347218
0.0367156
0.0388067
0.0409828
0.0432473
0.0455837
0.0480217
0.0505537
0.0531731
0.0559139
0.0587235
0.0616871
0.0647198
0.0678997
0.071208
0.0746225
0.0783813
0.00463869
0.00638041
0.00634035
0.00546529
0.00452521
0.00386387
0.00365727
0.00385173
0.00451619
0.00550575
0.0064893
0.00739066
0.00805746
0.008523
0.00911372
0.00999542
0.0110883
0.0121851
0.0131219
0.0139488
0.0149776
0.0163267
0.0176177
0.0187015
0.0199279
0.0213891
0.0228619
0.02431
0.0258424
0.0274747
0.0291745
0.0309458
0.0327995
0.0347293
0.0367214
0.0388111
0.0409867
0.0432506
0.0455864
0.0480239
0.0505556
0.0531746
0.0559153
0.0587246
0.0616879
0.0647204
0.0678999
0.0712086
0.0746231
0.0783825
0.00464116
0.00637377
0.00635682
0.0054882
0.00456837
0.00392373
0.00372886
0.00393455
0.004559
0.00553834
0.00654786
0.0074567
0.00813755
0.00858792
0.00912809
0.00999743
0.0111143
0.0122301
0.0131679
0.0139765
0.0149851
0.0163385
0.0176452
0.0187275
0.0199408
0.021398
0.0228759
0.0243265
0.0258563
0.0274853
0.0291835
0.0309543
0.0328081
0.034737
0.0367272
0.0388156
0.0409906
0.0432539
0.0455891
0.0480261
0.0505576
0.0531762
0.0559167
0.0587256
0.0616888
0.064721
0.0679002
0.0712092
0.0746238
0.0783836
0.00464519
0.0063548
0.00635778
0.00549912
0.00459729
0.0039773
0.00379366
0.00401941
0.00461423
0.00556195
0.00658844
0.00751228
0.00821653
0.00866726
0.0091528
0.00999045
0.01113
0.0122762
0.0132195
0.0140068
0.0149905
0.0163481
0.0176734
0.0187543
0.0199543
0.0214074
0.0228888
0.0243422
0.0258708
0.0274965
0.0291923
0.0309626
0.0328166
0.0347447
0.0367331
0.0388201
0.0409946
0.0432572
0.0455919
0.0480284
0.0505596
0.0531778
0.0559182
0.0587267
0.0616896
0.0647217
0.0679004
0.0712099
0.0746245
0.0783847
0.00464864
0.00632397
0.00633863
0.00549593
0.00460986
0.00402247
0.00385388
0.00410215
0.00468185
0.00558532
0.00661197
0.00755244
0.00828871
0.00875792
0.00919478
0.00997911
0.0111303
0.0123194
0.0132783
0.0140418
0.0149933
0.0163542
0.0177026
0.0187822
0.0199679
0.0214176
0.0229012
0.0243566
0.0258857
0.0275086
0.0292009
0.0309704
0.0328252
0.0347527
0.036739
0.0388246
0.0409985
0.0432606
0.0455947
0.0480307
0.0505616
0.0531794
0.0559196
0.0587278
0.0616905
0.0647224
0.0679007
0.0712105
0.0746253
0.0783857
0.00464318
0.00628131
0.00629559
0.00547469
0.00460544
0.00405563
0.00391113
0.00418139
0.00475837
0.00561541
0.00662226
0.00757391
0.00834816
0.00885522
0.00925819
0.00997075
0.0111131
0.0123536
0.0133446
0.0140845
0.0149939
0.0163554
0.0177326
0.0188117
0.0199812
0.0214285
0.0229135
0.0243694
0.0259005
0.0275218
0.0292096
0.0309775
0.0328335
0.0347608
0.036745
0.0388291
0.0410024
0.043264
0.0455976
0.048033
0.0505635
0.0531811
0.0559211
0.058729
0.0616914
0.0647231
0.0679011
0.0712112
0.074626
0.0783867
0.00461604
0.00622297
0.00622882
0.00543166
0.00458303
0.00407306
0.00396426
0.0042583
0.00484063
0.00565545
0.00662614
0.00757649
0.00838851
0.00895191
0.00934322
0.00997573
0.0110815
0.0123705
0.0134154
0.0141389
0.0149939
0.0163498
0.0177622
0.0188438
0.0199938
0.0214395
0.0229265
0.0243806
0.0259145
0.027536
0.0292187
0.0309841
0.0328415
0.0347689
0.0367512
0.0388336
0.0410062
0.0432674
0.0456005
0.0480354
0.0505655
0.0531827
0.0559226
0.0587301
0.0616922
0.0647238
0.0679014
0.0712118
0.0746267
0.0783876
0.00455803
0.006139
0.00613705
0.0053654
0.00454312
0.00407453
0.00401062
0.00433291
0.00492574
0.00570435
0.00663122
0.00756473
0.00840566
0.00903842
0.00944525
0.0100034
0.0110425
0.0123629
0.0134846
0.0142088
0.0149969
0.0163358
0.0177898
0.018879
0.0200062
0.0214496
0.0229403
0.0243909
0.025927
0.027551
0.0292285
0.0309901
0.0328489
0.0347771
0.0367575
0.0388381
0.0410098
0.0432707
0.0456034
0.0480377
0.0505675
0.0531844
0.055924
0.0587313
0.0616931
0.0647246
0.0679018
0.0712124
0.0746275
0.0783885
0.00446613
0.00601848
0.00601197
0.00527057
0.00448387
0.00406294
0.00405312
0.00440716
0.00501245
0.00575784
0.00663834
0.00754518
0.00840071
0.0091066
0.00955716
0.0100578
0.0110073
0.0123281
0.013543
0.0142951
0.0150083
0.0163131
0.0178127
0.0189184
0.0200198
0.0214584
0.0229552
0.024401
0.0259377
0.0275661
0.0292395
0.0309958
0.0328555
0.0347852
0.0367641
0.0388426
0.0410133
0.043274
0.0456064
0.0480401
0.0505694
0.053186
0.0559255
0.0587324
0.0616939
0.0647253
0.0679022
0.071213
0.0746282
0.0783893
0.00434456
0.00585912
0.00584852
0.00514072
0.00439783
0.004032
0.00409064
0.00448384
0.00510498
0.00581856
0.00664696
0.00752408
0.00837741
0.00915058
0.00966856
0.0101367
0.0109873
0.0122707
0.0135769
0.0143939
0.0150331
0.0162824
0.017826
0.0189602
0.0200356
0.0214643
0.0229697
0.0244116
0.0259464
0.0275803
0.0292515
0.0310015
0.0328611
0.0347928
0.0367709
0.0388471
0.0410166
0.0432772
0.0456095
0.0480426
0.0505714
0.0531876
0.055927
0.0587336
0.0616948
0.0647261
0.0679026
0.0712136
0.0746289
0.0783901
0.00418875
0.00565672
0.00564959
0.00498113
0.00428888
0.00397872
0.00411446
0.00455322
0.00519518
0.00588371
0.00665616
0.00750686
0.00834526
0.00917238
0.00977516
0.0102382
0.0109958
0.0122039
0.0135809
0.0145005
0.0150832
0.0162493
0.0178281
0.0190044
0.0200574
0.0214685
0.022983
0.0244241
0.0259539
0.0275932
0.0292647
0.0310079
0.0328657
0.0347999
0.036778
0.0388517
0.0410196
0.0432802
0.0456126
0.048045
0.0505732
0.0531893
0.0559284
0.0587347
0.0616956
0.0647269
0.0679031
0.0712142
0.0746296
0.0783909
0.00396503
0.00538522
0.00540348
0.00480266
0.00417746
0.00392223
0.00413602
0.00461863
0.00527312
0.00593965
0.00665255
0.00748066
0.008301
0.00916248
0.00985878
0.0103441
0.0110268
0.0121305
0.0135423
0.0145941
0.0151567
0.0162162
0.0178113
0.0190457
0.0200853
0.0214703
0.0229924
0.024438
0.0259607
0.0276031
0.0292781
0.0310153
0.0328692
0.0348058
0.0367853
0.0388566
0.0410223
0.0432831
0.0456157
0.0480474
0.050575
0.0531909
0.0559298
0.0587358
0.0616965
0.0647277
0.0679035
0.0712148
0.0746303
0.0783916
0.0036362
0.00498752
0.00507113
0.00458926
0.00407753
0.00389456
0.00418814
0.00471734
0.00537123
0.0060215
0.00666766
0.00746906
0.00827444
0.00914086
0.00992832
0.0104608
0.0110963
0.0120871
0.0134739
0.0146704
0.0152614
0.0161999
0.0177776
0.0190822
0.0201235
0.0214726
0.0229973
0.0244538
0.0259691
0.0276103
0.0292913
0.0310246
0.0328721
0.0348105
0.0367928
0.0388616
0.0410246
0.0432857
0.0456188
0.0480499
0.0505768
0.0531924
0.0559313
0.0587369
0.0616973
0.0647285
0.0679041
0.0712154
0.074631
0.0783922
0.00323001
0.00439476
0.00450478
0.00418827
0.00387315
0.0038052
0.00418676
0.00477009
0.00541607
0.00606729
0.00666685
0.00744312
0.00824662
0.00909773
0.00995948
0.010556
0.011176
0.0120676
0.013377
0.0147002
0.0153817
0.0162035
0.0177245
0.0191054
0.0201709
0.0214767
0.0229951
0.0244694
0.0259789
0.0276141
0.0293027
0.0310353
0.0328746
0.0348136
0.0368003
0.038867
0.0410265
0.0432879
0.0456218
0.0480522
0.0505784
0.0531939
0.0559326
0.058738
0.0616981
0.0647293
0.0679045
0.0712159
0.0746316
0.0783928
0.0033694
0.00421687
0.00418094
0.00392907
0.00378205
0.0038266
0.00423436
0.00484097
0.00546232
0.00611001
0.00668622
0.0074201
0.00823027
0.00906342
0.00996811
0.0106385
0.0112664
0.0120865
0.0132842
0.0146849
0.0155096
0.0162429
0.0176596
0.0191106
0.0202259
0.021486
0.0229866
0.0244841
0.025992
0.0276158
0.0293121
0.0310477
0.0328772
0.0348151
0.0368075
0.0388728
0.0410284
0.0432902
0.0456251
0.0480549
0.05058
0.0531954
0.055934
0.0587391
0.0616989
0.0647301
0.0679053
0.0712164
0.0746322
0.0783933
0.00169556
0.00287608
0.00338331
0.00358385
0.00375963
0.00393627
0.00430896
0.00489273
0.00548751
0.00613747
0.00672444
0.00741188
0.00822419
0.00903969
0.00995713
0.0107045
0.0113555
0.0121334
0.0132112
0.0146266
0.0156255
0.0163179
0.0175932
0.0190959
0.0202859
0.0215024
0.0229733
0.0244959
0.0260075
0.0276158
0.0293184
0.0310607
0.0328799
0.0348149
0.0368139
0.0388782
0.0410293
0.0432915
0.0456276
0.0480572
0.0505814
0.0531968
0.0559353
0.0587401
0.0616997
0.064731
0.0679058
0.0712169
0.0746327
0.0783937
0.000813471
0.00127635
0.00213733
0.00296057
0.00360411
0.00398861
0.00435057
0.00489993
0.00547987
0.00612585
0.00673995
0.00739267
0.0082005
0.00901237
0.00992358
0.0107417
0.0114274
0.0121879
0.0131581
0.0145327
0.0157087
0.0164174
0.017529
0.0190591
0.0203425
0.0215239
0.022956
0.0245038
0.0260245
0.0276153
0.029322
0.0310744
0.0328837
0.0348139
0.0368202
0.0388846
0.0410309
0.0432933
0.0456306
0.0480565
0.0505827
0.053198
0.0559364
0.058741
0.0617002
0.0647317
0.0679061
0.0712172
0.0746331
0.0783941
0.000437884
0.00182518
0.0025988
0.00309673
0.00355283
0.00399126
0.00439781
0.00493603
0.00550892
0.00612997
0.00677401
0.00740728
0.00819768
0.00901236
0.0098986
0.0107708
0.0114926
0.012259
0.0131497
0.0144359
0.015762
0.0165395
0.0174873
0.0190096
0.0203947
0.0215531
0.0229387
0.0245074
0.0260423
0.0276146
0.0293224
0.0310866
0.0328874
0.0348113
0.0368244
0.0388895
0.0410314
0.043294
0.0456327
0.0480586
0.0505841
0.0531994
0.0559377
0.0587421
0.0617011
0.0647328
0.0679069
0.0712177
0.0746335
0.0783944
-0.000500752
-4.43314e-06
0.00109941
0.00227582
0.00325972
0.00399788
0.00447849
0.00496287
0.00550863
0.00609277
0.00676414
0.00740673
0.00817806
0.00900801
0.00986135
0.0107676
0.0115191
0.012295
0.0131672
0.0143449
0.0157638
0.0166511
0.0174688
0.0189503
0.020427
0.0215836
0.0229256
0.0245055
0.0260578
0.0276163
0.0293208
0.0310968
0.0328926
0.0348094
0.0368279
0.0388948
0.0410327
0.0432948
0.0456347
0.0480603
0.050585
0.0532001
0.0559384
0.0587426
0.0617014
0.0647334
0.067907
0.0712178
0.0746337
0.0783945
-0.00155717
1.20659e-05
0.00128962
0.002376
0.00328525
0.00402529
0.00454725
0.00500664
0.00553566
0.00610397
0.00676881
0.0074264
0.00817772
0.00901548
0.00985617
0.0107657
0.0115384
0.0123116
0.0131953
0.0143184
0.0157369
0.0167127
0.0174903
0.0189116
0.0204352
0.0216074
0.0229233
0.0245026
0.026066
0.02762
0.0293199
0.0311019
0.0328982
0.0348092
0.0368291
0.0388983
0.0410343
0.043296
0.0456368
0.0480624
0.0505872
0.0532017
0.0559399
0.0587437
0.0617022
0.0647347
0.0679078
0.0712183
0.074634
0.0783945
)
;

boundaryField
{
    zeroGradientPlanes
    {
        type            zeroGradient;
    }
    inlet
    {
        type            zeroGradient;
    }
    plate
    {
        type            zeroGradient;
    }
    frontAndBack
    {
        type            empty;
    }
}


// ************************************************************************* //
