/*--------------------------------*- C++ -*----------------------------------*\
| =========                 |                                                 |
| \\      /  F ield         | OpenFOAM: The Open Source CFD Toolbox           |
|  \\    /   O peration     | Version:  v2012                                 |
|   \\  /    A nd           | Website:  www.openfoam.com                      |
|    \\/     M anipulation  |                                                 |
\*---------------------------------------------------------------------------*/
FoamFile
{
    version     2.0;
    format      ascii;
    class       volScalarField;
    location    "6";
    object      p;
}
// * * * * * * * * * * * * * * * * * * * * * * * * * * * * * * * * * * * * * //

dimensions      [0 2 -2 0 0 0 0];


internalField   nonuniform List<scalar> 
7000
(
-2.54725e-10
0.00850654
-0.00890141
-0.00310433
0.00765281
0.0060171
0.00761556
0.00892496
0.00583786
0.00609024
0.00588834
0.00701305
0.00598528
0.00801085
0.00752108
0.00849524
0.008519
0.0097337
0.0109554
0.0131611
1.13819e-05
0.0084372
-0.0088218
-0.00309381
0.00764731
0.00605681
0.00757462
0.00889549
0.00584915
0.00609325
0.00589875
0.00700541
0.00598802
0.00799599
0.00752056
0.00848632
0.0085198
0.00972605
0.0109593
0.0130344
2.02651e-05
0.00836837
-0.00875766
-0.00306889
0.00765565
0.00607811
0.00752001
0.0088528
0.0058704
0.00609468
0.00591414
0.00698715
0.00599405
0.00796397
0.00752775
0.00846523
0.00852749
0.00970686
0.0109593
0.0128371
2.67801e-05
0.0082932
-0.00869642
-0.00300442
0.00767321
0.00608095
0.00745816
0.00880532
0.00589153
0.00609333
0.00592963
0.0069611
0.00600079
0.00792516
0.00753696
0.0084424
0.00853512
0.00968424
0.0109462
0.0126335
3.20186e-05
0.00821138
-0.00863082
-0.00290059
0.00769218
0.00607103
0.00739461
0.00875293
0.00591158
0.00609004
0.00594711
0.00692768
0.00600776
0.00788106
0.0075462
0.00841944
0.00854534
0.0096591
0.0109247
0.012448
3.66663e-05
0.00812552
-0.00855588
-0.00277316
0.00770312
0.00605278
0.00733447
0.00869775
0.00593182
0.00608573
0.00596872
0.00688732
0.00601582
0.00783104
0.00755787
0.00839576
0.0085616
0.00963106
0.0108976
0.0122822
4.1443e-05
0.00803889
-0.00846854
-0.00263763
0.00769758
0.00603129
0.00728146
0.00864244
0.00595182
0.00608131
0.00599483
0.00684213
0.00602635
0.00777614
0.00757337
0.00837064
0.00858261
0.00959981
0.0108631
0.0121295
4.70719e-05
0.0079539
-0.00836677
-0.00250438
0.00767036
0.00601077
0.00723696
0.00858831
0.00597044
0.00607733
0.006025
0.00679494
0.00604046
0.00771766
0.00759202
0.00834279
0.00860474
0.00956508
0.0108182
0.011985
5.40639e-05
0.00787168
-0.00824978
-0.00237904
0.00762052
0.00599342
0.00720037
0.00853591
0.00598713
0.00607347
0.00605852
0.00674778
0.00605837
0.00765652
0.00761291
0.00831111
0.00862493
0.00952691
0.0107612
0.0118457
6.26347e-05
0.00779223
-0.00811813
-0.00226324
0.00755055
0.00597948
0.00717036
0.00848557
0.00600199
0.00606885
0.0060946
0.00670156
0.00607965
0.00759383
0.00763587
0.00827526
0.0086413
0.00948555
0.0106919
0.0117097
7.27662e-05
0.0077148
-0.00797342
-0.00215581
0.00746461
0.00596795
0.00714583
0.00843717
0.0060155
0.0060624
0.00613262
0.00665649
0.00610375
0.00753095
0.00766096
0.00823573
0.00865249
0.0094412
0.0106112
0.0115753
8.43274e-05
0.00763838
-0.00781781
-0.0020544
0.00736722
0.0059575
0.00712432
0.00838998
0.00602827
0.00605337
0.00617226
0.00661239
0.0061301
0.00746889
0.00768767
0.00819372
0.00865733
0.00939408
0.0105203
0.0114411
9.71843e-05
0.007562
-0.00765348
-0.00195662
0.00726231
0.00594695
0.00710446
0.00834293
0.00604094
0.0060415
0.00621346
0.00656875
0.00615806
0.00740803
0.00771483
0.00815081
0.00865456
0.00934463
0.0104207
0.0113057
0.000111256
0.0074849
-0.00748228
-0.00186051
0.00715295
0.00593551
0.00708515
0.00829498
0.00605402
0.00602685
0.0062562
0.00652496
0.00618698
0.00734847
0.00774091
0.00810859
0.00864305
0.0092933
0.0103138
0.0111683
0.000126519
0.00740652
-0.00730556
-0.00176462
0.00704136
0.00592277
0.00706549
0.00824544
0.00606796
0.00600926
0.00630038
0.00648054
0.00621618
0.00729045
0.00776414
0.00806842
0.00862201
0.00924013
0.0102011
0.0110285
0.000142979
0.00732645
-0.00712422
-0.00166791
0.00692911
0.00590858
0.00704495
0.00819391
0.0060831
0.00598875
0.00634579
0.00643532
0.00624488
0.00723446
0.00778272
0.00803144
0.00859106
0.00918463
0.010084
0.0108859
0.000160649
0.00724442
-0.00693879
-0.00156964
0.00681741
0.00589294
0.00702337
0.00814023
0.00609964
0.00596531
0.00639221
0.00638957
0.00627211
0.00718114
0.00779513
0.00799842
0.00855026
0.0091259
0.00996371
0.0107406
0.000179531
0.0071602
-0.00674959
-0.00146923
0.00670719
0.0058759
0.00700076
0.00808433
0.00611772
0.00593892
0.00643931
0.00634401
0.00629663
0.00713124
0.00780018
0.00796946
0.00850022
0.0090627
0.00984106
0.0105928
0.000199619
0.00707365
-0.00655683
-0.00136635
0.00659925
0.00585748
0.00697718
0.00802615
0.00613746
0.0059097
0.00648657
0.00629977
0.00631708
0.00708561
0.00779696
0.00794388
0.00844203
0.00899372
0.00971676
0.0104433
0.000220916
0.0069847
-0.00636063
-0.00126094
0.00649418
0.00583767
0.00695268
0.00796559
0.00615891
0.00587798
0.00653326
0.00625807
0.00633207
0.00704518
0.00778492
0.00792029
0.00837705
0.0089178
0.00959109
0.0102927
0.000243441
0.00689335
-0.00616102
-0.00115323
0.00639242
0.00581639
0.0069272
0.00790249
0.00618213
0.00584431
0.00657841
0.00622019
0.00634019
0.00701057
0.00776433
0.00789697
0.00830688
0.00883399
0.00946343
0.0101418
0.000267232
0.00679962
-0.00595795
-0.00104371
0.00629417
0.00579351
0.00690062
0.00783675
0.00620713
0.0058094
0.00662066
0.00618753
0.00634041
0.00698153
0.00773576
0.00787211
0.00823317
0.00874246
0.0093332
0.00999081
0.000292341
0.0067036
-0.00575126
-0.000933071
0.0061995
0.00576894
0.00687279
0.00776823
0.00623378
0.00577421
0.00665834
0.00616114
0.00633242
0.00695767
0.00769985
0.0078432
0.00815671
0.00864418
0.00920096
0.00983987
0.000318827
0.00660536
-0.0055408
-0.000822021
0.0061084
0.00574266
0.00684356
0.00769691
0.00626171
0.00574005
0.00669007
0.00614168
0.00631578
0.00693826
0.00765832
0.00780839
0.00807712
0.00853933
0.00906728
0.00969017
0.000346745
0.00650498
-0.00532639
-0.000711238
0.00602082
0.00571471
0.00681269
0.00762298
0.00629044
0.00570793
0.0067147
0.00612983
0.00629051
0.00692136
0.00761257
0.00776721
0.00799477
0.00842765
0.00893176
0.00954284
0.000376153
0.00640254
-0.00510792
-0.000601321
0.00593677
0.00568524
0.00677998
0.0075466
0.00631934
0.00567888
0.00673106
0.00612559
0.00625744
0.00690551
0.00756338
0.00771826
0.00791069
0.00831024
0.00879323
0.00939816
0.000407114
0.00629809
-0.00488536
-0.000492783
0.0058563
0.00565449
0.00674542
0.00746842
0.00634723
0.00565393
0.00673855
0.00612875
0.00621724
0.00688889
0.00751247
0.00765986
0.00782507
0.00819088
0.00865174
0.00925397
0.000439697
0.0061917
-0.0046587
-0.000386067
0.00577945
0.00562292
0.0067084
0.00738919
0.00637373
0.00563312
0.00673675
0.00613834
0.00617205
0.00686935
0.00746022
0.00759062
0.00773584
0.0080747
0.0085103
0.00910859
0.000473982
0.00608341
-0.00442797
-0.000281575
0.0057062
0.00559096
0.00667207
0.00730866
0.00639831
0.00561717
0.00672557
0.00615244
0.00612338
0.00684586
0.00740759
0.00751027
0.00764066
0.00796494
0.00836901
0.00896156
0.000510044
0.00597334
-0.00419334
-0.000179555
0.00563645
0.00555929
0.00662817
0.00722821
0.00641961
0.00560704
0.00670535
0.00617081
0.00607146
0.00681667
0.00735545
0.00742032
0.00753401
0.00785754
0.00824452
0.00881492
0.000547982
0.00586159
-0.00395496
-8.02463e-05
0.00557012
0.0055289
0.00657864
0.00714852
0.00643766
0.005602
0.00667652
0.00619213
0.00601696
0.00678285
0.00730218
0.00732279
0.0074152
0.00774554
0.00813577
0.00867477
0.00058785
0.00574819
-0.00371299
1.629e-05
0.00550668
0.00550078
0.00652452
0.00706857
0.0064532
0.00560013
0.00664022
0.00621357
0.00596201
0.00674176
0.00724911
0.00722388
0.0072879
0.00762772
0.00801205
0.00854209
0.000629712
0.00563335
-0.00346778
0.00011024
0.0054459
0.00547552
0.00646323
0.0069895
0.00646528
0.00560164
0.00660019
0.00623213
0.00591055
0.00668769
0.00719486
0.00712359
0.00715274
0.00750474
0.00789662
0.00842
0.000673844
0.0055171
-0.00321957
0.000201409
0.00538787
0.00545354
0.00640397
0.00690965
0.00647596
0.00560149
0.00655867
0.00624646
0.00586216
0.00662414
0.00713936
0.00702283
0.00700764
0.00737157
0.00775241
0.00831322
0.000720114
0.00539961
-0.00296886
0.000290182
0.00533085
0.00543681
0.0063353
0.00682984
0.006485
0.00560467
0.00650878
0.00626295
0.00581162
0.00655285
0.00708164
0.00691345
0.00685003
0.00722136
0.00765289
0.00822322
0.000768483
0.00528139
-0.00271646
0.000377551
0.00527406
0.00542537
0.00619787
0.00675233
0.00648878
0.00561483
0.00645064
0.00628267
0.00575828
0.00646568
0.00701487
0.00680733
0.00668417
0.00706397
0.00760506
0.00814418
0.000819591
0.00516216
-0.00246231
0.000463097
0.00521928
0.00541898
0.0061505
0.00666673
0.00649788
0.00561357
0.0063946
0.00629773
0.00570913
0.00636375
0.00693798
0.00671107
0.00652394
0.00690882
0.00746437
0.00806909
0.00087298
0.00504228
-0.00220736
0.000547626
0.0051633
0.00541937
0.00607602
0.00657876
0.00650774
0.00561711
0.00632865
0.00631113
0.00566684
0.00623989
0.00684371
0.00661759
0.00637653
0.00674844
0.00736634
0.00799988
0.000928401
0.00492283
-0.00195326
0.00063321
0.00510267
0.00542566
0.00598223
0.00649395
0.00651191
0.0056329
0.00624607
0.00632646
0.00562719
0.00609615
0.00673192
0.00652829
0.00624519
0.00657749
0.00730893
0.00793421
0.000986969
0.00480304
-0.00169941
0.000718655
0.00504702
0.00543528
0.00591644
0.00638882
0.00652762
0.00563545
0.00616241
0.00632997
0.00559196
0.00595124
0.00661153
0.00645136
0.00613049
0.00640066
0.00707989
0.00785785
0.00104771
0.00468404
-0.00144762
0.000805474
0.0049878
0.00545034
0.00584295
0.00627941
0.00654217
0.00564976
0.00607035
0.00632127
0.00556236
0.00578227
0.00646875
0.00637595
0.00603259
0.00623812
0.00692554
0.00777246
0.00111022
0.00456741
-0.00119999
0.000895796
0.00491805
0.00546945
0.00575612
0.00617678
0.00654504
0.00568745
0.00595908
0.00629798
0.00553202
0.00560792
0.00630225
0.00628619
0.00594666
0.00608858
0.00685266
0.00768142
0.00117619
0.0044515
-0.000954926
0.000987487
0.00486069
0.00548794
0.00570431
0.00604856
0.00655161
0.00572195
0.0058524
0.00625783
0.00552099
0.00544134
0.0061109
0.00618077
0.00587398
0.00594656
0.00655816
0.007574
0.00124364
0.00433884
-0.000715529
0.00108271
0.00479766
0.00550842
0.00564753
0.00592012
0.00654703
0.00576761
0.00574918
0.00618845
0.00551884
0.00528449
0.0058923
0.006051
0.00578208
0.00582647
0.00640895
0.00746516
0.00131278
0.00423067
-0.000483661
0.00118297
0.0047224
0.00552829
0.00557861
0.0058033
0.0065201
0.00583066
0.00563313
0.00610173
0.00552042
0.00515541
0.00565062
0.00589674
0.00565841
0.0057107
0.00641147
0.00736757
0.00138531
0.00412476
-0.000256397
0.00128486
0.00466863
0.00554251
0.00560539
0.00566855
0.00648337
0.00589274
0.00552634
0.00599064
0.00552834
0.00507098
0.00545827
0.00572766
0.00550975
0.00551317
0.00607729
0.00726726
0.00145832
0.00402544
-3.79388e-05
0.00138956
0.00461179
0.00555321
0.00558184
0.00553051
0.00643218
0.0059555
0.00543132
0.00585084
0.00554082
0.00501557
0.00526975
0.00553213
0.00532984
0.00528283
0.00582881
0.0071922
0.00153336
0.00393201
0.000171126
0.00149847
0.00454651
0.00556064
0.00555506
0.00540063
0.00636051
0.00601871
0.00533843
0.00570158
0.00553829
0.00498461
0.0050828
0.00530454
0.00513092
0.00508432
0.00566795
0.00713639
0.00161056
0.0038442
0.000372831
0.0016079
0.00449805
0.00556381
0.00553577
0.00527639
0.0062725
0.00607271
0.00526524
0.00554759
0.0055089
0.00496802
0.0048998
0.00505499
0.00492839
0.00493493
0.00557029
0.00709805
0.00168828
0.00376432
0.000565673
0.00171679
0.00446923
0.00556108
0.00552199
0.00515957
0.00616447
0.00611603
0.0052179
0.00538417
0.00545056
0.00495695
0.00473159
0.00480131
0.0047383
0.00482315
0.00551628
0.00706654
0.00176761
0.00369186
0.000750244
0.00182481
0.00443286
0.00555313
0.0055136
0.005047
0.00603871
0.00615222
0.0051901
0.0052149
0.00536603
0.00493933
0.00458798
0.00456766
0.00456501
0.00473086
0.00547577
0.00703005
0.001848
0.00362724
0.000927702
0.0019289
0.00440356
0.00554354
0.00550529
0.00494039
0.0059023
0.00617447
0.00517847
0.00504837
0.00525421
0.00490744
0.00448013
0.00436809
0.00439514
0.00462802
0.00542134
0.00699323
0.00192936
0.00357086
0.00109819
0.0020283
0.00438108
0.00553215
0.00549651
0.00484217
0.00575576
0.00617706
0.00518364
0.00489138
0.00511696
0.00486608
0.00441048
0.00419663
0.00421597
0.0045019
0.00535153
0.0069678
0.00201161
0.00352301
0.00126205
0.00212232
0.00436367
0.00551905
0.00548654
0.00475332
0.00560164
0.00616056
0.00520377
0.00474651
0.00495981
0.00481123
0.00436042
0.00404546
0.00403307
0.00436339
0.00527841
0.00695324
0.00209477
0.00348355
0.00142006
0.00221022
0.00435013
0.00550681
0.00547536
0.00467277
0.00544134
0.00612352
0.00523334
0.00461884
0.00479232
0.00473482
0.00431431
0.00392256
0.0038654
0.00422511
0.00519501
0.00693242
0.00217861
0.00345263
0.00157317
0.00229193
0.00433791
0.00549557
0.00546319
0.00460059
0.0052769
0.00606432
0.00526808
0.00451438
0.00462082
0.00463353
0.00426641
0.00383229
0.00371957
0.00408565
0.00509776
0.00689822
0.00226343
0.00343017
0.00172097
0.00236819
0.00432513
0.00548489
0.00545162
0.00453982
0.00511414
0.00598278
0.00530195
0.00443147
0.00444459
0.00450915
0.00421451
0.00376646
0.00359195
0.00395094
0.00499516
0.00685489
0.00234854
0.00341641
0.00186076
0.00243929
0.00430932
0.00547088
0.00544134
0.00448998
0.00495509
0.00588147
0.0053311
0.00436962
0.00427163
0.00437072
0.00415074
0.00371252
0.00348849
0.00383063
0.00489041
0.00680043
0.00243403
0.00341124
0.00199724
0.00250472
0.00428894
0.00545375
0.00543369
0.0044496
0.00480213
0.00576308
0.00535097
0.00433024
0.00411086
0.00421887
0.00406565
0.00366664
0.00341326
0.0037244
0.00478659
0.00673852
0.00252107
0.00341254
0.00213621
0.00256691
0.00426579
0.00543476
0.00541608
0.00441817
0.00465835
0.00562937
0.00535788
0.00431237
0.0039625
0.00405401
0.00396527
0.00362595
0.00335833
0.00363023
0.00468698
0.00668121
0.0026075
0.00342254
0.00227446
0.00262601
0.00423517
0.00540296
0.00540142
0.00439698
0.00452452
0.0054825
0.00534829
0.00431085
0.00383214
0.00388808
0.00385144
0.00357555
0.00331474
0.00355471
0.00460576
0.00663288
0.00269408
0.00344057
0.00241136
0.00268173
0.00419518
0.00536722
0.00538936
0.00438609
0.00440334
0.00532608
0.00531834
0.00432198
0.00372696
0.00372277
0.00371766
0.00351166
0.00328294
0.00350383
0.00454401
0.00658672
0.00278118
0.00346414
0.00254694
0.00273523
0.00414657
0.00532482
0.00538103
0.00438761
0.00429645
0.00516203
0.00526468
0.00433778
0.00364328
0.00355983
0.00357307
0.00343625
0.00325427
0.00347336
0.00449951
0.00654549
0.0028679
0.00349415
0.00268165
0.00278754
0.00409172
0.0052772
0.00537578
0.00439857
0.00419904
0.00499037
0.00518645
0.00435064
0.00358321
0.00341408
0.00342574
0.00334343
0.00322366
0.00346099
0.00447175
0.006514
0.00295497
0.00352808
0.00281398
0.00284223
0.00403346
0.00521986
0.00536738
0.0044148
0.0041138
0.00481855
0.00508919
0.00435848
0.00354714
0.00328834
0.00327446
0.00323541
0.00318827
0.00345472
0.00445811
0.00649473
0.00304245
0.00356488
0.00294365
0.00290167
0.00397257
0.00515039
0.00535364
0.00443775
0.00404514
0.00465198
0.00497383
0.00435436
0.00352539
0.00317868
0.0031277
0.00312064
0.00314038
0.00344745
0.00446038
0.00648863
0.00313027
0.00360444
0.00306966
0.00296658
0.00391134
0.00506915
0.00533308
0.00446642
0.00399246
0.00449227
0.00484223
0.00433392
0.00351142
0.00308704
0.00299432
0.00300211
0.00307871
0.00343921
0.00447202
0.0064906
0.00321853
0.00364649
0.00319026
0.00303688
0.00385377
0.00497755
0.00530245
0.00449797
0.00395512
0.00434272
0.00469849
0.0042954
0.00350174
0.00301276
0.00287485
0.00288333
0.0030079
0.00342498
0.0044828
0.00649724
0.00330724
0.00369068
0.00330458
0.00311235
0.00380272
0.00487697
0.00525908
0.00452961
0.00393224
0.00420622
0.00454692
0.0042378
0.00349279
0.00295379
0.00276868
0.00276847
0.00292997
0.00339906
0.00448783
0.00650694
0.00339633
0.00373666
0.00341224
0.00319187
0.00375997
0.00477022
0.00520182
0.00455792
0.00392194
0.00408497
0.00439252
0.00416131
0.00348098
0.00290746
0.00267385
0.00265951
0.0028463
0.00336107
0.00448622
0.00651778
0.00348572
0.00378422
0.00351293
0.00327387
0.00372687
0.00466077
0.00513054
0.00457936
0.00392156
0.00397962
0.00424032
0.00406791
0.00346158
0.00287069
0.00259075
0.00255884
0.00275986
0.00331379
0.00447625
0.00652411
0.00357526
0.00383328
0.00360655
0.00335682
0.0037039
0.00455187
0.00504622
0.00459071
0.00392819
0.00389001
0.00409555
0.00396105
0.00343036
0.00284185
0.00252024
0.00246561
0.00267187
0.00325722
0.00445315
0.00652194
0.00366478
0.00388382
0.00369306
0.00343912
0.00369106
0.00444671
0.00495036
0.00458924
0.00393954
0.00381525
0.00396166
0.00384584
0.00338462
0.00281663
0.00245962
0.00237784
0.00258245
0.00319045
0.00441783
0.0065144
0.00375405
0.00393578
0.00377268
0.00351933
0.00368766
0.0043478
0.00484518
0.00457369
0.00395274
0.00375302
0.00383986
0.00372741
0.00332244
0.00278823
0.00240635
0.00229714
0.00249476
0.00311895
0.00437613
0.00650137
0.00384285
0.00398891
0.00384569
0.00359631
0.00369246
0.00425713
0.00473406
0.00454343
0.00396418
0.003701
0.00372918
0.00360995
0.00324562
0.00275208
0.00235947
0.00222591
0.00241281
0.00304684
0.00432714
0.00647882
0.00393088
0.0040433
0.00391263
0.00366884
0.00370391
0.00417639
0.00462032
0.00449792
0.00397039
0.00365757
0.00362812
0.00349778
0.00315976
0.00270608
0.00231569
0.0021621
0.00233554
0.00297233
0.00427045
0.00644896
0.00401786
0.00409857
0.00397408
0.00373627
0.00372049
0.00410604
0.00450704
0.00443844
0.00396833
0.00362098
0.00353586
0.00339243
0.00306937
0.00264941
0.00227006
0.00210219
0.0022618
0.00289741
0.00421044
0.00641364
0.00410348
0.00415467
0.00403059
0.00379809
0.00374067
0.00404557
0.00439712
0.00436782
0.00395546
0.00358885
0.00345127
0.00329223
0.00297745
0.00258304
0.00221974
0.00204466
0.00219275
0.00282467
0.00414735
0.00637104
0.00418734
0.00421142
0.00408292
0.00385421
0.00376265
0.00399436
0.00429254
0.00428873
0.00393068
0.00355815
0.00337324
0.00319565
0.00288634
0.00250949
0.00216326
0.00198727
0.00212683
0.00275292
0.00408059
0.00632191
0.0042692
0.00426838
0.00413145
0.00390462
0.00378506
0.00395162
0.00419452
0.00420395
0.00389404
0.00352515
0.00330135
0.0031024
0.00279608
0.00243015
0.00209913
0.00192709
0.00206193
0.00268317
0.00401386
0.0062689
0.00434866
0.0043254
0.00417681
0.00394966
0.00380639
0.00391597
0.004104
0.00411625
0.00384703
0.00348671
0.00323415
0.00301251
0.00270569
0.00234591
0.00202665
0.00186131
0.00199582
0.0026152
0.00394783
0.0062125
0.00442552
0.00438179
0.00421931
0.00398985
0.00382579
0.00388588
0.00402124
0.00402734
0.00379194
0.00344093
0.00316811
0.00292636
0.00261624
0.00225938
0.00194683
0.0017884
0.00192532
0.0025447
0.00387829
0.00614983
0.00449942
0.00443739
0.00425934
0.00402543
0.0038427
0.00386025
0.00394617
0.00393773
0.00373066
0.00338831
0.00309883
0.00284216
0.00252844
0.00217253
0.00186175
0.0017084
0.00184828
0.00246897
0.0038036
0.0060797
0.00457005
0.00449174
0.00429712
0.00405737
0.00385711
0.00383724
0.00387863
0.00384782
0.00366391
0.0033319
0.00302413
0.00275504
0.00243902
0.00208429
0.00177204
0.00162064
0.00176321
0.00238696
0.00372439
0.00600446
0.00463711
0.00454435
0.0043326
0.00408576
0.00386927
0.00381574
0.0038188
0.00375957
0.00359087
0.00327397
0.00294723
0.00266311
0.00234401
0.00199216
0.00167733
0.0015234
0.00166681
0.00229384
0.00363565
0.00592086
0.00470012
0.00459525
0.00436608
0.00411087
0.00387882
0.00379355
0.00376436
0.00367448
0.00351019
0.00321403
0.00287202
0.00257052
0.00224602
0.00189704
0.00158121
0.00142071
0.00156001
0.00218671
0.00353144
0.00582058
0.00475884
0.00464402
0.00439812
0.00413372
0.00388781
0.00376994
0.0037119
0.00359313
0.00342077
0.00314631
0.00279618
0.00247522
0.00214353
0.00179614
0.0014807
0.0013134
0.00144546
0.002068
0.00341381
0.00570745
0.00481238
0.00469023
0.00442854
0.00415443
0.00389643
0.00374623
0.00366034
0.00351744
0.00332696
0.00307025
0.00272109
0.00237844
0.00203532
0.00168681
0.00137174
0.0011976
0.00132008
0.00193425
0.00327711
0.0055741
0.00486128
0.00473337
0.00445819
0.00417541
0.00390693
0.00372291
0.00360568
0.00344462
0.00323211
0.00298542
0.00264465
0.00228206
0.00192407
0.00157052
0.00125578
0.00107671
0.00118987
0.0017942
0.00312781
0.00541615
0.00490112
0.00477184
0.00448343
0.00419605
0.00392312
0.00370578
0.00354852
0.00337372
0.00314455
0.00289661
0.00256647
0.0021885
0.00181005
0.0014418
0.00112118
0.000938374
0.00104547
0.00164056
0.00296512
0.00524682
0.00493998
0.00479617
0.00450334
0.00420094
0.00392566
0.00368005
0.00348136
0.00329611
0.00306094
0.00280902
0.00248752
0.00210184
0.00170252
0.00131138
0.000974185
0.000779395
0.000874117
0.00145773
0.002773
0.00505149
0.00497764
0.00488207
0.0045675
0.00424626
0.0039198
0.00362557
0.00339098
0.00320404
0.00297594
0.00272081
0.00240262
0.00201349
0.00159536
0.00118073
0.000821843
0.000605124
0.000672863
0.00122854
0.00252535
0.00479827
0.00492511
0.00478399
0.00460604
0.00435653
0.00399742
0.00359342
0.00330591
0.00311801
0.00290775
0.0026518
0.00233308
0.00194123
0.0015099
0.00107283
0.000684161
0.000429
0.000449365
0.000950335
0.00219516
0.004423
0.00506992
0.00500814
0.00459844
0.00423594
0.00388236
0.00353616
0.00323147
0.00302976
0.0028383
0.00259694
0.00228346
0.00190241
0.00148182
0.00105679
0.000672821
0.00040705
0.000384454
0.000818861
0.00196325
0.00406193
0.00500073
0.00490784
0.00457785
0.00430185
0.00398378
0.00357041
0.0031784
0.00293242
0.00270315
0.00245224
0.00210649
0.00171176
0.00126622
0.000846927
0.000506568
0.000329765
0.000423283
0.000953861
0.00215347
0.00427922
0.00514186
0.0049202
0.00457776
0.00419896
0.00382667
0.00349069
0.00321435
0.00306793
0.00289584
0.00262932
0.00227772
0.00187527
0.00140314
0.000848246
0.000219943
-0.000371986
-0.000737996
-0.000630014
0.000231028
0.00208507
0.00539378
0.00484857
0.0044088
0.00400064
0.0037212
0.00331747
0.00294507
0.00276285
0.00258328
0.00224909
0.00183944
0.00146846
0.00132864
0.00152635
0.00211593
0.00301187
0.00402733
0.00485806
0.00513121
0.0045119
0.00536785
0.00486664
0.00438649
0.00406288
0.00387523
0.00370725
0.00355835
0.003386
0.00310131
0.00266152
0.00210184
0.00145034
0.000693015
-0.000175895
-0.0010884
-0.00193262
-0.00253711
-0.00267047
-0.00205259
-0.000436675
0.00554344
0.00483428
0.00433298
0.00398923
0.00379669
0.00346593
0.00305074
0.00262216
0.00225676
0.00202807
0.00179529
0.00143658
0.00108777
0.000917638
0.00107644
0.00158445
0.00231622
0.00296538
0.00313461
0.00246153
0.00553027
0.00480214
0.00428715
0.00402265
0.00399059
0.00396481
0.003963
0.00384135
0.00348543
0.00282639
0.00190353
0.000693337
-0.000773507
-0.00235616
-0.00383409
-0.00502358
-0.00575575
-0.00584364
-0.00506252
-0.00321544
0.0164037
0.00455906
6.19133e-05
0.00157728
0.00379283
0.00535536
0.00644412
0.00720508
0.00794089
0.00903073
0.0102693
0.0113113
0.0123365
0.0134901
0.0146311
0.0156913
0.0167474
0.0179259
0.0192355
0.0203413
0.0211914
0.0222601
0.0236849
0.0251994
0.0266708
0.0281124
0.0295934
0.0311515
0.032736
0.0343678
0.0360873
0.037924
0.0397977
0.0417533
0.0437242
0.0457959
0.0479489
0.0502068
0.0525437
0.0549058
0.0573854
0.0598782
0.0625502
0.0652139
0.0680205
0.070928
0.0738283
0.0770015
0.0800651
0.0832423
0.0161331
0.00461534
0.00010278
0.00159387
0.00380252
0.00536211
0.00644917
0.0072089
0.00794364
0.00903275
0.010271
0.0113128
0.0123379
0.0134913
0.0146323
0.0156924
0.0167484
0.0179268
0.0192363
0.0203421
0.0211921
0.0222607
0.0236854
0.0251998
0.0266712
0.0281128
0.0295937
0.0311518
0.0327363
0.034368
0.0360875
0.0379242
0.0397979
0.0417535
0.0437244
0.0457961
0.047949
0.0502069
0.0525438
0.054906
0.0573855
0.0598783
0.0625503
0.065214
0.0680206
0.0709281
0.0738283
0.0770015
0.0800652
0.0832424
0.0158407
0.00471478
0.000171098
0.00161519
0.00381299
0.00536911
0.00645426
0.00721271
0.00794636
0.00903475
0.0102726
0.0113142
0.012339
0.0134924
0.0146333
0.0156934
0.0167493
0.0179276
0.0192371
0.0203428
0.0211927
0.0222612
0.0236859
0.0252002
0.0266716
0.0281132
0.029594
0.0311521
0.0327366
0.0343683
0.0360877
0.0379244
0.0397981
0.0417537
0.0437246
0.0457962
0.0479492
0.050207
0.0525439
0.0549061
0.0573856
0.0598784
0.0625504
0.0652141
0.0680207
0.0709282
0.0738284
0.0770016
0.0800653
0.0832425
0.0155805
0.00485297
0.000273181
0.00164679
0.00382675
0.00537774
0.00646037
0.00721741
0.00794989
0.0090373
0.0102745
0.0113156
0.0123402
0.0134935
0.0146343
0.0156943
0.0167502
0.0179284
0.0192379
0.0203436
0.0211933
0.0222616
0.0236863
0.0252007
0.026672
0.0281135
0.0295943
0.0311523
0.0327368
0.0343685
0.0360879
0.0379246
0.0397983
0.0417538
0.0437248
0.0457964
0.0479493
0.0502072
0.0525441
0.0549062
0.0573857
0.0598785
0.0625505
0.0652142
0.0680208
0.0709283
0.0738285
0.0770017
0.0800653
0.0832426
0.0153347
0.00501176
0.000401071
0.00168854
0.00384477
0.00538891
0.00646817
0.00722372
0.00795505
0.00904105
0.010277
0.0113174
0.0123416
0.0134947
0.0146353
0.0156952
0.0167511
0.0179293
0.0192388
0.0203445
0.021194
0.0222621
0.0236868
0.0252012
0.0266725
0.0281139
0.0295947
0.0311526
0.0327371
0.0343687
0.0360881
0.0379248
0.0397985
0.041754
0.0437249
0.0457965
0.0479494
0.0502073
0.0525442
0.0549063
0.0573859
0.0598786
0.0625506
0.0652143
0.0680209
0.0709284
0.0738285
0.0770018
0.0800654
0.0832428
0.015083
0.00517819
0.000542908
0.00173627
0.00386598
0.00540252
0.0064777
0.00723179
0.00796224
0.00904641
0.0102803
0.0113195
0.0123434
0.0134961
0.0146363
0.0156961
0.016752
0.0179301
0.0192398
0.0203456
0.0211947
0.0222626
0.0236873
0.0252017
0.026673
0.0281143
0.029595
0.031153
0.0327374
0.034369
0.0360884
0.0379251
0.0397987
0.0417542
0.0437251
0.0457967
0.0479496
0.0502074
0.0525443
0.0549064
0.057386
0.0598787
0.0625507
0.0652144
0.0680209
0.0709284
0.0738286
0.0770018
0.0800656
0.0832431
0.0148222
0.00534748
0.000692369
0.00178673
0.00388892
0.00541795
0.00648865
0.00724133
0.00797134
0.00905349
0.0102846
0.0113222
0.0123456
0.0134978
0.0146375
0.015697
0.0167528
0.0179309
0.0192407
0.0203467
0.0211957
0.0222632
0.0236879
0.0252023
0.0266735
0.0281148
0.0295954
0.0311534
0.0327377
0.0343693
0.0360886
0.0379253
0.0397989
0.0417544
0.0437253
0.0457968
0.0479498
0.0502076
0.0525445
0.0549066
0.0573861
0.0598788
0.0625508
0.0652145
0.068021
0.0709285
0.0738287
0.0770019
0.0800657
0.0832434
0.0145566
0.00551818
0.000847323
0.00183863
0.00391262
0.00543461
0.0065006
0.00725188
0.00798187
0.00906205
0.0102898
0.0113253
0.0123482
0.0135
0.0146389
0.015698
0.0167536
0.0179316
0.0192416
0.020348
0.0211968
0.022264
0.0236886
0.025203
0.0266741
0.0281153
0.0295959
0.0311538
0.0327381
0.0343696
0.0360889
0.0379256
0.0397991
0.0417546
0.0437255
0.045797
0.0479499
0.0502078
0.0525446
0.0549067
0.0573862
0.059879
0.0625509
0.0652146
0.0680211
0.0709286
0.0738288
0.077002
0.0800659
0.0832438
0.0142897
0.00568952
0.00100763
0.00189186
0.0039367
0.00545213
0.00651329
0.00726303
0.00799329
0.00907164
0.0102958
0.011329
0.0123513
0.0135025
0.0146407
0.0156994
0.0167545
0.0179321
0.0192423
0.0203493
0.0211981
0.0222651
0.0236895
0.0252038
0.0266748
0.028116
0.0295965
0.0311543
0.0327386
0.03437
0.0360892
0.0379259
0.0397994
0.0417549
0.0437257
0.0457972
0.0479501
0.0502079
0.0525448
0.0549069
0.0573864
0.0598791
0.062551
0.0652147
0.0680212
0.0709287
0.0738289
0.0770021
0.0800661
0.0832444
0.0140233
0.00586102
0.00117405
0.00194682
0.00396103
0.00547031
0.00652653
0.00727456
0.00800521
0.00908192
0.0103022
0.0113329
0.0123546
0.0135053
0.0146428
0.0157012
0.0167558
0.0179325
0.0192427
0.0203503
0.0211995
0.0222663
0.0236907
0.0252048
0.0266756
0.0281166
0.0295972
0.031155
0.0327392
0.0343704
0.0360896
0.0379262
0.0397997
0.0417551
0.043726
0.0457974
0.0479503
0.0502081
0.052545
0.054907
0.0573865
0.0598792
0.0625512
0.0652148
0.0680213
0.0709288
0.0738289
0.0770022
0.0800664
0.083245
0.0137581
0.00603252
0.00134751
0.00200403
0.0039856
0.00548912
0.00654032
0.00728637
0.00801749
0.00909266
0.0103091
0.0113371
0.0123582
0.0135083
0.0146452
0.0157034
0.0167575
0.017933
0.0192426
0.0203511
0.0212008
0.0222678
0.0236921
0.0252059
0.0266764
0.0281173
0.0295979
0.0311557
0.0327398
0.034371
0.0360901
0.0379266
0.0398
0.0417555
0.0437262
0.0457977
0.0479505
0.0502083
0.0525452
0.0549072
0.0573867
0.0598794
0.0625513
0.065215
0.0680215
0.070929
0.0738291
0.0770024
0.0800667
0.0832457
0.0134947
0.00620388
0.00152873
0.00206395
0.0040104
0.00550854
0.00655469
0.00729845
0.00803004
0.0091038
0.0103162
0.0113414
0.0123619
0.0135114
0.0146476
0.015706
0.0167596
0.0179335
0.0192422
0.0203513
0.0212019
0.0222694
0.0236938
0.0252073
0.0266773
0.0281181
0.0295986
0.0311564
0.0327406
0.0343718
0.0360907
0.0379271
0.0398004
0.0417558
0.0437265
0.0457979
0.0479508
0.0502085
0.0525454
0.0549074
0.0573869
0.0598796
0.0625515
0.0652151
0.0680216
0.0709291
0.0738292
0.0770025
0.0800671
0.0832466
0.0132333
0.00637471
0.0017181
0.00212702
0.00403541
0.00552858
0.00656972
0.00731083
0.00804288
0.00911529
0.0103237
0.0113459
0.0123658
0.0135145
0.0146501
0.0157087
0.0167621
0.0179342
0.0192413
0.0203509
0.0212026
0.0222709
0.0236957
0.025209
0.0266784
0.0281188
0.0295993
0.0311572
0.0327415
0.0343726
0.0360914
0.0379276
0.0398009
0.0417563
0.0437269
0.0457982
0.047951
0.0502088
0.0525457
0.0549077
0.0573871
0.0598798
0.0625517
0.0652153
0.0680218
0.0709293
0.0738293
0.0770026
0.0800676
0.0832476
0.0129744
0.00654436
0.00191574
0.00219364
0.00406056
0.00554918
0.00658548
0.00732354
0.00805599
0.00912712
0.0103314
0.0113505
0.0123698
0.0135178
0.0146525
0.0157114
0.0167646
0.0179349
0.01924
0.0203499
0.0212027
0.0222721
0.0236978
0.0252109
0.0266796
0.0281196
0.0296001
0.031158
0.0327424
0.0343736
0.0360923
0.0379283
0.0398014
0.0417567
0.0437274
0.0457986
0.0479513
0.050209
0.0525459
0.0549079
0.0573874
0.05988
0.0625519
0.0652155
0.0680219
0.0709295
0.0738295
0.0770028
0.0800681
0.0832488
0.0127183
0.00671201
0.00212161
0.00226426
0.00408581
0.00557027
0.00660205
0.00733667
0.00806939
0.00913926
0.0103393
0.0113553
0.0123739
0.0135211
0.0146549
0.015714
0.0167672
0.0179356
0.0192382
0.0203481
0.0212023
0.022273
0.0236998
0.0252131
0.026681
0.0281205
0.0296008
0.0311588
0.0327433
0.0343747
0.0360934
0.0379291
0.0398019
0.0417573
0.0437279
0.0457991
0.0479516
0.0502093
0.0525462
0.0549081
0.0573876
0.0598802
0.0625521
0.0652157
0.0680221
0.0709297
0.0738296
0.077003
0.0800688
0.0832501
0.0124655
0.00687675
0.00233554
0.0023394
0.00411114
0.00559176
0.00661949
0.00735027
0.00808309
0.0091517
0.0103476
0.0113603
0.0123781
0.0135246
0.0146574
0.0157165
0.0167698
0.0179362
0.0192359
0.0203456
0.0212015
0.0222737
0.0237018
0.0252154
0.0266826
0.0281213
0.0296015
0.0311595
0.0327441
0.0343758
0.0360946
0.03793
0.0398025
0.0417579
0.0437286
0.0457996
0.047952
0.0502095
0.0525464
0.0549084
0.0573879
0.0598805
0.0625524
0.065216
0.0680224
0.07093
0.0738299
0.0770032
0.0800695
0.0832516
0.0122163
0.00703764
0.00255728
0.00241962
0.00413653
0.00561353
0.00663781
0.00736446
0.00809711
0.00916444
0.0103561
0.0113654
0.0123825
0.0135283
0.0146598
0.015719
0.0167722
0.0179366
0.0192332
0.0203423
0.0212004
0.0222742
0.0237036
0.0252176
0.0266842
0.0281223
0.0296022
0.0311602
0.032745
0.0343769
0.0360959
0.0379311
0.0398032
0.0417584
0.0437293
0.0458003
0.0479524
0.0502098
0.0525466
0.0549086
0.0573881
0.0598807
0.0625526
0.0652163
0.0680227
0.0709303
0.0738301
0.0770035
0.0800704
0.0832533
0.0119714
0.00719379
0.00278653
0.00250556
0.00416199
0.00563543
0.00665704
0.0073793
0.00811145
0.00917745
0.0103649
0.0113709
0.0123871
0.0135321
0.0146623
0.0157213
0.0167747
0.017937
0.0192301
0.0203384
0.0211992
0.0222748
0.0237052
0.0252197
0.0266858
0.0281232
0.029603
0.031161
0.0327458
0.0343779
0.0360972
0.0379324
0.0398039
0.041759
0.04373
0.0458011
0.047953
0.0502101
0.0525469
0.0549089
0.0573884
0.059881
0.0625529
0.0652165
0.068023
0.0709306
0.0738304
0.0770038
0.0800714
0.0832552
0.0117315
0.00734435
0.00302293
0.00259791
0.00418759
0.0056573
0.00667714
0.00739487
0.00812615
0.00919078
0.0103741
0.0113767
0.0123919
0.0135361
0.014665
0.0157236
0.0167771
0.0179374
0.0192268
0.0203341
0.0211983
0.0222758
0.0237069
0.0252216
0.0266874
0.0281241
0.0296038
0.0311618
0.0327466
0.034379
0.0360986
0.0379337
0.0398046
0.0417596
0.0437307
0.045802
0.0479536
0.0502104
0.0525471
0.0549091
0.0573886
0.0598812
0.0625532
0.0652168
0.0680233
0.070931
0.0738308
0.0770041
0.0800725
0.0832573
0.0114973
0.00748848
0.003266
0.00269743
0.00421347
0.00567892
0.00669805
0.00741123
0.00814124
0.00920444
0.0103837
0.0113831
0.0123969
0.0135404
0.0146678
0.0157259
0.0167797
0.0179379
0.0192234
0.0203296
0.0211978
0.0222776
0.0237087
0.0252232
0.0266887
0.0281251
0.0296046
0.0311626
0.0327475
0.0343801
0.0360999
0.0379351
0.0398054
0.0417601
0.0437315
0.0458029
0.0479543
0.0502108
0.0525473
0.0549093
0.0573889
0.0598815
0.0625534
0.0652171
0.0680236
0.0709314
0.0738311
0.0770045
0.0800738
0.0832595
0.0112697
0.00762541
0.00351514
0.00280488
0.00423985
0.00570008
0.00671968
0.00742841
0.00815679
0.00921851
0.0103939
0.01139
0.0124023
0.0135449
0.0146709
0.0157283
0.0167824
0.0179386
0.0192201
0.020325
0.0211981
0.0222804
0.0237109
0.0252246
0.0266899
0.028126
0.0296055
0.0311635
0.0327485
0.0343813
0.0361012
0.0379364
0.0398062
0.0417607
0.0437322
0.0458039
0.0479551
0.0502112
0.0525475
0.0549095
0.0573892
0.0598818
0.0625537
0.0652174
0.068024
0.0709318
0.0738316
0.0770049
0.0800751
0.0832619
0.0110495
0.00775449
0.00376967
0.00292102
0.00426702
0.00572055
0.0067419
0.00744644
0.00817286
0.00923304
0.0104049
0.0113978
0.0124079
0.0135497
0.0146744
0.0157308
0.0167852
0.0179396
0.0192169
0.0203207
0.0211995
0.0222844
0.0237136
0.0252257
0.0266908
0.0281268
0.0296065
0.0311645
0.0327496
0.0343826
0.0361025
0.0379377
0.039807
0.0417612
0.043733
0.0458049
0.047956
0.0502117
0.0525478
0.0549096
0.0573894
0.0598821
0.062554
0.0652176
0.0680244
0.0709323
0.0738321
0.0770053
0.0800766
0.0832645
0.010837
0.00787508
0.00402882
0.00304658
0.00429537
0.00574014
0.0067646
0.00746534
0.00818954
0.00924812
0.0104166
0.0114063
0.0124139
0.0135548
0.0146782
0.0157335
0.0167882
0.0179409
0.019214
0.0203167
0.021202
0.0222899
0.0237169
0.0252267
0.0266915
0.0281277
0.0296076
0.0311654
0.0327507
0.034384
0.0361039
0.0379388
0.0398078
0.0417617
0.0437338
0.0458058
0.0479568
0.0502122
0.052548
0.0549098
0.0573897
0.0598823
0.0625543
0.0652179
0.0680247
0.0709327
0.0738326
0.0770058
0.0800782
0.0832672
0.010633
0.00798659
0.00429166
0.0031823
0.00432543
0.00575863
0.00678756
0.0074851
0.00820687
0.00926378
0.0104291
0.0114156
0.0124204
0.0135601
0.0146823
0.0157364
0.0167913
0.0179425
0.0192114
0.0203133
0.0212055
0.0222966
0.0237209
0.0252276
0.026692
0.0281285
0.0296087
0.0311664
0.0327519
0.0343856
0.0361055
0.0379399
0.0398085
0.0417623
0.0437346
0.0458069
0.0479578
0.0502127
0.0525482
0.0549099
0.0573899
0.0598826
0.0625547
0.0652182
0.0680251
0.0709332
0.0738331
0.0770064
0.0800799
0.08327
0.0104385
0.00808861
0.00455699
0.0033287
0.00435786
0.00577596
0.00681062
0.00750572
0.00822493
0.00928006
0.0104425
0.0114257
0.0124273
0.0135658
0.0146867
0.0157394
0.0167944
0.0179444
0.019209
0.0203103
0.02121
0.0223044
0.0237254
0.0252286
0.0266923
0.0281294
0.0296098
0.0311674
0.0327532
0.0343874
0.0361072
0.037941
0.0398093
0.0417628
0.0437355
0.0458079
0.0479587
0.0502132
0.0525485
0.0549101
0.0573902
0.059883
0.062555
0.0652185
0.0680255
0.0709337
0.0738337
0.0770069
0.0800817
0.083273
0.0102542
0.00818125
0.0048236
0.003486
0.00439324
0.005792
0.00683357
0.00752722
0.00824377
0.00929702
0.0104567
0.0114365
0.0124346
0.0135717
0.0146915
0.0157427
0.0167977
0.0179465
0.0192068
0.0203077
0.0212151
0.0223132
0.0237304
0.0252295
0.0266925
0.0281302
0.029611
0.0311684
0.0327545
0.0343892
0.0361091
0.0379421
0.0398101
0.0417635
0.0437364
0.045809
0.0479597
0.0502138
0.0525487
0.0549103
0.0573905
0.0598833
0.0625554
0.0652188
0.0680259
0.0709342
0.0738342
0.0770075
0.0800835
0.083276
0.0100803
0.00826477
0.00509049
0.00365459
0.00443237
0.00580665
0.00685604
0.00754947
0.0082634
0.00931468
0.0104717
0.0114481
0.0124425
0.013578
0.0146966
0.0157461
0.016801
0.0179489
0.0192048
0.0203055
0.0212207
0.0223226
0.0237358
0.0252305
0.0266927
0.0281311
0.0296123
0.0311694
0.0327558
0.0343912
0.036111
0.0379433
0.039811
0.0417642
0.0437374
0.0458101
0.0479608
0.0502144
0.052549
0.0549105
0.0573908
0.0598836
0.0625557
0.0652191
0.0680264
0.0709348
0.0738349
0.0770081
0.0800855
0.0832792
0.00991639
0.00833922
0.00535607
0.00383448
0.00447642
0.00582022
0.0068779
0.00757243
0.00828383
0.00933301
0.0104874
0.0114603
0.0124508
0.0135846
0.0147019
0.0157497
0.0168045
0.0179514
0.0192029
0.0203035
0.0212266
0.0223325
0.0237415
0.0252315
0.0266928
0.028132
0.0296136
0.0311706
0.0327572
0.0343933
0.0361131
0.0379445
0.0398119
0.0417649
0.0437384
0.0458113
0.0479619
0.0502151
0.0525493
0.0549107
0.0573912
0.059884
0.0625561
0.0652195
0.0680269
0.0709353
0.0738355
0.0770088
0.0800875
0.0832825
0.00976214
0.00840537
0.00561902
0.00402511
0.00452608
0.00583262
0.00689878
0.00759612
0.00830529
0.00935218
0.0105039
0.0114731
0.0124597
0.0135915
0.0147075
0.0157535
0.016808
0.017954
0.019201
0.0203017
0.0212327
0.0223427
0.0237474
0.0252327
0.0266929
0.028133
0.0296149
0.0311718
0.0327587
0.0343955
0.0361153
0.0379458
0.0398129
0.0417658
0.0437395
0.0458125
0.047963
0.0502158
0.0525496
0.054911
0.0573915
0.0598844
0.0625565
0.0652198
0.0680274
0.0709359
0.0738361
0.0770095
0.0800895
0.0832858
0.00961675
0.00846331
0.00587745
0.00422602
0.00458295
0.00584449
0.00691834
0.00762006
0.00832753
0.00937216
0.0105211
0.0114867
0.012469
0.0135987
0.0147134
0.0157575
0.0168117
0.0179568
0.0191992
0.0203
0.0212388
0.0223531
0.0237534
0.0252339
0.0266931
0.028134
0.0296163
0.0311731
0.0327602
0.0343978
0.0361176
0.0379473
0.039814
0.0417667
0.0437406
0.0458138
0.0479643
0.0502166
0.05255
0.0549113
0.057392
0.0598848
0.0625569
0.0652202
0.0680279
0.0709366
0.0738368
0.0770102
0.0800917
0.0832893
0.00948268
0.00851463
0.00612983
0.00443576
0.00464766
0.0058563
0.00693666
0.00764431
0.00835057
0.00939286
0.0105391
0.0115008
0.0124789
0.0136064
0.0147196
0.0157616
0.0168155
0.0179596
0.0191974
0.0202984
0.0212451
0.0223636
0.0237595
0.0252352
0.0266933
0.028135
0.0296177
0.0311744
0.0327619
0.0344001
0.0361199
0.0379488
0.0398152
0.0417678
0.0437418
0.0458152
0.0479655
0.0502174
0.0525503
0.0549116
0.0573924
0.0598852
0.0625573
0.0652206
0.0680285
0.0709372
0.0738375
0.0770109
0.0800939
0.0832929
0.0093619
0.00856197
0.00637576
0.00465316
0.00472024
0.00586757
0.00695308
0.00766882
0.0083748
0.00941465
0.0105578
0.0115155
0.0124893
0.0136144
0.014726
0.0157661
0.0168195
0.0179626
0.0191957
0.020297
0.0212514
0.0223743
0.0237658
0.0252366
0.0266935
0.028136
0.0296192
0.0311758
0.0327636
0.0344026
0.0361222
0.0379505
0.0398165
0.0417688
0.0437431
0.0458166
0.0479668
0.0502182
0.0525507
0.0549119
0.0573929
0.0598856
0.0625577
0.065221
0.0680291
0.0709379
0.0738382
0.0770117
0.0800962
0.0832966
0.00925281
0.00860449
0.00661373
0.00487874
0.00480386
0.00588037
0.00696754
0.00769241
0.00839936
0.00943725
0.0105773
0.0115308
0.0125001
0.0136227
0.0147328
0.0157707
0.0168237
0.0179656
0.0191941
0.0202957
0.0212579
0.0223851
0.0237722
0.0252381
0.0266938
0.0281372
0.0296208
0.0311773
0.0327653
0.0344051
0.0361246
0.0379522
0.0398179
0.04177
0.0437444
0.0458181
0.0479682
0.0502191
0.0525511
0.0549123
0.0573934
0.0598861
0.0625581
0.0652214
0.0680297
0.0709386
0.073839
0.0770125
0.0800985
0.0833005
0.009157
0.00864404
0.00684254
0.00511022
0.00489812
0.00589562
0.00698113
0.00771599
0.00842482
0.00946089
0.0105978
0.0115469
0.0125115
0.0136316
0.0147398
0.0157756
0.016828
0.0179687
0.0191926
0.0202945
0.0212644
0.0223959
0.0237786
0.0252397
0.0266942
0.0281383
0.0296224
0.0311789
0.0327672
0.0344077
0.0361271
0.037954
0.0398193
0.0417712
0.0437457
0.0458196
0.0479695
0.05022
0.0525516
0.0549127
0.0573939
0.0598866
0.0625586
0.0652218
0.0680304
0.0709393
0.0738398
0.0770134
0.080101
0.0833044
0.00907255
0.00868311
0.0070615
0.00534422
0.00500122
0.00591227
0.00699282
0.007739
0.00845114
0.00948567
0.010619
0.0115634
0.0125233
0.0136409
0.0147474
0.0157807
0.0168326
0.0179718
0.0191911
0.0202934
0.0212711
0.0224068
0.0237852
0.0252414
0.0266947
0.0281396
0.0296241
0.0311805
0.0327691
0.0344104
0.0361296
0.037956
0.0398208
0.0417724
0.0437471
0.0458212
0.047971
0.0502209
0.0525521
0.0549131
0.0573945
0.0598871
0.0625591
0.0652223
0.0680311
0.0709401
0.0738406
0.0770143
0.0801035
0.0833084
0.0089965
0.00872072
0.0072703
0.005582
0.00511599
0.00593183
0.0070018
0.00775942
0.00847676
0.00951109
0.0106411
0.0115806
0.0125355
0.0136505
0.014755
0.0157861
0.0168374
0.0179751
0.0191897
0.0202924
0.0212778
0.0224178
0.0237919
0.0252433
0.0266953
0.0281409
0.0296258
0.0311822
0.0327711
0.0344132
0.0361323
0.0379579
0.0398224
0.0417737
0.0437486
0.0458228
0.0479724
0.0502218
0.0525525
0.0549135
0.057395
0.0598877
0.0625596
0.0652228
0.0680318
0.0709409
0.0738415
0.0770153
0.080106
0.0833126
0.00893378
0.00875898
0.00746836
0.00582067
0.0052422
0.00595774
0.00701206
0.00778003
0.00850321
0.00953792
0.0106647
0.0115988
0.0125485
0.0136607
0.0147632
0.0157917
0.0168423
0.0179784
0.0191885
0.0202916
0.0212847
0.0224288
0.0237987
0.0252453
0.026696
0.0281423
0.0296277
0.031184
0.0327732
0.034416
0.0361349
0.03796
0.039824
0.0417751
0.0437501
0.0458245
0.0479739
0.0502228
0.0525531
0.0549139
0.0573956
0.0598882
0.0625601
0.0652233
0.0680326
0.0709417
0.0738424
0.0770163
0.0801087
0.0833169
0.00888428
0.00880049
0.00765646
0.00605736
0.00537694
0.00598865
0.0070219
0.00779921
0.00852939
0.00956557
0.0106891
0.0116175
0.0125619
0.0136715
0.0147719
0.0157978
0.0168475
0.0179819
0.0191874
0.0202908
0.0212916
0.0224398
0.0238056
0.0252475
0.0266968
0.0281437
0.0296296
0.0311858
0.0327754
0.0344189
0.0361377
0.0379621
0.0398257
0.0417765
0.0437517
0.0458262
0.0479755
0.0502238
0.0525536
0.0549144
0.0573963
0.0598888
0.0625607
0.0652238
0.0680334
0.0709426
0.0738434
0.0770173
0.0801114
0.0833213
0.00885166
0.00884746
0.00783625
0.00629266
0.00551992
0.00602374
0.00702921
0.00781439
0.00855335
0.00959333
0.0107146
0.011637
0.0125757
0.0136824
0.0147806
0.0158039
0.0168528
0.0179855
0.0191865
0.0202903
0.0212987
0.0224509
0.0238127
0.0252498
0.0266977
0.0281453
0.0296316
0.0311877
0.0327776
0.0344219
0.0361405
0.0379644
0.0398274
0.0417779
0.0437533
0.045828
0.0479771
0.0502249
0.0525542
0.0549149
0.0573969
0.0598895
0.0625613
0.0652243
0.0680342
0.0709435
0.0738444
0.0770184
0.0801142
0.0833259
0.00884263
0.00890127
0.00800534
0.00652294
0.00567196
0.00606929
0.0070414
0.00783111
0.00857792
0.00962255
0.010742
0.0116579
0.0125903
0.013694
0.0147899
0.0158104
0.0168584
0.0179893
0.0191857
0.02029
0.0213058
0.022462
0.0238198
0.0252523
0.0266988
0.028147
0.0296337
0.0311898
0.0327799
0.034425
0.0361435
0.0379666
0.0398292
0.0417794
0.043755
0.0458299
0.0479787
0.050226
0.0525548
0.0549154
0.0573976
0.0598901
0.0625619
0.0652249
0.0680351
0.0709444
0.0738454
0.0770196
0.0801171
0.0833306
0.0088457
0.00896085
0.00816482
0.00674731
0.00582983
0.00612236
0.00705549
0.00784627
0.00860057
0.00965161
0.0107705
0.0116797
0.0126056
0.0137064
0.0148
0.0158175
0.0168644
0.0179932
0.0191852
0.0202897
0.0213131
0.0224731
0.0238272
0.025255
0.0267
0.0281487
0.0296359
0.0311919
0.0327824
0.0344282
0.0361465
0.037969
0.0398311
0.041781
0.0437568
0.0458318
0.0479804
0.0502271
0.0525554
0.0549159
0.0573984
0.0598908
0.0625625
0.0652255
0.068036
0.0709454
0.0738465
0.0770208
0.08012
0.0833354
0.00886642
0.00903246
0.00831774
0.00696431
0.00598996
0.00617989
0.0070688
0.00785749
0.00861938
0.00967935
0.0107998
0.0117025
0.0126213
0.0137187
0.01481
0.0158245
0.0168703
0.0179972
0.0191847
0.0202897
0.0213204
0.0224843
0.0238346
0.0252577
0.0267013
0.0281506
0.0296382
0.0311941
0.0327849
0.0344314
0.0361496
0.0379715
0.039833
0.0417827
0.0437586
0.0458338
0.0479822
0.0502283
0.0525561
0.0549164
0.0573991
0.0598915
0.0625632
0.0652262
0.068037
0.0709464
0.0738477
0.0770221
0.080123
0.0833404
0.0089131
0.00911672
0.00846278
0.00717393
0.00615633
0.00624948
0.00709044
0.00787265
0.00863901
0.00970811
0.0108313
0.0117272
0.0126379
0.0137317
0.0148206
0.0158322
0.0168767
0.0180015
0.0191846
0.02029
0.0213278
0.0224955
0.0238421
0.0252607
0.0267028
0.0281526
0.0296406
0.0311964
0.0327876
0.0344348
0.0361528
0.037974
0.039835
0.0417844
0.0437605
0.0458358
0.047984
0.0502295
0.0525568
0.054917
0.0573999
0.0598922
0.062564
0.0652268
0.068038
0.0709475
0.0738489
0.0770234
0.0801261
0.0833454
0.00896646
0.00920773
0.00859884
0.0073761
0.00632626
0.00632681
0.00711648
0.00788769
0.00865553
0.00973475
0.0108636
0.0117535
0.0126559
0.0137458
0.0148321
0.0158405
0.0168835
0.0180059
0.0191846
0.0202903
0.0213352
0.0225066
0.0238498
0.0252639
0.0267045
0.0281547
0.0296431
0.0311988
0.0327903
0.0344382
0.0361562
0.0379766
0.0398371
0.0417862
0.0437625
0.0458379
0.0479858
0.0502308
0.0525575
0.0549176
0.0574007
0.059893
0.0625647
0.0652276
0.068039
0.0709486
0.0738502
0.0770249
0.0801292
0.0833507
0.00903947
0.00931215
0.00872604
0.00756554
0.00649284
0.00640668
0.0071439
0.00790105
0.00866818
0.00975846
0.010896
0.0117812
0.0126744
0.0137598
0.0148434
0.0158485
0.0168901
0.0180104
0.0191848
0.020291
0.0213428
0.0225178
0.0238575
0.0252672
0.0267062
0.0281568
0.0296457
0.0312013
0.0327932
0.0344417
0.0361596
0.0379793
0.0398392
0.041788
0.0437645
0.0458401
0.0479878
0.0502321
0.0525583
0.0549183
0.0574016
0.0598938
0.0625655
0.0652283
0.0680401
0.0709497
0.0738515
0.0770263
0.0801324
0.083356
0.00915785
0.00943443
0.00884929
0.00774703
0.00666143
0.0064949
0.00717998
0.00792056
0.00868219
0.00978153
0.0109295
0.0118108
0.0126942
0.0137745
0.0148553
0.0158574
0.0168974
0.0180153
0.0191854
0.0202919
0.0213504
0.022529
0.0238654
0.0252708
0.0267082
0.0281591
0.0296484
0.031204
0.0327962
0.0344454
0.0361631
0.0379821
0.0398414
0.04179
0.0437666
0.0458423
0.0479897
0.0502334
0.0525591
0.0549189
0.0574025
0.0598946
0.0625664
0.0652291
0.0680413
0.0709509
0.0738529
0.0770279
0.0801357
0.0833615
0.0093002
0.00957115
0.00897108
0.00792278
0.00683285
0.00659027
0.00722305
0.007944
0.00869462
0.00980081
0.0109622
0.0118423
0.0127161
0.0137907
0.0148683
0.015867
0.016905
0.0180203
0.0191861
0.020293
0.021358
0.0225401
0.0238734
0.0252745
0.0267103
0.0281616
0.0296512
0.0312067
0.0327993
0.0344491
0.0361667
0.0379851
0.0398438
0.041792
0.0437688
0.0458447
0.0479918
0.0502348
0.05256
0.0549197
0.0574034
0.0598955
0.0625673
0.0652299
0.0680425
0.0709522
0.0738543
0.0770295
0.080139
0.0833672
0.00942767
0.00971292
0.00909225
0.00808945
0.00699972
0.00668505
0.0072676
0.00796906
0.00870547
0.00981692
0.0109943
0.0118755
0.0127393
0.013807
0.014881
0.0158762
0.0169125
0.0180255
0.0191873
0.0202944
0.0213659
0.0225512
0.0238814
0.0252784
0.0267126
0.0281641
0.0296541
0.0312096
0.0328025
0.034453
0.0361705
0.0379881
0.0398462
0.0417941
0.0437711
0.0458471
0.0479939
0.0502363
0.0525609
0.0549204
0.0574044
0.0598964
0.0625683
0.0652308
0.0680438
0.0709535
0.0738559
0.0770312
0.0801424
0.083373
0.00952784
0.0098547
0.00921186
0.0082456
0.00716207
0.00678049
0.00731618
0.00800065
0.00871937
0.00983113
0.0110248
0.0119094
0.0127636
0.0138242
0.0148946
0.0158864
0.0169208
0.0180312
0.0191888
0.0202961
0.0213737
0.0225623
0.0238896
0.0252825
0.0267151
0.0281669
0.0296572
0.0312127
0.0328058
0.034457
0.0361744
0.0379912
0.0398487
0.0417964
0.0437734
0.0458496
0.0479961
0.0502378
0.0525619
0.0549212
0.0574054
0.0598973
0.0625693
0.0652317
0.0680451
0.0709548
0.0738574
0.077033
0.0801458
0.0833789
0.0095952
0.00999088
0.00933223
0.00839594
0.00732484
0.00688086
0.00737054
0.00803865
0.00873496
0.00984163
0.0110526
0.0119446
0.0127906
0.0138436
0.0149095
0.0158971
0.016929
0.0180369
0.0191906
0.0202981
0.0213816
0.0225735
0.0238979
0.0252869
0.0267178
0.0281697
0.0296604
0.0312159
0.0328093
0.034461
0.0361783
0.0379944
0.0398513
0.0417987
0.0437759
0.0458522
0.0479983
0.0502394
0.0525629
0.054922
0.0574065
0.0598983
0.0625703
0.0652327
0.0680465
0.0709563
0.0738591
0.0770349
0.0801494
0.083385
0.00963598
0.0101242
0.00946017
0.00854484
0.00748823
0.00698296
0.0074247
0.00807969
0.00875299
0.00985069
0.0110792
0.0119811
0.0128192
0.0138636
0.0149245
0.0159078
0.0169375
0.0180431
0.0191929
0.0203004
0.0213895
0.0225845
0.0239063
0.0252914
0.0267207
0.0281727
0.0296638
0.0312192
0.0328129
0.0344652
0.0361825
0.0379978
0.0398541
0.0418011
0.0437784
0.0458548
0.0480006
0.0502411
0.052564
0.0549229
0.0574076
0.0598993
0.0625714
0.0652337
0.068048
0.0709578
0.0738608
0.0770369
0.0801529
0.0833912
0.00966991
0.0102596
0.00959465
0.00868845
0.00764723
0.00708427
0.00747859
0.00812608
0.00877669
0.0098591
0.0111024
0.0120165
0.0128487
0.0138849
0.0149408
0.0159196
0.0169465
0.0180494
0.0191953
0.020303
0.0213976
0.0225955
0.0239148
0.0252962
0.0267238
0.0281759
0.0296673
0.0312227
0.0328167
0.0344695
0.0361867
0.0380012
0.0398569
0.0418036
0.043781
0.0458575
0.048003
0.0502428
0.0525651
0.0549238
0.0574088
0.0599004
0.0625726
0.0652348
0.0680495
0.0709593
0.0738626
0.077039
0.0801566
0.0833976
0.00970864
0.0103932
0.00972995
0.00882466
0.00780314
0.00718883
0.00753442
0.00817704
0.0088047
0.0098655
0.0111216
0.0120517
0.0128805
0.0139084
0.0149584
0.0159318
0.0169555
0.0180559
0.0191983
0.0203061
0.0214058
0.0226066
0.0239234
0.0253011
0.0267272
0.0281793
0.0296709
0.0312264
0.0328206
0.034474
0.036191
0.0380048
0.0398598
0.0418062
0.0437838
0.0458604
0.0480055
0.0502445
0.0525663
0.0549247
0.05741
0.0599015
0.0625739
0.065236
0.0680511
0.0709609
0.0738645
0.0770412
0.0801603
0.0834041
0.00975339
0.0105211
0.00986425
0.00895653
0.00795875
0.00729732
0.00758893
0.00822893
0.00883724
0.00987278
0.0111389
0.012087
0.0129136
0.0139327
0.0149766
0.0159447
0.0169651
0.0180629
0.0192017
0.0203094
0.021414
0.0226175
0.0239321
0.0253064
0.0267308
0.0281829
0.0296748
0.0312302
0.0328247
0.0344786
0.0361956
0.0380086
0.0398629
0.0418089
0.0437866
0.0458633
0.048008
0.0502464
0.0525676
0.0549257
0.0574113
0.0599027
0.0625752
0.0652372
0.0680528
0.0709627
0.0738665
0.0770435
0.080164
0.0834107
0.00979893
0.0106419
0.00999943
0.00908659
0.00811197
0.00740731
0.00764147
0.00828241
0.00887642
0.00988232
0.0111535
0.0121202
0.0129468
0.0139583
0.0149965
0.015959
0.0169752
0.01807
0.0192053
0.020313
0.0214223
0.0226285
0.0239409
0.0253118
0.0267346
0.0281866
0.0296788
0.0312342
0.0328289
0.0344833
0.0362002
0.0380124
0.0398661
0.0418117
0.0437895
0.0458663
0.0480106
0.0502483
0.0525689
0.0549268
0.0574127
0.0599039
0.0625766
0.0652384
0.0680546
0.0709645
0.0738685
0.0770459
0.0801678
0.0834174
0.00984511
0.01076
0.0101362
0.00921207
0.00825978
0.00752035
0.00769437
0.00833673
0.00892121
0.00989339
0.0111647
0.0121515
0.0129811
0.0139859
0.0150179
0.015974
0.0169855
0.0180772
0.0192095
0.0203171
0.0214308
0.0226395
0.0239498
0.0253175
0.0267387
0.0281906
0.0296829
0.0312385
0.0328333
0.0344881
0.0362049
0.0380164
0.0398694
0.0418147
0.0437925
0.0458695
0.0480134
0.0502503
0.0525703
0.0549279
0.0574141
0.0599052
0.062578
0.0652398
0.0680564
0.0709663
0.0738706
0.0770484
0.0801717
0.0834243
0.00989354
0.0108768
0.0102711
0.00933159
0.00840288
0.00763802
0.00774808
0.00838973
0.00897037
0.00990731
0.0111745
0.0121816
0.0130158
0.0140143
0.0150402
0.0159899
0.0169967
0.0180852
0.0192141
0.0203215
0.0214393
0.0226504
0.0239588
0.0253235
0.026743
0.0281948
0.0296873
0.0312428
0.0328379
0.0344931
0.0362099
0.0380205
0.0398728
0.0418177
0.0437957
0.0458727
0.0480161
0.0502524
0.0525718
0.0549291
0.0574156
0.0599065
0.0625796
0.0652412
0.0680584
0.0709683
0.0738728
0.0770511
0.0801756
0.0834313
0.00993877
0.0109896
0.0104025
0.00944669
0.00854186
0.00776011
0.00780263
0.00844005
0.00902371
0.00992557
0.0111834
0.0122094
0.0130499
0.0140435
0.0150641
0.0160075
0.0170087
0.0180934
0.019219
0.0203261
0.0214479
0.0226613
0.0239679
0.0253296
0.0267477
0.0281992
0.0296919
0.0312474
0.0328427
0.0344982
0.036215
0.0380248
0.0398764
0.041821
0.043799
0.045876
0.048019
0.0502545
0.0525734
0.0549303
0.0574172
0.0599079
0.0625812
0.0652427
0.0680604
0.0709704
0.0738751
0.0770539
0.0801796
0.0834385
0.0099798
0.0110987
0.0105312
0.0095585
0.00867513
0.00788434
0.00785813
0.00848755
0.00908081
0.00994819
0.0111911
0.0122348
0.0130837
0.0140737
0.0150895
0.0160261
0.0170211
0.0181019
0.0192244
0.0203312
0.0214565
0.0226721
0.0239772
0.0253361
0.0267526
0.0282038
0.0296967
0.0312523
0.0328476
0.0345035
0.0362202
0.0380292
0.0398801
0.0418243
0.0438024
0.0458794
0.048022
0.0502568
0.0525751
0.0549317
0.0574189
0.0599094
0.0625829
0.0652443
0.0680625
0.0709726
0.0738774
0.0770569
0.0801837
0.0834457
0.0100179
0.0112031
0.0106579
0.00966735
0.00880117
0.00801056
0.00791748
0.00853283
0.00914001
0.009975
0.0111988
0.0122584
0.013117
0.0141043
0.015116
0.016046
0.0170345
0.0181113
0.0192305
0.0203365
0.0214652
0.022683
0.0239866
0.0253428
0.0267578
0.0282087
0.0297017
0.0312573
0.0328527
0.0345089
0.0362255
0.0380338
0.039884
0.0418277
0.0438059
0.045883
0.0480251
0.0502591
0.0525769
0.054933
0.0574206
0.0599109
0.0625848
0.065246
0.0680647
0.0709749
0.0738799
0.07706
0.0801879
0.0834531
0.0100478
0.0113008
0.0107827
0.00977323
0.00891957
0.0081382
0.00798088
0.00857445
0.00919977
0.0100067
0.0112075
0.0122805
0.0131492
0.0141349
0.0151436
0.0160674
0.017049
0.0181213
0.0192369
0.0203422
0.0214739
0.0226938
0.0239961
0.0253498
0.0267633
0.0282139
0.0297069
0.0312625
0.032858
0.0345145
0.0362311
0.0380385
0.0398881
0.0418314
0.0438095
0.0458867
0.0480283
0.0502616
0.0525787
0.0549345
0.0574225
0.0599126
0.0625867
0.0652477
0.068067
0.0709773
0.0738824
0.0770632
0.0801921
0.0834605
0.0100656
0.0113922
0.0109058
0.00987654
0.00902997
0.00826517
0.00804836
0.0086131
0.00925975
0.0100434
0.0112173
0.012301
0.0131803
0.0141653
0.0151723
0.0160903
0.0170642
0.0181317
0.0192442
0.0203484
0.0214827
0.0227045
0.0240057
0.0253571
0.026769
0.0282193
0.0297124
0.0312681
0.0328636
0.0345202
0.0362368
0.0380434
0.0398922
0.0418352
0.0438133
0.0458904
0.0480316
0.0502641
0.0525807
0.0549361
0.0574244
0.0599143
0.0625887
0.0652496
0.0680694
0.0709799
0.073885
0.0770666
0.0801965
0.083468
0.0100766
0.0114774
0.0110259
0.00997808
0.00913254
0.00839006
0.00812135
0.00865001
0.00931849
0.0100842
0.0112286
0.0123202
0.0132104
0.0141953
0.0152018
0.0161145
0.0170803
0.018143
0.0192523
0.020355
0.0214913
0.0227151
0.0240155
0.0253646
0.0267752
0.028225
0.0297182
0.0312738
0.0328693
0.0345262
0.0362427
0.0380485
0.0398966
0.0418391
0.0438173
0.0458944
0.048035
0.0502668
0.0525828
0.0549378
0.0574264
0.059916
0.0625908
0.0652516
0.0680719
0.0709825
0.0738876
0.0770702
0.0802009
0.0834757
0.0100823
0.0115526
0.0111414
0.0100791
0.00922774
0.00851122
0.00819969
0.00868549
0.00937464
0.010129
0.0112423
0.0123387
0.0132396
0.0142245
0.0152315
0.0161401
0.0170977
0.018155
0.019261
0.0203621
0.0215002
0.0227256
0.0240252
0.0253724
0.0267817
0.0282311
0.0297242
0.0312798
0.0328752
0.0345323
0.0362487
0.0380537
0.0399011
0.0418432
0.0438213
0.0458984
0.0480386
0.0502695
0.0525849
0.0549395
0.0574286
0.0599179
0.062593
0.0652537
0.0680745
0.0709854
0.0738904
0.0770739
0.0802054
0.0834834
0.010081
0.0116173
0.0112539
0.0101808
0.00931639
0.00862717
0.00828274
0.00872028
0.00942759
0.010177
0.0112586
0.0123568
0.013268
0.0142527
0.0152615
0.0161674
0.017116
0.0181674
0.0192708
0.02037
0.021509
0.0227359
0.0240352
0.0253804
0.0267884
0.0282374
0.0297306
0.0312861
0.0328814
0.0345386
0.036255
0.0380592
0.0399058
0.0418474
0.0438256
0.0459026
0.0480422
0.0502724
0.0525872
0.0549414
0.0574308
0.0599199
0.0625954
0.065256
0.0680772
0.0709884
0.0738932
0.0770778
0.0802101
0.0834912
0.0100764
0.0116752
0.011362
0.0102817
0.00939832
0.00873581
0.00836982
0.00875565
0.00947688
0.0102277
0.0112778
0.0123745
0.0132955
0.0142799
0.0152914
0.0161958
0.0171354
0.0181806
0.0192815
0.0203786
0.0215178
0.0227462
0.0240452
0.0253887
0.0267954
0.0282441
0.0297372
0.0312926
0.0328878
0.0345451
0.0362614
0.0380648
0.0399107
0.0418518
0.04383
0.0459069
0.048046
0.0502754
0.0525897
0.0549433
0.0574331
0.059922
0.0625979
0.0652584
0.0680801
0.0709915
0.0738962
0.0770818
0.0802148
0.083499
0.0100722
0.0117246
0.0114617
0.0103814
0.00947561
0.00883709
0.00846049
0.00879282
0.00952201
0.0102801
0.0112999
0.0123919
0.0133227
0.0143065
0.0153205
0.0162253
0.0171563
0.0181943
0.0192926
0.020388
0.021527
0.0227562
0.0240551
0.0253973
0.0268029
0.0282511
0.0297441
0.0312994
0.0328944
0.0345518
0.036268
0.0380706
0.0399157
0.0418565
0.0438346
0.0459113
0.0480499
0.0502786
0.0525922
0.0549455
0.0574356
0.0599242
0.0626004
0.0652609
0.068083
0.0709948
0.0738992
0.077086
0.0802197
0.083507
0.0100696
0.0117649
0.0115539
0.0104816
0.00955024
0.00892974
0.00855234
0.0088321
0.00956265
0.0103327
0.0113253
0.0124099
0.0133497
0.0143321
0.0153489
0.0162559
0.0171785
0.0182085
0.0193046
0.0203985
0.0215365
0.022766
0.0240652
0.0254061
0.0268105
0.0282584
0.0297515
0.0313066
0.0329013
0.0345588
0.0362748
0.0380766
0.0399209
0.0418613
0.0438394
0.0459159
0.048054
0.0502819
0.0525949
0.0549477
0.0574383
0.0599266
0.0626032
0.0652636
0.068086
0.0709983
0.0739024
0.0770904
0.0802248
0.0835149
0.010071
0.0117999
0.0116388
0.0105797
0.0096215
0.00901262
0.0086439
0.00887453
0.00959918
0.0103852
0.0113542
0.0124284
0.013376
0.0143567
0.0153764
0.016287
0.017202
0.0182234
0.0193171
0.0204098
0.0215464
0.0227758
0.0240752
0.0254151
0.0268185
0.0282662
0.0297591
0.0313139
0.0329085
0.034566
0.0362819
0.0380829
0.0399264
0.0418663
0.0438443
0.0459207
0.0480582
0.0502853
0.0525977
0.05495
0.057441
0.059929
0.062606
0.0652665
0.0680892
0.0710019
0.0739057
0.077095
0.08023
0.083523
0.0100776
0.0118311
0.011714
0.0106734
0.0096908
0.00908699
0.00873411
0.00892072
0.00963168
0.0104362
0.0113859
0.0124469
0.0134021
0.0143815
0.0154026
0.016318
0.0172272
0.0182393
0.0193298
0.020422
0.021557
0.0227856
0.0240853
0.0254245
0.0268269
0.0282742
0.0297671
0.0313216
0.0329158
0.0345733
0.0362891
0.0380894
0.0399321
0.0418715
0.0438494
0.0459256
0.0480626
0.0502889
0.0526007
0.0549526
0.0574439
0.0599316
0.062609
0.0652696
0.0680925
0.0710057
0.0739091
0.0770997
0.0802353
0.0835311
0.0100873
0.0118584
0.0117795
0.0107622
0.00975945
0.00915301
0.00882006
0.00897034
0.00966065
0.0104843
0.0114206
0.0124668
0.0134283
0.014406
0.0154274
0.0163487
0.0172535
0.0182559
0.019343
0.0204349
0.0215684
0.0227954
0.0240951
0.0254341
0.0268356
0.0282825
0.0297754
0.0313298
0.0329235
0.0345809
0.0362965
0.0380961
0.039938
0.041877
0.0438547
0.0459306
0.048067
0.0502927
0.0526039
0.0549552
0.0574469
0.0599344
0.0626122
0.0652728
0.068096
0.0710098
0.0739126
0.0771046
0.0802408
0.0835392
0.0101
0.0118834
0.0118359
0.0108447
0.00982718
0.00921106
0.00889962
0.00902375
0.0096875
0.0105288
0.0114582
0.0124881
0.0134536
0.0144302
0.0154517
0.0163792
0.0172805
0.0182735
0.0193567
0.0204485
0.0215805
0.0228056
0.024105
0.0254436
0.0268446
0.0282914
0.0297841
0.0313381
0.0329315
0.0345889
0.0363041
0.0381029
0.0399441
0.0418826
0.0438603
0.045936
0.0480717
0.0502965
0.0526071
0.0549581
0.0574502
0.0599373
0.0626155
0.0652762
0.0680995
0.071014
0.0739164
0.0771096
0.0802465
0.0835474
0.0101162
0.011907
0.0118838
0.0109188
0.00989319
0.00926292
0.00897184
0.0090804
0.00971286
0.0105679
0.0114975
0.0125109
0.0134781
0.0144547
0.0154751
0.0164088
0.0173086
0.0182919
0.0193704
0.0204623
0.0215935
0.0228163
0.0241149
0.0254533
0.0268539
0.0283005
0.0297932
0.0313469
0.0329398
0.0345971
0.0363119
0.0381102
0.0399504
0.0418885
0.0438661
0.0459414
0.0480766
0.0503007
0.0526105
0.054961
0.0574535
0.0599404
0.062619
0.0652798
0.0681033
0.0710183
0.0739202
0.0771149
0.0802524
0.0835557
0.0101322
0.0119294
0.0119241
0.0109833
0.0099562
0.00931004
0.00903491
0.00913783
0.00973797
0.0106013
0.0115375
0.0125362
0.0135026
0.0144792
0.0154976
0.0164374
0.0173371
0.0183115
0.0193845
0.0204765
0.0216071
0.0228277
0.0241251
0.0254632
0.0268637
0.0283099
0.0298023
0.031356
0.0329485
0.0346055
0.03632
0.0381177
0.0399571
0.0418946
0.043872
0.045947
0.0480816
0.050305
0.0526142
0.0549643
0.057457
0.0599436
0.0626227
0.0652836
0.0681072
0.071023
0.0739242
0.0771202
0.0802585
0.083564
0.0101453
0.0119498
0.011957
0.0110375
0.0100145
0.00935311
0.00908752
0.00919443
0.00976555
0.0106295
0.0115767
0.0125642
0.0135264
0.014503
0.0155198
0.016465
0.0173655
0.0183319
0.0193995
0.0204908
0.0216208
0.0228397
0.0241357
0.0254731
0.0268736
0.0283199
0.029812
0.0313651
0.0329574
0.0346144
0.0363283
0.0381253
0.039964
0.041901
0.0438783
0.0459528
0.0480868
0.0503094
0.052618
0.0549678
0.0574608
0.059947
0.0626265
0.0652876
0.0681113
0.0710278
0.0739284
0.0771258
0.0802648
0.0835723
0.010155
0.0119669
0.0119823
0.0110814
0.0100663
0.00939322
0.00913115
0.00924811
0.00979562
0.0106521
0.0116132
0.0125952
0.0135502
0.0145261
0.0155417
0.0164916
0.0173941
0.0183528
0.0194148
0.0205058
0.0216351
0.0228522
0.0241467
0.0254831
0.026884
0.0283303
0.029822
0.0313747
0.0329664
0.0346233
0.0363369
0.0381334
0.0399711
0.0419076
0.0438847
0.0459589
0.0480923
0.0503141
0.052622
0.0549713
0.0574647
0.0599507
0.0626306
0.0652918
0.0681155
0.0710327
0.0739328
0.0771316
0.0802713
0.0835807
0.0101586
0.0119796
0.0120003
0.0111158
0.0101103
0.00943047
0.00916767
0.00929555
0.00982691
0.0106705
0.0116453
0.0126289
0.0135753
0.0145483
0.0155631
0.0165172
0.0174219
0.0183741
0.0194306
0.0205212
0.0216497
0.0228652
0.0241583
0.0254933
0.0268944
0.0283412
0.0298322
0.0313846
0.0329762
0.0346325
0.0363454
0.0381417
0.0399787
0.0419145
0.0438914
0.0459652
0.048098
0.0503189
0.0526263
0.0549751
0.0574687
0.0599544
0.0626349
0.0652964
0.0681199
0.071038
0.0739374
0.0771375
0.0802779
0.0835892
0.0101545
0.0119883
0.0120113
0.0111408
0.0101446
0.00946247
0.0091972
0.00933487
0.00986023
0.010688
0.0116713
0.0126632
0.0136025
0.0145696
0.0155838
0.016542
0.0174491
0.0183955
0.0194467
0.020537
0.0216646
0.022879
0.0241712
0.0255037
0.0269044
0.0283522
0.029843
0.0313948
0.0329861
0.0346425
0.0363546
0.0381501
0.0399863
0.0419217
0.0438984
0.0459717
0.0481039
0.050324
0.0526307
0.0549792
0.0574732
0.0599585
0.0626393
0.0653011
0.0681246
0.0710435
0.0739422
0.0771436
0.0802848
0.0835978
0.0101419
0.0119924
0.0120153
0.011156
0.0101683
0.00948744
0.00922111
0.00936581
0.00989343
0.0107059
0.0116911
0.0126971
0.0136322
0.0145898
0.0156033
0.0165661
0.0174759
0.0184167
0.0194626
0.0205534
0.0216799
0.0228928
0.0241849
0.0255154
0.0269151
0.0283632
0.0298537
0.0314052
0.0329964
0.0346524
0.0363641
0.0381594
0.0399944
0.041929
0.0439055
0.0459784
0.04811
0.0503293
0.0526354
0.0549835
0.0574778
0.0599628
0.0626441
0.065306
0.0681293
0.0710491
0.0739473
0.07715
0.080292
0.0836064
0.0101189
0.0119889
0.012011
0.0111609
0.0101827
0.00950426
0.0092404
0.00938895
0.00992221
0.0107245
0.0117059
0.0127283
0.0136651
0.0146103
0.0156212
0.0165895
0.0175016
0.0184375
0.0194787
0.02057
0.0216956
0.0229065
0.0241991
0.0255282
0.0269262
0.0283748
0.0298649
0.0314154
0.0330066
0.0346626
0.0363735
0.0381687
0.0400032
0.0419372
0.043913
0.0459852
0.0481163
0.0503347
0.0526404
0.0549881
0.0574826
0.0599672
0.062649
0.0653114
0.0681344
0.071055
0.0739525
0.0771564
0.0802993
0.0836151
0.0100853
0.0119766
0.0119984
0.0111552
0.010188
0.00951144
0.00925318
0.00940453
0.00994549
0.0107454
0.0117173
0.0127538
0.0137
0.0146322
0.015637
0.0166112
0.0175273
0.0184584
0.0194945
0.020587
0.0217118
0.0229204
0.0242139
0.0255416
0.0269372
0.0283863
0.0298772
0.0314271
0.0330172
0.0346729
0.0363833
0.0381781
0.0400116
0.0419453
0.043921
0.0459927
0.0481231
0.0503405
0.0526455
0.0549928
0.0574876
0.059972
0.0626542
0.0653168
0.0681397
0.0710612
0.073958
0.077163
0.0803068
0.083624
0.0100401
0.0119544
0.0119787
0.0111374
0.0101821
0.00950919
0.00925846
0.00941336
0.00996177
0.0107674
0.0117279
0.0127737
0.0137357
0.0146558
0.01565
0.0166308
0.0175521
0.0184787
0.0195101
0.0206049
0.0217294
0.0229344
0.0242286
0.0255564
0.026949
0.028397
0.0298885
0.0314387
0.0330289
0.0346842
0.0363937
0.0381883
0.0400208
0.0419534
0.0439286
0.046
0.0481301
0.0503466
0.0526512
0.054998
0.0574929
0.0599769
0.0626597
0.0653226
0.0681451
0.0710675
0.0739638
0.07717
0.0803147
0.0836328
0.00998274
0.0119194
0.011951
0.0111064
0.0101623
0.00949635
0.00925588
0.00941843
0.00997072
0.0107865
0.0117391
0.0127882
0.0137701
0.0146829
0.015662
0.0166472
0.0175756
0.0184982
0.0195249
0.0206227
0.0217478
0.0229494
0.0242442
0.0255723
0.026962
0.0284082
0.0299002
0.0314501
0.0330394
0.0346952
0.0364046
0.038199
0.0400307
0.0419627
0.0439371
0.0460076
0.048137
0.0503526
0.0526568
0.0550035
0.0574987
0.0599824
0.0626654
0.0653287
0.0681508
0.0710742
0.0739699
0.077177
0.0803227
0.0836419
0.00991585
0.0118694
0.0119131
0.0110646
0.0101278
0.00946928
0.00924055
0.00941824
0.00997528
0.0108039
0.0117521
0.0127971
0.0138003
0.0147131
0.0156736
0.0166593
0.0175976
0.0185181
0.019539
0.0206402
0.0217672
0.0229648
0.0242597
0.0255892
0.0269758
0.0284192
0.0299121
0.031463
0.0330513
0.0347059
0.036415
0.0382097
0.0400407
0.0419719
0.043946
0.0460161
0.0481448
0.0503591
0.0526628
0.055009
0.0575043
0.0599879
0.0626715
0.0653352
0.0681569
0.0710811
0.0739763
0.0771843
0.0803309
0.0836511
0.00983878
0.0118018
0.0118606
0.0110125
0.0100818
0.00943173
0.00921151
0.00940789
0.00997427
0.0108186
0.011769
0.0128048
0.0138248
0.0147439
0.0156855
0.0166673
0.0176168
0.018537
0.019552
0.0206576
0.021788
0.0229815
0.0242752
0.0256068
0.0269914
0.0284306
0.029923
0.0314754
0.0330638
0.034718
0.0364263
0.0382208
0.040051
0.0419814
0.0439546
0.0460241
0.0481526
0.050366
0.0526695
0.0550152
0.0575105
0.0599937
0.0626776
0.0653419
0.0681632
0.0710884
0.073983
0.0771919
0.0803395
0.0836602
0.00974597
0.0117132
0.0117859
0.0109423
0.010019
0.009384
0.00917336
0.00938908
0.00996595
0.010825
0.0117868
0.0128148
0.013845
0.0147752
0.0157003
0.0166718
0.0176329
0.0185568
0.0195648
0.0206732
0.0218084
0.0229988
0.024291
0.0256245
0.0270075
0.028443
0.0299346
0.0314884
0.0330765
0.0347296
0.036438
0.038233
0.0400621
0.0419913
0.0439639
0.0460328
0.0481604
0.0503727
0.0526761
0.0550216
0.0575172
0.0600002
0.0626845
0.065349
0.0681698
0.0710958
0.07399
0.0771996
0.0803483
0.0836698
0.00963977
0.0116066
0.0116896
0.0108537
0.00993638
0.00932052
0.00912616
0.0093657
0.00995568
0.0108244
0.0117991
0.0128207
0.0138566
0.0148027
0.0157173
0.0166746
0.0176456
0.0185783
0.0195798
0.0206893
0.0218308
0.0230179
0.0243065
0.0256414
0.0270237
0.0284551
0.0299451
0.031501
0.0330905
0.0347426
0.0364496
0.038245
0.0400739
0.042002
0.0439734
0.0460417
0.0481689
0.0503799
0.052683
0.0550279
0.0575235
0.0600065
0.0626913
0.0653565
0.0681768
0.0711037
0.0739975
0.0772077
0.0803575
0.0836801
0.00951096
0.0114745
0.0115649
0.0107428
0.00983389
0.00923876
0.00906763
0.00933921
0.00995305
0.0108302
0.0118155
0.0128297
0.0138601
0.0148178
0.0157285
0.0166721
0.0176518
0.0185981
0.0195957
0.0207052
0.0218549
0.0230408
0.0243244
0.0256594
0.0270413
0.0284691
0.029956
0.0315127
0.0331038
0.0347557
0.036462
0.0382578
0.040086
0.0420131
0.0439838
0.0460514
0.0481777
0.0503876
0.0526906
0.055035
0.0575305
0.0600132
0.0626979
0.0653634
0.0681832
0.0711109
0.0740044
0.0772152
0.0803661
0.0836885
0.00934942
0.011311
0.0114018
0.0105966
0.00970371
0.00913248
0.0089898
0.00929792
0.00994502
0.0108359
0.0118366
0.0128502
0.0138694
0.0148314
0.0157396
0.0166669
0.0176499
0.0186138
0.0196115
0.0207182
0.021876
0.0230629
0.0243418
0.025677
0.0270591
0.0284841
0.0299687
0.0315262
0.0331192
0.0347704
0.0364747
0.0382712
0.0400997
0.0420253
0.0439947
0.0460619
0.0481877
0.0503964
0.0526993
0.0550433
0.057539
0.0600218
0.0627072
0.0653733
0.0681924
0.0711208
0.0740139
0.077225
0.0803769
0.0837009
0.00916993
0.0111201
0.0112037
0.010417
0.00955072
0.0090103
0.00890256
0.00925009
0.0099332
0.0108352
0.0118458
0.0128624
0.0138726
0.0148398
0.0157529
0.0166688
0.017651
0.018631
0.0196308
0.0207325
0.0218972
0.0230855
0.0243568
0.0256896
0.0270722
0.0284953
0.0299766
0.031534
0.0331303
0.0347828
0.0364855
0.0382816
0.0401102
0.042035
0.0440034
0.0460698
0.0481948
0.0504027
0.0527057
0.0550491
0.0575446
0.0600273
0.0627125
0.0653791
0.0681979
0.0711272
0.0740201
0.0772318
0.0803848
0.083708
0.00896375
0.0108903
0.01096
0.0101935
0.00936695
0.00886999
0.0088104
0.00920465
0.00992845
0.0108432
0.011855
0.0128689
0.013865
0.0148301
0.0157513
0.0166658
0.0176511
0.0186509
0.0196597
0.0207571
0.0219274
0.0231193
0.0243842
0.0257136
0.0270961
0.0285182
0.0299964
0.0315522
0.0331504
0.0348032
0.0365034
0.0382993
0.0401281
0.0420512
0.0440183
0.046084
0.0482082
0.0504147
0.0527177
0.0550604
0.057556
0.0600388
0.0627244
0.0653913
0.0682091
0.0711388
0.0740314
0.077243
0.0803971
0.0837222
0.00869822
0.010604
0.0106654
0.00992933
0.00916045
0.00872121
0.00871957
0.00916134
0.00992193
0.0108487
0.0118565
0.0128646
0.0138461
0.0148044
0.0157336
0.0166512
0.0176364
0.0186517
0.0196727
0.0207659
0.0219387
0.0231345
0.0243926
0.0257183
0.0271023
0.028525
0.0300015
0.0315561
0.033158
0.0348137
0.0365116
0.0383066
0.0401365
0.0420593
0.0440252
0.0460902
0.0482138
0.0504199
0.0527232
0.0550655
0.0575608
0.0600438
0.0627293
0.0653972
0.0682148
0.0711455
0.0740379
0.07725
0.0804051
0.0837291
0.00826832
0.0101626
0.0102653
0.00960723
0.00894033
0.00860302
0.00869034
0.00918592
0.00997167
0.0108988
0.0118875
0.0128765
0.0138389
0.0147899
0.0157333
0.016666
0.0176551
0.0186815
0.019715
0.0208031
0.0219738
0.0231731
0.0244256
0.0257449
0.0271275
0.0285512
0.0300256
0.0315766
0.0331792
0.0348369
0.0365329
0.0383265
0.0401561
0.0420775
0.0440426
0.0461064
0.0482288
0.0504336
0.0527367
0.0550781
0.0575734
0.0600564
0.0627418
0.0654097
0.0682263
0.0711571
0.0740495
0.0772612
0.0804176
0.0837434
0.00767865
0.0094272
0.00954454
0.00901548
0.00852919
0.0083674
0.00859381
0.00916354
0.00996995
0.010889
0.0118559
0.0128308
0.0137836
0.0147313
0.0156896
0.0166433
0.0176406
0.0186783
0.019729
0.0208171
0.021984
0.0231869
0.0244372
0.0257522
0.0271353
0.0285617
0.0300361
0.0315849
0.0331896
0.0348505
0.0365442
0.0383358
0.0401663
0.042088
0.0440519
0.0461143
0.0482363
0.050441
0.0527443
0.055085
0.0575804
0.0600639
0.0627495
0.0654186
0.068235
0.0711664
0.0740585
0.0772704
0.0804274
0.0837531
0.00774096
0.00909856
0.00906924
0.00863629
0.00832751
0.00832485
0.00865603
0.00925558
0.0100362
0.0109108
0.0118371
0.0127935
0.0137475
0.0147041
0.0156829
0.0166589
0.0176626
0.0187023
0.0197623
0.0208492
0.0220085
0.0232122
0.0244619
0.0257704
0.0271501
0.0285796
0.0300542
0.0315992
0.0332037
0.0348679
0.036562
0.0383519
0.0401812
0.0421027
0.0440668
0.0461279
0.0482487
0.0504529
0.052756
0.0550957
0.0575906
0.0600742
0.0627592
0.0654281
0.0682437
0.0711754
0.0740676
0.0772795
0.0804373
0.0837626
0.00536152
0.00720727
0.0078616
0.00802712
0.00816149
0.00841391
0.00881981
0.00938673
0.0100973
0.0109098
0.0117936
0.0127294
0.0136862
0.0146559
0.0156564
0.0166586
0.0176764
0.0187235
0.0197957
0.0208851
0.0220371
0.0232396
0.0244912
0.0257963
0.0271732
0.0286053
0.030081
0.031623
0.0332266
0.0348922
0.0365841
0.0383711
0.0401999
0.0421216
0.0440847
0.0461433
0.0482634
0.0504674
0.0527704
0.055109
0.057604
0.0600878
0.0627732
0.0654433
0.0682584
0.0711902
0.0740818
0.0772932
0.0804519
0.0837795
0.00367625
0.00463744
0.00591179
0.00703555
0.00789181
0.00848583
0.00896852
0.00949602
0.0101242
0.0108612
0.0116997
0.0126226
0.0135972
0.0145949
0.0156218
0.0166484
0.0176774
0.018726
0.0198023
0.020894
0.0220403
0.0232408
0.024496
0.0257985
0.0271716
0.0286082
0.0300866
0.031626
0.0332297
0.0348984
0.0365928
0.0383789
0.0402059
0.0421283
0.0440926
0.04615
0.048269
0.0504731
0.0527759
0.0551141
0.0576089
0.0600933
0.0627779
0.0654481
0.0682627
0.0711948
0.074087
0.0772986
0.0804586
0.0837844
0.00248944
0.00471864
0.00618051
0.00718676
0.00793131
0.00853591
0.00907364
0.00961192
0.0102096
0.010906
0.0117085
0.0126024
0.0135716
0.0145795
0.0156223
0.0166704
0.0177156
0.0187703
0.0198504
0.0209442
0.0220851
0.0232795
0.0245369
0.0258389
0.0272072
0.0286455
0.0301251
0.0316621
0.0332636
0.0349315
0.0366238
0.0384075
0.0402326
0.0421548
0.0441186
0.0461728
0.0482907
0.0504946
0.052797
0.0551338
0.0576288
0.0601132
0.0627981
0.0654692
0.0682831
0.0712148
0.0741061
0.0773167
0.0804773
0.0838062
0.00160758
0.00286532
0.00456314
0.00614787
0.00741711
0.00836115
0.00904836
0.00961614
0.0101966
0.010873
0.0116624
0.0125386
0.0135027
0.0145204
0.0155753
0.0166412
0.0177005
0.0187624
0.0198455
0.0209438
0.0220856
0.0232758
0.0245355
0.0258389
0.0272033
0.0286442
0.0301271
0.0316623
0.0332639
0.034933
0.0366274
0.0384117
0.0402348
0.0421572
0.0441228
0.0461763
0.0482933
0.0504976
0.0528001
0.0551366
0.0576312
0.0601162
0.0628005
0.0654717
0.0682854
0.0712174
0.0741092
0.0773204
0.0804821
0.0838088
0.000244886
0.00309585
0.00505091
0.00645336
0.0075195
0.00836967
0.00905428
0.00963724
0.0102244
0.0109003
0.0116881
0.0125574
0.0135127
0.01453
0.0155867
0.0166581
0.0177253
0.018792
0.0198787
0.0209793
0.0221234
0.0233125
0.0245725
0.0258796
0.0272425
0.0286824
0.0301666
0.0317016
0.0333012
0.0349689
0.0366604
0.0384433
0.0402656
0.0421865
0.0441516
0.0462029
0.0483187
0.0505219
0.052824
0.0551594
0.0576539
0.060139
0.0628233
0.0654956
0.0683083
0.0712395
0.0741301
0.0773401
0.0805033
0.0838333
)
;

boundaryField
{
    zeroGradientPlanes
    {
        type            zeroGradient;
    }
    inlet
    {
        type            zeroGradient;
    }
    plate
    {
        type            zeroGradient;
    }
    frontAndBack
    {
        type            empty;
    }
}


// ************************************************************************* //
