/*--------------------------------*- C++ -*----------------------------------*\
| =========                 |                                                 |
| \\      /  F ield         | OpenFOAM: The Open Source CFD Toolbox           |
|  \\    /   O peration     | Version:  v2012                                 |
|   \\  /    A nd           | Website:  www.openfoam.com                      |
|    \\/     M anipulation  |                                                 |
\*---------------------------------------------------------------------------*/
FoamFile
{
    version     2.0;
    format      ascii;
    class       volScalarField;
    location    "5.8";
    object      p;
}
// * * * * * * * * * * * * * * * * * * * * * * * * * * * * * * * * * * * * * //

dimensions      [0 2 -2 0 0 0 0];


internalField   nonuniform List<scalar> 
7000
(
-3.96746e-11
0.00951234
0.0127963
0.00930136
0.00440162
0.0147826
0.0106592
0.0127909
0.0151296
0.016449
0.0166256
0.0190636
0.0193597
0.0217299
0.0224911
0.0245555
0.0256078
0.0283625
0.030488
0.0353432
3.63742e-06
0.00952123
0.0127789
0.00929139
0.0044175
0.0147652
0.0106643
0.012796
0.015119
0.0164662
0.0166252
0.0190572
0.0193636
0.0217179
0.0224921
0.0245314
0.0256112
0.0283297
0.0305004
0.0350167
8.2856e-06
0.00952907
0.0127455
0.00929185
0.00443057
0.0147366
0.0106759
0.0128009
0.0151107
0.0164846
0.0166221
0.0190429
0.0193686
0.0216957
0.0224922
0.024499
0.0256199
0.0282884
0.0305007
0.0345993
1.60484e-05
0.00952904
0.0127103
0.00930945
0.00445205
0.0147
0.0106934
0.0128063
0.0151053
0.0164959
0.0166189
0.0190206
0.0193718
0.0216682
0.0224907
0.0244646
0.0256321
0.02824
0.0304778
0.0341978
2.95127e-05
0.00952121
0.0126765
0.00934648
0.00448809
0.0146568
0.010718
0.0128104
0.0150984
0.0165007
0.0166164
0.0189904
0.0193739
0.0216358
0.0224919
0.0244261
0.0256476
0.0281813
0.0304386
0.033824
5.07843e-05
0.00950575
0.012644
0.00940113
0.00454335
0.0146097
0.01075
0.0128104
0.0150885
0.0165015
0.016614
0.0189539
0.0193764
0.0215985
0.0224977
0.0243823
0.0256664
0.0281132
0.030385
0.0334762
8.08542e-05
0.00948297
0.0126135
0.00946872
0.00461765
0.0145606
0.0107886
0.0128057
0.0150763
0.0165003
0.0166109
0.0189138
0.0193805
0.0215566
0.0225081
0.0243338
0.0256862
0.0280364
0.0303155
0.0331481
0.000119692
0.0094548
0.0125859
0.00954331
0.00470739
0.0145105
0.0108325
0.0127975
0.0150629
0.016498
0.0166073
0.0188719
0.0193865
0.0215101
0.022522
0.0242806
0.0257038
0.0279525
0.0302282
0.0328294
0.000166699
0.00942431
0.0125617
0.00961926
0.00480753
0.014459
0.010881
0.0127876
0.0150495
0.016495
0.0166055
0.0188294
0.0193943
0.0214594
0.0225379
0.0242223
0.025717
0.027863
0.0301211
0.0325204
0.000221096
0.00939471
0.0125404
0.00969224
0.0049135
0.0144059
0.010934
0.0127729
0.015037
0.0164911
0.0166067
0.0187871
0.0194035
0.0214047
0.0225544
0.024159
0.0257236
0.0277688
0.0299942
0.0322193
0.000282099
0.00936861
0.0125214
0.00975968
0.00502214
0.014351
0.0109917
0.0127643
0.0150258
0.0164862
0.0166111
0.0187457
0.019414
0.0213468
0.0225703
0.0240909
0.0257218
0.0276705
0.0298487
0.0319239
0.000348973
0.00934759
0.0125041
0.00982047
0.00513179
0.0142943
0.0110546
0.0127574
0.0150163
0.0164801
0.0166189
0.0187057
0.0194259
0.0212862
0.0225846
0.0240189
0.0257096
0.0275685
0.0296866
0.031632
0.000421007
0.00933214
0.012488
0.00987465
0.00524196
0.014236
0.0111229
0.0127525
0.0150088
0.0164726
0.0166302
0.0186673
0.0194394
0.0212234
0.0225965
0.0239439
0.0256856
0.0274632
0.0295099
0.0313415
0.000497501
0.00932188
0.0124728
0.00992309
0.00535289
0.0141764
0.0111962
0.0127495
0.0150035
0.0164638
0.0166445
0.0186304
0.0194545
0.0211589
0.022605
0.0238675
0.0256487
0.0273546
0.0293204
0.0310506
0.000577793
0.0093159
0.0124581
0.009967
0.00546519
0.0141156
0.0112742
0.0127477
0.0150005
0.0164537
0.0166615
0.0185943
0.019471
0.0210931
0.0226089
0.0237907
0.0255982
0.0272427
0.0291197
0.0307579
0.000661301
0.00931309
0.0124434
0.0100076
0.00557951
0.0140538
0.0113563
0.0127468
0.0149998
0.0164422
0.0166805
0.0185583
0.0194883
0.0210266
0.0226068
0.0237149
0.0255335
0.0271266
0.0289094
0.0304627
0.000747562
0.00931243
0.0124287
0.0100457
0.0056964
0.0139911
0.011442
0.012746
0.0150012
0.0164293
0.0167012
0.0185217
0.0195055
0.0209605
0.0225975
0.023641
0.0254547
0.0270052
0.0286908
0.0301644
0.000836248
0.00931321
0.0124137
0.0100819
0.0058162
0.0139276
0.0115309
0.0127451
0.0150047
0.016415
0.016723
0.0184842
0.0195212
0.0208957
0.02258
0.023569
0.025362
0.0268773
0.0284651
0.029863
0.000927162
0.00931496
0.0123983
0.0101163
0.0059391
0.0138634
0.0116227
0.0127435
0.0150099
0.0163994
0.0167452
0.018446
0.0195341
0.0208328
0.0225534
0.0234986
0.025256
0.0267421
0.0282334
0.0295583
0.00102022
0.00931745
0.0123827
0.0101492
0.00606516
0.0137984
0.0117174
0.012741
0.0150168
0.0163828
0.0167671
0.0184075
0.0195429
0.0207724
0.0225173
0.023429
0.0251379
0.0265984
0.0279968
0.0292509
0.00111544
0.00932056
0.0123667
0.0101805
0.00619436
0.0137328
0.0118146
0.0127374
0.0150249
0.0163654
0.0167875
0.0183697
0.0195467
0.0207149
0.0224716
0.023359
0.0250086
0.0264451
0.0277561
0.0289414
0.00121286
0.00932429
0.0123507
0.0102101
0.00632661
0.0136664
0.0119144
0.0127325
0.015034
0.0163481
0.016805
0.018333
0.0195446
0.0206598
0.0224165
0.023287
0.0248688
0.026282
0.027512
0.0286304
0.00131257
0.00932865
0.0123347
0.010238
0.0064618
0.0135994
0.0120165
0.0127264
0.0150435
0.0163319
0.0168185
0.0182979
0.0195362
0.0206066
0.0223528
0.0232116
0.0247195
0.0261089
0.027265
0.0283186
0.00141468
0.00933369
0.012319
0.010264
0.0065998
0.0135318
0.0121207
0.0127193
0.0150525
0.016318
0.0168269
0.0182648
0.0195216
0.0205541
0.0222813
0.0231309
0.0245609
0.0259273
0.0270163
0.0280058
0.00151928
0.00933941
0.0123037
0.0102882
0.00674048
0.0134636
0.0122267
0.0127116
0.0150603
0.0163073
0.0168296
0.0182337
0.0195008
0.0205008
0.0222037
0.0230442
0.0243909
0.0257366
0.0267694
0.0276934
0.00162645
0.00934579
0.0122892
0.0103104
0.00688368
0.013395
0.0123341
0.0127041
0.0150654
0.0163011
0.0168261
0.0182043
0.019475
0.0204444
0.0221199
0.0229539
0.0242094
0.0255323
0.0265251
0.0273856
0.00173629
0.00935276
0.0122756
0.0103308
0.0070291
0.0133264
0.0124424
0.0126977
0.0150668
0.0163001
0.0168162
0.0181755
0.0194454
0.0203838
0.0220282
0.0228604
0.0240204
0.0253121
0.0262797
0.0270836
0.00184887
0.0093604
0.0122632
0.0103493
0.00717661
0.013258
0.0125513
0.0126934
0.0150633
0.016305
0.0168004
0.018146
0.0194134
0.0203176
0.0219288
0.0227621
0.0238271
0.0250796
0.0260306
0.0267855
0.00196431
0.00936859
0.0122521
0.010366
0.00732597
0.0131902
0.0126597
0.0126926
0.0150541
0.0163155
0.0167798
0.018114
0.0193809
0.0202447
0.0218202
0.0226581
0.0236342
0.0248403
0.0257679
0.0264898
0.0020827
0.0093773
0.0122426
0.010381
0.00747667
0.0131238
0.0127668
0.0126962
0.0150387
0.0163319
0.0167543
0.0180797
0.0193469
0.0201686
0.0216997
0.0225448
0.0234354
0.0245909
0.0255164
0.0261978
0.00220416
0.00938642
0.0122349
0.0103944
0.00762836
0.0130595
0.0128718
0.0127051
0.0150159
0.0163539
0.0167259
0.0180396
0.0193124
0.0200897
0.021567
0.0224241
0.0232272
0.0243276
0.025278
0.0259131
0.00232877
0.00939588
0.0122291
0.0104065
0.00778035
0.0129982
0.0129735
0.0127206
0.0149855
0.0163799
0.016698
0.0179893
0.0192795
0.020007
0.0214221
0.0223009
0.0230198
0.0240494
0.0250011
0.0256377
0.00245664
0.00940564
0.0122252
0.0104176
0.00793207
0.0129406
0.0130718
0.0127423
0.0149462
0.0164077
0.0166747
0.0179281
0.0192462
0.0199225
0.0212653
0.0221662
0.0228163
0.0237545
0.0247224
0.02537
0.00258801
0.00941538
0.0122235
0.0104277
0.00808301
0.0128875
0.0131659
0.01277
0.0149172
0.0164332
0.0166594
0.017854
0.0192128
0.0198373
0.021098
0.0220203
0.0226186
0.0234569
0.0243708
0.0251035
0.00272282
0.00942521
0.0122239
0.0104376
0.00823166
0.0128401
0.0132547
0.0128049
0.014869
0.0164612
0.0166455
0.0177735
0.0191718
0.0197569
0.020914
0.0218415
0.0224108
0.0231692
0.024078
0.0248404
0.00286113
0.00943516
0.0122261
0.010448
0.00837764
0.0127989
0.0133382
0.0128464
0.0148127
0.0164904
0.0166364
0.0176869
0.019114
0.0196818
0.0207148
0.021637
0.0221944
0.0228913
0.023841
0.024577
0.00300343
0.00944458
0.0122304
0.0104583
0.00852073
0.0127636
0.0134179
0.0128912
0.014763
0.0165028
0.016645
0.0175888
0.0190476
0.0196037
0.0205191
0.0214209
0.0219955
0.0226266
0.0234522
0.0243005
0.00314939
0.00945385
0.0122364
0.0104704
0.00865882
0.0127357
0.0134922
0.0129424
0.0147057
0.0165149
0.0166525
0.0174897
0.0189676
0.0195115
0.0203089
0.0211927
0.021789
0.0223775
0.0231577
0.0240234
0.003299
0.00946325
0.0122434
0.0104851
0.0087923
0.0127144
0.0135616
0.0129984
0.0146437
0.016529
0.0166602
0.0173898
0.0188669
0.0194153
0.0200867
0.0209469
0.0215615
0.0221327
0.0229704
0.0237585
0.00345309
0.00947167
0.0122521
0.0105013
0.00892156
0.012698
0.0136305
0.0130518
0.0145972
0.0165115
0.0166833
0.0172788
0.0187518
0.0193333
0.01989
0.0206915
0.021333
0.0218745
0.0225679
0.0234901
0.003611
0.0094801
0.0122612
0.0105221
0.00904453
0.0126884
0.0136952
0.0131112
0.0145432
0.0164968
0.0167087
0.0171685
0.0186095
0.0192266
0.0196937
0.0204289
0.021084
0.0216321
0.0223069
0.0232294
0.0037727
0.00948875
0.0122702
0.0105481
0.00916211
0.0126836
0.0137574
0.0131741
0.014484
0.0164892
0.0167291
0.0170575
0.0184337
0.0191056
0.0194845
0.0201554
0.0208175
0.0214086
0.0222123
0.0229903
0.00393922
0.0094965
0.0122802
0.0105769
0.00927569
0.0126803
0.013822
0.0132341
0.0144354
0.0164546
0.0167626
0.0169543
0.0182583
0.0189663
0.0192905
0.0198767
0.0205701
0.021144
0.0217939
0.0227433
0.00410952
0.0095051
0.0122886
0.0106126
0.00938372
0.0126807
0.0138836
0.0133012
0.0143775
0.0164145
0.0167979
0.0168547
0.0180669
0.0188169
0.019088
0.0195761
0.0202853
0.0209004
0.0215557
0.0225093
0.00428406
0.00951416
0.0122951
0.0106553
0.00948815
0.012682
0.0139437
0.0133744
0.0143111
0.0163716
0.0168235
0.0167724
0.017856
0.0186615
0.0188659
0.0192551
0.0199553
0.0206753
0.0215291
0.0223011
0.00446354
0.00952298
0.0123015
0.010701
0.00959153
0.01268
0.0140082
0.0134438
0.0142541
0.0163013
0.016847
0.01669
0.0176492
0.0184979
0.018748
0.0190184
0.0195985
0.0202697
0.0210234
0.0220836
0.00464646
0.00953359
0.012305
0.0107543
0.00969261
0.0126774
0.0140706
0.013517
0.0141991
0.0162085
0.0168599
0.0166269
0.0174468
0.0183194
0.0186251
0.0187689
0.0191991
0.019804
0.0206237
0.0219019
0.00483393
0.00954563
0.0123056
0.0108134
0.00979309
0.0126746
0.0141261
0.0135998
0.0141386
0.0161014
0.0168634
0.0165873
0.0172443
0.0181228
0.0184683
0.0185202
0.0188104
0.0193862
0.0203036
0.021725
0.00502606
0.00955878
0.0123042
0.0108755
0.00989454
0.0126706
0.0141764
0.0136862
0.0140795
0.0159801
0.0168557
0.0165589
0.0170532
0.0178981
0.0182777
0.0182912
0.0184684
0.0190228
0.0199973
0.0215208
0.00522187
0.0095741
0.0123004
0.0109414
0.00999726
0.0126666
0.0142199
0.0137731
0.0140283
0.0158454
0.016828
0.0165429
0.0168769
0.0176449
0.0180613
0.0180858
0.0181789
0.0186881
0.0196859
0.0212874
0.00542208
0.00959198
0.0122943
0.0110088
0.0101018
0.0126625
0.014255
0.0138611
0.0139862
0.0156956
0.0167817
0.0165378
0.0167117
0.0173786
0.0178253
0.0178935
0.0179297
0.0183777
0.0193719
0.0210441
0.00562638
0.00961215
0.0122863
0.0110781
0.0102077
0.012658
0.014283
0.0139476
0.0139524
0.0155379
0.0167165
0.0165357
0.0165595
0.0171123
0.0175719
0.0176979
0.0177072
0.0180934
0.019073
0.0208036
0.00583457
0.00963503
0.0122771
0.011148
0.0103138
0.0126546
0.0143036
0.0140298
0.0139299
0.0153773
0.0166278
0.0165292
0.0164239
0.0168551
0.0173026
0.0174866
0.017505
0.0178454
0.0187952
0.0205675
0.00604666
0.00966116
0.0122665
0.011218
0.01042
0.0126529
0.0143164
0.0141072
0.0139192
0.0152131
0.0165117
0.016516
0.0163094
0.0166117
0.0170205
0.0172555
0.0173142
0.0176317
0.0185535
0.0203404
0.00626245
0.00969044
0.0122548
0.0112888
0.0105252
0.0126515
0.0143217
0.0141795
0.0139187
0.0150478
0.0163709
0.016495
0.0162154
0.0163806
0.016729
0.0170071
0.0171304
0.0174487
0.0183446
0.0201273
0.00648195
0.0097233
0.012242
0.0113603
0.0106283
0.01265
0.0143206
0.0142459
0.013927
0.0148913
0.0162089
0.0164595
0.0161363
0.0161617
0.0164377
0.0167483
0.0169438
0.0172835
0.0181685
0.0199331
0.00670481
0.00976036
0.0122279
0.0114327
0.010729
0.0126483
0.0143133
0.0143053
0.0139426
0.0147487
0.0160297
0.0164016
0.016068
0.0159617
0.0161584
0.0164807
0.0167439
0.017126
0.0180159
0.019763
0.00693035
0.00980231
0.0122122
0.0115068
0.0108259
0.0126432
0.0143025
0.0143586
0.0139641
0.0146197
0.0158376
0.0163168
0.0160091
0.0157872
0.0158907
0.0161985
0.0165243
0.0169683
0.0178865
0.0196196
0.00715891
0.00984885
0.0121964
0.0115818
0.0109193
0.0126333
0.014285
0.0144068
0.0139924
0.0145049
0.0156368
0.0162044
0.015955
0.0156359
0.0156329
0.0159079
0.016295
0.0168144
0.0177692
0.0194942
0.00739058
0.00990009
0.0121819
0.0116563
0.0110126
0.0126189
0.0142487
0.0144499
0.0140305
0.0144046
0.0154338
0.0160655
0.015896
0.0155057
0.0153939
0.0156219
0.0160556
0.0166483
0.0176535
0.0193804
0.00762376
0.00995713
0.0121663
0.0117331
0.0111038
0.0125957
0.0142045
0.0144897
0.0140742
0.0143174
0.0152339
0.0159015
0.0158239
0.015397
0.0151821
0.0153435
0.015801
0.0164661
0.0175289
0.0192738
0.00785826
0.01002
0.0121511
0.0118112
0.0111908
0.0125681
0.0141569
0.0145221
0.0141187
0.0142429
0.0150424
0.0157161
0.0157315
0.0153042
0.0149986
0.0150772
0.0155338
0.0162634
0.0173925
0.0191688
0.0080943
0.0100885
0.0121352
0.0118869
0.0112782
0.0125411
0.0141013
0.0145437
0.0141639
0.0141799
0.0148613
0.0155161
0.0156143
0.0152174
0.0148423
0.0148326
0.0152636
0.0160409
0.0172373
0.0190602
0.00833082
0.0101627
0.0121184
0.0119602
0.0113693
0.0125148
0.0140357
0.0145538
0.0142092
0.0141265
0.0146914
0.0153091
0.0154728
0.0151268
0.0147091
0.014617
0.0149996
0.0158008
0.0170608
0.0189422
0.00856717
0.0102423
0.0121017
0.0120314
0.0114638
0.0124893
0.0139611
0.0145511
0.0142531
0.0140824
0.0145323
0.0151002
0.0153094
0.0150254
0.014593
0.0144285
0.0147465
0.0155508
0.0168649
0.0188129
0.00880292
0.0103276
0.0120855
0.0120995
0.0115613
0.0124668
0.0138785
0.0145333
0.0142937
0.014047
0.0143832
0.0148938
0.0151296
0.0149114
0.0144853
0.0142613
0.0145124
0.0153029
0.0166556
0.018672
0.00903747
0.0104184
0.0120706
0.0121636
0.0116615
0.0124489
0.0137891
0.0144991
0.0143286
0.0140203
0.0142449
0.0146942
0.0149387
0.0147801
0.0143763
0.0141145
0.014304
0.0150642
0.0164378
0.0185173
0.00927002
0.0105147
0.012058
0.012223
0.0117632
0.0124369
0.0136949
0.0144481
0.0143548
0.0140036
0.0141185
0.0145021
0.0147396
0.0146304
0.0142637
0.0139853
0.0141186
0.0148367
0.016217
0.0183526
0.00949998
0.0106165
0.0120483
0.0122768
0.0118652
0.0124321
0.0135988
0.0143803
0.0143688
0.0139955
0.0140031
0.014317
0.0145372
0.0144672
0.0141447
0.0138647
0.013951
0.0146248
0.0160027
0.0181859
0.00972675
0.0107238
0.0120421
0.0123248
0.0119661
0.012435
0.0135033
0.0142967
0.014367
0.0139927
0.0139001
0.0141406
0.0143367
0.0142932
0.0140148
0.0137463
0.0138009
0.0144349
0.0158026
0.0180198
0.00994972
0.0108361
0.0120402
0.0123669
0.0120643
0.0124455
0.0134111
0.0141996
0.0143467
0.0139929
0.0138111
0.0139747
0.0141402
0.0141106
0.0138729
0.0136268
0.0136662
0.0142667
0.0156168
0.0178553
0.0101684
0.0109531
0.0120434
0.012403
0.0121581
0.0124631
0.0133247
0.0140919
0.0143063
0.0139916
0.0137355
0.0138189
0.0139491
0.0139238
0.0137199
0.013503
0.0135417
0.014116
0.0154469
0.0176982
0.0103822
0.0110744
0.0120523
0.0124335
0.0122462
0.012487
0.0132455
0.0139771
0.0142455
0.0139835
0.0136714
0.0136736
0.0137651
0.0137364
0.0135582
0.0133734
0.0134217
0.0139801
0.0152956
0.0175509
0.0105907
0.0111992
0.0120674
0.0124592
0.0123273
0.0125155
0.0131748
0.0138591
0.0141653
0.0139643
0.0136167
0.0135396
0.0135891
0.0135521
0.0133923
0.0132358
0.0133005
0.0138552
0.0151594
0.0174118
0.0107937
0.0113267
0.0120891
0.0124806
0.0124003
0.0125471
0.013113
0.0137413
0.014068
0.0139302
0.0135686
0.0134168
0.0134207
0.0133727
0.0132247
0.0130905
0.0131761
0.0137356
0.0150325
0.0172805
0.0109907
0.0114563
0.0121175
0.0124985
0.0124649
0.0125803
0.0130594
0.0136268
0.0139573
0.0138783
0.0135234
0.0133051
0.0132592
0.0131972
0.0130575
0.0129418
0.0130479
0.0136158
0.0149109
0.017156
0.0111817
0.0115869
0.0121526
0.0125139
0.0125206
0.0126135
0.0130132
0.0135179
0.0138373
0.0138072
0.0134765
0.0132041
0.0131051
0.0130256
0.012893
0.0127922
0.0129145
0.0134927
0.0147908
0.0170343
0.0113662
0.0117178
0.0121944
0.012528
0.012567
0.012645
0.0129736
0.0134154
0.0137126
0.0137176
0.0134226
0.0131127
0.0129596
0.0128578
0.0127299
0.0126412
0.0127764
0.0133652
0.0146678
0.0169118
0.0115443
0.0118481
0.0122423
0.0125417
0.0126046
0.0126735
0.0129394
0.0133194
0.0135873
0.0136122
0.013357
0.0130278
0.0128234
0.0126936
0.0125663
0.012489
0.0126352
0.013233
0.0145402
0.0167872
0.0117159
0.011977
0.0122958
0.0125562
0.0126339
0.0126976
0.0129095
0.0132295
0.0134641
0.0134954
0.0132761
0.0129445
0.0126964
0.0125345
0.0124025
0.012335
0.0124911
0.0130963
0.0144084
0.0166597
0.0118807
0.0121037
0.0123539
0.012572
0.0126559
0.0127161
0.0128828
0.0131451
0.0133441
0.0133719
0.0131795
0.0128575
0.0125766
0.0123815
0.0122392
0.0121788
0.0123436
0.0129554
0.0142721
0.0165275
0.012039
0.0122277
0.0124157
0.0125897
0.0126718
0.0127281
0.0128578
0.0130663
0.0132271
0.0132452
0.0130696
0.0127618
0.0124603
0.0122343
0.0120776
0.01202
0.0121922
0.0128097
0.0141305
0.0163902
0.0121905
0.0123483
0.0124801
0.0126095
0.0126832
0.0127335
0.0128326
0.0129927
0.0131127
0.0131175
0.0129502
0.0126549
0.0123427
0.0120911
0.011918
0.0118588
0.0120363
0.0126587
0.0139835
0.0162477
0.0123352
0.0124651
0.0125463
0.0126314
0.0126911
0.0127327
0.0128053
0.0129239
0.0130008
0.0129891
0.012826
0.0125378
0.0122198
0.0119478
0.0117587
0.0116949
0.0118758
0.0125021
0.0138301
0.0160981
0.012473
0.0125777
0.0126133
0.0126555
0.0126964
0.0127266
0.0127744
0.0128586
0.0128921
0.0128584
0.0126987
0.0124146
0.0120921
0.0118027
0.0115976
0.0115274
0.0117094
0.0123381
0.0136678
0.0159384
0.0126035
0.0126858
0.0126808
0.0126816
0.0126998
0.0127162
0.0127383
0.012794
0.012788
0.012724
0.0125659
0.0122869
0.0119613
0.0116562
0.0114348
0.0113558
0.0115365
0.0121665
0.0134968
0.0157683
0.0127262
0.0127884
0.0127476
0.0127101
0.0127031
0.012704
0.0126977
0.0127257
0.0126869
0.0125888
0.0124261
0.0121531
0.0118256
0.0115068
0.0112683
0.0111787
0.0113556
0.0119853
0.013315
0.0155861
0.0128419
0.0128867
0.0128127
0.0127383
0.0127035
0.0126895
0.0126566
0.0126545
0.0125919
0.0124577
0.0122824
0.0120133
0.0116844
0.0113535
0.0110969
0.0109943
0.0111637
0.011791
0.01312
0.0153892
0.0129483
0.0129793
0.0128788
0.0127718
0.0127038
0.0126677
0.012608
0.0125751
0.012499
0.0123356
0.0121392
0.0118704
0.0115396
0.0111974
0.0109207
0.0108009
0.0109597
0.0115824
0.0129076
0.0151728
0.0130458
0.0130654
0.0129398
0.0128081
0.0127145
0.0126525
0.0125563
0.0124832
0.0123963
0.012219
0.0119988
0.011724
0.0113884
0.0110352
0.0107382
0.0105971
0.0107408
0.0113544
0.012674
0.0149353
0.0131234
0.0131451
0.0129973
0.0128342
0.0127099
0.0126322
0.0125163
0.012399
0.0122873
0.0121045
0.0118646
0.0115777
0.0112331
0.0108679
0.0105512
0.0103884
0.010513
0.0111122
0.0124222
0.0146763
0.0132174
0.0132386
0.0130892
0.0128966
0.012697
0.0125555
0.012429
0.01231
0.0122011
0.012009
0.0117476
0.0114408
0.0110792
0.0106964
0.0103564
0.0101689
0.0102737
0.010858
0.0121561
0.0143996
0.0132392
0.0132579
0.013161
0.0130059
0.0127766
0.0125261
0.0123245
0.0121671
0.012042
0.0118757
0.011606
0.0112791
0.0108981
0.0104934
0.0101226
0.00989829
0.00997435
0.0105291
0.0117995
0.0140197
0.013375
0.0133795
0.0131891
0.0129313
0.0126517
0.012481
0.0123525
0.0122016
0.0120408
0.0118521
0.0115917
0.0112617
0.0108801
0.0104716
0.0100676
0.00977288
0.00972805
0.0101549
0.0113064
0.0134146
0.0133741
0.0134361
0.0131866
0.0130076
0.0128117
0.0124592
0.0120963
0.0118782
0.0117396
0.0115962
0.0113277
0.0109914
0.0106258
0.010313
0.0100771
0.00996916
0.0100797
0.0105874
0.0117378
0.0137976
0.0135495
0.0134563
0.0132278
0.0129085
0.012622
0.0124472
0.0123594
0.0122355
0.012045
0.0118197
0.0114934
0.01108
0.0105526
0.00991588
0.00925422
0.00868412
0.00838706
0.00857739
0.00951085
0.0114192
0.0138244
0.0134013
0.0130793
0.0127434
0.0125215
0.012239
0.0119357
0.0117743
0.0116037
0.0113296
0.0110387
0.010794
0.0107719
0.0110437
0.0116507
0.0125219
0.0134858
0.0142581
0.0144824
0.0138259
0.013817
0.0134593
0.0130891
0.0128422
0.0126983
0.0125927
0.0125156
0.012378
0.0121503
0.0117997
0.0113042
0.0106242
0.00977381
0.0088321
0.00791996
0.00713754
0.00661604
0.00655423
0.0072166
0.00885247
0.0140164
0.013455
0.0130413
0.01276
0.0126462
0.0124229
0.0120955
0.0116536
0.0112785
0.0110975
0.0109145
0.0105924
0.0103017
0.0102117
0.0104144
0.0108945
0.0115659
0.0121629
0.0123123
0.0116552
0.0140163
0.0134481
0.0130501
0.0128616
0.012873
0.0128913
0.012888
0.0127706
0.0124961
0.0119443
0.0110823
0.00986263
0.00834471
0.00670585
0.00518479
0.00398967
0.00328312
0.00323754
0.0040624
0.00594325
0.0401872
0.0229021
0.0159994
0.0158892
0.0167985
0.0174995
0.0181405
0.0188068
0.0194112
0.0199376
0.0205228
0.0213016
0.0221833
0.0229281
0.0236077
0.0244128
0.0252712
0.0260586
0.0268559
0.0277641
0.0286939
0.0296509
0.0307646
0.0318745
0.0327902
0.033805
0.0350269
0.0363014
0.0375744
0.0389051
0.0402389
0.0415975
0.0430289
0.0445384
0.0461029
0.0476978
0.0493803
0.0511028
0.0529352
0.0547981
0.0567455
0.0587376
0.0607757
0.0629278
0.0650475
0.0673364
0.0695059
0.0718346
0.073918
0.0756995
0.0396431
0.0229541
0.0160458
0.0159086
0.0168081
0.0175054
0.0181448
0.0188103
0.0194141
0.01994
0.0205247
0.0213031
0.0221846
0.0229292
0.0236087
0.0244136
0.025272
0.0260594
0.0268567
0.0277648
0.0286946
0.0296514
0.030765
0.031875
0.0327906
0.0338054
0.0350272
0.0363017
0.0375747
0.0389053
0.0402391
0.0415977
0.0430291
0.0445386
0.046103
0.0476979
0.0493805
0.051103
0.0529353
0.0547982
0.0567456
0.0587377
0.0607758
0.0629279
0.0650476
0.0673364
0.069506
0.0718346
0.073918
0.0756996
0.0391334
0.0230516
0.0161169
0.0159326
0.0168197
0.0175119
0.0181491
0.0188136
0.0194168
0.0199422
0.0205265
0.0213045
0.0221858
0.0229303
0.0236096
0.0244144
0.0252727
0.0260601
0.0268573
0.0277654
0.0286951
0.0296519
0.0307655
0.0318755
0.032791
0.0338057
0.0350275
0.036302
0.0375749
0.0389056
0.0402393
0.0415979
0.0430292
0.0445387
0.0461032
0.0476981
0.0493806
0.0511031
0.0529354
0.0547984
0.0567457
0.0587378
0.0607759
0.062928
0.0650477
0.0673365
0.0695061
0.0718347
0.073918
0.0756996
0.0386701
0.0231811
0.0162175
0.0159677
0.0168371
0.0175214
0.0181545
0.0188174
0.0194198
0.0199447
0.0205285
0.0213061
0.0221871
0.0229314
0.0236105
0.0244152
0.0252735
0.0260608
0.0268579
0.027766
0.0286957
0.0296524
0.0307659
0.0318759
0.0327914
0.033806
0.0350278
0.0363023
0.0375752
0.0389058
0.0402396
0.0415981
0.0430294
0.0445389
0.0461033
0.0476982
0.0493807
0.0511032
0.0529355
0.0547985
0.0567458
0.0587379
0.060776
0.062928
0.0650477
0.0673366
0.0695062
0.0718347
0.0739181
0.0756996
0.0382093
0.023323
0.0163407
0.0160144
0.0168624
0.0175357
0.0181623
0.0188222
0.0194235
0.0199478
0.0205311
0.0213082
0.0221888
0.0229327
0.0236116
0.0244161
0.0252743
0.0260615
0.0268585
0.0277666
0.0286963
0.0296529
0.0307664
0.0318764
0.0327918
0.0338063
0.0350281
0.0363026
0.0375755
0.0389061
0.0402398
0.0415983
0.0430296
0.0445391
0.0461035
0.0476984
0.0493809
0.0511033
0.0529357
0.0547986
0.0567459
0.058738
0.0607761
0.0629281
0.0650478
0.0673367
0.0695062
0.0718348
0.0739182
0.0756997
0.0377337
0.023468
0.0164765
0.0160684
0.0168942
0.0175549
0.0181728
0.0188286
0.0194282
0.0199519
0.0205346
0.0213109
0.0221908
0.0229344
0.0236129
0.0244172
0.0252752
0.0260622
0.0268592
0.0277672
0.0286969
0.0296535
0.030767
0.031877
0.0327923
0.0338066
0.0350285
0.0363029
0.0375758
0.0389063
0.0402401
0.0415986
0.0430298
0.0445393
0.0461037
0.0476985
0.049381
0.0511035
0.0529358
0.0547987
0.0567461
0.0587381
0.0607762
0.0629282
0.0650479
0.0673368
0.0695063
0.0718349
0.0739183
0.0756998
0.0372453
0.0236128
0.0166191
0.016126
0.0169298
0.017578
0.0181859
0.0188365
0.019434
0.019957
0.0205391
0.0213144
0.0221934
0.0229363
0.0236145
0.0244185
0.0252762
0.0260631
0.0268599
0.0277678
0.0286975
0.029654
0.0307676
0.0318777
0.0327928
0.033807
0.0350289
0.0363033
0.0375761
0.0389067
0.0402403
0.0415988
0.04303
0.0445395
0.0461039
0.0476987
0.0493812
0.0511036
0.0529359
0.0547988
0.0567462
0.0587382
0.0607763
0.0629283
0.065048
0.0673369
0.0695064
0.071835
0.0739185
0.0757
0.0367506
0.023756
0.0167662
0.0161852
0.0169673
0.0176035
0.018201
0.0188458
0.0194409
0.0199632
0.0205447
0.0213187
0.0221963
0.0229386
0.0236165
0.0244201
0.0252774
0.0260641
0.0268608
0.0277685
0.0286981
0.0296546
0.0307683
0.0318785
0.0327934
0.0338074
0.0350293
0.0363037
0.0375765
0.038907
0.0402407
0.0415991
0.0430303
0.0445397
0.0461041
0.0476989
0.0493813
0.0511037
0.0529361
0.054799
0.0567463
0.0587384
0.0607764
0.0629284
0.0650481
0.067337
0.0695065
0.0718352
0.0739187
0.0757002
0.0362548
0.0238959
0.0169173
0.0162454
0.0170054
0.0176305
0.0182174
0.018856
0.0194487
0.0199704
0.0205511
0.0213235
0.0221996
0.0229412
0.0236189
0.024422
0.0252787
0.0260653
0.0268618
0.0277693
0.0286987
0.0296552
0.0307689
0.0318793
0.0327941
0.0338079
0.0350298
0.0363042
0.0375769
0.0389074
0.040241
0.0415994
0.0430306
0.04454
0.0461043
0.0476991
0.0493815
0.0511039
0.0529362
0.0547991
0.0567464
0.0587385
0.0607765
0.0629286
0.0650482
0.0673371
0.0695067
0.0718354
0.0739189
0.0757004
0.035761
0.0240314
0.0170726
0.0163067
0.0170438
0.0176583
0.0182348
0.0188669
0.0194571
0.0199783
0.0205584
0.0213289
0.0222032
0.022944
0.0236215
0.0244241
0.0252802
0.0260666
0.0268631
0.0277704
0.0286994
0.0296557
0.0307696
0.0318802
0.0327949
0.0338086
0.0350304
0.0363047
0.0375774
0.0389079
0.0402415
0.0415998
0.0430309
0.0445403
0.0461046
0.0476993
0.0493817
0.0511041
0.0529364
0.0547993
0.0567466
0.0587386
0.0607767
0.0629287
0.0650484
0.0673372
0.0695068
0.0718356
0.0739193
0.0757007
0.0352711
0.024162
0.0172325
0.0163695
0.0170822
0.0176867
0.0182528
0.0188784
0.0194659
0.0199867
0.0205662
0.0213348
0.0222069
0.0229469
0.0236243
0.0244264
0.0252819
0.0260681
0.0268647
0.0277717
0.0287003
0.0296562
0.0307701
0.031881
0.0327957
0.0338094
0.0350311
0.0363053
0.0375778
0.0389083
0.040242
0.0416002
0.0430313
0.0445406
0.0461049
0.0476996
0.0493819
0.0511043
0.0529365
0.0547994
0.0567467
0.0587388
0.0607768
0.0629288
0.0650485
0.0673374
0.069507
0.0718359
0.0739198
0.0757011
0.0347863
0.024287
0.0173973
0.0164339
0.0171206
0.0177154
0.0182715
0.0188902
0.019475
0.0199955
0.0205744
0.0213409
0.0222108
0.0229499
0.0236272
0.0244288
0.0252836
0.0260697
0.0268665
0.0277733
0.0287015
0.0296568
0.0307704
0.0318816
0.0327966
0.0338103
0.035032
0.036306
0.0375784
0.0389088
0.0402425
0.0416008
0.0430318
0.044541
0.0461053
0.0476999
0.0493822
0.0511045
0.0529367
0.0547996
0.0567469
0.0587389
0.0607769
0.062929
0.0650486
0.0673376
0.0695072
0.0718362
0.0739204
0.0757015
0.034307
0.0244062
0.0175672
0.0165002
0.0171587
0.0177444
0.0182905
0.0189025
0.0194845
0.0200045
0.0205829
0.0213472
0.0222148
0.022953
0.0236303
0.0244314
0.0252854
0.0260714
0.0268683
0.0277752
0.028703
0.0296575
0.0307705
0.031882
0.0327973
0.0338113
0.0350331
0.0363068
0.0375789
0.0389094
0.040243
0.0416013
0.0430323
0.0445415
0.0461057
0.0477003
0.0493825
0.0511048
0.0529369
0.0547998
0.0567471
0.0587391
0.0607771
0.0629291
0.0650488
0.0673378
0.0695075
0.0718366
0.0739211
0.075702
0.0338331
0.0245191
0.0177425
0.0165688
0.0171966
0.0177736
0.0183101
0.0189152
0.0194942
0.0200138
0.0205916
0.0213539
0.0222189
0.0229561
0.0236334
0.0244341
0.0252873
0.0260731
0.0268702
0.0277772
0.0287048
0.0296584
0.0307705
0.0318821
0.0327979
0.0338124
0.0350343
0.0363078
0.0375796
0.0389099
0.0402436
0.041602
0.0430329
0.0445421
0.0461062
0.0477008
0.0493829
0.0511051
0.0529372
0.0548
0.0567472
0.0587393
0.0607773
0.0629293
0.065049
0.067338
0.0695077
0.0718371
0.0739219
0.0757027
0.0333644
0.0246252
0.0179234
0.0166401
0.0172343
0.0178028
0.0183299
0.0189282
0.0195043
0.0200233
0.0206007
0.0213608
0.0222231
0.0229593
0.0236367
0.0244369
0.0252892
0.0260748
0.0268722
0.0277793
0.0287067
0.0296594
0.0307703
0.0318818
0.0327981
0.0338133
0.0350358
0.0363089
0.0375803
0.0389104
0.0402441
0.0416026
0.0430336
0.0445427
0.0461068
0.0477013
0.0493834
0.0511054
0.0529374
0.0548002
0.0567474
0.0587394
0.0607774
0.0629295
0.0650492
0.0673383
0.0695081
0.0718377
0.073923
0.0757034
0.0329009
0.024724
0.0181099
0.0167149
0.0172717
0.017832
0.0183502
0.0189415
0.0195146
0.0200332
0.02061
0.021368
0.0222275
0.0229627
0.02364
0.0244398
0.0252913
0.0260766
0.0268741
0.0277814
0.0287087
0.0296605
0.03077
0.031881
0.0327981
0.0338142
0.0350373
0.0363103
0.0375811
0.0389109
0.0402446
0.0416033
0.0430344
0.0445434
0.0461074
0.0477019
0.0493839
0.0511058
0.0529377
0.0548004
0.0567476
0.0587396
0.0607776
0.0629297
0.0650494
0.0673386
0.0695085
0.0718384
0.0739242
0.0757043
0.0324425
0.024815
0.018302
0.0167935
0.0173089
0.0178612
0.0183708
0.0189553
0.0195253
0.0200433
0.0206196
0.0213755
0.0222321
0.0229663
0.0236435
0.0244428
0.0252934
0.0260784
0.0268761
0.0277835
0.0287107
0.0296616
0.0307694
0.0318799
0.0327977
0.0338149
0.0350389
0.0363118
0.0375821
0.0389114
0.040245
0.0416039
0.0430352
0.0445442
0.0461081
0.0477026
0.0493846
0.0511063
0.0529381
0.0548007
0.0567479
0.0587398
0.0607778
0.0629298
0.0650496
0.0673389
0.0695089
0.0718392
0.0739257
0.0757054
0.0319896
0.0248974
0.0184995
0.0168768
0.0173461
0.0178902
0.0183919
0.0189695
0.0195363
0.0200538
0.0206295
0.0213834
0.022237
0.02297
0.0236471
0.024446
0.0252957
0.0260803
0.0268782
0.0277857
0.0287126
0.0296627
0.0307686
0.0318783
0.0327971
0.0338154
0.0350404
0.0363134
0.0375831
0.0389119
0.0402454
0.0416045
0.043036
0.0445451
0.0461088
0.0477033
0.0493853
0.0511069
0.0529385
0.054801
0.0567481
0.05874
0.060778
0.06293
0.0650499
0.0673392
0.0695094
0.0718401
0.0739273
0.0757065
0.0315424
0.0249706
0.018702
0.0169652
0.0173833
0.0179189
0.0184132
0.0189841
0.0195477
0.0200645
0.0206398
0.0213915
0.0222421
0.0229739
0.0236509
0.0244493
0.025298
0.0260823
0.0268803
0.0277878
0.0287145
0.0296638
0.0307676
0.0318762
0.0327963
0.0338158
0.035042
0.036315
0.0375842
0.0389125
0.0402458
0.041605
0.0430369
0.044546
0.0461096
0.047704
0.049386
0.0511076
0.052939
0.0548013
0.0567484
0.0587403
0.0607782
0.0629302
0.0650501
0.0673396
0.06951
0.0718412
0.0739292
0.0757079
0.0311015
0.0250338
0.0189089
0.0170595
0.0174207
0.0179472
0.0184349
0.0189993
0.0195595
0.0200756
0.0206504
0.0214
0.0222476
0.022978
0.0236549
0.0244527
0.0253005
0.0260844
0.0268826
0.02779
0.0287165
0.0296649
0.0307665
0.0318739
0.0327954
0.0338163
0.0350434
0.0363166
0.0375853
0.0389132
0.0402462
0.0416056
0.0430377
0.0445469
0.0461103
0.0477047
0.0493868
0.0511083
0.0529395
0.0548016
0.0567487
0.0587405
0.0607785
0.0629304
0.0650504
0.06734
0.0695106
0.0718423
0.0739313
0.0757093
0.0306672
0.0250863
0.0191195
0.0171601
0.0174584
0.0179748
0.0184569
0.0190151
0.0195718
0.020087
0.0206614
0.0214088
0.0222534
0.0229824
0.023659
0.0244563
0.0253031
0.0260866
0.0268849
0.0277923
0.0287185
0.0296662
0.0307654
0.0318713
0.0327946
0.033817
0.0350449
0.0363182
0.0375864
0.0389138
0.0402465
0.0416062
0.0430386
0.0445479
0.0461111
0.0477055
0.0493876
0.0511091
0.05294
0.054802
0.056749
0.0587407
0.0607787
0.0629306
0.0650506
0.0673404
0.0695112
0.0718436
0.0739336
0.0757109
0.0302403
0.0251275
0.0193332
0.0172677
0.0174967
0.0180015
0.018479
0.0190315
0.0195846
0.0200988
0.0206727
0.0214178
0.0222595
0.022987
0.0236633
0.0244599
0.0253058
0.0260889
0.0268873
0.0277946
0.0287206
0.0296677
0.0307645
0.0318688
0.0327941
0.0338181
0.0350464
0.0363197
0.0375875
0.0389144
0.0402469
0.0416069
0.0430395
0.0445489
0.046112
0.0477062
0.0493885
0.0511099
0.0529406
0.0548024
0.0567493
0.058741
0.060779
0.0629309
0.0650509
0.0673408
0.0695119
0.0718449
0.0739362
0.0757127
0.0298213
0.0251569
0.019549
0.0173828
0.0175359
0.0180273
0.0185012
0.0190486
0.019598
0.0201111
0.0206843
0.0214272
0.022266
0.0229918
0.0236679
0.0244638
0.0253086
0.0260913
0.0268899
0.027797
0.0287228
0.0296694
0.0307637
0.0318664
0.032794
0.0338197
0.035048
0.0363211
0.0375885
0.038915
0.0402474
0.0416077
0.0430405
0.0445498
0.0461128
0.047707
0.0493893
0.0511107
0.0529412
0.0548028
0.0567496
0.0587413
0.0607793
0.0629311
0.0650511
0.0673412
0.0695127
0.0718463
0.0739389
0.0757146
0.0294107
0.0251744
0.0197658
0.0175059
0.0175764
0.018052
0.0185234
0.0190664
0.019612
0.0201237
0.0206963
0.021437
0.0222728
0.0229968
0.0236726
0.0244678
0.0253116
0.0260938
0.0268925
0.0277995
0.0287252
0.0296715
0.0307633
0.0318642
0.0327944
0.033822
0.0350497
0.0363225
0.0375895
0.0389156
0.0402478
0.0416085
0.0430416
0.0445508
0.0461137
0.0477079
0.0493902
0.0511116
0.0529419
0.0548032
0.0567499
0.0587415
0.0607796
0.0629314
0.0650514
0.0673416
0.0695134
0.0718478
0.0739418
0.0757166
0.0290085
0.0251795
0.0199828
0.0176373
0.0176186
0.0180753
0.0185452
0.019085
0.0196268
0.0201369
0.0207086
0.0214471
0.0222799
0.0230021
0.0236775
0.024472
0.0253147
0.0260963
0.0268953
0.0278021
0.0287278
0.0296739
0.0307631
0.0318624
0.0327954
0.0338249
0.0350516
0.0363238
0.0375904
0.0389161
0.0402483
0.0416095
0.0430427
0.0445518
0.0461145
0.0477087
0.0493911
0.0511125
0.0529426
0.0548037
0.0567503
0.0587418
0.0607799
0.0629317
0.0650517
0.067342
0.0695142
0.0718494
0.0739449
0.0757187
0.028616
0.0251721
0.0201984
0.0177772
0.0176632
0.0180973
0.0185664
0.0191041
0.0196423
0.0201505
0.0207213
0.0214576
0.0222874
0.0230076
0.0236826
0.0244763
0.0253179
0.026099
0.0268982
0.0278048
0.0287305
0.0296765
0.0307633
0.0318609
0.032797
0.0338285
0.0350536
0.0363251
0.0375914
0.0389166
0.0402489
0.0416106
0.0430439
0.0445528
0.0461154
0.0477096
0.0493921
0.0511134
0.0529433
0.0548041
0.0567507
0.0587421
0.0607803
0.062932
0.065052
0.0673425
0.0695151
0.0718511
0.0739482
0.0757209
0.0282348
0.0251527
0.0204114
0.0179255
0.0177108
0.0181179
0.0185868
0.0191237
0.0196586
0.0201647
0.0207344
0.0214685
0.0222951
0.0230134
0.0236879
0.0244808
0.0253213
0.0261017
0.0269012
0.0278077
0.0287333
0.0296794
0.0307636
0.0318596
0.0327991
0.0338326
0.0350558
0.0363262
0.0375923
0.0389171
0.0402495
0.0416119
0.0430453
0.0445538
0.0461163
0.0477106
0.0493931
0.0511143
0.052944
0.0548046
0.056751
0.0587424
0.0607806
0.0629323
0.0650523
0.067343
0.069516
0.0718528
0.0739516
0.0757232
0.0278652
0.0251221
0.0206208
0.0180823
0.0177624
0.0181372
0.0186059
0.0191437
0.0196757
0.0201794
0.0207479
0.0214798
0.0223033
0.0230194
0.0236934
0.0244855
0.0253248
0.0261046
0.0269043
0.0278106
0.0287362
0.0296823
0.0307641
0.0318585
0.0328015
0.0338371
0.0350582
0.0363274
0.0375933
0.0389176
0.0402501
0.0416132
0.0430467
0.0445548
0.0461172
0.0477116
0.0493942
0.0511152
0.0529448
0.0548051
0.0567515
0.0587427
0.060781
0.0629326
0.0650527
0.0673435
0.0695169
0.0718546
0.0739551
0.0757256
0.0275076
0.0250807
0.0208248
0.0182467
0.0178187
0.0181555
0.0186237
0.0191639
0.0196936
0.0201947
0.0207618
0.0214916
0.0223118
0.0230257
0.0236991
0.0244904
0.0253285
0.0261075
0.0269076
0.0278136
0.0287393
0.0296854
0.0307647
0.0318575
0.0328041
0.033842
0.0350607
0.0363286
0.0375943
0.0389181
0.0402507
0.0416146
0.0430482
0.0445558
0.0461182
0.0477127
0.0493953
0.0511162
0.0529456
0.0548057
0.0567519
0.058743
0.0607814
0.0629329
0.065053
0.0673441
0.0695179
0.0718564
0.0739588
0.0757282
0.027162
0.0250289
0.0210221
0.0184179
0.0178806
0.0181729
0.0186397
0.0191842
0.0197124
0.0202106
0.0207761
0.0215037
0.0223206
0.0230323
0.023705
0.0244955
0.0253323
0.0261106
0.0269109
0.0278168
0.0287424
0.0296885
0.0307654
0.0318565
0.0328069
0.033847
0.0350633
0.0363298
0.0375953
0.0389186
0.0402514
0.041616
0.0430497
0.0445569
0.0461192
0.0477138
0.0493964
0.0511172
0.0529464
0.0548062
0.0567523
0.0587434
0.0607818
0.0629332
0.0650534
0.0673447
0.069519
0.0718584
0.0739627
0.0757308
0.0268307
0.0249679
0.0212114
0.0185952
0.0179489
0.0181899
0.0186534
0.019204
0.019732
0.0202273
0.0207909
0.0215163
0.0223298
0.0230391
0.0237111
0.0245009
0.0253363
0.0261138
0.0269144
0.02782
0.0287456
0.0296917
0.030766
0.0318556
0.0328098
0.0338521
0.0350661
0.036331
0.0375963
0.0389191
0.0402522
0.0416176
0.0430513
0.0445581
0.0461203
0.0477149
0.0493976
0.0511182
0.0529473
0.0548068
0.0567528
0.0587438
0.0607822
0.0629336
0.0650538
0.0673453
0.0695201
0.0718604
0.0739668
0.0757335
0.0265182
0.0248994
0.0213908
0.0187769
0.0180244
0.0182073
0.0186651
0.0192232
0.0197522
0.0202445
0.0208061
0.0215294
0.0223394
0.0230462
0.0237174
0.0245064
0.0253405
0.0261172
0.0269179
0.0278234
0.0287489
0.0296949
0.0307667
0.0318548
0.0328128
0.0338574
0.0350689
0.0363323
0.0375974
0.0389197
0.0402529
0.0416191
0.043053
0.0445593
0.0461214
0.0477161
0.0493989
0.0511193
0.0529483
0.0548074
0.0567532
0.0587441
0.0607827
0.0629339
0.0650542
0.0673459
0.0695213
0.0718625
0.073971
0.0757364
0.0262274
0.0248269
0.0215609
0.018962
0.0181074
0.0182254
0.0186746
0.0192416
0.0197732
0.0202626
0.0208217
0.0215427
0.0223493
0.0230535
0.0237239
0.0245122
0.0253448
0.0261207
0.0269216
0.0278269
0.0287523
0.0296982
0.0307675
0.031854
0.0328159
0.0338627
0.0350717
0.0363337
0.0375986
0.0389204
0.0402537
0.0416208
0.0430548
0.0445605
0.0461225
0.0477173
0.0494002
0.0511204
0.0529493
0.054808
0.0567537
0.0587445
0.0607831
0.0629343
0.0650546
0.0673466
0.0695226
0.0718646
0.0739754
0.0757393
0.0259551
0.0247503
0.0217209
0.0191503
0.0181988
0.0182451
0.0186815
0.0192586
0.0197949
0.0202817
0.020838
0.0215565
0.0223596
0.0230612
0.0237307
0.0245183
0.0253494
0.0261243
0.0269254
0.0278306
0.0287558
0.0297015
0.0307682
0.0318532
0.032819
0.033868
0.0350747
0.0363351
0.0375998
0.0389211
0.0402546
0.0416224
0.0430566
0.0445619
0.0461237
0.0477186
0.0494015
0.0511216
0.0529503
0.0548087
0.0567543
0.058745
0.0607836
0.0629347
0.0650551
0.0673474
0.0695239
0.0718669
0.0739799
0.0757425
0.0256968
0.0246687
0.0218673
0.0193384
0.0182985
0.0182678
0.0186863
0.0192737
0.0198167
0.0203014
0.0208549
0.0215709
0.0223705
0.0230693
0.0237378
0.0245245
0.0253541
0.0261281
0.0269293
0.0278344
0.0287595
0.0297049
0.030769
0.0318525
0.0328221
0.0338734
0.0350777
0.0363366
0.037601
0.0389218
0.0402555
0.0416241
0.0430584
0.0445632
0.046125
0.04772
0.0494028
0.0511228
0.0529513
0.0548094
0.0567548
0.0587454
0.0607842
0.0629351
0.0650556
0.0673481
0.0695254
0.0718693
0.0739847
0.0757457
0.0254554
0.0245875
0.0220016
0.0195243
0.018405
0.018293
0.018689
0.0192868
0.0198386
0.020322
0.0208721
0.0215854
0.0223815
0.0230775
0.023745
0.024531
0.025359
0.026132
0.0269334
0.0278383
0.0287632
0.0297084
0.0307698
0.0318518
0.0328253
0.0338789
0.0350808
0.0363381
0.0376024
0.0389226
0.0402564
0.0416259
0.0430603
0.0445646
0.0461263
0.0477213
0.0494043
0.051124
0.0529525
0.0548101
0.0567554
0.0587459
0.0607847
0.0629355
0.0650561
0.0673489
0.0695268
0.0718717
0.0739896
0.0757491
0.0252274
0.0245077
0.0221271
0.0197096
0.0185197
0.0183228
0.0186901
0.0192975
0.0198605
0.0203438
0.0208904
0.0216006
0.0223931
0.0230862
0.0237526
0.0245378
0.0253642
0.026136
0.0269375
0.0278424
0.0287671
0.0297119
0.0307707
0.0318513
0.0328286
0.0338844
0.035084
0.0363398
0.0376037
0.0389235
0.0402573
0.0416277
0.0430623
0.0445661
0.0461276
0.0477228
0.0494057
0.0511253
0.0529536
0.0548109
0.056756
0.0587464
0.0607853
0.062936
0.0650566
0.0673498
0.0695284
0.0718743
0.0739948
0.0757526
0.0250077
0.0244287
0.0222401
0.0198895
0.0186407
0.0183583
0.0186905
0.0193053
0.0198817
0.0203665
0.0209096
0.0216165
0.0224053
0.0230954
0.0237606
0.0245449
0.0253696
0.0261403
0.0269419
0.0278467
0.0287711
0.0297155
0.0307718
0.0318508
0.032832
0.0338899
0.0350872
0.0363415
0.0376052
0.0389244
0.0402584
0.0416295
0.0430643
0.0445676
0.046129
0.0477243
0.0494072
0.0511267
0.0529548
0.0548116
0.0567566
0.0587469
0.0607859
0.0629364
0.0650572
0.0673507
0.0695301
0.0718769
0.0740001
0.0757563
0.0248021
0.024354
0.0223408
0.0200612
0.0187644
0.0183991
0.0186905
0.0193104
0.0199017
0.0203894
0.020929
0.0216323
0.0224174
0.0231045
0.0237686
0.0245522
0.0253751
0.0261446
0.0269463
0.0278509
0.0287751
0.0297192
0.0307728
0.0318504
0.0328354
0.0338955
0.0350906
0.0363433
0.0376067
0.0389254
0.0402594
0.0416314
0.0430663
0.0445692
0.0461305
0.0477258
0.0494088
0.0511281
0.052956
0.0548125
0.0567573
0.0587475
0.0607865
0.0629369
0.0650578
0.0673516
0.0695318
0.0718797
0.0740056
0.0757601
0.024609
0.0242854
0.0224366
0.0202287
0.0188937
0.0184479
0.0186916
0.0193128
0.0199203
0.0204133
0.02095
0.0216494
0.0224306
0.0231145
0.0237771
0.0245598
0.0253809
0.0261491
0.0269509
0.0278554
0.0287792
0.0297229
0.0307738
0.0318501
0.0328389
0.0339011
0.035094
0.0363452
0.0376082
0.0389265
0.0402606
0.0416334
0.0430684
0.0445708
0.046132
0.0477274
0.0494104
0.0511295
0.0529572
0.0548133
0.0567579
0.058748
0.0607871
0.0629375
0.0650585
0.0673526
0.0695337
0.0718825
0.0740113
0.0757641
0.0244191
0.0242213
0.0225236
0.020387
0.0190238
0.0185035
0.0186941
0.0193123
0.0199372
0.0204378
0.0209721
0.0216673
0.0224443
0.0231248
0.023786
0.0245677
0.025387
0.0261539
0.0269557
0.02786
0.0287836
0.0297268
0.030775
0.0318499
0.0328424
0.0339068
0.0350975
0.0363472
0.0376099
0.0389276
0.0402618
0.0416354
0.0430706
0.0445725
0.0461336
0.0477291
0.0494121
0.051131
0.0529585
0.0548142
0.0567587
0.0587487
0.0607878
0.062938
0.0650591
0.0673536
0.0695356
0.0718855
0.0740172
0.0757683
0.0242408
0.0241628
0.0225984
0.020531
0.0191509
0.0185647
0.0186984
0.0193089
0.0199512
0.0204614
0.0209942
0.0216852
0.0224578
0.023135
0.0237948
0.0245757
0.0253932
0.0261587
0.0269604
0.0278646
0.0287879
0.0297306
0.0307761
0.0318498
0.0328461
0.0339125
0.0351011
0.0363493
0.0376116
0.0389288
0.040263
0.0416375
0.0430729
0.0445743
0.0461353
0.0477308
0.0494138
0.0511326
0.0529599
0.0548151
0.0567594
0.0587493
0.0607885
0.0629386
0.0650599
0.0673547
0.0695376
0.0718886
0.0740233
0.0757727
0.0240866
0.0241164
0.0226724
0.0206702
0.019281
0.0186363
0.0187079
0.0193041
0.0199628
0.020485
0.0210178
0.0217046
0.0224728
0.0231462
0.0238043
0.0245842
0.0253997
0.0261637
0.0269654
0.0278694
0.0287924
0.0297346
0.0307774
0.0318499
0.0328497
0.0339183
0.0351048
0.0363515
0.0376134
0.0389301
0.0402644
0.0416396
0.0430752
0.0445762
0.046137
0.0477326
0.0494156
0.0511342
0.0529613
0.054816
0.0567602
0.0587499
0.0607892
0.0629392
0.0650606
0.0673559
0.0695398
0.0718918
0.0740296
0.0757773
0.0239444
0.0240763
0.0227391
0.0207986
0.0194074
0.0187134
0.0187214
0.0192978
0.0199722
0.0205085
0.0210426
0.0217255
0.0224886
0.0231579
0.023814
0.024593
0.0254066
0.0261691
0.0269706
0.0278745
0.0287971
0.0297386
0.0307788
0.03185
0.0328534
0.0339242
0.0351087
0.0363538
0.0376153
0.0389315
0.0402658
0.0416418
0.0430776
0.0445781
0.0461387
0.0477344
0.0494175
0.0511359
0.0529627
0.054817
0.0567611
0.0587506
0.06079
0.0629399
0.0650614
0.0673571
0.0695421
0.0718951
0.0740361
0.075782
0.0238218
0.0240397
0.0227919
0.0209095
0.0195245
0.0187931
0.0187386
0.0192899
0.0199777
0.0205293
0.0210665
0.0217462
0.0225044
0.0231693
0.0238237
0.0246019
0.0254136
0.0261745
0.0269758
0.0278793
0.0288017
0.0297426
0.0307802
0.0318498
0.0328572
0.03393
0.0351126
0.0363562
0.0376173
0.0389329
0.0402673
0.0416441
0.04308
0.04458
0.0461406
0.0477363
0.0494195
0.0511376
0.0529642
0.0548181
0.0567619
0.0587514
0.0607908
0.0629405
0.0650623
0.0673584
0.0695444
0.0718985
0.0740428
0.075787
0.0237609
0.02402
0.0228451
0.0210166
0.0196409
0.01888
0.0187631
0.0192828
0.0199807
0.0205484
0.0210908
0.0217684
0.0225219
0.0231822
0.0238341
0.0246111
0.0254208
0.02618
0.0269812
0.0278845
0.0288065
0.0297468
0.0307818
0.0318503
0.032861
0.0339359
0.0351166
0.0363587
0.0376194
0.0389345
0.0402688
0.0416465
0.0430825
0.0445821
0.0461425
0.0477383
0.0494215
0.0511394
0.0529658
0.0548191
0.0567628
0.0587521
0.0607916
0.0629413
0.0650632
0.0673597
0.0695469
0.0719021
0.0740497
0.0757921
0.0237489
0.0240165
0.0228977
0.0211173
0.0197515
0.0189691
0.0187935
0.019277
0.0199821
0.0205666
0.0211155
0.0217921
0.0225409
0.0231956
0.0238446
0.0246205
0.0254285
0.0261861
0.026987
0.0278899
0.0288115
0.029751
0.0307834
0.0318508
0.0328649
0.0339419
0.0351208
0.0363614
0.0376216
0.0389362
0.0402705
0.0416489
0.0430851
0.0445842
0.0461445
0.0477404
0.0494235
0.0511412
0.0529674
0.0548203
0.0567638
0.0587529
0.0607925
0.062942
0.0650642
0.0673611
0.0695496
0.0719058
0.0740567
0.0757975
0.0237303
0.0240124
0.0229421
0.0212054
0.0198516
0.019057
0.018829
0.019273
0.0199813
0.0205817
0.0211383
0.0218154
0.0225603
0.0232094
0.0238554
0.0246303
0.0254364
0.0261921
0.0269926
0.0278952
0.0288163
0.0297553
0.0307851
0.0318515
0.0328689
0.0339479
0.035125
0.0363641
0.0376239
0.0389379
0.0402722
0.0416515
0.0430878
0.0445865
0.0461466
0.0477425
0.0494257
0.0511431
0.052969
0.0548214
0.0567648
0.0587538
0.0607935
0.0629428
0.0650652
0.0673626
0.0695523
0.0719097
0.074064
0.0758031
0.0236886
0.0240056
0.0229823
0.0212877
0.0199459
0.0191448
0.0188698
0.0192708
0.0199784
0.020594
0.0211592
0.0218389
0.0225813
0.0232248
0.0238668
0.0246401
0.0254441
0.0261982
0.0269984
0.0279007
0.0288215
0.0297597
0.030787
0.0318523
0.0328729
0.0339539
0.0351294
0.036367
0.0376263
0.0389398
0.0402741
0.0416541
0.0430905
0.0445887
0.0461488
0.0477447
0.0494279
0.0511451
0.0529708
0.0548226
0.0567658
0.0587546
0.0607944
0.0629437
0.0650663
0.0673641
0.0695552
0.0719136
0.0740715
0.075809
0.0236291
0.0240007
0.0230236
0.021368
0.0200337
0.0192291
0.0189141
0.019271
0.0199754
0.0206053
0.0211794
0.0218629
0.0226038
0.0232412
0.0238784
0.02465
0.0254525
0.026205
0.0270047
0.0279065
0.0288266
0.0297641
0.030789
0.0318533
0.0328771
0.03396
0.0351339
0.03637
0.0376288
0.0389417
0.040276
0.0416568
0.0430934
0.0445911
0.046151
0.047747
0.0494302
0.0511471
0.0529726
0.0548239
0.0567669
0.0587556
0.0607954
0.0629446
0.0650674
0.0673658
0.0695582
0.0719178
0.0740791
0.0758151
0.0235599
0.0239979
0.0230639
0.0214437
0.0201136
0.0193101
0.0189634
0.0192757
0.0199731
0.0206155
0.0211973
0.0218855
0.0226268
0.0232589
0.023891
0.0246607
0.0254612
0.0262117
0.0270107
0.0279121
0.0288318
0.0297686
0.0307912
0.0318544
0.0328813
0.0339662
0.0351384
0.0363732
0.0376314
0.0389438
0.0402781
0.0416595
0.0430963
0.0445936
0.0461534
0.0477493
0.0494326
0.0511492
0.0529744
0.0548252
0.0567681
0.0587565
0.0607965
0.0629455
0.0650687
0.0673675
0.0695614
0.0719221
0.0740869
0.0758214
0.0234796
0.0239925
0.0231008
0.0215157
0.0201887
0.0193887
0.0190162
0.0192833
0.0199703
0.0206235
0.0212127
0.0219069
0.022651
0.0232784
0.0239044
0.0246711
0.0254696
0.0262183
0.0270171
0.0279182
0.0288373
0.0297732
0.0307934
0.0318557
0.0328855
0.0339723
0.0351432
0.0363765
0.0376342
0.038946
0.0402802
0.0416624
0.0430993
0.0445962
0.0461558
0.0477518
0.0494351
0.0511514
0.0529763
0.0548266
0.0567693
0.0587575
0.0607976
0.0629465
0.06507
0.0673693
0.0695647
0.0719265
0.0740949
0.0758281
0.0233829
0.023982
0.0231366
0.0215871
0.02026
0.0194625
0.0190698
0.0192927
0.019967
0.020631
0.0212272
0.0219274
0.0226755
0.0232987
0.0239182
0.0246818
0.0254786
0.0262257
0.0270238
0.0279242
0.0288427
0.0297778
0.0307958
0.0318572
0.0328899
0.0339786
0.035148
0.0363799
0.0376371
0.0389484
0.0402825
0.0416654
0.0431024
0.0445988
0.0461583
0.0477543
0.0494377
0.0511537
0.0529783
0.054828
0.0567705
0.0587586
0.0607988
0.0629476
0.0650713
0.0673712
0.0695682
0.0719311
0.0741031
0.0758349
0.0232686
0.0239669
0.023172
0.0216561
0.0203251
0.0195299
0.0191241
0.019305
0.0199649
0.0206391
0.0212401
0.021945
0.0226994
0.0233207
0.0239337
0.0246936
0.025488
0.0262328
0.0270301
0.0279302
0.0288483
0.0297827
0.0307984
0.0318589
0.0328943
0.0339848
0.0351529
0.0363835
0.0376401
0.0389508
0.0402849
0.0416685
0.0431056
0.0446016
0.046161
0.047757
0.0494403
0.051156
0.0529804
0.0548295
0.0567719
0.0587597
0.0608
0.0629487
0.0650728
0.0673732
0.0695718
0.0719359
0.0741115
0.0758421
0.0231386
0.0239467
0.023205
0.0217213
0.0203855
0.0195924
0.0191796
0.0193207
0.0199634
0.0206465
0.0212511
0.0219604
0.0227234
0.0233444
0.0239504
0.0247054
0.0254971
0.02624
0.0270369
0.0279366
0.028854
0.0297875
0.0308011
0.0318607
0.0328989
0.0339911
0.035158
0.0363873
0.0376433
0.0389534
0.0402874
0.0416716
0.0431089
0.0446045
0.0461637
0.0477597
0.0494431
0.0511584
0.0529826
0.054831
0.0567732
0.0587609
0.0608012
0.0629499
0.0650743
0.0673754
0.0695756
0.0719409
0.07412
0.0758495
0.0229972
0.0239198
0.0232347
0.0217838
0.0204429
0.0196503
0.0192357
0.0193382
0.019961
0.0206537
0.0212621
0.0219744
0.0227465
0.0233687
0.0239677
0.0247177
0.0255071
0.0262478
0.0270437
0.0279428
0.0288597
0.0297924
0.030804
0.0318629
0.0329035
0.0339975
0.0351632
0.0363912
0.0376466
0.0389562
0.04029
0.0416749
0.0431123
0.0446074
0.0461666
0.0477625
0.0494459
0.0511609
0.0529848
0.0548326
0.0567747
0.0587621
0.0608026
0.0629511
0.065076
0.0673776
0.0695795
0.071946
0.0741287
0.0758572
0.0228519
0.0238847
0.0232603
0.021844
0.0204981
0.0197031
0.0192902
0.0193571
0.0199591
0.0206621
0.0212734
0.0219855
0.0227674
0.0233936
0.0239869
0.0247314
0.0255175
0.0262555
0.0270503
0.0279491
0.0288656
0.0297975
0.030807
0.0318651
0.0329082
0.0340039
0.0351686
0.0363952
0.0376501
0.0389591
0.0402927
0.0416783
0.0431158
0.0446105
0.0461695
0.0477654
0.0494488
0.0511635
0.0529871
0.0548343
0.0567762
0.0587633
0.060804
0.0629524
0.0650777
0.06738
0.0695835
0.0719513
0.0741376
0.0758652
0.0227065
0.0238393
0.0232823
0.0219035
0.0205508
0.019749
0.0193427
0.0193791
0.0199578
0.0206702
0.0212841
0.0219943
0.0227868
0.0234196
0.0240074
0.0247455
0.0255281
0.0262634
0.0270572
0.0279557
0.0288715
0.0298025
0.0308102
0.0318676
0.0329131
0.0340103
0.035174
0.0363995
0.0376537
0.0389621
0.0402957
0.0416819
0.0431195
0.0446137
0.0461726
0.0477685
0.0494519
0.0511661
0.0529895
0.0548361
0.0567778
0.0587647
0.0608054
0.0629538
0.0650795
0.0673825
0.0695878
0.0719569
0.0741467
0.0758735
0.0225631
0.0237856
0.0233009
0.0219598
0.0205996
0.0197893
0.0193946
0.0194037
0.0199552
0.0206771
0.0212957
0.0220022
0.0228043
0.0234453
0.0240286
0.0247602
0.0255394
0.0262721
0.0270642
0.0279619
0.0288774
0.0298077
0.0308136
0.0318703
0.032918
0.0340169
0.0351796
0.0364038
0.0376575
0.0389653
0.0402987
0.0416855
0.0431232
0.044617
0.0461758
0.0477716
0.049455
0.0511689
0.052992
0.0548379
0.0567795
0.0587661
0.0608069
0.0629553
0.0650814
0.0673851
0.0695921
0.0719626
0.0741559
0.075882
0.0224291
0.0237267
0.0233131
0.022012
0.0206477
0.0198257
0.0194435
0.0194295
0.019952
0.0206838
0.0213086
0.0220086
0.022819
0.0234704
0.024051
0.0247764
0.0255517
0.0262809
0.0270709
0.0279682
0.0288834
0.029813
0.0308172
0.0318733
0.0329231
0.0340234
0.0351853
0.0364085
0.0376615
0.0389687
0.0403019
0.0416893
0.043127
0.0446204
0.0461791
0.0477749
0.0494583
0.0511717
0.0529946
0.0548398
0.0567812
0.0587676
0.0608085
0.0629569
0.0650834
0.0673879
0.0695967
0.0719685
0.0741653
0.0758909
0.0223095
0.0236634
0.023317
0.022061
0.0206959
0.0198564
0.0194875
0.0194574
0.0199493
0.0206896
0.0213224
0.0220143
0.0228314
0.023495
0.0240743
0.0247933
0.0255644
0.0262899
0.027078
0.0279748
0.0288894
0.0298182
0.0308209
0.0318765
0.0329283
0.03403
0.0351912
0.0364132
0.0376657
0.0389722
0.0403053
0.0416932
0.043131
0.044624
0.0461826
0.0477782
0.0494617
0.0511747
0.0529973
0.0548418
0.0567831
0.0587691
0.0608102
0.0629586
0.0650855
0.0673908
0.0696014
0.0719747
0.0741749
0.0759
0.0222057
0.0235981
0.0233128
0.0221058
0.0207432
0.0198816
0.019527
0.0194879
0.0199465
0.0206933
0.021337
0.0220195
0.0228414
0.0235186
0.024098
0.0248108
0.025578
0.0262999
0.0270853
0.027981
0.0288953
0.0298235
0.0308248
0.0318799
0.0329336
0.0340368
0.0351972
0.0364182
0.0376701
0.0389759
0.0403088
0.0416972
0.0431351
0.0446277
0.0461862
0.0477817
0.0494651
0.0511777
0.0530001
0.0548438
0.056785
0.0587707
0.0608119
0.0629604
0.0650877
0.0673939
0.0696062
0.071981
0.0741846
0.0759095
0.022118
0.0235336
0.0232993
0.0221436
0.0207894
0.0199029
0.019561
0.01952
0.019944
0.0206944
0.0213522
0.0220251
0.0228491
0.0235407
0.0241216
0.0248291
0.0255927
0.0263104
0.0270925
0.0279873
0.0289014
0.0298289
0.0308288
0.0318836
0.0329391
0.0340436
0.0352034
0.0364233
0.0376746
0.0389798
0.0403125
0.0417014
0.0431393
0.0446315
0.04619
0.0477853
0.0494687
0.0511808
0.053003
0.054846
0.056787
0.0587725
0.0608137
0.0629623
0.0650901
0.0673972
0.0696113
0.0719876
0.0741946
0.0759192
0.0220435
0.0234716
0.023276
0.0221725
0.020835
0.0199218
0.0195885
0.0195528
0.0199422
0.020693
0.0213681
0.0220316
0.0228546
0.0235612
0.0241454
0.0248481
0.025608
0.0263214
0.0271001
0.0279938
0.0289074
0.0298342
0.0308329
0.0318875
0.0329447
0.0340505
0.0352097
0.0364287
0.0376793
0.0389839
0.0403164
0.0417058
0.0431437
0.0446354
0.0461938
0.0477891
0.0494725
0.0511841
0.053006
0.0548482
0.0567891
0.0587743
0.0608156
0.0629644
0.0650925
0.0674006
0.0696165
0.0719944
0.0742047
0.0759293
0.0219807
0.0234155
0.0232444
0.0221913
0.0208797
0.0199391
0.0196079
0.0195852
0.0199423
0.0206891
0.0213841
0.0220387
0.0228581
0.0235803
0.024169
0.024867
0.0256242
0.0263335
0.0271079
0.0280002
0.0289134
0.0298395
0.0308371
0.0318916
0.0329505
0.0340575
0.0352162
0.0364342
0.0376842
0.0389882
0.0403204
0.0417103
0.0431482
0.0446395
0.0461979
0.0477929
0.0494763
0.0511874
0.0530091
0.0548506
0.0567913
0.0587762
0.0608176
0.0629665
0.0650951
0.0674042
0.0696218
0.0720014
0.074215
0.0759396
0.0219251
0.0233656
0.0232055
0.0221978
0.020921
0.0199557
0.0196199
0.019617
0.0199451
0.0206819
0.0213989
0.022047
0.02286
0.0235975
0.0241918
0.0248859
0.0256414
0.0263465
0.0271158
0.0280065
0.0289197
0.0298448
0.0308414
0.031896
0.0329565
0.0340645
0.0352228
0.03644
0.0376894
0.0389926
0.0403246
0.041715
0.0431529
0.0446438
0.0462021
0.0477969
0.0494803
0.0511909
0.0530123
0.054853
0.0567936
0.0587782
0.0608197
0.0629688
0.0650978
0.067408
0.0696273
0.0720086
0.0742256
0.0759502
0.0218683
0.0233207
0.0231615
0.0221918
0.020958
0.0199737
0.0196251
0.0196459
0.0199498
0.020671
0.021412
0.0220573
0.0228606
0.0236125
0.0242142
0.0249047
0.025659
0.0263603
0.0271241
0.028013
0.0289259
0.0298502
0.0308458
0.0319005
0.0329626
0.0340717
0.0352297
0.0364461
0.0376948
0.0389973
0.0403291
0.0417198
0.0431577
0.0446482
0.0462065
0.0478011
0.0494844
0.0511945
0.0530156
0.0548556
0.0567961
0.0587803
0.0608218
0.0629713
0.0651006
0.0674121
0.0696331
0.0720161
0.0742363
0.0759611
0.0218074
0.0232815
0.0231161
0.0221732
0.0209877
0.0199929
0.0196227
0.019669
0.0199574
0.0206585
0.0214234
0.0220693
0.0228601
0.0236256
0.0242361
0.0249226
0.0256767
0.0263754
0.0271329
0.0280193
0.0289323
0.0298557
0.0308502
0.0319052
0.0329688
0.0340791
0.0352367
0.0364522
0.0377003
0.0390022
0.0403337
0.0417248
0.0431626
0.0446528
0.046211
0.0478054
0.0494887
0.0511982
0.0530191
0.0548583
0.0567986
0.0587826
0.0608241
0.0629739
0.0651035
0.0674163
0.069639
0.0720237
0.0742471
0.0759723
0.0217406
0.0232452
0.0230701
0.0221419
0.021007
0.0200135
0.0196157
0.0196866
0.0199686
0.0206445
0.021431
0.022082
0.0228589
0.0236368
0.0242572
0.0249397
0.0256946
0.0263917
0.027142
0.0280255
0.028939
0.0298612
0.0308544
0.0319101
0.0329753
0.0340864
0.0352439
0.0364588
0.0377061
0.0390073
0.0403386
0.04173
0.0431678
0.0446575
0.0462156
0.0478099
0.0494932
0.0512021
0.0530227
0.0548611
0.0568012
0.058785
0.0608264
0.0629767
0.0651066
0.0674206
0.069645
0.0720316
0.0742582
0.0759838
0.0216627
0.0232072
0.0230252
0.0221013
0.021015
0.0200356
0.019606
0.0196961
0.0199807
0.0206286
0.0214344
0.0220968
0.0228582
0.0236455
0.0242777
0.0249562
0.0257118
0.0264088
0.027152
0.0280317
0.0289456
0.0298671
0.0308588
0.031915
0.0329818
0.0340941
0.0352513
0.0364655
0.0377122
0.0390126
0.0403436
0.0417354
0.0431731
0.0446625
0.0462206
0.0478144
0.0494977
0.0512061
0.0530264
0.054864
0.0568039
0.0587875
0.0608288
0.0629796
0.0651099
0.0674253
0.0696513
0.0720397
0.0742695
0.0759955
0.0215735
0.0231658
0.0229827
0.0220544
0.0210103
0.0200562
0.0195935
0.0196962
0.0199941
0.0206138
0.0214339
0.0221124
0.0228575
0.0236516
0.0242975
0.0249719
0.025728
0.0264269
0.0271628
0.0280375
0.0289523
0.0298734
0.0308635
0.0319199
0.0329884
0.0341018
0.035259
0.0364724
0.0377184
0.0390181
0.0403489
0.0417409
0.0431786
0.0446676
0.0462256
0.0478193
0.0495024
0.0512102
0.0530302
0.0548671
0.0568068
0.0587901
0.0608314
0.0629827
0.0651132
0.0674301
0.0696578
0.072048
0.074281
0.0760076
0.0214747
0.0231182
0.022942
0.0220033
0.0209909
0.020073
0.019582
0.0196882
0.0200073
0.0206002
0.0214277
0.0221271
0.0228575
0.0236557
0.0243166
0.0249871
0.0257433
0.0264453
0.0271743
0.0280433
0.0289592
0.0298801
0.0308682
0.031925
0.0329951
0.0341095
0.0352668
0.0364797
0.037725
0.0390239
0.0403544
0.0417467
0.0431843
0.0446729
0.0462309
0.0478242
0.0495073
0.0512145
0.0530341
0.0548703
0.0568099
0.0587929
0.0608341
0.062986
0.0651168
0.067435
0.0696645
0.0720566
0.0742927
0.0760198
0.0213667
0.0230621
0.0229015
0.0219505
0.0209579
0.020084
0.0195729
0.0196712
0.0200162
0.0205879
0.021417
0.0221414
0.0228599
0.0236574
0.0243341
0.0250019
0.0257571
0.0264639
0.0271872
0.0280492
0.0289656
0.0298871
0.0308733
0.0319301
0.0330019
0.0341175
0.0352746
0.0364871
0.0377318
0.03903
0.0403602
0.0417527
0.0431901
0.0446784
0.0462363
0.0478293
0.0495123
0.051219
0.0530383
0.0548736
0.0568129
0.0587959
0.0608369
0.0629895
0.0651205
0.0674403
0.0696713
0.0720653
0.0743046
0.0760324
0.0212519
0.0229969
0.0228588
0.0218983
0.0209137
0.0200855
0.0195646
0.0196466
0.0200211
0.0205784
0.0214022
0.0221541
0.0228638
0.0236565
0.0243499
0.0250165
0.0257694
0.0264823
0.0272013
0.0280552
0.0289716
0.0298943
0.0308789
0.0319354
0.0330087
0.0341257
0.0352829
0.0364946
0.0377387
0.0390364
0.0403663
0.0417589
0.0431962
0.0446841
0.046242
0.0478346
0.0495175
0.0512236
0.0530425
0.0548772
0.0568162
0.0587989
0.0608397
0.0629931
0.0651244
0.0674457
0.0696785
0.0720742
0.0743166
0.0760452
0.0211343
0.0229233
0.0228116
0.021847
0.0208601
0.0200746
0.0195579
0.0196176
0.0200198
0.0205712
0.0213831
0.0221624
0.0228696
0.0236547
0.0243643
0.025031
0.0257802
0.0264995
0.0272159
0.0280618
0.0289777
0.0299019
0.0308849
0.0319408
0.0330155
0.0341338
0.0352912
0.0365027
0.0377459
0.0390427
0.0403725
0.0417654
0.0432025
0.0446901
0.0462479
0.0478401
0.0495229
0.0512284
0.0530469
0.0548809
0.0568197
0.0588023
0.0608428
0.0629969
0.0651284
0.0674513
0.0696858
0.0720835
0.0743289
0.0760583
0.0210155
0.022841
0.0227578
0.0217962
0.0207998
0.0200504
0.0195515
0.0195849
0.0200092
0.0205658
0.0213618
0.0221661
0.0228778
0.0236521
0.0243758
0.0250453
0.0257897
0.0265156
0.0272313
0.028069
0.0289836
0.0299096
0.0308915
0.0319464
0.0330222
0.0341421
0.0352998
0.0365108
0.0377535
0.0390496
0.0403789
0.0417718
0.043209
0.0446964
0.0462541
0.0478458
0.0495285
0.0512334
0.0530514
0.0548847
0.0568232
0.0588057
0.0608461
0.063001
0.0651327
0.0674571
0.0696933
0.0720928
0.0743414
0.0760716
0.0208957
0.0227518
0.0226964
0.0217442
0.0207358
0.0200119
0.0195413
0.0195504
0.0199896
0.0205608
0.0213401
0.0221654
0.0228873
0.0236486
0.024384
0.0250595
0.0257985
0.0265301
0.027247
0.0280768
0.0289893
0.0299174
0.0308988
0.0319526
0.0330289
0.0341502
0.0353085
0.0365191
0.0377611
0.0390569
0.040386
0.0417787
0.0432155
0.0447027
0.0462604
0.0478517
0.0495343
0.0512385
0.0530561
0.0548888
0.056827
0.0588092
0.0608494
0.0630053
0.0651372
0.0674632
0.0697011
0.0721023
0.074354
0.0760851
0.0207757
0.0226577
0.0226267
0.0216876
0.0206697
0.0199598
0.0195241
0.0195171
0.019962
0.0205541
0.0213184
0.0221582
0.0228972
0.0236465
0.0243893
0.025073
0.0258067
0.0265427
0.0272622
0.0280852
0.0289952
0.029925
0.0309065
0.0319596
0.033036
0.0341583
0.0353169
0.0365276
0.0377692
0.0390642
0.0403932
0.0417861
0.0432227
0.0447093
0.0462668
0.0478576
0.0495403
0.0512439
0.053061
0.054893
0.0568309
0.0588131
0.0608529
0.0630096
0.0651419
0.0674694
0.0697092
0.0721121
0.0743667
0.0760988
0.0206556
0.0225585
0.0225486
0.0216243
0.0206018
0.0198968
0.0194973
0.0194845
0.0199269
0.020544
0.0212979
0.0221445
0.0229059
0.0236473
0.024392
0.0250848
0.025814
0.0265534
0.0272773
0.0280942
0.0290012
0.0299326
0.0309144
0.0319672
0.0330434
0.0341667
0.0353258
0.0365361
0.0377772
0.0390719
0.0404005
0.0417933
0.0432301
0.0447166
0.0462738
0.0478639
0.0495463
0.0512492
0.053066
0.0548975
0.056835
0.0588171
0.0608566
0.0630144
0.0651467
0.0674759
0.0697173
0.0721221
0.0743797
0.0761128
0.0205336
0.0224532
0.022462
0.0215525
0.0205311
0.0198255
0.0194588
0.0194509
0.0198857
0.0205283
0.0212801
0.0221271
0.0229114
0.0236491
0.0243921
0.025095
0.0258215
0.0265621
0.0272911
0.028104
0.0290082
0.0299404
0.0309223
0.031975
0.033051
0.0341748
0.0353348
0.0365453
0.0377856
0.0390797
0.0404083
0.041801
0.0432374
0.0447236
0.0462809
0.0478706
0.0495529
0.051255
0.053071
0.054902
0.0568392
0.0588213
0.0608605
0.0630192
0.0651519
0.0674825
0.0697258
0.0721322
0.0743928
0.076127
0.0204081
0.0223409
0.0223672
0.0214714
0.0204546
0.0197472
0.0194072
0.0194155
0.0198418
0.0205057
0.0212637
0.0221069
0.0229127
0.0236525
0.0243899
0.0251022
0.0258293
0.02657
0.0273035
0.0281136
0.0290153
0.0299486
0.0309306
0.0319837
0.0330594
0.0341827
0.035343
0.0365543
0.0377946
0.0390882
0.0404163
0.0418091
0.0432454
0.0447311
0.0462879
0.047877
0.0495596
0.0512611
0.0530766
0.054907
0.0568435
0.0588256
0.0608645
0.0630243
0.0651572
0.0674894
0.0697345
0.0721425
0.074406
0.0761413
0.0202786
0.0222217
0.0222636
0.0213804
0.0203708
0.019662
0.0193412
0.0193749
0.0197975
0.0204767
0.0212478
0.0220852
0.0229082
0.0236576
0.0243884
0.0251053
0.0258345
0.0265765
0.0273155
0.0281241
0.0290231
0.0299569
0.0309388
0.0319926
0.0330687
0.0341913
0.0353515
0.0365631
0.0378031
0.0390967
0.040425
0.0418175
0.0432535
0.0447392
0.0462957
0.0478839
0.0495662
0.0512669
0.0530821
0.0549122
0.0568484
0.0588303
0.0608688
0.0630295
0.0651627
0.0674964
0.0697433
0.072153
0.0744194
0.0761559
0.020144
0.0220947
0.0221488
0.021279
0.020279
0.0195715
0.0192634
0.0193248
0.0197509
0.0204413
0.0212316
0.0220654
0.0228985
0.0236612
0.0243875
0.0251058
0.0258381
0.0265811
0.0273245
0.0281343
0.029033
0.0299669
0.0309474
0.0320014
0.0330781
0.0341997
0.0353595
0.0365725
0.0378125
0.0391052
0.0404334
0.0418262
0.0432622
0.0447473
0.0463035
0.0478912
0.0495736
0.0512732
0.0530877
0.0549173
0.056853
0.0588352
0.0608734
0.0630351
0.0651686
0.0675036
0.0697524
0.0721636
0.0744327
0.0761706
0.0200015
0.0219579
0.022021
0.0211656
0.0201768
0.0194754
0.0191778
0.0192653
0.0197023
0.0203999
0.0212115
0.0220479
0.0228855
0.0236624
0.024387
0.0251034
0.0258398
0.0265856
0.0273321
0.0281425
0.0290418
0.0299774
0.0309571
0.0320114
0.0330892
0.0342089
0.0353669
0.036581
0.0378219
0.0391147
0.0404425
0.0418348
0.0432709
0.044756
0.0463115
0.0478984
0.0495809
0.0512798
0.0530939
0.054923
0.0568581
0.0588401
0.060878
0.0630408
0.0651747
0.0675111
0.0697618
0.0721744
0.0744462
0.0761853
0.0198475
0.0218102
0.0218796
0.0210372
0.0200608
0.0193695
0.0190841
0.019197
0.0196534
0.0203568
0.0211863
0.0220303
0.0228689
0.02366
0.0243887
0.0251001
0.0258376
0.026589
0.0273401
0.0281515
0.0290512
0.0299872
0.0309657
0.0320202
0.0331002
0.0342194
0.0353754
0.0365902
0.0378315
0.0391239
0.0404519
0.0418442
0.0432801
0.0447647
0.0463198
0.0479061
0.0495885
0.0512864
0.0530999
0.0549289
0.0568635
0.0588457
0.0608829
0.0630467
0.0651809
0.0675187
0.0697713
0.0721854
0.0744599
0.0762001
0.0196803
0.02165
0.0217242
0.0208932
0.0199313
0.019252
0.0189809
0.0191188
0.0196013
0.0203142
0.0211577
0.0220123
0.022849
0.0236504
0.0243879
0.0250958
0.0258332
0.0265919
0.027348
0.0281603
0.0290625
0.0300005
0.0309762
0.0320288
0.0331101
0.0342286
0.0353826
0.0365986
0.037842
0.0391346
0.0404618
0.0418537
0.0432901
0.0447743
0.0463283
0.0479137
0.0495963
0.0512932
0.0531062
0.0549349
0.0568688
0.0588512
0.0608882
0.063053
0.0651876
0.0675266
0.0697811
0.0721965
0.0744735
0.0762151
0.0194968
0.0214719
0.0215507
0.0207309
0.0197869
0.0191234
0.018871
0.0190334
0.0195454
0.0202742
0.0211292
0.0219957
0.0228302
0.0236346
0.0243814
0.0250872
0.0258229
0.0265914
0.0273561
0.0281689
0.0290728
0.030014
0.0309887
0.0320395
0.0331219
0.0342398
0.0353906
0.0366062
0.0378509
0.0391447
0.0404722
0.0418636
0.0433
0.0447842
0.0463375
0.0479221
0.0496044
0.0513002
0.0531128
0.0549411
0.0568744
0.0588568
0.0608933
0.0630591
0.0651943
0.0675347
0.0697911
0.072208
0.0744876
0.076231
0.019295
0.0212718
0.0213545
0.0205439
0.0196207
0.0189791
0.0187523
0.0189412
0.0194846
0.0202361
0.0211012
0.0219793
0.0228152
0.0236185
0.0243735
0.0250797
0.0258101
0.026586
0.0273624
0.0281774
0.029083
0.0300278
0.0310004
0.0320488
0.0331326
0.0342513
0.0354004
0.0366156
0.0378617
0.039156
0.0404829
0.0418737
0.0433106
0.0447943
0.0463464
0.0479305
0.0496129
0.0513075
0.0531196
0.0549476
0.05688
0.0588626
0.0608987
0.0630654
0.0652008
0.0675421
0.0698003
0.0722184
0.0745003
0.0762444
0.0190718
0.0210472
0.0211329
0.02033
0.0194299
0.0188173
0.0186242
0.0188451
0.0194203
0.0201985
0.0210718
0.0219567
0.0227967
0.023598
0.02436
0.0250724
0.0257999
0.0265814
0.0273701
0.0281868
0.0290918
0.0300416
0.0310135
0.0320577
0.0331415
0.0342611
0.0354089
0.0366236
0.0378718
0.039169
0.0404961
0.0418854
0.0433226
0.0448064
0.0463574
0.0479405
0.0496226
0.051316
0.0531278
0.0549556
0.0568873
0.05887
0.0609056
0.0630733
0.0652095
0.0675519
0.069812
0.0722313
0.0745156
0.0762622
0.0188248
0.0207891
0.0208781
0.0200871
0.0192152
0.0186391
0.0184879
0.018749
0.0193576
0.0201646
0.0210456
0.0219313
0.0227753
0.0235729
0.0243374
0.0250599
0.0257886
0.0265758
0.0273803
0.0282013
0.0291034
0.0300561
0.0310268
0.0320665
0.0331499
0.0342702
0.0354166
0.0366295
0.0378779
0.0391769
0.0405043
0.041893
0.0433307
0.0448141
0.0463642
0.0479472
0.0496292
0.0513215
0.0531329
0.0549606
0.0568916
0.0588747
0.0609098
0.0630782
0.0652147
0.0675581
0.06982
0.0722406
0.074527
0.0762739
0.0185487
0.0204867
0.0205758
0.0198052
0.0189723
0.0184451
0.0183451
0.0186542
0.0192965
0.020129
0.0210182
0.0219025
0.0227501
0.023545
0.0243105
0.0250456
0.0257802
0.0265712
0.027391
0.0282193
0.0291191
0.0300762
0.0310475
0.0320815
0.0331636
0.0342856
0.0354322
0.0366442
0.0378937
0.0391957
0.040523
0.0419093
0.0433471
0.0448302
0.0463788
0.0479606
0.0496421
0.051333
0.0531442
0.0549713
0.0569014
0.0588844
0.0609189
0.0630882
0.0652254
0.0675694
0.0698331
0.0722546
0.0745431
0.0762928
0.0182417
0.0201341
0.020218
0.0194787
0.0187001
0.0182397
0.0182034
0.0185682
0.0192434
0.0200924
0.0209824
0.0218573
0.022702
0.0234942
0.0242616
0.0250138
0.0257616
0.0265578
0.0273918
0.0282277
0.0291224
0.0300814
0.0310546
0.0320843
0.0331645
0.0342878
0.0354353
0.0366458
0.0378947
0.0391999
0.0405291
0.0419148
0.043353
0.044836
0.0463842
0.0479662
0.0496471
0.051337
0.0531481
0.0549754
0.0569048
0.0588884
0.0609224
0.0630924
0.06523
0.0675753
0.0698407
0.0722636
0.0745541
0.076304
0.0178288
0.0197004
0.0198054
0.0191262
0.0184375
0.0180746
0.0181236
0.0185542
0.0192577
0.0201058
0.0209843
0.0218422
0.0226782
0.0234684
0.0242366
0.0250043
0.0257689
0.0265695
0.0274144
0.0282604
0.0291502
0.0301075
0.0310806
0.0321045
0.0331818
0.034307
0.0354559
0.0366654
0.0379135
0.0392205
0.0405497
0.0419328
0.0433708
0.0448532
0.0464
0.0479809
0.0496611
0.0513497
0.0531605
0.0549871
0.0569153
0.0588989
0.0609323
0.0631028
0.0652411
0.0675864
0.0698534
0.0722769
0.0745693
0.0763219
0.0170536
0.0188484
0.0190063
0.0184803
0.0179846
0.017798
0.0179807
0.0184939
0.0192199
0.020055
0.0209161
0.021759
0.0225922
0.0233935
0.0241755
0.0249644
0.0257521
0.0265591
0.0274101
0.0282654
0.0291518
0.0301081
0.0310865
0.0321085
0.0331828
0.0343093
0.0354605
0.0366698
0.037917
0.0392272
0.0405596
0.0419423
0.0433796
0.0448615
0.0464086
0.0479895
0.0496683
0.0513557
0.0531666
0.0549931
0.0569206
0.0589047
0.0609374
0.0631087
0.0652476
0.0675942
0.069863
0.0722877
0.0745817
0.0763353
0.0171581
0.0184933
0.0184815
0.0180332
0.0177238
0.0177062
0.018
0.0185504
0.0192566
0.0200506
0.0208809
0.0217049
0.022534
0.0233485
0.0241458
0.024952
0.0257613
0.0265761
0.0274302
0.0282947
0.0291773
0.0301256
0.0311035
0.0321233
0.0331942
0.0343223
0.0354759
0.036685
0.0379308
0.0392412
0.0405738
0.0419554
0.0433925
0.0448735
0.0464201
0.0480007
0.0496787
0.0513656
0.0531764
0.0550025
0.056929
0.0589131
0.0609452
0.0631166
0.0652558
0.0676022
0.0698721
0.0722977
0.0745928
0.0763471
0.0147765
0.0166492
0.0172766
0.017432
0.0175447
0.0177664
0.018134
0.0186465
0.0192807
0.0200108
0.0208045
0.0216176
0.0224541
0.0232918
0.0241148
0.02494
0.0257682
0.0265901
0.0274419
0.0283123
0.0291957
0.0301399
0.0311223
0.0321433
0.0332094
0.0343375
0.0354934
0.0367028
0.0379477
0.0392596
0.0405951
0.0419766
0.0434116
0.0448907
0.0464379
0.0480178
0.0496936
0.0513785
0.0531894
0.0550148
0.0569402
0.0589243
0.0609554
0.0631273
0.0652672
0.0676146
0.069886
0.0723123
0.0746095
0.076367
0.0129333
0.013864
0.0151925
0.0163777
0.0172339
0.0177993
0.018249
0.0187271
0.0192883
0.0199455
0.0206951
0.0214991
0.0223469
0.0232093
0.0240609
0.0249081
0.0257563
0.0265902
0.0274427
0.0283182
0.0292023
0.030138
0.0311197
0.0321429
0.0332075
0.034337
0.0354961
0.036706
0.0379504
0.0392617
0.0405975
0.04198
0.0434151
0.0448934
0.0464411
0.0480217
0.0496967
0.0513817
0.0531925
0.0550179
0.0569426
0.0589271
0.0609582
0.0631303
0.0652706
0.0676179
0.0698903
0.0723176
0.0746157
0.0763726
0.0118058
0.01408
0.0155467
0.0165279
0.0172519
0.01783
0.0183267
0.0188144
0.0193548
0.0199692
0.0206784
0.0214668
0.0223153
0.0231889
0.0240622
0.0249272
0.0257877
0.0266294
0.0274774
0.0283518
0.0292371
0.0301677
0.0311499
0.0321756
0.0332357
0.0343644
0.035525
0.0367351
0.0379794
0.0392909
0.0406282
0.0420111
0.0434435
0.0449188
0.046467
0.0480465
0.0497188
0.0514015
0.0532121
0.0550363
0.0569599
0.0589441
0.0609737
0.0631459
0.0652868
0.0676346
0.0699081
0.0723357
0.0746356
0.0763965
0.0108457
0.0121217
0.0138248
0.0154292
0.0167201
0.0176369
0.0182735
0.0188
0.0193395
0.0199306
0.020611
0.0213893
0.0222377
0.023115
0.0240027
0.0248859
0.025761
0.0266167
0.0274695
0.0283459
0.0292354
0.0301617
0.031142
0.0321708
0.0332305
0.0343593
0.0355225
0.0367328
0.0379772
0.0392881
0.0406247
0.0420094
0.0434426
0.0449166
0.0464656
0.0480462
0.0497179
0.0514008
0.0532115
0.0550359
0.056959
0.0589436
0.0609732
0.0631456
0.0652867
0.0676345
0.0699087
0.0723375
0.0746378
0.0763975
0.00945101
0.0123415
0.0143294
0.01576
0.0168298
0.0176363
0.0182627
0.0188085
0.0193627
0.0199577
0.0206323
0.0214065
0.0222547
0.0231304
0.0240189
0.0249063
0.0257839
0.0266434
0.0274976
0.0283731
0.0292654
0.0301931
0.031173
0.0322041
0.0332627
0.0343905
0.0355542
0.0367652
0.0380099
0.0393216
0.0406589
0.042043
0.0434747
0.0449462
0.0464946
0.0480741
0.049744
0.0514243
0.0532344
0.0550576
0.0569793
0.0589635
0.0609914
0.0631636
0.0653051
0.0676529
0.0699276
0.0723566
0.0746592
0.0764232
)
;

boundaryField
{
    zeroGradientPlanes
    {
        type            zeroGradient;
    }
    inlet
    {
        type            zeroGradient;
    }
    plate
    {
        type            zeroGradient;
    }
    frontAndBack
    {
        type            empty;
    }
}


// ************************************************************************* //
