/*--------------------------------*- C++ -*----------------------------------*\
| =========                 |                                                 |
| \\      /  F ield         | OpenFOAM: The Open Source CFD Toolbox           |
|  \\    /   O peration     | Version:  v2012                                 |
|   \\  /    A nd           | Website:  www.openfoam.com                      |
|    \\/     M anipulation  |                                                 |
\*---------------------------------------------------------------------------*/
FoamFile
{
    version     2.0;
    format      ascii;
    class       volScalarField;
    location    "5.3";
    object      p;
}
// * * * * * * * * * * * * * * * * * * * * * * * * * * * * * * * * * * * * * //

dimensions      [0 2 -2 0 0 0 0];


internalField   nonuniform List<scalar> 
7000
(
8.54817e-10
-0.00177916
-0.00371277
0.00387371
0.00409703
0.00665523
0.00881156
0.0114015
0.0126523
0.0134784
0.0122382
0.0137969
0.0113676
0.0135265
0.0121504
0.0144253
0.0144656
0.0164102
0.017446
0.0199309
2.181e-06
-0.00179325
-0.00370169
0.00388604
0.00408791
0.0066561
0.00880801
0.011395
0.0126723
0.0134626
0.0122532
0.0137822
0.0113847
0.0135202
0.0121603
0.0144059
0.014471
0.0163936
0.0174488
0.0198183
4.00907e-06
-0.00180039
-0.00368712
0.00389098
0.00407791
0.00665718
0.00879949
0.0113899
0.0126751
0.0134469
0.012266
0.0137603
0.0114146
0.0134986
0.0121893
0.0143652
0.0144924
0.0163565
0.0174511
0.0196443
6.11687e-06
-0.00178891
-0.00366714
0.00388924
0.00407445
0.0066543
0.00878915
0.0113893
0.0126719
0.0134322
0.0122749
0.0137332
0.0114549
0.0134636
0.0122333
0.014313
0.0145201
0.0163083
0.0174448
0.0194531
9.5332e-06
-0.00175975
-0.00364155
0.0038812
0.00408028
0.00664618
0.00877787
0.0113914
0.0126666
0.0134177
0.0122823
0.0137016
0.0115049
0.0134187
0.0122877
0.0142529
0.0145483
0.0162542
0.0174269
0.0192673
1.42641e-05
-0.00171553
-0.00360915
0.00386883
0.00409654
0.00663411
0.00876578
0.0113944
0.012661
0.0134026
0.0122894
0.0136661
0.0115624
0.0133684
0.0123503
0.0141885
0.0145756
0.016197
0.0173965
0.0190938
1.99722e-05
-0.00165821
-0.00356959
0.00385434
0.00412278
0.00662022
0.00875335
0.0113978
0.0126565
0.0133862
0.0122973
0.0136268
0.0116258
0.0133163
0.0124197
0.014124
0.0146028
0.0161377
0.0173548
0.0189305
2.63439e-05
-0.00158975
-0.00352261
0.00383948
0.00415739
0.00660653
0.00874088
0.0114011
0.0126536
0.0133678
0.0123065
0.0135835
0.0116942
0.0132645
0.0124951
0.014062
0.0146294
0.0160776
0.0173031
0.0187738
3.31411e-05
-0.00151187
-0.00346815
0.00382515
0.00419829
0.00659441
0.00872828
0.0114038
0.0126518
0.0133466
0.0123174
0.0135359
0.0117671
0.0132136
0.0125754
0.0140033
0.0146543
0.0160185
0.0172421
0.0186215
4.02449e-05
-0.00142604
-0.00340632
0.00381158
0.00424373
0.00658456
0.00871539
0.0114056
0.0126505
0.0133217
0.0123303
0.0134839
0.0118441
0.0131637
0.0126594
0.0139487
0.0146759
0.0159622
0.0171724
0.0184727
4.76664e-05
-0.00133353
-0.00333756
0.00379871
0.00429266
0.00657725
0.00870218
0.0114058
0.0126486
0.0132923
0.0123451
0.0134276
0.0119245
0.0131151
0.0127461
0.013899
0.0146929
0.0159092
0.0170948
0.0183269
5.55359e-05
-0.00123548
-0.00326266
0.00378641
0.00434487
0.00657271
0.00868878
0.011404
0.0126453
0.0132574
0.012362
0.0133671
0.012008
0.0130681
0.0128335
0.0138557
0.0147039
0.01586
0.0170105
0.0181831
6.40563e-05
-0.001133
-0.00318259
0.00377464
0.00440065
0.00657135
0.0086755
0.0113995
0.0126401
0.0132164
0.0123811
0.0133024
0.0120936
0.0130234
0.0129194
0.0138203
0.0147083
0.0158145
0.016921
0.0180411
7.34318e-05
-0.00102714
-0.00309822
0.00376339
0.00446043
0.00657362
0.00866272
0.0113922
0.0126331
0.0131688
0.0124024
0.0132339
0.0121804
0.0129827
0.0130015
0.0137942
0.014706
0.0157726
0.0168286
0.0179013
8.38317e-05
-0.000918711
-0.00301015
0.00375261
0.00452442
0.00657982
0.00865083
0.0113818
0.0126245
0.0131149
0.012426
0.013162
0.0122672
0.0129471
0.0130774
0.0137781
0.0146967
0.0157338
0.0167355
0.0177643
9.53918e-05
-0.000808349
-0.00291866
0.00374228
0.00459247
0.00658982
0.00864011
0.0113684
0.012615
0.0130548
0.012452
0.0130875
0.0123525
0.0129182
0.0131452
0.0137722
0.0146809
0.0156971
0.0166437
0.0176308
0.000108227
-0.000696491
-0.00282381
0.00373233
0.00466408
0.00660314
0.00863069
0.0113521
0.0126054
0.0129893
0.0124798
0.0130117
0.0124347
0.0128972
0.0132035
0.0137754
0.0146592
0.0156609
0.0165542
0.017501
0.000122443
-0.000583448
-0.00272551
0.0037227
0.00473859
0.00661906
0.00862258
0.0113328
0.0125963
0.0129189
0.0125093
0.0129358
0.0125119
0.0128853
0.0132514
0.0137863
0.0146325
0.0156232
0.0164673
0.0173748
0.000138138
-0.000469452
-0.00262366
0.00371335
0.0048153
0.0066368
0.00861575
0.0113107
0.0125883
0.0128444
0.0125394
0.0128617
0.0125825
0.0128829
0.0132885
0.0138027
0.0146021
0.0155821
0.0163822
0.0172516
0.000155426
-0.000354663
-0.00251814
0.00370426
0.00489364
0.00665567
0.00861021
0.0112858
0.0125818
0.0127665
0.0125692
0.0127913
0.0126449
0.0128904
0.0133148
0.0138216
0.014569
0.0155363
0.0162986
0.0171313
0.00017443
-0.000239216
-0.00240881
0.00369541
0.00497315
0.00667508
0.00860598
0.0112583
0.0125767
0.0126861
0.0125974
0.0127265
0.0126978
0.0129074
0.0133314
0.0138404
0.0145341
0.0154842
0.0162153
0.0170142
0.000195271
-0.000123223
-0.00229552
0.00368684
0.0050535
0.00669459
0.00860308
0.0112282
0.0125733
0.0126043
0.0126222
0.0126691
0.0127403
0.0129327
0.0133392
0.0138567
0.0144995
0.0154256
0.0161301
0.0168999
0.000218071
-6.76649e-06
-0.00217808
0.00367861
0.00513448
0.0067139
0.00860159
0.0111958
0.0125713
0.0125226
0.0126418
0.0126201
0.0127724
0.012965
0.0133393
0.0138672
0.0144658
0.015363
0.0160434
0.016787
0.000242953
0.000110071
-0.00205628
0.00367081
0.00521602
0.00673283
0.00860168
0.0111615
0.01257
0.0124424
0.012655
0.0125798
0.012794
0.0130031
0.0133342
0.0138694
0.0144305
0.015296
0.0159574
0.0166771
0.000270047
0.000227193
-0.00192998
0.00366358
0.00529813
0.00675137
0.0086034
0.0111257
0.0125687
0.0123649
0.012661
0.0125492
0.0128051
0.0130446
0.013326
0.0138634
0.0143936
0.0152227
0.01587
0.0165722
0.000299492
0.000344489
-0.00179903
0.00365709
0.00538088
0.00676965
0.00860675
0.0110889
0.0125668
0.0122916
0.0126582
0.0125288
0.0128069
0.0130866
0.0133158
0.0138488
0.0143573
0.0151456
0.0157798
0.0164705
0.000331422
0.000461821
-0.00166325
0.00365148
0.00546435
0.00678796
0.0086115
0.0110519
0.0125629
0.012224
0.0126461
0.0125167
0.0128013
0.0131273
0.0133053
0.0138231
0.0143203
0.015069
0.0156883
0.0163703
0.000366
0.000579005
-0.00152252
0.00364697
0.00554846
0.00680667
0.0086173
0.0110156
0.0125568
0.0121612
0.0126256
0.0125121
0.0127891
0.0131637
0.0132969
0.013786
0.014278
0.0149946
0.0155983
0.0162706
0.000403391
0.00069589
-0.00137682
0.00364384
0.00563324
0.00682587
0.00862414
0.0109803
0.0125482
0.0121048
0.0125953
0.0125152
0.0127727
0.0131934
0.0132893
0.0137442
0.014233
0.0149241
0.0155067
0.0161725
0.000443728
0.000812315
-0.00122595
0.00364221
0.00571854
0.00684631
0.00863077
0.0109477
0.0125346
0.0120558
0.0125568
0.0125216
0.0127538
0.0132165
0.0132814
0.0136922
0.0141768
0.0148571
0.0154309
0.0160773
0.000487251
0.000928078
-0.00106995
0.00364246
0.00580396
0.00686855
0.00863657
0.0109174
0.0125177
0.012012
0.0125111
0.0125318
0.0127325
0.0132314
0.0132742
0.0136156
0.0141085
0.0147899
0.0153713
0.0159849
0.000534061
0.00104311
-0.000908948
0.00364509
0.00588905
0.00689296
0.0086414
0.0108893
0.0124981
0.0119731
0.0124594
0.0125428
0.0127121
0.0132363
0.0132698
0.0135679
0.0140348
0.0147167
0.01529
0.0158998
0.000584273
0.00115725
-0.000742582
0.00365004
0.00597362
0.00692015
0.00864394
0.0108654
0.012473
0.0119375
0.0124084
0.0125474
0.0126958
0.013231
0.013265
0.0134842
0.0139492
0.0146354
0.0152229
0.0158273
0.000638392
0.00127022
-0.000571285
0.00365784
0.00605722
0.00694962
0.00864496
0.0108431
0.0124487
0.0119024
0.0123552
0.0125509
0.0126803
0.0132208
0.0132601
0.0134581
0.0138572
0.0145441
0.0151102
0.0157698
0.000696235
0.00138213
-0.000395514
0.00366958
0.00613832
0.00698404
0.00864301
0.0108238
0.0124202
0.0118709
0.0122975
0.012558
0.0126599
0.0132013
0.0132473
0.0133612
0.0137521
0.0144513
0.0150519
0.0157217
0.0007579
0.00149297
-0.000214901
0.00368509
0.0062171
0.00702364
0.0086377
0.0108081
0.0123786
0.0118413
0.0122383
0.0125625
0.012643
0.013162
0.0132181
0.0132795
0.01364
0.0143585
0.0150592
0.0156797
0.000824286
0.0016021
-2.99738e-05
0.00370484
0.00629354
0.00706464
0.00863179
0.0107899
0.0123642
0.011805
0.0121825
0.0125604
0.0126247
0.0131268
0.0131908
0.0132045
0.0135338
0.0142523
0.0149336
0.0156513
0.000894835
0.00171003
0.000157982
0.0037308
0.0063654
0.00711272
0.00862293
0.010773
0.0122674
0.0117735
0.0121195
0.0125639
0.0126007
0.0130616
0.0131535
0.0131429
0.0134275
0.0141512
0.014886
0.01563
0.000969614
0.00181701
0.000349243
0.00376256
0.00643346
0.00716932
0.0086119
0.0107569
0.0121909
0.0117465
0.0120478
0.0125676
0.0125838
0.0129622
0.0130942
0.0130846
0.0133274
0.0140496
0.0149253
0.0156067
0.00104992
0.00192203
0.000543436
0.00380047
0.00649847
0.00722069
0.0086044
0.0107313
0.0122223
0.0117111
0.0119786
0.0125556
0.0125729
0.0129029
0.013037
0.0130169
0.0132403
0.0139089
0.0147108
0.0155847
0.00113462
0.00202637
0.000738584
0.00384698
0.00655798
0.00728149
0.00859715
0.0107058
0.0122052
0.011689
0.0119011
0.0125407
0.0125568
0.012803
0.0129566
0.0129583
0.013152
0.0137997
0.0146376
0.0155676
0.00122376
0.00213024
0.000935135
0.0039013
0.00661336
0.00735951
0.00858962
0.0106821
0.0121603
0.0116812
0.0118188
0.012508
0.0125349
0.0126949
0.0128529
0.0128928
0.0130566
0.0137172
0.0147184
0.0155498
0.00131922
0.00223258
0.00113233
0.00396311
0.00666698
0.00740865
0.00859175
0.0106421
0.0121721
0.0116692
0.0117411
0.0124692
0.0125381
0.0126042
0.0127463
0.0127941
0.0129751
0.0135715
0.0144505
0.0155392
0.00141881
0.00233555
0.0013286
0.00403395
0.00671709
0.00747467
0.00859809
0.0106013
0.0121527
0.0116679
0.0116586
0.0124206
0.0125442
0.012517
0.0126166
0.0126663
0.0128558
0.0134651
0.0143664
0.0155388
0.00152333
0.00243893
0.00152437
0.00411343
0.006765
0.00755841
0.0086071
0.0105656
0.0121102
0.0116767
0.0115721
0.0123547
0.0125464
0.0124495
0.0124811
0.0125128
0.0126547
0.0133697
0.0144697
0.0155282
0.00163446
0.00254196
0.00171884
0.00420048
0.00681352
0.00761924
0.00862551
0.0105172
0.0120845
0.0116802
0.0114906
0.0122728
0.0125486
0.0124032
0.012361
0.0124412
0.0126246
0.0132165
0.0141755
0.0154969
0.00174919
0.00264703
0.0019112
0.00429485
0.00686282
0.00768248
0.00864682
0.0104729
0.0120434
0.0116874
0.0114153
0.0121737
0.0125469
0.0123739
0.0122512
0.0123303
0.0125221
0.0130408
0.0140092
0.0154712
0.00186987
0.00275375
0.00210136
0.00439565
0.00691472
0.00774389
0.00867081
0.0104502
0.0119911
0.0116979
0.0113418
0.0120698
0.0125347
0.012355
0.0121485
0.0122033
0.0123981
0.0129116
0.0138991
0.015442
0.0019958
0.00286204
0.0022905
0.00450111
0.00696978
0.00780396
0.00869602
0.010405
0.0119353
0.0117077
0.0112798
0.0119593
0.0125026
0.0123457
0.0120625
0.0120655
0.0122684
0.012806
0.0138266
0.015424
0.00212618
0.00297315
0.00247823
0.00460978
0.0070289
0.00786467
0.00871958
0.0103617
0.0118731
0.0117184
0.0112322
0.0118368
0.0124559
0.0123435
0.0119892
0.0119278
0.0121386
0.012708
0.0137803
0.015423
0.00226241
0.00308653
0.00266461
0.00472154
0.00709148
0.00792519
0.0087451
0.0103157
0.0118049
0.0117293
0.0111964
0.0117108
0.0123931
0.0123381
0.0119357
0.0118041
0.0120143
0.012621
0.0137345
0.0154344
0.00240321
0.00320289
0.00285097
0.00483486
0.00715504
0.00798817
0.00877315
0.0102686
0.0117307
0.0117366
0.0111764
0.0115847
0.0123098
0.0123293
0.0119021
0.0116973
0.0118868
0.0125237
0.0137053
0.0154487
0.0025492
0.00332279
0.0030367
0.00494879
0.00721998
0.00805451
0.00880269
0.0102214
0.0116506
0.0117385
0.0111716
0.0114627
0.0122097
0.0123135
0.0118802
0.0116096
0.0117701
0.0124369
0.013655
0.01545
0.00270012
0.00344588
0.00322261
0.00506428
0.00728427
0.00812248
0.00883684
0.0101767
0.0115656
0.0117324
0.0111804
0.0113498
0.0120929
0.0122842
0.0118703
0.0115473
0.0116725
0.0123396
0.0135868
0.0154412
0.00285596
0.00357314
0.00340851
0.00518009
0.00734697
0.0081926
0.00887608
0.0101344
0.0114755
0.0117167
0.0112008
0.0112518
0.0119622
0.0122419
0.0118702
0.0115107
0.0115875
0.0122363
0.0135015
0.0154328
0.00301651
0.00370457
0.0035946
0.00529685
0.00740731
0.00826341
0.00892029
0.0100955
0.011383
0.0116913
0.0112302
0.0111735
0.0118209
0.0121946
0.0118719
0.0114902
0.0115123
0.0121355
0.013429
0.0154235
0.00318229
0.00382487
0.00378053
0.00541588
0.0074637
0.00833205
0.00897114
0.0100629
0.0112899
0.0116546
0.0112621
0.0111177
0.0116745
0.0121178
0.0118695
0.0114815
0.0114571
0.0120549
0.0133572
0.0154059
0.00335197
0.00396696
0.00396663
0.00553693
0.00751577
0.00839705
0.00902837
0.0100372
0.011199
0.0116084
0.0112916
0.011085
0.0115301
0.0120196
0.0118593
0.0114843
0.0114241
0.0119858
0.0132911
0.0153856
0.00352497
0.00411478
0.00415451
0.00565887
0.00756467
0.00845539
0.00909448
0.0100205
0.0111161
0.0115567
0.0113148
0.0110731
0.0113952
0.0119018
0.0118365
0.0114937
0.0114105
0.0119341
0.0132322
0.0153676
0.00370797
0.00426344
0.00434396
0.00578278
0.00761363
0.00850761
0.00913536
0.0100144
0.0110452
0.0115033
0.0113291
0.0110789
0.0112785
0.0117692
0.0117981
0.0115061
0.0114136
0.0119013
0.0131881
0.0153534
0.00388745
0.00441916
0.00453515
0.00591033
0.00766036
0.00854622
0.00918161
0.0100191
0.0109862
0.0114505
0.0113323
0.0110963
0.0111862
0.0116294
0.0117398
0.0115152
0.0114299
0.0118869
0.0131562
0.0153435
0.00407269
0.00457976
0.00472633
0.00604178
0.00770327
0.00857843
0.00923138
0.0100329
0.0109354
0.011398
0.0113237
0.0111183
0.0111208
0.0114878
0.0116613
0.0115155
0.0114546
0.0118913
0.0131399
0.01534
0.00426578
0.00474274
0.00491687
0.00617606
0.00774546
0.00860821
0.00928229
0.0100527
0.0108901
0.0113461
0.0113061
0.011139
0.0110799
0.0113553
0.0115667
0.0115019
0.0114831
0.0119146
0.0131424
0.0153458
0.00446079
0.00490977
0.00510649
0.00631126
0.00779229
0.00863807
0.00932983
0.0100756
0.0108497
0.0112975
0.0112827
0.0111533
0.0110604
0.0112419
0.0114612
0.0114709
0.0115111
0.0119539
0.0131644
0.0153619
0.00465954
0.00508088
0.00529352
0.00644761
0.00784646
0.00866801
0.00937129
0.0101002
0.0108155
0.011253
0.0112568
0.0111595
0.0110564
0.0111526
0.0113537
0.0114252
0.0115322
0.0120017
0.0132031
0.0153881
0.00486139
0.00525529
0.00547843
0.00658551
0.00790722
0.00869806
0.00940705
0.0101269
0.0107882
0.0112127
0.0112307
0.0111562
0.0110596
0.0110895
0.0112549
0.0113683
0.0115402
0.0120505
0.0132543
0.0154262
0.00506579
0.00543315
0.00566211
0.00672386
0.00797364
0.00873024
0.00943832
0.0101541
0.0107673
0.0111759
0.011206
0.0111447
0.0110696
0.0110481
0.0111711
0.011306
0.0115346
0.0120943
0.0133131
0.0154751
0.00527239
0.00561452
0.00584467
0.0068618
0.0080455
0.00876626
0.00946559
0.01018
0.0107523
0.0111426
0.0111847
0.011128
0.0110721
0.0110224
0.0111037
0.0112454
0.0115186
0.0121288
0.0133722
0.01553
0.00548088
0.00579915
0.00602635
0.00699913
0.00812232
0.00880685
0.0094895
0.0102035
0.010743
0.011113
0.0111671
0.0111082
0.0110688
0.0110075
0.0110523
0.0111921
0.0114961
0.012151
0.013424
0.0155857
0.00569084
0.00598682
0.00620757
0.00713555
0.00820321
0.00885261
0.00951129
0.0102237
0.0107388
0.011087
0.0111533
0.0110886
0.0110604
0.0109981
0.0110144
0.0111469
0.0114696
0.0121607
0.0134655
0.0156402
0.00590189
0.00617731
0.00638867
0.00727071
0.00828722
0.00890401
0.00953263
0.01024
0.0107386
0.0110643
0.011143
0.0110721
0.0110468
0.0109903
0.0109863
0.0111093
0.0114431
0.0121626
0.0134979
0.0156911
0.00611365
0.00637025
0.0065699
0.00740465
0.00837354
0.00896085
0.00955521
0.0102526
0.0107408
0.0110448
0.0111355
0.0110602
0.0110295
0.0109822
0.0109656
0.0110797
0.0114196
0.0121594
0.0135206
0.0157346
0.00632577
0.00656531
0.00675134
0.00753736
0.00846147
0.00902284
0.00958042
0.0102617
0.0107441
0.0110285
0.0111298
0.0110538
0.0110108
0.0109723
0.0109503
0.0110565
0.0113985
0.0121521
0.0135351
0.0157717
0.0065379
0.00676201
0.00693318
0.00766897
0.00855008
0.0090893
0.0096096
0.0102681
0.0107475
0.0110153
0.0111246
0.011053
0.0109932
0.0109596
0.0109375
0.0110376
0.0113795
0.0121432
0.013545
0.0158037
0.00674974
0.00695983
0.00711541
0.00779969
0.00863877
0.00915945
0.00964356
0.0102729
0.0107498
0.0110047
0.0111187
0.0110567
0.010979
0.010944
0.0109248
0.0110216
0.0113636
0.0121345
0.0135516
0.0158301
0.00696092
0.00715829
0.00729806
0.00792964
0.00872699
0.00923242
0.00968271
0.0102775
0.0107506
0.0109963
0.0111111
0.0110631
0.0109698
0.0109268
0.0109107
0.0110072
0.0113497
0.0121256
0.0135547
0.0158519
0.00717114
0.00735672
0.00748091
0.0080592
0.0088145
0.00930709
0.00972687
0.0102834
0.0107493
0.0109895
0.0111017
0.0110694
0.0109665
0.0109103
0.0108952
0.0109927
0.011336
0.0121152
0.0135553
0.01587
0.00738005
0.00755474
0.00766369
0.00818833
0.00890099
0.00938272
0.00977569
0.010292
0.010746
0.0109838
0.0110907
0.0110734
0.0109672
0.0108959
0.0108784
0.0109768
0.0113215
0.0121042
0.0135536
0.0158836
0.00758725
0.00775163
0.00784616
0.00831751
0.00898628
0.00945814
0.00982836
0.0103043
0.0107415
0.0109782
0.0110781
0.0110736
0.0109696
0.0108842
0.0108609
0.0109595
0.0113063
0.0120917
0.0135478
0.0158912
0.00779244
0.00794686
0.00802773
0.00844692
0.00907048
0.00953274
0.00988372
0.0103206
0.0107368
0.0109716
0.0110737
0.0110707
0.0109716
0.0108744
0.010843
0.0109406
0.0112889
0.0120761
0.0135375
0.0158929
0.00799518
0.00813978
0.00820801
0.00857671
0.0091534
0.0096059
0.00994097
0.0103405
0.0107329
0.0109624
0.011061
0.0110633
0.0109709
0.0108652
0.0108242
0.010919
0.011268
0.0120574
0.0135233
0.0158887
0.00819518
0.00832979
0.00838606
0.00870716
0.00923546
0.00967681
0.00999927
0.0103634
0.0107306
0.0109511
0.0110452
0.0110516
0.0109663
0.0108553
0.0108036
0.0108939
0.0112432
0.0120348
0.0135044
0.0158777
0.0083919
0.00851648
0.00856131
0.00883795
0.00931685
0.00974505
0.010058
0.0103883
0.0107299
0.0109387
0.0110251
0.0110347
0.0109564
0.010843
0.0107803
0.010864
0.0112123
0.0120061
0.0134793
0.0158595
0.00858495
0.00869933
0.00873289
0.00896879
0.00939802
0.00981016
0.0101163
0.0104143
0.0107295
0.0109267
0.0110011
0.011011
0.0109398
0.0108271
0.0107545
0.0108288
0.0111738
0.011969
0.0134459
0.0158323
0.00877354
0.00887794
0.00890046
0.00909936
0.0094791
0.00987122
0.0101732
0.0104417
0.0107285
0.0109151
0.0109754
0.0109801
0.0109145
0.0108054
0.0107251
0.0107883
0.0111272
0.0119217
0.0134017
0.0157936
0.00895705
0.00905148
0.00906299
0.0092295
0.00956167
0.00992852
0.0102263
0.0104697
0.010725
0.010902
0.0109506
0.0109437
0.0108796
0.0107745
0.01069
0.010742
0.0110722
0.0118633
0.0133449
0.0157416
0.00913482
0.00922011
0.00921991
0.00935632
0.00964513
0.00998432
0.0102761
0.0104984
0.0107188
0.0108955
0.0109277
0.0109042
0.010835
0.0107317
0.0106464
0.0106887
0.0110078
0.011792
0.0132729
0.0156737
0.00930557
0.00938331
0.00937265
0.00948107
0.00972709
0.0100344
0.0103189
0.0105292
0.0107122
0.0108749
0.0109049
0.0108639
0.0107831
0.010677
0.0105912
0.010625
0.0109312
0.0117046
0.0131817
0.0155843
0.00946876
0.00953985
0.00951874
0.00960522
0.00981355
0.010082
0.0103475
0.0105518
0.0107041
0.0108477
0.0108788
0.0108232
0.010727
0.0106131
0.0105247
0.0105512
0.0108448
0.0116045
0.0130708
0.0154697
0.0096218
0.00968965
0.00965866
0.00972543
0.0099039
0.0101365
0.0103724
0.0105671
0.0106974
0.010814
0.0108458
0.010779
0.0106658
0.0105382
0.0104419
0.0104601
0.0107416
0.0114873
0.0129408
0.0153308
0.00976421
0.00982746
0.00978862
0.0098368
0.00997943
0.0101774
0.0103926
0.0105837
0.0106981
0.0107745
0.0108046
0.0107317
0.0106026
0.0104565
0.0103458
0.0103532
0.0106219
0.0113522
0.0127899
0.0151676
0.00989873
0.00997737
0.00993757
0.00996555
0.0100509
0.0101917
0.0103699
0.0105699
0.0107166
0.010768
0.0107766
0.0106946
0.0105482
0.0103823
0.0102517
0.0102443
0.010499
0.011215
0.0126377
0.0150004
0.00997523
0.0100668
0.0100907
0.0101271
0.010145
0.0102277
0.010362
0.0105287
0.0105697
0.0106586
0.0106777
0.0105958
0.010437
0.010245
0.0100832
0.010048
0.010278
0.0109696
0.0123701
0.0147175
0.0101609
0.0102264
0.010162
0.0101512
0.0101594
0.0102453
0.0103947
0.0105693
0.0107343
0.0107842
0.0107719
0.010689
0.0105259
0.0103051
0.0100806
0.00995421
0.01007
0.0106374
0.0119124
0.0141349
0.0101946
0.0103272
0.010217
0.0102853
0.0103423
0.0102912
0.010247
0.0103768
0.0104371
0.0105164
0.0105189
0.0104568
0.0103418
0.0102577
0.0102294
0.0103162
0.0106021
0.0112593
0.0125303
0.0146866
0.010446
0.0104006
0.0103642
0.0102583
0.0102343
0.0103384
0.0105118
0.0106818
0.0108647
0.010892
0.0107887
0.010602
0.0102791
0.0098313
0.00934773
0.00894734
0.00880957
0.00915439
0.0102305
0.0122711
0.010726
0.0103731
0.0102103
0.0101332
0.0101693
0.0101723
0.0101817
0.0103432
0.0104321
0.0104228
0.0103793
0.0103877
0.0106267
0.0111258
0.01193
0.0129751
0.0140898
0.014991
0.0153344
0.0147903
0.0107816
0.0104698
0.0102756
0.0102558
0.0103885
0.0105751
0.010769
0.0109297
0.0110171
0.0109367
0.0106732
0.0102303
0.00959696
0.00886251
0.00813434
0.00751325
0.00713625
0.00721493
0.0080222
0.00980273
0.0109697
0.0104763
0.0102424
0.0102101
0.0103608
0.0104337
0.0104051
0.0102829
0.0101982
0.0102724
0.010329
0.0102415
0.0101912
0.0103263
0.0107247
0.011376
0.012219
0.0129783
0.0132609
0.0127011
0.0109885
0.010483
0.0102624
0.0103197
0.0106119
0.0109366
0.0112315
0.0114034
0.0114158
0.0111281
0.0105074
0.00952563
0.00823315
0.00679349
0.00545768
0.00444935
0.00391096
0.00400568
0.00494894
0.00693804
0.0225077
0.0126591
0.00965215
0.0119423
0.0146481
0.0166603
0.018214
0.019635
0.021126
0.0227645
0.0245714
0.0263804
0.0280801
0.0298157
0.031665
0.0335059
0.0353197
0.0372074
0.0392151
0.0412683
0.0433213
0.045426
0.0476293
0.0499633
0.052439
0.0549983
0.0575895
0.0602829
0.0630552
0.065904
0.0688359
0.0719332
0.0751423
0.0784556
0.0818464
0.0853478
0.0890261
0.0928474
0.0968564
0.100923
0.105143
0.109508
0.11401
0.118715
0.123456
0.128447
0.133457
0.138645
0.143734
0.148712
0.0223126
0.0127171
0.00969314
0.0119591
0.0146582
0.0166673
0.018219
0.0196386
0.0211287
0.0227666
0.0245731
0.0263819
0.0280815
0.0298168
0.031666
0.0335069
0.0353206
0.0372082
0.0392158
0.0412689
0.0433218
0.0454265
0.0476298
0.0499637
0.0524394
0.0549986
0.0575898
0.0602832
0.0630554
0.0659043
0.0688361
0.0719334
0.0751425
0.0784558
0.0818466
0.085348
0.0890263
0.0928476
0.0968566
0.100923
0.105143
0.109508
0.11401
0.118715
0.123456
0.128447
0.133457
0.138645
0.143734
0.148712
0.0220574
0.0128101
0.00976114
0.0119803
0.0146687
0.0166745
0.0182241
0.0196423
0.0211314
0.0227685
0.0245747
0.0263834
0.0280827
0.0298179
0.031667
0.0335077
0.0353214
0.0372089
0.0392165
0.0412695
0.0433224
0.045427
0.0476302
0.0499641
0.0524397
0.054999
0.0575901
0.0602834
0.0630557
0.0659045
0.0688363
0.0719336
0.0751427
0.078456
0.0818468
0.0853481
0.0890264
0.0928477
0.0968567
0.100923
0.105143
0.109508
0.11401
0.118716
0.123456
0.128447
0.133457
0.138645
0.143734
0.148712
0.0218219
0.0129408
0.00986462
0.0120114
0.0146818
0.0166834
0.0182305
0.0196469
0.0211347
0.0227709
0.0245766
0.0263849
0.028084
0.029819
0.0316679
0.0335086
0.0353222
0.0372096
0.0392171
0.0412701
0.0433229
0.0454274
0.0476306
0.0499644
0.05244
0.0549993
0.0575904
0.0602837
0.0630559
0.0659047
0.0688365
0.0719338
0.0751429
0.0784562
0.081847
0.0853483
0.0890265
0.0928478
0.0968568
0.100923
0.105144
0.109508
0.11401
0.118716
0.123456
0.128447
0.133457
0.138645
0.143734
0.148712
0.0216072
0.0130978
0.00999695
0.0120528
0.0146983
0.0166947
0.018239
0.0196534
0.0211395
0.0227742
0.0245789
0.0263868
0.0280856
0.0298203
0.031669
0.0335095
0.035323
0.0372104
0.0392178
0.0412708
0.0433235
0.045428
0.047631
0.0499648
0.0524404
0.0549996
0.0575907
0.060284
0.0630562
0.065905
0.0688367
0.071934
0.0751431
0.0784563
0.0818471
0.0853485
0.0890267
0.092848
0.096857
0.100924
0.105144
0.109508
0.114011
0.118716
0.123456
0.128447
0.133457
0.138645
0.143734
0.148712
0.0213954
0.0132666
0.0101456
0.0121004
0.0147175
0.0167084
0.0182497
0.019662
0.0211462
0.022779
0.0245821
0.0263891
0.0280876
0.0298219
0.0316703
0.0335106
0.0353239
0.0372113
0.0392186
0.0412716
0.0433243
0.0454286
0.0476315
0.0499653
0.0524408
0.055
0.057591
0.0602843
0.0630565
0.0659052
0.0688369
0.0719342
0.0751433
0.0784565
0.0818473
0.0853486
0.0890269
0.0928481
0.0968571
0.100924
0.105144
0.109509
0.114011
0.118716
0.123456
0.128447
0.133457
0.138645
0.143734
0.148712
0.0211785
0.0134401
0.010304
0.0121515
0.0147382
0.0167239
0.0182622
0.0196724
0.0211548
0.0227853
0.0245863
0.0263921
0.02809
0.0298239
0.0316718
0.0335117
0.0353249
0.0372122
0.0392195
0.0412724
0.0433251
0.0454293
0.0476321
0.0499657
0.0524412
0.0550004
0.0575914
0.0602846
0.0630568
0.0659055
0.0688372
0.0719344
0.0751435
0.0784567
0.0818475
0.0853488
0.089027
0.0928483
0.0968573
0.100924
0.105144
0.109509
0.114011
0.118716
0.123456
0.128447
0.133457
0.138645
0.143734
0.148713
0.0209572
0.0136169
0.0104701
0.012205
0.0147597
0.0167407
0.018276
0.019684
0.0211647
0.0227931
0.0245917
0.0263958
0.028093
0.0298265
0.0316736
0.033513
0.035326
0.0372132
0.0392204
0.0412734
0.0433262
0.0454302
0.0476327
0.0499663
0.0524417
0.0550008
0.0575918
0.060285
0.0630571
0.0659058
0.0688374
0.0719347
0.0751437
0.0784569
0.0818477
0.085349
0.0890272
0.0928484
0.0968574
0.100924
0.105144
0.109509
0.114011
0.118716
0.123457
0.128447
0.133457
0.138645
0.143735
0.148713
0.0207345
0.0137965
0.0106434
0.0122608
0.0147818
0.0167585
0.0182908
0.0196965
0.0211755
0.022802
0.0245982
0.0264002
0.0280966
0.0298295
0.0316759
0.0335145
0.0353273
0.0372144
0.0392214
0.0412745
0.0433274
0.0454313
0.0476336
0.049967
0.0524423
0.0550013
0.0575922
0.0602854
0.0630575
0.0659062
0.0688377
0.0719349
0.0751439
0.0784572
0.0818479
0.0853491
0.0890273
0.0928486
0.0968576
0.100924
0.105144
0.109509
0.114011
0.118716
0.123457
0.128448
0.133457
0.138645
0.143735
0.148713
0.0205122
0.0139779
0.0108236
0.0123188
0.0148043
0.0167769
0.0183063
0.0197094
0.0211867
0.0228114
0.0246054
0.0264054
0.0281006
0.029833
0.0316785
0.0335164
0.0353289
0.0372158
0.0392225
0.0412756
0.0433288
0.0454326
0.0476347
0.0499678
0.0524429
0.0550019
0.0575927
0.0602858
0.063058
0.0659066
0.0688381
0.0719352
0.0751442
0.0784574
0.0818481
0.0853493
0.0890275
0.0928488
0.0968578
0.100924
0.105144
0.109509
0.114011
0.118716
0.123457
0.128448
0.133458
0.138646
0.143736
0.148714
0.0202908
0.0141599
0.0110108
0.0123793
0.0148269
0.016796
0.0183224
0.0197227
0.0211983
0.0228213
0.0246133
0.0264112
0.0281051
0.0298368
0.0316814
0.0335185
0.0353307
0.0372174
0.0392237
0.0412767
0.0433302
0.0454341
0.047636
0.0499689
0.0524437
0.0550024
0.0575932
0.0602863
0.0630584
0.065907
0.0688385
0.0719356
0.0751445
0.0784577
0.0818484
0.0853495
0.0890277
0.0928489
0.096858
0.100925
0.105145
0.109509
0.114011
0.118717
0.123457
0.128448
0.133458
0.138646
0.143736
0.148715
0.0200708
0.0143416
0.0112045
0.0124424
0.0148496
0.0168155
0.0183391
0.0197364
0.0212102
0.0228315
0.0246214
0.0264175
0.02811
0.0298409
0.0316846
0.0335208
0.0353328
0.0372192
0.0392249
0.0412778
0.0433317
0.0454357
0.0476375
0.0499702
0.0524446
0.055003
0.0575937
0.0602868
0.063059
0.0659076
0.0688389
0.0719359
0.0751449
0.078458
0.0818487
0.0853498
0.0890279
0.0928491
0.0968581
0.100925
0.105145
0.10951
0.114012
0.118717
0.123457
0.128448
0.133458
0.138646
0.143737
0.148716
0.0198533
0.0145216
0.0114042
0.0125082
0.0148723
0.0168355
0.0183565
0.0197506
0.0212224
0.022842
0.0246299
0.0264241
0.0281151
0.0298451
0.0316879
0.0335234
0.035335
0.0372213
0.0392264
0.0412788
0.043333
0.0454373
0.0476392
0.0499717
0.0524457
0.0550037
0.0575942
0.0602873
0.0630595
0.0659081
0.0688394
0.0719363
0.0751452
0.0784584
0.0818491
0.0853501
0.0890281
0.0928493
0.0968583
0.100925
0.105145
0.10951
0.114012
0.118717
0.123457
0.128448
0.133458
0.138647
0.143738
0.148717
0.0196396
0.014699
0.0116093
0.0125769
0.0148949
0.0168557
0.0183745
0.0197652
0.0212351
0.0228529
0.0246386
0.0264309
0.0281204
0.0298495
0.0316915
0.0335262
0.0353375
0.0372236
0.039228
0.0412798
0.0433342
0.0454388
0.0476409
0.0499735
0.052447
0.0550044
0.0575947
0.0602877
0.06306
0.0659088
0.0688401
0.0719368
0.0751456
0.0784588
0.0818495
0.0853504
0.0890283
0.0928494
0.0968585
0.100925
0.105145
0.10951
0.114012
0.118717
0.123458
0.128449
0.133459
0.138647
0.143739
0.148718
0.0194309
0.0148727
0.0118192
0.0126489
0.0149173
0.0168763
0.0183932
0.0197804
0.0212482
0.0228644
0.0246476
0.0264378
0.0281259
0.0298541
0.0316951
0.0335291
0.03534
0.037226
0.0392297
0.0412808
0.0433353
0.0454402
0.0476426
0.0499754
0.0524485
0.0550052
0.0575952
0.0602882
0.0630605
0.0659094
0.0688408
0.0719374
0.0751459
0.0784592
0.08185
0.0853509
0.0890286
0.0928496
0.0968587
0.100925
0.105145
0.10951
0.114012
0.118717
0.123458
0.128449
0.133459
0.138648
0.143741
0.148719
0.0192282
0.0150422
0.0120336
0.0127247
0.0149396
0.016897
0.0184127
0.0197962
0.0212619
0.0228765
0.024657
0.0264449
0.0281316
0.0298589
0.0316989
0.0335321
0.0353427
0.0372286
0.0392315
0.0412817
0.0433362
0.0454414
0.0476443
0.0499774
0.0524502
0.0550061
0.0575957
0.0602886
0.063061
0.06591
0.0688416
0.0719381
0.0751463
0.0784596
0.0818506
0.0853515
0.089029
0.0928498
0.0968588
0.100925
0.105145
0.10951
0.114012
0.118718
0.123458
0.128449
0.13346
0.138649
0.143742
0.148721
0.0190319
0.015207
0.0122527
0.0128049
0.0149619
0.0169178
0.018433
0.0198127
0.0212763
0.0228894
0.0246669
0.026452
0.0281374
0.0298638
0.031703
0.0335352
0.0353455
0.0372312
0.0392334
0.0412825
0.043337
0.0454426
0.0476459
0.0499794
0.0524521
0.0550071
0.0575961
0.060289
0.0630614
0.0659106
0.0688424
0.0719389
0.0751467
0.07846
0.0818512
0.0853522
0.0890295
0.09285
0.096859
0.100926
0.105146
0.10951
0.114013
0.118718
0.123459
0.12845
0.13346
0.13865
0.143744
0.148723
0.0188419
0.0153668
0.0124767
0.0128902
0.0149843
0.0169386
0.0184541
0.01983
0.0212915
0.022903
0.0246773
0.0264592
0.0281432
0.0298688
0.0317072
0.0335384
0.0353484
0.0372339
0.0392353
0.0412833
0.0433376
0.0454437
0.0476476
0.0499814
0.0524539
0.0550081
0.0575966
0.0602894
0.0630618
0.0659111
0.0688432
0.0719397
0.0751471
0.0784602
0.0818518
0.0853531
0.0890301
0.0928503
0.0968592
0.100926
0.105146
0.109511
0.114013
0.118718
0.123459
0.12845
0.133461
0.138651
0.143747
0.148725
0.0186581
0.0155214
0.0127057
0.0129816
0.0150069
0.0169591
0.018476
0.019848
0.0213074
0.0229175
0.0246884
0.0264667
0.0281492
0.0298741
0.0317117
0.0335418
0.0353513
0.0372368
0.0392372
0.041284
0.0433382
0.0454448
0.0476493
0.0499834
0.0524558
0.0550092
0.0575971
0.0602898
0.0630622
0.0659116
0.068844
0.0719407
0.0751476
0.0784605
0.0818523
0.0853539
0.0890309
0.0928506
0.0968593
0.100926
0.105146
0.109511
0.114013
0.118718
0.123459
0.128451
0.133461
0.138652
0.143749
0.148727
0.0184804
0.0156704
0.01294
0.0130798
0.0150298
0.0169793
0.0184987
0.0198669
0.0213241
0.0229328
0.0247001
0.0264744
0.0281553
0.0298796
0.0317165
0.0335452
0.0353544
0.0372397
0.0392392
0.0412848
0.0433387
0.045446
0.0476511
0.0499854
0.0524577
0.0550103
0.0575976
0.0602902
0.0630627
0.0659121
0.0688449
0.0719416
0.0751481
0.0784606
0.0818529
0.0853549
0.0890317
0.092851
0.0968595
0.100926
0.105146
0.109511
0.114013
0.118718
0.123459
0.128451
0.133462
0.138654
0.143752
0.14873
0.0183088
0.0158135
0.0131794
0.0131856
0.0150534
0.016999
0.0185221
0.0198867
0.0213414
0.0229487
0.0247124
0.0264825
0.0281616
0.0298854
0.0317216
0.0335488
0.0353575
0.0372428
0.0392412
0.0412856
0.0433392
0.0454475
0.0476531
0.0499874
0.0524594
0.0550114
0.0575981
0.0602907
0.0630632
0.0659126
0.0688457
0.0719425
0.0751486
0.0784608
0.0818534
0.0853558
0.0890326
0.0928515
0.0968596
0.100926
0.105147
0.109511
0.114013
0.118718
0.12346
0.128452
0.133463
0.138655
0.143755
0.148733
0.0181441
0.0159501
0.0134236
0.0132998
0.0150779
0.017018
0.0185461
0.0199073
0.0213594
0.0229652
0.0247253
0.0264911
0.0281681
0.0298916
0.0317269
0.0335525
0.0353608
0.0372461
0.0392433
0.0412865
0.0433399
0.0454492
0.0476555
0.0499896
0.052461
0.0550125
0.0575986
0.0602912
0.0630637
0.0659131
0.0688466
0.0719433
0.0751491
0.0784609
0.0818539
0.0853567
0.0890335
0.0928519
0.0968597
0.100926
0.105147
0.109512
0.114014
0.118719
0.12346
0.128452
0.133464
0.138657
0.143758
0.148736
0.0179862
0.01608
0.0136723
0.0134234
0.0151038
0.017036
0.0185706
0.0199289
0.0213781
0.0229824
0.0247387
0.0265001
0.028175
0.0298981
0.0317325
0.0335564
0.0353643
0.0372494
0.0392456
0.0412875
0.0433407
0.0454512
0.0476581
0.049992
0.0524626
0.0550136
0.0575992
0.0602917
0.0630642
0.0659137
0.0688477
0.0719441
0.0751496
0.078461
0.0818544
0.0853576
0.0890345
0.0928525
0.0968598
0.100926
0.105147
0.109512
0.114014
0.118719
0.12346
0.128453
0.133464
0.138659
0.143762
0.148739
0.0178353
0.0162024
0.0139248
0.0135568
0.0151314
0.0170529
0.0185953
0.0199514
0.0213976
0.023
0.0247526
0.0265096
0.0281822
0.0299051
0.0317383
0.0335604
0.0353678
0.0372529
0.0392481
0.0412888
0.0433418
0.0454535
0.0476612
0.0499946
0.0524642
0.0550146
0.0575998
0.0602922
0.0630647
0.0659144
0.0688489
0.0719448
0.07515
0.0784611
0.081855
0.0853585
0.0890355
0.0928531
0.0968599
0.100926
0.105147
0.109512
0.114014
0.118719
0.12346
0.128453
0.133465
0.13866
0.143766
0.148742
0.0176928
0.0163172
0.0141799
0.0137008
0.0151615
0.0170686
0.0186202
0.0199748
0.0214178
0.0230183
0.0247669
0.0265196
0.0281899
0.0299124
0.0317444
0.0335647
0.0353716
0.0372565
0.0392508
0.0412902
0.0433431
0.045456
0.0476645
0.0499973
0.0524658
0.0550157
0.0576005
0.0602928
0.0630651
0.0659151
0.0688502
0.0719456
0.0751505
0.0784612
0.0818557
0.0853595
0.0890366
0.0928537
0.0968601
0.100927
0.105148
0.109513
0.114014
0.118719
0.12346
0.128453
0.133466
0.138662
0.14377
0.148746
0.0175595
0.0164244
0.0144366
0.0138555
0.0151948
0.0170832
0.018645
0.0199992
0.0214389
0.0230371
0.0247818
0.02653
0.028198
0.0299202
0.0317507
0.0335691
0.0353755
0.0372603
0.0392538
0.0412919
0.0433446
0.0454588
0.0476681
0.0500003
0.0524674
0.0550168
0.0576012
0.0602935
0.0630655
0.0659159
0.0688516
0.0719464
0.0751509
0.0784613
0.0818564
0.0853605
0.0890377
0.0928544
0.0968602
0.100927
0.105148
0.109513
0.114015
0.118719
0.12346
0.128454
0.133467
0.138664
0.143774
0.14875
0.0174352
0.0165242
0.014694
0.0140212
0.015232
0.0170964
0.0186693
0.0200245
0.0214609
0.0230566
0.0247973
0.026541
0.0282065
0.0299284
0.0317573
0.0335739
0.0353796
0.0372642
0.039257
0.0412937
0.0433463
0.0454618
0.047672
0.0500034
0.0524692
0.0550179
0.0576021
0.0602943
0.0630659
0.0659168
0.0688531
0.0719472
0.0751514
0.0784616
0.0818572
0.0853616
0.0890388
0.0928551
0.0968604
0.100927
0.105148
0.109513
0.114015
0.118719
0.123461
0.128455
0.133468
0.138666
0.143779
0.148754
0.0173201
0.0166168
0.0149506
0.0141979
0.0152743
0.0171086
0.0186929
0.0200505
0.0214838
0.0230768
0.0248133
0.0265524
0.0282155
0.0299368
0.0317642
0.0335789
0.0353839
0.0372682
0.0392604
0.0412957
0.0433482
0.045465
0.047676
0.0500067
0.0524711
0.055019
0.057603
0.0602951
0.0630664
0.0659178
0.0688547
0.0719482
0.0751519
0.0784619
0.0818581
0.0853627
0.0890401
0.0928559
0.0968606
0.100927
0.105149
0.109514
0.114015
0.118719
0.123461
0.128455
0.133469
0.138668
0.143783
0.148758
0.0172144
0.0167028
0.0152049
0.0143848
0.0153225
0.01712
0.0187157
0.0200774
0.0215079
0.0230978
0.02483
0.0265643
0.0282249
0.0299457
0.0317714
0.0335842
0.0353885
0.0372725
0.0392641
0.0412979
0.0433502
0.0454683
0.0476802
0.0500102
0.0524731
0.0550201
0.0576041
0.0602961
0.0630668
0.0659189
0.0688564
0.0719493
0.0751524
0.0784623
0.0818589
0.0853639
0.0890414
0.0928568
0.0968608
0.100927
0.105149
0.109514
0.114015
0.118719
0.123461
0.128456
0.13347
0.138671
0.143788
0.148762
0.0171182
0.0167826
0.0154556
0.0145818
0.0153781
0.0171307
0.018737
0.0201048
0.0215329
0.0231197
0.0248473
0.0265767
0.0282348
0.0299548
0.031779
0.0335897
0.0353932
0.0372769
0.039268
0.0413002
0.0433523
0.0454717
0.0476846
0.0500137
0.0524751
0.0550212
0.0576052
0.060297
0.0630674
0.0659201
0.0688581
0.0719505
0.075153
0.0784627
0.0818598
0.0853651
0.0890428
0.0928577
0.0968611
0.100927
0.105149
0.109514
0.114016
0.118719
0.123461
0.128457
0.133472
0.138673
0.143793
0.148766
0.017033
0.0168575
0.0157008
0.0147876
0.0154421
0.0171415
0.0187569
0.0201324
0.0215589
0.0231424
0.0248653
0.0265897
0.0282451
0.0299644
0.031787
0.0335956
0.0353981
0.0372815
0.039272
0.0413027
0.0433546
0.0454753
0.0476891
0.0500174
0.0524773
0.0550224
0.0576064
0.0602981
0.063068
0.0659213
0.0688599
0.0719518
0.0751537
0.0784632
0.0818608
0.0853664
0.0890442
0.0928587
0.0968614
0.100927
0.10515
0.109515
0.114016
0.118719
0.123462
0.128458
0.133473
0.138675
0.143798
0.148771
0.0169615
0.0169303
0.0159394
0.0149998
0.0155144
0.0171527
0.0187754
0.0201606
0.0215863
0.0231664
0.0248841
0.0266032
0.0282559
0.0299743
0.0317953
0.0336018
0.0354032
0.0372863
0.0392762
0.0413053
0.0433569
0.045479
0.0476937
0.0500213
0.0524796
0.0550237
0.0576077
0.0602992
0.0630686
0.0659226
0.0688616
0.0719531
0.0751544
0.0784638
0.0818618
0.0853677
0.0890457
0.0928598
0.0968618
0.100927
0.10515
0.109515
0.114016
0.118719
0.123462
0.128458
0.133475
0.138678
0.143804
0.148776
0.0169034
0.0170001
0.0161718
0.0152208
0.0155979
0.0171649
0.0187913
0.0201878
0.0216143
0.0231912
0.0249037
0.0266174
0.0282672
0.0299846
0.031804
0.0336083
0.0354085
0.0372912
0.0392806
0.0413081
0.0433594
0.0454828
0.0476985
0.0500252
0.0524819
0.0550249
0.057609
0.0603003
0.0630694
0.065924
0.0688635
0.0719546
0.0751552
0.0784645
0.0818628
0.0853691
0.0890473
0.0928608
0.0968622
0.100927
0.105151
0.109515
0.114016
0.118719
0.123462
0.128459
0.133476
0.138681
0.143809
0.14878
0.0168597
0.0170682
0.0163949
0.015447
0.0156927
0.01718
0.0188063
0.0202151
0.0216434
0.0232172
0.0249242
0.0266322
0.0282791
0.0299954
0.0318133
0.0336151
0.035414
0.0372964
0.0392851
0.041311
0.043362
0.0454868
0.0477033
0.0500293
0.0524843
0.0550263
0.0576105
0.0603015
0.0630702
0.0659254
0.0688654
0.0719561
0.075156
0.0784652
0.0818638
0.0853706
0.0890489
0.092862
0.0968626
0.100928
0.105152
0.109516
0.114016
0.118719
0.123463
0.128461
0.133478
0.138684
0.143815
0.148786
0.0168281
0.0171383
0.0166082
0.0156749
0.0157975
0.0171977
0.01882
0.020242
0.0216736
0.0232446
0.0249457
0.0266478
0.0282914
0.0300066
0.0318229
0.0336223
0.0354199
0.0373019
0.0392897
0.0413141
0.0433648
0.0454909
0.0477083
0.0500334
0.0524868
0.0550277
0.0576119
0.0603028
0.0630711
0.0659269
0.0688673
0.0719576
0.0751568
0.078466
0.0818649
0.0853721
0.0890506
0.0928631
0.096863
0.100928
0.105152
0.109516
0.114017
0.118719
0.123463
0.128462
0.13348
0.138687
0.143821
0.148791
0.0168038
0.0172085
0.0168141
0.0159079
0.015914
0.0172176
0.01883
0.0202663
0.0217034
0.0232726
0.024968
0.026664
0.0283044
0.0300183
0.031833
0.0336297
0.0354259
0.0373075
0.0392945
0.0413173
0.0433676
0.0454951
0.0477133
0.0500377
0.0524894
0.0550292
0.0576135
0.0603041
0.063072
0.0659285
0.0688693
0.0719592
0.0751577
0.0784668
0.0818661
0.0853737
0.0890524
0.0928643
0.0968635
0.100928
0.105153
0.109517
0.114017
0.11872
0.123464
0.128463
0.133482
0.13869
0.143827
0.148796
0.0167963
0.0172807
0.0170086
0.0161406
0.0160428
0.0172447
0.0188415
0.0202907
0.0217342
0.0233023
0.0249916
0.0266812
0.028318
0.0300306
0.0318436
0.0336376
0.0354322
0.0373134
0.0392995
0.0413207
0.0433707
0.0454995
0.0477185
0.0500422
0.0524921
0.0550308
0.0576151
0.0603054
0.063073
0.0659301
0.0688713
0.0719609
0.0751587
0.0784676
0.0818673
0.0853753
0.0890541
0.0928656
0.0968639
0.100929
0.105154
0.109517
0.114017
0.11872
0.123464
0.128464
0.133484
0.138693
0.143834
0.148802
0.016802
0.0173577
0.0171933
0.0163712
0.0161816
0.0172782
0.0188528
0.0203136
0.0217651
0.0233331
0.0250166
0.0266994
0.0283322
0.0300433
0.0318547
0.0336458
0.0354389
0.0373196
0.0393048
0.0413243
0.043374
0.0455039
0.0477238
0.0500467
0.0524949
0.0550325
0.0576167
0.0603069
0.0630741
0.0659318
0.0688734
0.0719626
0.0751597
0.0784685
0.0818685
0.085377
0.089056
0.0928669
0.0968645
0.100929
0.105154
0.109518
0.114017
0.11872
0.123465
0.128465
0.133486
0.138696
0.14384
0.148808
0.016818
0.0174408
0.0173727
0.0166013
0.0163282
0.0173154
0.0188609
0.0203327
0.0217942
0.023364
0.0250425
0.0267183
0.028347
0.0300567
0.0318662
0.0336543
0.0354457
0.0373259
0.03931
0.041328
0.0433774
0.0455086
0.0477291
0.0500513
0.0524978
0.0550343
0.0576185
0.0603084
0.0630752
0.0659335
0.0688756
0.0719643
0.0751607
0.0784695
0.0818698
0.0853787
0.0890579
0.0928682
0.096865
0.100929
0.105155
0.109518
0.114018
0.11872
0.123465
0.128467
0.133488
0.1387
0.143847
0.148814
0.0168605
0.0175324
0.0175423
0.0168257
0.0164849
0.0173646
0.0188743
0.0203529
0.0218239
0.0233966
0.0250702
0.0267386
0.0283625
0.0300706
0.0318783
0.0336633
0.0354529
0.0373326
0.0393155
0.0413319
0.043381
0.0455133
0.0477346
0.0500561
0.0525009
0.0550363
0.0576203
0.0603099
0.0630764
0.0659353
0.0688778
0.0719662
0.0751618
0.0784705
0.0818711
0.0853805
0.0890598
0.0928696
0.0968656
0.10093
0.105156
0.109519
0.114018
0.11872
0.123466
0.128468
0.133491
0.138703
0.143854
0.14882
0.0169144
0.0176283
0.0177028
0.0170451
0.0166489
0.0174228
0.0188894
0.0203712
0.0218522
0.0234297
0.0250996
0.0267603
0.028379
0.0300852
0.0318911
0.0336728
0.0354606
0.0373397
0.0393214
0.041336
0.0433847
0.0455182
0.0477402
0.050061
0.0525041
0.0550383
0.0576222
0.0603116
0.0630777
0.0659371
0.0688801
0.071968
0.0751629
0.0784715
0.0818725
0.0853824
0.0890618
0.092871
0.0968662
0.10093
0.105157
0.10952
0.114018
0.11872
0.123466
0.12847
0.133493
0.138707
0.143862
0.148827
0.0169802
0.0177343
0.0178595
0.0172577
0.0168148
0.0174859
0.0189038
0.0203858
0.0218772
0.0234616
0.0251296
0.0267829
0.0283961
0.0301003
0.0319042
0.0336826
0.0354684
0.0373468
0.0393271
0.0413401
0.0433886
0.0455233
0.0477459
0.050066
0.0525074
0.0550404
0.0576241
0.0603133
0.063079
0.065939
0.0688825
0.07197
0.0751641
0.0784726
0.0818739
0.0853843
0.0890639
0.0928725
0.0968668
0.10093
0.105157
0.10952
0.114019
0.118721
0.123467
0.128471
0.133496
0.138711
0.143869
0.148834
0.0170847
0.0178552
0.0180099
0.0174619
0.0169868
0.0175624
0.0189266
0.0204031
0.0219025
0.0234947
0.0251618
0.0268075
0.0284142
0.0301158
0.0319178
0.0336928
0.0354767
0.0373544
0.0393333
0.0413446
0.0433929
0.0455285
0.0477518
0.0500712
0.0525108
0.0550427
0.0576262
0.0603151
0.0630805
0.065941
0.068885
0.071972
0.0751654
0.0784737
0.0818754
0.0853862
0.089066
0.092874
0.0968675
0.100931
0.105158
0.109521
0.114019
0.118721
0.123468
0.128473
0.133499
0.138715
0.143877
0.148841
0.0171991
0.0179821
0.0181548
0.0176613
0.0171639
0.0176486
0.0189541
0.0204201
0.0219257
0.0235267
0.0251952
0.0268338
0.0284335
0.0301324
0.0319324
0.0337039
0.0354855
0.0373624
0.0393397
0.0413493
0.0433973
0.0455339
0.0477577
0.0500765
0.0525144
0.0550451
0.0576284
0.060317
0.063082
0.0659431
0.0688875
0.071974
0.0751667
0.0784749
0.081877
0.0853883
0.0890682
0.0928755
0.0968682
0.100931
0.105159
0.109522
0.114019
0.118721
0.123469
0.128474
0.133502
0.138719
0.143885
0.148848
0.0173201
0.0181208
0.0182967
0.01785
0.0173372
0.0177388
0.0189842
0.0204359
0.0219455
0.0235563
0.0252288
0.0268616
0.028454
0.0301496
0.0319473
0.033715
0.0354943
0.0373704
0.0393462
0.041354
0.0434018
0.0455394
0.0477638
0.0500819
0.0525182
0.0550476
0.0576306
0.060319
0.0630836
0.0659452
0.0688901
0.0719762
0.0751681
0.0784762
0.0818786
0.0853904
0.0890705
0.0928771
0.096869
0.100932
0.10516
0.109522
0.11402
0.118722
0.123469
0.128476
0.133505
0.138723
0.143893
0.148856
0.0174709
0.0182731
0.0184359
0.0180302
0.0175108
0.0178375
0.0190224
0.0204555
0.0219654
0.0235854
0.0252637
0.0268916
0.0284758
0.0301672
0.0319625
0.0337266
0.0355038
0.037379
0.0393532
0.0413591
0.0434067
0.045545
0.04777
0.0500874
0.0525221
0.0550503
0.057633
0.060321
0.0630853
0.0659475
0.0688928
0.0719784
0.0751696
0.0784775
0.0818803
0.0853925
0.0890728
0.0928788
0.0968698
0.100933
0.105161
0.109523
0.11402
0.118722
0.12347
0.128478
0.133508
0.138728
0.143902
0.148864
0.0176286
0.0184326
0.0185745
0.0182063
0.017687
0.0179444
0.0190681
0.0204788
0.0219849
0.0236122
0.0252982
0.0269229
0.0284993
0.0301862
0.031979
0.0337393
0.0355138
0.037388
0.0393603
0.0413644
0.0434117
0.0455509
0.0477764
0.0500931
0.0525262
0.0550531
0.0576355
0.0603232
0.0630871
0.0659498
0.0688955
0.0719807
0.0751712
0.0784789
0.0818821
0.0853948
0.0890752
0.0928805
0.0968707
0.100933
0.105162
0.109524
0.114021
0.118722
0.123471
0.12848
0.133511
0.138732
0.143911
0.148872
0.0177707
0.0185964
0.0187167
0.0183773
0.0178599
0.0180532
0.0191177
0.0205043
0.0220029
0.0236364
0.0253323
0.0269562
0.0285248
0.0302064
0.0319959
0.033752
0.0355238
0.037397
0.0393677
0.04137
0.043417
0.045557
0.0477828
0.0500989
0.0525304
0.0550561
0.0576381
0.0603255
0.0630891
0.0659522
0.0688984
0.0719831
0.0751728
0.0784803
0.0818839
0.0853971
0.0890776
0.0928823
0.0968716
0.100934
0.105163
0.109524
0.114022
0.118723
0.123472
0.128482
0.133515
0.138737
0.14392
0.14888
0.017898
0.0187635
0.0188602
0.01854
0.0180287
0.0181645
0.0191727
0.0205342
0.0220223
0.0236596
0.0253661
0.0269909
0.0285517
0.0302271
0.0320132
0.0337652
0.0355344
0.0374067
0.0393756
0.0413758
0.0434224
0.0455631
0.0477895
0.0501049
0.0525348
0.0550592
0.0576409
0.0603279
0.0630911
0.0659547
0.0689013
0.0719855
0.0751745
0.0784819
0.0818858
0.0853995
0.0890802
0.0928841
0.0968726
0.100934
0.105164
0.109525
0.114022
0.118723
0.123474
0.128484
0.133518
0.138742
0.143929
0.148889
0.0180121
0.018928
0.0190037
0.0186987
0.0181972
0.0182805
0.0192337
0.0205694
0.0220436
0.0236808
0.0253979
0.0270259
0.0285802
0.0302495
0.0320321
0.0337797
0.0355456
0.0374166
0.0393836
0.0413819
0.0434282
0.0455696
0.0477962
0.050111
0.0525393
0.0550625
0.0576437
0.0603304
0.0630933
0.0659574
0.0689043
0.0719881
0.0751763
0.0784835
0.0818878
0.085402
0.0890828
0.092886
0.0968736
0.100935
0.105165
0.109526
0.114023
0.118724
0.123475
0.128486
0.133522
0.138747
0.143939
0.148899
0.0181132
0.0190883
0.0191519
0.018857
0.0183651
0.0183989
0.0192983
0.0206088
0.0220664
0.0237
0.0254281
0.0270622
0.0286112
0.0302739
0.0320519
0.0337944
0.0355568
0.0374267
0.039392
0.0413883
0.0434343
0.0455762
0.0478031
0.0501172
0.0525441
0.055066
0.0576468
0.0603331
0.0630956
0.0659601
0.0689074
0.0719907
0.0751782
0.0784852
0.0818899
0.0854045
0.0890855
0.092888
0.0968747
0.100936
0.105166
0.109527
0.114024
0.118725
0.123476
0.128489
0.133526
0.138753
0.143948
0.148908
0.0182067
0.019249
0.0193046
0.0190121
0.0185303
0.018519
0.0193655
0.0206521
0.0220921
0.0237191
0.0254576
0.0270993
0.0286435
0.030299
0.0320723
0.0338098
0.0355688
0.0374374
0.0394009
0.041395
0.0434405
0.045583
0.0478102
0.0501237
0.052549
0.0550697
0.0576499
0.0603359
0.0630981
0.0659629
0.0689106
0.0719935
0.0751802
0.078487
0.0818921
0.0854071
0.0890882
0.09289
0.0968759
0.100937
0.105168
0.109528
0.114024
0.118725
0.123477
0.128491
0.13353
0.138758
0.143958
0.148918
0.0183009
0.0194108
0.0194578
0.0191634
0.0186935
0.0186409
0.0194352
0.0207002
0.0221223
0.0237383
0.0254847
0.0271354
0.0286764
0.0303256
0.0320946
0.0338267
0.0355813
0.0374482
0.0394098
0.0414021
0.0434472
0.04559
0.0478175
0.0501303
0.0525542
0.0550735
0.0576533
0.0603388
0.0631007
0.0659659
0.0689139
0.0719963
0.0751823
0.0784889
0.0818943
0.0854099
0.089091
0.0928921
0.0968771
0.100937
0.105169
0.109529
0.114025
0.118726
0.123479
0.128494
0.133535
0.138764
0.143969
0.148928
0.0184022
0.019572
0.0196101
0.0193117
0.0188546
0.0187649
0.0195077
0.0207525
0.0221561
0.0237569
0.0255095
0.0271712
0.0287113
0.0303545
0.0321183
0.0338443
0.035594
0.0374593
0.0394193
0.0414095
0.043454
0.0455972
0.0478249
0.050137
0.0525595
0.0550776
0.0576568
0.0603419
0.0631034
0.0659689
0.0689174
0.0719993
0.0751845
0.0784909
0.0818967
0.0854127
0.089094
0.0928943
0.0968784
0.100938
0.10517
0.10953
0.114026
0.118727
0.123481
0.128496
0.133539
0.13877
0.143979
0.148938
0.018508
0.0197314
0.0197614
0.0194569
0.0190142
0.0188923
0.0195819
0.0208066
0.0221932
0.0237766
0.0255336
0.0272073
0.0287471
0.030384
0.0321429
0.033863
0.0356077
0.0374709
0.0394291
0.0414171
0.0434612
0.0456047
0.0478325
0.0501439
0.052565
0.0550819
0.0576604
0.0603452
0.0631063
0.0659721
0.0689209
0.0720023
0.0751868
0.078493
0.0818991
0.0854156
0.089097
0.0928965
0.0968798
0.100939
0.105171
0.109531
0.114027
0.118728
0.123482
0.128499
0.133544
0.138776
0.14399
0.148949
0.0186105
0.0198889
0.0199114
0.0195991
0.0191722
0.0190215
0.0196566
0.0208628
0.0222356
0.0237987
0.0255565
0.0272422
0.0287829
0.0304146
0.0321695
0.0338836
0.0356221
0.0374825
0.039439
0.0414252
0.0434686
0.0456124
0.0478402
0.050151
0.0525708
0.0550863
0.0576643
0.0603486
0.0631094
0.0659755
0.0689245
0.0720055
0.0751892
0.0784952
0.0819017
0.0854185
0.0891001
0.0928988
0.0968812
0.10094
0.105173
0.109532
0.114028
0.118729
0.123484
0.128502
0.133549
0.138783
0.144001
0.148961
0.0187069
0.0200457
0.0200613
0.0197381
0.0193264
0.0191523
0.0197331
0.0209214
0.0222827
0.0238227
0.0255779
0.0272761
0.0288194
0.0304466
0.0321976
0.0339053
0.0356371
0.0374947
0.0394495
0.0414336
0.0434763
0.0456203
0.0478482
0.0501584
0.0525767
0.055091
0.0576683
0.0603522
0.0631127
0.0659789
0.0689283
0.0720088
0.0751917
0.0784975
0.0819043
0.0854216
0.0891032
0.0929012
0.0968828
0.100941
0.105174
0.109533
0.114029
0.11873
0.123486
0.128505
0.133554
0.13879
0.144012
0.148972
0.0187978
0.0202022
0.0202105
0.0198718
0.0194761
0.0192863
0.0198126
0.020981
0.0223336
0.0238488
0.0255982
0.0273096
0.0288564
0.030479
0.0322267
0.0339288
0.0356535
0.0375073
0.0394601
0.0414423
0.0434844
0.0456285
0.0478564
0.0501658
0.0525829
0.055096
0.0576726
0.060356
0.0631161
0.0659826
0.0689322
0.0720122
0.0751944
0.0785
0.0819071
0.0854248
0.0891065
0.0929036
0.0968844
0.100942
0.105176
0.109535
0.114031
0.118731
0.123488
0.128509
0.133559
0.138797
0.144023
0.148984
0.0188817
0.020356
0.0203584
0.0200012
0.0196226
0.0194236
0.0198942
0.0210397
0.0223875
0.0238781
0.0256186
0.0273427
0.0288934
0.0305116
0.0322572
0.0339542
0.035671
0.0375202
0.039471
0.0414514
0.0434928
0.0456368
0.0478647
0.0501735
0.0525894
0.0551012
0.057677
0.06036
0.0631198
0.0659863
0.0689362
0.0720158
0.0751972
0.0785026
0.08191
0.0854281
0.0891099
0.0929062
0.0968862
0.100944
0.105177
0.109536
0.114032
0.118733
0.12349
0.128512
0.133565
0.138804
0.144035
0.148996
0.0189569
0.0205058
0.0205067
0.0201281
0.0197646
0.0195622
0.0199778
0.0210976
0.0224453
0.023912
0.0256389
0.0273747
0.0289306
0.0305445
0.0322886
0.0339812
0.0356896
0.0375338
0.0394825
0.0414609
0.0435013
0.0456454
0.0478734
0.0501814
0.052596
0.0551067
0.0576817
0.0603642
0.0631236
0.0659902
0.0689404
0.0720195
0.0752001
0.0785053
0.0819131
0.0854315
0.0891133
0.0929088
0.096888
0.100945
0.105179
0.109537
0.114033
0.118734
0.123493
0.128516
0.133571
0.138811
0.144047
0.149009
0.0190243
0.020651
0.020656
0.0202521
0.0199
0.0197012
0.0200653
0.0211557
0.0225061
0.0239497
0.0256584
0.027406
0.0289687
0.0305774
0.0323204
0.0340099
0.0357101
0.0375483
0.0394942
0.0414705
0.0435102
0.0456543
0.0478821
0.0501895
0.0526029
0.0551124
0.0576867
0.0603687
0.0631276
0.0659943
0.0689447
0.0720233
0.0752032
0.0785082
0.0819163
0.085435
0.0891169
0.0929115
0.0968899
0.100946
0.105181
0.109539
0.114035
0.118736
0.123495
0.12852
0.133577
0.138819
0.144059
0.149022
0.0190833
0.0207894
0.020806
0.0203741
0.0200289
0.0198407
0.0201576
0.0212126
0.0225675
0.0239913
0.0256788
0.027437
0.0290072
0.0306099
0.0323525
0.0340407
0.035732
0.0375631
0.0395063
0.0414808
0.0435193
0.0456632
0.0478911
0.0501979
0.0526102
0.0551184
0.0576918
0.0603733
0.0631318
0.0659986
0.0689492
0.0720273
0.0752064
0.0785112
0.0819196
0.0854387
0.0891206
0.0929143
0.096892
0.100948
0.105182
0.10954
0.114037
0.118738
0.123498
0.128524
0.133583
0.138827
0.144072
0.149036
0.0191344
0.0209197
0.0209569
0.0204958
0.0201511
0.0199788
0.0202542
0.0212683
0.0226293
0.0240385
0.0257004
0.0274666
0.0290463
0.0306428
0.0323845
0.0340726
0.0357556
0.037579
0.0395191
0.0414914
0.0435286
0.0456724
0.0479004
0.0502065
0.0526176
0.0551247
0.0576973
0.0603782
0.0631363
0.066003
0.0689539
0.0720314
0.0752097
0.0785143
0.081923
0.0854425
0.0891244
0.0929172
0.0968941
0.100949
0.105184
0.109542
0.114038
0.11874
0.123501
0.128528
0.133589
0.138836
0.144084
0.149049
0.0191778
0.0210409
0.0211076
0.0206176
0.0202662
0.0201136
0.0203556
0.021324
0.0226907
0.0240903
0.0257232
0.027495
0.0290866
0.030676
0.0324157
0.0341058
0.0357814
0.037596
0.0395322
0.0415024
0.0435384
0.0456818
0.0479098
0.0502153
0.0526253
0.0551313
0.0577031
0.0603834
0.0631409
0.0660077
0.0689587
0.0720357
0.0752133
0.0785176
0.0819266
0.0854464
0.0891283
0.0929203
0.0968964
0.100951
0.105186
0.109544
0.11404
0.118742
0.123504
0.128532
0.133596
0.138844
0.144097
0.149063
0.0192154
0.021152
0.0212563
0.0207409
0.0203758
0.0202444
0.020462
0.0213805
0.0227502
0.0241462
0.0257485
0.0275221
0.0291274
0.0307096
0.0324463
0.0341401
0.035809
0.0376138
0.039546
0.0415141
0.0435484
0.0456912
0.0479194
0.0502244
0.0526333
0.0551382
0.0577091
0.0603889
0.0631458
0.0660125
0.0689637
0.0720403
0.0752169
0.0785211
0.0819304
0.0854504
0.0891323
0.0929234
0.0968988
0.100953
0.105188
0.109546
0.114042
0.118744
0.123507
0.128537
0.133603
0.138853
0.14411
0.149078
0.0192517
0.0212533
0.0214022
0.0208674
0.0204807
0.0203682
0.0205721
0.0214385
0.0228068
0.0242059
0.0257768
0.0275478
0.0291689
0.0307445
0.0324762
0.0341745
0.0358384
0.037633
0.0395605
0.0415264
0.0435586
0.0457008
0.0479293
0.0502337
0.0526415
0.0551454
0.0577155
0.0603946
0.0631509
0.0660175
0.0689689
0.0720449
0.0752208
0.0785248
0.0819343
0.0854546
0.0891364
0.0929267
0.0969014
0.100954
0.105191
0.109547
0.114044
0.118747
0.12351
0.128542
0.13361
0.138862
0.144124
0.149093
0.0192893
0.0213451
0.0215434
0.0209956
0.0205808
0.0204843
0.0206854
0.0214994
0.0228601
0.0242685
0.0258093
0.0275722
0.0292103
0.0307808
0.0325051
0.0342088
0.0358699
0.0376537
0.0395753
0.0415393
0.0435695
0.0457105
0.0479392
0.0502433
0.0526501
0.055153
0.0577222
0.0604007
0.0631563
0.0660228
0.0689743
0.0720497
0.0752249
0.0785287
0.0819385
0.0854589
0.0891407
0.09293
0.096904
0.100956
0.105193
0.10955
0.114047
0.118749
0.123513
0.128547
0.133617
0.138872
0.144137
0.149108
0.01933
0.0214284
0.0216772
0.0211248
0.0206795
0.020593
0.0207999
0.021564
0.0229103
0.0243325
0.0258462
0.0275956
0.0292511
0.0308187
0.0325337
0.0342427
0.0359029
0.0376759
0.0395908
0.0415527
0.043581
0.0457205
0.0479492
0.050253
0.052659
0.0551609
0.0577292
0.060407
0.0631619
0.0660282
0.06898
0.0720548
0.0752291
0.0785327
0.0819428
0.0854634
0.089145
0.0929335
0.0969069
0.100958
0.105195
0.109552
0.114049
0.118752
0.123517
0.128552
0.133625
0.138882
0.144151
0.149124
0.0193764
0.0215053
0.0218022
0.0212551
0.0207785
0.0206927
0.0209128
0.0216333
0.0229574
0.0243963
0.0258876
0.0276187
0.0292912
0.0308584
0.0325623
0.0342756
0.035937
0.0376998
0.0396071
0.0415668
0.0435929
0.0457307
0.0479595
0.0502629
0.0526681
0.0551691
0.0577367
0.0604137
0.0631678
0.066034
0.0689858
0.07206
0.0752335
0.0785369
0.0819472
0.0854681
0.0891496
0.0929372
0.0969098
0.100961
0.105198
0.109554
0.114052
0.118755
0.123521
0.128558
0.133632
0.138892
0.144166
0.149139
0.0194301
0.0215776
0.0219179
0.0213838
0.0208775
0.0207843
0.0210227
0.0217075
0.0230019
0.0244587
0.0259343
0.0276422
0.0293296
0.0308999
0.0325911
0.0343074
0.035972
0.0377256
0.0396242
0.0415813
0.0436056
0.0457412
0.0479697
0.0502733
0.0526775
0.0551776
0.0577445
0.0604208
0.0631739
0.0660399
0.0689919
0.0720654
0.0752382
0.0785414
0.0819519
0.0854728
0.0891543
0.092941
0.096913
0.100963
0.1052
0.109557
0.114054
0.118758
0.123525
0.128564
0.13364
0.138902
0.14418
0.149156
0.0194888
0.0216468
0.0220231
0.021508
0.020978
0.0208699
0.021127
0.0217858
0.0230452
0.0245185
0.0259855
0.0276669
0.0293661
0.0309429
0.032621
0.034338
0.0360071
0.037753
0.0396423
0.0415963
0.043619
0.0457523
0.0479801
0.0502835
0.0526874
0.0551866
0.0577526
0.0604281
0.0631804
0.0660462
0.0689981
0.0720711
0.0752431
0.0785461
0.0819569
0.0854779
0.089159
0.0929449
0.0969163
0.100966
0.105203
0.109559
0.114057
0.118762
0.123529
0.12857
0.133649
0.138913
0.144195
0.149172
0.0195501
0.0217143
0.0221177
0.0216261
0.0210804
0.02095
0.0212235
0.021868
0.0230889
0.0245746
0.0260401
0.0276935
0.0294009
0.0309869
0.032652
0.0343677
0.0360419
0.0377817
0.0396617
0.0416118
0.0436329
0.045764
0.0479908
0.0502939
0.0526972
0.0551959
0.0577613
0.0604358
0.063187
0.0660528
0.0690047
0.072077
0.0752482
0.0785509
0.081962
0.0854832
0.0891641
0.0929489
0.0969196
0.100968
0.105206
0.109562
0.11406
0.118766
0.123534
0.128577
0.133657
0.138924
0.14421
0.149189
0.0196129
0.021781
0.0222032
0.0217359
0.0211826
0.0210269
0.0213117
0.021952
0.0231335
0.024626
0.0260978
0.0277233
0.0294331
0.0310311
0.0326846
0.0343969
0.0360765
0.0378115
0.0396821
0.0416278
0.0436474
0.0457765
0.0480018
0.0503044
0.0527074
0.0552054
0.0577703
0.0604441
0.063194
0.0660595
0.0690115
0.0720832
0.0752536
0.0785561
0.0819673
0.0854885
0.0891692
0.0929533
0.0969233
0.100971
0.105209
0.109565
0.114064
0.11877
0.123539
0.128583
0.133666
0.138935
0.144225
0.149206
0.019674
0.0218466
0.0222808
0.0218356
0.0212827
0.0211023
0.0213915
0.0220356
0.0231799
0.024673
0.026157
0.0277566
0.0294636
0.0310752
0.032719
0.0344252
0.0361104
0.0378423
0.039704
0.0416442
0.043662
0.0457898
0.0480136
0.0503151
0.052718
0.0552155
0.0577794
0.0604524
0.0632015
0.0660668
0.0690185
0.0720896
0.0752593
0.0785615
0.0819729
0.0854941
0.0891745
0.0929577
0.0969272
0.100974
0.105212
0.109568
0.114067
0.118774
0.123544
0.12859
0.133675
0.138947
0.144241
0.149224
0.0197315
0.0219108
0.0223513
0.0219246
0.0213789
0.021177
0.0214627
0.0221169
0.0232292
0.0247154
0.0262159
0.0277939
0.0294931
0.0311187
0.0327548
0.0344533
0.0361432
0.0378735
0.0397272
0.0416617
0.0436768
0.0458034
0.0480259
0.050326
0.0527286
0.055226
0.0577893
0.060461
0.0632089
0.0660743
0.0690259
0.0720963
0.0752653
0.0785671
0.0819787
0.0855
0.0891801
0.0929623
0.0969311
0.100977
0.105216
0.109572
0.114071
0.118779
0.123549
0.128598
0.133685
0.138959
0.144257
0.149242
0.019785
0.0219723
0.0224153
0.0220032
0.0214686
0.021251
0.0215265
0.0221932
0.0232817
0.0247542
0.0262727
0.0278355
0.0295216
0.0311606
0.0327927
0.0344816
0.0361749
0.0379045
0.0397512
0.0416804
0.0436922
0.0458176
0.0480389
0.050337
0.0527392
0.0552369
0.0577996
0.0604703
0.0632168
0.0660819
0.0690334
0.0721034
0.0752716
0.078573
0.0819848
0.085506
0.0891858
0.0929671
0.0969353
0.100981
0.10522
0.109576
0.114075
0.118784
0.123554
0.128605
0.133695
0.138971
0.144273
0.14926
0.019833
0.0220303
0.0224737
0.0220715
0.0215495
0.0213233
0.0215849
0.0222628
0.0233361
0.0247908
0.0263267
0.0278809
0.0295502
0.0312001
0.0328319
0.0345106
0.0362055
0.0379353
0.0397759
0.0417
0.0437082
0.0458323
0.0480529
0.0503486
0.0527497
0.055248
0.0578103
0.0604797
0.0632254
0.0660903
0.0690411
0.0721104
0.0752783
0.0785793
0.0819912
0.0855124
0.0891917
0.0929721
0.0969397
0.100985
0.105223
0.109579
0.114079
0.118789
0.12356
0.128613
0.133705
0.138984
0.144289
0.149278
0.0198744
0.022084
0.0225263
0.0221304
0.0216202
0.021392
0.0216396
0.022325
0.0233908
0.0248258
0.0263766
0.0279297
0.0295802
0.0312371
0.0328717
0.0345404
0.0362352
0.0379655
0.039801
0.0417204
0.0437247
0.0458474
0.048068
0.0503612
0.0527603
0.0552591
0.0578213
0.0604892
0.0632339
0.0660992
0.0690496
0.0721181
0.0752851
0.0785856
0.0819978
0.0855189
0.0891979
0.0929774
0.0969443
0.100989
0.105228
0.109584
0.114083
0.118795
0.123566
0.128621
0.133715
0.138996
0.144306
0.149297
0.0199083
0.0221321
0.0225724
0.0221804
0.0216804
0.0214547
0.0216911
0.0223798
0.0234443
0.0248603
0.0264209
0.0279805
0.029613
0.0312715
0.0329115
0.0345714
0.036264
0.0379951
0.0398261
0.0417416
0.043742
0.0458623
0.0480836
0.050375
0.0527715
0.0552704
0.0578328
0.0604992
0.0632426
0.0661079
0.069058
0.0721264
0.0752928
0.0785925
0.0820045
0.0855256
0.0892042
0.0929829
0.0969492
0.100993
0.105232
0.109588
0.114088
0.1188
0.123572
0.12863
0.133726
0.13901
0.144323
0.149315
0.019934
0.0221735
0.0226118
0.0222208
0.02173
0.0215093
0.0217387
0.0224279
0.0234955
0.0248956
0.0264598
0.0280305
0.0296493
0.0313041
0.0329502
0.0346037
0.0362919
0.0380234
0.0398517
0.041764
0.0437604
0.0458775
0.0480992
0.0503896
0.0527831
0.055282
0.0578451
0.0605095
0.0632518
0.0661174
0.0690665
0.0721344
0.0753006
0.0786
0.082012
0.0855327
0.0892108
0.0929884
0.0969542
0.100997
0.105237
0.109593
0.114093
0.118807
0.123579
0.128638
0.133737
0.139023
0.14434
0.149335
0.0199502
0.0222067
0.0226441
0.0222512
0.0217686
0.0215544
0.0217811
0.0224692
0.0235421
0.0249328
0.0264959
0.0280787
0.0296876
0.0313345
0.0329873
0.0346372
0.0363197
0.0380502
0.0398766
0.0417868
0.04378
0.0458937
0.0481155
0.0504051
0.0527949
0.055293
0.0578575
0.0605207
0.0632613
0.0661272
0.0690759
0.0721431
0.0753085
0.0786071
0.0820194
0.0855403
0.089218
0.0929945
0.0969595
0.101002
0.105241
0.109597
0.114098
0.118813
0.123586
0.128648
0.133748
0.139036
0.144357
0.149354
0.0199561
0.0222297
0.0226685
0.022271
0.0217953
0.0215888
0.0218172
0.0225049
0.0235821
0.0249697
0.0265301
0.0281249
0.0297296
0.0313639
0.0330204
0.0346707
0.0363481
0.0380763
0.0399008
0.04181
0.0438006
0.0459104
0.0481319
0.0504219
0.0528081
0.0553039
0.0578694
0.0605319
0.0632714
0.0661374
0.0690855
0.0721525
0.0753175
0.0786151
0.082027
0.0855475
0.0892251
0.0930008
0.0969654
0.101007
0.105247
0.109603
0.114103
0.11882
0.123593
0.128657
0.13376
0.13905
0.144375
0.149373
0.0199518
0.0222403
0.0226838
0.0222803
0.0218091
0.0216114
0.0218454
0.0225361
0.0236165
0.025005
0.0265619
0.0281665
0.0297744
0.0313957
0.0330506
0.0347023
0.0363754
0.0381007
0.0399245
0.0418346
0.0438229
0.0459281
0.0481483
0.0504391
0.0528223
0.0553154
0.0578816
0.0605434
0.0632812
0.0661476
0.0690956
0.0721621
0.0753265
0.0786237
0.0820356
0.0855556
0.0892325
0.0930069
0.096971
0.101013
0.105252
0.109608
0.114109
0.118827
0.123601
0.128667
0.133772
0.139064
0.144393
0.149393
0.0199358
0.0222357
0.0226868
0.0222787
0.0218099
0.0216217
0.0218629
0.0225611
0.0236458
0.0250389
0.0265941
0.0282035
0.0298181
0.0314291
0.0330796
0.0347334
0.0364026
0.038123
0.0399454
0.0418581
0.0438464
0.0459475
0.0481659
0.0504574
0.0528375
0.0553268
0.0578936
0.0605558
0.0632923
0.066158
0.0691055
0.0721723
0.0753361
0.0786323
0.0820439
0.085564
0.0892407
0.093014
0.0969772
0.101018
0.105258
0.109614
0.114115
0.118834
0.123609
0.128677
0.133784
0.139079
0.14441
0.149413
0.0199066
0.0222137
0.0226735
0.0222638
0.0217968
0.0216197
0.0218695
0.0225791
0.02367
0.0250691
0.0266264
0.0282376
0.0298595
0.031463
0.0331051
0.0347624
0.036432
0.0381472
0.039966
0.0418805
0.0438696
0.0459667
0.048183
0.0504759
0.0528541
0.0553395
0.0579054
0.0605678
0.0633039
0.0661694
0.0691162
0.0721827
0.075346
0.0786415
0.0820528
0.0855722
0.0892487
0.093021
0.0969839
0.101025
0.105264
0.10962
0.114121
0.118842
0.123617
0.128687
0.133797
0.139094
0.144428
0.149433
0.0198631
0.0221727
0.0226398
0.0222325
0.0217671
0.0216035
0.0218657
0.0225907
0.0236917
0.0250965
0.0266581
0.0282694
0.0298971
0.0314969
0.0331276
0.0347849
0.036458
0.0381714
0.0399882
0.0419056
0.0438959
0.045988
0.0482006
0.0504938
0.05287
0.0553523
0.0579175
0.0605801
0.063316
0.0661809
0.0691274
0.0721944
0.0753568
0.0786511
0.082062
0.0855811
0.0892572
0.0930281
0.0969904
0.101031
0.10527
0.109627
0.114128
0.11885
0.123626
0.128697
0.13381
0.139108
0.144446
0.149453
0.0198025
0.0221111
0.0225825
0.0221813
0.0217187
0.0215702
0.0218493
0.0225946
0.0237118
0.0251232
0.0266905
0.028301
0.0299314
0.0315308
0.0331499
0.0348036
0.0364805
0.0381922
0.0400068
0.0419282
0.043923
0.0460122
0.0482207
0.0505138
0.0528873
0.0553656
0.0579292
0.0605918
0.0633286
0.0661932
0.0691385
0.0722058
0.0753682
0.0786616
0.0820717
0.0855902
0.0892662
0.0930358
0.0969976
0.101038
0.105277
0.109633
0.114135
0.118859
0.123635
0.128709
0.133823
0.139124
0.144465
0.149473
0.0197181
0.0220248
0.0224977
0.0221059
0.02165
0.0215188
0.0218192
0.0225895
0.0237299
0.02515
0.0267234
0.0283328
0.0299616
0.0315622
0.0331713
0.0348186
0.0365019
0.0382158
0.040027
0.0419497
0.0439482
0.0460351
0.0482399
0.0505333
0.052905
0.0553808
0.0579429
0.0606044
0.0633416
0.0662063
0.0691509
0.0722183
0.0753799
0.0786723
0.082082
0.0856
0.0892755
0.0930438
0.097005
0.101045
0.105284
0.10964
0.114142
0.118867
0.123644
0.128719
0.133836
0.139138
0.144482
0.149492
0.0196027
0.0219068
0.0223789
0.0219998
0.0215591
0.0214497
0.0217757
0.0225752
0.0237446
0.0251756
0.026755
0.0283649
0.0299885
0.0315889
0.033191
0.03483
0.0365179
0.0382377
0.0400491
0.0419732
0.0439761
0.0460604
0.0482591
0.0505512
0.0529203
0.0553939
0.0579555
0.0606169
0.0633557
0.0662206
0.0691642
0.072232
0.0753936
0.0786849
0.0820936
0.085611
0.0892864
0.0930532
0.097014
0.101054
0.105292
0.109649
0.114152
0.118878
0.123655
0.128732
0.133851
0.139155
0.144502
0.149514
0.0194535
0.0217487
0.0222168
0.0218539
0.0214403
0.0213631
0.0217241
0.0225579
0.0237597
0.0252016
0.0267834
0.0283937
0.0300108
0.0316099
0.0332085
0.0348412
0.0365335
0.0382611
0.0400723
0.041996
0.0440034
0.0460871
0.0482802
0.05057
0.0529361
0.055407
0.0579666
0.0606261
0.0633658
0.0662317
0.0691745
0.072242
0.0754032
0.078694
0.0821022
0.0856191
0.089294
0.0930596
0.0970202
0.10106
0.105298
0.109655
0.114157
0.118885
0.123663
0.128741
0.133863
0.139168
0.144518
0.149531
0.0192711
0.0215446
0.0220017
0.0216571
0.0212823
0.0212504
0.021661
0.0225393
0.0237777
0.025232
0.0268118
0.0284186
0.0300266
0.0316217
0.0332197
0.0348491
0.0365471
0.0382882
0.0401042
0.0420259
0.044036
0.0461186
0.0483061
0.0505939
0.0529577
0.0554272
0.0579865
0.0606455
0.0633857
0.0662516
0.0691937
0.0722609
0.0754215
0.0787107
0.0821179
0.0856339
0.0893084
0.0930724
0.0970324
0.101072
0.105309
0.109667
0.114169
0.118898
0.123677
0.128756
0.13388
0.139186
0.144539
0.149555
0.0190666
0.0212953
0.0217376
0.0214129
0.0210851
0.02111
0.0215821
0.0225119
0.0237877
0.0252533
0.0268251
0.0284239
0.0300208
0.03161
0.0332102
0.0348415
0.036545
0.0382991
0.0401215
0.042042
0.0440557
0.0461389
0.0483205
0.0506045
0.052966
0.0554339
0.0579922
0.0606508
0.0633922
0.0662597
0.0692018
0.0722687
0.0754291
0.0787184
0.0821253
0.0856407
0.0893147
0.0930779
0.097038
0.101078
0.105315
0.109672
0.114175
0.118905
0.123684
0.128766
0.133891
0.1392
0.144555
0.149571
0.0187608
0.020976
0.021431
0.0211577
0.0209149
0.0210304
0.0215873
0.0225716
0.0238701
0.0253297
0.0268767
0.0284543
0.0300348
0.0316166
0.0332226
0.0348619
0.0365722
0.0383396
0.0401683
0.0420829
0.0440945
0.0461765
0.048353
0.0506339
0.0529931
0.0554592
0.0580165
0.060675
0.0634152
0.0662815
0.0692241
0.0722904
0.075449
0.0787367
0.082143
0.0856574
0.0893305
0.0930922
0.0970516
0.101091
0.105327
0.109685
0.114188
0.118919
0.123698
0.12878
0.133908
0.139217
0.144575
0.149594
0.0179942
0.0201527
0.0206857
0.0205728
0.0205191
0.0208106
0.02151
0.0225715
0.0238917
0.0253393
0.0268586
0.0284181
0.0299913
0.0315747
0.0331929
0.0348473
0.0365666
0.0383466
0.0401868
0.0421007
0.0441121
0.0461935
0.0483652
0.0506424
0.053001
0.0554665
0.0580235
0.0606843
0.0634256
0.0662919
0.0692356
0.0723019
0.0754596
0.0787475
0.0821539
0.085667
0.0893391
0.0931003
0.0970597
0.101099
0.105334
0.109693
0.114195
0.118928
0.123709
0.128793
0.133922
0.139233
0.144592
0.149612
0.0182271
0.0198959
0.0202499
0.0202109
0.0203293
0.0207809
0.0215867
0.0226762
0.0239733
0.0253805
0.026859
0.0283965
0.0299674
0.0315606
0.0331957
0.0348678
0.0365958
0.0383822
0.0402274
0.0421358
0.0441414
0.0462222
0.0483921
0.0506662
0.0530232
0.0554868
0.0580414
0.0607038
0.0634439
0.066307
0.069253
0.07232
0.0754744
0.0787609
0.0821684
0.085681
0.0893519
0.0931123
0.0970715
0.10111
0.105345
0.109704
0.114206
0.118939
0.123719
0.128804
0.133935
0.139247
0.144608
0.149629
0.0158752
0.0181074
0.01911
0.019663
0.020216
0.020913
0.0217841
0.0228301
0.0240515
0.0253955
0.0268316
0.0283498
0.0299223
0.0315299
0.0331856
0.0348778
0.0366166
0.0384094
0.0402639
0.0421733
0.0441734
0.0462509
0.048417
0.0506873
0.0530448
0.0555082
0.0580612
0.0607275
0.0634691
0.0663289
0.0692757
0.0723435
0.0754954
0.0787809
0.082189
0.0856991
0.0893682
0.0931279
0.0970869
0.101124
0.105358
0.109717
0.114219
0.118954
0.123736
0.128822
0.133954
0.139266
0.14463
0.149653
0.0141056
0.0153857
0.0170757
0.0186474
0.0199554
0.0210032
0.0219465
0.0229468
0.0240842
0.0253552
0.0267492
0.0282557
0.0298411
0.0314745
0.0331577
0.0348726
0.036624
0.0384206
0.0402781
0.0421862
0.0441808
0.0462581
0.0484259
0.0506949
0.0530528
0.0555153
0.0580657
0.0607348
0.0634768
0.0663327
0.069282
0.0723528
0.0755014
0.0787856
0.0821962
0.0857063
0.0893741
0.0931338
0.0970926
0.10113
0.105364
0.109723
0.114225
0.11896
0.123742
0.128828
0.133962
0.139276
0.144641
0.149664
0.0130135
0.0156327
0.01747
0.0188661
0.0200235
0.0210625
0.0220625
0.0230837
0.0241924
0.0254196
0.0267746
0.0282531
0.0298312
0.0314743
0.0331749
0.0349053
0.0366683
0.0384694
0.0403303
0.04224
0.0442267
0.0462989
0.048463
0.0507282
0.0530872
0.0555496
0.0580979
0.0607703
0.0635145
0.0663658
0.0693141
0.0723863
0.0755321
0.0788139
0.0822253
0.0857325
0.0893979
0.0931567
0.0971152
0.101151
0.105384
0.109743
0.114245
0.118981
0.123764
0.128851
0.133985
0.139299
0.144665
0.149691
0.0120646
0.0136843
0.0157878
0.0177989
0.0195024
0.0208894
0.0220439
0.023102
0.0241931
0.0253954
0.026734
0.0281951
0.0297673
0.0314181
0.0331346
0.0348796
0.0366561
0.0384662
0.0403298
0.0422434
0.0442276
0.0462991
0.0484657
0.0507289
0.0530895
0.0555524
0.0580975
0.0607717
0.0635181
0.0663661
0.0693148
0.0723911
0.0755348
0.0788147
0.0822286
0.0857365
0.0894006
0.0931597
0.0971182
0.101154
0.105387
0.109747
0.114248
0.118985
0.123767
0.128855
0.13399
0.139305
0.144672
0.149697
0.0106624
0.0139283
0.0163126
0.0181446
0.0196363
0.0209189
0.0220659
0.0231402
0.0242389
0.0254381
0.0267743
0.0282286
0.0297929
0.0314411
0.0331589
0.0349075
0.0366867
0.0385011
0.0403668
0.0422839
0.0442683
0.046337
0.0485031
0.0507651
0.0531259
0.0555912
0.0581357
0.0608101
0.0635594
0.0664057
0.069351
0.0724271
0.075571
0.0788481
0.0822611
0.085767
0.0894293
0.0931868
0.0971446
0.101179
0.10541
0.109769
0.11427
0.119008
0.123792
0.12888
0.134014
0.139329
0.144699
0.149726
)
;

boundaryField
{
    zeroGradientPlanes
    {
        type            zeroGradient;
    }
    inlet
    {
        type            zeroGradient;
    }
    plate
    {
        type            zeroGradient;
    }
    frontAndBack
    {
        type            empty;
    }
}


// ************************************************************************* //
