/*--------------------------------*- C++ -*----------------------------------*\
| =========                 |                                                 |
| \\      /  F ield         | OpenFOAM: The Open Source CFD Toolbox           |
|  \\    /   O peration     | Version:  v2012                                 |
|   \\  /    A nd           | Website:  www.openfoam.com                      |
|    \\/     M anipulation  |                                                 |
\*---------------------------------------------------------------------------*/
FoamFile
{
    version     2.0;
    format      ascii;
    class       volScalarField;
    location    "6.1";
    object      p;
}
// * * * * * * * * * * * * * * * * * * * * * * * * * * * * * * * * * * * * * //

dimensions      [0 2 -2 0 0 0 0];


internalField   nonuniform List<scalar> 
7000
(
-4.40515e-11
0.00601406
0.00828267
0.00699733
0.00665816
0.00699516
0.0017734
0.00664492
0.00366093
0.0070244
0.00894354
0.0108932
0.0135357
0.0156366
0.0191529
0.022788
0.025508
0.0295075
0.03246
0.0384752
-8.56387e-07
0.00602622
0.00827555
0.00698508
0.00665586
0.00698983
0.00180125
0.0066347
0.00368325
0.00705134
0.00892861
0.0108948
0.0135402
0.0156276
0.0191584
0.0227517
0.0255143
0.0294439
0.0325167
0.0381683
-1.02925e-06
0.00604388
0.0082597
0.00698135
0.00665269
0.00698256
0.00183566
0.00661602
0.00375548
0.00708837
0.00890492
0.0109031
0.0135412
0.0156125
0.0191517
0.0227033
0.025506
0.0293652
0.0325592
0.0376823
1.17281e-06
0.00605671
0.00824128
0.00698794
0.00664758
0.00697182
0.00188035
0.00659127
0.00380872
0.00711894
0.00887689
0.0109092
0.0135365
0.0155906
0.0191388
0.022651
0.025486
0.0292834
0.0325303
0.0372038
6.73859e-06
0.00606295
0.00822135
0.00700159
0.00664091
0.00695823
0.00193722
0.00656113
0.00387183
0.00714166
0.00884424
0.010909
0.0135316
0.0155626
0.0191262
0.0225942
0.0254661
0.0291904
0.0324636
0.036758
1.62529e-05
0.00606337
0.00819952
0.00701988
0.00663298
0.00694322
0.00200559
0.00652775
0.00394228
0.00715794
0.00880677
0.0109042
0.0135314
0.0155303
0.0191125
0.0225341
0.0254458
0.0290816
0.0323682
0.0363345
2.99812e-05
0.00605909
0.00817633
0.00704091
0.00662433
0.0069276
0.00208292
0.00649315
0.00401684
0.00716889
0.00876527
0.0108961
0.0135379
0.0154938
0.0190955
0.0224712
0.0254198
0.0289575
0.0322461
0.0359205
4.79857e-05
0.00605181
0.00815266
0.00706339
0.0066155
0.00691176
0.00216655
0.00645792
0.00409296
0.00717519
0.00872018
0.0108845
0.0135503
0.015453
0.0190741
0.0224041
0.025385
0.0288193
0.032095
0.0355091
7.02331e-05
0.00604351
0.00812922
0.00708673
0.00660695
0.00689571
0.00225473
0.00642148
0.00416939
0.00717702
0.00867199
0.0108686
0.0135668
0.0154064
0.0190473
0.0223309
0.0253395
0.0286673
0.0319135
0.0350967
9.65804e-05
0.00603578
0.0081064
0.00711079
0.00659906
0.00687937
0.00234678
0.00638311
0.00424601
0.0071745
0.00862183
0.0108475
0.0135846
0.0153591
0.0190145
0.0222508
0.0252815
0.0285014
0.0317016
0.0346806
0.000126709
0.00602951
0.00808435
0.00713553
0.00659218
0.00686269
0.00244275
0.00634255
0.00432348
0.00716819
0.00857201
0.0108209
0.0136009
0.0153104
0.0189761
0.0221632
0.025209
0.0283214
0.0314602
0.0342587
0.000160118
0.00602497
0.00806296
0.00716081
0.0065866
0.00684562
0.002543
0.00630023
0.00440304
0.00715945
0.00852585
0.0107897
0.013613
0.0152617
0.0189331
0.0220679
0.0251206
0.0281275
0.0311911
0.0338285
0.000196198
0.00602202
0.00804195
0.00718626
0.00658242
0.00682808
0.00264792
0.00625706
0.00448629
0.00715036
0.00848721
0.0107559
0.0136189
0.0152147
0.0188867
0.0219653
0.0250157
0.0279197
0.0308962
0.0333878
0.000234341
0.00602032
0.00802096
0.00721133
0.00657964
0.00680993
0.00275758
0.00621414
0.00457455
0.00714322
0.0084602
0.0107219
0.0136173
0.0151714
0.0188384
0.0218555
0.0248943
0.0276983
0.0305776
0.0329356
0.000274039
0.00601951
0.00799969
0.00723537
0.00657816
0.00679101
0.00287155
0.0061724
0.00466859
0.00714017
0.0084484
0.0106905
0.013608
0.0151335
0.0187895
0.0217392
0.0247562
0.027463
0.0302373
0.0324719
0.000314944
0.0060193
0.00797791
0.00725783
0.00657785
0.00677106
0.00298903
0.0061324
0.00476867
0.00714268
0.00845368
0.0106642
0.0135916
0.0151024
0.0187402
0.0216168
0.0246018
0.0272134
0.0298774
0.0319974
0.000356873
0.00601949
0.00795556
0.00727829
0.00657869
0.00674991
0.00310912
0.00609439
0.00487445
0.00715126
0.00847636
0.0106448
0.013569
0.0150782
0.0186898
0.0214891
0.024432
0.0269502
0.0294998
0.0315118
0.000399758
0.00601998
0.00793268
0.0072965
0.00658065
0.00672746
0.00323101
0.00605833
0.00498517
0.00716561
0.00851527
0.0106327
0.0135407
0.0150604
0.0186365
0.0213559
0.0242476
0.0266743
0.0291055
0.0310154
0.000443599
0.00602073
0.00790939
0.00731236
0.00658376
0.00670371
0.00335423
0.00602391
0.00509983
0.00718486
0.00856798
0.0106275
0.013507
0.0150481
0.0185786
0.0212167
0.0240486
0.0263865
0.028696
0.0305093
0.000488428
0.00602172
0.00788578
0.00732584
0.00658803
0.00667865
0.00347858
0.0059908
0.00521745
0.00720788
0.00863239
0.0106286
0.013468
0.0150394
0.0185144
0.0210708
0.0238347
0.0260871
0.0282735
0.029995
0.000534289
0.00602291
0.00786197
0.00733698
0.00659354
0.00665225
0.00360397
0.0059587
0.00533711
0.00723372
0.00870751
0.0106353
0.0134229
0.0150324
0.0184424
0.0209176
0.0236055
0.0257761
0.0278403
0.029474
0.000581225
0.00602426
0.00783809
0.00734584
0.00660035
0.00662454
0.00373037
0.00592736
0.00545791
0.00726202
0.00878833
0.0106467
0.0133714
0.015025
0.0183622
0.0207563
0.0233615
0.0254538
0.0273972
0.0289473
0.000629281
0.00602571
0.00781429
0.00735244
0.00660855
0.00659559
0.00385768
0.00589678
0.00557887
0.00729278
0.00886925
0.0106623
0.0133128
0.0150156
0.0182746
0.0205853
0.0231026
0.0251224
0.0269461
0.0284142
0.0006785
0.00602719
0.0077907
0.00735679
0.00661825
0.00656551
0.00398571
0.00586715
0.00569912
0.00732621
0.00893691
0.0106818
0.013247
0.0150017
0.0181808
0.0204043
0.0228264
0.0247815
0.0264913
0.0278768
0.000728935
0.00602862
0.00776747
0.00735886
0.00662951
0.00653447
0.00411425
0.00583876
0.00581765
0.00736337
0.00898688
0.0107049
0.0131749
0.01498
0.0180811
0.0202155
0.0225333
0.024427
0.0260327
0.0273389
0.000780634
0.00602988
0.00774477
0.00735862
0.00664231
0.00650267
0.00424295
0.00581251
0.00593294
0.00740565
0.00902908
0.0107302
0.0130972
0.0149486
0.0179751
0.0200185
0.022225
0.0240622
0.0255716
0.0267983
0.000833654
0.00603086
0.00772274
0.00735602
0.00665665
0.00647026
0.00437113
0.00578944
0.00604392
0.00745339
0.00906332
0.0107577
0.013015
0.0149047
0.0178634
0.019814
0.0218973
0.023687
0.0251172
0.0262569
0.000888068
0.00603143
0.00770152
0.00735095
0.00667261
0.00643732
0.00449839
0.00577013
0.0061498
0.00750753
0.00908924
0.0107851
0.0129315
0.014846
0.0177434
0.019606
0.0215563
0.0232933
0.0246595
0.0257228
0.000943948
0.00603142
0.0076813
0.00734329
0.00669006
0.00640443
0.00462363
0.00575624
0.00624899
0.00756827
0.00910901
0.0108097
0.0128472
0.0147728
0.0176144
0.0193894
0.0212129
0.0228916
0.0241826
0.0251892
0.00100138
0.00603067
0.00766219
0.00733311
0.00670865
0.00637236
0.00474547
0.005749
0.00634111
0.00763525
0.00912081
0.0108336
0.0127618
0.0146832
0.0174758
0.0191684
0.0208503
0.0224721
0.0237284
0.0246626
0.00106049
0.00602898
0.00764433
0.00732038
0.00672831
0.00634152
0.00486327
0.00574874
0.00642581
0.00770843
0.00912587
0.0108518
0.0126801
0.0145806
0.0173198
0.0189434
0.0204761
0.0220389
0.0232837
0.0241404
0.00112132
0.00602622
0.00762785
0.00730514
0.00674855
0.00631296
0.00497588
0.00575612
0.00650229
0.00778639
0.00912951
0.0108588
0.0126022
0.0144663
0.0171494
0.01871
0.0201018
0.0215982
0.0227992
0.0236206
0.00118402
0.00602212
0.00761287
0.00728749
0.00676903
0.00628712
0.00508312
0.00577026
0.00657236
0.00786689
0.00913236
0.0108562
0.0125274
0.0143349
0.0169669
0.0184803
0.0197117
0.0211138
0.0223335
0.0231323
0.00124889
0.00601634
0.00759963
0.00726717
0.0067894
0.00626478
0.00518416
0.00579198
0.00663567
0.00794896
0.0091382
0.0108363
0.0124573
0.0141943
0.0167652
0.0182411
0.0193358
0.0206242
0.021784
0.0226397
0.00131575
0.00600894
0.00758791
0.00724549
0.00680806
0.00624807
0.00527716
0.00582168
0.00669141
0.00803394
0.00914186
0.0108064
0.0123839
0.0140515
0.0165389
0.0179693
0.0189567
0.0201451
0.0212881
0.0221484
0.00138473
0.00599962
0.00757769
0.00722247
0.00682551
0.00623579
0.00536363
0.00585706
0.00674309
0.0081163
0.00914513
0.0107719
0.0123042
0.0138994
0.0162856
0.0176833
0.0185594
0.0196626
0.0208681
0.0216764
0.00145648
0.00598772
0.00756934
0.00719726
0.00684102
0.00622833
0.00544439
0.00589692
0.00679193
0.00819226
0.00915905
0.0107148
0.0122207
0.0137394
0.0160249
0.0173903
0.0181931
0.0191846
0.0202646
0.0211728
0.00153047
0.00597376
0.00756227
0.00717311
0.00685172
0.00622831
0.00551661
0.00594223
0.00683703
0.00826746
0.00916779
0.0106502
0.0121288
0.0135638
0.0157408
0.0170831
0.0178266
0.0187136
0.0197512
0.0206825
0.0016068
0.00595754
0.00755656
0.00715311
0.00685892
0.00623304
0.00558379
0.00598892
0.00688192
0.00833631
0.009174
0.0105835
0.0120247
0.0133744
0.0154305
0.0167583
0.0174381
0.0182519
0.0193688
0.0202173
0.0016866
0.00593765
0.00755237
0.00711381
0.00686248
0.00624138
0.00564926
0.00603367
0.00692957
0.00839239
0.00918787
0.0104936
0.0119123
0.0131992
0.0151281
0.0164245
0.0170685
0.0177806
0.018716
0.019703
0.00176882
0.00591573
0.00754796
0.00709333
0.00685939
0.00625621
0.00570836
0.00608184
0.00697386
0.00844763
0.00919576
0.0104004
0.011781
0.013
0.0148102
0.0160716
0.0166917
0.0173284
0.0182067
0.0192119
0.0018536
0.00589152
0.00754352
0.00707682
0.00685177
0.00627357
0.0057651
0.00612906
0.00701608
0.00850138
0.00920014
0.0102874
0.0116164
0.0127914
0.0144807
0.0157058
0.0162851
0.0168977
0.0178944
0.0187556
0.00194239
0.00586263
0.00753917
0.00705792
0.00684135
0.00628996
0.00582344
0.00617275
0.00705949
0.00854239
0.0092075
0.0101778
0.0114551
0.0125694
0.014169
0.0153373
0.0158922
0.016426
0.0171951
0.0182369
0.00203351
0.00583305
0.00753207
0.00704942
0.00682481
0.00631011
0.00587663
0.00622023
0.00709454
0.00857828
0.0092137
0.0100599
0.0112627
0.0123301
0.0138377
0.0149443
0.0154906
0.0159834
0.0166853
0.0177551
0.00212766
0.00580206
0.00752225
0.00704605
0.00680635
0.00632864
0.005929
0.00626792
0.0071234
0.00860474
0.00921255
0.0099435
0.011059
0.0120887
0.0134782
0.0145295
0.0150295
0.0155682
0.0164472
0.0173217
0.00222613
0.00576502
0.00750982
0.00704268
0.00678951
0.0063411
0.00598527
0.00631008
0.00715216
0.00861344
0.0092074
0.00981179
0.0108825
0.0118891
0.0131709
0.0141032
0.0145371
0.0150115
0.0157245
0.0168487
0.00232694
0.0057303
0.00749177
0.00704771
0.00677157
0.00635252
0.00603708
0.00635285
0.00717566
0.0086067
0.00919411
0.00969602
0.0106947
0.0116736
0.0128512
0.0136397
0.0140215
0.0144054
0.015117
0.016492
0.00243132
0.00569496
0.00746787
0.00705643
0.0067556
0.00636142
0.00608336
0.00639771
0.00719083
0.00858556
0.00917591
0.00958448
0.0104988
0.0114321
0.0124921
0.0132047
0.0135035
0.0138345
0.0146652
0.0161381
0.00253945
0.00565242
0.00743799
0.00706646
0.00674367
0.00636716
0.00612501
0.00643943
0.00720065
0.00855405
0.00914854
0.00947353
0.0102878
0.011161
0.0121442
0.0127972
0.0130009
0.0133435
0.014221
0.0156986
0.00265048
0.00561618
0.00740148
0.00707945
0.00673562
0.0063714
0.00616087
0.00647638
0.00720749
0.00851112
0.0091095
0.00936479
0.0100658
0.01088
0.0118
0.0123895
0.0125459
0.0128732
0.0137273
0.0152484
0.00276515
0.00558012
0.0073584
0.00709053
0.00673287
0.00637507
0.00619091
0.00650718
0.00720911
0.00845745
0.0090624
0.00924821
0.00984255
0.0105913
0.0114408
0.0120023
0.0121227
0.012386
0.0132272
0.0148251
0.00288303
0.00554468
0.00730914
0.00710017
0.00673455
0.00637827
0.00621572
0.00653091
0.00720538
0.00839599
0.00900225
0.00913314
0.00961535
0.0102942
0.0110814
0.0116177
0.0117067
0.0119166
0.0127545
0.014409
0.00300405
0.0055104
0.00725434
0.00710619
0.00673904
0.00638288
0.00623626
0.00654689
0.0071954
0.00832493
0.00893129
0.00900022
0.00938796
0.0099949
0.0107107
0.0112287
0.0113115
0.0114818
0.0122934
0.0139854
0.00312806
0.00547785
0.00719371
0.00710802
0.00674632
0.00638997
0.00625155
0.0065538
0.0071785
0.00824674
0.00884789
0.00888261
0.00915945
0.00968846
0.0103375
0.0108373
0.0109322
0.0110757
0.0118496
0.0135637
0.00325475
0.00544738
0.00712811
0.00710552
0.00675389
0.00639809
0.00626312
0.00655357
0.00715442
0.00816074
0.0087524
0.00876321
0.00893143
0.00937887
0.00996111
0.0104441
0.0105596
0.0106889
0.0114307
0.0131542
0.00338393
0.00541961
0.00705787
0.00709762
0.00675973
0.00640739
0.00627333
0.00654712
0.0071215
0.00806682
0.0086431
0.00864087
0.00870705
0.00906644
0.00958463
0.0100454
0.0101893
0.0103284
0.0110448
0.0127592
0.00351532
0.00539528
0.00698255
0.00708515
0.00676368
0.00641554
0.00628161
0.00653539
0.00708053
0.00796699
0.00852048
0.00851152
0.00849021
0.00875366
0.00920374
0.0096445
0.00982286
0.00998538
0.010685
0.0123815
0.00364781
0.00537498
0.00690309
0.00706814
0.00676496
0.00641928
0.00628744
0.00652043
0.00703254
0.00786212
0.00838502
0.00837276
0.00828017
0.00844213
0.00882179
0.00924205
0.00945635
0.00965396
0.0103529
0.0120262
0.0037814
0.00535915
0.00682103
0.0070453
0.0067624
0.00641852
0.00628919
0.00650297
0.00697874
0.00775275
0.00823861
0.00822064
0.00807677
0.00813767
0.00843913
0.00883651
0.00908879
0.00933174
0.0100413
0.0116912
0.00391608
0.00534837
0.00673746
0.00701541
0.00675676
0.00641302
0.00627968
0.00648281
0.00692088
0.00763911
0.0080846
0.00805471
0.00787717
0.00784593
0.00806
0.0084259
0.00871685
0.00901411
0.00974966
0.0113775
0.00404931
0.00534376
0.00665379
0.00697886
0.00674683
0.00639923
0.00626287
0.00646108
0.00685976
0.00752003
0.00792441
0.0078752
0.0076758
0.00756794
0.00768956
0.00801119
0.00833955
0.00869722
0.00946674
0.0110812
0.0041808
0.0053464
0.00656978
0.00693498
0.00673052
0.00637865
0.00623997
0.00643805
0.00679673
0.00739414
0.00776015
0.00768173
0.00746706
0.00730167
0.00733307
0.00759861
0.00795132
0.00837393
0.00919101
0.0107991
0.00431057
0.00535498
0.00648979
0.00688325
0.00670721
0.00635371
0.00621154
0.00641192
0.00673217
0.00726081
0.00759
0.00747803
0.00724537
0.00704274
0.00699586
0.00719152
0.00755348
0.00804157
0.00891208
0.0105251
0.00443712
0.00536962
0.00640921
0.00682196
0.00667876
0.00632703
0.00617642
0.00637878
0.0066648
0.00711849
0.00741458
0.00726903
0.00701384
0.00678756
0.00667644
0.00679921
0.00715177
0.00769269
0.0086218
0.0102567
0.00456016
0.0053901
0.0063301
0.0067529
0.00664701
0.00630007
0.00613296
0.00633409
0.00659433
0.00697021
0.00723457
0.00705939
0.0067725
0.00652875
0.00637255
0.00642609
0.00674902
0.00732738
0.00831704
0.0099877
0.00467937
0.00541492
0.00625315
0.00667825
0.00661208
0.00627185
0.00608081
0.00627585
0.00652119
0.0068192
0.00704857
0.00684923
0.00652303
0.00626318
0.00607899
0.00607256
0.00635321
0.00695121
0.00799469
0.00971228
0.00479409
0.00544356
0.00617982
0.00659849
0.00657227
0.00624174
0.0060217
0.00620369
0.00644377
0.00666699
0.00685449
0.00663975
0.00627142
0.00599038
0.0057886
0.00573721
0.00597119
0.00657065
0.00765601
0.00942656
0.00490395
0.00547534
0.00611097
0.00651404
0.00652604
0.00621017
0.00595877
0.00611721
0.00635841
0.00651492
0.00665257
0.00643009
0.0060214
0.00571115
0.00549562
0.00541568
0.00560572
0.00619263
0.00730703
0.00913057
0.00500856
0.00550954
0.00604728
0.00642579
0.00647277
0.00617673
0.00589403
0.00601675
0.00626121
0.00636361
0.00644417
0.00621795
0.00577567
0.00542899
0.00519832
0.00510256
0.0052567
0.00582338
0.00695514
0.00882703
0.0051076
0.00554554
0.00598916
0.00633466
0.0064119
0.00613997
0.00582876
0.00590434
0.00614976
0.00621251
0.00623131
0.00600188
0.00553495
0.00514811
0.00489636
0.00479085
0.00492135
0.00546756
0.00660792
0.00852047
0.00520083
0.00558254
0.00593696
0.00624179
0.00634275
0.00609788
0.00576425
0.00578358
0.00602224
0.00605969
0.00601631
0.00578011
0.00529729
0.00487156
0.00459262
0.00447735
0.00459599
0.00512643
0.0062703
0.00821499
0.00528815
0.00561969
0.00589073
0.00614831
0.00626523
0.00604903
0.00570062
0.00565775
0.00587808
0.00590243
0.00580071
0.00555173
0.00506164
0.00460043
0.00429058
0.00416216
0.00427591
0.00479763
0.00594445
0.0079141
0.00536938
0.00565629
0.00585039
0.00605524
0.00617983
0.00599203
0.0056366
0.00552988
0.00571883
0.005738
0.00558496
0.00531757
0.00482686
0.00433631
0.00399353
0.0038471
0.00395768
0.00447793
0.00562984
0.00761907
0.00544451
0.00569164
0.00581554
0.00596338
0.00608733
0.00592573
0.0055705
0.00540293
0.00554687
0.00556386
0.00536924
0.00507803
0.00459044
0.00407786
0.00370379
0.00353472
0.00364012
0.00416331
0.00532315
0.00732961
0.00551361
0.00572511
0.00578559
0.0058735
0.00598857
0.00584955
0.0055005
0.00527857
0.00536517
0.00537817
0.00515338
0.00483429
0.00435095
0.00382374
0.00342083
0.00322714
0.00332447
0.00385069
0.00502038
0.00704408
0.0055767
0.00575595
0.00575993
0.0057866
0.00588451
0.00576329
0.00542469
0.00515689
0.00517735
0.00518042
0.00493636
0.0045879
0.00410716
0.00357172
0.00314456
0.0029265
0.00301189
0.00353848
0.00471843
0.00676024
0.00563395
0.00578376
0.00573762
0.00570309
0.00577613
0.00566727
0.00534134
0.0050373
0.00498722
0.00497122
0.00471673
0.00433982
0.00385782
0.00332021
0.00287473
0.00263255
0.00270277
0.0032272
0.00441625
0.0064765
0.00568546
0.00580806
0.00571789
0.00562342
0.00566445
0.00556201
0.00524905
0.00491845
0.00479779
0.00475178
0.00449275
0.0040912
0.00360331
0.00306731
0.00260901
0.00234471
0.00239871
0.00291812
0.0041136
0.00619142
0.00573149
0.00582848
0.00569973
0.00554773
0.00555055
0.00544839
0.00514714
0.0047987
0.00461158
0.00452427
0.00426233
0.00384259
0.00334511
0.0028102
0.00234447
0.00206287
0.00210062
0.00261228
0.003811
0.00590435
0.00577206
0.00584492
0.00568226
0.00547589
0.00543555
0.00532744
0.0050353
0.00467569
0.00443001
0.00429214
0.00402387
0.00359346
0.00308495
0.00254793
0.00207899
0.00178546
0.0018081
0.00231039
0.00350917
0.00561539
0.0058074
0.00585717
0.00566444
0.00540773
0.00532075
0.00520046
0.00491396
0.00454715
0.00425229
0.00405917
0.00377757
0.00334177
0.00282362
0.00228229
0.00181088
0.00150958
0.00151985
0.0020128
0.00320965
0.00532567
0.00583778
0.00586532
0.00564546
0.00534262
0.005207
0.00506864
0.0047841
0.00441154
0.00407668
0.00382888
0.00352552
0.00308569
0.00256078
0.00201409
0.00153939
0.00123292
0.00123366
0.00171855
0.00291273
0.00503531
0.00586323
0.00586928
0.00562483
0.00528008
0.00509493
0.00493307
0.00464676
0.00426881
0.00390104
0.00360289
0.00327058
0.00282372
0.00229515
0.00174431
0.0012653
0.000954514
0.000947793
0.00142611
0.00261754
0.00474429
0.00588407
0.0058693
0.0056021
0.00521986
0.00498506
0.00479459
0.00450257
0.0041193
0.00372343
0.00338108
0.00301671
0.00255737
0.00202519
0.00147126
0.00098802
0.000673122
0.000660479
0.00113337
0.00232232
0.00445179
0.00589998
0.00586534
0.00557678
0.00516164
0.00487884
0.00465539
0.00435274
0.0039625
0.00354075
0.00315972
0.00276533
0.00229055
0.00175268
0.00119582
0.000708359
0.000388558
0.000370119
0.000837943
0.00202441
0.00415531
0.00591138
0.00585821
0.00554878
0.00510369
0.00477541
0.00451719
0.00420007
0.0038031
0.00335605
0.0029356
0.00251296
0.00202109
0.00147702
0.00091677
0.000425022
0.000100216
7.65096e-05
0.000539822
0.00172357
0.00385454
0.005916
0.00584811
0.00551969
0.00504735
0.00467436
0.00437752
0.0040407
0.00363986
0.00317432
0.00271648
0.00226339
0.00174906
0.00119334
0.000631456
0.000135376
-0.000195514
-0.00022431
0.000234902
0.00141537
0.00354478
0.0059182
0.00583472
0.00548821
0.00499306
0.00457992
0.00424232
0.00387509
0.00346237
0.00298671
0.00249913
0.00202154
0.00148803
0.000918598
0.000346027
-0.000158418
-0.000496922
-0.000532135
-7.76909e-05
0.00109952
0.00322585
0.0059159
0.00581904
0.00545591
0.00493917
0.0044889
0.00411405
0.00371289
0.00327827
0.0027879
0.00227028
0.00177173
0.00122594
0.000649313
6.44312e-05
-0.000454045
-0.000804956
-0.000850909
-0.000404424
0.000766446
0.00288859
0.00590574
0.00581057
0.00543101
0.0048944
0.00440623
0.00399118
0.00355501
0.00310112
0.00260229
0.0020472
0.00152376
0.000970888
0.000380339
-0.000214237
-0.000747659
-0.00111454
-0.00117705
-0.000745196
0.000416021
0.00253462
0.00589376
0.00574879
0.00537739
0.00484423
0.00432169
0.00386039
0.00338619
0.00291508
0.00242796
0.00184592
0.00125717
0.000698077
9.67326e-05
-0.000507577
-0.00104988
-0.00143181
-0.00151366
-0.00110277
3.92003e-05
0.00214218
0.00587597
0.0058226
0.00538347
0.00480458
0.00421656
0.00369612
0.00318353
0.00269274
0.00222867
0.00173802
0.00116151
0.000518787
-0.00011803
-0.000749634
-0.00131879
-0.00172479
-0.00183153
-0.00144609
-0.000330091
0.00174623
0.00579919
0.00565483
0.00539183
0.00488946
0.00425296
0.00359748
0.00301373
0.00245137
0.00188747
0.00130788
0.000758585
0.000180831
-0.00045177
-0.00108017
-0.00164242
-0.0020439
-0.00214462
-0.00175761
-0.000645952
0.00142177
0.00586049
0.00575801
0.00531283
0.00467363
0.0040073
0.00343317
0.00293144
0.00247552
0.00202681
0.00144443
0.000776315
9.80781e-05
-0.000588915
-0.00129567
-0.00197174
-0.00250049
-0.0027292
-0.00245964
-0.00144852
0.00053519
0.00579034
0.00569555
0.00524581
0.00472609
0.00410421
0.00335015
0.00262582
0.00196978
0.00140626
0.00090216
0.000371523
-0.000218432
-0.000803281
-0.00131175
-0.00173875
-0.00204967
-0.00215455
-0.00186237
-0.000920178
0.000938169
0.00589577
0.00567074
0.00521305
0.00455434
0.0038552
0.00329569
0.00279057
0.00235468
0.00181686
0.00126828
0.00050046
-0.00030401
-0.00117007
-0.0020885
-0.00298215
-0.00373946
-0.00419913
-0.004156
-0.0033491
-0.0015513
0.00611565
0.00554263
0.00500001
0.00432492
0.00368174
0.00296381
0.00232287
0.00175925
0.00121442
0.000560068
-3.74579e-05
-0.000570325
-0.000857983
-0.000805384
-0.000407741
0.000218457
0.000936659
0.00149409
0.0015388
0.000740569
0.00605956
0.00557456
0.00499232
0.00439087
0.00386821
0.00335993
0.00288134
0.00236733
0.00177687
0.00106903
0.000191461
-0.000856309
-0.00201541
-0.00321379
-0.00435423
-0.00538954
-0.00609842
-0.00631103
-0.00577405
-0.00424737
0.00622555
0.00552019
0.00488454
0.00424845
0.00372716
0.00309923
0.00239748
0.00156151
0.000808858
0.000254222
-0.000283583
-0.00092701
-0.00149487
-0.00183988
-0.00187671
-0.00156321
-0.00107935
-0.000678165
-0.000716637
-0.0015364
0.00620955
0.00549131
0.0048708
0.00431434
0.00396341
0.0036075
0.0032064
0.00268225
0.00202041
0.00109373
-0.00014411
-0.00173494
-0.00357302
-0.00547651
-0.00722435
-0.00862559
-0.00953905
-0.00977309
-0.0091065
-0.00735172
0.0468621
0.0213575
0.0103881
0.00831798
0.00767084
0.00657927
0.00577147
0.00557402
0.00527376
0.00466556
0.00407877
0.00363117
0.00323681
0.00277285
0.00232451
0.00200317
0.00168243
0.00129306
0.000926512
0.000617787
0.000274873
-7.4685e-05
-0.000375147
-0.000729525
-0.00125732
-0.00170295
-0.00203026
-0.00238402
-0.00273725
-0.00313212
-0.00365677
-0.00421101
-0.00465814
-0.00514339
-0.00568278
-0.00627643
-0.00682556
-0.00742252
-0.00802267
-0.00864925
-0.00932369
-0.009952
-0.0106932
-0.011336
-0.0121708
-0.0129585
-0.0138788
-0.0149494
-0.0159328
-0.0174549
0.0458857
0.0214054
0.0104386
0.00833861
0.00768136
0.00658624
0.00577659
0.00557811
0.0052771
0.00466818
0.00408083
0.00363284
0.00323822
0.00277404
0.0023255
0.00200401
0.0016832
0.00129378
0.000927172
0.000618406
0.000275459
-7.41487e-05
-0.000374655
-0.000729051
-0.00125687
-0.00170255
-0.00202989
-0.00238368
-0.00273694
-0.00313183
-0.0036565
-0.00421078
-0.00465793
-0.0051432
-0.0056826
-0.00627627
-0.00682541
-0.00742238
-0.00802253
-0.00864912
-0.00932357
-0.00995189
-0.0106931
-0.0113359
-0.0121707
-0.0129585
-0.0138787
-0.0149493
-0.0159328
-0.0174549
0.0450845
0.021511
0.0105158
0.00836483
0.0076934
0.00659309
0.00578129
0.00558203
0.00528035
0.00467065
0.00408273
0.00363439
0.00323953
0.00277513
0.00232638
0.00200477
0.00168389
0.0012944
0.000927743
0.000618949
0.000275975
-7.36793e-05
-0.000374217
-0.00072862
-0.00125649
-0.00170222
-0.00202957
-0.00238338
-0.00273667
-0.00313157
-0.00365626
-0.00421057
-0.00465774
-0.00514302
-0.00568243
-0.00627612
-0.00682527
-0.00742225
-0.00802241
-0.00864901
-0.00932346
-0.00995179
-0.010693
-0.0113358
-0.0121707
-0.0129584
-0.0138786
-0.0149493
-0.0159328
-0.0174548
0.0443677
0.0216392
0.0106209
0.00840363
0.007711
0.00660164
0.00578657
0.00558652
0.00528412
0.00467349
0.00408488
0.0036361
0.00324096
0.00277632
0.00232733
0.00200557
0.00168459
0.00129502
0.000928297
0.000619479
0.00027648
-7.3218e-05
-0.000373778
-0.000728182
-0.00125612
-0.0017019
-0.00202925
-0.00238308
-0.00273639
-0.0031313
-0.00365602
-0.00421037
-0.00465755
-0.00514284
-0.00568227
-0.00627597
-0.00682514
-0.00742213
-0.0080223
-0.0086489
-0.00932336
-0.0099517
-0.0106929
-0.0113358
-0.0121706
-0.0129583
-0.0138786
-0.0149492
-0.0159328
-0.0174548
0.0436443
0.0217676
0.0107462
0.00845548
0.00773626
0.00661345
0.00579327
0.00559213
0.00528892
0.00467722
0.00408772
0.0036383
0.00324274
0.00277779
0.00232851
0.00200654
0.00168538
0.00129567
0.000928875
0.000620024
0.000277001
-7.27329e-05
-0.000373308
-0.000727709
-0.00125573
-0.00170158
-0.00202891
-0.00238276
-0.0027361
-0.00313101
-0.00365577
-0.00421016
-0.00465735
-0.00514265
-0.0056821
-0.00627582
-0.00682499
-0.00742199
-0.00802217
-0.00864878
-0.00932325
-0.00995159
-0.0106928
-0.0113357
-0.0121705
-0.0129582
-0.0138785
-0.0149492
-0.0159328
-0.0174548
0.0429026
0.0218932
0.0108835
0.00851549
0.00776794
0.0066288
0.00580166
0.00559896
0.00529491
0.00468213
0.00409158
0.00364122
0.00324503
0.00277969
0.00233009
0.00200778
0.00168632
0.0012964
0.00092949
0.000620579
0.000277529
-7.22234e-05
-0.000372796
-0.000727192
-0.00125532
-0.00170126
-0.00202855
-0.00238243
-0.00273578
-0.0031307
-0.00365549
-0.00420994
-0.00465714
-0.00514244
-0.00568191
-0.00627566
-0.00682484
-0.00742185
-0.00802204
-0.00864866
-0.00932314
-0.00995149
-0.0106927
-0.0113356
-0.0121704
-0.0129582
-0.0138784
-0.0149491
-0.0159327
-0.0174548
0.0421495
0.0220157
0.0110273
0.00857886
0.00780328
0.00664693
0.00581156
0.00560685
0.005302
0.00468832
0.00409664
0.00364505
0.00324796
0.00278215
0.00233218
0.00200942
0.00168749
0.00129727
0.000930175
0.000621142
0.000278047
-7.16993e-05
-0.000372238
-0.000726616
-0.00125487
-0.00170092
-0.00202817
-0.00238207
-0.00273544
-0.00313035
-0.00365519
-0.0042097
-0.0046569
-0.0051422
-0.00568171
-0.00627549
-0.00682468
-0.0074217
-0.00802191
-0.00864853
-0.00932302
-0.00995138
-0.0106926
-0.0113355
-0.0121703
-0.0129581
-0.0138783
-0.014949
-0.0159327
-0.0174548
0.041391
0.0221329
0.011175
0.0086433
0.00784024
0.00666688
0.00582259
0.00561552
0.00530995
0.00469562
0.00410291
0.00364983
0.00325157
0.0027852
0.00233485
0.00201153
0.00168899
0.00129837
0.000930991
0.000621735
0.000278546
-7.11788e-05
-0.000371639
-0.000725961
-0.00125437
-0.00170055
-0.00202778
-0.00238171
-0.00273508
-0.00312998
-0.00365487
-0.00420943
-0.00465663
-0.00514194
-0.00568149
-0.0062753
-0.00682451
-0.00742154
-0.00802176
-0.00864839
-0.0093229
-0.00995126
-0.0106925
-0.0113354
-0.0121702
-0.012958
-0.0138782
-0.0149489
-0.0159327
-0.0174548
0.0406297
0.0222427
0.0113263
0.00870848
0.00787785
0.00668795
0.00583441
0.00562476
0.00531849
0.00470377
0.00411019
0.0036555
0.00325584
0.00278881
0.00233807
0.00201411
0.00169086
0.00129978
0.00093202
0.000622407
0.000279035
-7.06847e-05
-0.000371022
-0.000725219
-0.00125376
-0.00170011
-0.00202736
-0.00238134
-0.0027347
-0.00312958
-0.00365451
-0.00420913
-0.00465633
-0.00514165
-0.00568123
-0.00627508
-0.00682431
-0.00742136
-0.0080216
-0.00864824
-0.00932277
-0.00995113
-0.0106924
-0.0113352
-0.0121701
-0.0129578
-0.0138781
-0.0149487
-0.0159326
-0.0174547
0.0398668
0.0223441
0.0114816
0.00877466
0.00791566
0.0067097
0.00584677
0.00563446
0.00532749
0.00471249
0.0041182
0.00366187
0.00326065
0.00279289
0.00234174
0.00201708
0.00169308
0.00130154
0.000933342
0.000623229
0.000279554
-7.02293e-05
-0.000370434
-0.00072441
-0.00125301
-0.00169956
-0.0020269
-0.00238098
-0.00273433
-0.00312916
-0.00365411
-0.00420879
-0.00465599
-0.00514131
-0.00568094
-0.00627483
-0.00682408
-0.00742115
-0.00802142
-0.00864808
-0.00932263
-0.00995099
-0.0106922
-0.0113351
-0.01217
-0.0129577
-0.0138779
-0.0149485
-0.0159325
-0.0174547
0.0391035
0.0224369
0.0116418
0.00884198
0.00795323
0.00673176
0.00585951
0.00564455
0.00533686
0.0047216
0.00412671
0.00366876
0.00326587
0.0027973
0.00234573
0.00202032
0.00169555
0.00130364
0.000934998
0.000624266
0.000280164
-6.97978e-05
-0.000369929
-0.000723597
-0.00125212
-0.00169883
-0.00202634
-0.00238063
-0.00273399
-0.00312874
-0.00365369
-0.00420841
-0.00465561
-0.00514093
-0.0056806
-0.00627453
-0.00682381
-0.00742092
-0.00802122
-0.0086479
-0.00932247
-0.00995085
-0.0106921
-0.011335
-0.0121698
-0.0129576
-0.0138777
-0.0149483
-0.0159323
-0.0174547
0.038341
0.0225207
0.011807
0.00891034
0.00798995
0.00675371
0.00587237
0.00565491
0.00534652
0.00473095
0.0041355
0.00367598
0.0032714
0.00280196
0.00234992
0.0020237
0.00169817
0.001306
0.000936973
0.00062555
0.000280923
-6.93469e-05
-0.000369542
-0.000722867
-0.00125114
-0.00169787
-0.00202561
-0.00238027
-0.00273371
-0.00312835
-0.00365326
-0.004208
-0.00465518
-0.00514051
-0.0056802
-0.00627418
-0.0068235
-0.00742064
-0.00802098
-0.0086477
-0.0093223
-0.00995069
-0.010692
-0.0113348
-0.0121697
-0.0129574
-0.0138775
-0.014948
-0.0159321
-0.0174547
0.0375803
0.0225947
0.0119774
0.00897966
0.00802503
0.00677494
0.00588503
0.00566526
0.00535629
0.00474039
0.00414442
0.00368341
0.00327714
0.00280679
0.00235425
0.00202716
0.00170083
0.00130851
0.000939204
0.000627068
0.000281858
-6.88261e-05
-0.000369279
-0.00072231
-0.00125016
-0.00169668
-0.00202464
-0.00237985
-0.0027335
-0.00312804
-0.00365283
-0.00420754
-0.00465472
-0.00514005
-0.00567976
-0.00627376
-0.00682312
-0.00742031
-0.00802069
-0.00864745
-0.0093221
-0.00995052
-0.0106918
-0.0113346
-0.0121695
-0.0129572
-0.0138773
-0.0149476
-0.0159318
-0.0174546
0.0368222
0.0226581
0.0121527
0.00904989
0.00805768
0.00679477
0.00589709
0.00567522
0.00536587
0.00474976
0.00415334
0.00369096
0.00328304
0.00281175
0.0023587
0.00203069
0.00170349
0.00131105
0.000941602
0.000628776
0.000282956
-6.82053e-05
-0.000369119
-0.000721991
-0.00124929
-0.00169534
-0.00202337
-0.00237932
-0.00273337
-0.00312785
-0.00365246
-0.00420706
-0.00465423
-0.00513957
-0.00567928
-0.00627328
-0.00682268
-0.00741991
-0.00802035
-0.00864716
-0.00932187
-0.00995033
-0.0106916
-0.0113345
-0.0121693
-0.0129569
-0.013877
-0.0149471
-0.0159313
-0.0174545
0.0360677
0.0227101
0.0123329
0.00912102
0.00808721
0.00681271
0.00590832
0.00568443
0.00537492
0.00475885
0.00416214
0.00369854
0.00328906
0.00281685
0.00236327
0.00203432
0.00170617
0.00131358
0.000944078
0.000630616
0.000284181
-6.74883e-05
-0.000369037
-0.000721947
-0.00124861
-0.00169394
-0.00202182
-0.00237862
-0.0027333
-0.00312781
-0.00365217
-0.00420658
-0.00465369
-0.00513908
-0.00567878
-0.00627273
-0.00682216
-0.00741946
-0.00801995
-0.00864681
-0.00932159
-0.00995011
-0.0106914
-0.0113343
-0.0121691
-0.0129567
-0.0138767
-0.0149465
-0.0159308
-0.0174544
0.0353179
0.0227499
0.0125173
0.00919309
0.00811334
0.0068288
0.00591903
0.00569273
0.00538311
0.00476744
0.00417072
0.0037061
0.00329517
0.00282207
0.00236797
0.00203809
0.00170892
0.00131608
0.000946568
0.00063254
0.000285495
-6.67037e-05
-0.000369019
-0.000722195
-0.00124818
-0.00169262
-0.00202005
-0.00237774
-0.00273328
-0.00312795
-0.00365201
-0.00420611
-0.00465311
-0.00513858
-0.00567827
-0.00627215
-0.00682157
-0.00741894
-0.00801948
-0.00864639
-0.00932125
-0.00994986
-0.0106912
-0.0113341
-0.0121689
-0.0129564
-0.0138763
-0.0149457
-0.0159301
-0.0174542
0.0345737
0.0227765
0.0127056
0.00926627
0.00813628
0.00684395
0.0059303
0.00570041
0.0053902
0.00477533
0.00417899
0.00371357
0.00330135
0.00282746
0.00237282
0.00204203
0.00171179
0.00131859
0.00094904
0.000634516
0.000286875
-6.58819e-05
-0.00036906
-0.00072274
-0.00124799
-0.00169148
-0.00201818
-0.0023767
-0.00273331
-0.00312825
-0.003652
-0.00420568
-0.00465249
-0.00513807
-0.00567778
-0.00627153
-0.00682091
-0.00741835
-0.00801896
-0.0086459
-0.00932084
-0.00994955
-0.010691
-0.0113339
-0.0121687
-0.0129561
-0.0138758
-0.0149449
-0.0159292
-0.0174539
0.0338361
0.0227892
0.0128971
0.00934096
0.00815684
0.00685981
0.00594387
0.00570818
0.00539614
0.00478238
0.00418691
0.00372094
0.00330758
0.00283301
0.00237786
0.00204615
0.00171482
0.00132114
0.00095149
0.000636532
0.000288311
-6.50378e-05
-0.000369161
-0.000723566
-0.00124802
-0.00169054
-0.00201633
-0.00237555
-0.00273337
-0.00312873
-0.00365212
-0.00420532
-0.00465183
-0.00513753
-0.0056773
-0.00627091
-0.00682019
-0.00741771
-0.00801839
-0.00864535
-0.00932035
-0.00994919
-0.0106908
-0.0113337
-0.0121684
-0.0129557
-0.0138754
-0.0149439
-0.0159281
-0.0174536
0.0331063
0.022787
0.0130914
0.00941793
0.00817614
0.00687817
0.00596163
0.00571699
0.00540103
0.00478858
0.00419448
0.0037282
0.00331388
0.00283876
0.00238308
0.00205043
0.00171802
0.00132378
0.000953938
0.000638591
0.000289802
-6.41666e-05
-0.000369323
-0.000724628
-0.00124821
-0.0016898
-0.0020146
-0.00237433
-0.00273348
-0.00312936
-0.00365236
-0.00420501
-0.00465115
-0.00513696
-0.00567684
-0.00627029
-0.00681943
-0.00741701
-0.00801777
-0.00864475
-0.00931979
-0.00994877
-0.0106905
-0.0113335
-0.0121682
-0.0129554
-0.0138749
-0.0149429
-0.0159269
-0.0174532
0.0323848
0.0227692
0.0132877
0.00949819
0.00819505
0.00690012
0.00598481
0.00572763
0.00540512
0.00479399
0.00420177
0.0037354
0.00332024
0.00284471
0.00238851
0.00205487
0.00172138
0.00132653
0.000956413
0.000640703
0.000291349
-6.32499e-05
-0.000369539
-0.000725936
-0.00124851
-0.00168917
-0.00201303
-0.00237308
-0.00273361
-0.0031301
-0.00365269
-0.00420473
-0.00465047
-0.00513636
-0.00567637
-0.00626967
-0.00681863
-0.00741626
-0.00801712
-0.00864411
-0.00931917
-0.00994827
-0.0106902
-0.0113332
-0.012168
-0.012955
-0.0138743
-0.0149417
-0.0159256
-0.0174527
0.0316725
0.022735
0.0134854
0.00958286
0.00821459
0.00692575
0.00601352
0.0057405
0.00540873
0.00479881
0.00420889
0.00374262
0.00332672
0.00285086
0.00239414
0.00205943
0.00172486
0.0013294
0.000958945
0.00064288
0.000292953
-6.22618e-05
-0.000369789
-0.000727215
-0.0012488
-0.00168852
-0.00201163
-0.0023718
-0.00273375
-0.0031309
-0.00365304
-0.00420444
-0.00464982
-0.00513574
-0.0056759
-0.00626905
-0.00681782
-0.00741548
-0.00801645
-0.00864345
-0.00931849
-0.00994771
-0.0106898
-0.011333
-0.0121677
-0.0129547
-0.0138737
-0.0149405
-0.0159241
-0.0174522
0.0309703
0.0226836
0.0136838
0.00967297
0.00823488
0.00695415
0.00604684
0.00575554
0.00541215
0.00480326
0.00421597
0.00374991
0.00333334
0.00285722
0.00239999
0.00206412
0.00172847
0.00133237
0.000961554
0.000645131
0.000294614
-6.1178e-05
-0.000370036
-0.000728458
-0.00124898
-0.00168771
-0.00201034
-0.00237049
-0.00273387
-0.00313171
-0.00365337
-0.00420405
-0.00464921
-0.00513513
-0.00567541
-0.0062684
-0.00681699
-0.00741467
-0.00801575
-0.00864278
-0.00931778
-0.00994709
-0.0106894
-0.0113327
-0.0121674
-0.0129543
-0.0138731
-0.0149391
-0.0159224
-0.0174516
0.0302782
0.0226148
0.0138817
0.00976938
0.00825604
0.00698392
0.00608323
0.00577238
0.00541568
0.00480758
0.00422311
0.00375735
0.00334014
0.00286378
0.00240607
0.00206895
0.00173219
0.00133543
0.000964255
0.000647464
0.000296334
-5.9987e-05
-0.000370246
-0.000729589
-0.00124893
-0.00168658
-0.0020091
-0.00236913
-0.00273395
-0.00313249
-0.00365362
-0.00420352
-0.00464865
-0.00513455
-0.00567489
-0.0062677
-0.00681615
-0.00741385
-0.00801503
-0.00864209
-0.00931704
-0.00994642
-0.0106889
-0.0113325
-0.0121672
-0.0129539
-0.0138725
-0.0149378
-0.0159207
-0.0174509
0.0295964
0.0225281
0.014078
0.00987273
0.00827824
0.00701359
0.00612106
0.00579052
0.00541952
0.00481196
0.00423039
0.00376497
0.00334714
0.00287057
0.00241236
0.00207394
0.00173602
0.00133858
0.000967052
0.000649879
0.000298111
-5.8692e-05
-0.000370394
-0.000730555
-0.00124853
-0.00168503
-0.00200784
-0.00236772
-0.00273396
-0.00313323
-0.00365373
-0.00420277
-0.00464811
-0.00513404
-0.00567436
-0.00626693
-0.0068153
-0.00741303
-0.00801429
-0.00864137
-0.00931628
-0.00994572
-0.0106884
-0.0113322
-0.0121669
-0.0129534
-0.0138718
-0.0149363
-0.0159188
-0.0174501
0.0289264
0.0224232
0.0142712
0.00998345
0.00830172
0.00704199
0.00615893
0.00580951
0.0054238
0.00481653
0.00423785
0.00377281
0.00335436
0.00287757
0.00241888
0.00207911
0.00174
0.00134181
0.000969946
0.000652377
0.000299943
-5.73028e-05
-0.000370458
-0.000731341
-0.00124768
-0.00168298
-0.00200648
-0.00236628
-0.00273391
-0.00313392
-0.00365368
-0.00420176
-0.00464756
-0.0051336
-0.00567379
-0.00626609
-0.00681443
-0.00741221
-0.00801354
-0.00864064
-0.00931549
-0.009945
-0.0106879
-0.0113319
-0.0121666
-0.012953
-0.013871
-0.0149348
-0.0159168
-0.0174494
0.0282683
0.0223007
0.01446
0.0101018
0.00832686
0.00706833
0.00619575
0.00582898
0.00542863
0.00482137
0.00424551
0.00378086
0.0033618
0.0028848
0.00242563
0.00208446
0.0017441
0.00134512
0.000972937
0.000654958
0.000301828
-5.58331e-05
-0.000370422
-0.000731956
-0.00124635
-0.0016804
-0.002005
-0.00236483
-0.0027338
-0.00313458
-0.00365344
-0.00420047
-0.00464695
-0.00513323
-0.0056732
-0.00626515
-0.00681353
-0.0074114
-0.00801276
-0.00863987
-0.00931467
-0.00994425
-0.0106874
-0.0113316
-0.0121663
-0.0129525
-0.0138703
-0.0149332
-0.0159148
-0.0174486
0.0276209
0.0221603
0.0146427
0.0102277
0.00835415
0.00709219
0.00623071
0.00584863
0.00543404
0.00482651
0.00425337
0.00378915
0.00336946
0.00289226
0.00243259
0.00209002
0.00174836
0.00134852
0.00097602
0.000657618
0.000303765
-5.42973e-05
-0.000370286
-0.000732427
-0.00124454
-0.00167732
-0.00200337
-0.0023634
-0.00273365
-0.00313522
-0.00365302
-0.00419891
-0.00464626
-0.00513294
-0.00567257
-0.00626414
-0.0068126
-0.00741059
-0.00801196
-0.00863907
-0.00931382
-0.00994348
-0.0106868
-0.0113312
-0.012166
-0.012952
-0.0138695
-0.0149316
-0.0159127
-0.0174477
0.0269878
0.0220028
0.0148176
0.0103608
0.00838111
0.00711335
0.00626334
0.00586827
0.00544003
0.00483192
0.00426141
0.00379765
0.00337735
0.00289994
0.00243974
0.00209576
0.00175276
0.00135201
0.000979199
0.000660354
0.000305753
-5.27051e-05
-0.000370067
-0.00073279
-0.00124228
-0.00167382
-0.00200161
-0.00236201
-0.00273347
-0.00313587
-0.00365242
-0.00419712
-0.00464545
-0.00513269
-0.0056719
-0.00626305
-0.00681163
-0.00740977
-0.00801112
-0.00863823
-0.00931294
-0.00994269
-0.0106862
-0.0113309
-0.0121656
-0.0129515
-0.0138686
-0.01493
-0.0159104
-0.0174468
0.0263707
0.0218301
0.0149833
0.0105009
0.00841553
0.00713191
0.00629322
0.0058877
0.00544663
0.00483764
0.00426962
0.00380638
0.00338551
0.00290787
0.0024471
0.00210168
0.0017573
0.0013556
0.000982471
0.000663163
0.000307797
-5.10643e-05
-0.000369777
-0.000733074
-0.00123964
-0.00166995
-0.00199971
-0.00236066
-0.00273328
-0.00313653
-0.00365169
-0.00419512
-0.00464452
-0.00513248
-0.00567119
-0.0062619
-0.00681061
-0.00740892
-0.00801026
-0.00863736
-0.00931202
-0.00994187
-0.0106855
-0.0113305
-0.0121653
-0.0129509
-0.0138677
-0.0149282
-0.0159081
-0.0174459
0.025765
0.0216415
0.0151376
0.0106463
0.00845489
0.00714814
0.00632005
0.00590672
0.00545386
0.00484369
0.00427798
0.00381531
0.00339387
0.00291603
0.00245467
0.0021078
0.00176199
0.00135929
0.000985829
0.000666039
0.0003099
-4.93818e-05
-0.000369425
-0.000733297
-0.00123673
-0.00166579
-0.00199771
-0.00235936
-0.00273308
-0.0031372
-0.00365084
-0.00419295
-0.00464347
-0.00513228
-0.00567044
-0.0062607
-0.00680955
-0.00740805
-0.00800935
-0.00863645
-0.00931107
-0.00994102
-0.0106849
-0.0113301
-0.0121649
-0.0129504
-0.0138667
-0.0149264
-0.0159057
-0.0174449
0.0251748
0.0214393
0.0152793
0.0107958
0.0084998
0.00716232
0.00634354
0.00592508
0.00546165
0.00485005
0.00428647
0.00382444
0.00340246
0.00292438
0.0024624
0.00211409
0.00176682
0.0013631
0.000989285
0.000668987
0.000312062
-4.76611e-05
-0.000369017
-0.000733467
-0.0012336
-0.00166143
-0.00199563
-0.00235809
-0.00273288
-0.00313789
-0.00364989
-0.00419067
-0.00464231
-0.00513207
-0.00566964
-0.00625945
-0.00680843
-0.00740714
-0.0080084
-0.00863551
-0.00931008
-0.00994013
-0.0106842
-0.0113297
-0.0121645
-0.0129498
-0.0138657
-0.0149246
-0.0159032
-0.0174439
0.0246042
0.0212258
0.0154068
0.0109489
0.00855176
0.00717519
0.00636323
0.00594223
0.00546988
0.00485678
0.00429515
0.00383381
0.00341134
0.00293299
0.00247035
0.00212055
0.00177176
0.001367
0.000992838
0.000672014
0.000314287
-4.59035e-05
-0.000368563
-0.000733584
-0.00123029
-0.0016569
-0.00199346
-0.00235683
-0.00273268
-0.00313858
-0.00364887
-0.00418829
-0.00464107
-0.00513184
-0.0056688
-0.00625815
-0.00680727
-0.00740618
-0.0080074
-0.00863453
-0.00930905
-0.0099392
-0.0106835
-0.0113292
-0.0121641
-0.0129491
-0.0138647
-0.0149227
-0.0159007
-0.0174428
0.0240565
0.0210011
0.0155182
0.0111026
0.00861029
0.00718736
0.00637933
0.00595807
0.00547853
0.00486384
0.00430389
0.00384326
0.00342036
0.00294177
0.0024785
0.00212721
0.00177684
0.001371
0.000996472
0.000675107
0.000316571
-4.41093e-05
-0.000368071
-0.000733656
-0.00122685
-0.00165226
-0.00199122
-0.00235556
-0.00273248
-0.00313928
-0.00364781
-0.00418584
-0.00463976
-0.0051316
-0.00566792
-0.00625682
-0.00680606
-0.00740518
-0.00800637
-0.00863351
-0.00930798
-0.00993824
-0.0106827
-0.0113287
-0.0121636
-0.0129484
-0.0138635
-0.0149207
-0.015898
-0.0174417
0.023535
0.0207711
0.0156146
0.0112571
0.00867689
0.0071997
0.00639173
0.00597223
0.00548756
0.00487142
0.0043129
0.00385294
0.00342963
0.00295077
0.00248681
0.00213404
0.00178208
0.00137514
0.00100022
0.000678269
0.00031891
-4.2269e-05
-0.000367534
-0.000733667
-0.00122332
-0.00164751
-0.00198892
-0.00235426
-0.00273227
-0.00313997
-0.00364671
-0.00418334
-0.00463841
-0.00513133
-0.005667
-0.00625545
-0.00680481
-0.00740414
-0.00800529
-0.00863246
-0.00930688
-0.00993725
-0.0106819
-0.0113282
-0.0121631
-0.0129477
-0.0138623
-0.0149187
-0.0158952
-0.0174405
0.0230232
0.0205316
0.0156929
0.0114095
0.00875075
0.00721251
0.0063998
0.00598384
0.00549669
0.0048796
0.00432225
0.0038629
0.00343918
0.00296
0.00249536
0.00214105
0.00178743
0.00137938
0.00100408
0.000681524
0.00032132
-4.03821e-05
-0.000366959
-0.000733613
-0.0012197
-0.00164268
-0.00198654
-0.00235292
-0.00273204
-0.00314064
-0.00364559
-0.0041808
-0.00463701
-0.00513103
-0.00566604
-0.00625404
-0.00680351
-0.00740306
-0.00800417
-0.00863137
-0.00930574
-0.00993622
-0.0106811
-0.0113276
-0.0121626
-0.012947
-0.0138611
-0.0149166
-0.0158923
-0.0174393
0.0225242
0.0202845
0.0157516
0.0115564
0.00883052
0.00722645
0.00640418
0.00599266
0.00550533
0.00488787
0.0043315
0.00387274
0.00344871
0.00296929
0.00250404
0.00214822
0.00179289
0.0013837
0.00100801
0.000684827
0.000323774
-3.84647e-05
-0.000366364
-0.000733515
-0.00121603
-0.00163779
-0.0019841
-0.00235152
-0.0027318
-0.0031413
-0.00364445
-0.00417823
-0.00463559
-0.0051307
-0.00566504
-0.00625259
-0.00680216
-0.00740193
-0.00800301
-0.00863024
-0.00930456
-0.00993515
-0.0106803
-0.0113271
-0.0121621
-0.0129462
-0.0138597
-0.0149144
-0.0158893
-0.017438
0.0220589
0.0200432
0.0157968
0.0116998
0.00891875
0.00724368
0.00640562
0.0059986
0.00551368
0.00489684
0.00434132
0.00388293
0.00345854
0.00297886
0.00251293
0.00215558
0.00179851
0.00138816
0.00101205
0.00068821
0.000326285
-3.64858e-05
-0.000365697
-0.000733332
-0.0012123
-0.00163284
-0.00198159
-0.00235007
-0.00273154
-0.00314194
-0.0036433
-0.00417562
-0.00463414
-0.00513033
-0.00566401
-0.00625109
-0.00680076
-0.00740075
-0.0080018
-0.00862907
-0.00930333
-0.00993405
-0.0106794
-0.0113265
-0.0121615
-0.0129454
-0.0138583
-0.0149122
-0.0158861
-0.0174366
0.0215993
0.0197964
0.0158238
0.0118344
0.00901081
0.00726367
0.00640356
0.00600099
0.0055214
0.00490655
0.00435177
0.00389349
0.00346862
0.00298864
0.00252207
0.00216319
0.00180429
0.00139275
0.00101625
0.000691719
0.000328882
-3.44464e-05
-0.00036498
-0.00073307
-0.00120851
-0.00162781
-0.00197899
-0.00234856
-0.00273125
-0.00314256
-0.00364212
-0.00417299
-0.00463265
-0.00512992
-0.00566293
-0.00624955
-0.00679931
-0.00739954
-0.00800055
-0.00862786
-0.00930207
-0.00993292
-0.0106785
-0.0113258
-0.0121609
-0.0129446
-0.0138569
-0.0149099
-0.0158829
-0.0174351
0.0211454
0.0195453
0.0158303
0.0119565
0.00910496
0.00728774
0.0063991
0.0059993
0.00552704
0.00491571
0.00436194
0.00390375
0.00347851
0.00299831
0.00253121
0.00217086
0.00181013
0.00139737
0.00102047
0.000695232
0.000331484
-3.24119e-05
-0.000364273
-0.000732776
-0.00120471
-0.00162275
-0.00197632
-0.00234697
-0.00273093
-0.00314315
-0.00364093
-0.00417034
-0.00463114
-0.00512948
-0.00566181
-0.00624796
-0.00679781
-0.00739827
-0.00799925
-0.0086266
-0.00930076
-0.00993174
-0.0106776
-0.0113252
-0.0121603
-0.0129437
-0.0138553
-0.0149076
-0.0158795
-0.0174336
0.0207353
0.0193113
0.0158285
0.0120716
0.00920439
0.00731839
0.00639381
0.00599417
0.00553121
0.00492537
0.00437305
0.00391467
0.00348886
0.00300837
0.00254064
0.00217877
0.00181613
0.00140209
0.00102478
0.000698829
0.000334164
-3.03013e-05
-0.000363476
-0.000732372
-0.00120084
-0.00161764
-0.00197358
-0.00234534
-0.00273058
-0.0031437
-0.00363971
-0.00416765
-0.0046296
-0.00512898
-0.00566065
-0.00624633
-0.00679626
-0.00739696
-0.00799791
-0.0086253
-0.0092994
-0.00993053
-0.0106766
-0.0113245
-0.0121596
-0.0129428
-0.0138536
-0.0149052
-0.0158761
-0.017432
0.020324
0.0190736
0.0158106
0.012172
0.00930128
0.00735295
0.00638705
0.00598527
0.00553367
0.00493547
0.00438501
0.00392617
0.00349953
0.00301863
0.00255033
0.00218696
0.00182235
0.00140704
0.00102932
0.000702612
0.000336958
-2.81082e-05
-0.000362607
-0.000731841
-0.00119693
-0.00161246
-0.00197073
-0.00234363
-0.0027302
-0.00314421
-0.00363847
-0.00416493
-0.00462801
-0.00512844
-0.00565943
-0.00624464
-0.00679465
-0.0073956
-0.00799651
-0.00862395
-0.009298
-0.00992927
-0.0106756
-0.0113238
-0.0121589
-0.0129418
-0.0138519
-0.0149027
-0.0158725
-0.0174302
0.0199102
0.0188326
0.0157724
0.0122527
0.00939387
0.00739227
0.00637996
0.00597177
0.00553215
0.00494368
0.00439622
0.00393718
0.00350972
0.00302847
0.00255977
0.00219506
0.00182854
0.00141195
0.00103381
0.000706318
0.000339679
-2.59606e-05
-0.000361756
-0.000731363
-0.00119305
-0.00160728
-0.00196781
-0.00234186
-0.00272976
-0.00314468
-0.0036372
-0.00416218
-0.00462639
-0.00512784
-0.00565818
-0.00624291
-0.00679299
-0.0073942
-0.00799507
-0.00862255
-0.00929655
-0.00992798
-0.0106746
-0.011323
-0.0121582
-0.0129408
-0.01385
-0.0149001
-0.0158688
-0.0174284
0.0195605
0.0186213
0.0157338
0.0123277
0.00948958
0.00744033
0.00637513
0.00595545
0.00552803
0.00495151
0.00440843
0.0039493
0.00352076
0.00303894
0.00256965
0.00220347
0.00183491
0.0014169
0.00103834
0.00071011
0.000342503
-2.37075e-05
-0.000360769
-0.000730699
-0.00118909
-0.00160206
-0.00196483
-0.00234004
-0.00272929
-0.0031451
-0.00363589
-0.0041594
-0.00462472
-0.00512719
-0.00565686
-0.00624112
-0.00679128
-0.00739274
-0.00799358
-0.0086211
-0.00929505
-0.00992664
-0.0106736
-0.0113223
-0.0121574
-0.0129398
-0.0138481
-0.0148975
-0.015865
-0.0174265
0.0192142
0.0184063
0.0156781
0.0123824
0.00957555
0.00749089
0.00637151
0.00593657
0.00552153
0.00495884
0.00442134
0.00396227
0.0035323
0.00304957
0.00257967
0.00221213
0.00184156
0.0014222
0.00104321
0.000714158
0.000345461
-2.13813e-05
-0.000359717
-0.000729957
-0.0011851
-0.00159675
-0.00196171
-0.00233815
-0.00272877
-0.00314547
-0.00363454
-0.00415658
-0.004623
-0.00512648
-0.00565549
-0.00623928
-0.0067895
-0.00739122
-0.00799203
-0.0086196
-0.00929349
-0.00992526
-0.0106724
-0.0113214
-0.0121566
-0.0129387
-0.0138461
-0.0148948
-0.015861
-0.0174245
0.018855
0.0181838
0.0156036
0.0124157
0.0096518
0.0075436
0.00636938
0.00591387
0.00550984
0.00496255
0.0044326
0.00397463
0.00354333
0.00305963
0.00258929
0.00222061
0.00184815
0.00142737
0.0010479
0.000718013
0.000348276
-1.91447e-05
-0.000358691
-0.000729221
-0.00118115
-0.00159147
-0.00195856
-0.00233622
-0.00272819
-0.00314578
-0.00363317
-0.00415374
-0.00462124
-0.00512572
-0.00565407
-0.00623739
-0.00678767
-0.00738965
-0.00799042
-0.00861805
-0.00929189
-0.00992383
-0.0106713
-0.0113206
-0.0121557
-0.0129375
-0.0138439
-0.0148921
-0.015857
-0.0174223
0.0185858
0.0179958
0.0155348
0.012446
0.00972694
0.00760195
0.00637122
0.00588981
0.00549517
0.00496444
0.00444388
0.00398803
0.00355558
0.00307055
0.00259933
0.00222935
0.00185482
0.00143253
0.00105263
0.000721988
0.000351238
-1.67846e-05
-0.000357517
-0.000728319
-0.00117714
-0.00158615
-0.00195531
-0.00233421
-0.00272755
-0.00314602
-0.00363174
-0.00415085
-0.00461941
-0.00512488
-0.00565258
-0.00623544
-0.00678577
-0.00738803
-0.00798876
-0.00861644
-0.00929023
-0.00992236
-0.0106701
-0.0113197
-0.0121548
-0.0129363
-0.0138416
-0.0148893
-0.0158528
-0.0174201
0.0183706
0.0178127
0.0154513
0.0124553
0.00978724
0.00765907
0.00637654
0.00586586
0.00547847
0.00496453
0.00445468
0.00400213
0.00356862
0.00308168
0.00260932
0.00223814
0.00186177
0.00143809
0.00105773
0.000726208
0.000354296
-1.43831e-05
-0.000356265
-0.000727321
-0.0011731
-0.00158076
-0.00195194
-0.00233214
-0.00272686
-0.0031462
-0.00363027
-0.00414794
-0.00461753
-0.00512398
-0.00565103
-0.00623344
-0.00678381
-0.00738634
-0.00798703
-0.00861478
-0.00928852
-0.00992083
-0.0106689
-0.0113188
-0.0121539
-0.0129351
-0.0138393
-0.0148864
-0.0158486
-0.0174177
0.0181117
0.0176197
0.0153585
0.0124502
0.009837
0.00771466
0.0063847
0.00584088
0.0054577
0.00496057
0.00446292
0.00401539
0.00358167
0.00309279
0.00261919
0.00224695
0.00186877
0.00144354
0.00106262
0.000730224
0.000357219
-1.20318e-05
-0.000354978
-0.00072629
-0.00116911
-0.00157544
-0.00194855
-0.00233002
-0.00272611
-0.00314631
-0.00362877
-0.00414499
-0.00461561
-0.00512301
-0.00564942
-0.00623138
-0.00678178
-0.00738459
-0.00798525
-0.00861305
-0.00928675
-0.00991926
-0.0106676
-0.0113178
-0.0121529
-0.0129338
-0.0138367
-0.0148834
-0.0158442
-0.0174151
0.0178196
0.0174347
0.0152695
0.0124403
0.00987854
0.00776742
0.00639442
0.00581519
0.00543424
0.00495372
0.0044691
0.00402829
0.00359558
0.00310479
0.00262933
0.00225567
0.00187557
0.0014488
0.00106749
0.000734361
0.000360255
-9.61881e-06
-0.000353618
-0.000725168
-0.00116509
-0.00157004
-0.00194502
-0.0023278
-0.00272528
-0.00314633
-0.00362721
-0.00414201
-0.00461361
-0.00512196
-0.00564774
-0.00622926
-0.00677968
-0.00738278
-0.0079834
-0.00861127
-0.00928492
-0.00991763
-0.0106663
-0.0113168
-0.0121518
-0.0129324
-0.0138341
-0.0148803
-0.0158397
-0.0174125
0.0175391
0.0172568
0.0151763
0.0124171
0.00990531
0.00781365
0.00640621
0.0057909
0.00540971
0.00494466
0.0044733
0.00404072
0.00361014
0.00311725
0.00263937
0.00226422
0.00188249
0.0014544
0.00107269
0.000738666
0.000363305
-7.19707e-06
-0.000352145
-0.000723875
-0.00116099
-0.00156461
-0.00194141
-0.00232553
-0.00272438
-0.00314627
-0.0036256
-0.00413901
-0.00461156
-0.00512084
-0.00564599
-0.00622709
-0.00677752
-0.00738091
-0.00798148
-0.00860942
-0.00928303
-0.00991595
-0.0106649
-0.0113157
-0.0121507
-0.012931
-0.0138314
-0.0148772
-0.0158351
-0.0174096
0.0172579
0.0170738
0.0150772
0.0123858
0.00992245
0.00785607
0.00642068
0.0057678
0.00538349
0.00493281
0.00447475
0.00405159
0.00362467
0.00313029
0.0026499
0.0022732
0.00188972
0.00146
0.00107772
0.000742844
0.00036637
-4.6984e-06
-0.000350587
-0.000722545
-0.00115699
-0.00155926
-0.00193775
-0.00232318
-0.0027234
-0.00314612
-0.00362394
-0.00413597
-0.00460945
-0.00511963
-0.00564417
-0.00622485
-0.00677528
-0.00737896
-0.0079795
-0.00860751
-0.00928109
-0.00991421
-0.0106635
-0.0113146
-0.0121495
-0.0129295
-0.0138285
-0.014874
-0.0158304
-0.0174066
0.0169669
0.016887
0.0149754
0.0123492
0.00993063
0.00789208
0.00643453
0.0057447
0.00535555
0.00491848
0.00447354
0.0040608
0.00363938
0.00314434
0.002661
0.00228205
0.00189653
0.00146526
0.00108266
0.000747157
0.000369502
-2.29568e-06
-0.000349088
-0.000721156
-0.00115293
-0.00155383
-0.00193395
-0.00232074
-0.00272235
-0.00314587
-0.00362223
-0.00413289
-0.00460727
-0.00511834
-0.00564227
-0.00622255
-0.00677297
-0.00737695
-0.00797744
-0.00860554
-0.00927908
-0.00991242
-0.010662
-0.0113135
-0.0121483
-0.0129279
-0.0138255
-0.0148707
-0.0158256
-0.0174035
0.0166655
0.016698
0.0148724
0.0123071
0.0099282
0.00791983
0.0064475
0.00572242
0.00532656
0.00490206
0.00446985
0.00406821
0.00365385
0.00315885
0.00267205
0.00229057
0.00190328
0.00147069
0.00108774
0.000751439
0.000372501
8.80755e-08
-0.000347382
-0.000719527
-0.00114883
-0.00154842
-0.00193009
-0.00231821
-0.00272118
-0.00314551
-0.00362045
-0.00412979
-0.00460503
-0.00511697
-0.0056403
-0.00622018
-0.00677057
-0.00737486
-0.00797531
-0.00860349
-0.009277
-0.00991057
-0.0106604
-0.0113123
-0.0121469
-0.0129263
-0.0138223
-0.0148674
-0.0158206
-0.0174001
0.016358
0.0165081
0.0147649
0.0122571
0.00991585
0.00794002
0.00645939
0.00570058
0.00529632
0.00488371
0.00446367
0.00407312
0.00366708
0.0031734
0.00268368
0.00229977
0.00191047
0.00147606
0.00109251
0.000755615
0.000375646
2.6463e-06
-0.000345584
-0.000717885
-0.0011448
-0.00154304
-0.00192613
-0.00231559
-0.00271994
-0.00314506
-0.00361863
-0.00412665
-0.00460271
-0.00511549
-0.00563825
-0.00621775
-0.0067681
-0.0073727
-0.00797311
-0.00860138
-0.00927486
-0.00990865
-0.0106589
-0.011311
-0.0121456
-0.0129246
-0.0138191
-0.0148639
-0.0158156
-0.0173966
0.0160428
0.0163131
0.0146518
0.0122009
0.00989575
0.0079526
0.006469
0.00567871
0.00526507
0.00486375
0.00445494
0.00407514
0.00367908
0.0031887
0.00269637
0.00230921
0.00191729
0.00148106
0.00109727
0.000760018
0.000378863
5.04407e-06
-0.000343863
-0.000716131
-0.00114071
-0.00153765
-0.0019221
-0.0023129
-0.0027186
-0.00314449
-0.00361673
-0.00412348
-0.00460033
-0.00511391
-0.0056361
-0.00621524
-0.00676554
-0.00737046
-0.00797083
-0.0085992
-0.00927265
-0.00990668
-0.0106572
-0.0113097
-0.0121441
-0.0129228
-0.0138157
-0.0148603
-0.0158105
-0.0173929
0.0157181
0.0161118
0.0145346
0.0121397
0.00986769
0.00795672
0.00647577
0.00565674
0.00523257
0.00484168
0.00444376
0.0040749
0.00369024
0.00320423
0.00270919
0.00231848
0.0019242
0.00148624
0.00110193
0.000764123
0.000381847
7.43126e-06
-0.000341955
-0.000714216
-0.00113664
-0.0015323
-0.00191799
-0.00231007
-0.00271711
-0.00314378
-0.00361476
-0.00412027
-0.00459787
-0.00511225
-0.00563387
-0.00621267
-0.00676291
-0.00736815
-0.00796846
-0.00859694
-0.00927038
-0.00990463
-0.0106555
-0.0113084
-0.0121426
-0.012921
-0.0138121
-0.0148567
-0.0158053
-0.017389
0.0153847
0.0159041
0.0144149
0.0120729
0.00983103
0.00795226
0.00647903
0.00563377
0.0051985
0.00481836
0.0044314
0.00407255
0.00369913
0.00321854
0.0027221
0.00232858
0.00193168
0.00149126
0.00110612
0.00076809
0.000384998
9.91325e-06
-0.000340046
-0.000712267
-0.00113256
-0.00152692
-0.00191375
-0.00230715
-0.00271554
-0.00314297
-0.00361273
-0.00411703
-0.00459534
-0.00511049
-0.00563155
-0.00621
-0.00676018
-0.00736575
-0.00796602
-0.0085946
-0.00926803
-0.00990252
-0.0106537
-0.0113069
-0.012141
-0.012919
-0.0138085
-0.014853
-0.0158
-0.017385
0.0150458
0.0156893
0.014292
0.0120007
0.0097866
0.00793938
0.00647831
0.00561002
0.00516363
0.004794
0.00441673
0.00406656
0.00370537
0.00323258
0.00273595
0.00233923
0.00193897
0.00149594
0.00111028
0.000772204
0.000388122
1.22394e-05
-0.000338092
-0.000710109
-0.00112842
-0.00152158
-0.00190947
-0.00230415
-0.00271388
-0.00314203
-0.00361062
-0.00411374
-0.00459272
-0.00510861
-0.00562913
-0.00620727
-0.00675735
-0.00736327
-0.00796349
-0.00859219
-0.00926561
-0.00990034
-0.0106519
-0.0113054
-0.0121393
-0.012917
-0.0138046
-0.0148491
-0.0157946
-0.0173807
0.0147049
0.0154663
0.0141656
0.0119241
0.00973441
0.00791767
0.00647352
0.00558554
0.00512711
0.00476723
0.00439957
0.00405832
0.00371028
0.00324593
0.00274931
0.00234982
0.00194673
0.001501
0.00111423
0.000775847
0.000390981
1.45547e-05
-0.000336029
-0.000707869
-0.00112434
-0.00151632
-0.00190514
-0.00230102
-0.00271205
-0.00314095
-0.00360842
-0.0041104
-0.00459002
-0.00510662
-0.00562662
-0.00620446
-0.00675444
-0.00736071
-0.00796087
-0.0085897
-0.00926312
-0.00989808
-0.01065
-0.0113039
-0.0121375
-0.0129148
-0.0138007
-0.0148452
-0.0157891
-0.0173762
0.0143647
0.0152344
0.0140358
0.0118436
0.00967479
0.00788726
0.00646453
0.00555973
0.00508805
0.00473843
0.00438128
0.00404827
0.00371269
0.00325723
0.00276209
0.00236117
0.00195524
0.00150587
0.00111757
0.000779303
0.00039401
1.68819e-05
-0.00033404
-0.000705568
-0.00112021
-0.00151104
-0.00190069
-0.00229776
-0.00271007
-0.00313972
-0.00360615
-0.00410702
-0.00458724
-0.00510453
-0.00562401
-0.00620156
-0.00675144
-0.00735805
-0.00795816
-0.00858712
-0.00926056
-0.00989575
-0.010648
-0.0113022
-0.0121357
-0.0129126
-0.0137966
-0.0148411
-0.0157836
-0.0173715
0.014032
0.014995
0.0139007
0.0117593
0.00960859
0.00784782
0.00645024
0.00553203
0.00504667
0.0047082
0.00436166
0.00403528
0.00371235
0.00326731
0.00277465
0.00237277
0.00196399
0.00151076
0.00112091
0.000782739
0.000396833
1.89729e-05
-0.000332042
-0.000703091
-0.00111602
-0.00150576
-0.00189617
-0.00229442
-0.002708
-0.00313834
-0.00360379
-0.00410361
-0.00458437
-0.0051023
-0.00562127
-0.00619857
-0.00674832
-0.00735531
-0.00795536
-0.00858445
-0.00925792
-0.00989334
-0.0106459
-0.0113005
-0.0121338
-0.0129103
-0.0137925
-0.014837
-0.0157779
-0.0173666
0.0137095
0.0147479
0.0137586
0.0116724
0.00953739
0.00779866
0.00642952
0.00550296
0.00500349
0.00467594
0.00434005
0.0040195
0.00370997
0.00327622
0.00278588
0.00238391
0.00197343
0.00151618
0.00112393
0.000785596
0.000399385
2.10544e-05
-0.000329966
-0.000700525
-0.00111183
-0.00150056
-0.00189162
-0.00229094
-0.00270578
-0.00313684
-0.00360132
-0.00410012
-0.0045814
-0.00509996
-0.00561843
-0.00619549
-0.00674511
-0.00735247
-0.00795247
-0.0085817
-0.0092552
-0.00989083
-0.0106438
-0.0112987
-0.0121317
-0.0129078
-0.0137881
-0.0148327
-0.0157721
-0.0173615
0.0134023
0.0144957
0.0136091
0.0115836
0.00946126
0.00773871
0.00640201
0.00547337
0.0049579
0.00464031
0.00431667
0.00400162
0.00370533
0.0032833
0.00279553
0.00239472
0.00198363
0.00152184
0.00112648
0.000788252
0.000402012
2.30244e-05
-0.00032801
-0.000697894
-0.00110763
-0.00149536
-0.00188696
-0.00228733
-0.00270341
-0.00313519
-0.00359875
-0.00409654
-0.00457833
-0.00509752
-0.00561549
-0.00619231
-0.0067418
-0.00734953
-0.00794948
-0.00857887
-0.00925242
-0.00988824
-0.0106416
-0.0112968
-0.0121297
-0.0129052
-0.0137837
-0.0148283
-0.0157662
-0.0173561
0.0131138
0.0142411
0.01345
0.0114903
0.00938043
0.00766903
0.00636752
0.00544268
0.00490923
0.00460136
0.00429238
0.00398146
0.00369769
0.00328872
0.00280389
0.00240495
0.00199431
0.00152794
0.00112895
0.000790666
0.000404375
2.47255e-05
-0.000326141
-0.000695153
-0.00110335
-0.0014902
-0.00188227
-0.00228359
-0.00270086
-0.00313336
-0.00359611
-0.00409295
-0.00457515
-0.00509492
-0.00561244
-0.00618904
-0.00673838
-0.00734648
-0.00794638
-0.00857593
-0.00924955
-0.00988557
-0.0106394
-0.0112948
-0.0121275
-0.0129026
-0.0137791
-0.0148238
-0.0157602
-0.0173506
0.0128435
0.0139868
0.0132793
0.011391
0.00929808
0.00759153
0.00632358
0.00540954
0.00485833
0.00455926
0.00426677
0.00395864
0.00368719
0.00329318
0.00281087
0.00241354
0.00200516
0.00153477
0.00113119
0.000792563
0.00040658
2.64045e-05
-0.000324334
-0.00069242
-0.00109907
-0.00148505
-0.00187751
-0.00227968
-0.00269815
-0.00313141
-0.00359335
-0.00408929
-0.00457188
-0.00509217
-0.00560923
-0.00618567
-0.00673485
-0.00734333
-0.00794318
-0.00857289
-0.00924661
-0.00988279
-0.0106371
-0.0112927
-0.0121252
-0.0128997
-0.0137744
-0.0148192
-0.0157541
-0.0173448
0.0125909
0.0137362
0.0130964
0.0112847
0.009215
0.00750581
0.00626775
0.0053745
0.00480703
0.00451316
0.00423932
0.00393382
0.00367355
0.00329605
0.00281612
0.00242018
0.00201622
0.00154264
0.00113327
0.000793999
0.000408666
2.78741e-05
-0.000322686
-0.000689622
-0.00109478
-0.00147991
-0.00187265
-0.00227568
-0.00269532
-0.00312928
-0.00359046
-0.00408553
-0.00456851
-0.00508931
-0.00560589
-0.00618215
-0.00673123
-0.00734008
-0.00793989
-0.00856976
-0.00924358
-0.00987991
-0.0106347
-0.0112906
-0.0121228
-0.0128968
-0.0137696
-0.0148144
-0.0157479
-0.0173388
0.0123517
0.0134917
0.0129023
0.0111686
0.00913031
0.00741373
0.00620079
0.00533744
0.00475492
0.00446152
0.00420948
0.00390739
0.00365624
0.00329718
0.00282048
0.00242516
0.00202678
0.00155114
0.00113546
0.000794985
0.000410465
2.91692e-05
-0.000321158
-0.000686743
-0.00109041
-0.00147484
-0.00186779
-0.00227151
-0.00269229
-0.00312698
-0.00358743
-0.00408168
-0.00456501
-0.00508633
-0.00560247
-0.00617853
-0.00672745
-0.00733672
-0.00793651
-0.00856652
-0.00924046
-0.00987692
-0.0106322
-0.0112882
-0.0121203
-0.0128937
-0.0137647
-0.0148096
-0.0157416
-0.0173326
0.0121207
0.0132555
0.0126993
0.01104
0.00904301
0.00731853
0.00612178
0.0052946
0.00470193
0.00440513
0.00417751
0.00388016
0.0036354
0.00329646
0.00282401
0.00242764
0.00203609
0.00156052
0.00113806
0.000795498
0.000412024
3.04292e-05
-0.000319839
-0.000684009
-0.001086
-0.00146975
-0.00186289
-0.00226719
-0.00268905
-0.00312455
-0.00358434
-0.00407777
-0.00456139
-0.00508317
-0.0055989
-0.00617484
-0.00672357
-0.00733319
-0.00793299
-0.0085632
-0.00923729
-0.00987383
-0.0106297
-0.0112858
-0.0121177
-0.0128906
-0.0137596
-0.0148046
-0.0157352
-0.0173263
0.0118927
0.013028
0.0124891
0.0108968
0.00895158
0.00722222
0.00603014
0.0052444
0.00465072
0.00434514
0.00414189
0.00385161
0.00361061
0.00329338
0.00282692
0.00242781
0.00204402
0.00157072
0.00114094
0.000795444
0.000413361
3.15621e-05
-0.000318705
-0.000681326
-0.00108167
-0.00146466
-0.00185783
-0.00226275
-0.00268574
-0.00312195
-0.00358108
-0.00407376
-0.00455763
-0.00507984
-0.00559515
-0.006171
-0.00671963
-0.00732958
-0.00792934
-0.00855974
-0.00923404
-0.00987065
-0.010627
-0.0112833
-0.012115
-0.0128872
-0.0137544
-0.0147995
-0.0157286
-0.0173196
0.0116629
0.012807
0.0122746
0.0107388
0.00885393
0.00712673
0.00592829
0.00518517
0.0046003
0.00428079
0.00410106
0.00382249
0.00358273
0.00328728
0.0028295
0.00242625
0.00204959
0.0015809
0.00114466
0.000795056
0.00041418
3.27342e-05
-0.000317649
-0.000678828
-0.00107736
-0.00145963
-0.00185276
-0.00225807
-0.0026822
-0.0031192
-0.00357764
-0.00406965
-0.00455379
-0.00507639
-0.00559128
-0.00616697
-0.00671552
-0.00732589
-0.00792565
-0.00855615
-0.00923064
-0.00986732
-0.0106243
-0.0112807
-0.0121122
-0.0128838
-0.0137491
-0.0147943
-0.015722
-0.0173128
0.0114278
0.0125907
0.0120598
0.0105678
0.00874654
0.00703258
0.00581809
0.00511311
0.00454918
0.00421403
0.00405548
0.00379331
0.00355184
0.00327699
0.00283152
0.0024232
0.00205271
0.00159103
0.00114918
0.00079431
0.00041434
3.38477e-05
-0.000316485
-0.000676407
-0.00107313
-0.00145464
-0.00184773
-0.00225323
-0.00267835
-0.00311627
-0.0035742
-0.00406546
-0.00454979
-0.00507278
-0.00558727
-0.00616286
-0.00671126
-0.00732198
-0.00792183
-0.00855254
-0.00922721
-0.00986384
-0.0106215
-0.011278
-0.0121093
-0.0128802
-0.0137437
-0.014789
-0.0157152
-0.0173058
0.0111872
0.012377
0.011847
0.0103851
0.00862559
0.00693848
0.00570262
0.00502762
0.00449721
0.00414687
0.00400375
0.00376234
0.00351839
0.00326285
0.00283303
0.00241891
0.00205304
0.00160037
0.00115439
0.000793617
0.000414035
3.46774e-05
-0.000315326
-0.000673933
-0.00106904
-0.00144974
-0.00184258
-0.00224835
-0.00267449
-0.00311309
-0.00357046
-0.0040612
-0.00454567
-0.00506897
-0.0055831
-0.00615861
-0.00670695
-0.00731796
-0.00791781
-0.00854874
-0.00922374
-0.00986033
-0.0106186
-0.0112751
-0.0121063
-0.0128765
-0.0137381
-0.0147835
-0.0157083
-0.0172986
0.0109417
0.012163
0.0116362
0.0101932
0.00848966
0.00684293
0.00558605
0.00492907
0.00444127
0.00407923
0.00394528
0.00372955
0.00348403
0.00324432
0.0028332
0.00241387
0.00205036
0.00160821
0.00116049
0.000793308
0.000413002
3.52297e-05
-0.000314172
-0.000671684
-0.00106495
-0.00144478
-0.0018375
-0.00224335
-0.00267042
-0.00310981
-0.00356653
-0.00405669
-0.00454142
-0.00506505
-0.00557879
-0.00615419
-0.00670246
-0.00731384
-0.00791376
-0.0085448
-0.00922005
-0.00985667
-0.0106157
-0.0112721
-0.0121031
-0.0128727
-0.0137325
-0.014778
-0.0157013
-0.0172912
0.0106931
0.0119468
0.0114271
0.00999617
0.00833872
0.00674323
0.00547031
0.00481681
0.00437823
0.00401251
0.00388129
0.00369441
0.00344886
0.00322071
0.0028313
0.0024087
0.00204525
0.00161418
0.00116672
0.000793314
0.000411476
3.53289e-05
-0.000312755
-0.00066939
-0.00106124
-0.00143983
-0.00183219
-0.00223821
-0.0026662
-0.00310638
-0.00356259
-0.0040521
-0.00453689
-0.00506092
-0.00557434
-0.00614966
-0.00669786
-0.00730953
-0.00790957
-0.00854083
-0.00921633
-0.00985278
-0.0106127
-0.011269
-0.0120999
-0.0128687
-0.0137266
-0.0147723
-0.0156942
-0.0172836
0.0104434
0.0117279
0.0112188
0.00979639
0.00817293
0.00663492
0.00535659
0.00469307
0.00430621
0.00394801
0.00381266
0.00365439
0.00341261
0.00319323
0.0028274
0.00240321
0.00203744
0.00161763
0.00117284
0.000794056
0.00040989
3.48845e-05
-0.000311411
-0.000666826
-0.00105776
-0.00143526
-0.00182676
-0.00223277
-0.00266183
-0.00310275
-0.00355845
-0.00404758
-0.00453233
-0.00505646
-0.00556959
-0.00614495
-0.0066932
-0.00730513
-0.00790523
-0.00853667
-0.00921257
-0.0098489
-0.0106095
-0.0112657
-0.0120965
-0.0128647
-0.0137208
-0.0147665
-0.015687
-0.0172758
0.0101936
0.011506
0.011009
0.00959583
0.00799394
0.00651369
0.00524612
0.00456222
0.00422205
0.00388379
0.00374091
0.00360945
0.00337576
0.00316178
0.00282021
0.00239768
0.00202765
0.00161831
0.00117836
0.000795482
0.000408277
3.38855e-05
-0.000310079
-0.000664146
-0.00105431
-0.00143082
-0.00182162
-0.00222735
-0.00265709
-0.00309881
-0.00355409
-0.00404279
-0.0045277
-0.00505209
-0.00556475
-0.00613996
-0.00668825
-0.00730054
-0.00790085
-0.00853244
-0.00920861
-0.00984485
-0.0106063
-0.0112624
-0.0120929
-0.0128605
-0.0137147
-0.0147606
-0.0156797
-0.0172678
0.00994367
0.0112816
0.0107956
0.0093946
0.00780512
0.0063775
0.00513746
0.00442729
0.00412419
0.00381731
0.00366681
0.00356043
0.00333899
0.00312633
0.0028086
0.00239213
0.00201673
0.00161618
0.00118243
0.000796937
0.000406852
3.24773e-05
-0.000308742
-0.00066089
-0.00105102
-0.0014267
-0.00181635
-0.00222205
-0.00265258
-0.00309459
-0.00354931
-0.00403775
-0.00452273
-0.00504749
-0.00555993
-0.00613502
-0.00668321
-0.00729569
-0.0078962
-0.00852807
-0.00920464
-0.00984064
-0.0106029
-0.0112589
-0.0120893
-0.0128562
-0.0137085
-0.0147546
-0.0156723
-0.0172597
0.00969211
0.0110553
0.0105775
0.00919103
0.0076103
0.00622579
0.00502615
0.00429095
0.0040139
0.00374799
0.00359102
0.00350503
0.00330135
0.00308925
0.00279328
0.00238536
0.00200406
0.00161121
0.00118506
0.000798667
0.000405948
3.05771e-05
-0.00030816
-0.000657284
-0.00104718
-0.00142284
-0.0018112
-0.00221634
-0.00264794
-0.00309065
-0.00354461
-0.00403254
-0.00451744
-0.00504236
-0.00555465
-0.00612997
-0.0066783
-0.0072909
-0.0078915
-0.00852344
-0.00920043
-0.00983637
-0.0105995
-0.0112553
-0.0120855
-0.0128518
-0.0137023
-0.0147484
-0.0156647
-0.0172514
0.0094373
0.0108271
0.0103547
0.0089835
0.00741178
0.00605812
0.00490826
0.00415599
0.00389223
0.00367433
0.00351569
0.00344323
0.00326085
0.00305014
0.00277387
0.0023778
0.00199053
0.00160317
0.0011858
0.000800509
0.00040568
2.85887e-05
-0.000308066
-0.000653824
-0.00104331
-0.00141894
-0.00180616
-0.00221069
-0.00264285
-0.00308614
-0.00353989
-0.00402754
-0.00451222
-0.00503723
-0.0055491
-0.00612435
-0.00667289
-0.00728592
-0.00788688
-0.008519
-0.00919618
-0.00983182
-0.0105959
-0.0112516
-0.0120815
-0.0128473
-0.013696
-0.0147422
-0.0156571
-0.0172429
0.00917782
0.010596
0.010128
0.00876978
0.00720964
0.00587631
0.00478079
0.00402378
0.0037605
0.00359282
0.00344145
0.00337804
0.003218
0.00300783
0.00274881
0.00236922
0.00197747
0.00159263
0.00118374
0.000801484
0.000406019
2.70824e-05
-0.000308394
-0.000650148
-0.00103896
-0.00141554
-0.00180151
-0.00220501
-0.00263791
-0.00308137
-0.00353435
-0.00402204
-0.00450692
-0.00503213
-0.00554371
-0.00611891
-0.00666731
-0.00728042
-0.00788177
-0.00851426
-0.00919201
-0.00982743
-0.0105922
-0.0112477
-0.0120774
-0.0128427
-0.0136895
-0.0147358
-0.0156495
-0.0172343
0.00891262
0.0103598
0.00989834
0.00854887
0.00700364
0.00568401
0.00464013
0.00389328
0.00362196
0.00350117
0.00336694
0.0033094
0.00317328
0.00296533
0.00271856
0.00235726
0.00196389
0.0015803
0.00117943
0.000801676
0.000406957
2.59633e-05
-0.000309366
-0.000646878
-0.00103388
-0.00141185
-0.00179746
-0.00219938
-0.00263255
-0.00307682
-0.00352918
-0.00401615
-0.00450085
-0.00502643
-0.00553794
-0.00611344
-0.00666207
-0.00727517
-0.00787666
-0.00850916
-0.00918727
-0.0098227
-0.0105886
-0.0112439
-0.0120732
-0.012838
-0.013683
-0.0147293
-0.0156417
-0.0172256
0.00864091
0.0101159
0.00966488
0.00832061
0.00679361
0.005484
0.00448366
0.00376221
0.00348049
0.00339966
0.00329175
0.00323761
0.0031251
0.00292306
0.00268397
0.00234115
0.0019489
0.0015653
0.00117299
0.000801973
0.000408929
2.57002e-05
-0.000310449
-0.000644217
-0.00102898
-0.001408
-0.00179356
-0.0021942
-0.00262718
-0.00307157
-0.00352359
-0.00401053
-0.00449501
-0.00502054
-0.00553172
-0.0061074
-0.00665625
-0.00726969
-0.00787172
-0.00850441
-0.00918276
-0.00981775
-0.0105845
-0.0112398
-0.0120688
-0.0128333
-0.0136765
-0.0147228
-0.0156339
-0.0172167
0.00836362
0.00986237
0.00942542
0.00808471
0.00657677
0.00527784
0.00431167
0.00362768
0.00333891
0.00328851
0.00321526
0.00316485
0.00307306
0.00288043
0.00264583
0.00232183
0.00193381
0.00154762
0.00116131
0.000799553
0.000411977
2.74886e-05
-0.000310808
-0.000641464
-0.00102318
-0.00140377
-0.00179043
-0.00218946
-0.00262182
-0.00306662
-0.00351781
-0.00400414
-0.0044888
-0.00501474
-0.00552558
-0.00610141
-0.00665032
-0.00726372
-0.00786625
-0.00849921
-0.00917814
-0.00981308
-0.0105806
-0.0112355
-0.0120642
-0.0128284
-0.0136698
-0.0147161
-0.0156262
-0.0172077
0.00808092
0.00959803
0.00917767
0.00784103
0.00635032
0.00506626
0.00412729
0.00348659
0.00319874
0.00316914
0.00313501
0.00309069
0.00301569
0.00283706
0.00260482
0.00229845
0.00192025
0.00153145
0.00114754
0.000793696
0.000412796
2.84538e-05
-0.000311455
-0.00063887
-0.00101698
-0.0013982
-0.00178655
-0.00218489
-0.00261604
-0.00306109
-0.00351246
-0.00399824
-0.00448225
-0.00500835
-0.00551913
-0.00609529
-0.00664438
-0.00725788
-0.00786084
-0.00849385
-0.0091731
-0.00980791
-0.0105766
-0.0112314
-0.0120597
-0.0128235
-0.013663
-0.0147093
-0.0156182
-0.0171987
0.00779124
0.00932189
0.00891861
0.0075882
0.00611277
0.00484829
0.00393262
0.0033367
0.00306124
0.00304529
0.00305046
0.00301726
0.00295423
0.00279132
0.00255987
0.00226688
0.00190288
0.00151566
0.00113473
0.000790227
0.000416463
3.03808e-05
-0.000313422
-0.000638423
-0.00101254
-0.00139344
-0.0017828
-0.00218045
-0.00261019
-0.00305471
-0.00350576
-0.00399155
-0.00447579
-0.00500211
-0.00551254
-0.00608907
-0.0066383
-0.00725179
-0.00785538
-0.00848847
-0.00916817
-0.00980274
-0.0105722
-0.0112269
-0.0120549
-0.0128186
-0.0136564
-0.0147025
-0.0156104
-0.0171896
0.00749362
0.00903365
0.00864611
0.00732507
0.00586373
0.00462152
0.00372875
0.00317682
0.00292538
0.00291967
0.00296141
0.00294555
0.00289035
0.00274422
0.00251467
0.00222961
0.00188122
0.0014971
0.00111624
0.000782307
0.000421813
3.71227e-05
-0.000311668
-0.000636216
-0.00100782
-0.00138911
-0.00178009
-0.00217759
-0.0026052
-0.00304869
-0.00349942
-0.00398433
-0.00446807
-0.00499497
-0.00550556
-0.0060826
-0.0066321
-0.0072457
-0.0078499
-0.00848305
-0.00916311
-0.00979763
-0.0105679
-0.0112225
-0.0120498
-0.0128133
-0.0136494
-0.0146955
-0.0156024
-0.0171806
0.00718363
0.00873021
0.00835686
0.00704856
0.00560207
0.00438412
0.00351743
0.00300766
0.00279011
0.00279701
0.00286946
0.0028746
0.00282356
0.00269226
0.00246852
0.00218819
0.00185714
0.00148141
0.00109861
0.000771113
0.00042294
4.08088e-05
-0.000311021
-0.000632917
-0.00100143
-0.00138307
-0.00177529
-0.0021738
-0.00260052
-0.00304265
-0.00349313
-0.0039782
-0.00446146
-0.00498796
-0.00549821
-0.0060758
-0.00662546
-0.00723917
-0.00784418
-0.00847742
-0.00915801
-0.00979248
-0.0105636
-0.0112181
-0.012045
-0.0128084
-0.0136426
-0.0146883
-0.0155941
-0.0171704
0.00686012
0.00840904
0.00804766
0.00675503
0.00532603
0.00413499
0.00329894
0.00282922
0.00265263
0.00267773
0.00277404
0.00280447
0.00275841
0.00263689
0.00242143
0.00214252
0.00182566
0.00146441
0.0010829
0.00076135
0.000427514
4.74995e-05
-0.000311456
-0.000632859
-0.000997791
-0.00137856
-0.00177055
-0.00216893
-0.00259432
-0.00303509
-0.00348512
-0.00397014
-0.00445383
-0.00498106
-0.00549136
-0.00606938
-0.00661924
-0.00723292
-0.00783865
-0.00847183
-0.00915293
-0.00978748
-0.0105593
-0.0112138
-0.0120402
-0.0128037
-0.0136365
-0.0146821
-0.0155872
-0.017163
0.00651725
0.00806392
0.00771238
0.00643868
0.00503397
0.00387555
0.00307744
0.00264857
0.00251484
0.00256263
0.00267512
0.00272897
0.00269104
0.00257618
0.00237254
0.00209665
0.00179137
0.00144737
0.00106751
0.0007476
0.000428694
5.571e-05
-0.000308566
-0.00063057
-0.00099419
-0.00137597
-0.00176771
-0.00216601
-0.00259004
-0.00302821
-0.00347683
-0.00396154
-0.00444451
-0.00497139
-0.00548166
-0.00606055
-0.00661071
-0.00722479
-0.00783148
-0.00846467
-0.00914631
-0.00978089
-0.0105535
-0.0112082
-0.012034
-0.0127975
-0.0136284
-0.0146736
-0.0155776
-0.0171509
0.00615396
0.0076924
0.00734794
0.00609397
0.00471979
0.00360248
0.00285427
0.00247367
0.00238325
0.00245784
0.00258158
0.00265114
0.00262153
0.00250886
0.00231633
0.0020478
0.00175286
0.00143056
0.00105911
0.000738371
0.000430304
6.31805e-05
-0.00030741
-0.000629943
-0.000990647
-0.00137256
-0.00176414
-0.00216275
-0.0025871
-0.00302438
-0.00347187
-0.00395664
-0.00444049
-0.00496757
-0.00547748
-0.00605648
-0.00660669
-0.00722058
-0.00782787
-0.0084608
-0.00914293
-0.00977758
-0.0105507
-0.0112053
-0.0120307
-0.0127943
-0.013624
-0.0146687
-0.0155721
-0.0171451
0.00574329
0.00727123
0.00693279
0.00570519
0.00437461
0.0033109
0.00262349
0.00230056
0.00225619
0.0023607
0.00249425
0.00257359
0.00255334
0.0024417
0.00225886
0.00200093
0.00171439
0.00141296
0.00105453
0.000732557
0.00043498
7.82922e-05
-0.000298121
-0.000624794
-0.000984082
-0.00136576
-0.00175625
-0.00215398
-0.0025772
-0.00301271
-0.00345849
-0.00394277
-0.00442655
-0.00495405
-0.00546427
-0.00604435
-0.00659514
-0.00720983
-0.00781829
-0.00845121
-0.00913408
-0.0097691
-0.010543
-0.0111981
-0.012023
-0.0127867
-0.0136147
-0.0146591
-0.0155617
-0.0171319
0.00530467
0.00679436
0.00644959
0.0052553
0.00398678
0.00299497
0.00238136
0.00212724
0.00212867
0.00225569
0.00239256
0.00247162
0.00245886
0.00235046
0.00217794
0.0019377
0.00166339
0.0013842
0.00104365
0.000718051
0.000424308
7.79067e-05
-0.000301309
-0.000630548
-0.000987296
-0.00136869
-0.00175903
-0.0021556
-0.00257867
-0.0030136
-0.00345706
-0.0039405
-0.0044251
-0.00495224
-0.00546159
-0.00604142
-0.00659235
-0.00720693
-0.0078159
-0.00844843
-0.0091319
-0.00976697
-0.0105413
-0.0111962
-0.0120206
-0.0127844
-0.0136112
-0.0146546
-0.0155566
-0.0171265
0.00493799
0.00635049
0.00598585
0.00483524
0.00365188
0.00275553
0.00223155
0.00205055
0.00208476
0.00221348
0.00233883
0.00240444
0.00239272
0.00228836
0.00212227
0.00190169
0.00163978
0.00137754
0.00105734
0.000729506
0.000435378
9.87606e-05
-0.000284394
-0.000621104
-0.000976551
-0.00135623
-0.00174653
-0.00214195
-0.00256396
-0.00299968
-0.00344216
-0.00392431
-0.00440966
-0.00493839
-0.00544823
-0.00602868
-0.0065804
-0.00719597
-0.00780603
-0.00843847
-0.0091227
-0.00975828
-0.0105331
-0.0111889
-0.0120128
-0.012777
-0.0136024
-0.0146459
-0.0155471
-0.0171143
0.00394338
0.00535583
0.00509482
0.00411395
0.00312074
0.00239766
0.00201395
0.00192329
0.00198724
0.00210838
0.00222
0.00227338
0.00226787
0.00218012
0.00203026
0.00183694
0.00159361
0.00134551
0.00104604
0.000717649
0.000419182
9.40067e-05
-0.000286231
-0.000627886
-0.00098213
-0.0013597
-0.00175041
-0.00214365
-0.00256329
-0.0029992
-0.00343945
-0.00391927
-0.00440495
-0.00493363
-0.00544221
-0.00602225
-0.00657473
-0.00719075
-0.00780142
-0.00843372
-0.00911902
-0.00975494
-0.0105301
-0.0111858
-0.0120093
-0.0127736
-0.0135976
-0.0146398
-0.0155403
-0.0171062
0.00394565
0.00486669
0.00445
0.00356559
0.00276644
0.0022236
0.00196003
0.00190944
0.0019594
0.00204655
0.00213239
0.00217138
0.00216841
0.00210075
0.00196893
0.00180203
0.00157874
0.001339
0.00105796
0.000733156
0.000424986
0.000104535
-0.000273997
-0.000623117
-0.000976165
-0.00134926
-0.00174151
-0.0021344
-0.00255142
-0.00298976
-0.00343084
-0.00390783
-0.00439403
-0.00492569
-0.00543472
-0.0060139
-0.00656708
-0.00718395
-0.0077951
-0.00842678
-0.00911254
-0.0097488
-0.0105245
-0.0111811
-0.0120045
-0.012769
-0.0135926
-0.0146342
-0.0155349
-0.0171002
0.00159159
0.00307379
0.00326339
0.00293454
0.00254539
0.00224526
0.00204865
0.00195064
0.00193099
0.00196288
0.0020198
0.00205266
0.00205959
0.00201763
0.00190947
0.0017676
0.00156529
0.00132974
0.00106015
0.000742149
0.000425286
0.000110023
-0.000260409
-0.000615728
-0.000971219
-0.00134094
-0.00173437
-0.00212633
-0.00253897
-0.00297796
-0.00341875
-0.00389275
-0.00437839
-0.00491126
-0.0054194
-0.00599827
-0.0065532
-0.0071715
-0.00778381
-0.00841587
-0.00910333
-0.00974054
-0.0105167
-0.011174
-0.011997
-0.0127621
-0.0135839
-0.0146247
-0.0155237
-0.0170849
-0.000391899
0.000134319
0.00103059
0.00176533
0.00216342
0.00223013
0.00211514
0.00197361
0.00187829
0.00184399
0.00186437
0.00189496
0.00191731
0.00190609
0.00182924
0.00171494
0.00153737
0.00130864
0.00104919
0.000740985
0.000414756
9.82481e-05
-0.000264968
-0.000623956
-0.000979074
-0.00134191
-0.00173634
-0.00212911
-0.00253796
-0.00297881
-0.00342217
-0.00389269
-0.00437743
-0.00491333
-0.00542175
-0.00599841
-0.00655367
-0.00717242
-0.00778451
-0.00841588
-0.00910359
-0.00974081
-0.0105169
-0.0111746
-0.0119972
-0.0127622
-0.0135839
-0.0146237
-0.0155229
-0.017085
-0.0015071
0.000386425
0.0014074
0.00191103
0.0021422
0.00220194
0.00214237
0.0020254
0.00191762
0.00184472
0.00182451
0.0018396
0.00186173
0.00186578
0.00181149
0.0017146
0.00155499
0.00133039
0.00107193
0.000771563
0.000437177
0.000117589
-0.000236906
-0.000600984
-0.000961363
-0.00132129
-0.00171699
-0.00211109
-0.00251561
-0.00295618
-0.00340097
-0.00386913
-0.00435212
-0.00488983
-0.00539818
-0.00597466
-0.00653237
-0.00715315
-0.00776702
-0.00839907
-0.00908885
-0.00972732
-0.0105041
-0.0111632
-0.0119859
-0.0127518
-0.0135719
-0.014611
-0.0155082
-0.0170648
-0.00261113
-0.00171552
-0.000412714
0.000751336
0.00155665
0.00196216
0.00205836
0.00198649
0.00187267
0.00177406
0.00172785
0.00173542
0.00175889
0.00177233
0.00173789
0.00165712
0.00151677
0.00130445
0.00105071
0.000761562
0.000424951
9.95801e-05
-0.000247222
-0.000611525
-0.000974154
-0.00132797
-0.00172329
-0.00211941
-0.00252083
-0.00296123
-0.00340925
-0.0038755
-0.00435632
-0.00489627
-0.00540547
-0.00597958
-0.00653714
-0.00715838
-0.00777187
-0.00840323
-0.00909313
-0.00973155
-0.0105082
-0.0111675
-0.0119899
-0.0127555
-0.0135758
-0.0146134
-0.015511
-0.0170688
-0.00405955
-0.00151708
7.83355e-05
0.00106272
0.00164355
0.00193983
0.00202956
0.00198143
0.00188216
0.00178691
0.00173498
0.00173862
0.00176108
0.0017726
0.00174155
0.00166452
0.00152837
0.00132225
0.00106815
0.00078337
0.000450124
0.00012172
-0.00022097
-0.000583986
-0.000951483
-0.00130567
-0.0017
-0.00209806
-0.00249815
-0.00293637
-0.00338463
-0.00385119
-0.00433018
-0.00486977
-0.00537961
-0.00595441
-0.00651387
-0.00713671
-0.00775273
-0.00838479
-0.00907684
-0.00971679
-0.0104943
-0.0111553
-0.0119782
-0.0127448
-0.013564
-0.0146006
-0.0154955
-0.0170469
)
;

boundaryField
{
    zeroGradientPlanes
    {
        type            zeroGradient;
    }
    inlet
    {
        type            zeroGradient;
    }
    plate
    {
        type            zeroGradient;
    }
    frontAndBack
    {
        type            empty;
    }
}


// ************************************************************************* //
