/*--------------------------------*- C++ -*----------------------------------*\
| =========                 |                                                 |
| \\      /  F ield         | OpenFOAM: The Open Source CFD Toolbox           |
|  \\    /   O peration     | Version:  v2012                                 |
|   \\  /    A nd           | Website:  www.openfoam.com                      |
|    \\/     M anipulation  |                                                 |
\*---------------------------------------------------------------------------*/
FoamFile
{
    version     2.0;
    format      ascii;
    class       volScalarField;
    location    "9.3";
    object      p;
}
// * * * * * * * * * * * * * * * * * * * * * * * * * * * * * * * * * * * * * //

dimensions      [0 2 -2 0 0 0 0];


internalField   nonuniform List<scalar> 
7000
(
-5.72235e-10
-0.000643059
-0.000148464
0.000269459
-0.00349624
0.00715125
0.00622278
0.0085084
0.00905116
0.0107032
0.0101898
0.01244
0.0112699
0.0130476
0.0124426
0.0148081
0.0150881
0.0169162
0.0179826
0.0206565
1.57665e-06
-0.000627026
-0.000156721
0.000238535
-0.00348092
0.00715033
0.00621901
0.0085117
0.0090394
0.0107
0.0102028
0.0124353
0.0112813
0.0130367
0.0124596
0.0147934
0.0150932
0.0168974
0.0179871
0.0205327
4.6632e-06
-0.000609493
-0.000179848
0.000214007
-0.00346149
0.00713821
0.00621911
0.00851032
0.00902443
0.0107045
0.0102182
0.0124258
0.0112981
0.0130108
0.0124911
0.0147602
0.0151093
0.0168582
0.0179924
0.0203398
8.5689e-06
-0.000595495
-0.000205181
0.000217697
-0.00343055
0.00711455
0.00622737
0.00849946
0.00900829
0.010716
0.0102321
0.012413
0.0113185
0.0129741
0.0125276
0.0147174
0.0151284
0.0168094
0.0179875
0.0201298
1.34084e-05
-0.000585359
-0.000225122
0.000249725
-0.00338312
0.00707958
0.00624551
0.00847851
0.00899
0.0107323
0.0102461
0.0123971
0.0113426
0.0129292
0.012569
0.0146684
0.0151478
0.016755
0.017969
0.0199284
1.9406e-05
-0.00057913
-0.000237495
0.000306949
-0.00331525
0.00703593
0.00627416
0.00844914
0.00897002
0.0107517
0.0102618
0.0123779
0.0113702
0.0128796
0.0126152
0.0146157
0.0151678
0.0166963
0.0179377
0.0197417
2.6539e-05
-0.000576385
-0.000240959
0.000385349
-0.00322749
0.00698666
0.00631247
0.00841428
0.00894955
0.0107721
0.0102802
0.0123557
0.0114014
0.0128279
0.012666
0.014561
0.0151886
0.0166338
0.0178948
0.0195664
3.45463e-05
-0.000575669
-0.000234096
0.000479395
-0.00312364
0.00693422
0.00635866
0.00837699
0.00892926
0.0107918
0.0103018
0.0123304
0.0114361
0.0127753
0.0127212
0.0145055
0.0152093
0.0165685
0.0178408
0.019398
4.30825e-05
-0.000574591
-0.000216507
0.000583259
-0.0030094
0.00688001
0.00641078
0.00833946
0.00890921
0.0108096
0.0103263
0.012302
0.0114745
0.0127223
0.0127811
0.0144501
0.0152284
0.0165022
0.0177759
0.0192344
5.18735e-05
-0.000570405
-0.000188997
0.000691909
-0.00289057
0.00682461
0.00646737
0.00830293
0.00888944
0.0108245
0.0103525
0.01227
0.0115162
0.012669
0.0128456
0.0143955
0.0152451
0.0164371
0.0177006
0.0190747
6.07963e-05
-0.000560677
-0.000152922
0.000801682
-0.00277197
0.00676819
0.00652771
0.00826813
0.00887025
0.0108355
0.0103791
0.0122341
0.0115611
0.0126156
0.0129139
0.0143433
0.0152584
0.0163748
0.0176158
0.0189186
6.98846e-05
-0.000543796
-0.000109607
0.000910397
-0.00265675
0.00671079
0.00659168
0.00823563
0.00885218
0.0108421
0.0104054
0.0121942
0.0116085
0.012562
0.0129847
0.0142952
0.0152671
0.0163164
0.0175236
0.0187659
7.92738e-05
-0.00051919
-6.0192e-05
0.00101714
-0.00254615
0.00665242
0.00665931
0.00820585
0.00883577
0.010844
0.0104313
0.01215
0.0116581
0.0125087
0.013056
0.0142531
0.0152694
0.0162624
0.0174258
0.0186166
8.91246e-05
-0.000487291
-5.66643e-06
0.00112185
-0.00243973
0.00659306
0.00673055
0.00817895
0.0088214
0.0108412
0.010457
0.0121015
0.0117096
0.012456
0.0131258
0.0142185
0.0152638
0.0162125
0.0173244
0.01847
9.95719e-05
-0.00044922
5.31048e-05
0.0012249
-0.00233591
0.00653268
0.00680513
0.00815476
0.00880921
0.010834
0.0104835
0.012049
0.0117624
0.0124047
0.0131917
0.0141922
0.015249
0.0161656
0.0172207
0.0183255
0.00011071
-0.000406354
0.000115406
0.00132674
-0.00223267
0.00647124
0.00688267
0.00813288
0.00879912
0.0108227
0.0105113
0.0119929
0.0118161
0.0123556
0.0132516
0.0141742
0.0152247
0.0161199
0.0171156
0.0181823
0.000122604
-0.000359977
0.000180701
0.00142772
-0.00212811
0.00640868
0.00696273
0.00811279
0.00879097
0.0108077
0.0105412
0.0119338
0.0118696
0.0123101
0.0133035
0.014164
0.015191
0.0160731
0.0170096
0.0180395
0.000135304
-0.000311094
0.000248647
0.00152802
-0.00202071
0.00634495
0.00704495
0.00809398
0.00878457
0.0107893
0.0105735
0.0118726
0.0119216
0.0122693
0.0133461
0.014161
0.0151483
0.0160229
0.0169034
0.0178968
0.00014886
-0.00026039
0.000319065
0.00162773
-0.00190941
0.00628003
0.00712899
0.00807603
0.00877976
0.0107678
0.0106083
0.0118104
0.0119707
0.0122344
0.0133784
0.014164
0.015098
0.0159671
0.0167973
0.0177543
0.000163332
-0.000208281
0.000391901
0.00172684
-0.00179348
0.00621386
0.00721459
0.00805865
0.00877628
0.0107437
0.0106456
0.0117486
0.0120153
0.0122063
0.0133998
0.0141716
0.0150416
0.0159042
0.0166912
0.0176125
0.000178787
-0.000154983
0.00046718
0.00182532
-0.0016725
0.00614646
0.00730148
0.0080417
0.00877384
0.0107174
0.0106852
0.0116887
0.012054
0.0121853
0.0134099
0.0141816
0.0149811
0.0158337
0.0165849
0.0174717
0.000195305
-0.000100584
0.000544978
0.00192309
-0.00154625
0.00607784
0.00738936
0.00802516
0.00877213
0.0106896
0.0107248
0.0116319
0.0120858
0.0121716
0.0134093
0.0141915
0.0149177
0.0157557
0.0164789
0.017332
0.000212975
-4.50927e-05
0.000625396
0.00202009
-0.00141467
0.00600806
0.00747795
0.00800916
0.00877072
0.0106611
0.0107628
0.0115791
0.0121099
0.0121644
0.0133993
0.0141991
0.0148513
0.0156707
0.0163738
0.0171944
0.000231897
1.15222e-05
0.000708541
0.00211621
-0.00127781
0.00593721
0.00756697
0.00799407
0.00876889
0.0106329
0.0107986
0.0115312
0.0121261
0.0121624
0.0133816
0.0142037
0.0147817
0.0155775
0.0162701
0.0170603
0.000252181
6.93031e-05
0.000794521
0.00221131
-0.00113582
0.00586544
0.00765598
0.00798051
0.00876572
0.0106058
0.0108318
0.011488
0.0121347
0.0121641
0.0133569
0.0142049
0.0147107
0.0154749
0.0161664
0.0169309
0.000273951
0.000128285
0.000883447
0.00230524
-0.000988987
0.00579307
0.00774442
0.00796922
0.00876035
0.0105807
0.0108616
0.0114495
0.0121362
0.012168
0.0133254
0.0142017
0.0146404
0.0153635
0.0160605
0.0168065
0.000297338
0.000188508
0.000975384
0.00239791
-0.000837541
0.00572036
0.00783178
0.00796118
0.00875173
0.0105582
0.0108876
0.0114155
0.0121313
0.0121725
0.0132878
0.0141922
0.0145721
0.0152455
0.0159511
0.016686
0.000322487
0.000249984
0.00107041
0.00248912
-0.000681557
0.00564772
0.00791718
0.00795756
0.00873912
0.0105385
0.01091
0.0113842
0.0121218
0.0121766
0.013245
0.0141748
0.0145061
0.0151232
0.0158376
0.0165683
0.000349563
0.000312706
0.00116867
0.00257875
-0.000521519
0.00557602
0.0079997
0.00795906
0.00872225
0.0105215
0.0109295
0.011355
0.0121082
0.0121798
0.0131965
0.0141479
0.0144458
0.0150007
0.015713
0.0164527
0.000378704
0.000376712
0.00127013
0.00266686
-0.000357597
0.00550579
0.00807874
0.0079667
0.0087003
0.0105075
0.0109456
0.0113279
0.0120909
0.0121827
0.0131404
0.0141089
0.0143848
0.0148781
0.0155944
0.0163384
0.000410117
0.000441949
0.00137491
0.0027534
-0.000189948
0.00543786
0.0081531
0.00798155
0.00867211
0.0104957
0.01096
0.0113008
0.0120703
0.0121878
0.0130774
0.0140563
0.0143225
0.0147547
0.0154827
0.0162246
0.000443953
0.000508474
0.00148305
0.0028385
-1.91958e-05
0.00537355
0.00822149
0.00800381
0.00864086
0.0104846
0.0109754
0.0112708
0.0120485
0.0121931
0.0130116
0.0139958
0.0142631
0.0146317
0.0153369
0.0161114
0.000480325
0.000576295
0.00159434
0.00292246
0.00015484
0.00531325
0.00828387
0.00803359
0.00860585
0.0104736
0.0109922
0.011234
0.0120275
0.0121962
0.0129427
0.0139226
0.0142009
0.0145078
0.015199
0.0160014
0.000519667
0.000645144
0.00170903
0.00300524
0.000331416
0.00525828
0.00833961
0.00807086
0.00856901
0.0104596
0.0110174
0.0111887
0.0120067
0.0122027
0.0128749
0.0138405
0.0141382
0.0143881
0.0150044
0.0158933
0.000561943
0.000715422
0.00182686
0.0030874
0.00050948
0.0052101
0.00838708
0.0081167
0.00852934
0.0104426
0.0110454
0.0111509
0.0119679
0.0122158
0.0128052
0.0137288
0.0140625
0.0142827
0.0148649
0.0157837
0.000607232
0.000787005
0.00194731
0.00316978
0.000688991
0.00516883
0.00842699
0.00816992
0.00848841
0.0104242
0.0110725
0.0111217
0.0119167
0.0122158
0.0127288
0.0136043
0.0139718
0.0141895
0.014791
0.0156736
0.000656308
0.00085933
0.00207076
0.00325202
0.000869202
0.00513545
0.00846007
0.00822694
0.00845462
0.0103909
0.0111125
0.0110792
0.0118631
0.012225
0.0126672
0.0134763
0.013882
0.014102
0.0146007
0.0155687
0.000708848
0.000933233
0.00219637
0.00333528
0.00104881
0.00511099
0.00848485
0.00829091
0.008423
0.010353
0.011149
0.0110496
0.01179
0.0122119
0.0126021
0.0133464
0.0137755
0.0140258
0.0145047
0.0154683
0.000764931
0.00100855
0.00232321
0.00342071
0.00122803
0.00509468
0.00850301
0.00836051
0.00839287
0.0103178
0.0111796
0.0110422
0.011704
0.0121653
0.0125318
0.013217
0.0136548
0.0139514
0.0145112
0.0153734
0.000825772
0.00108451
0.00245182
0.00350751
0.00140681
0.00508641
0.00851787
0.00842573
0.0083788
0.0102515
0.0112208
0.0110132
0.011624
0.0121607
0.0124863
0.0130918
0.0135396
0.0138487
0.0143033
0.0152885
0.00089061
0.0011626
0.00258085
0.0035974
0.00158346
0.00508742
0.0085265
0.00849497
0.00836869
0.010142
0.0112476
0.0110101
0.0115369
0.0120976
0.0124319
0.0129742
0.0134098
0.0137543
0.0142307
0.0152167
0.000959359
0.00124275
0.00270894
0.00369162
0.00175944
0.00509546
0.0085307
0.0085696
0.00836149
0.0100912
0.0112526
0.0110001
0.0114003
0.0120267
0.012372
0.0128611
0.0132622
0.0136665
0.014308
0.0151549
0.00103371
0.00132379
0.0028375
0.00378825
0.00193551
0.00510958
0.00853655
0.00863435
0.00837112
0.0100119
0.0112771
0.0110284
0.0113218
0.0119416
0.0123277
0.0127504
0.0131305
0.0135193
0.0140573
0.0150982
0.00111229
0.00140796
0.00296401
0.00389003
0.00211
0.00513118
0.00853798
0.00870469
0.00837874
0.00994453
0.0112809
0.0110265
0.0112323
0.0118475
0.0122663
0.0126451
0.0129792
0.0133913
0.013981
0.0150508
0.00119536
0.00149517
0.00308723
0.00399728
0.00228533
0.00515706
0.00853612
0.00878322
0.00838714
0.00987454
0.0112435
0.0110312
0.0111152
0.0117474
0.012188
0.0125424
0.0128026
0.0132825
0.0140959
0.0150123
0.00128465
0.00158416
0.00320978
0.00410607
0.00246503
0.00518414
0.00853998
0.00884976
0.00841351
0.00979435
0.0112454
0.0111049
0.0110478
0.0116246
0.0121127
0.0124375
0.0126322
0.0130454
0.0137688
0.014985
0.00137797
0.00167748
0.00332825
0.0042198
0.00264752
0.00521405
0.0085417
0.00891772
0.00844234
0.00971263
0.0112256
0.0111201
0.0109824
0.0114871
0.0120116
0.0123285
0.0124544
0.0127845
0.0135715
0.0149886
0.00147664
0.0017747
0.00344263
0.00433844
0.00283209
0.0052486
0.00853654
0.00899259
0.00847401
0.00962698
0.0111771
0.0111707
0.0109233
0.0113504
0.0118878
0.0122225
0.0122954
0.0125777
0.0134269
0.0149748
0.00158135
0.00187543
0.00355421
0.00445872
0.00302187
0.00528794
0.00852689
0.00906464
0.00851358
0.00953858
0.0111205
0.0112142
0.0108828
0.011215
0.0117413
0.0121129
0.0121756
0.0124234
0.0132894
0.0149399
0.0016906
0.00198087
0.00366234
0.00458045
0.00321735
0.00533137
0.00851272
0.00913278
0.00856036
0.00945477
0.0110494
0.0112513
0.0108608
0.0110835
0.0115755
0.0119964
0.0120899
0.0123074
0.0131721
0.0148909
0.00180549
0.00209094
0.00376792
0.00470214
0.00341717
0.00538043
0.00849377
0.00919634
0.00861767
0.00937491
0.0109585
0.0112816
0.0108553
0.0109623
0.0114021
0.0118727
0.012028
0.0122336
0.0130762
0.0148343
0.00192602
0.0022056
0.00387136
0.00482291
0.00362149
0.00543557
0.00846955
0.00925566
0.00868532
0.00929748
0.010853
0.0113058
0.010864
0.0108564
0.0112291
0.0117341
0.01197
0.0121893
0.0130104
0.0147833
0.00205198
0.00232479
0.00397409
0.00494235
0.00382769
0.00549703
0.00844291
0.00930894
0.00875955
0.00923
0.0107387
0.0113175
0.0108799
0.0107662
0.0110624
0.0115807
0.0119095
0.0121724
0.0129759
0.0147474
0.00218357
0.002449
0.00407587
0.00505861
0.00403471
0.00556679
0.0084148
0.00935391
0.00884015
0.00917827
0.0106109
0.0113073
0.0109021
0.0106971
0.0109135
0.0114187
0.0118344
0.0121679
0.0129777
0.0147304
0.00232094
0.00257792
0.00417724
0.00517268
0.00424194
0.00564377
0.00838489
0.00939141
0.00892649
0.00914172
0.0104707
0.0112767
0.0109376
0.0106525
0.0107835
0.0112486
0.0117385
0.0121669
0.0130055
0.0147387
0.00246428
0.0027119
0.00428622
0.0052852
0.00444746
0.00572587
0.0083552
0.00942327
0.00901582
0.00912104
0.0103273
0.0112281
0.0109801
0.0106228
0.010664
0.0110757
0.0116273
0.0121595
0.0130577
0.0147747
0.00261313
0.00285173
0.0043869
0.00539618
0.00465084
0.00581285
0.0083261
0.00944832
0.00910573
0.00911897
0.0101864
0.0111562
0.0110177
0.0106037
0.0105608
0.0109177
0.0115136
0.012147
0.0131111
0.0148239
0.00276697
0.00299747
0.00448746
0.00550688
0.00484951
0.005903
0.00830106
0.0094676
0.0091945
0.00913464
0.0100583
0.0110607
0.0110457
0.0106031
0.0104833
0.0107767
0.0113896
0.0121097
0.0131509
0.0148775
0.00292697
0.00314786
0.00459019
0.00560435
0.00504157
0.00599698
0.00827843
0.00948161
0.00928357
0.00916679
0.0099433
0.0109437
0.0110618
0.0106224
0.0104276
0.0106463
0.0112549
0.0120519
0.0131739
0.0149386
0.00309345
0.00330324
0.00469607
0.00570601
0.00523286
0.00609759
0.00824284
0.00948765
0.00937731
0.00921655
0.0098459
0.0108111
0.0110606
0.0106532
0.0103892
0.0105305
0.011118
0.0119763
0.0131877
0.0150016
0.00326453
0.00346498
0.00480374
0.00580958
0.00541839
0.00619679
0.00820945
0.00949129
0.00947081
0.00927808
0.00976987
0.0106708
0.0110341
0.0106881
0.0103727
0.0104374
0.0109859
0.0118906
0.0131789
0.0150526
0.00343986
0.00363286
0.00491326
0.00591219
0.00559501
0.00629801
0.0081854
0.0094903
0.00955718
0.00934704
0.00971731
0.0105298
0.0109797
0.0107219
0.0103779
0.0103673
0.0108616
0.0117902
0.0131455
0.0150874
0.00362032
0.00380577
0.00502421
0.00601119
0.00576828
0.00640646
0.00816735
0.00948138
0.00963618
0.00942175
0.00968648
0.010397
0.0109028
0.0107464
0.0103972
0.0103214
0.0107521
0.0116797
0.0130883
0.0151095
0.00380515
0.0039828
0.00513622
0.00610957
0.00593999
0.00652084
0.00815466
0.00946601
0.00970736
0.00949859
0.00967523
0.0102796
0.0108089
0.0107535
0.0104239
0.0102997
0.0106617
0.0115681
0.0130201
0.0151197
0.00399349
0.0041638
0.00525064
0.00620789
0.00610929
0.00663945
0.00814817
0.00944557
0.00977018
0.00957682
0.00967745
0.0101795
0.0107032
0.0107412
0.0104539
0.0102982
0.0105918
0.0114656
0.0129459
0.0151163
0.00418515
0.00434886
0.00536768
0.00630598
0.00627537
0.00676189
0.00814923
0.00942069
0.00982364
0.00965487
0.00968983
0.0100978
0.010595
0.0107128
0.010482
0.0103106
0.0105453
0.0113797
0.0128712
0.0151043
0.00437989
0.00453756
0.00548734
0.00640415
0.00643854
0.00688799
0.00815791
0.00939215
0.00986667
0.0097317
0.00971404
0.0100377
0.0104928
0.0106679
0.0104992
0.0103317
0.0105222
0.0113126
0.0128021
0.0150866
0.00457728
0.00472942
0.00561043
0.00650307
0.00659808
0.00701632
0.00817431
0.0093619
0.00989932
0.00980833
0.00974614
0.00999521
0.0103983
0.0106077
0.0105031
0.0103572
0.0105174
0.0112645
0.0127436
0.0150672
0.00477696
0.00492432
0.00573735
0.00660242
0.00675306
0.0071462
0.0081995
0.00933231
0.00992194
0.00988343
0.00978431
0.0099644
0.0103129
0.0105395
0.0104946
0.0103819
0.0105271
0.0112373
0.0127012
0.0150524
0.00497862
0.00512201
0.00586797
0.006702
0.00690376
0.00727758
0.00823356
0.00930511
0.00993391
0.00995377
0.00982793
0.00994502
0.0102412
0.0104698
0.0104742
0.0104031
0.0105489
0.0112312
0.0126777
0.0150445
0.00518196
0.00532201
0.00600238
0.0068024
0.00705006
0.0074095
0.00827606
0.00928173
0.00993527
0.0100176
0.00987834
0.00993803
0.010183
0.0104021
0.0104445
0.0104171
0.010576
0.0112417
0.0126718
0.0150431
0.00538661
0.00552397
0.00614071
0.00690365
0.00719162
0.00754142
0.00832663
0.00926382
0.00992802
0.0100738
0.00993479
0.00994069
0.0101361
0.0103399
0.010408
0.01042
0.0106033
0.0112652
0.0126811
0.0150502
0.00559215
0.00572745
0.00628303
0.00700587
0.00732851
0.00767272
0.00838427
0.00925278
0.00991468
0.0101195
0.00999422
0.00995218
0.0100999
0.0102846
0.0103678
0.0104145
0.0106293
0.0112961
0.0127024
0.0150668
0.00579831
0.00593198
0.00642914
0.0071094
0.00746088
0.00780253
0.00844817
0.00924983
0.00989725
0.0101532
0.0100542
0.00997289
0.0100732
0.0102362
0.0103296
0.0104047
0.0106488
0.0113271
0.0127319
0.0150912
0.00600469
0.00613709
0.00657906
0.00721442
0.00758846
0.00793025
0.00851767
0.00925535
0.00987819
0.0101748
0.0101124
0.0100018
0.0100548
0.0101946
0.0102953
0.0103906
0.0106597
0.0113557
0.0127647
0.0151193
0.00621092
0.0063422
0.00673244
0.00732113
0.00771156
0.00805555
0.00859168
0.00926905
0.00986028
0.0101846
0.0101651
0.0100376
0.010045
0.0101587
0.0102628
0.0103745
0.010666
0.0113798
0.0127944
0.0151477
0.00641667
0.00654685
0.00688903
0.00742966
0.0078302
0.00817785
0.00866911
0.00929039
0.00984606
0.0101841
0.0102091
0.0100785
0.0100439
0.0101273
0.0102316
0.0103592
0.0106687
0.0113967
0.0128186
0.0151742
0.00662156
0.00675041
0.00704838
0.00754041
0.00794457
0.00829663
0.00874921
0.00931789
0.00983702
0.0101765
0.0102421
0.0101215
0.0100511
0.0101007
0.0102008
0.0103424
0.0106668
0.0114073
0.0128373
0.0151964
0.00682522
0.00695241
0.00720995
0.00765337
0.00805504
0.00841134
0.00883128
0.00935077
0.00983377
0.010165
0.0102623
0.0101621
0.0100658
0.0100803
0.0101695
0.0103217
0.0106605
0.0114128
0.0128498
0.0152135
0.00702719
0.00715225
0.00737318
0.0077689
0.00816213
0.00852119
0.00891425
0.00938818
0.00983587
0.0101526
0.0102701
0.0101961
0.0100857
0.0100667
0.0101388
0.0102968
0.0106492
0.0114123
0.0128561
0.015225
0.00722715
0.00734953
0.00753707
0.0078866
0.00826671
0.00862615
0.00899717
0.00942939
0.00984212
0.0101417
0.0102677
0.0102191
0.010106
0.010059
0.0101103
0.0102686
0.0106322
0.0114058
0.0128567
0.0152302
0.00742454
0.00754377
0.00770118
0.00800621
0.0083691
0.00872599
0.00907861
0.00947388
0.00985109
0.010133
0.0102596
0.0102297
0.0101218
0.0100539
0.0100841
0.0102377
0.0106093
0.0113925
0.0128499
0.0152279
0.00761888
0.00773433
0.00786449
0.0081276
0.00847011
0.0088211
0.00915746
0.00952095
0.00986085
0.0101245
0.010249
0.0102298
0.0101298
0.010048
0.010059
0.0102042
0.0105798
0.0113709
0.012835
0.0152181
0.00780978
0.00792089
0.00802625
0.00825016
0.00856985
0.00891201
0.00923248
0.00956992
0.00987244
0.0101142
0.0102362
0.0102217
0.0101277
0.0100368
0.0100313
0.010166
0.0105422
0.0113396
0.0128102
0.0151988
0.00799631
0.00810286
0.0081858
0.00837353
0.00866851
0.00899943
0.00930251
0.00961818
0.00988611
0.0101016
0.0102203
0.0102086
0.0101181
0.0100197
0.00999892
0.0101224
0.010496
0.0112969
0.0127717
0.0151644
0.00817777
0.00827976
0.00834276
0.00849769
0.00876594
0.0090835
0.00936775
0.00966303
0.00990835
0.0100862
0.0101982
0.0101894
0.010101
0.00999698
0.00996194
0.0100737
0.0104423
0.0112444
0.0127218
0.0151172
0.00835341
0.00845067
0.00849555
0.00862233
0.00886393
0.00916514
0.00942797
0.00970058
0.00992569
0.0100705
0.0101674
0.0101609
0.0100747
0.00996633
0.00991772
0.0100165
0.0103773
0.0111782
0.0126571
0.015055
0.0085225
0.0086161
0.00864377
0.00874427
0.00895947
0.00924664
0.00948932
0.0097303
0.00993693
0.0100555
0.0101309
0.0101242
0.0100399
0.00992772
0.00986464
0.00994793
0.0102966
0.011093
0.0125724
0.0149723
0.00868261
0.00877403
0.00879052
0.00887049
0.00905318
0.00931593
0.00954023
0.00975252
0.00994862
0.0100436
0.0100943
0.0100831
0.00999953
0.00988363
0.00980564
0.00986996
0.0102037
0.0109907
0.0124652
0.0148611
0.00883356
0.00892274
0.00892794
0.00899944
0.00916175
0.00939442
0.0095865
0.00975978
0.00992958
0.010019
0.0100482
0.0100312
0.00994735
0.00982745
0.0097355
0.00977938
0.0100943
0.0108684
0.0123342
0.0147239
0.00897446
0.00905884
0.00905312
0.00910854
0.00925155
0.00947549
0.00964856
0.00976853
0.00990916
0.0099962
0.0100122
0.00998313
0.0098916
0.00976237
0.00965499
0.00967807
0.00997258
0.01073
0.0121856
0.0145701
0.00910419
0.00921438
0.00921866
0.00925533
0.00934102
0.00948328
0.00961466
0.00973309
0.0098893
0.00997779
0.00998777
0.00994229
0.00983316
0.009686
0.0095563
0.0095548
0.00982836
0.0105677
0.0120101
0.0143859
0.00916583
0.00927407
0.00933758
0.0094125
0.00955887
0.00967571
0.00963108
0.0096252
0.00973199
0.00988082
0.00991805
0.00986499
0.00973624
0.00956369
0.00940413
0.0093671
0.00961318
0.0103231
0.0117373
0.0140888
0.00937568
0.00947411
0.00944792
0.00942953
0.00943353
0.00953888
0.00974325
0.00987057
0.00994732
0.0100186
0.0100223
0.00995247
0.00981454
0.0096297
0.00943404
0.00932814
0.00945385
0.0100352
0.0113271
0.0135627
0.00942022
0.00958198
0.00949508
0.00954475
0.00962509
0.00958877
0.00956491
0.00962144
0.00971292
0.00979932
0.0097932
0.00972257
0.00961247
0.00953745
0.00951799
0.00960903
0.00989904
0.0105666
0.011858
0.0140431
0.00968232
0.00966549
0.0095467
0.00947268
0.00948416
0.00960788
0.00984
0.0100602
0.0100899
0.0101325
0.0100715
0.00990508
0.00960661
0.00918421
0.00872515
0.00834323
0.00821853
0.00857167
0.00965118
0.011691
0.00995665
0.00963558
0.00948931
0.00939666
0.00944462
0.00944637
0.00944553
0.00957141
0.00972361
0.00970539
0.00966562
0.00968094
0.00991382
0.0104129
0.0112265
0.0122877
0.013426
0.0143512
0.0147148
0.0141835
0.0100075
0.00973661
0.00954197
0.00952112
0.00962871
0.00979977
0.0100316
0.0102034
0.0102583
0.0101801
0.00994924
0.00951833
0.008894
0.00817353
0.00747332
0.00688522
0.0065381
0.00663535
0.00744629
0.0092196
0.0102069
0.00974869
0.00952143
0.00948328
0.00962402
0.00967374
0.00966886
0.00954946
0.00945542
0.00954168
0.00962865
0.00956214
0.00950621
0.0096307
0.0100319
0.0107031
0.0115597
0.0123264
0.0126219
0.0120863
0.0102244
0.0097595
0.00956595
0.00962279
0.00986369
0.0101481
0.0104646
0.0106437
0.010639
0.0103653
0.0097802
0.00881258
0.00751766
0.00608524
0.00477165
0.00378547
0.00327251
0.00339599
0.00436641
0.0063737
0.0237261
0.0131412
0.00966154
0.0116659
0.0141262
0.015998
0.0176431
0.0193557
0.0211204
0.0228128
0.0244242
0.0261028
0.0279623
0.0298417
0.0316137
0.0334139
0.0353071
0.0372076
0.039133
0.0411765
0.0433145
0.0455135
0.0478228
0.0502417
0.0526658
0.0551469
0.057753
0.060483
0.0633051
0.0662494
0.069296
0.0724346
0.0756708
0.0790432
0.0825497
0.0861619
0.0899113
0.0937847
0.0978151
0.101973
0.106302
0.110763
0.115368
0.12013
0.125011
0.130117
0.13522
0.140599
0.145638
0.150616
0.0234902
0.0131979
0.0097043
0.0116838
0.0141358
0.016004
0.0176472
0.019359
0.0211231
0.0228151
0.0244261
0.0261044
0.0279637
0.0298429
0.0316148
0.0334148
0.035308
0.0372084
0.0391337
0.0411771
0.043315
0.045514
0.0478233
0.0502422
0.0526662
0.0551472
0.0577533
0.0604833
0.0633054
0.0662497
0.0692962
0.0724348
0.075671
0.0790434
0.0825499
0.086162
0.0899114
0.0937848
0.0978152
0.101973
0.106302
0.110763
0.115368
0.120131
0.125011
0.130117
0.13522
0.140599
0.145638
0.150616
0.0232043
0.0132906
0.00977234
0.0117061
0.014147
0.0160107
0.0176516
0.0193621
0.0211256
0.0228172
0.0244279
0.0261059
0.027965
0.0298441
0.0316158
0.0334157
0.0353087
0.0372091
0.0391343
0.0411777
0.0433156
0.0455145
0.0478237
0.0502426
0.0526666
0.0551476
0.0577536
0.0604835
0.0633056
0.0662499
0.0692964
0.072435
0.0756712
0.0790435
0.08255
0.0861622
0.0899116
0.0937849
0.0978153
0.101974
0.106302
0.110763
0.115368
0.120131
0.125011
0.130118
0.13522
0.140599
0.145638
0.150616
0.022942
0.0134199
0.00987321
0.0117388
0.0141628
0.0160203
0.0176573
0.0193659
0.0211285
0.0228196
0.0244299
0.0261075
0.0279664
0.0298453
0.0316168
0.0334166
0.0353095
0.0372098
0.0391349
0.0411782
0.0433161
0.045515
0.0478241
0.050243
0.0526669
0.0551479
0.0577539
0.0604838
0.0633059
0.0662501
0.0692966
0.0724352
0.0756714
0.0790437
0.0825502
0.0861623
0.0899117
0.093785
0.0978154
0.101974
0.106302
0.110763
0.115368
0.120131
0.125011
0.130118
0.13522
0.140599
0.145638
0.150616
0.0226995
0.0135723
0.0100002
0.0117823
0.0141845
0.0160342
0.0176656
0.0193711
0.0211321
0.0228225
0.0244323
0.0261094
0.027968
0.0298467
0.0316181
0.0334176
0.0353104
0.0372106
0.0391356
0.0411788
0.0433167
0.0455155
0.0478246
0.0502434
0.0526673
0.0551482
0.0577542
0.0604841
0.0633061
0.0662504
0.0692968
0.0724354
0.0756715
0.0790439
0.0825503
0.0861624
0.0899118
0.0937852
0.0978156
0.101974
0.106302
0.110764
0.115369
0.120131
0.125011
0.130118
0.13522
0.1406
0.145638
0.150616
0.0224578
0.0137338
0.0101416
0.0118325
0.014211
0.0160524
0.0176769
0.0193781
0.0211369
0.0228261
0.0244353
0.0261119
0.0279699
0.0298483
0.0316195
0.0334188
0.0353114
0.0372114
0.0391363
0.0411795
0.0433173
0.0455161
0.0478251
0.0502439
0.0526678
0.0551486
0.0577545
0.0604844
0.0633064
0.0662506
0.0692971
0.0724356
0.0756717
0.079044
0.0825505
0.0861626
0.089912
0.0937853
0.0978157
0.101974
0.106303
0.110764
0.115369
0.120131
0.125011
0.130118
0.13522
0.1406
0.145638
0.150616
0.0222101
0.0138984
0.0102911
0.0118862
0.0142404
0.0160738
0.0176909
0.0193868
0.0211427
0.0228307
0.0244393
0.0261151
0.0279723
0.0298502
0.0316211
0.0334203
0.0353126
0.0372124
0.0391372
0.0411803
0.043318
0.0455167
0.0478257
0.0502445
0.0526683
0.055149
0.0577549
0.0604848
0.0633068
0.0662509
0.0692973
0.0724359
0.0756719
0.0790442
0.0825507
0.0861628
0.0899121
0.0937854
0.0978158
0.101974
0.106303
0.110764
0.115369
0.120131
0.125011
0.130118
0.13522
0.1406
0.145638
0.150617
0.0219577
0.0140649
0.0104473
0.0119423
0.0142713
0.0160972
0.0177067
0.019397
0.0211496
0.0228361
0.0244441
0.0261191
0.027975
0.0298522
0.031623
0.033422
0.035314
0.0372136
0.0391382
0.0411811
0.0433187
0.0455174
0.0478264
0.0502451
0.0526689
0.0551495
0.0577553
0.0604852
0.0633071
0.0662513
0.0692977
0.0724361
0.0756722
0.0790444
0.0825509
0.0861629
0.0899123
0.0937856
0.097816
0.101974
0.106303
0.110764
0.115369
0.120131
0.125011
0.130118
0.13522
0.1406
0.145639
0.150617
0.0217033
0.0142331
0.01061
0.0120004
0.014303
0.016122
0.0177239
0.0194082
0.0211572
0.0228423
0.0244499
0.0261239
0.0279783
0.0298545
0.031625
0.0334239
0.0353157
0.037215
0.0391395
0.0411822
0.0433196
0.0455181
0.0478271
0.0502459
0.0526696
0.0551501
0.0577559
0.0604856
0.0633075
0.0662517
0.069298
0.0724365
0.0756724
0.0790447
0.0825511
0.0861631
0.0899125
0.0937857
0.0978161
0.101974
0.106303
0.110764
0.115369
0.120131
0.125011
0.130118
0.13522
0.1406
0.145639
0.150618
0.021449
0.0144022
0.0107794
0.0120607
0.0143353
0.0161477
0.017742
0.0194202
0.0211654
0.022849
0.0244564
0.0261295
0.027982
0.0298569
0.0316272
0.033426
0.0353175
0.0372166
0.039141
0.0411835
0.0433206
0.0455189
0.0478278
0.0502466
0.0526703
0.0551508
0.0577565
0.0604862
0.063308
0.0662521
0.0692984
0.0724368
0.0756727
0.0790449
0.0825513
0.0861633
0.0899127
0.0937859
0.0978163
0.101974
0.106303
0.110764
0.115369
0.120131
0.125011
0.130118
0.13522
0.1406
0.14564
0.150618
0.0211965
0.0145713
0.010955
0.0121234
0.0143681
0.0161741
0.0177609
0.0194328
0.021174
0.0228561
0.0244634
0.0261357
0.0279861
0.0298594
0.0316294
0.0334281
0.0353194
0.0372184
0.0391428
0.0411851
0.0433218
0.0455199
0.0478286
0.0502474
0.0526712
0.0551516
0.0577572
0.0604868
0.0633086
0.0662526
0.0692989
0.0724372
0.0756731
0.0790452
0.0825516
0.0861636
0.0899129
0.0937861
0.0978164
0.101975
0.106303
0.110764
0.115369
0.120132
0.125012
0.130118
0.135221
0.140601
0.14564
0.150619
0.0209474
0.0147392
0.0111365
0.0121885
0.0144012
0.0162012
0.0177805
0.0194459
0.021183
0.0228635
0.0244707
0.0261423
0.0279906
0.0298621
0.0316316
0.0334303
0.0353213
0.0372202
0.0391447
0.041187
0.0433234
0.045521
0.0478294
0.0502482
0.052672
0.0551525
0.0577581
0.0604876
0.0633092
0.0662532
0.0692994
0.0724377
0.0756735
0.0790456
0.0825519
0.0861638
0.0899131
0.0937863
0.0978166
0.101975
0.106303
0.110764
0.115369
0.120132
0.125012
0.130119
0.135221
0.140601
0.145641
0.15062
0.0207031
0.0149048
0.0113233
0.0122562
0.0144346
0.0162288
0.0178007
0.0194595
0.0211924
0.0228712
0.0244783
0.0261493
0.0279954
0.029865
0.0316338
0.0334324
0.0353232
0.0372221
0.0391467
0.041189
0.0433252
0.0455223
0.0478302
0.0502489
0.0526729
0.0551535
0.0577591
0.0604885
0.06331
0.0662538
0.0693
0.0724383
0.075674
0.079046
0.0825523
0.0861642
0.0899134
0.0937865
0.0978168
0.101975
0.106304
0.110765
0.11537
0.120132
0.125012
0.130119
0.135221
0.140602
0.145642
0.150621
0.0204645
0.0150675
0.011515
0.0123267
0.0144681
0.016257
0.0178217
0.0194737
0.0212023
0.0228793
0.0244861
0.0261566
0.0280005
0.029868
0.0316362
0.0334346
0.0353252
0.037224
0.0391489
0.0411912
0.0433272
0.0455239
0.0478312
0.0502495
0.0526736
0.0551545
0.0577603
0.0604896
0.0633108
0.0662545
0.0693006
0.0724389
0.0756745
0.0790465
0.0825527
0.0861645
0.0899137
0.0937868
0.097817
0.101975
0.106304
0.110765
0.11537
0.120132
0.125012
0.130119
0.135221
0.140602
0.145644
0.150622
0.0202319
0.0152266
0.0117115
0.0124004
0.0145018
0.0162857
0.0178435
0.0194883
0.0212126
0.0228877
0.0244943
0.0261641
0.0280058
0.0298711
0.0316386
0.0334369
0.0353272
0.037226
0.039151
0.0411935
0.0433294
0.0455257
0.0478322
0.05025
0.0526742
0.0551555
0.0577615
0.0604908
0.0633118
0.0662552
0.0693012
0.0724395
0.0756752
0.079047
0.0825531
0.0861649
0.0899141
0.0937871
0.0978172
0.101975
0.106304
0.110765
0.11537
0.120132
0.125012
0.130119
0.135222
0.140603
0.145645
0.150624
0.020005
0.0153816
0.0119131
0.012478
0.0145358
0.0163147
0.0178659
0.0195036
0.0212233
0.0228965
0.0245028
0.0261719
0.0280115
0.0298745
0.0316411
0.0334393
0.0353294
0.037228
0.0391533
0.0411959
0.0433316
0.0455276
0.0478333
0.0502505
0.0526747
0.0551564
0.0577629
0.0604922
0.0633129
0.0662561
0.0693019
0.0724401
0.0756758
0.0790476
0.0825536
0.0861654
0.0899145
0.0937874
0.0978175
0.101975
0.106304
0.110765
0.11537
0.120132
0.125013
0.13012
0.135222
0.140603
0.145647
0.150625
0.0197834
0.0155322
0.0121201
0.01256
0.0145701
0.0163441
0.0178892
0.0195194
0.0212346
0.0229057
0.0245116
0.0261799
0.0280175
0.029878
0.0316437
0.0334417
0.0353316
0.0372301
0.0391556
0.0411983
0.0433339
0.0455295
0.0478344
0.0502508
0.0526751
0.0551572
0.0577642
0.0604936
0.0633141
0.066257
0.0693025
0.0724407
0.0756765
0.0790482
0.0825541
0.0861658
0.0899149
0.0937878
0.0978178
0.101976
0.106304
0.110765
0.11537
0.120133
0.125013
0.13012
0.135223
0.140604
0.145649
0.150627
0.0195666
0.015678
0.0123325
0.0126472
0.0146047
0.0163736
0.0179132
0.019536
0.0212463
0.0229154
0.0245207
0.0261883
0.0280237
0.0298817
0.0316464
0.0334443
0.035334
0.0372324
0.039158
0.0412007
0.0433363
0.0455316
0.0478356
0.0502512
0.0526754
0.0551581
0.0577656
0.0604952
0.0633155
0.066258
0.0693032
0.0724413
0.0756772
0.0790489
0.0825546
0.0861663
0.0899154
0.0937883
0.0978182
0.101976
0.106304
0.110765
0.115371
0.120133
0.125013
0.13012
0.135223
0.140605
0.145651
0.150629
0.0193546
0.0158184
0.0125503
0.01274
0.0146398
0.0164032
0.017938
0.0195532
0.0212586
0.0229255
0.0245303
0.026197
0.0280304
0.0298856
0.0316493
0.0334471
0.0353366
0.0372348
0.0391605
0.0412033
0.0433387
0.0455336
0.0478368
0.0502514
0.0526757
0.0551589
0.057767
0.0604968
0.0633168
0.066259
0.0693039
0.0724419
0.0756779
0.0790497
0.0825552
0.0861668
0.089916
0.0937888
0.0978186
0.101976
0.106305
0.110766
0.115371
0.120133
0.125013
0.130121
0.135224
0.140606
0.145653
0.150631
0.0191476
0.0159532
0.0127735
0.0128393
0.0146756
0.0164328
0.0179634
0.0195713
0.0212714
0.0229361
0.0245402
0.026206
0.0280373
0.0298897
0.0316523
0.0334499
0.0353394
0.0372374
0.0391632
0.0412059
0.0433412
0.0455358
0.0478381
0.0502517
0.052676
0.0551598
0.0577684
0.0604984
0.0633183
0.0662601
0.0693046
0.0724425
0.0756787
0.0790505
0.0825559
0.0861673
0.0899165
0.0937893
0.0978191
0.101977
0.106305
0.110766
0.115371
0.120133
0.125014
0.130121
0.135224
0.140608
0.145656
0.150634
0.018946
0.0160816
0.0130016
0.0129457
0.0147122
0.016462
0.0179895
0.0195901
0.0212849
0.0229471
0.0245505
0.0262154
0.0280446
0.0298942
0.0316555
0.033453
0.0353423
0.0372402
0.039166
0.0412087
0.0433437
0.0455379
0.0478394
0.050252
0.0526764
0.0551609
0.0577699
0.0605001
0.0633197
0.0662612
0.0693054
0.072443
0.0756794
0.0790514
0.0825565
0.0861678
0.0899171
0.0937898
0.0978196
0.101977
0.106305
0.110766
0.115371
0.120134
0.125014
0.130122
0.135225
0.140609
0.145659
0.150636
0.0187502
0.0162034
0.0132342
0.0130598
0.0147499
0.0164909
0.0180161
0.0196098
0.0212991
0.0229588
0.0245611
0.0262251
0.0280522
0.0298988
0.0316589
0.0334562
0.0353455
0.0372431
0.0391689
0.0412116
0.0433463
0.0455402
0.0478407
0.0502524
0.0526769
0.0551621
0.0577715
0.0605017
0.0633212
0.0662624
0.0693062
0.0724436
0.0756802
0.0790522
0.0825572
0.0861684
0.0899176
0.0937904
0.0978201
0.101977
0.106305
0.110766
0.115371
0.120134
0.125014
0.130122
0.135226
0.140611
0.145662
0.150639
0.0185606
0.0163181
0.0134706
0.0131822
0.0147892
0.0165191
0.0180431
0.0196304
0.0213141
0.0229709
0.0245722
0.0262353
0.0280602
0.0299038
0.0316624
0.0334595
0.0353488
0.0372461
0.039172
0.0412146
0.0433491
0.0455425
0.0478422
0.0502528
0.0526776
0.0551636
0.0577732
0.0605034
0.0633227
0.0662636
0.069307
0.0724443
0.0756811
0.079053
0.0825579
0.0861689
0.0899182
0.093791
0.0978206
0.101978
0.106306
0.110766
0.115372
0.120134
0.125015
0.130123
0.135227
0.140612
0.145666
0.150642
0.018378
0.0164252
0.0137099
0.0133136
0.0148304
0.0165467
0.0180704
0.0196518
0.0213298
0.0229836
0.0245837
0.0262458
0.0280686
0.029909
0.0316661
0.0334631
0.0353523
0.0372494
0.0391751
0.0412177
0.0433519
0.045545
0.0478438
0.0502533
0.0526784
0.0551652
0.057775
0.0605051
0.0633242
0.0662648
0.0693078
0.072445
0.075682
0.0790539
0.0825586
0.0861695
0.0899189
0.0937917
0.0978212
0.101978
0.106306
0.110766
0.115372
0.120134
0.125015
0.130123
0.135228
0.140614
0.14567
0.150646
0.0182034
0.0165246
0.0139513
0.0134542
0.0148741
0.0165735
0.0180977
0.0196741
0.0213463
0.0229969
0.0245957
0.0262568
0.0280774
0.0299146
0.0316701
0.0334668
0.035356
0.0372527
0.0391785
0.0412209
0.0433549
0.0455475
0.0478455
0.050254
0.0526794
0.0551671
0.0577769
0.0605068
0.0633258
0.066266
0.0693087
0.0724457
0.075683
0.0790548
0.0825593
0.0861701
0.0899195
0.0937923
0.0978218
0.101979
0.106306
0.110767
0.115372
0.120135
0.125015
0.130124
0.135229
0.140616
0.145674
0.150649
0.0180377
0.0166163
0.0141937
0.0136045
0.014921
0.0165995
0.0181248
0.0196972
0.0213638
0.0230107
0.0246082
0.0262683
0.0280865
0.0299205
0.0316742
0.0334707
0.0353599
0.0372562
0.0391819
0.0412243
0.0433579
0.0455502
0.0478473
0.0502547
0.0526805
0.0551691
0.0577789
0.0605086
0.0633274
0.0662673
0.0693096
0.0724465
0.075684
0.0790557
0.0825601
0.0861707
0.0899202
0.093793
0.0978224
0.101979
0.106307
0.110767
0.115372
0.120135
0.125016
0.130124
0.13523
0.140617
0.145678
0.150653
0.0178818
0.0167004
0.014436
0.0137646
0.0149718
0.0166246
0.0181515
0.0197211
0.0213822
0.0230253
0.0246212
0.0262802
0.0280961
0.0299268
0.0316786
0.0334748
0.035364
0.0372598
0.0391854
0.0412278
0.0433611
0.0455529
0.0478493
0.0502555
0.0526817
0.0551713
0.0577811
0.0605104
0.0633291
0.0662687
0.0693105
0.0724474
0.0756852
0.0790566
0.0825608
0.0861713
0.0899209
0.0937937
0.0978231
0.10198
0.106307
0.110767
0.115372
0.120135
0.125016
0.130125
0.135231
0.140619
0.145682
0.150656
0.0177362
0.0167775
0.0146772
0.0139342
0.0150275
0.0166492
0.0181775
0.0197456
0.0214016
0.0230406
0.0246347
0.0262927
0.0281062
0.0299334
0.0316832
0.0334791
0.0353682
0.0372636
0.0391891
0.0412315
0.0433644
0.0455558
0.0478513
0.0502564
0.052683
0.0551736
0.0577833
0.0605123
0.0633308
0.0662701
0.0693114
0.0724483
0.0756864
0.0790576
0.0825616
0.086172
0.0899217
0.0937944
0.0978237
0.10198
0.106308
0.110767
0.115373
0.120136
0.125017
0.130125
0.135232
0.140621
0.145687
0.15066
0.0176017
0.016848
0.0149161
0.0141133
0.0150889
0.0166734
0.0182027
0.0197707
0.021422
0.0230567
0.0246487
0.0263056
0.0281168
0.0299405
0.0316881
0.0334836
0.0353727
0.0372675
0.0391929
0.0412352
0.0433678
0.0455587
0.0478534
0.0502574
0.0526844
0.0551759
0.0577856
0.0605142
0.0633326
0.0662715
0.0693124
0.0724493
0.0756877
0.0790586
0.0825624
0.0861727
0.0899225
0.0937951
0.0978244
0.101981
0.106308
0.110767
0.115373
0.120136
0.125017
0.130126
0.135233
0.140623
0.145692
0.150664
0.0174787
0.0169126
0.0151513
0.0143009
0.0151571
0.0166974
0.0182265
0.0197961
0.0214436
0.0230738
0.0246634
0.026319
0.0281279
0.029948
0.0316933
0.0334884
0.0353773
0.0372716
0.0391968
0.0412391
0.0433713
0.0455617
0.0478556
0.0502585
0.0526859
0.0551784
0.057788
0.0605162
0.0633345
0.066273
0.0693134
0.0724504
0.075689
0.0790597
0.0825632
0.0861735
0.0899233
0.0937959
0.0978251
0.101982
0.106308
0.110768
0.115373
0.120136
0.125018
0.130126
0.135234
0.140626
0.145697
0.150669
0.0173689
0.0169724
0.0153816
0.0144962
0.015233
0.0167221
0.0182489
0.0198214
0.0214661
0.0230918
0.0246788
0.026333
0.0281395
0.0299559
0.0316987
0.0334934
0.0353821
0.0372758
0.0392009
0.0412432
0.0433749
0.0455648
0.0478579
0.0502596
0.0526874
0.0551809
0.0577905
0.0605182
0.0633364
0.0662746
0.0693145
0.0724515
0.0756904
0.0790608
0.0825641
0.0861743
0.0899241
0.0937967
0.0978259
0.101982
0.106309
0.110768
0.115373
0.120137
0.125018
0.130127
0.135235
0.140628
0.145702
0.150673
0.0172744
0.0170294
0.0156061
0.0146982
0.0153173
0.0167479
0.01827
0.0198467
0.0214897
0.0231107
0.0246947
0.0263475
0.0281516
0.0299643
0.0317045
0.0334987
0.0353871
0.0372802
0.0392052
0.0412474
0.0433787
0.0455681
0.0478603
0.0502608
0.0526889
0.0551835
0.057793
0.0605204
0.0633384
0.0662762
0.0693156
0.0724527
0.0756918
0.079062
0.082565
0.0861751
0.089925
0.0937975
0.0978266
0.101983
0.106309
0.110768
0.115374
0.120137
0.125019
0.130128
0.135237
0.14063
0.145707
0.150678
0.0171957
0.0170849
0.0158244
0.0149063
0.0154107
0.0167751
0.0182893
0.0198716
0.0215144
0.0231309
0.0247114
0.0263624
0.0281642
0.0299731
0.0317105
0.0335043
0.0353923
0.0372848
0.0392095
0.0412517
0.0433826
0.0455714
0.0478628
0.0502621
0.0526906
0.0551862
0.0577956
0.0605226
0.0633405
0.0662779
0.0693168
0.072454
0.0756932
0.0790633
0.082566
0.086176
0.089926
0.0937984
0.0978274
0.101984
0.10631
0.110768
0.115374
0.120138
0.125019
0.130128
0.135238
0.140633
0.145713
0.150683
0.0171327
0.0171399
0.0160354
0.0151196
0.0155147
0.0168056
0.0183071
0.0198954
0.02154
0.0231525
0.0247291
0.0263782
0.0281773
0.0299823
0.031717
0.0335102
0.0353978
0.0372896
0.0392141
0.0412562
0.0433866
0.0455749
0.0478654
0.0502636
0.0526923
0.055189
0.0577984
0.0605249
0.0633427
0.0662797
0.069318
0.0724553
0.0756947
0.0790646
0.082567
0.0861769
0.0899269
0.0937993
0.0978283
0.101984
0.10631
0.110769
0.115374
0.120138
0.12502
0.130129
0.13524
0.140635
0.145719
0.150688
0.0170798
0.0171959
0.0162379
0.0153349
0.0156278
0.0168396
0.018324
0.0199183
0.0215661
0.023175
0.0247474
0.0263944
0.0281911
0.0299922
0.0317238
0.0335164
0.0354036
0.0372947
0.0392189
0.0412608
0.0433909
0.0455785
0.047868
0.0502651
0.0526941
0.0551918
0.0578012
0.0605272
0.0633449
0.0662815
0.0693193
0.0724566
0.0756963
0.079066
0.0825681
0.0861778
0.0899279
0.0938002
0.0978292
0.101985
0.106311
0.110769
0.115375
0.120139
0.12502
0.13013
0.135241
0.140638
0.145725
0.150693
0.0170338
0.0172533
0.0164324
0.0155517
0.0157499
0.016877
0.0183392
0.0199395
0.0215928
0.0231991
0.0247667
0.0264112
0.0282052
0.0300022
0.0317309
0.0335229
0.0354096
0.0372999
0.0392238
0.0412656
0.0433952
0.0455823
0.0478708
0.0502667
0.0526961
0.0551948
0.0578041
0.0605297
0.0633472
0.0662834
0.0693207
0.072458
0.0756979
0.0790674
0.0825692
0.0861788
0.089929
0.0938011
0.0978301
0.101986
0.106312
0.110769
0.115375
0.120139
0.125021
0.130131
0.135243
0.140641
0.145731
0.150698
0.016999
0.0173139
0.0166198
0.0157697
0.0158829
0.0169212
0.0183543
0.019959
0.0216198
0.0232246
0.0247874
0.0264288
0.02822
0.0300129
0.0317386
0.0335298
0.035416
0.0373053
0.0392289
0.0412706
0.0433997
0.0455861
0.0478737
0.0502685
0.0526981
0.0551978
0.057807
0.0605323
0.0633496
0.0662854
0.0693221
0.0724594
0.0756995
0.0790689
0.0825704
0.0861799
0.0899301
0.0938021
0.097831
0.101987
0.106312
0.11077
0.115376
0.12014
0.125021
0.130132
0.135245
0.140644
0.145738
0.150704
0.0169686
0.0173791
0.0167998
0.015985
0.0160232
0.016972
0.0183702
0.0199768
0.0216463
0.0232512
0.0248091
0.0264472
0.0282356
0.0300244
0.0317467
0.0335371
0.0354226
0.037311
0.0392343
0.0412758
0.0434043
0.0455901
0.0478767
0.0502704
0.0527002
0.0552009
0.0578101
0.0605349
0.0633521
0.0662874
0.0693235
0.0724609
0.0757012
0.0790704
0.0825716
0.086181
0.0899312
0.0938032
0.097832
0.101987
0.106313
0.11077
0.115376
0.12014
0.125022
0.130133
0.135247
0.140647
0.145745
0.15071
0.0169427
0.0174499
0.0169732
0.0161962
0.0161686
0.0170287
0.0183858
0.0199921
0.0216722
0.0232791
0.0248321
0.0264661
0.0282513
0.0300358
0.031755
0.0335446
0.0354295
0.0373169
0.0392398
0.0412811
0.0434091
0.0455942
0.0478797
0.0502723
0.0527025
0.0552042
0.0578133
0.0605377
0.0633547
0.0662896
0.0693251
0.0724625
0.075703
0.079072
0.0825729
0.0861821
0.0899324
0.0938042
0.0978331
0.101988
0.106314
0.110771
0.115377
0.120141
0.125023
0.130134
0.135249
0.14065
0.145752
0.150716
0.0169319
0.0175276
0.0171427
0.0164054
0.0163219
0.0170956
0.0184049
0.0200061
0.0216974
0.0233081
0.0248565
0.0264862
0.028268
0.0300482
0.031764
0.0335527
0.0354367
0.037323
0.0392455
0.0412866
0.043414
0.0455985
0.0478829
0.0502745
0.0527048
0.0552075
0.0578166
0.0605405
0.0633574
0.0662918
0.0693267
0.0724641
0.0757048
0.0790736
0.0825742
0.0861833
0.0899336
0.0938053
0.0978342
0.101989
0.106314
0.110771
0.115377
0.120142
0.125024
0.130135
0.135251
0.140653
0.145759
0.150722
0.016926
0.0176111
0.0173066
0.0166078
0.0164782
0.0171709
0.0184271
0.0200182
0.0217208
0.0233379
0.0248828
0.0265077
0.0282858
0.0300615
0.0317737
0.0335612
0.0354444
0.0373296
0.0392515
0.0412924
0.0434192
0.0456029
0.0478863
0.0502767
0.0527073
0.0552109
0.05782
0.0605435
0.0633602
0.0662941
0.0693284
0.0724658
0.0757067
0.0790753
0.0825756
0.0861846
0.0899349
0.0938065
0.0978353
0.10199
0.106315
0.110771
0.115378
0.120142
0.125024
0.130136
0.135253
0.140657
0.145767
0.150729
0.0169278
0.0177033
0.0174657
0.0168015
0.0166342
0.0172522
0.0184511
0.0200277
0.0217419
0.0233681
0.0249101
0.0265296
0.0283034
0.0300744
0.0317832
0.0335697
0.0354522
0.0373362
0.0392576
0.0412982
0.0434245
0.0456074
0.0478897
0.050279
0.0527098
0.0552144
0.0578235
0.0605466
0.0633631
0.0662965
0.0693302
0.0724675
0.0757086
0.0790771
0.082577
0.0861858
0.0899362
0.0938077
0.0978365
0.101991
0.106316
0.110772
0.115378
0.120143
0.125025
0.130137
0.135256
0.140661
0.145775
0.150736
0.0169581
0.0178071
0.0176244
0.0169926
0.0167955
0.017346
0.0184834
0.0200384
0.0217617
0.0233983
0.0249388
0.0265531
0.0283225
0.0300889
0.031794
0.0335791
0.0354605
0.0373431
0.039264
0.0413043
0.04343
0.0456122
0.0478933
0.0502815
0.0527125
0.055218
0.0578271
0.0605498
0.0633661
0.066299
0.0693321
0.0724694
0.0757107
0.0790789
0.0825785
0.0861872
0.0899376
0.093809
0.0978377
0.101992
0.106317
0.110773
0.115379
0.120144
0.125026
0.130138
0.135258
0.140664
0.145783
0.150743
0.016999
0.0179161
0.0177774
0.0171754
0.016956
0.0174473
0.0185213
0.0200484
0.0217789
0.0234286
0.0249698
0.0265787
0.028343
0.0301041
0.0318052
0.0335889
0.0354693
0.0373506
0.0392707
0.0413107
0.0434357
0.0456171
0.047897
0.0502842
0.0527153
0.0552218
0.0578308
0.0605531
0.0633692
0.0663016
0.069334
0.0724713
0.0757128
0.0790808
0.0825801
0.0861886
0.089939
0.0938103
0.0978389
0.101993
0.106317
0.110773
0.11538
0.120145
0.125027
0.13014
0.135261
0.140668
0.145791
0.150751
0.017056
0.0180322
0.0179234
0.0173471
0.017111
0.0175514
0.018563
0.0200575
0.0217932
0.0234575
0.025001
0.0266047
0.0283635
0.0301191
0.0318163
0.0335987
0.0354782
0.0373581
0.0392775
0.0413171
0.0434415
0.045622
0.0479008
0.0502869
0.0527182
0.0552256
0.0578346
0.0605565
0.0633724
0.0663043
0.0693361
0.0724732
0.0757149
0.0790828
0.0825817
0.0861901
0.0899406
0.0938116
0.0978402
0.101994
0.106318
0.110774
0.11538
0.120146
0.125028
0.130141
0.135263
0.140672
0.1458
0.150758
0.017177
0.0181667
0.0180714
0.017517
0.0172674
0.0176647
0.0186154
0.0200708
0.0218064
0.0234849
0.0250328
0.0266323
0.0283859
0.030136
0.0318287
0.0336095
0.0354877
0.037366
0.0392846
0.0413238
0.0434475
0.0456272
0.0479049
0.0502898
0.0527213
0.0552295
0.0578386
0.0605601
0.0633757
0.0663071
0.0693382
0.0724753
0.0757172
0.0790848
0.0825834
0.0861916
0.0899421
0.093813
0.0978416
0.101995
0.106319
0.110774
0.115381
0.120146
0.125029
0.130143
0.135266
0.140677
0.145808
0.150766
0.0173368
0.018315
0.01822
0.0176834
0.0174226
0.0177829
0.0186754
0.0200864
0.0218177
0.0235114
0.0250661
0.0266626
0.0284103
0.0301538
0.0318415
0.0336204
0.0354976
0.0373744
0.0392921
0.0413309
0.0434539
0.0456326
0.0479091
0.0502929
0.0527245
0.0552336
0.0578427
0.0605638
0.0633791
0.06631
0.0693405
0.0724775
0.0757195
0.0790869
0.0825852
0.0861932
0.0899438
0.0938145
0.097843
0.101997
0.10632
0.110775
0.115382
0.120147
0.125031
0.130144
0.135269
0.140681
0.145817
0.150775
0.0174852
0.018465
0.0183659
0.0178433
0.0175713
0.0178998
0.0187405
0.0201053
0.0218283
0.0235361
0.0250987
0.0266929
0.0284352
0.030172
0.0318547
0.0336318
0.0355079
0.037383
0.0392997
0.041338
0.0434602
0.045638
0.0479134
0.0502961
0.0527279
0.0552378
0.0578469
0.0605676
0.0633827
0.066313
0.0693428
0.0724797
0.075722
0.0790891
0.082587
0.0861949
0.0899455
0.093816
0.0978445
0.101998
0.106321
0.110776
0.115383
0.120148
0.125032
0.130146
0.135273
0.140686
0.145827
0.150783
0.0176151
0.018616
0.0185112
0.0179988
0.0177157
0.0180175
0.0188137
0.0201297
0.0218384
0.0235581
0.0251297
0.0267238
0.028462
0.0301923
0.0318692
0.0336437
0.0355185
0.0373918
0.0393076
0.0413454
0.0434668
0.0456438
0.047918
0.0502996
0.0527314
0.0552421
0.0578513
0.0605716
0.0633864
0.0663162
0.0693453
0.0724821
0.0757245
0.0790914
0.0825889
0.0861966
0.0899472
0.0938176
0.0978461
0.101999
0.106322
0.110777
0.115384
0.120149
0.125033
0.130148
0.135276
0.140691
0.145836
0.150792
0.0177224
0.0187663
0.0186583
0.0181547
0.0178594
0.0181361
0.0188922
0.0201581
0.0218486
0.0235792
0.0251611
0.0267566
0.028491
0.0302141
0.0318842
0.0336559
0.0355296
0.0374013
0.0393161
0.0413532
0.0434738
0.0456496
0.0479226
0.0503031
0.0527351
0.0552466
0.0578558
0.0605757
0.0633902
0.0663194
0.0693479
0.0724845
0.0757271
0.0790938
0.0825909
0.0861984
0.0899491
0.0938193
0.0978477
0.102001
0.106323
0.110777
0.115385
0.12015
0.125035
0.13015
0.135279
0.140696
0.145846
0.150802
0.0178068
0.0189164
0.0188103
0.0183115
0.0180002
0.0182521
0.0189753
0.0201931
0.0218617
0.0236003
0.0251916
0.0267886
0.0285204
0.0302373
0.0319005
0.033669
0.0355412
0.0374112
0.0393246
0.041361
0.0434807
0.0456557
0.0479276
0.050307
0.0527389
0.0552512
0.0578604
0.0605799
0.0633942
0.0663228
0.0693506
0.0724871
0.0757298
0.0790962
0.082593
0.0862003
0.089951
0.093821
0.0978493
0.102002
0.106324
0.110778
0.115386
0.120152
0.125036
0.130152
0.135283
0.140701
0.145856
0.150811
0.0178728
0.019066
0.018965
0.0184662
0.0181379
0.0183673
0.0190638
0.0202345
0.0218762
0.0236195
0.02522
0.0268202
0.0285516
0.0302627
0.0319183
0.0336825
0.035553
0.0374211
0.0393334
0.0413693
0.0434881
0.045662
0.0479327
0.0503109
0.0527429
0.055256
0.0578653
0.0605843
0.0633983
0.0663264
0.0693535
0.0724898
0.0757326
0.0790988
0.0825952
0.0862023
0.0899531
0.0938228
0.0978511
0.102003
0.106326
0.110779
0.115387
0.120153
0.125038
0.130154
0.135287
0.140706
0.145867
0.150821
0.0179207
0.019209
0.0191208
0.0186219
0.0182767
0.018482
0.0191545
0.02028
0.0218917
0.0236382
0.0252481
0.026852
0.0285838
0.0302897
0.031937
0.0336964
0.0355652
0.0374317
0.0393428
0.0413778
0.0434956
0.0456684
0.0479379
0.0503152
0.0527472
0.0552609
0.0578702
0.0605889
0.0634025
0.06633
0.0693564
0.0724926
0.0757355
0.0791014
0.0825975
0.0862043
0.0899552
0.0938246
0.0978529
0.102005
0.106327
0.11078
0.115388
0.120154
0.125039
0.130156
0.135291
0.140712
0.145877
0.150832
0.0179508
0.0193448
0.0192809
0.0187797
0.0184143
0.018593
0.0192459
0.0203306
0.0219108
0.0236586
0.0252761
0.0268824
0.0286158
0.0303182
0.0319576
0.0337117
0.0355783
0.0374427
0.0393522
0.0413863
0.0435033
0.0456751
0.0479435
0.0503196
0.0527516
0.055266
0.0578753
0.0605936
0.063407
0.0663339
0.0693596
0.0724955
0.0757385
0.0791042
0.0825998
0.0862065
0.0899574
0.0938265
0.0978548
0.102007
0.106328
0.110781
0.115389
0.120156
0.125041
0.130158
0.135295
0.140718
0.145888
0.150842
0.0179726
0.0194747
0.0194431
0.0189365
0.0185498
0.0187017
0.0193391
0.020387
0.0219332
0.0236793
0.0253028
0.0269115
0.0286484
0.030349
0.0319802
0.0337277
0.0355914
0.0374537
0.0393619
0.0413955
0.0435115
0.0456821
0.0479491
0.0503242
0.0527562
0.0552713
0.0578806
0.0605986
0.0634116
0.0663378
0.0693628
0.0724985
0.0757416
0.0791071
0.0826023
0.0862087
0.0899597
0.0938285
0.0978568
0.102008
0.10633
0.110782
0.11539
0.120157
0.125043
0.130161
0.1353
0.140724
0.145899
0.150853
0.0179922
0.0195958
0.0196048
0.0190933
0.0186859
0.0188099
0.0194339
0.0204481
0.0219577
0.0237001
0.02533
0.0269402
0.0286808
0.030381
0.0320041
0.0337445
0.0356053
0.0374656
0.0393723
0.0414047
0.0435197
0.0456891
0.047955
0.0503292
0.0527611
0.0552767
0.0578861
0.0606036
0.0634163
0.066342
0.0693662
0.0725017
0.0757449
0.07911
0.0826049
0.086211
0.089962
0.0938306
0.0978588
0.10201
0.106331
0.110784
0.115391
0.120158
0.125045
0.130163
0.135304
0.14073
0.14591
0.150865
0.0180137
0.0197083
0.0197649
0.0192505
0.0188232
0.0189175
0.0195282
0.020512
0.0219851
0.0237232
0.0253586
0.0269678
0.028712
0.0304139
0.03203
0.033763
0.0356203
0.0374779
0.0393825
0.041414
0.0435282
0.0456966
0.0479613
0.0503343
0.0527662
0.0552823
0.0578917
0.0606089
0.0634212
0.0663462
0.0693698
0.072505
0.0757483
0.0791131
0.0826076
0.0862135
0.0899645
0.0938328
0.097861
0.102012
0.106333
0.110785
0.115393
0.12016
0.125047
0.130166
0.135309
0.140737
0.145922
0.150877
0.0180452
0.0198131
0.019922
0.0194092
0.0189621
0.019023
0.019621
0.0205804
0.0220165
0.0237474
0.0253874
0.0269943
0.0287423
0.0304484
0.0320583
0.0337828
0.0356356
0.0374904
0.0393932
0.0414238
0.0435371
0.0457042
0.0479676
0.0503397
0.0527715
0.0552881
0.0578976
0.0606144
0.0634263
0.0663507
0.0693735
0.0725085
0.0757518
0.0791163
0.0826104
0.0862161
0.0899671
0.0938351
0.0978632
0.102014
0.106334
0.110786
0.115394
0.120162
0.12505
0.130169
0.135314
0.140744
0.145934
0.150889
0.0180932
0.0199125
0.020076
0.019568
0.0191
0.0191266
0.0197139
0.0206532
0.0220502
0.023772
0.0254176
0.027021
0.0287716
0.0304831
0.032088
0.0338036
0.0356518
0.0375039
0.0394045
0.0414337
0.0435459
0.0457119
0.0479743
0.0503453
0.052777
0.0552942
0.0579036
0.06062
0.0634316
0.0663553
0.0693774
0.0725121
0.0757554
0.0791196
0.0826133
0.0862187
0.0899699
0.0938374
0.0978655
0.102016
0.106336
0.110788
0.115396
0.120164
0.125052
0.130172
0.135319
0.140751
0.145946
0.150902
0.0181567
0.0200088
0.0202238
0.0197238
0.0192388
0.0192315
0.019806
0.020728
0.0220865
0.0237979
0.0254497
0.0270479
0.0287994
0.030518
0.0321193
0.0338262
0.0356695
0.0375182
0.0394158
0.0414436
0.0435551
0.0457201
0.0479813
0.0503513
0.0527829
0.0553004
0.0579098
0.0606259
0.0634371
0.0663601
0.0693815
0.0725158
0.0757592
0.0791231
0.0826164
0.0862215
0.0899727
0.0938399
0.097868
0.102018
0.106338
0.110789
0.115397
0.120165
0.125055
0.130175
0.135324
0.140758
0.145958
0.150914
0.0182342
0.0201038
0.020363
0.0198774
0.0193802
0.0193363
0.0198951
0.0208056
0.0221266
0.0238248
0.0254836
0.0270755
0.0288257
0.0305526
0.0321524
0.0338506
0.035688
0.0375329
0.0394276
0.041454
0.0435645
0.0457284
0.0479885
0.0503576
0.0527889
0.0553069
0.0579163
0.0606321
0.0634428
0.0663651
0.0693858
0.0725198
0.0757631
0.0791267
0.0826196
0.0862244
0.0899756
0.0938424
0.0978705
0.10202
0.10634
0.110791
0.115399
0.120167
0.125057
0.130179
0.13533
0.140766
0.14597
0.150928
0.0183253
0.0202005
0.0204947
0.020028
0.0195223
0.0194406
0.0199821
0.0208859
0.0221699
0.0238519
0.025519
0.027104
0.0288505
0.030587
0.0321869
0.033876
0.0357074
0.0375486
0.0394402
0.0414646
0.0435741
0.0457369
0.0479959
0.0503641
0.0527953
0.0553136
0.057923
0.0606383
0.0634487
0.0663703
0.0693903
0.0725239
0.0757672
0.0791305
0.0826229
0.0862275
0.0899787
0.0938451
0.0978732
0.102022
0.106342
0.110792
0.115401
0.12017
0.12506
0.130183
0.135336
0.140774
0.145983
0.150942
0.0184279
0.0203007
0.0206184
0.0201722
0.0196636
0.0195456
0.0200665
0.0209678
0.0222168
0.0238793
0.0255554
0.0271344
0.0288747
0.0306206
0.0322221
0.0339029
0.0357283
0.0375657
0.0394532
0.0414753
0.0435838
0.0457456
0.0480035
0.0503709
0.0528021
0.0553206
0.0579298
0.0606449
0.0634548
0.0663757
0.0693949
0.0725281
0.0757714
0.0791344
0.0826264
0.0862307
0.0899819
0.0938478
0.0978759
0.102024
0.106344
0.110794
0.115403
0.120172
0.125063
0.130186
0.135342
0.140782
0.145996
0.150956
0.0185339
0.0204045
0.0207337
0.0203079
0.0198042
0.019653
0.0201489
0.0210508
0.0222675
0.0239068
0.0255932
0.0271674
0.0288981
0.0306528
0.0322582
0.0339316
0.0357505
0.0375833
0.0394668
0.0414865
0.0435938
0.0457545
0.0480115
0.0503781
0.0528091
0.0553278
0.057937
0.0606517
0.0634611
0.0663812
0.0693998
0.0725326
0.0757758
0.0791384
0.08263
0.0862341
0.0899853
0.0938507
0.0978788
0.102027
0.106346
0.110796
0.115405
0.120174
0.125066
0.13019
0.135348
0.140791
0.146009
0.15097
0.0186393
0.0205138
0.0208434
0.0204356
0.0199438
0.0197632
0.0202282
0.0211327
0.0223218
0.0239348
0.0256317
0.0272024
0.0289208
0.0306841
0.0322953
0.0339612
0.0357735
0.0376022
0.0394814
0.041498
0.043604
0.0457637
0.0480196
0.0503855
0.0528164
0.0553354
0.0579444
0.0606587
0.0634676
0.066387
0.0694049
0.0725373
0.0757804
0.0791426
0.0826338
0.0862376
0.0899888
0.0938537
0.0978818
0.102029
0.106348
0.110798
0.115407
0.120177
0.125069
0.130195
0.135354
0.1408
0.146023
0.150985
0.0187417
0.0206274
0.0209485
0.0205533
0.0200789
0.0198747
0.0203041
0.0212135
0.0223815
0.023964
0.0256698
0.0272398
0.028944
0.0307142
0.0323324
0.0339917
0.0357979
0.0376225
0.0394966
0.0415097
0.0436145
0.045773
0.0480279
0.0503933
0.0528241
0.0553432
0.057952
0.060666
0.0634744
0.066393
0.0694102
0.0725421
0.0757852
0.079147
0.0826377
0.0862413
0.0899924
0.0938569
0.0978849
0.102032
0.106351
0.1108
0.115409
0.12018
0.125073
0.130199
0.135361
0.140809
0.146036
0.151
0.0188336
0.0207412
0.0210507
0.0206612
0.0202082
0.0199894
0.0203799
0.021293
0.022445
0.023993
0.0257066
0.0272802
0.0289682
0.0307427
0.0323696
0.0340235
0.0358233
0.0376437
0.0395126
0.0415221
0.0436252
0.0457826
0.0480365
0.0504013
0.052832
0.0553512
0.05796
0.0606736
0.0634814
0.0663993
0.0694157
0.0725471
0.0757901
0.0791516
0.0826419
0.0862451
0.0899962
0.0938602
0.0978882
0.102035
0.106353
0.110803
0.115412
0.120182
0.125076
0.130204
0.135368
0.140818
0.14605
0.151016
0.0189135
0.020855
0.0211537
0.0207617
0.0203304
0.0201064
0.0204546
0.0213673
0.0225109
0.024024
0.0257431
0.0273234
0.0289935
0.0307697
0.0324068
0.0340558
0.0358494
0.0376663
0.0395298
0.0415349
0.0436363
0.0457925
0.0480453
0.0504095
0.0528403
0.0553597
0.0579682
0.0606814
0.0634887
0.0664058
0.0694215
0.0725524
0.0757952
0.0791563
0.0826462
0.0862492
0.0900002
0.0938635
0.0978916
0.102038
0.106356
0.110805
0.115414
0.120186
0.12508
0.130209
0.135375
0.140828
0.146065
0.151032
0.0189828
0.0209663
0.0212571
0.0208549
0.0204425
0.0202234
0.0205294
0.0214376
0.022581
0.0240582
0.0257777
0.0273676
0.0290202
0.030796
0.0324439
0.0340888
0.0358765
0.0376902
0.0395477
0.0415481
0.043648
0.0458026
0.0480541
0.0504181
0.0528491
0.0553684
0.0579767
0.0606895
0.0634962
0.0664125
0.0694276
0.0725579
0.0758006
0.0791612
0.0826506
0.0862534
0.0900044
0.0938672
0.0978951
0.102041
0.106359
0.110808
0.115417
0.120189
0.125084
0.130214
0.135382
0.140838
0.146079
0.151048
0.0190396
0.0210707
0.0213607
0.0209433
0.0205444
0.0203401
0.0206067
0.0215032
0.0226523
0.0240946
0.0258095
0.0274135
0.02905
0.0308214
0.0324806
0.0341225
0.0359037
0.0377148
0.0395669
0.041562
0.0436599
0.0458132
0.0480633
0.0504268
0.052858
0.0553776
0.0579856
0.0606979
0.0635039
0.0664195
0.0694338
0.0725636
0.0758063
0.0791664
0.0826553
0.0862578
0.0900086
0.093871
0.0978989
0.102044
0.106362
0.110811
0.11542
0.120192
0.125088
0.13022
0.13539
0.140849
0.146094
0.151064
0.0190841
0.0211665
0.0214645
0.0210299
0.0206364
0.0204534
0.0206862
0.021563
0.0227234
0.0241351
0.0258403
0.0274607
0.0290821
0.0308454
0.0325164
0.0341566
0.0359313
0.0377406
0.0395873
0.0415763
0.0436722
0.0458242
0.0480728
0.0504357
0.0528671
0.055387
0.0579948
0.0607066
0.0635119
0.0664267
0.0694403
0.0725695
0.0758121
0.0791717
0.0826603
0.0862625
0.0900131
0.0938748
0.0979027
0.102048
0.106365
0.110814
0.115423
0.120196
0.125093
0.130226
0.135397
0.140859
0.146109
0.151081
0.0191208
0.0212531
0.0215668
0.0211164
0.0207185
0.0205602
0.020769
0.0216192
0.0227934
0.02418
0.0258693
0.0275069
0.0291166
0.0308695
0.0325517
0.0341912
0.0359594
0.0377672
0.0396086
0.0415911
0.0436852
0.045836
0.0480825
0.0504449
0.0528768
0.0553966
0.0580043
0.0607158
0.0635203
0.0664342
0.0694471
0.0725757
0.0758182
0.0791772
0.0826653
0.0862674
0.0900178
0.093879
0.0979067
0.102051
0.106368
0.110817
0.115426
0.1202
0.125097
0.130232
0.135405
0.14087
0.146124
0.151099
0.0191524
0.0213292
0.0216653
0.0212033
0.020792
0.0206589
0.0208553
0.0216722
0.0228593
0.0242285
0.0258967
0.0275519
0.0291549
0.0308939
0.032586
0.0342261
0.0359872
0.0377942
0.0396312
0.0416066
0.0436984
0.0458482
0.0480927
0.0504543
0.0528867
0.0554067
0.0580139
0.060725
0.0635289
0.0664422
0.0694542
0.0725821
0.0758245
0.079183
0.0826706
0.0862724
0.0900227
0.0938833
0.097911
0.102055
0.106372
0.11082
0.115429
0.120204
0.125102
0.130238
0.135414
0.140882
0.14614
0.151116
0.0191805
0.0213956
0.0217577
0.0212904
0.0208598
0.0207476
0.0209428
0.0217226
0.0229203
0.0242814
0.0259247
0.0275953
0.0291957
0.0309182
0.032619
0.0342614
0.0360151
0.0378215
0.0396551
0.0416229
0.0437118
0.0458609
0.0481035
0.0504641
0.0528967
0.055417
0.0580242
0.0607346
0.0635377
0.0664503
0.0694616
0.0725889
0.0758311
0.079189
0.0826762
0.0862778
0.0900277
0.0938878
0.0979154
0.102059
0.106375
0.110824
0.115432
0.120208
0.125107
0.130245
0.135423
0.140893
0.146156
0.151134
0.0192076
0.0214541
0.021842
0.0213768
0.0209239
0.0208243
0.0210293
0.0217734
0.0229759
0.024337
0.0259535
0.0276354
0.0292384
0.030944
0.0326512
0.0342969
0.036043
0.0378489
0.0396798
0.0416399
0.0437258
0.0458744
0.0481146
0.050474
0.0529073
0.0554277
0.0580345
0.0607447
0.0635469
0.0664587
0.0694691
0.0725959
0.0758381
0.0791953
0.082682
0.0862834
0.090033
0.0938925
0.0979198
0.102063
0.106379
0.110828
0.115436
0.120213
0.125113
0.130251
0.135432
0.140905
0.146172
0.151152
0.0192352
0.021505
0.0219168
0.0214604
0.020986
0.0208897
0.0211133
0.0218259
0.0230245
0.024393
0.0259843
0.0276722
0.0292832
0.0309718
0.0326819
0.0343324
0.0360709
0.0378759
0.0397052
0.0416577
0.0437403
0.0458886
0.0481266
0.0504842
0.0529178
0.0554389
0.0580453
0.0607547
0.0635565
0.0664677
0.0694769
0.072603
0.0758453
0.0792019
0.0826882
0.0862892
0.0900385
0.0938975
0.0979246
0.102067
0.106383
0.110832
0.11544
0.120218
0.125118
0.130258
0.135441
0.140917
0.146188
0.151171
0.019262
0.0215496
0.0219821
0.0215386
0.0210471
0.0209452
0.0211909
0.0218796
0.0230671
0.0244482
0.026018
0.0277065
0.0293288
0.0310015
0.032711
0.0343677
0.036099
0.0379026
0.0397313
0.0416764
0.0437549
0.0459031
0.0481396
0.0504951
0.0529285
0.05545
0.0580564
0.0607653
0.0635662
0.0664769
0.0694853
0.0726107
0.0758527
0.0792086
0.0826945
0.0862954
0.0900443
0.0939028
0.0979297
0.102072
0.106388
0.110836
0.115444
0.120223
0.125124
0.130266
0.13545
0.14093
0.146205
0.15119
0.019287
0.0215895
0.0220383
0.0216085
0.0211066
0.0209918
0.0212583
0.0219349
0.0231061
0.0245006
0.0260549
0.0277379
0.0293733
0.0310338
0.0327395
0.0344023
0.036127
0.0379286
0.0397577
0.041696
0.0437703
0.0459181
0.0481529
0.0505067
0.0529399
0.0554617
0.0580674
0.0607758
0.0635765
0.0664865
0.0694937
0.0726187
0.0758608
0.0792157
0.082701
0.0863016
0.0900502
0.0939083
0.0979349
0.102077
0.106392
0.110841
0.115448
0.120228
0.12513
0.130274
0.13546
0.140942
0.146222
0.151208
0.0193097
0.0216242
0.0220854
0.0216682
0.021163
0.021032
0.0213149
0.0219904
0.0231421
0.0245483
0.0260949
0.0277677
0.0294156
0.031069
0.0327678
0.034436
0.0361551
0.0379536
0.0397842
0.0417163
0.0437862
0.045934
0.0481672
0.0505188
0.0529513
0.0554737
0.0580792
0.0607864
0.0635865
0.0664966
0.0695027
0.0726268
0.075869
0.0792233
0.0827082
0.0863084
0.0900563
0.0939139
0.0979402
0.102082
0.106397
0.110845
0.115453
0.120234
0.125137
0.130282
0.13547
0.140955
0.146239
0.151228
0.0193279
0.0216518
0.0221233
0.021717
0.0212135
0.0210678
0.021361
0.022043
0.0231759
0.0245903
0.0261367
0.0277979
0.0294557
0.0311058
0.0327955
0.0344683
0.0361838
0.0379784
0.0398102
0.0417372
0.0438025
0.0459502
0.0481821
0.0505318
0.0529633
0.0554857
0.0580912
0.0607979
0.0635972
0.0665067
0.0695118
0.0726355
0.0758775
0.0792308
0.0827155
0.0863155
0.090063
0.09392
0.0979459
0.102087
0.106402
0.11085
0.115457
0.12024
0.125143
0.13029
0.135481
0.140969
0.146256
0.151247
0.0193398
0.0216713
0.0221517
0.0217549
0.0212558
0.0210985
0.0213958
0.0220905
0.02321
0.024627
0.0261784
0.027829
0.0294928
0.0311436
0.0328238
0.0344986
0.0362119
0.0380027
0.0398364
0.0417592
0.0438196
0.0459669
0.0481973
0.0505453
0.0529761
0.0554981
0.058103
0.0608089
0.0636083
0.0665179
0.0695215
0.0726443
0.0758865
0.0792388
0.0827229
0.0863225
0.0900697
0.0939264
0.097952
0.102093
0.106407
0.110856
0.115463
0.120246
0.12515
0.130298
0.135492
0.140982
0.146273
0.151267
0.0193446
0.021682
0.0221693
0.0217809
0.0212879
0.0211234
0.0214198
0.0221302
0.0232447
0.0246596
0.026219
0.0278619
0.0295267
0.0311811
0.0328537
0.0345272
0.0362383
0.0380254
0.0398619
0.0417823
0.0438378
0.0459848
0.0482137
0.0505594
0.0529891
0.0555105
0.0581153
0.0608204
0.0636188
0.0665288
0.0695319
0.072654
0.0758959
0.0792474
0.0827312
0.0863301
0.0900767
0.0939328
0.097958
0.102098
0.106413
0.110861
0.115468
0.120253
0.125158
0.130307
0.135503
0.140996
0.146291
0.151287
0.0193415
0.0216839
0.0221747
0.0217934
0.0213083
0.0211414
0.0214354
0.0221599
0.0232767
0.0246886
0.0262572
0.0278967
0.0295588
0.0312173
0.0328845
0.0345552
0.0362646
0.0380478
0.0398855
0.0418046
0.0438566
0.0460035
0.0482311
0.0505745
0.0530032
0.0555235
0.0581272
0.0608321
0.0636305
0.06654
0.0695418
0.0726637
0.0759057
0.0792562
0.0827396
0.086338
0.0900843
0.0939399
0.0979645
0.102105
0.106419
0.110867
0.115474
0.120259
0.125165
0.130316
0.135514
0.14101
0.146308
0.151307
0.0193284
0.0216753
0.022167
0.021792
0.0213156
0.0211509
0.0214445
0.0221803
0.0233057
0.0247156
0.0262914
0.0279328
0.02959
0.0312501
0.0329142
0.034581
0.0362893
0.0380705
0.0399096
0.0418281
0.0438758
0.0460222
0.048249
0.0505899
0.0530181
0.0555374
0.0581396
0.0608437
0.063642
0.0665519
0.0695531
0.072674
0.0759155
0.0792653
0.0827484
0.086346
0.0900918
0.0939472
0.0979714
0.102111
0.106425
0.110874
0.11548
0.120267
0.125174
0.130326
0.135526
0.141024
0.146326
0.151327
0.0192997
0.0216521
0.0221444
0.0217737
0.0213068
0.0211478
0.0214449
0.0221918
0.0233312
0.0247425
0.0263225
0.0279691
0.0296224
0.0312817
0.0329446
0.0346062
0.0363104
0.0380905
0.0399321
0.0418519
0.043897
0.046042
0.0482674
0.0506057
0.0530328
0.0555514
0.0581521
0.0608559
0.0636541
0.0665636
0.0695643
0.0726853
0.0759262
0.0792749
0.0827576
0.0863545
0.0900999
0.0939547
0.0979783
0.102118
0.106432
0.11088
0.115486
0.120274
0.125182
0.130336
0.135538
0.141039
0.146344
0.151347
0.0192555
0.0216129
0.0221064
0.0217379
0.0212821
0.0211313
0.021435
0.0221937
0.0233501
0.0247682
0.0263503
0.0280019
0.0296524
0.031309
0.0329734
0.0346322
0.0363325
0.0381119
0.0399549
0.0418747
0.0439186
0.0460633
0.0482874
0.0506225
0.0530481
0.0555657
0.0581642
0.0608673
0.0636665
0.0665765
0.0695761
0.0726963
0.075937
0.0792851
0.0827673
0.0863632
0.0901083
0.0939627
0.0979857
0.102125
0.106439
0.110887
0.115493
0.120282
0.125191
0.130346
0.13555
0.141054
0.146362
0.151367
0.0191937
0.0215524
0.0220481
0.0216815
0.0212391
0.0211014
0.0214174
0.0221901
0.0233645
0.0247951
0.0263793
0.0280346
0.0296825
0.031331
0.0329939
0.034652
0.0363493
0.0381305
0.0399782
0.0418993
0.0439416
0.0460852
0.0483077
0.0506404
0.0530643
0.0555812
0.0581777
0.0608793
0.0636787
0.0665889
0.0695886
0.0727087
0.0759484
0.0792955
0.0827775
0.0863723
0.090117
0.0939709
0.0979932
0.102133
0.106446
0.110894
0.1155
0.12029
0.1252
0.130356
0.135563
0.141069
0.146381
0.151388
0.0191091
0.0214651
0.021964
0.0215994
0.0211714
0.0210524
0.0213883
0.0221814
0.0233747
0.0248225
0.0264099
0.0280665
0.0297154
0.0313564
0.0330148
0.0346721
0.0363643
0.038145
0.0399983
0.0419219
0.0439647
0.0461084
0.0483284
0.0506577
0.0530799
0.0555961
0.0581912
0.060892
0.0636922
0.0666028
0.0696015
0.072721
0.0759604
0.0793068
0.0827879
0.0863815
0.090126
0.0939794
0.098001
0.10214
0.106453
0.110902
0.115507
0.120298
0.125208
0.130366
0.135575
0.141083
0.146398
0.151407
0.0189931
0.0213451
0.0218474
0.0214868
0.0210745
0.0209799
0.0213446
0.0221668
0.0233818
0.0248491
0.0264402
0.0280927
0.0297416
0.0313761
0.0330301
0.0346908
0.0363831
0.0381635
0.0400215
0.0419464
0.043987
0.0461308
0.0483493
0.0506753
0.0530953
0.0556107
0.0582047
0.0609042
0.0637049
0.0666169
0.0696163
0.0727351
0.0759734
0.0793195
0.0828005
0.0863927
0.0901369
0.0939898
0.0980109
0.10215
0.106462
0.110911
0.115516
0.120308
0.12522
0.130378
0.13559
0.1411
0.146418
0.15143
0.0188476
0.0211871
0.0216906
0.0213406
0.0209497
0.0208869
0.021288
0.0221468
0.0233865
0.0248746
0.0264722
0.0281176
0.0297643
0.0313927
0.0330384
0.0347018
0.0363976
0.0381796
0.0400454
0.041975
0.0440135
0.046156
0.0483712
0.0506924
0.0531099
0.0556239
0.0582168
0.0609153
0.0637158
0.0666283
0.0696275
0.0727457
0.0759836
0.0793291
0.0828092
0.0864003
0.0901444
0.093997
0.0980173
0.102156
0.106468
0.110918
0.115522
0.120315
0.125227
0.130387
0.135601
0.141113
0.146434
0.151447
0.0186783
0.0209855
0.0214838
0.0211529
0.0207961
0.0207785
0.0212258
0.0221274
0.0233927
0.0248965
0.0264993
0.028136
0.0297792
0.0314047
0.0330449
0.0347126
0.0364157
0.0381993
0.0400707
0.0420055
0.0440423
0.0461853
0.0483993
0.0507156
0.0531303
0.0556434
0.0582361
0.0609338
0.0637336
0.0666475
0.0696476
0.0727641
0.0760007
0.079346
0.0828257
0.086415
0.0901587
0.0940107
0.0980303
0.102169
0.10648
0.110929
0.115533
0.120327
0.125241
0.130401
0.135617
0.141131
0.146454
0.151471
0.0184684
0.0207274
0.0212151
0.0209146
0.0206079
0.0206538
0.021161
0.022113
0.0234062
0.0249189
0.0265189
0.0281396
0.0297713
0.0313916
0.0330274
0.0347024
0.0364195
0.0382089
0.0400869
0.042028
0.0440611
0.0462014
0.0484141
0.0507263
0.0531388
0.0556509
0.0582436
0.0609413
0.0637401
0.0666551
0.0696569
0.0727731
0.076009
0.0793543
0.0828334
0.0864217
0.0901652
0.0940171
0.0980362
0.102175
0.106486
0.110936
0.115539
0.120334
0.125248
0.13041
0.135628
0.141144
0.14647
0.151487
0.0181383
0.0203785
0.0208848
0.0206438
0.0204231
0.0205643
0.0211526
0.0221621
0.0234786
0.0249847
0.0265693
0.0281687
0.0297853
0.0314028
0.0330372
0.0347181
0.0364488
0.0382434
0.0401243
0.0420713
0.0441009
0.0462377
0.0484482
0.0507541
0.0531628
0.055674
0.0582671
0.0609648
0.0637616
0.0666769
0.0696798
0.0727935
0.0760276
0.079373
0.0828516
0.0864378
0.0901808
0.0940321
0.0980505
0.102189
0.106499
0.110949
0.115552
0.120347
0.125262
0.130424
0.135644
0.141161
0.146489
0.15151
0.017436
0.0195998
0.0201582
0.0200678
0.0200379
0.0203566
0.0210773
0.0221633
0.0234996
0.0249878
0.0265499
0.0281288
0.0297351
0.0313586
0.0330047
0.0347004
0.0364512
0.0382554
0.0401382
0.0420896
0.0441161
0.0462485
0.0484609
0.0507659
0.0531722
0.0556826
0.0582763
0.0609751
0.0637701
0.066686
0.0696923
0.0728059
0.0760385
0.079384
0.0828627
0.0864476
0.0901901
0.0940413
0.0980591
0.102197
0.106507
0.110957
0.11556
0.120356
0.125272
0.130435
0.135657
0.141177
0.146506
0.151528
0.0176333
0.0193303
0.0197128
0.0196963
0.0198458
0.0203274
0.0211551
0.0222732
0.0235863
0.0250285
0.0265561
0.0281153
0.0297144
0.031347
0.0330054
0.0347118
0.036477
0.0382899
0.0401729
0.0421279
0.0441523
0.0462773
0.0484865
0.0507876
0.0531894
0.0556991
0.0582947
0.0609946
0.0637876
0.0667026
0.0697103
0.0728222
0.076053
0.0793988
0.0828774
0.0864607
0.0902025
0.094054
0.0980714
0.102209
0.106518
0.110968
0.11557
0.120367
0.125283
0.130447
0.13567
0.141191
0.146522
0.151545
0.0152937
0.0175357
0.0185608
0.0191502
0.019727
0.0204443
0.0213443
0.0224235
0.0236621
0.0250355
0.026518
0.0280601
0.0296629
0.0313156
0.032999
0.0347234
0.0365028
0.0383235
0.0402042
0.0421583
0.0441812
0.046301
0.0485115
0.0508152
0.0532134
0.0557208
0.0583172
0.0610177
0.0638084
0.0667225
0.0697335
0.0728455
0.0760737
0.0794185
0.0828979
0.0864793
0.0902199
0.0940708
0.0980875
0.102224
0.106532
0.110983
0.115584
0.120381
0.125298
0.130463
0.135687
0.141209
0.146543
0.151569
0.0135168
0.0148175
0.0165409
0.0181511
0.019469
0.0205275
0.0215043
0.0225445
0.023708
0.0250082
0.0264439
0.0279743
0.0295871
0.0312612
0.0329686
0.0347111
0.0365045
0.0383354
0.0402181
0.0421727
0.0441961
0.0463097
0.0485169
0.0508213
0.0532169
0.0557235
0.0583234
0.0610257
0.0638154
0.0667285
0.0697408
0.0728528
0.0760796
0.0794249
0.082905
0.0864855
0.0902253
0.0940771
0.0980934
0.102229
0.106538
0.110989
0.11559
0.120387
0.125305
0.13047
0.135696
0.141219
0.146554
0.15158
0.0124216
0.0150656
0.01693
0.0183426
0.0195272
0.0206002
0.0216238
0.0226685
0.0238082
0.0250663
0.0264558
0.0279638
0.0295756
0.0312608
0.0329873
0.0347481
0.0365517
0.0383878
0.0402683
0.0422175
0.0442388
0.0463476
0.0485524
0.0508609
0.0532534
0.0557563
0.0583573
0.0610595
0.0638469
0.0667587
0.0697727
0.0728853
0.0761095
0.0794525
0.0829338
0.0865123
0.0902504
0.0941012
0.098117
0.102251
0.106559
0.11101
0.11561
0.120407
0.125325
0.13049
0.135717
0.141241
0.146578
0.151608
0.0114964
0.0131403
0.0152466
0.017276
0.0190266
0.0204412
0.0215993
0.022675
0.023814
0.0250552
0.0264148
0.0279066
0.0295168
0.0312063
0.0329438
0.0347197
0.0365371
0.0383833
0.0402704
0.0422203
0.0442433
0.0463505
0.048551
0.0508617
0.0532544
0.0557549
0.0583589
0.0610627
0.0638494
0.0667606
0.0697748
0.0728884
0.0761119
0.0794547
0.0829369
0.0865154
0.0902525
0.0941043
0.09812
0.102254
0.106562
0.111014
0.115613
0.12041
0.125329
0.130494
0.135722
0.141247
0.146585
0.151613
0.0101143
0.0133792
0.0157703
0.0176309
0.019164
0.0204663
0.0216105
0.0227021
0.0238544
0.0251
0.0264523
0.0279361
0.0295444
0.0312334
0.032972
0.034751
0.036571
0.0384189
0.0403071
0.0422565
0.0442792
0.0463879
0.0485877
0.0509004
0.0532942
0.0557921
0.0583954
0.0610995
0.0638852
0.0667956
0.0698103
0.0729241
0.0761468
0.0794868
0.0829696
0.086547
0.0902828
0.0941328
0.0981479
0.102281
0.106587
0.111039
0.115636
0.120433
0.125352
0.130517
0.135745
0.14127
0.14661
0.151643
)
;

boundaryField
{
    zeroGradientPlanes
    {
        type            zeroGradient;
    }
    inlet
    {
        type            zeroGradient;
    }
    plate
    {
        type            zeroGradient;
    }
    frontAndBack
    {
        type            empty;
    }
}


// ************************************************************************* //
