/*--------------------------------*- C++ -*----------------------------------*\
| =========                 |                                                 |
| \\      /  F ield         | OpenFOAM: The Open Source CFD Toolbox           |
|  \\    /   O peration     | Version:  v2012                                 |
|   \\  /    A nd           | Website:  www.openfoam.com                      |
|    \\/     M anipulation  |                                                 |
\*---------------------------------------------------------------------------*/
FoamFile
{
    version     2.0;
    format      ascii;
    class       volScalarField;
    location    "6.6";
    object      p;
}
// * * * * * * * * * * * * * * * * * * * * * * * * * * * * * * * * * * * * * //

dimensions      [0 2 -2 0 0 0 0];


internalField   nonuniform List<scalar> 
7000
(
8.72303e-13
0.000533705
-0.00315212
-0.000206373
0.00183654
0.00316205
0.00477911
0.00720514
0.00578755
0.00705844
0.00715155
0.00977108
0.00907124
0.0116706
0.0119244
0.0148272
0.0159512
0.0196308
0.0224589
0.028427
-6.77501e-06
0.000533894
-0.0031428
-0.000201377
0.00182524
0.00316006
0.00478379
0.00719094
0.00578991
0.0070569
0.00714906
0.00976592
0.00907927
0.0116634
0.0119372
0.0148112
0.0159744
0.0195959
0.0224938
0.028186
-1.42649e-05
0.000535378
-0.00313352
-0.000198712
0.00180533
0.00316099
0.00478707
0.00717961
0.00579003
0.00706325
0.00714861
0.0097603
0.00909592
0.01165
0.011956
0.0147856
0.016005
0.0195385
0.0225243
0.0277586
-2.20692e-05
0.000537485
-0.00312259
-0.000199169
0.00178497
0.00316331
0.00478768
0.00717189
0.00578901
0.00707461
0.00714887
0.00975236
0.00911853
0.0116307
0.0119786
0.0147531
0.0160389
0.0194704
0.0225258
0.0273071
-3.07019e-05
0.000540458
-0.00310765
-0.000200569
0.00176607
0.0031649
0.00478783
0.00716551
0.00578853
0.00708682
0.00715041
0.00974121
0.00914485
0.0116062
0.0120038
0.0147146
0.016075
0.0193917
0.0225039
0.0268774
-3.99909e-05
0.00054453
-0.00308667
-0.000201225
0.00174849
0.00316572
0.00478888
0.00715937
0.00578924
0.00709799
0.00715402
0.00972619
0.00917429
0.0115764
0.0120318
0.0146706
0.0161116
0.0193048
0.022462
0.0264741
-4.95265e-05
0.000549694
-0.00305853
-0.000199881
0.00173245
0.00316642
0.00479127
0.00715299
0.00579135
0.00710704
0.00716014
0.00970693
0.00920698
0.0115414
0.0120625
0.0146209
0.0161473
0.0192115
0.0224004
0.0260914
-5.88902e-05
0.000555817
-0.00302307
-0.000195687
0.00171827
0.00316725
0.00479483
0.00714598
0.0057947
0.00711325
0.00716898
0.00968314
0.00924304
0.0115012
0.0120955
0.014566
0.0161804
0.019113
0.0223185
0.025724
-6.77942e-05
0.000562762
-0.00298067
-0.000188338
0.00170593
0.00316811
0.00479898
0.00713768
0.00579904
0.007116
0.00718058
0.00965461
0.00928247
0.0114558
0.01213
0.0145068
0.0162085
0.0190106
0.0222157
0.0253682
-7.61386e-05
0.000570468
-0.00293184
-0.000177966
0.0016952
0.0031687
0.00480292
0.00712719
0.00580409
0.00711467
0.00719508
0.00962118
0.00932513
0.0114053
0.0121648
0.0144443
0.0162292
0.0189055
0.0220917
0.0250214
-8.39844e-05
0.000578976
-0.002877
-0.000164759
0.0016861
0.0031687
0.00480586
0.00711357
0.00580976
0.00710871
0.00721262
0.00958276
0.00937065
0.0113503
0.0121987
0.0143799
0.01624
0.0187984
0.0219468
0.0246811
-9.14789e-05
0.000588358
-0.00281651
-0.000148627
0.00167901
0.00316799
0.00480727
0.0070959
0.0058161
0.00709762
0.00723338
0.00953935
0.00941847
0.0112914
0.0122298
0.0143151
0.016239
0.0186895
0.021782
0.0243445
-9.87751e-05
0.000598629
-0.00275078
-0.000127661
0.00167444
0.0031666
0.00480709
0.00707373
0.00582338
0.00708103
0.0072575
0.00949108
0.00946785
0.0112297
0.0122563
0.0142512
0.0162245
0.0185785
0.0215984
0.024009
-0.000105983
0.000609713
-0.00268048
-0.000104999
0.00167261
0.00316466
0.00480568
0.00704692
0.00583198
0.00705868
0.00728499
0.00943821
0.0095178
0.0111664
0.0122762
0.014189
0.0161957
0.0184643
0.0213971
0.0236724
-0.000113163
0.000621457
-0.00260639
-7.93406e-05
0.00167327
0.00316219
0.00480371
0.00701561
0.00584228
0.00703043
0.00731578
0.0093812
0.00956694
0.0111035
0.0122874
0.0141293
0.016152
0.0183446
0.0211792
0.0233324
-0.000120329
0.000633672
-0.00252928
-5.12073e-05
0.00167576
0.00315908
0.00480192
0.00697997
0.00585461
0.00699625
0.0073496
0.0093208
0.00961351
0.0110428
0.0122885
0.0140717
0.0160937
0.0182175
0.0209459
0.0229872
-0.000127468
0.000646185
-0.00244979
-2.12602e-05
0.00167933
0.00315513
0.00480098
0.00694056
0.00586918
0.0069562
0.00738602
0.00925814
0.0096554
0.010986
0.0122784
0.0140155
0.0160217
0.0180809
0.0206981
0.0226353
-0.000134559
0.000658872
-0.00236834
9.901e-06
0.00168343
0.00315007
0.00480137
0.0068976
0.00588607
0.0069105
0.00742427
0.00919478
0.00969041
0.0109343
0.0122567
0.0139594
0.015937
0.0179328
0.0204365
0.0222756
-0.000141575
0.000671667
-0.00228514
4.18222e-05
0.00168775
0.00314365
0.0048034
0.00685118
0.00590518
0.00685959
0.00746326
0.00913265
0.00971649
0.0108887
0.0122234
0.0139014
0.0158411
0.0177717
0.020161
0.0219076
-0.000148491
0.000684552
-0.00220023
7.42003e-05
0.00169222
0.00313566
0.00480722
0.00680142
0.00592633
0.00680415
0.00750149
0.00907386
0.00973199
0.0108491
0.0121791
0.0138389
0.0157357
0.0175982
0.0198718
0.0215304
-0.000155277
0.000697532
-0.00211354
0.000106837
0.00169695
0.00312594
0.00481292
0.00674839
0.00594913
0.00674526
0.00753712
0.00902042
0.00973579
0.010815
0.0121255
0.0137691
0.0156208
0.0174129
0.0195704
0.021144
-0.000161898
0.000710613
-0.00202493
0.000139598
0.00170211
0.00311432
0.00482051
0.0066922
0.00597294
0.00668427
0.00756832
0.00897373
0.00972751
0.0107846
0.0120643
0.0136905
0.0154961
0.0172152
0.0192577
0.0207496
-0.00016831
0.000723785
-0.00193428
0.000172389
0.00170789
0.00310069
0.00482994
0.00663315
0.00599689
0.00662256
0.00759357
0.00893457
0.00970746
0.010756
0.0119967
0.0136021
0.0153627
0.0170048
0.0189337
0.0203485
-0.000174461
0.000737021
-0.00184146
0.000205134
0.00171448
0.00308491
0.00484102
0.00657167
0.00602002
0.00656164
0.00761145
0.00890337
0.009676
0.0107276
0.0119243
0.0135016
0.0152214
0.0167835
0.0185977
0.0199413
-0.00018029
0.000750265
-0.00174639
0.000237758
0.00172202
0.00306696
0.00485356
0.00650831
0.0060409
0.00650311
0.00762074
0.00888026
0.00963374
0.0106965
0.01185
0.0133871
0.01507
0.0165559
0.0182521
0.0195272
-0.00018573
0.000763449
-0.00164905
0.000270221
0.00173065
0.00304685
0.00486716
0.00644427
0.00605782
0.00644791
0.00762082
0.0088647
0.00958259
0.010658
0.0117754
0.0132614
0.0149022
0.0163211
0.0179048
0.0191085
-0.000190708
0.000776498
-0.00154945
0.000302476
0.00174048
0.00302474
0.00488106
0.00638097
0.00607013
0.00639624
0.00761154
0.00885513
0.00952538
0.0106093
0.0116975
0.0131288
0.0147216
0.0160707
0.0175549
0.0186913
-0.000195133
0.000789276
-0.00144753
0.000334413
0.0017515
0.00300079
0.00489491
0.00631846
0.00607691
0.00634905
0.00759285
0.00884956
0.00946399
0.0105495
0.0116157
0.0129843
0.0145343
0.0158132
0.0171946
0.0182727
-0.000198897
0.000801654
-0.00134336
0.000366046
0.00176379
0.00297506
0.00490797
0.00625852
0.0060765
0.00630649
0.0075652
0.00884695
0.00939895
0.0104768
0.0115306
0.0128281
0.0143335
0.0155579
0.0168252
0.0178498
-0.000201917
0.000813544
-0.00123702
0.000397464
0.00177726
0.00294832
0.00491839
0.00620338
0.00606892
0.00626778
0.00752847
0.00884621
0.00933214
0.0103917
0.0114358
0.0126654
0.0141178
0.0152887
0.0164687
0.0174308
-0.000204034
0.000824775
-0.00112847
0.000428593
0.00179168
0.00292091
0.00492616
0.00615204
0.00605386
0.00623392
0.00748369
0.00884178
0.0092683
0.0102909
0.0113371
0.0124926
0.0138788
0.015014
0.0161299
0.0170107
-0.000205204
0.000835273
-0.00101787
0.000459694
0.00180676
0.00289337
0.00493042
0.00610594
0.00603122
0.00620112
0.0074372
0.00882821
0.00920739
0.0101749
0.0112317
0.0123201
0.0136198
0.0147219
0.0157728
0.0165986
-0.000205293
0.000844839
-0.000905172
0.000490784
0.00182231
0.00286664
0.00493005
0.00606534
0.00600381
0.00616461
0.00739165
0.00880666
0.00914552
0.0100497
0.0111062
0.0121462
0.0133693
0.0143961
0.0154131
0.0162096
-0.000203903
0.000853276
-0.000790523
0.000521675
0.00183836
0.00284045
0.00492588
0.00602641
0.00597032
0.00612998
0.00734058
0.0087797
0.00908458
0.00991202
0.0109729
0.0119564
0.0131047
0.0140838
0.0149886
0.0158144
-0.000201332
0.000860887
-0.000674363
0.000553565
0.00185344
0.00281731
0.00491411
0.00600054
0.00592871
0.00609548
0.00728597
0.00874586
0.00902053
0.00976953
0.0108213
0.0117576
0.0128067
0.0137577
0.0146463
0.0154301
-0.000197325
0.00086719
-0.000556657
0.000586662
0.00186743
0.00279708
0.00489604
0.00597924
0.00588517
0.00605206
0.00723603
0.008704
0.00894691
0.00961822
0.0106495
0.0115533
0.0125116
0.0134021
0.0143615
0.0150621
-0.000191078
0.000871929
-0.000437696
0.000619882
0.00188139
0.00277793
0.00487586
0.00594003
0.00584652
0.0060018
0.00718078
0.00865903
0.0088725
0.00944665
0.0104738
0.0113239
0.0122372
0.0130783
0.0138863
0.0146754
-0.000183494
0.000876076
-0.000318236
0.00065574
0.00189215
0.00276393
0.00484568
0.00593088
0.00580172
0.00595016
0.00711735
0.00860574
0.00879565
0.00926644
0.0102654
0.0111018
0.0119389
0.0127388
0.0135321
0.0143021
-0.000174208
0.000878757
-0.000198095
0.000694535
0.0018994
0.00275414
0.00480981
0.00592321
0.00575833
0.00589075
0.00705265
0.00854036
0.00871177
0.00907422
0.0100338
0.010883
0.0116346
0.0123665
0.0132912
0.0139462
-0.000161837
0.00087946
-7.8024e-05
0.000734015
0.00190641
0.00274483
0.00477634
0.00586305
0.00573261
0.00582078
0.00697707
0.00847061
0.00862076
0.00887554
0.00981225
0.0106255
0.0113655
0.0120162
0.0127204
0.0135612
-0.000147977
0.000880068
4.01261e-05
0.00077893
0.00190893
0.00274051
0.00473327
0.00584944
0.00569852
0.0057556
0.00689188
0.00839058
0.00851886
0.00866768
0.00956154
0.010369
0.0110606
0.0116766
0.0123415
0.0131827
-0.000132345
0.000879611
0.000156834
0.000828751
0.00190709
0.0027402
0.00468567
0.0058395
0.00566167
0.00569082
0.00680295
0.0082922
0.00840714
0.00845021
0.00928514
0.010121
0.0107396
0.0113239
0.0121572
0.01282
-0.000112487
0.000877113
0.000271686
0.000879259
0.00190699
0.00273699
0.00464629
0.0057587
0.00563873
0.00562003
0.00670393
0.00818938
0.00828986
0.00820979
0.0090217
0.00983735
0.0104687
0.0109393
0.0114841
0.0124272
-9.15165e-05
0.000875672
0.000382375
0.000936747
0.00190167
0.00273764
0.00459683
0.00573979
0.00560203
0.00555258
0.0065933
0.00807556
0.0081681
0.00797183
0.00871583
0.00954537
0.0101573
0.010588
0.0110872
0.0120504
-6.80465e-05
0.000873707
0.000489593
0.000999306
0.00189298
0.00273987
0.00454459
0.00572132
0.00555779
0.00548427
0.00647613
0.00794317
0.00805026
0.0077364
0.00838345
0.00922879
0.00979161
0.0102798
0.0109917
0.0116848
-3.9664e-05
0.000870286
0.000593029
0.00106153
0.00189142
0.00273385
0.00450532
0.00563598
0.00552968
0.00540491
0.00634912
0.00779855
0.00794086
0.00754623
0.00807463
0.00885559
0.00941895
0.00981051
0.010278
0.0113343
-1.11042e-05
0.000869137
0.000690611
0.00112969
0.00188865
0.00272677
0.00445997
0.00557617
0.00549379
0.00532369
0.00621015
0.00764122
0.00783137
0.00737792
0.0077388
0.00847607
0.00900068
0.00931108
0.00986433
0.0111013
2.15067e-05
0.00086825
0.000783096
0.00120096
0.00188595
0.0027192
0.00440771
0.00552412
0.00544761
0.00524665
0.0060569
0.00747274
0.0077215
0.00720501
0.00739123
0.00807967
0.00855618
0.0089184
0.00954837
0.0107767
5.76848e-05
0.000867839
0.000870156
0.00127244
0.00188827
0.0027094
0.00435266
0.00545583
0.00539982
0.00516777
0.00589524
0.00729687
0.00759508
0.00701933
0.00704923
0.00765647
0.00816639
0.00859596
0.00919581
0.0104079
9.54176e-05
0.000869312
0.000951192
0.001345
0.00189403
0.00269887
0.00429317
0.00538013
0.00534624
0.00508892
0.00573486
0.00710182
0.00743994
0.00684056
0.0067203
0.007246
0.00779588
0.00823933
0.00883759
0.0100818
0.000136995
0.000872008
0.00102723
0.001416
0.00190293
0.00268823
0.00423009
0.00529529
0.00528533
0.00501473
0.00557036
0.00688403
0.00727217
0.00666787
0.00640928
0.00683808
0.00739874
0.0078782
0.00852405
0.00978779
0.000181365
0.000876281
0.00109849
0.0014842
0.00191461
0.0026782
0.00416346
0.00520158
0.00521906
0.0049405
0.00540042
0.00665391
0.00709162
0.00649064
0.00611052
0.00643041
0.00699722
0.00752955
0.00823932
0.00950671
0.000228789
0.000882095
0.00116502
0.00154969
0.00192771
0.00266793
0.00409564
0.0051013
0.00514366
0.00486365
0.00523176
0.00641227
0.00689089
0.00630429
0.0058335
0.00603874
0.00658817
0.00717853
0.00794981
0.00923456
0.000279133
0.000889713
0.00122737
0.00161186
0.00194016
0.00265734
0.00402766
0.00499495
0.0050582
0.00478594
0.00506714
0.00615699
0.00667115
0.00611588
0.00557114
0.00565695
0.00617496
0.00681494
0.00766289
0.00897637
0.000332657
0.00089946
0.0012848
0.00166966
0.00195246
0.00264745
0.00395811
0.0048824
0.00496131
0.00470413
0.00490615
0.00589174
0.00643733
0.00592125
0.00531681
0.00528969
0.00576149
0.00644512
0.00736143
0.00871918
0.000389227
0.000911336
0.00133742
0.00172419
0.00196241
0.00263512
0.00389049
0.00476811
0.00485557
0.00461495
0.00474785
0.00561973
0.00618642
0.00571813
0.00507079
0.00494102
0.00535801
0.00606498
0.00704352
0.00845832
0.000448906
0.000926286
0.00138441
0.00177679
0.00196956
0.00261615
0.00382454
0.00465592
0.00474379
0.00451811
0.00459348
0.00534323
0.00591502
0.00550451
0.00483202
0.004613
0.00496006
0.00567108
0.00670637
0.00819457
0.000510203
0.000945153
0.00142669
0.00182574
0.00197336
0.00259208
0.00375693
0.00454206
0.00462714
0.00441404
0.00444436
0.0050676
0.00562495
0.00528038
0.00459692
0.00429896
0.00457147
0.00527317
0.00636013
0.00792249
0.000573914
0.000967128
0.00146526
0.00186937
0.00197163
0.00256101
0.00371125
0.00442747
0.00450948
0.00430334
0.00429805
0.00479717
0.00532028
0.00504133
0.00436383
0.00400096
0.00419451
0.00487698
0.00599723
0.00763635
0.000641941
0.000991665
0.00149969
0.00190969
0.00197749
0.00252397
0.00359196
0.0043115
0.0043929
0.0041865
0.00415191
0.0045353
0.00500342
0.00478681
0.004131
0.00371826
0.00383559
0.00448312
0.00562795
0.00734299
0.000709748
0.00102036
0.001532
0.00194638
0.00197975
0.00247212
0.00349792
0.00419578
0.00427704
0.00406486
0.0040041
0.0042834
0.00467917
0.00451642
0.00389396
0.00344822
0.00349438
0.00409698
0.00525723
0.00704232
0.000779349
0.00105355
0.00155971
0.0019768
0.00197211
0.00241746
0.00340177
0.00407748
0.00416188
0.00393992
0.00385142
0.00404099
0.00435368
0.00422837
0.0036484
0.00318517
0.00317022
0.00372722
0.00489029
0.0067332
0.000851448
0.0010891
0.00158177
0.00200164
0.00196583
0.00235397
0.003301
0.00395692
0.00404519
0.00381173
0.00368928
0.00380434
0.00402873
0.00392495
0.00339268
0.00292481
0.0028644
0.00337557
0.00453095
0.00642269
0.000923462
0.00112684
0.00159996
0.00202053
0.00196042
0.00229685
0.00319654
0.00382885
0.00392106
0.00367698
0.00351657
0.00357057
0.00371189
0.00361294
0.00312735
0.00266553
0.0025724
0.00304153
0.00418646
0.00611689
0.000995841
0.00116756
0.00161381
0.00203248
0.00195794
0.00224102
0.00308614
0.0036904
0.00378539
0.00353898
0.00333945
0.00334124
0.00340715
0.00329644
0.00285103
0.00240234
0.00229025
0.00272566
0.00385891
0.00581715
0.00106809
0.00121044
0.00162418
0.00203807
0.00195587
0.00218471
0.00297007
0.00354349
0.00364066
0.00340085
0.00316166
0.00311141
0.00310983
0.00297625
0.00256502
0.00213472
0.00201565
0.00242692
0.00354848
0.00552601
0.00113947
0.00125531
0.00163227
0.00203694
0.00195237
0.00212937
0.00285135
0.00339088
0.00348654
0.00325971
0.00298303
0.00287807
0.00281827
0.00265709
0.00227367
0.0018639
0.0017454
0.00214241
0.00325434
0.00524398
0.00120954
0.00130198
0.00163879
0.0020289
0.0019465
0.00207523
0.00273045
0.00323344
0.00332173
0.00311192
0.00280559
0.00264325
0.00253222
0.00234142
0.0019788
0.0015902
0.00147639
0.00186719
0.00297326
0.00497151
0.00127798
0.00135011
0.00164434
0.00201422
0.00193678
0.0020218
0.00260825
0.00307262
0.00314722
0.00295514
0.00263042
0.00240889
0.00224935
0.00202918
0.00168151
0.00131456
0.00120775
0.00159774
0.00270259
0.00470823
0.0013445
0.00139917
0.0016495
0.00199338
0.00192202
0.0019686
0.00248541
0.00290927
0.00296462
0.00278687
0.00245581
0.00217722
0.00196854
0.00172058
0.00138382
0.00103834
0.000939784
0.00133198
0.00243895
0.00445135
0.00140885
0.00144857
0.0016546
0.001967
0.00190146
0.00191519
0.00236204
0.0027438
0.00277588
0.00260572
0.00227921
0.00195055
0.00169139
0.00141615
0.00108602
0.000761495
0.000672703
0.00106802
0.00217821
0.00419858
0.00147078
0.00149778
0.00165999
0.00193582
0.00187427
0.00186063
0.00223822
0.00257674
0.00258343
0.00241231
0.00209784
0.00173007
0.00141973
0.00111532
0.00078758
0.000483705
0.000406462
0.000805159
0.00191854
0.00394794
0.00153003
0.00154624
0.00166573
0.00190052
0.00184008
0.00180416
0.00211439
0.00240831
0.00238914
0.00220788
0.00190833
0.00151461
0.00115425
0.000818167
0.000489637
0.000205315
0.000140609
0.000543359
0.00166021
0.00369862
0.00158601
0.00159344
0.00167171
0.00186182
0.00179875
0.00174486
0.00199068
0.00223859
0.00219448
0.00199494
0.00170812
0.00130167
0.000896234
0.000526447
0.000192422
-7.44964e-05
-0.000124879
0.000282996
0.00140282
0.00344956
0.00163942
0.00163882
0.00167776
0.00182052
0.00175048
0.00168171
0.00186693
0.00206737
0.00200017
0.00177661
0.00149599
0.00108838
0.000646604
0.000241717
-0.000103478
-0.000356388
-0.000390865
2.35234e-05
0.00114631
0.0032007
0.00169017
0.00168194
0.00168356
0.0017772
0.00169554
0.00161391
0.00174316
0.00189494
0.00180659
0.00155579
0.00127223
0.000871239
0.00040398
-3.51676e-05
-0.000396994
-0.000640625
-0.000658407
-0.000235172
0.000891134
0.00295216
0.00173797
0.00172239
0.00168879
0.00173254
0.00163449
0.00154067
0.0016191
0.00172124
0.00161331
0.00133517
0.00103925
0.000647202
0.000165388
-0.000303567
-0.000686067
-0.000926476
-0.00092865
-0.000494064
0.000637424
0.00270406
0.00178269
0.0017598
0.00169295
0.00168696
0.00156806
0.00146186
0.00149469
0.00154644
0.00141898
0.00111666
0.000800013
0.000414298
-7.20189e-05
-0.000564019
-0.000968915
-0.00121295
-0.00120251
-0.000754495
0.000384685
0.00245654
0.00182431
0.00179392
0.00169564
0.00164089
0.00149695
0.00137693
0.00136936
0.00137134
0.00122313
0.000901018
0.000557526
0.000172054
-0.000311423
-0.000818502
-0.0012448
-0.00149807
-0.00147958
-0.00101806
0.000131036
0.00220868
0.00186266
0.00182448
0.00169638
0.00159457
0.00142218
0.00128595
0.00124227
0.00119664
0.00102536
0.000687543
0.000315258
-7.80393e-05
-0.000556514
-0.00107071
-0.00151436
-0.00178004
-0.00175855
-0.00128504
-0.000124822
0.00195943
0.0018977
0.00185146
0.00169474
0.00154804
0.00134479
0.00118926
0.00111262
0.00102242
0.000825031
0.000474724
7.64167e-05
-0.000332488
-0.000807831
-0.0013236
-0.00177969
-0.00205916
-0.00203877
-0.00155669
-0.000385902
0.00170682
0.00192931
0.00187479
0.00169027
0.00150102
0.00126588
0.00108814
0.000980276
0.000849166
0.000622896
0.000259471
-0.000160392
-0.000588883
-0.0010642
-0.00157791
-0.00204181
-0.00233612
-0.00231939
-0.0018332
-0.000653335
0.00144961
0.00195743
0.00189463
0.00168309
0.00145309
0.00118543
0.000982787
0.000844999
0.00067758
0.000422958
4.25102e-05
-0.000397038
-0.000846753
-0.00132683
-0.00183675
-0.00230114
-0.0025979
-0.00259606
-0.00211203
-0.000925734
0.00118735
0.00198183
0.00191078
0.0016731
0.00140518
0.0011048
0.000874153
0.000704775
0.000503733
0.000224182
-0.000173811
-0.000631201
-0.00110199
-0.00159271
-0.00210194
-0.00256734
-0.0028726
-0.00287641
-0.00239466
-0.0012038
0.000918338
0.00200244
0.00192323
0.00165956
0.00135608
0.00102538
0.000766158
0.00056382
0.000326134
2.21117e-05
-0.000393044
-0.000866582
-0.00135403
-0.00185755
-0.00237041
-0.00283756
-0.00314802
-0.00315779
-0.00267924
-0.00148641
0.000642327
0.00201896
0.00193284
0.00164393
0.00130566
0.000944274
0.000656791
0.000424651
0.000151022
-0.000178378
-0.000613537
-0.00110733
-0.0016098
-0.00212405
-0.00264081
-0.00311085
-0.00342582
-0.00344126
-0.00296686
-0.00177393
0.000359454
0.00203135
0.00193858
0.00162616
0.00125662
0.00086484
0.00054443
0.000281929
-2.53942e-05
-0.00037741
-0.000828025
-0.00134513
-0.00187112
-0.00239739
-0.00291686
-0.00338916
-0.00370934
-0.00373133
-0.00326254
-0.00207114
6.53012e-05
0.00203863
0.00194117
0.00160556
0.00120785
0.000790026
0.000434709
0.00013803
-0.000205431
-0.000581295
-0.00104079
-0.0015752
-0.0021207
-0.00266461
-0.00319236
-0.00366836
-0.00399577
-0.00402709
-0.00356617
-0.00237779
-0.000240427
0.00204301
0.00193474
0.00157916
0.00115321
0.000713065
0.000322328
-6.79147e-06
-0.000387484
-0.000793953
-0.00126198
-0.00181154
-0.00237211
-0.00293437
-0.00347275
-0.00395398
-0.00428925
-0.00433109
-0.00388113
-0.00270099
-0.000565977
0.00205404
0.00195785
0.0015725
0.00112248
0.000655215
0.000218691
-0.000150866
-0.000567317
-0.00101037
-0.00147066
-0.00202153
-0.00260563
-0.00319032
-0.00374736
-0.00423979
-0.00458506
-0.00463958
-0.00420553
-0.00303746
-0.000907317
0.0020024
0.00189983
0.00152569
0.00107393
0.000598998
0.000130996
-0.000279317
-0.000725812
-0.00122508
-0.00171697
-0.00226348
-0.00285673
-0.00345206
-0.00402278
-0.00452875
-0.00489135
-0.00496675
-0.00455359
-0.00340533
-0.00129106
0.00205508
0.00194329
0.00153691
0.0010228
0.000488537
-4.35243e-05
-0.000489552
-0.000902495
-0.00135723
-0.00186096
-0.00241993
-0.00305101
-0.0036873
-0.00428166
-0.00479771
-0.00517005
-0.00526654
-0.00487761
-0.00375443
-0.00166447
0.001931
0.0018459
0.00156396
0.00114496
0.000602948
-8.62826e-05
-0.000703714
-0.00124649
-0.00170762
-0.00216992
-0.00269922
-0.00330227
-0.00395064
-0.0045823
-0.00512239
-0.00549768
-0.00558048
-0.00518494
-0.00406291
-0.00197836
0.00205194
0.00195095
0.00148879
0.000892756
0.000290873
-0.000256229
-0.000694803
-0.00111189
-0.00165792
-0.00219261
-0.00277783
-0.00342033
-0.00409911
-0.00479715
-0.00544904
-0.00594941
-0.00615688
-0.0058772
-0.00486226
-0.00287527
0.00195169
0.00189315
0.00143714
0.00096581
0.00040532
-0.000338473
-0.00105623
-0.00160592
-0.00209045
-0.00258703
-0.00312802
-0.00369223
-0.0042708
-0.00478466
-0.00520347
-0.00548372
-0.0055467
-0.00522253
-0.00426711
-0.00240717
0.00210459
0.00189505
0.00141211
0.000782341
0.000162793
-0.000372711
-0.000850599
-0.00123094
-0.0017659
-0.00237666
-0.00307158
-0.00382506
-0.00466223
-0.00556473
-0.00644873
-0.00719811
-0.0076496
-0.00759395
-0.00676771
-0.00494993
0.00229603
0.00175896
0.00120356
0.000578056
-9.39898e-06
-0.000708323
-0.00133332
-0.00182311
-0.00231871
-0.00296156
-0.00355571
-0.0040537
-0.00430086
-0.00424845
-0.00386279
-0.00320947
-0.00244399
-0.00184515
-0.00178092
-0.00257903
0.0022777
0.00180558
0.0012178
0.000643096
0.000161804
-0.000309043
-0.000751589
-0.00122322
-0.00177594
-0.00249226
-0.00335836
-0.00436638
-0.0054963
-0.00668039
-0.00782334
-0.00881213
-0.00950579
-0.0097046
-0.00914972
-0.00760151
0.00242426
0.00174976
0.00111323
0.000513913
3.99294e-05
-0.000573072
-0.00123567
-0.00199559
-0.00271435
-0.00325672
-0.00377801
-0.00439675
-0.00493899
-0.00525842
-0.00526391
-0.00496937
-0.00446936
-0.00403662
-0.0040451
-0.00485234
0.00241746
0.00172807
0.00111147
0.00059556
0.000272519
-6.48742e-05
-0.000406602
-0.000873426
-0.00151712
-0.00243747
-0.00365392
-0.00520814
-0.00701238
-0.00889661
-0.0106322
-0.0120268
-0.0129163
-0.013124
-0.0124384
-0.0106737
0.0378113
0.0141042
0.00469232
0.00334621
0.00333879
0.00311962
0.00270104
0.00217101
0.00164619
0.00120211
0.000797474
0.000385668
7.36404e-05
-9.02414e-05
-0.000257133
-0.00050265
-0.000751413
-0.000956866
-0.00119434
-0.00146041
-0.00169015
-0.00190105
-0.00214497
-0.00234754
-0.00249204
-0.00261806
-0.00282815
-0.00305981
-0.00328094
-0.00351536
-0.0037339
-0.00395589
-0.00421748
-0.00452581
-0.00479027
-0.00508007
-0.00537498
-0.00571423
-0.00606066
-0.00639651
-0.00676154
-0.00706823
-0.00748646
-0.00786941
-0.00835269
-0.00883267
-0.00938845
-0.010092
-0.0109412
-0.0120199
0.0369014
0.0141516
0.00473742
0.00336356
0.00334816
0.00312612
0.00270593
0.00217482
0.00164923
0.00120458
0.000799524
0.000387354
7.50215e-05
-8.9064e-05
-0.000256096
-0.000501737
-0.000750612
-0.000956146
-0.00119367
-0.0014598
-0.0016896
-0.00190054
-0.0021445
-0.00234713
-0.00249167
-0.00261772
-0.00282783
-0.00305951
-0.00328067
-0.00351511
-0.00373367
-0.00395567
-0.00421727
-0.00452562
-0.00479009
-0.0050799
-0.00537482
-0.00571407
-0.00606051
-0.00639638
-0.00676141
-0.00706811
-0.00748635
-0.00786931
-0.0083526
-0.00883259
-0.00938838
-0.010092
-0.0109412
-0.0120199
0.036104
0.0142412
0.00480922
0.00338651
0.00335845
0.00313272
0.00271071
0.00217843
0.00165204
0.00120686
0.000801409
0.000388879
7.62569e-05
-8.79925e-05
-0.000255148
-0.000500915
-0.000749899
-0.000955504
-0.00119308
-0.00145927
-0.00168911
-0.00190008
-0.00214409
-0.00234676
-0.00249135
-0.00261741
-0.00282754
-0.00305926
-0.00328043
-0.00351489
-0.00373347
-0.00395548
-0.00421709
-0.00452546
-0.00478994
-0.00507975
-0.00537468
-0.00571394
-0.00606039
-0.00639626
-0.0067613
-0.007068
-0.00748625
-0.00786922
-0.00835251
-0.00883252
-0.00938831
-0.0100919
-0.0109411
-0.01202
0.0353795
0.0143555
0.00491486
0.00342254
0.00337278
0.00314094
0.00271634
0.00218255
0.00165518
0.00120939
0.000803497
0.00039055
7.75865e-05
-8.68481e-05
-0.000254147
-0.000500062
-0.00074917
-0.000954854
-0.00119249
-0.00145874
-0.00168862
-0.00189963
-0.00214368
-0.0023464
-0.00249102
-0.00261709
-0.00282725
-0.003059
-0.00328019
-0.00351467
-0.00373327
-0.00395529
-0.00421691
-0.0045253
-0.00478979
-0.00507961
-0.00537455
-0.00571381
-0.00606026
-0.00639614
-0.00676119
-0.0070679
-0.00748615
-0.00786913
-0.00835243
-0.00883244
-0.00938824
-0.0100919
-0.0109411
-0.01202
0.0346667
0.0144797
0.00504872
0.00347258
0.0033927
0.00315186
0.00272358
0.00218772
0.00165911
0.00121257
0.000806144
0.000392677
7.9249e-05
-8.5474e-05
-0.000252985
-0.000499079
-0.000748339
-0.000954133
-0.00119185
-0.00145817
-0.0016881
-0.00189914
-0.00214324
-0.00234601
-0.00249066
-0.00261675
-0.00282694
-0.00305873
-0.00327994
-0.00351444
-0.00373305
-0.00395508
-0.00421672
-0.00452513
-0.00478963
-0.00507946
-0.0053744
-0.00571367
-0.00606014
-0.00639602
-0.00676108
-0.00706778
-0.00748604
-0.00786903
-0.00835234
-0.00883236
-0.00938816
-0.0100918
-0.0109411
-0.0120202
0.0339469
0.0146068
0.00519882
0.00353183
0.00341713
0.0031655
0.0027326
0.00219412
0.00166398
0.00121658
0.000809591
0.000395524
8.14548e-05
-8.37531e-05
-0.000251595
-0.000497906
-0.000747351
-0.000953305
-0.00119113
-0.00145754
-0.00168753
-0.0018986
-0.00214276
-0.00234558
-0.00249027
-0.00261637
-0.00282659
-0.00305844
-0.00327967
-0.00351419
-0.00373282
-0.00395486
-0.00421652
-0.00452495
-0.00478946
-0.0050793
-0.00537425
-0.00571353
-0.00606
-0.00639589
-0.00676096
-0.00706767
-0.00748593
-0.00786893
-0.00835224
-0.00883227
-0.00938807
-0.0100917
-0.010941
-0.0120203
0.0332214
0.0147325
0.00535733
0.00359575
0.00344416
0.00318119
0.00274319
0.00220162
0.00166975
0.00122146
0.000813947
0.00039929
8.44139e-05
-8.15609e-05
-0.000249927
-0.000496499
-0.000746155
-0.00095233
-0.00119032
-0.00145682
-0.00168687
-0.001898
-0.00214222
-0.00234509
-0.00248983
-0.00261594
-0.00282621
-0.00305813
-0.00327938
-0.00351392
-0.00373257
-0.00395462
-0.0042163
-0.00452476
-0.00478928
-0.00507913
-0.00537409
-0.00571339
-0.00605987
-0.00639577
-0.00676084
-0.00706754
-0.00748581
-0.00786882
-0.00835213
-0.00883217
-0.00938797
-0.0100916
-0.0109409
-0.0120205
0.0324947
0.0148542
0.00552121
0.00366219
0.00347247
0.00319825
0.00275497
0.00221
0.00167622
0.00122705
0.000819142
0.000404023
8.82713e-05
-7.87753e-05
-0.000247934
-0.000494835
-0.000744719
-0.000951171
-0.00118935
-0.00145596
-0.00168609
-0.00189729
-0.00214159
-0.00234454
-0.00248933
-0.00261545
-0.00282577
-0.00305778
-0.00327907
-0.00351363
-0.00373229
-0.00395436
-0.00421606
-0.00452456
-0.00478909
-0.00507895
-0.00537393
-0.00571323
-0.00605973
-0.00639563
-0.00676071
-0.00706742
-0.00748568
-0.0078687
-0.00835202
-0.00883205
-0.00938785
-0.0100914
-0.0109407
-0.0120208
0.0317696
0.0149706
0.00568987
0.00373049
0.00350134
0.00321616
0.00276765
0.002219
0.00168318
0.00123315
0.000824965
0.000409582
9.30306e-05
-7.53144e-05
-0.000245577
-0.000492925
-0.000743048
-0.000949814
-0.00118822
-0.00145492
-0.00168513
-0.00189643
-0.00214084
-0.0023439
-0.00248878
-0.00261491
-0.00282527
-0.00305738
-0.00327872
-0.00351332
-0.003732
-0.00395407
-0.0042158
-0.00452434
-0.00478889
-0.00507876
-0.00537375
-0.00571308
-0.00605959
-0.0063955
-0.00676058
-0.00706728
-0.00748555
-0.00786857
-0.00835189
-0.00883192
-0.00938771
-0.0100913
-0.0109405
-0.012021
0.0310478
0.0150809
0.00586329
0.0038005
0.00353036
0.00323455
0.00278101
0.00222849
0.00169048
0.00123959
0.000831192
0.00041571
9.85413e-05
-7.11739e-05
-0.000242833
-0.000490797
-0.000741187
-0.000948276
-0.00118691
-0.0014537
-0.00168398
-0.00189538
-0.00213993
-0.00234317
-0.00248819
-0.00261431
-0.0028247
-0.00305692
-0.00327833
-0.00351298
-0.00373167
-0.00395375
-0.0042155
-0.00452409
-0.00478866
-0.00507854
-0.00537355
-0.0057129
-0.00605944
-0.00639536
-0.00676045
-0.00706714
-0.00748541
-0.00786844
-0.00835175
-0.00883177
-0.00938754
-0.010091
-0.0109402
-0.0120213
0.0303304
0.0151843
0.00604127
0.00387219
0.00355923
0.00325316
0.00279487
0.00223835
0.00169804
0.00124628
0.000837675
0.000422171
0.000104569
-6.64363e-05
-0.000239702
-0.000488481
-0.000739196
-0.000946604
-0.00118543
-0.00145229
-0.00168262
-0.00189409
-0.0021388
-0.0023423
-0.00248756
-0.00261368
-0.00282407
-0.00305639
-0.00327788
-0.0035126
-0.00373132
-0.0039534
-0.00421517
-0.00452381
-0.00478842
-0.00507831
-0.00537333
-0.00571271
-0.00605929
-0.00639522
-0.00676032
-0.007067
-0.00748527
-0.00786829
-0.00835159
-0.0088316
-0.00938734
-0.0100907
-0.0109398
-0.0120216
0.0296179
0.01528
0.0062235
0.00394559
0.00358774
0.00327173
0.00280908
0.00224852
0.00170581
0.00125317
0.000844346
0.000428825
0.000110895
-6.12428e-05
-0.000236222
-0.000486
-0.000737123
-0.000944848
-0.00118383
-0.00145071
-0.00168109
-0.00189258
-0.0021374
-0.00234125
-0.00248688
-0.00261306
-0.00282339
-0.00305578
-0.00327736
-0.00351218
-0.00373095
-0.00395303
-0.00421481
-0.0045235
-0.00478814
-0.00507804
-0.00537307
-0.00571249
-0.00605912
-0.00639508
-0.00676018
-0.00706685
-0.00748511
-0.00786813
-0.00835142
-0.00883139
-0.00938711
-0.0100903
-0.0109393
-0.0120218
0.0289112
0.015367
0.00640958
0.00402079
0.0036157
0.00329004
0.00282349
0.00225893
0.00171376
0.00126023
0.000851183
0.000435627
0.000117376
-5.5748e-05
-0.000232458
-0.000483377
-0.000734996
-0.000943044
-0.00118214
-0.00144901
-0.00167942
-0.00189089
-0.00213575
-0.00233997
-0.00248616
-0.00261248
-0.00282272
-0.00305512
-0.00327676
-0.00351169
-0.00373056
-0.00395266
-0.00421442
-0.00452314
-0.00478784
-0.00507776
-0.00537278
-0.00571223
-0.00605892
-0.00639492
-0.00676004
-0.0070667
-0.00748496
-0.00786797
-0.00835124
-0.00883116
-0.00938683
-0.0100899
-0.0109386
-0.0120221
0.0282111
0.0154447
0.00659904
0.00409795
0.00364304
0.00330791
0.00283792
0.00226951
0.00172184
0.00126744
0.00085818
0.000442583
0.000123952
-5.00832e-05
-0.00022849
-0.000480633
-0.000732819
-0.000941204
-0.00118037
-0.00144721
-0.00167765
-0.00188907
-0.00213387
-0.00233845
-0.00248535
-0.00261196
-0.00282209
-0.00305442
-0.00327609
-0.00351112
-0.00373013
-0.00395229
-0.00421401
-0.00452274
-0.00478749
-0.00507745
-0.00537246
-0.00571191
-0.00605867
-0.00639475
-0.00675989
-0.00706655
-0.0074848
-0.00786781
-0.00835105
-0.0088309
-0.0093865
-0.0100893
-0.0109378
-0.0120223
0.0275183
0.015512
0.00679133
0.00417728
0.00366981
0.00332523
0.00285221
0.00228017
0.00173004
0.00127479
0.000865346
0.000449722
0.000130633
-4.434e-05
-0.000224393
-0.000477787
-0.000730583
-0.000939317
-0.00117855
-0.00144531
-0.0016758
-0.00188717
-0.00213184
-0.0023367
-0.00248444
-0.00261151
-0.00282153
-0.00305373
-0.00327534
-0.00351046
-0.00372965
-0.00395194
-0.00421362
-0.00452229
-0.0047871
-0.00507713
-0.00537211
-0.00571154
-0.00605837
-0.00639454
-0.00675973
-0.00706639
-0.00748463
-0.00786764
-0.00835085
-0.00883061
-0.00938613
-0.0100886
-0.0109367
-0.0120225
0.0268338
0.015568
0.00698595
0.00425919
0.00369619
0.00334195
0.00286625
0.00229085
0.00173834
0.00128225
0.000872705
0.000457093
0.000137476
-3.85691e-05
-0.000220224
-0.000474855
-0.000728279
-0.000937363
-0.00117666
-0.00144335
-0.00167389
-0.00188522
-0.00212971
-0.00233477
-0.00248343
-0.00261114
-0.00282107
-0.00305307
-0.00327455
-0.00350972
-0.00372911
-0.00395161
-0.00421325
-0.00452182
-0.00478666
-0.00507678
-0.00537174
-0.00571112
-0.00605799
-0.00639428
-0.00675956
-0.00706623
-0.00748446
-0.00786746
-0.00835065
-0.00883031
-0.00938571
-0.0100877
-0.0109355
-0.0120225
0.0261582
0.0156118
0.00718251
0.00434419
0.00372242
0.00335806
0.00287998
0.00230149
0.00174672
0.00128984
0.000880287
0.000464769
0.00014458
-3.27829e-05
-0.000216023
-0.000471844
-0.000725891
-0.000935316
-0.00117472
-0.00144132
-0.00167193
-0.00188322
-0.00212752
-0.00233274
-0.00248233
-0.00261086
-0.0028207
-0.00305245
-0.00327372
-0.0035089
-0.00372849
-0.00395129
-0.00421293
-0.00452134
-0.00478616
-0.00507642
-0.00537137
-0.00571066
-0.00605753
-0.00639396
-0.00675936
-0.00706607
-0.00748427
-0.00786728
-0.00835045
-0.00882999
-0.00938525
-0.0100867
-0.010934
-0.0120225
0.0254924
0.0156426
0.00738073
0.00443288
0.00374876
0.00337355
0.0028934
0.00231209
0.00175521
0.00129756
0.000888114
0.000472831
0.000152065
-2.69616e-05
-0.000211814
-0.000468757
-0.000723407
-0.000933157
-0.00117271
-0.00143925
-0.0016699
-0.00188119
-0.0021253
-0.00233065
-0.00248117
-0.00261069
-0.00282041
-0.00305187
-0.00327288
-0.00350803
-0.0037278
-0.00395096
-0.00421267
-0.00452087
-0.0047856
-0.00507603
-0.00537102
-0.00571019
-0.006057
-0.00639355
-0.00675913
-0.00706591
-0.00748408
-0.00786708
-0.00835023
-0.00882967
-0.00938475
-0.0100857
-0.0109323
-0.0120224
0.0248371
0.0156599
0.00758036
0.00452592
0.0037754
0.00338833
0.00290655
0.00232267
0.00176383
0.00130541
0.000896185
0.000481346
0.000160042
-2.10617e-05
-0.0002076
-0.000465594
-0.00072082
-0.000930869
-0.00117063
-0.00143715
-0.00166783
-0.00187909
-0.00212303
-0.00232854
-0.00247996
-0.00261062
-0.00282019
-0.00305132
-0.00327202
-0.00350713
-0.00372705
-0.00395062
-0.00421245
-0.00452042
-0.00478499
-0.0050756
-0.00537068
-0.00570971
-0.00605641
-0.00639305
-0.00675886
-0.00706574
-0.00748389
-0.00786686
-0.00835001
-0.00882934
-0.00938424
-0.0100845
-0.0109303
-0.0120222
0.024193
0.015663
0.00778107
0.00462392
0.00380247
0.00340228
0.00291945
0.00233331
0.00177262
0.00131344
0.000904475
0.000490343
0.000168577
-1.5029e-05
-0.000203367
-0.000462349
-0.000718122
-0.000928445
-0.00116846
-0.00143501
-0.0016657
-0.00187692
-0.0021207
-0.0023264
-0.0024787
-0.00261063
-0.00282002
-0.00305077
-0.00327113
-0.0035062
-0.00372629
-0.00395025
-0.00421226
-0.00451999
-0.00478436
-0.00507514
-0.00537035
-0.00570926
-0.00605578
-0.00639247
-0.00675853
-0.00706557
-0.00748369
-0.00786662
-0.00834976
-0.00882901
-0.00938371
-0.0100832
-0.0109281
-0.0120219
0.0235605
0.0156513
0.00798241
0.00472742
0.00383002
0.00341519
0.00293209
0.00234407
0.00178163
0.00132166
0.00091295
0.000499805
0.000177672
-8.81081e-06
-0.000199086
-0.000459013
-0.000715312
-0.000925883
-0.00116621
-0.00143283
-0.00166352
-0.00187466
-0.00211831
-0.0023242
-0.00247739
-0.00261069
-0.00281987
-0.0030502
-0.00327021
-0.00350525
-0.00372553
-0.00394986
-0.0042121
-0.00451957
-0.00478372
-0.00507465
-0.00537003
-0.00570882
-0.00605513
-0.00639182
-0.00675816
-0.00706541
-0.00748349
-0.00786637
-0.00834948
-0.00882867
-0.00938316
-0.0100819
-0.0109258
-0.0120214
0.0229402
0.0156246
0.00818374
0.0048369
0.00385808
0.00342679
0.00294439
0.00235501
0.00179089
0.00133008
0.000921581
0.000509683
0.00018727
-2.36445e-06
-0.000194714
-0.000455578
-0.00071239
-0.00092319
-0.00116386
-0.00143061
-0.00166128
-0.00187231
-0.00211584
-0.00232191
-0.002476
-0.00261074
-0.00281971
-0.00304958
-0.00326925
-0.00350427
-0.0037248
-0.00394945
-0.00421195
-0.00451913
-0.00478309
-0.00507413
-0.0053697
-0.00570839
-0.00605446
-0.00639112
-0.00675774
-0.00706525
-0.0074833
-0.00786611
-0.00834918
-0.00882831
-0.00938259
-0.0100805
-0.0109232
-0.0120208
0.022333
0.0155825
0.00838426
0.00495276
0.00388673
0.00343681
0.00295624
0.00236619
0.00180044
0.00133873
0.000930358
0.000519918
0.000197278
4.34069e-06
-0.000190206
-0.000452034
-0.000709355
-0.000920374
-0.00116142
-0.00142834
-0.00165897
-0.00186987
-0.00211329
-0.00231949
-0.00247452
-0.00261071
-0.0028195
-0.00304889
-0.00326824
-0.00350326
-0.00372409
-0.00394904
-0.0042118
-0.00451865
-0.00478248
-0.00507362
-0.00536938
-0.00570796
-0.00605379
-0.00639039
-0.00675729
-0.00706509
-0.00748313
-0.00786583
-0.00834885
-0.00882793
-0.009382
-0.0100791
-0.0109205
-0.0120202
0.0217398
0.0155251
0.00858298
0.00507535
0.00391616
0.003445
0.00296744
0.00237762
0.00181031
0.0013476
0.000939297
0.000530459
0.0002076
1.13239e-05
-0.000185518
-0.000448376
-0.000706209
-0.000917441
-0.00115889
-0.00142599
-0.00165657
-0.00186732
-0.00211066
-0.00231692
-0.00247291
-0.00261053
-0.00281923
-0.0030481
-0.00326719
-0.00350223
-0.00372341
-0.00394863
-0.00421162
-0.0045181
-0.00478188
-0.00507311
-0.00536904
-0.00570752
-0.0060531
-0.00638965
-0.0067568
-0.00706493
-0.00748296
-0.00786555
-0.00834849
-0.00882752
-0.00938139
-0.0100776
-0.0109177
-0.0120195
0.0211612
0.0154524
0.00877875
0.00520485
0.00394671
0.00345118
0.0029778
0.00238931
0.00182052
0.00135668
0.000948423
0.000541275
0.00021816
1.85977e-05
-0.000180613
-0.000444598
-0.000702952
-0.000914398
-0.00115625
-0.00142356
-0.00165407
-0.00186468
-0.00210795
-0.00231421
-0.00247116
-0.00261018
-0.00281885
-0.00304719
-0.0032661
-0.00350117
-0.00372273
-0.00394824
-0.00421141
-0.00451746
-0.00478128
-0.00507261
-0.00536869
-0.00570705
-0.00605238
-0.0063889
-0.00675628
-0.00706477
-0.0074828
-0.00786527
-0.00834812
-0.00882709
-0.00938075
-0.0100762
-0.0109147
-0.0120187
0.0205971
0.015365
0.00897035
0.0053413
0.00397882
0.00345517
0.00298706
0.00240125
0.00183113
0.00136602
0.00095778
0.000552344
0.000228898
2.61602e-05
-0.000175467
-0.000440692
-0.000699576
-0.000911241
-0.00115352
-0.00142103
-0.00165146
-0.00186196
-0.00210516
-0.00231136
-0.00246925
-0.00260965
-0.00281836
-0.00304617
-0.00326497
-0.00350008
-0.00372202
-0.00394787
-0.00421115
-0.00451672
-0.00478065
-0.00507213
-0.00536831
-0.00570654
-0.00605163
-0.00638813
-0.00675572
-0.00706461
-0.00748265
-0.00786498
-0.00834773
-0.00882664
-0.00938007
-0.0100746
-0.0109116
-0.0120178
0.0200484
0.0152629
0.00915631
0.00548462
0.00401321
0.00345699
0.00299489
0.00241329
0.00184208
0.00137561
0.000967418
0.00056368
0.000239799
3.40022e-05
-0.00017008
-0.000436664
-0.000696078
-0.000907967
-0.00115067
-0.00141841
-0.00164874
-0.00185914
-0.00210229
-0.00230838
-0.00246718
-0.00260895
-0.00281775
-0.00304502
-0.00326382
-0.00349896
-0.00372127
-0.00394752
-0.00421083
-0.00451589
-0.00477999
-0.00507166
-0.0053679
-0.00570599
-0.00605084
-0.00638735
-0.00675512
-0.00706445
-0.00748249
-0.00786468
-0.00834734
-0.00882617
-0.00937936
-0.010073
-0.0109084
-0.0120169
0.0195173
0.0151475
0.00933506
0.00563423
0.00405059
0.00345671
0.00300112
0.00242542
0.00185341
0.0013854
0.000977296
0.000575258
0.000250866
4.21305e-05
-0.000164443
-0.000432509
-0.000692464
-0.000904581
-0.00114773
-0.00141569
-0.00164591
-0.00185624
-0.00209934
-0.0023053
-0.00246497
-0.0026081
-0.00281703
-0.00304376
-0.00326263
-0.0034978
-0.00372047
-0.00394719
-0.00421044
-0.00451498
-0.00477928
-0.00507118
-0.00536747
-0.0057054
-0.00605001
-0.00638653
-0.00675448
-0.00706426
-0.00748233
-0.00786437
-0.00834694
-0.00882568
-0.00937861
-0.0100713
-0.0109051
-0.012016
0.0190099
0.0150202
0.00950559
0.00578975
0.00409186
0.00345432
0.00300522
0.00243746
0.0018653
0.0013956
0.000987503
0.000587062
0.000262071
5.05093e-05
-0.00015856
-0.000428195
-0.000688702
-0.00090107
-0.00114468
-0.00141288
-0.00164297
-0.00185326
-0.0020963
-0.00230213
-0.00246261
-0.00260715
-0.00281621
-0.0030424
-0.00326141
-0.00349658
-0.0037196
-0.00394688
-0.00420998
-0.004514
-0.00477851
-0.00507068
-0.005367
-0.00570477
-0.00604914
-0.00638567
-0.00675378
-0.00706405
-0.00748216
-0.00786404
-0.00834654
-0.00882517
-0.00937782
-0.0100696
-0.0109016
-0.0120149
0.0185106
0.0148811
0.00966532
0.00594986
0.00413821
0.00345055
0.00300701
0.00244899
0.00187746
0.00140611
0.000998077
0.000599165
0.00027346
5.91176e-05
-0.000152479
-0.000423746
-0.000684796
-0.000897428
-0.00114154
-0.00140999
-0.00163994
-0.00185018
-0.00209318
-0.00229887
-0.00246013
-0.00260611
-0.0028153
-0.00304095
-0.00326017
-0.0034953
-0.00371867
-0.00394656
-0.00420947
-0.00451296
-0.00477769
-0.00507016
-0.00536649
-0.00570411
-0.00604824
-0.00638477
-0.00675303
-0.0070638
-0.00748197
-0.00786368
-0.00834613
-0.00882465
-0.00937698
-0.0100678
-0.010898
-0.0120138
0.018026
0.0147322
0.00981331
0.00611294
0.00418975
0.00344549
0.00300637
0.00246006
0.00189
0.00141688
0.00100887
0.000611499
0.00028509
6.8003e-05
-0.000146169
-0.000419146
-0.000680758
-0.00089368
-0.0011383
-0.00140702
-0.00163681
-0.001847
-0.00208997
-0.00229553
-0.00245755
-0.002605
-0.0028143
-0.00303942
-0.00325888
-0.00349395
-0.00371768
-0.00394624
-0.00420891
-0.00451188
-0.0047768
-0.00506962
-0.00536596
-0.00570342
-0.00604731
-0.00638381
-0.00675223
-0.00706351
-0.00748174
-0.0078633
-0.0083457
-0.00882411
-0.0093761
-0.0100658
-0.0108942
-0.0120126
0.0175594
0.0145755
0.00994956
0.00627901
0.00424748
0.00343902
0.00300236
0.00247015
0.00190313
0.00142829
0.00102005
0.000624008
0.000296849
7.70898e-05
-0.000139639
-0.00041433
-0.000676526
-0.0008898
-0.00113499
-0.00140396
-0.00163358
-0.00184372
-0.00208666
-0.0022921
-0.00245487
-0.00260383
-0.00281322
-0.00303782
-0.00325755
-0.00349253
-0.00371663
-0.00394591
-0.00420829
-0.00451075
-0.00477587
-0.00506904
-0.00536539
-0.0057027
-0.00604635
-0.0063828
-0.00675138
-0.00706318
-0.00748149
-0.00786288
-0.00834527
-0.00882356
-0.00937516
-0.0100638
-0.0108903
-0.0120114
0.0171171
0.0144103
0.0100702
0.00644585
0.00431296
0.00343317
0.00299542
0.00247856
0.00191608
0.00143997
0.00103155
0.000636773
0.000308812
8.6358e-05
-0.000132976
-0.000409389
-0.000672154
-0.000885806
-0.0011316
-0.00140083
-0.00163026
-0.00184034
-0.00208326
-0.00228859
-0.00245212
-0.00260261
-0.00281207
-0.00303615
-0.00325618
-0.00349104
-0.00371553
-0.00394557
-0.00420763
-0.00450959
-0.00477489
-0.00506842
-0.00536479
-0.00570195
-0.00604536
-0.00638174
-0.00675048
-0.00706281
-0.0074812
-0.00786244
-0.00834481
-0.008823
-0.00937417
-0.0100617
-0.0108862
-0.01201
0.016695
0.0142416
0.0101774
0.00661204
0.00438529
0.0034279
0.0029858
0.00248568
0.00192937
0.00145222
0.00104343
0.00064987
0.000321124
9.59246e-05
-0.000126068
-0.000404259
-0.000667639
-0.000881698
-0.00112813
-0.0013976
-0.00162681
-0.00183684
-0.00207976
-0.002285
-0.0024493
-0.00260135
-0.00281085
-0.00303442
-0.00325476
-0.00348948
-0.00371437
-0.0039452
-0.00420693
-0.0045084
-0.00477386
-0.00506778
-0.00536417
-0.00570117
-0.00604433
-0.00638064
-0.00674954
-0.00706241
-0.00748089
-0.00786196
-0.00834433
-0.00882241
-0.00937311
-0.0100596
-0.010882
-0.0120085
0.0162808
0.0140693
0.0102702
0.00677654
0.00446432
0.0034229
0.00297236
0.00249064
0.00194288
0.00146526
0.0010558
0.000663076
0.000333548
0.000105712
-0.000118904
-0.000398844
-0.000662887
-0.000877445
-0.00112456
-0.00139428
-0.00162327
-0.00183322
-0.00207615
-0.00228132
-0.00244641
-0.00260002
-0.00280957
-0.00303264
-0.00325328
-0.00348786
-0.00371318
-0.00394481
-0.00420619
-0.00450717
-0.00477278
-0.00506711
-0.00536351
-0.00570036
-0.00604327
-0.0063795
-0.00674857
-0.00706197
-0.00748055
-0.00786146
-0.00834384
-0.0088218
-0.00937199
-0.0100573
-0.0108776
-0.012007
0.0158799
0.0138916
0.0103439
0.00693638
0.00455153
0.00342068
0.00295558
0.00249208
0.00195501
0.00147821
0.00106833
0.000676415
0.000346115
0.000115612
-0.000111691
-0.000393389
-0.000658074
-0.000873128
-0.00112093
-0.00139088
-0.00161964
-0.00182952
-0.00207245
-0.00227755
-0.00244346
-0.00259864
-0.00280822
-0.0030308
-0.00325176
-0.00348618
-0.00371194
-0.00394439
-0.00420542
-0.0045059
-0.00477167
-0.00506641
-0.00536283
-0.00569951
-0.00604217
-0.00637832
-0.00674756
-0.00706151
-0.00748018
-0.00786093
-0.00834332
-0.00882116
-0.0093708
-0.010055
-0.0108731
-0.0120053
0.0155117
0.0137173
0.0104061
0.00709106
0.00464497
0.00342183
0.00293715
0.00249149
0.00196715
0.00149216
0.00108166
0.000690275
0.000359069
0.000125827
-0.000104158
-0.000387687
-0.000653067
-0.000868651
-0.0011172
-0.00138738
-0.00161588
-0.0018257
-0.00206866
-0.00227371
-0.00244045
-0.0025972
-0.0028068
-0.0030289
-0.00325018
-0.00348443
-0.00371065
-0.00394394
-0.00420461
-0.0045046
-0.00477052
-0.00506568
-0.00536212
-0.00569864
-0.00604103
-0.0063771
-0.00674653
-0.00706101
-0.00747978
-0.00786037
-0.00834278
-0.00882049
-0.00936953
-0.0100526
-0.0108684
-0.0120036
0.0151453
0.0135436
0.0104538
0.0072379
0.00474253
0.00342627
0.00291622
0.00248776
0.00197852
0.00150675
0.00109561
0.000704291
0.000372162
0.000136367
-9.62754e-05
-0.000381642
-0.000647786
-0.000863993
-0.00111334
-0.00138376
-0.00161203
-0.00182176
-0.00206473
-0.00226974
-0.00243735
-0.00259568
-0.00280532
-0.00302694
-0.00324853
-0.00348263
-0.00370932
-0.00394345
-0.00420376
-0.00450326
-0.00476933
-0.00506491
-0.00536137
-0.00569773
-0.00603985
-0.00637584
-0.00674546
-0.0070605
-0.00747937
-0.00785979
-0.00834221
-0.00881979
-0.00936819
-0.0100501
-0.0108636
-0.0120017
0.014787
0.0133673
0.0104829
0.00737498
0.0048452
0.00343618
0.00289258
0.0024786
0.00198641
0.0015204
0.00110961
0.000718335
0.000385264
0.000146869
-8.84945e-05
-0.000375705
-0.000642581
-0.000859366
-0.00110945
-0.00138008
-0.00160811
-0.00181777
-0.00206076
-0.00226572
-0.00243421
-0.00259412
-0.00280379
-0.00302493
-0.00324684
-0.00348078
-0.00370795
-0.00394291
-0.00420287
-0.00450189
-0.0047681
-0.00506412
-0.00536059
-0.00569678
-0.00603863
-0.00637454
-0.00674436
-0.00705995
-0.00747893
-0.00785919
-0.00834162
-0.00881906
-0.00936676
-0.0100476
-0.0108587
-0.0119997
0.0144813
0.0132021
0.0105051
0.00750286
0.00495018
0.00345243
0.00286996
0.00246766
0.00199386
0.00153533
0.00112489
0.000733167
0.000398739
0.000157699
-8.02723e-05
-0.000369397
-0.000637047
-0.000854483
-0.00110543
-0.0013763
-0.00160406
-0.00181364
-0.00205668
-0.00226161
-0.00243099
-0.00259247
-0.00280217
-0.00302286
-0.00324508
-0.00347886
-0.00370653
-0.00394233
-0.00420195
-0.00450048
-0.00476684
-0.0050633
-0.00535977
-0.00569579
-0.00603737
-0.0063732
-0.00674323
-0.00705938
-0.00747846
-0.00785855
-0.00834099
-0.00881829
-0.00936523
-0.0100449
-0.0108536
-0.0119976
0.0141688
0.013041
0.0105141
0.00761638
0.00505394
0.00347465
0.00284773
0.00245335
0.00199879
0.00154999
0.00114091
0.000748454
0.000412525
0.000169003
-7.16215e-05
-0.000362721
-0.000631225
-0.000849388
-0.00110123
-0.00137237
-0.00159989
-0.00180938
-0.00205245
-0.00225736
-0.00242766
-0.00259073
-0.00280049
-0.00302073
-0.00324325
-0.00347689
-0.00370505
-0.00394169
-0.00420099
-0.00449904
-0.00476553
-0.00506243
-0.00535892
-0.00569477
-0.00603606
-0.00637182
-0.00674206
-0.00705879
-0.00747798
-0.0078579
-0.00834033
-0.00881747
-0.00936361
-0.0100422
-0.0108483
-0.0119953
0.0138527
0.012878
0.0105053
0.00771491
0.00515699
0.00350291
0.00282426
0.00243261
0.0019979
0.00156215
0.00115656
0.000763632
0.000426115
0.000179993
-6.32988e-05
-0.000356326
-0.000625637
-0.000844442
-0.00109709
-0.00136843
-0.00159566
-0.00180508
-0.00204819
-0.00225309
-0.00242431
-0.00258895
-0.00279876
-0.00301855
-0.00324137
-0.00347487
-0.00370353
-0.00394101
-0.00419999
-0.00449756
-0.00476419
-0.00506153
-0.00535802
-0.0056937
-0.00603471
-0.0063704
-0.00674086
-0.00705816
-0.00747747
-0.00785722
-0.00833963
-0.00881662
-0.00936189
-0.0100394
-0.0108429
-0.011993
0.0136207
0.0127382
0.0104968
0.0078043
0.00525857
0.00353831
0.00280518
0.00241177
0.00199653
0.00157545
0.0011739
0.000780089
0.000440205
0.000191347
-5.44238e-05
-0.000349404
-0.00061954
-0.000839101
-0.00109275
-0.00136439
-0.00159135
-0.00180067
-0.00204381
-0.0022487
-0.00242084
-0.00258705
-0.00279692
-0.00301631
-0.00323942
-0.00347278
-0.00370196
-0.00394027
-0.00419894
-0.00449604
-0.0047628
-0.00506059
-0.00535708
-0.0056926
-0.00603332
-0.00636894
-0.00673961
-0.00705751
-0.00747693
-0.00785651
-0.00833889
-0.00881572
-0.00936007
-0.0100365
-0.0108374
-0.0119904
0.0133694
0.0125995
0.010473
0.00787578
0.00535484
0.00358034
0.00278996
0.00238864
0.00199081
0.00158628
0.00119133
0.000797257
0.000454906
0.000203323
-4.5085e-05
-0.000342134
-0.000613226
-0.000833611
-0.00108824
-0.00136017
-0.00158685
-0.00179606
-0.00203925
-0.00224416
-0.00241727
-0.00258506
-0.002795
-0.00301399
-0.00323739
-0.00347063
-0.00370032
-0.00393947
-0.00419785
-0.00449448
-0.00476137
-0.0050596
-0.00535609
-0.00569145
-0.00603187
-0.00636744
-0.00673833
-0.00705682
-0.00747637
-0.00785578
-0.00833812
-0.00881477
-0.00935813
-0.0100335
-0.0108317
-0.0119877
0.0130971
0.012459
0.0104328
0.00792958
0.00544372
0.00362489
0.00277491
0.00236018
0.00197857
0.0015933
0.00120786
0.000814386
0.000469398
0.000214783
-3.62583e-05
-0.000335269
-0.000607188
-0.000828288
-0.00108383
-0.00135597
-0.00158234
-0.00179145
-0.0020347
-0.00223965
-0.00241369
-0.00258304
-0.00279304
-0.00301164
-0.00323531
-0.00346844
-0.00369864
-0.00393862
-0.00419672
-0.00449289
-0.00475989
-0.00505857
-0.00535505
-0.00569026
-0.00603038
-0.00636589
-0.00673701
-0.0070561
-0.00747578
-0.00785502
-0.0083373
-0.00881377
-0.00935608
-0.0100304
-0.0108259
-0.0119849
0.0129488
0.0123494
0.0103969
0.00797573
0.00552657
0.00367284
0.00276594
0.00233387
0.00196575
0.00159988
0.00122527
0.000832889
0.000484626
0.000226664
-2.69299e-05
-0.000327872
-0.000600594
-0.000822545
-0.00107916
-0.00135164
-0.00157779
-0.00178678
-0.00203004
-0.00223498
-0.00240996
-0.00258084
-0.00279093
-0.0030092
-0.00323314
-0.00346616
-0.00369689
-0.0039377
-0.00419552
-0.00449125
-0.00475837
-0.00505749
-0.00535396
-0.00568902
-0.00602884
-0.00636429
-0.00673564
-0.00705535
-0.00747516
-0.00785423
-0.00833643
-0.00881272
-0.0093539
-0.0100273
-0.01082
-0.0119819
0.0127986
0.0122334
0.0103489
0.00800617
0.00560215
0.00372557
0.00276389
0.00230837
0.00194877
0.001602
0.00124123
0.000851898
0.000500813
0.000239396
-1.70862e-05
-0.000320168
-0.000593912
-0.000816771
-0.0010744
-0.00134717
-0.00157302
-0.00178184
-0.00202514
-0.00223017
-0.00240615
-0.00257859
-0.00278877
-0.00300669
-0.0032309
-0.00346382
-0.00369508
-0.0039367
-0.00419427
-0.00448956
-0.00475679
-0.00505636
-0.00535282
-0.00568774
-0.00602725
-0.00636265
-0.00673424
-0.00705456
-0.00747451
-0.00785342
-0.00833551
-0.00881161
-0.00935161
-0.010024
-0.0108139
-0.0119787
0.012594
0.012122
0.0102958
0.00802488
0.00566792
0.00377535
0.00276272
0.00228077
0.00192687
0.00160008
0.00125565
0.000871028
0.00051734
0.000251967
-7.64554e-06
-0.000312872
-0.000587432
-0.000810976
-0.00106956
-0.00134265
-0.00156825
-0.00177696
-0.00202031
-0.00222542
-0.00240232
-0.00257626
-0.00278652
-0.00300412
-0.0032286
-0.00346143
-0.00369321
-0.00393566
-0.00419298
-0.00448783
-0.00475517
-0.00505519
-0.00535163
-0.00568641
-0.0060256
-0.00636096
-0.00673279
-0.00705374
-0.00747383
-0.00785257
-0.00833454
-0.00881045
-0.00934918
-0.0100207
-0.0108077
-0.0119753
0.0123812
0.0120187
0.0102472
0.00803444
0.00572151
0.00382018
0.00276462
0.00225624
0.00190464
0.00159585
0.0012684
0.000889953
0.000534183
0.000264909
2.15255e-06
-0.000305232
-0.000580569
-0.000804928
-0.00106465
-0.00133816
-0.00156353
-0.00177202
-0.00201531
-0.00222046
-0.00239832
-0.00257377
-0.00278415
-0.00300147
-0.0032262
-0.00345895
-0.00369127
-0.00393453
-0.00419161
-0.00448604
-0.00475349
-0.00505396
-0.00535038
-0.00568502
-0.0060239
-0.00635922
-0.00673129
-0.00705288
-0.00747312
-0.00785169
-0.00833351
-0.00880923
-0.00934662
-0.0100172
-0.0108013
-0.0119717
0.0121624
0.0119109
0.0101942
0.0080328
0.00576554
0.00386416
0.0027725
0.00223523
0.00188046
0.00158716
0.00127817
0.000908473
0.000551979
0.000279051
1.27391e-05
-0.000297317
-0.000573804
-0.000799026
-0.00105971
-0.00133344
-0.00155848
-0.00176676
-0.00201012
-0.00221544
-0.00239431
-0.00257122
-0.00278169
-0.00299874
-0.00322372
-0.0034564
-0.00368927
-0.00393333
-0.00419018
-0.00448421
-0.00475176
-0.00505267
-0.00534906
-0.00568359
-0.00602215
-0.00635743
-0.00672975
-0.00705198
-0.00747236
-0.00785077
-0.00833243
-0.00880794
-0.00934392
-0.0100137
-0.0107949
-0.011968
0.0119256
0.0117961
0.0101423
0.00802764
0.00580378
0.00390436
0.00278032
0.00221454
0.00185415
0.00157547
0.0012862
0.000926787
0.000570296
0.000293654
2.33617e-05
-0.000289647
-0.000567096
-0.000792838
-0.00105439
-0.00132853
-0.0015535
-0.00176169
-0.00200503
-0.00221041
-0.00239019
-0.00256853
-0.00277911
-0.00299593
-0.00322117
-0.00345378
-0.00368719
-0.00393204
-0.00418868
-0.00448232
-0.00474996
-0.00505133
-0.00534769
-0.00568211
-0.00602034
-0.00635559
-0.00672816
-0.00705103
-0.00747157
-0.00784983
-0.00833128
-0.00880659
-0.00934108
-0.01001
-0.0107883
-0.011964
0.0116746
0.0116768
0.0100949
0.00801851
0.00583111
0.00393647
0.00278753
0.00219697
0.00182855
0.00156135
0.00129131
0.000943349
0.000588107
0.00030853
3.45419e-05
-0.000281464
-0.000560028
-0.000786605
-0.00104933
-0.00132393
-0.00154863
-0.00175644
-0.00199965
-0.00220517
-0.00238595
-0.00256573
-0.00277643
-0.00299304
-0.00321852
-0.00345109
-0.00368505
-0.00393068
-0.00418712
-0.00448039
-0.00474812
-0.00504993
-0.00534625
-0.00568057
-0.00601847
-0.00635369
-0.00672653
-0.00705004
-0.00747074
-0.00784884
-0.00833006
-0.00880517
-0.0093381
-0.0100062
-0.0107816
-0.0119598
0.0114231
0.0115521
0.0100458
0.0080012
0.00584853
0.00396333
0.00279616
0.00218255
0.00180241
0.00154348
0.00129294
0.000958149
0.000605856
0.000324442
4.68074e-05
-0.000273022
-0.000553412
-0.000780836
-0.00104427
-0.00131893
-0.00154331
-0.00175097
-0.00199427
-0.00219998
-0.0023817
-0.00256282
-0.00277363
-0.00299005
-0.00321578
-0.00344832
-0.00368284
-0.00392923
-0.00418548
-0.0044784
-0.00474621
-0.00504846
-0.00534474
-0.00567897
-0.00601654
-0.00635174
-0.00672484
-0.00704901
-0.00746986
-0.00784781
-0.00832878
-0.00880367
-0.00933498
-0.0100023
-0.0107748
-0.0119554
0.0111795
0.0114199
0.00999182
0.00797951
0.00586087
0.00398584
0.00280239
0.00216829
0.00177559
0.00152331
0.00129226
0.000971714
0.000623333
0.00034067
5.92928e-05
-0.000264696
-0.000546739
-0.000774579
-0.0010387
-0.00131381
-0.00153824
-0.00174573
-0.00198886
-0.00219463
-0.00237729
-0.00255976
-0.00277072
-0.002987
-0.00321295
-0.00344547
-0.00368054
-0.00392768
-0.00418375
-0.00447634
-0.00474423
-0.00504693
-0.00534316
-0.00567732
-0.00601455
-0.00634974
-0.0067231
-0.00704793
-0.00746895
-0.00784675
-0.00832742
-0.00880209
-0.00933171
-0.00999833
-0.010768
-0.0119507
0.0109445
0.0112799
0.00993418
0.00795576
0.00586672
0.00400035
0.00280454
0.00215554
0.00175017
0.00150151
0.00128895
0.000983136
0.000639354
0.000356643
7.25879e-05
-0.000255342
-0.00053946
-0.000768374
-0.00103364
-0.0013091
-0.00153317
-0.00174019
-0.00198319
-0.00218918
-0.00237283
-0.00255661
-0.00276768
-0.00298382
-0.00321001
-0.00344254
-0.00367817
-0.00392604
-0.00418195
-0.00447422
-0.00474219
-0.00504534
-0.00534151
-0.0056756
-0.00601249
-0.00634768
-0.00672131
-0.00704679
-0.00746798
-0.00784564
-0.00832598
-0.00880043
-0.00932829
-0.0099942
-0.010761
-0.0119458
0.0107223
0.0111349
0.00987142
0.00792729
0.00586472
0.00400846
0.0028041
0.00214403
0.00172562
0.00147769
0.00128259
0.000991943
0.000653898
0.000372984
8.72444e-05
-0.000245347
-0.000532671
-0.000762811
-0.00102863
-0.00130397
-0.00152775
-0.00173465
-0.00197762
-0.00218374
-0.00236828
-0.0025533
-0.00276451
-0.00298055
-0.00320698
-0.00343953
-0.00367572
-0.0039243
-0.00418008
-0.00447206
-0.00474009
-0.00504368
-0.00533978
-0.00567382
-0.00601037
-0.00634556
-0.00671947
-0.00704561
-0.00746696
-0.00784449
-0.00832447
-0.00879867
-0.00932472
-0.00998995
-0.0107539
-0.0119407
0.0105146
0.0109873
0.00980064
0.0078927
0.0058574
0.00401195
0.00279982
0.00213205
0.00170164
0.00145172
0.00127329
0.000998999
0.000667556
0.000389088
0.000102026
-0.000235428
-0.000525792
-0.000756745
-0.0010232
-0.00129892
-0.00152265
-0.00172918
-0.00197189
-0.00217813
-0.00236361
-0.00254986
-0.00276123
-0.0029772
-0.00320384
-0.00343642
-0.00367319
-0.00392247
-0.00417811
-0.00446983
-0.0047379
-0.00504193
-0.00533797
-0.00567199
-0.00600818
-0.00634338
-0.00671757
-0.00704437
-0.00746591
-0.00784329
-0.00832287
-0.00879682
-0.00932101
-0.00998556
-0.0107467
-0.0119353
0.010319
0.0108374
0.00971978
0.00785265
0.00584595
0.00401033
0.00279044
0.0021187
0.00167824
0.00142431
0.00126202
0.00100436
0.00067901
0.000403584
0.000117092
-0.000224225
-0.000517958
-0.000750601
-0.0010183
-0.00129424
-0.00151746
-0.00172349
-0.00196604
-0.0021725
-0.00235888
-0.00254628
-0.0027578
-0.00297373
-0.00320059
-0.00343324
-0.00367057
-0.00392052
-0.00417603
-0.00446751
-0.00473564
-0.00504011
-0.00533608
-0.00567008
-0.00600593
-0.00634115
-0.00671561
-0.00704307
-0.00746479
-0.00784204
-0.00832119
-0.00879486
-0.00931714
-0.00998103
-0.0107394
-0.0119297
0.0101325
0.0106876
0.00962966
0.00780655
0.00582933
0.0040034
0.00277558
0.00210331
0.00165602
0.00139623
0.00124797
0.00100691
0.000688117
0.000417177
0.00013311
-0.000212004
-0.000510291
-0.000744983
-0.00101345
-0.00128933
-0.00151221
-0.00171792
-0.00196024
-0.00216678
-0.00235407
-0.00254258
-0.00275423
-0.00297014
-0.00319725
-0.00342999
-0.00366785
-0.00391844
-0.00417388
-0.00446515
-0.00473331
-0.00503822
-0.0053341
-0.0056681
-0.00600361
-0.00633885
-0.00671359
-0.0070417
-0.00746362
-0.00784073
-0.00831942
-0.0087928
-0.00931313
-0.00997636
-0.010732
-0.0119238
0.00995243
0.0105403
0.00953037
0.0077517
0.00580681
0.00399184
0.00275547
0.00208597
0.00163492
0.00136668
0.00123067
0.00100758
0.000695908
0.000429681
0.000148874
-0.00019965
-0.000502388
-0.000738901
-0.00100832
-0.00128465
-0.00150728
-0.00171237
-0.0019543
-0.00216097
-0.00234914
-0.00253873
-0.00275054
-0.00296644
-0.00319375
-0.00342661
-0.00366505
-0.00391627
-0.00417163
-0.00446271
-0.00473089
-0.00503624
-0.00533204
-0.00566605
-0.0060012
-0.00633648
-0.00671152
-0.00704028
-0.0074624
-0.00783936
-0.00831755
-0.00879063
-0.00930897
-0.00997155
-0.0107245
-0.0119177
0.0097728
0.0103957
0.00942186
0.00768682
0.00577869
0.0039772
0.0027309
0.00206512
0.00161343
0.00133575
0.001211
0.00100686
0.000701934
0.000439996
0.000163879
-0.000186487
-0.00049348
-0.000732551
-0.00100356
-0.00128024
-0.00150229
-0.00170676
-0.00194836
-0.0021551
-0.0023441
-0.00253473
-0.00274671
-0.00296262
-0.00319012
-0.00342317
-0.00366218
-0.00391397
-0.00416926
-0.00446019
-0.0047284
-0.00503415
-0.00532987
-0.00566394
-0.00599873
-0.00633404
-0.00670939
-0.00703878
-0.00746112
-0.00783793
-0.00831559
-0.00878832
-0.00930467
-0.00996659
-0.0107169
-0.0119113
0.0095891
0.0102544
0.00930597
0.00761109
0.00574413
0.00395995
0.00270117
0.0020391
0.00159185
0.00130465
0.00118887
0.00100401
0.00070573
0.000448045
0.000178441
-0.000172522
-0.000484267
-0.000726307
-0.000998715
-0.00127579
-0.00149747
-0.00170133
-0.00194243
-0.00214915
-0.00233898
-0.00253058
-0.00274271
-0.00295869
-0.00318644
-0.00341964
-0.00365916
-0.00391154
-0.0041668
-0.00445759
-0.00472581
-0.00503199
-0.00532761
-0.00566175
-0.0059962
-0.00633155
-0.00670719
-0.00703721
-0.00745978
-0.00783643
-0.00831353
-0.00878589
-0.00930021
-0.00996148
-0.0107093
-0.0119046
0.00939975
0.0101154
0.00918415
0.00752404
0.00570238
0.00393992
0.00266627
0.0020077
0.00157037
0.00127348
0.00116372
0.000998624
0.000707756
0.000454399
0.00019222
-0.000158524
-0.000474811
-0.000719621
-0.000993591
-0.00127165
-0.00149305
-0.0016959
-0.00193641
-0.00214317
-0.00233375
-0.00252625
-0.00273858
-0.00295464
-0.00318259
-0.003416
-0.00365604
-0.00390898
-0.00416425
-0.00445493
-0.00472312
-0.00502974
-0.00532527
-0.00565946
-0.00599357
-0.00632899
-0.00670493
-0.00703555
-0.00745838
-0.00783486
-0.00831139
-0.00878333
-0.00929561
-0.00995621
-0.0107015
-0.0118977
0.00920156
0.00997683
0.00905955
0.00742689
0.00565137
0.00391617
0.00262739
0.00197086
0.00154808
0.00124184
0.00113517
0.000991069
0.00070873
0.000458776
0.000204311
-0.000144687
-0.000464631
-0.000712531
-0.00098859
-0.00126758
-0.00148862
-0.00169064
-0.00193049
-0.00213713
-0.00232843
-0.0025218
-0.0027343
-0.00295042
-0.00317859
-0.00341232
-0.00365287
-0.00390626
-0.00416154
-0.00445219
-0.00472038
-0.00502735
-0.0053228
-0.00565711
-0.00599086
-0.00632633
-0.00670262
-0.00703383
-0.00745692
-0.00783321
-0.00830913
-0.00878063
-0.00929087
-0.00995078
-0.0106936
-0.0118905
0.00899246
0.00983678
0.00893472
0.00731974
0.00558839
0.00388903
0.00258662
0.00192791
0.00152352
0.00120963
0.00110372
0.000981729
0.000708265
0.0004604
0.000214839
-0.000130712
-0.00045419
-0.000705278
-0.000983333
-0.00126351
-0.00148446
-0.00168564
-0.00192464
-0.002131
-0.00232304
-0.00251723
-0.00272984
-0.00294604
-0.00317447
-0.00340851
-0.00364956
-0.00390344
-0.00415872
-0.00444931
-0.00471752
-0.00502491
-0.00532022
-0.00565466
-0.00598809
-0.00632361
-0.00670023
-0.00703203
-0.00745541
-0.00783147
-0.00830675
-0.00877777
-0.00928599
-0.0099452
-0.0106857
-0.0118831
0.00877352
0.00969308
0.00881059
0.00720418
0.00551338
0.00385847
0.0025445
0.00187727
0.00149531
0.00117824
0.00107002
0.000969678
0.000706145
0.000459923
0.000223906
-0.000117378
-0.000443937
-0.000697535
-0.000977604
-0.00125973
-0.00148069
-0.00168062
-0.00191882
-0.00212501
-0.00231751
-0.00251239
-0.00272526
-0.00294156
-0.0031702
-0.0034046
-0.00364614
-0.00390049
-0.00415582
-0.00444635
-0.00471451
-0.00502233
-0.00531759
-0.00565213
-0.00598521
-0.00632082
-0.00669778
-0.0070301
-0.00745382
-0.00782966
-0.00830429
-0.00877477
-0.00928095
-0.00993947
-0.0106776
-0.0118754
0.00854662
0.0095429
0.0086872
0.00708344
0.00542613
0.00382157
0.00250081
0.00181958
0.00146385
0.00114825
0.00103321
0.000953918
0.000702854
0.000457448
0.000230815
-0.000104823
-0.000433481
-0.000689412
-0.000971783
-0.00125594
-0.00147702
-0.00167593
-0.00191311
-0.0021189
-0.00231195
-0.00250747
-0.0027205
-0.00293692
-0.0031658
-0.00340062
-0.0036426
-0.00389732
-0.00415277
-0.00444337
-0.00471146
-0.00501957
-0.00531478
-0.00564954
-0.00598227
-0.00631793
-0.00669526
-0.0070281
-0.00745216
-0.00782775
-0.00830173
-0.00877163
-0.00927576
-0.00993356
-0.0106695
-0.0118674
0.00831478
0.00938412
0.00856386
0.00696031
0.00532626
0.0037759
0.0024574
0.00175678
0.00142714
0.00111781
0.000993014
0.000934956
0.000699012
0.000452864
0.00023564
-9.27331e-05
-0.000423583
-0.000681424
-0.000965429
-0.00125209
-0.00147363
-0.00167146
-0.00190754
-0.00211276
-0.00230632
-0.00250249
-0.00271557
-0.00293206
-0.00316127
-0.00339655
-0.00363893
-0.00389404
-0.00414956
-0.00444022
-0.00470833
-0.00501678
-0.00531183
-0.00564678
-0.00597927
-0.00631498
-0.00669267
-0.007026
-0.00745044
-0.00782573
-0.00829902
-0.00876834
-0.00927046
-0.0099275
-0.0106612
-0.0118592
0.00808057
0.00921649
0.00843917
0.00683665
0.00521458
0.00371947
0.00241469
0.00168887
0.00138243
0.00108741
0.000951733
0.000912805
0.00069408
0.00044621
0.000238039
-8.1816e-05
-0.000414606
-0.000673341
-0.000958195
-0.00124823
-0.00147069
-0.00166703
-0.00190216
-0.00210693
-0.00230052
-0.00249716
-0.00271056
-0.00292709
-0.00315653
-0.00339238
-0.00363517
-0.00389062
-0.00414622
-0.00443693
-0.00470503
-0.00501387
-0.00530887
-0.00564392
-0.0059761
-0.00631196
-0.00669005
-0.00702379
-0.00744864
-0.00782362
-0.0082962
-0.00876486
-0.00926499
-0.00992132
-0.0106528
-0.0118508
0.00784623
0.00904013
0.00831034
0.00671339
0.00509304
0.00365036
0.00237176
0.00161741
0.00132988
0.0010576
0.000909519
0.000885499
0.000687387
0.000437942
0.000237767
-7.17427e-05
-0.000405966
-0.000665695
-0.000950804
-0.00124418
-0.00146787
-0.00166286
-0.00189684
-0.00210109
-0.00229483
-0.00249172
-0.00270527
-0.00292198
-0.00315171
-0.00338808
-0.00363124
-0.00388704
-0.00414278
-0.00443358
-0.00470162
-0.00501073
-0.00530574
-0.00564107
-0.0059729
-0.00630876
-0.00668731
-0.0070215
-0.00744678
-0.0078214
-0.00829329
-0.00876125
-0.00925935
-0.00991495
-0.0106443
-0.0118421
0.00761385
0.00885608
0.00817453
0.00659089
0.00496517
0.0035672
0.00232676
0.00154472
0.00126879
0.00102585
0.000865991
0.000853338
0.000679597
0.000428632
0.000234659
-6.24722e-05
-0.000398036
-0.000659195
-0.000943071
-0.00123974
-0.00146537
-0.00165879
-0.00189158
-0.00209537
-0.00228915
-0.00248631
-0.00269982
-0.00291651
-0.00314674
-0.00338377
-0.00362718
-0.00388329
-0.00413916
-0.0044301
-0.00469814
-0.0050075
-0.0053024
-0.005638
-0.0059697
-0.00630559
-0.00668446
-0.00701902
-0.00744485
-0.00781908
-0.00829023
-0.0087575
-0.00925359
-0.0099084
-0.0106357
-0.0118332
0.00738386
0.00866613
0.00803006
0.006468
0.00483399
0.0034692
0.00227675
0.00147232
0.00119862
0.000990673
0.000822929
0.000817099
0.000670004
0.00041843
0.00022844
-5.50449e-05
-0.000391027
-0.000653417
-0.000934728
-0.0012349
-0.00146359
-0.00165494
-0.00188611
-0.0020898
-0.00228348
-0.00248065
-0.00269442
-0.002911
-0.00314144
-0.00337929
-0.00362307
-0.0038794
-0.00413535
-0.00442644
-0.00469451
-0.00500419
-0.00529905
-0.00563477
-0.00596623
-0.00630232
-0.00668167
-0.00701647
-0.00744276
-0.00781663
-0.00828705
-0.00875357
-0.0092477
-0.00990176
-0.010627
-0.0118241
0.00715577
0.00847188
0.00787584
0.00634255
0.00470138
0.00335684
0.00221901
0.00140154
0.00112047
0.000950957
0.000780978
0.000776071
0.000657306
0.000407931
0.00021924
-4.94946e-05
-0.000384472
-0.000648873
-0.000926647
-0.00122938
-0.00146188
-0.00165158
-0.0018807
-0.0020842
-0.00227792
-0.00247486
-0.00268874
-0.00290549
-0.00313619
-0.00337452
-0.00361865
-0.0038754
-0.00413146
-0.00442269
-0.00469076
-0.00500065
-0.00529553
-0.00563155
-0.00596276
-0.00629882
-0.0066787
-0.0070139
-0.00744069
-0.00781402
-0.00828371
-0.00874949
-0.00924162
-0.00989496
-0.0106183
-0.0118147
0.00692816
0.008275
0.00771254
0.00621167
0.00456863
0.00323233
0.00215093
0.00133277
0.00103557
0.000904738
0.000739903
0.000730762
0.000640902
0.000397415
0.000207396
-4.59381e-05
-0.000378308
-0.000646071
-0.000919283
-0.00122296
-0.00146015
-0.00164866
-0.00187532
-0.00207866
-0.00227242
-0.00246906
-0.00268288
-0.00289955
-0.00313085
-0.00336995
-0.00361406
-0.00387106
-0.00412736
-0.00441882
-0.00468691
-0.004997
-0.00529182
-0.00562811
-0.00595927
-0.00629538
-0.00667558
-0.00701101
-0.00743853
-0.00781143
-0.00828026
-0.00874526
-0.00923538
-0.00988797
-0.0106094
-0.0118051
0.00669993
0.00807648
0.00754105
0.00607232
0.00443643
0.00309887
0.0020692
0.00126514
0.000946123
0.0008501
0.000699421
0.000682801
0.000620272
0.000386477
0.000193116
-4.50288e-05
-0.000372799
-0.0006444
-0.00091274
-0.00121602
-0.00145845
-0.00164622
-0.00186974
-0.00207314
-0.00226723
-0.00246303
-0.00267683
-0.00289358
-0.00312519
-0.00336517
-0.00360962
-0.00386672
-0.00412294
-0.00441464
-0.0046829
-0.00499325
-0.00528809
-0.00562454
-0.00595555
-0.00629182
-0.00667255
-0.00700809
-0.0074361
-0.0078086
-0.00827674
-0.00874093
-0.00922904
-0.00988084
-0.0106004
-0.0117953
0.00647019
0.00787603
0.00736276
0.00592336
0.00430383
0.0029589
0.00197178
0.00119704
0.000854906
0.000785978
0.000658276
0.000633139
0.000594945
0.000375392
0.000176713
-4.7519e-05
-0.000367895
-0.000643766
-0.000907662
-0.00120881
-0.00145622
-0.00164412
-0.00186422
-0.00206734
-0.00226228
-0.00245734
-0.00267064
-0.00288741
-0.00311947
-0.00335998
-0.00360471
-0.00386241
-0.00411866
-0.00441036
-0.00467863
-0.00498921
-0.00528413
-0.00562091
-0.00595185
-0.00628809
-0.00666928
-0.00700513
-0.00743378
-0.00780559
-0.00827291
-0.00873643
-0.00922259
-0.00987364
-0.0105913
-0.0117853
0.00623763
0.00767228
0.00718015
0.00576428
0.00416763
0.00281536
0.00185914
0.00112541
0.00076338
0.000713065
0.000615434
0.000581781
0.000564353
0.000364275
0.00015921
-5.37752e-05
-0.000364225
-0.00064405
-0.000904171
-0.00120153
-0.00145357
-0.00164252
-0.00185868
-0.00206098
-0.0022572
-0.00245194
-0.00266471
-0.00288106
-0.00311354
-0.00335487
-0.00359954
-0.00385748
-0.00411407
-0.00440618
-0.00467446
-0.00498509
-0.00527995
-0.00561696
-0.005948
-0.00628438
-0.00666597
-0.00700188
-0.00743129
-0.00780266
-0.00826905
-0.00873171
-0.00921588
-0.00986627
-0.0105821
-0.0117751
0.00600215
0.00746424
0.006994
0.00559517
0.0040248
0.00267092
0.00173288
0.00104619
0.000672989
0.00063204
0.000569371
0.000530304
0.00052806
0.000351467
0.000141293
-6.30005e-05
-0.000362084
-0.000645526
-0.000902366
-0.00119445
-0.00145018
-0.0016412
-0.00185378
-0.00205448
-0.00225183
-0.00244614
-0.00265845
-0.00287499
-0.00310782
-0.00334955
-0.0035944
-0.00385259
-0.0041089
-0.00440135
-0.00467009
-0.00498106
-0.00527591
-0.00561295
-0.00594395
-0.0062804
-0.00666256
-0.00699864
-0.00742862
-0.00779945
-0.0082651
-0.00872703
-0.0092091
-0.00985866
-0.0105728
-0.0117648
0.0057643
0.00725061
0.0068035
0.00541743
0.00387338
0.00252537
0.00159493
0.000956979
0.000584495
0.000544062
0.000518111
0.000479789
0.00048682
0.000335831
0.00012274
-7.56982e-05
-0.00036108
-0.000647316
-0.000902726
-0.00118846
-0.00144613
-0.00163951
-0.00184913
-0.00204791
-0.00224643
-0.00244078
-0.00265208
-0.00286819
-0.00310194
-0.00334434
-0.00358901
-0.00384767
-0.00410404
-0.00439643
-0.00466512
-0.00497642
-0.00527158
-0.00560898
-0.00594011
-0.00627649
-0.00665892
-0.00699512
-0.00742593
-0.00779615
-0.00826085
-0.00872211
-0.0092023
-0.0098511
-0.0105634
-0.0117543
0.0055246
0.00703054
0.00660715
0.0052328
0.00371179
0.00237699
0.00144815
0.000855675
0.00049687
0.000451658
0.000460773
0.00042941
0.00044133
0.000317699
0.000104295
-9.27047e-05
-0.000363164
-0.000648986
-0.000903901
-0.00118357
-0.0014421
-0.00163771
-0.00184468
-0.00204101
-0.00224046
-0.00243571
-0.00264649
-0.00286146
-0.00309536
-0.0033386
-0.00358352
-0.00384247
-0.00409883
-0.00439171
-0.00466052
-0.00497177
-0.00526678
-0.00560439
-0.00593595
-0.00627257
-0.00665547
-0.0069916
-0.00742302
-0.00779272
-0.00825654
-0.00871705
-0.00919519
-0.00984337
-0.0105541
-0.0117436
0.00528329
0.00680445
0.00640362
0.0050419
0.00353939
0.00222398
0.00129564
0.000740409
0.000407646
0.000357318
0.000396701
0.000379331
0.000392494
0.000295545
8.65681e-05
-0.000112399
-0.00036889
-0.000652173
-0.000906597
-0.00117909
-0.00143703
-0.00163535
-0.001841
-0.00203489
-0.00223403
-0.00243001
-0.00264078
-0.00285504
-0.00308938
-0.00333277
-0.00357733
-0.00383694
-0.00409329
-0.00438631
-0.0046556
-0.00496743
-0.00526245
-0.00559985
-0.00593147
-0.00626812
-0.00665159
-0.00698804
-0.00742019
-0.00778923
-0.00825206
-0.00871196
-0.00918807
-0.00983537
-0.0105446
-0.0117328
0.00503953
0.00657234
0.00619135
0.00484387
0.00335638
0.00206455
0.00113941
0.000611941
0.000314107
0.000262303
0.000325744
0.000329035
0.000342159
0.000268114
6.83183e-05
-0.000133888
-0.000377832
-0.000656378
-0.000911433
-0.00117666
-0.00143137
-0.00163123
-0.00183645
-0.00202904
-0.00222777
-0.00242469
-0.00263575
-0.00284823
-0.00308276
-0.00332731
-0.00357153
-0.00383103
-0.00408744
-0.00438085
-0.00465016
-0.00496232
-0.00525765
-0.00559542
-0.00592746
-0.00626398
-0.00664754
-0.00698394
-0.00741698
-0.00778563
-0.00824755
-0.00870673
-0.00918089
-0.00982748
-0.010535
-0.0117218
0.00479149
0.00633394
0.00596917
0.0046374
0.00316307
0.00189614
0.000980372
0.000472898
0.000214474
0.000167417
0.000248546
0.000277187
0.000290899
0.000235625
4.95047e-05
-0.000156717
-0.00039103
-0.000661641
-0.000916509
-0.00117651
-0.00142753
-0.00162697
-0.00183095
-0.00202243
-0.00222023
-0.00241839
-0.00263143
-0.00284256
-0.00307606
-0.00332107
-0.00356548
-0.00382543
-0.00408152
-0.0043751
-0.00464478
-0.00495732
-0.00525248
-0.0055902
-0.00592293
-0.00625973
-0.0066438
-0.00698018
-0.0074137
-0.00778168
-0.00824266
-0.00870142
-0.00917356
-0.00981943
-0.0105256
-0.0117108
0.00453646
0.00608813
0.00573683
0.00442099
0.00295936
0.00171625
0.000817181
0.000326218
0.000107398
7.3761e-05
0.000167139
0.000222094
0.000239262
0.000197902
2.88945e-05
-0.00017986
-0.000407848
-0.00066865
-0.000921719
-0.00117661
-0.00142342
-0.00162298
-0.00182673
-0.00201764
-0.00221325
-0.00241086
-0.00262586
-0.00283629
-0.00306935
-0.00331512
-0.00355911
-0.00381907
-0.00407546
-0.00436934
-0.00463907
-0.00495222
-0.00524758
-0.00558522
-0.00591828
-0.00625499
-0.00663943
-0.00697614
-0.00741056
-0.00777801
-0.00823781
-0.00869586
-0.00916613
-0.00981115
-0.010516
-0.0116998
0.00427254
0.00583281
0.00549315
0.00419332
0.00274536
0.00152435
0.000647484
0.000173008
-8.08285e-06
-1.91153e-05
8.41131e-05
0.000163074
0.000187158
0.000155211
4.20801e-06
-0.000203525
-0.000427797
-0.000678271
-0.000927331
-0.0011773
-0.00141863
-0.00161639
-0.00182031
-0.00201291
-0.00220789
-0.00240478
-0.00262173
-0.00283092
-0.00306183
-0.00330803
-0.00355271
-0.00381274
-0.00406869
-0.00436313
-0.00463339
-0.00494705
-0.00524228
-0.00557994
-0.00591384
-0.0062505
-0.00663513
-0.00697168
-0.00740682
-0.00777392
-0.00823294
-0.00869053
-0.00915873
-0.00980299
-0.0105064
-0.0116886
0.00399899
0.00556554
0.00523609
0.0039526
0.00252065
0.00132188
0.000470988
1.52382e-05
-0.000131055
-0.000112306
1.78209e-06
0.000101961
0.000135416
0.000107546
-2.65334e-05
-0.000229142
-0.000451633
-0.000691456
-0.000932965
-0.00117823
-0.00141555
-0.0016104
-0.00181243
-0.00200606
-0.00220069
-0.00239707
-0.00261691
-0.00282683
-0.00305603
-0.00330126
-0.0035457
-0.00380612
-0.00406204
-0.00435647
-0.00462703
-0.00494166
-0.00523703
-0.00557453
-0.00590908
-0.0062458
-0.00663082
-0.00696756
-0.00740324
-0.00776971
-0.00822747
-0.00868469
-0.00915114
-0.00979458
-0.0104968
-0.0116776
0.0037123
0.00528281
0.00496178
0.00369459
0.00228133
0.00110684
0.000286186
-0.000144797
-0.000259142
-0.000207404
-7.86043e-05
3.93046e-05
8.51872e-05
5.97305e-05
-6.12393e-05
-0.000256301
-0.0004783
-0.000709147
-0.000940631
-0.00117923
-0.00141216
-0.00160431
-0.00180552
-0.00200103
-0.00219505
-0.00238936
-0.00261046
-0.00282101
-0.00304909
-0.00329421
-0.00353912
-0.0037996
-0.00405512
-0.00435
-0.00462088
-0.00493606
-0.00523134
-0.00556894
-0.00590441
-0.00624102
-0.00662631
-0.00696314
-0.00739963
-0.00776579
-0.0082225
-0.00867907
-0.0091434
-0.00978599
-0.0104867
-0.0116653
0.0034105
0.0049828
0.0046685
0.00341827
0.00202647
0.000878595
9.18357e-05
-0.000306633
-0.000389199
-0.00030435
-0.000158255
-2.75342e-05
3.09572e-05
9.59046e-06
-9.99325e-05
-0.00028388
-0.000503575
-0.000727954
-0.000949127
-0.00118011
-0.00140974
-0.00159831
-0.00179677
-0.00199468
-0.00219013
-0.00238332
-0.00260518
-0.00281633
-0.00304249
-0.00328551
-0.00353048
-0.00379224
-0.00404772
-0.00434259
-0.00461427
-0.00493066
-0.00522595
-0.00556331
-0.00589974
-0.00623641
-0.0066221
-0.00695901
-0.00739602
-0.00776178
-0.00821752
-0.00867402
-0.00913675
-0.00977846
-0.0104783
-0.011656
0.00308593
0.00465787
0.00434947
0.00311861
0.00175359
0.000637729
-0.000110764
-0.000469153
-0.000517068
-0.000399836
-0.000233471
-9.38194e-05
-2.64326e-05
-4.44751e-05
-0.000146136
-0.000317021
-0.000530235
-0.000747735
-0.000957071
-0.00117801
-0.0014057
-0.00159345
-0.00178951
-0.00198868
-0.00218519
-0.00237723
-0.00259918
-0.00281139
-0.00303705
-0.00327822
-0.00352218
-0.00378397
-0.00403909
-0.00433413
-0.00460603
-0.00492316
-0.00521845
-0.00555604
-0.00589342
-0.00622992
-0.00661595
-0.00695311
-0.00739091
-0.00775644
-0.00821102
-0.00866689
-0.00912762
-0.00976858
-0.010467
-0.0116419
0.00273714
0.00430315
0.00400028
0.00279139
0.00146002
0.000385346
-0.000316677
-0.000628041
-0.000638681
-0.000492595
-0.000305946
-0.000158823
-8.6227e-05
-9.97739e-05
-0.000195197
-0.000354625
-0.000558619
-0.000769133
-0.000967385
-0.00117604
-0.00140033
-0.001587
-0.00178097
-0.00198315
-0.00218268
-0.00237383
-0.00259482
-0.00280778
-0.00303295
-0.00327208
-0.00351627
-0.00377974
-0.00403466
-0.00432932
-0.00460212
-0.00492013
-0.00521515
-0.00555241
-0.00589072
-0.0062271
-0.00661341
-0.00695042
-0.00738864
-0.00775391
-0.0082076
-0.00866342
-0.00912254
-0.00976238
-0.01046
-0.0116343
0.00233728
0.0038959
0.00359747
0.00241745
0.00113365
0.000114731
-0.000529035
-0.000784962
-0.000753008
-0.000579366
-0.000375789
-0.000223834
-0.000149185
-0.000158272
-0.000246132
-0.000391859
-0.000581391
-0.000782329
-0.000970665
-0.00116741
-0.00138953
-0.0015773
-0.00176808
-0.00197049
-0.00217259
-0.0023639
-0.00258381
-0.00279764
-0.00302326
-0.00326004
-0.00350238
-0.00376668
-0.00402182
-0.00431679
-0.00459011
-0.00490927
-0.00520468
-0.00554247
-0.00588184
-0.00621816
-0.00660514
-0.0069427
-0.00738167
-0.00774695
-0.00819947
-0.00865494
-0.00911232
-0.00975159
-0.0104479
-0.0116192
0.00191941
0.0034312
0.00311625
0.00196671
0.000748425
-0.000192557
-0.000759375
-0.000948927
-0.00086871
-0.000672169
-0.00046089
-0.000308848
-0.000236149
-0.000241568
-0.000320442
-0.00045198
-0.000622723
-0.000810317
-0.000988417
-0.00117138
-0.00138868
-0.00157871
-0.00176894
-0.00197234
-0.00217655
-0.00236678
-0.00258426
-0.00279777
-0.00302354
-0.0032585
-0.0035003
-0.00376545
-0.00401997
-0.00431429
-0.00458829
-0.00490763
-0.0052026
-0.00554019
-0.00588033
-0.00621642
-0.00660367
-0.00694084
-0.00738024
-0.00774533
-0.00819707
-0.00865224
-0.00910794
-0.00974586
-0.0104413
-0.011612
0.00157196
0.0030211
0.00268525
0.00157509
0.000440532
-0.000404624
-0.000883843
-0.00101078
-0.000898627
-0.000701496
-0.000504409
-0.000362347
-0.000296279
-0.000298583
-0.000364508
-0.000480525
-0.000632342
-0.000806347
-0.00097926
-0.00115395
-0.00136821
-0.00156158
-0.0017508
-0.00195363
-0.00216157
-0.00235384
-0.00256993
-0.00278365
-0.00301025
-0.0032436
-0.00348366
-0.00375019
-0.00400562
-0.0043006
-0.00457533
-0.00489581
-0.00519167
-0.00552995
-0.00587102
-0.00620707
-0.00659515
-0.00693294
-0.00737285
-0.00773825
-0.00818888
-0.00864417
-0.00909846
-0.00973598
-0.0104303
-0.0115981
0.000550642
0.00201086
0.0017906
0.000855656
-8.66239e-05
-0.000754222
-0.0010886
-0.00112772
-0.000982321
-0.000790135
-0.000610091
-0.000476296
-0.000411164
-0.000404126
-0.000448851
-0.00054367
-0.000671955
-0.000827401
-0.000993533
-0.00115967
-0.00136778
-0.00156525
-0.00175672
-0.0019573
-0.00216487
-0.00235587
-0.00256941
-0.0027823
-0.00300868
-0.00324137
-0.00348077
-0.00374658
-0.00400088
-0.00429603
-0.00457115
-0.00489109
-0.00518682
-0.00552544
-0.00586727
-0.00620335
-0.00659208
-0.00692951
-0.00737002
-0.00773543
-0.00818535
-0.00864007
-0.00909247
-0.0097287
-0.010422
-0.0115883
0.000604082
0.0015505
0.00116834
0.000330668
-0.000420828
-0.000914544
-0.00112918
-0.00112955
-0.00100201
-0.000844835
-0.000693685
-0.000568826
-0.000499044
-0.000477698
-0.000498028
-0.000572254
-0.000683062
-0.000823361
-0.000986766
-0.00115035
-0.00135257
-0.00155176
-0.00174554
-0.00194452
-0.00215499
-0.00234871
-0.00256064
-0.00277321
-0.00299906
-0.00323051
-0.0034697
-0.00373608
-0.00399091
-0.0042872
-0.00456294
-0.00488309
-0.00518003
-0.00551913
-0.00586112
-0.00619686
-0.00658635
-0.0069243
-0.0073652
-0.00773096
-0.00818024
-0.00863519
-0.00908699
-0.0097223
-0.0104154
-0.0115808
-0.00177663
-0.000242338
-6.63446e-06
-0.000286729
-0.000627541
-0.000883795
-0.00102672
-0.00106585
-0.00101372
-0.000914747
-0.000794431
-0.000677459
-0.000598246
-0.000557622
-0.000550086
-0.000599025
-0.000691095
-0.000816117
-0.0009761
-0.00114003
-0.00133779
-0.00154034
-0.00173997
-0.00193556
-0.00214373
-0.00233726
-0.00254774
-0.00276097
-0.00298625
-0.00321775
-0.00345783
-0.00372271
-0.00397548
-0.00427377
-0.00455023
-0.00486943
-0.00516711
-0.00550748
-0.00585062
-0.0061869
-0.00657768
-0.00691564
-0.00735756
-0.007724
-0.00817283
-0.00862741
-0.00907678
-0.00971156
-0.0104025
-0.011564
-0.00371366
-0.00316092
-0.00222611
-0.00144447
-0.000998269
-0.000887681
-0.000946453
-0.00102966
-0.0010635
-0.00103222
-0.000944146
-0.000829522
-0.000729518
-0.000660499
-0.000622383
-0.000645393
-0.000720419
-0.000831952
-0.000987352
-0.00115188
-0.00134345
-0.00154368
-0.0017464
-0.00193951
-0.00214745
-0.00234267
-0.00255101
-0.00276343
-0.00298718
-0.00321691
-0.00345835
-0.00372298
-0.00397515
-0.00427488
-0.00455163
-0.00486963
-0.00516835
-0.00550889
-0.00585159
-0.00618737
-0.00657859
-0.00691658
-0.0073582
-0.00772468
-0.00817264
-0.00862733
-0.00907653
-0.00970988
-0.0104009
-0.0115629
-0.00482439
-0.00289523
-0.00183144
-0.00127556
-0.00100416
-0.000905606
-0.000904675
-0.000961031
-0.00101269
-0.00101715
-0.000967483
-0.000879361
-0.000779218
-0.000695018
-0.000638815
-0.000639558
-0.000698826
-0.000799476
-0.000952112
-0.00112186
-0.00131327
-0.0015159
-0.00172594
-0.00191803
-0.00212311
-0.00231874
-0.00252656
-0.00274116
-0.00296464
-0.00319408
-0.00343774
-0.0037011
-0.00395006
-0.00425295
-0.00453103
-0.00484795
-0.00514813
-0.00549049
-0.00583479
-0.00617134
-0.00656426
-0.00690258
-0.00734574
-0.00771339
-0.00816162
-0.00861603
-0.00906279
-0.00969615
-0.0103846
-0.0115415
-0.00592431
-0.00500546
-0.00365093
-0.00243772
-0.00159025
-0.00113486
-0.000976789
-0.000994645
-0.00105809
-0.00108194
-0.00105181
-0.000979784
-0.000878067
-0.000779279
-0.000709003
-0.000692251
-0.00073576
-0.000824322
-0.000968003
-0.00113797
-0.00132597
-0.00152433
-0.00173688
-0.00192801
-0.00213166
-0.00232816
-0.00253395
-0.00274846
-0.0029714
-0.00319797
-0.00344379
-0.00370773
-0.00395463
-0.00425868
-0.00453759
-0.0048527
-0.00515337
-0.005496
-0.00583967
-0.0061757
-0.00656888
-0.00690711
-0.00734992
-0.00771753
-0.00816516
-0.00861953
-0.00906633
-0.00969799
-0.0103868
-0.0115448
-0.00736619
-0.00478423
-0.00313854
-0.00210803
-0.00148487
-0.00113952
-0.000988851
-0.000986119
-0.00103691
-0.00105852
-0.0010325
-0.000969469
-0.000874315
-0.00077402
-0.000701472
-0.000680623
-0.00071814
-0.000802465
-0.000941498
-0.00111093
-0.0012998
-0.00149691
-0.00171177
-0.00190364
-0.00210441
-0.00230098
-0.00250668
-0.00272236
-0.00294671
-0.00317314
-0.00341891
-0.00368347
-0.0039276
-0.0042328
-0.00451388
-0.00482884
-0.00513039
-0.00547449
-0.00582058
-0.0061573
-0.00655241
-0.0068913
-0.0073358
-0.00770493
-0.0081534
-0.00860755
-0.0090523
-0.00968384
-0.0103692
-0.0115213
)
;

boundaryField
{
    zeroGradientPlanes
    {
        type            zeroGradient;
    }
    inlet
    {
        type            zeroGradient;
    }
    plate
    {
        type            zeroGradient;
    }
    frontAndBack
    {
        type            empty;
    }
}


// ************************************************************************* //
