/*--------------------------------*- C++ -*----------------------------------*\
| =========                 |                                                 |
| \\      /  F ield         | OpenFOAM: The Open Source CFD Toolbox           |
|  \\    /   O peration     | Version:  v2012                                 |
|   \\  /    A nd           | Website:  www.openfoam.com                      |
|    \\/     M anipulation  |                                                 |
\*---------------------------------------------------------------------------*/
FoamFile
{
    version     2.0;
    format      ascii;
    class       volScalarField;
    location    "3.4";
    object      p;
}
// * * * * * * * * * * * * * * * * * * * * * * * * * * * * * * * * * * * * * //

dimensions      [0 2 -2 0 0 0 0];


internalField   nonuniform List<scalar> 
7000
(
2.57785e-10
0.00170849
0.00131712
0.000618264
0.0021129
0.00142656
0.00162594
0.00175104
-0.000611881
0.00255703
-0.00274115
-0.0003135
-0.00329456
-0.00195236
-0.00389189
-0.002415
-0.00314383
-0.00169556
-0.00134052
0.00027193
-1.40551e-06
0.00171096
0.00131747
0.000621124
0.00211303
0.00141511
0.00163327
0.00172667
-0.000601252
0.00253151
-0.00272082
-0.000316017
-0.00328018
-0.00194951
-0.00387754
-0.00241003
-0.00311751
-0.00169533
-0.00132662
0.000203375
-3.03696e-06
0.00171406
0.00131793
0.000625279
0.00210889
0.00140103
0.00163498
0.00170193
-0.000595732
0.00249659
-0.00268898
-0.00032998
-0.00324987
-0.00195905
-0.00384118
-0.00242474
-0.0030665
-0.00171108
-0.00130805
8.87418e-05
-4.5128e-06
0.00171693
0.00131841
0.000628018
0.00210521
0.00138635
0.00163234
0.00167723
-0.000590187
0.0024526
-0.00264466
-0.000356346
-0.00320532
-0.00198384
-0.0037889
-0.00245794
-0.00300777
-0.00174242
-0.00129635
-4.52304e-05
-5.88381e-06
0.00171966
0.00131896
0.000629617
0.00210428
0.0013708
0.00162786
0.00165439
-0.000583227
0.00240268
-0.00258826
-0.000393878
-0.00315035
-0.00202116
-0.00372921
-0.00252044
-0.0029486
-0.00178099
-0.00129255
-0.000176144
-7.17898e-06
0.00172234
0.00131975
0.000630979
0.00210544
0.00135407
0.00162316
0.0016333
-0.000574478
0.00234848
-0.00252294
-0.000440179
-0.00308881
-0.00206654
-0.00366673
-0.00256753
-0.00289307
-0.00182053
-0.00129722
-0.000296438
-8.43638e-06
0.00172498
0.00132103
0.000632636
0.00210791
0.00133602
0.00161927
0.00161342
-0.000563908
0.00229061
-0.0024515
-0.000492571
-0.00302292
-0.0021161
-0.00360354
-0.00261583
-0.0028422
-0.00185934
-0.00131182
-0.000408944
-9.71102e-06
0.00172759
0.00132309
0.000635116
0.00211142
0.00131647
0.0016166
0.00159418
-0.000551463
0.00222906
-0.00237531
-0.000549356
-0.00295351
-0.00216768
-0.00354042
-0.00266368
-0.00279583
-0.0018977
-0.00133696
-0.00051849
-1.10519e-05
0.00173019
0.00132623
0.000638997
0.00211575
0.00129527
0.00161513
0.00157512
-0.000536957
0.00216369
-0.00229472
-0.000609858
-0.00288079
-0.00222038
-0.00347743
-0.00270961
-0.00275463
-0.0019356
-0.00137177
-0.000627446
-1.24907e-05
0.00173281
0.00133068
0.000644634
0.00212056
0.00127236
0.00161454
0.00155583
-0.000520166
0.00209439
-0.00220979
-0.000673837
-0.00280498
-0.00227373
-0.00341492
-0.00275244
-0.00271944
-0.00197206
-0.00141463
-0.000736007
-1.40424e-05
0.00173546
0.00133649
0.000652039
0.00212553
0.00124783
0.00161447
0.0015358
-0.000500873
0.00202118
-0.0021207
-0.000741013
-0.00272644
-0.00232705
-0.00335349
-0.00279096
-0.00269101
-0.00200618
-0.00146383
-0.000843919
-1.57131e-05
0.00173816
0.0013435
0.000660965
0.00213035
0.00122193
0.00161456
0.00151443
-0.000478901
0.0019441
-0.00202777
-0.000810921
-0.0026458
-0.00237918
-0.00329385
-0.0028237
-0.00266969
-0.00203765
-0.00151789
-0.000951338
-1.75046e-05
0.00174094
0.00135146
0.000671033
0.00213484
0.001195
0.00161459
0.00149105
-0.000454122
0.00186323
-0.00193144
-0.000882924
-0.00256395
-0.00242844
-0.00323685
-0.00284901
-0.00265545
-0.0020666
-0.00157539
-0.00105851
-1.94141e-05
0.0017438
0.00136006
0.000681869
0.00213891
0.00116735
0.00161448
0.001465
-0.000426477
0.00177865
-0.00183226
-0.000956208
-0.00248207
-0.00247285
-0.00318344
-0.00286557
-0.00264804
-0.00209293
-0.00163461
-0.00116514
-2.14334e-05
0.00174674
0.00136912
0.000693205
0.00214264
0.0011392
0.00161435
0.00143576
-0.00039599
0.00169047
-0.00173093
-0.00102973
-0.00240166
-0.00251027
-0.00313466
-0.00287243
-0.00264383
-0.00211637
-0.00169343
-0.00126993
-2.35503e-05
0.00174975
0.00137854
0.00070492
0.00214623
0.00111056
0.00161441
0.00140301
-0.000362758
0.00159894
-0.00162838
-0.00110228
-0.00232449
-0.00253903
-0.00309138
-0.00286921
-0.00264159
-0.00213662
-0.00174939
-0.00137055
-2.57481e-05
0.00175282
0.00138832
0.000716985
0.00214987
0.00108144
0.00161495
0.00136665
-0.000326959
0.00150451
-0.00152563
-0.00117252
-0.00225247
-0.00255831
-0.00305412
-0.00285626
-0.00263984
-0.00215362
-0.00180029
-0.00146403
-2.8006e-05
0.00175593
0.00139852
0.000729375
0.0021537
0.0010518
0.00161614
0.00132684
-0.000288836
0.00140778
-0.00142377
-0.00123883
-0.00218737
-0.00256803
-0.00302338
-0.00283441
-0.00263704
-0.00216871
-0.00184494
-0.00154761
-3.02991e-05
0.00175904
0.00140919
0.000742031
0.0021578
0.00102165
0.00161807
0.00128393
-0.000248661
0.00130955
-0.0013241
-0.00129937
-0.00213053
-0.00256855
-0.00299947
-0.00280599
-0.00263199
-0.00218335
-0.00188366
-0.00161936
-3.25987e-05
0.00176213
0.00142037
0.000754853
0.00216217
0.000991023
0.00162064
0.00123841
-0.000206789
0.00121088
-0.00122821
-0.00135239
-0.00208286
-0.00256036
-0.0029822
-0.00277437
-0.00262362
-0.00219826
-0.00191832
-0.00167972
-3.4872e-05
0.00176515
0.00143211
0.000767718
0.00216676
0.000959992
0.00162368
0.00119083
-0.000163714
0.0011131
-0.00113773
-0.00139647
-0.00204488
-0.00254427
-0.0029705
-0.00274268
-0.0026118
-0.00221369
-0.00195087
-0.00173149
-3.70824e-05
0.00176805
0.00144448
0.000780508
0.00217149
0.000928588
0.001627
0.00114175
-0.000120077
0.00101773
-0.00105413
-0.00143069
-0.00201676
-0.00252172
-0.00296264
-0.00271326
-0.00259804
-0.00223073
-0.00198216
-0.00177659
-3.91894e-05
0.00177077
0.00145754
0.000793125
0.0021763
0.000896828
0.00163036
0.0010917
-7.67399e-05
0.000926457
-0.000978758
-0.00145451
-0.00199831
-0.00249426
-0.00295706
-0.00268759
-0.00258272
-0.00225113
-0.00201466
-0.00181614
-4.11476e-05
0.00177322
0.00147135
0.000805486
0.00218116
0.000864747
0.00163348
0.00104133
-3.48683e-05
0.000840819
-0.000912554
-0.00146782
-0.00198908
-0.00246361
-0.00295187
-0.00266719
-0.00256568
-0.00227452
-0.0020504
-0.00185237
-4.29024e-05
0.00177533
0.001486
0.000817533
0.00218601
0.000832397
0.00163598
0.000991368
4.45955e-06
0.000761799
-0.000856235
-0.00147078
-0.00198808
-0.00243205
-0.00294537
-0.00265305
-0.00254752
-0.00229983
-0.00208963
-0.00188641
-4.43953e-05
0.001777
0.00150153
0.000829237
0.00219082
0.000799858
0.00163747
0.000942309
4.027e-05
0.000690613
-0.000810642
-0.00146446
-0.00199371
-0.00240168
-0.00293592
-0.0026467
-0.00252944
-0.002324
-0.00213216
-0.00191995
-4.55661e-05
0.00177814
0.00151801
0.000840566
0.00219551
0.000767203
0.00163757
0.000894977
7.10725e-05
0.00062822
-0.000775273
-0.00145057
-0.00200456
-0.00237475
-0.00292112
-0.00264847
-0.00251667
-0.00234434
-0.00217305
-0.00195305
-4.63389e-05
0.00177861
0.00153551
0.000851484
0.00220003
0.00073457
0.00163553
0.00085057
9.6263e-05
0.000574211
-0.000749901
-0.00142904
-0.00201845
-0.0023547
-0.0029025
-0.00265276
-0.00250916
-0.00236695
-0.00221226
-0.00198214
-4.66294e-05
0.00177829
0.00155406
0.000861981
0.00220427
0.000702293
0.00163043
0.000809718
0.0001152
0.000530203
-0.000735754
-0.00140193
-0.00203195
-0.00234174
-0.00288494
-0.00265845
-0.00249802
-0.00239065
-0.00226331
-0.00200988
-4.63482e-05
0.00177703
0.00157372
0.000872099
0.00220795
0.000670948
0.00162135
0.000773449
0.000126112
0.000496319
-0.000729444
-0.0013735
-0.00204542
-0.00233455
-0.00286592
-0.00267268
-0.00249401
-0.00239948
-0.00229514
-0.00204048
-4.53653e-05
0.00177467
0.00159454
0.000881868
0.0022109
0.000640931
0.00160752
0.000742322
0.000130025
0.000469482
-0.000729111
-0.00134437
-0.00205563
-0.00233745
-0.00284487
-0.00268951
-0.00249832
-0.00240919
-0.00227094
-0.00206817
-4.36595e-05
0.00177113
0.00161643
0.000891461
0.00221273
0.000612928
0.00158824
0.000715966
0.000127989
0.000449733
-0.000734413
-0.00132044
-0.0020559
-0.002349
-0.00282585
-0.0027023
-0.00250357
-0.00242215
-0.00236377
-0.00208852
-4.10933e-05
0.00176617
0.00163959
0.000900843
0.00221306
0.000587661
0.00156296
0.000694604
0.00011927
0.000435762
-0.000737215
-0.0013087
-0.0020495
-0.00236307
-0.00280703
-0.00272369
-0.00253791
-0.00244458
-0.00229487
-0.00209058
-3.73648e-05
0.00175948
0.00166416
0.000909925
0.00221181
0.000565642
0.00153539
0.000678688
0.000104532
0.000426007
-0.000739159
-0.00130117
-0.00204133
-0.00238041
-0.00279281
-0.00273554
-0.0025682
-0.00249545
-0.00242531
-0.00207658
-3.26708e-05
0.00175132
0.00168937
0.000919704
0.0022074
0.000549349
0.0014875
0.00066953
8.37419e-05
0.000420037
-0.000743286
-0.00129618
-0.00203048
-0.00240002
-0.00279314
-0.00276813
-0.00259626
-0.00250241
-0.00244808
-0.00207279
-2.67489e-05
0.00174131
0.00171568
0.000929799
0.00219981
0.000538117
0.00143649
0.000663962
6.01742e-05
0.000415007
-0.000741666
-0.00130512
-0.00201752
-0.00242206
-0.00280241
-0.00280991
-0.00263839
-0.00246231
-0.00227594
-0.00206919
-1.90858e-05
0.0017288
0.00174398
0.00093964
0.00219003
0.000530194
0.00138795
0.000660035
3.75731e-05
0.000406448
-0.000733156
-0.00131973
-0.00201336
-0.00244209
-0.0028056
-0.00283741
-0.00267807
-0.00258767
-0.00246685
-0.00203456
-1.02261e-05
0.00171455
0.00177191
0.000952243
0.00217456
0.000533127
0.00132251
0.000661528
1.37189e-05
0.000397275
-0.000724123
-0.0013353
-0.00201256
-0.00247643
-0.00282794
-0.00286521
-0.00270986
-0.00259167
-0.00248193
-0.00201131
2.87883e-07
0.00169812
0.00179987
0.000966743
0.00215374
0.000541829
0.00125063
0.000662836
-6.62122e-06
0.000384998
-0.000711478
-0.00136093
-0.00201076
-0.00252478
-0.00286609
-0.00290289
-0.00275039
-0.00241123
-0.00222126
-0.00200061
1.32436e-05
0.00167857
0.00183092
0.000980603
0.00213081
0.000547866
0.00118724
0.000658702
-1.97233e-05
0.000367265
-0.000696203
-0.00138994
-0.00202412
-0.002543
-0.00289042
-0.00293481
-0.0028052
-0.00282744
-0.00248564
-0.00195023
2.74067e-05
0.00165746
0.00185889
0.00100034
0.00209982
0.000572366
0.00110616
0.000659394
-3.48406e-05
0.000354617
-0.000684311
-0.00142203
-0.00204202
-0.0025879
-0.00293064
-0.00296691
-0.0028441
-0.00279041
-0.0025006
-0.00190948
4.38926e-05
0.00163402
0.00188468
0.00102397
0.00206282
0.000601079
0.0010224
0.000658321
-4.72231e-05
0.000338765
-0.000668862
-0.00146189
-0.00205943
-0.00264143
-0.00298577
-0.00301762
-0.00288297
-0.00243426
-0.00218728
-0.00189318
6.33794e-05
0.00160752
0.00191507
0.00104725
0.00202566
0.000613725
0.000958299
0.000637855
-4.62137e-05
0.000314633
-0.000651541
-0.00150379
-0.00208314
-0.002654
-0.00302617
-0.00308254
-0.00296423
-0.0028425
-0.00251949
-0.00182043
8.41793e-05
0.00158002
0.00193534
0.00107818
0.00198205
0.000641613
0.000891308
0.000614575
-4.4905e-05
0.000286406
-0.000639003
-0.00154191
-0.0021069
-0.00266231
-0.00307124
-0.00316378
-0.00308046
-0.00298915
-0.00252309
-0.00169953
0.000108208
0.00155046
0.00195722
0.00111316
0.00193506
0.000668559
0.000822251
0.000594028
-4.89088e-05
0.000252653
-0.000631001
-0.0015733
-0.00213323
-0.0026802
-0.00312116
-0.00324526
-0.003174
-0.00304905
-0.00251146
-0.00162793
0.000135017
0.00151932
0.00199254
0.00115062
0.00188785
0.000689229
0.000758396
0.000568318
-5.68711e-05
0.000215945
-0.000623658
-0.00160084
-0.00217103
-0.00270266
-0.00316283
-0.00331319
-0.00323524
-0.0030385
-0.00254803
-0.00157442
0.000163842
0.00148786
0.00199743
0.00119273
0.00184025
0.000709846
0.000697562
0.000537081
-6.50982e-05
0.000173156
-0.000617715
-0.00162825
-0.0022161
-0.002721
-0.00319505
-0.00337417
-0.0032984
-0.00314607
-0.00253633
-0.00150885
0.00019617
0.00145534
0.00200287
0.00123631
0.00179546
0.000722765
0.000638933
0.000503394
-7.52137e-05
0.000124508
-0.000618251
-0.00165137
-0.00225689
-0.00273926
-0.00322683
-0.00343561
-0.00334149
-0.00305544
-0.00255392
-0.00144167
0.000231086
0.00142273
0.00200141
0.00128178
0.00175282
0.000736735
0.000585001
0.000463551
-9.1294e-05
7.20711e-05
-0.000617602
-0.00166503
-0.00230151
-0.00276996
-0.00325617
-0.00349089
-0.00338708
-0.00313807
-0.00254552
-0.00138382
0.000268869
0.00139016
0.00199378
0.00132734
0.0017139
0.000748902
0.000531954
0.000417443
-0.000109007
2.03195e-05
-0.000620598
-0.00167891
-0.00235071
-0.00280292
-0.00326971
-0.00353606
-0.00344335
-0.00320757
-0.00251885
-0.00132198
0.000309807
0.00135778
0.00198173
0.00137153
0.00167958
0.000755134
0.000482386
0.000369603
-0.000130936
-3.51229e-05
-0.000631574
-0.00168573
-0.00239136
-0.00283741
-0.00328361
-0.00358064
-0.00348556
-0.00310172
-0.00250669
-0.00125611
0.000353447
0.00132638
0.00196198
0.00141431
0.00164796
0.000762707
0.000437422
0.00031702
-0.00015992
-9.363e-05
-0.000641409
-0.00168325
-0.00243118
-0.00288506
-0.00330171
-0.00361165
-0.00352595
-0.00318969
-0.00248214
-0.0011929
0.000400126
0.00129606
0.00193787
0.00145382
0.00161981
0.000768732
0.00039352
0.000261761
-0.000190504
-0.000149899
-0.000656877
-0.00168359
-0.00246882
-0.00293471
-0.00331231
-0.00362669
-0.00356604
-0.00319103
-0.00247505
-0.0011182
0.000449527
0.00126744
0.00190766
0.00148975
0.00159428
0.000772198
0.000353662
0.0002082
-0.000224502
-0.000211192
-0.000680595
-0.00167859
-0.00249219
-0.00298411
-0.00333069
-0.00364285
-0.00361079
-0.00322949
-0.00242375
-0.00103189
0.000501511
0.00124095
0.00187208
0.00152109
0.00157087
0.000775288
0.000316962
0.000152959
-0.000263234
-0.000272311
-0.000705956
-0.00167203
-0.00250873
-0.00303748
-0.00335907
-0.00365035
-0.0036328
-0.00321126
-0.00240971
-0.000963364
0.000555872
0.00121728
0.00183
0.00154718
0.00154905
0.000776995
0.000282616
9.90089e-05
-0.000302838
-0.000332563
-0.000736607
-0.00167034
-0.00251713
-0.00308469
-0.0033915
-0.00365427
-0.00365071
-0.00325947
-0.00239381
-0.000897976
0.000612157
0.00119695
0.00177745
0.00156739
0.00152833
0.000775801
0.000250919
4.75689e-05
-0.000344105
-0.000393517
-0.00077033
-0.00167221
-0.00251698
-0.00312349
-0.00343278
-0.00366169
-0.00365742
-0.00325183
-0.00238227
-0.000828236
0.000669879
0.00118067
0.00172878
0.00158079
0.00150842
0.000771369
0.000219819
-2.13536e-06
-0.000384625
-0.000452718
-0.000804267
-0.00167911
-0.00251437
-0.00315244
-0.00347611
-0.00367172
-0.00366264
-0.00326129
-0.00235443
-0.00075667
0.000728629
0.00116901
0.00167854
0.00158606
0.00148783
0.000764879
0.000188026
-4.99024e-05
-0.000422405
-0.000510581
-0.000838201
-0.0016899
-0.0025119
-0.00316891
-0.00351741
-0.00368971
-0.00366724
-0.00324606
-0.00232074
-0.000685562
0.000788037
0.00116254
0.00162794
0.00158235
0.00146566
0.000759575
0.000153446
-9.68218e-05
-0.000457012
-0.000566334
-0.000871089
-0.00170221
-0.00251268
-0.00317625
-0.00355426
-0.00371056
-0.00366896
-0.00323364
-0.00228257
-0.000611279
0.000847115
0.00116197
0.00157735
0.0015693
0.00144088
0.000733572
0.00011755
-0.000143463
-0.000488134
-0.000620567
-0.000902502
-0.00171277
-0.00251882
-0.00317802
-0.00358111
-0.00373134
-0.00367369
-0.00322081
-0.00223927
-0.000533653
0.000905722
0.00116687
0.00152754
0.00154572
0.00141223
0.000708919
8.44507e-05
-0.000189833
-0.000516899
-0.000673825
-0.000934791
-0.00172094
-0.00252869
-0.0031768
-0.00359796
-0.00375114
-0.00368003
-0.0032099
-0.00219648
-0.000453733
0.00096355
0.00117662
0.00147862
0.00151198
0.00138114
0.000699964
5.53027e-05
-0.000235882
-0.000545365
-0.000728064
-0.000970548
-0.00172421
-0.00253822
-0.00317659
-0.00360849
-0.00376731
-0.00368566
-0.00320014
-0.00215447
-0.000372129
0.00101988
0.00119073
0.00143113
0.00146967
0.00134757
0.000698662
3.13554e-05
-0.000284069
-0.000576255
-0.00078223
-0.00100961
-0.00172221
-0.0025455
-0.00317959
-0.00361443
-0.00377718
-0.0036876
-0.00319189
-0.00211757
-0.000294905
0.00107434
0.00120843
0.00138614
0.00142081
0.001311
0.000707942
1.17097e-05
-0.000334771
-0.000609246
-0.000834129
-0.00105385
-0.00171748
-0.00254676
-0.0031839
-0.00361773
-0.00378314
-0.0036868
-0.0031835
-0.00208509
-0.000222433
0.00112651
0.00122904
0.00134513
0.00136667
0.00126969
0.0007047
-3.29771e-06
-0.000385351
-0.000644167
-0.000883002
-0.00110382
-0.00171326
-0.00253963
-0.00318761
-0.00362173
-0.00378822
-0.00368333
-0.00316963
-0.0020531
-0.000153872
0.00117613
0.00125194
0.00130901
0.00130824
0.00122261
0.000698696
-1.26806e-05
-0.000433995
-0.000682332
-0.000928561
-0.00115841
-0.0017137
-0.00252415
-0.00318731
-0.00362548
-0.0037918
-0.00367922
-0.00315236
-0.00202063
-8.93284e-05
0.00122314
0.0012763
0.00127803
0.0012475
0.00116981
0.000689163
-1.70057e-05
-0.000479708
-0.000724481
-0.000970813
-0.00121544
-0.00172175
-0.00250236
-0.00317906
-0.00362673
-0.00379486
-0.00365988
-0.00313077
-0.00198463
-2.55777e-05
0.00126738
0.00130146
0.00125247
0.00118623
0.00111125
0.00067445
-1.73056e-05
-0.000520142
-0.00076987
-0.00101029
-0.00127202
-0.00173875
-0.00247847
-0.00316245
-0.00362437
-0.00380089
-0.00365741
-0.00310992
-0.00194566
3.82829e-05
0.00130885
0.00132677
0.00123232
0.00112566
0.00104726
0.00065343
-1.47847e-05
-0.000552955
-0.000817713
-0.00104892
-0.00132635
-0.00176467
-0.00245691
-0.00313894
-0.00361631
-0.00380683
-0.00365927
-0.00309215
-0.00190693
0.000102041
0.00134764
0.00135155
0.00121716
0.00106715
0.000979085
0.000625305
-1.12887e-05
-0.000577652
-0.000867104
-0.00108856
-0.00137707
-0.00179823
-0.00244122
-0.00311059
-0.00360068
-0.00380925
-0.00366395
-0.00307996
-0.0018717
0.000163959
0.0013838
0.00137533
0.0012064
0.00101183
0.00090803
0.000589672
-9.12493e-06
-0.0005943
-0.000915814
-0.00113
-0.00142339
-0.0018367
-0.00243391
-0.00308103
-0.00357813
-0.0038054
-0.00366945
-0.00307448
-0.00184375
0.000220802
0.00141745
0.00139765
0.00119943
0.000960489
0.000835388
0.000546621
-1.05089e-05
-0.00060326
-0.000961092
-0.00117457
-0.00146606
-0.00187702
-0.00243573
-0.00305382
-0.00355092
-0.0037944
-0.00367279
-0.00307393
-0.00182348
0.000271019
0.00144874
0.00141826
0.00119539
0.000913662
0.000762518
0.000496958
-1.74226e-05
-0.000606278
-0.00100051
-0.00122265
-0.00150709
-0.00191681
-0.00244582
-0.00303206
-0.0035214
-0.00377714
-0.00367176
-0.00307505
-0.00180962
0.000314089
0.00147782
0.00143691
0.00119349
0.000871692
0.000690678
0.000441593
-3.13562e-05
-0.000605734
-0.0010325
-0.00127298
-0.00154834
-0.00195509
-0.00246277
-0.0030186
-0.00349113
-0.003754
-0.00366446
-0.00307494
-0.00180023
0.000350028
0.00150485
0.00145347
0.00119288
0.000834638
0.000620752
0.000381699
-5.3151e-05
-0.000604312
-0.00105637
-0.00132362
-0.00159141
-0.00199202
-0.00248439
-0.00301323
-0.00346667
-0.00372829
-0.00365133
-0.00307135
-0.00179254
0.000379707
0.00152991
0.00146793
0.00119278
0.000802337
0.000553386
0.000318568
-8.26037e-05
-0.000604998
-0.0010728
-0.00137227
-0.00163732
-0.00202855
-0.00250872
-0.00301616
-0.00345051
-0.00370455
-0.00363486
-0.00306365
-0.00178432
0.000404368
0.00155316
0.00148029
0.00119248
0.000774522
0.000489941
0.000253511
-0.000119113
-0.000610218
-0.00108302
-0.00141699
-0.00168639
-0.00206621
-0.00253533
-0.00302611
-0.00344379
-0.00368625
-0.00361771
-0.00305241
-0.00177446
0.000425278
0.00157462
0.00149072
0.0011915
0.000750353
0.000431215
0.000187879
-0.000161515
-0.00062185
-0.00108917
-0.00145623
-0.00173811
-0.00210632
-0.00256365
-0.00304113
-0.00344652
-0.00367624
-0.00360342
-0.0030399
-0.00176281
0.000443811
0.00159428
0.00149931
0.00118953
0.000729212
0.000377211
0.000122648
-0.000208766
-0.000640916
-0.00109452
-0.00148932
-0.00179122
-0.00215012
-0.00259462
-0.00305933
-0.00345638
-0.00367615
-0.00359628
-0.00303023
-0.00175158
0.000460342
0.00161225
0.00150624
0.00118623
0.000710344
0.000327895
5.86213e-05
-0.000259778
-0.000667324
-0.00110172
-0.00151642
-0.00184435
-0.00219872
-0.0026298
-0.00308004
-0.00347028
-0.00368467
-0.00359931
-0.00302888
-0.00174647
0.000471427
0.00162849
0.00151169
0.00118161
0.000693094
0.000283042
-3.56664e-06
-0.000312564
-0.000700541
-0.00111441
-0.00153813
-0.00189529
-0.00225206
-0.0026717
-0.00310657
-0.00348783
-0.00369799
-0.00360883
-0.00303523
-0.00174906
0.000473651
0.001643
0.00151577
0.00117563
0.000676922
0.000242498
-6.31836e-05
-0.000366954
-0.000739744
-0.00113512
-0.00155807
-0.00194159
-0.00230779
-0.00272172
-0.00314405
-0.00351405
-0.00371845
-0.00362393
-0.00304699
-0.00175728
0.000469099
0.00165574
0.00151874
0.00116847
0.000661165
0.000205601
-0.000119808
-0.000422174
-0.000783502
-0.00116461
-0.00158027
-0.00198368
-0.00236275
-0.00277497
-0.00319053
-0.00355148
-0.00375152
-0.00365235
-0.00307109
-0.00177615
0.000455801
0.00166657
0.00152073
0.00116048
0.000645518
0.000171847
-0.000173221
-0.00047775
-0.000830268
-0.00120176
-0.00160998
-0.00202589
-0.00241897
-0.0028303
-0.00324127
-0.00359528
-0.00379336
-0.00369376
-0.00311108
-0.00181216
0.000425474
0.00167544
0.00152195
0.00115208
0.000629803
0.000140358
-0.000223609
-0.000534001
-0.000879415
-0.00124354
-0.00164636
-0.0020712
-0.00247938
-0.00289359
-0.00330239
-0.00364987
-0.00384389
-0.00374314
-0.00316068
-0.00186101
0.000379588
0.00168217
0.00152253
0.00114355
0.000614219
0.000110731
-0.000270779
-0.000590685
-0.000933096
-0.00128952
-0.00168752
-0.00211771
-0.00254037
-0.00296233
-0.00337419
-0.00372039
-0.00391178
-0.00380891
-0.00322553
-0.00192513
0.000318261
0.00168672
0.00152236
0.00113561
0.000598999
8.33501e-05
-0.000314707
-0.000645768
-0.000990748
-0.00134151
-0.00173552
-0.00216875
-0.00260195
-0.00303249
-0.00345043
-0.00380078
-0.00399572
-0.00389544
-0.0033132
-0.00201259
0.000233139
0.00168999
0.00151926
0.00112536
0.000583462
5.47675e-05
-0.000358121
-0.000700178
-0.00105161
-0.00139967
-0.00178898
-0.00222477
-0.00266862
-0.00310789
-0.00353223
-0.00388979
-0.00409197
-0.00399906
-0.00342203
-0.00212486
0.000119929
0.00169116
0.00152632
0.00112012
0.000573072
3.19663e-05
-0.000399574
-0.000753231
-0.00111404
-0.00146379
-0.00184728
-0.00228241
-0.00273858
-0.00318899
-0.0036198
-0.00398662
-0.00419866
-0.00411728
-0.00355146
-0.00226326
-2.53926e-05
0.00167985
0.00151117
0.00111272
0.000558918
7.74173e-06
-0.000443138
-0.000806523
-0.00117859
-0.00153405
-0.0019119
-0.00234409
-0.00280989
-0.00327472
-0.00371422
-0.00409049
-0.00431343
-0.0042458
-0.00369494
-0.00242167
-0.000197315
0.00169104
0.00153721
0.00111981
0.000546875
-2.62712e-05
-0.00049578
-0.000867237
-0.00124665
-0.00161336
-0.0019857
-0.00241572
-0.00288807
-0.00336672
-0.00382023
-0.00420707
-0.00444184
-0.00438934
-0.00385291
-0.00259128
-0.000373732
0.00163986
0.00151616
0.00113628
0.00055669
-3.02342e-05
-0.000525317
-0.000924311
-0.00130849
-0.00168656
-0.00206477
-0.0025
-0.00298836
-0.00349062
-0.00397266
-0.00438384
-0.00464438
-0.00461565
-0.0041014
-0.00285728
-0.000647563
0.00169951
0.00153883
0.00109841
0.000509552
-8.09753e-05
-0.000592393
-0.000996919
-0.0013574
-0.00170677
-0.00205273
-0.00245918
-0.00293731
-0.00344931
-0.00395483
-0.0044153
-0.00475794
-0.00484106
-0.00445456
-0.00334148
-0.00126603
0.00161209
0.00152727
0.00109357
0.000598747
2.65035e-05
-0.000644196
-0.00119178
-0.00157828
-0.00195231
-0.00229251
-0.00269965
-0.00316128
-0.00363418
-0.0040258
-0.00430334
-0.00442238
-0.00431848
-0.00382751
-0.00270868
-0.000694378
0.00173364
0.00149055
0.00109463
0.000506559
-0.000110128
-0.000642703
-0.00103081
-0.00131576
-0.00165709
-0.00204582
-0.00251037
-0.00305502
-0.0036958
-0.00441741
-0.00514756
-0.00577414
-0.00612789
-0.00596328
-0.0050483
-0.00314421
0.00194736
0.00140133
0.000881946
0.000286925
-0.000247157
-0.000885322
-0.00140304
-0.00169734
-0.00202495
-0.00248896
-0.00293384
-0.00329857
-0.00341702
-0.00321427
-0.00264821
-0.00179594
-0.000838343
-9.94721e-05
8.55804e-05
-0.00061151
0.00192453
0.00142884
0.000901394
0.000399497
-3.28879e-05
-0.000435668
-0.000789158
-0.00115114
-0.00155083
-0.00207475
-0.00271196
-0.00350048
-0.00443134
-0.00543095
-0.00639164
-0.00722679
-0.00780042
-0.00790463
-0.00726154
-0.00562208
0.00207469
0.0013891
0.000816827
0.000267352
-0.000138961
-0.000660925
-0.00119998
-0.00180917
-0.00235537
-0.00270779
-0.0030422
-0.00347714
-0.00385174
-0.00401625
-0.00386491
-0.00340348
-0.00273936
-0.00215325
-0.00202909
-0.00272865
0.00206854
0.00136632
0.0008058
0.00038366
0.000148601
-0.000111193
-0.000342224
-0.000705958
-0.00119481
-0.00192786
-0.00293504
-0.00426886
-0.00586411
-0.0075489
-0.00909138
-0.0103099
-0.0110513
-0.0111398
-0.0103553
-0.00850273
0.00212878
-0.00604665
-0.0086473
-0.00675347
-0.00440015
-0.00230066
-0.000440339
0.00105063
0.00226962
0.00344208
0.0046783
0.0059265
0.00702017
0.00796183
0.00901514
0.0102971
0.0116388
0.0129213
0.014173
0.0155237
0.016965
0.0184177
0.0199138
0.0214833
0.0230932
0.0247331
0.0264369
0.0282017
0.0300536
0.0319942
0.0340101
0.0360312
0.0381216
0.0403142
0.0425997
0.0449747
0.0474019
0.0499277
0.0525011
0.055209
0.0579583
0.0608538
0.0638108
0.066899
0.0701035
0.0733192
0.076751
0.0800782
0.0833045
0.0868522
0.00200243
-0.00597837
-0.00859978
-0.0067356
-0.0043914
-0.00229513
-0.000436069
0.00105434
0.00227289
0.0034449
0.00468068
0.00592854
0.00702194
0.0079633
0.00901632
0.0102981
0.0116397
0.0129221
0.0141737
0.0155243
0.0169656
0.0184182
0.0199142
0.0214837
0.0230935
0.0247335
0.0264372
0.028202
0.0300539
0.0319944
0.0340103
0.0360314
0.0381219
0.0403144
0.0425999
0.0449749
0.0474021
0.0499278
0.0525012
0.0552091
0.0579585
0.0608539
0.0638109
0.0668991
0.0701036
0.0733193
0.0767511
0.0800783
0.0833045
0.0868522
0.00180324
-0.00588542
-0.00852511
-0.00671062
-0.00438052
-0.00228881
-0.000431779
0.00105772
0.00227578
0.00344742
0.00468287
0.00593044
0.00702358
0.00796463
0.00901737
0.010299
0.0116405
0.0129228
0.0141743
0.0155248
0.016966
0.0184186
0.0199146
0.0214841
0.0230939
0.0247338
0.0264375
0.0282022
0.0300541
0.0319946
0.0340105
0.0360316
0.038122
0.0403146
0.0426001
0.044975
0.0474022
0.049928
0.0525013
0.0552092
0.0579586
0.060854
0.063811
0.0668992
0.0701037
0.0733194
0.0767511
0.0800783
0.0833045
0.0868522
0.00161067
-0.00576403
-0.00841368
-0.00667048
-0.00436369
-0.00227967
-0.00042646
0.00106125
0.00227862
0.00344998
0.00468517
0.00593249
0.00702537
0.00796604
0.00901847
0.0103
0.0116414
0.0129235
0.0141749
0.0155253
0.0169665
0.0184191
0.019915
0.0214845
0.0230942
0.0247341
0.0264378
0.0282025
0.0300544
0.0319949
0.0340107
0.0360318
0.0381222
0.0403148
0.0426002
0.0449751
0.0474023
0.0499281
0.0525015
0.0552093
0.0579587
0.0608541
0.0638111
0.0668993
0.0701038
0.0733194
0.0767512
0.0800784
0.0833046
0.0868522
0.00143569
-0.0056185
-0.00827107
-0.00661431
-0.00433918
-0.00226616
-0.000419113
0.00106536
0.00228161
0.00345272
0.00468775
0.00593486
0.00702746
0.00796774
0.00901981
0.0103012
0.0116424
0.0129244
0.0141756
0.0155259
0.0169671
0.0184195
0.0199155
0.0214849
0.0230946
0.0247344
0.0264381
0.0282028
0.0300546
0.0319951
0.034011
0.036032
0.0381224
0.0403149
0.0426004
0.0449753
0.0474025
0.0499282
0.0525016
0.0552094
0.0579588
0.0608542
0.0638112
0.0668994
0.0701039
0.0733195
0.0767513
0.0800785
0.0833047
0.0868523
0.00126749
-0.00546068
-0.00811114
-0.00654741
-0.00430846
-0.00224834
-0.000409299
0.00107046
0.00228489
0.00345569
0.00469063
0.00593755
0.00702994
0.00796984
0.00902153
0.0103027
0.0116437
0.0129254
0.0141765
0.0155266
0.0169677
0.0184201
0.019916
0.0214853
0.023095
0.0247348
0.0264384
0.0282031
0.0300549
0.0319954
0.0340112
0.0360322
0.0381226
0.0403151
0.0426005
0.0449755
0.0474026
0.0499283
0.0525017
0.0552095
0.0579589
0.0608543
0.0638113
0.0668995
0.070104
0.0733196
0.0767514
0.0800786
0.0833049
0.0868524
0.0010973
-0.00529875
-0.00794207
-0.00647447
-0.0042741
-0.00222741
-0.000397204
0.00107676
0.00228869
0.00345894
0.00469376
0.00594051
0.00703275
0.00797238
0.00902373
0.0103047
0.0116453
0.0129267
0.0141775
0.0155275
0.0169684
0.0184207
0.0199165
0.0214858
0.0230955
0.0247352
0.0264388
0.0282034
0.0300552
0.0319957
0.0340115
0.0360325
0.0381228
0.0403153
0.0426007
0.0449756
0.0474028
0.0499285
0.0525018
0.0552097
0.057959
0.0608544
0.0638114
0.0668996
0.0701041
0.0733197
0.0767515
0.0800787
0.0833051
0.0868525
0.000923142
-0.00513511
-0.00776609
-0.00639758
-0.00423788
-0.00220467
-0.000383403
0.00108427
0.00229317
0.00346257
0.00469712
0.00594363
0.00703581
0.00797533
0.00902647
0.0103072
0.0116474
0.0129284
0.0141788
0.0155285
0.0169692
0.0184214
0.0199171
0.0214864
0.023096
0.0247357
0.0264392
0.0282038
0.0300556
0.031996
0.0340118
0.0360327
0.038123
0.0403155
0.0426009
0.0449758
0.047403
0.0499286
0.052502
0.0552098
0.0579591
0.0608545
0.0638115
0.0668997
0.0701042
0.0733198
0.0767516
0.0800789
0.0833054
0.0868527
0.00074661
-0.00496955
-0.00758312
-0.0063173
-0.00420067
-0.00218098
-0.000368505
0.00109274
0.00229831
0.00346659
0.00470067
0.00594681
0.00703893
0.00797852
0.00902966
0.0103102
0.0116499
0.0129304
0.0141805
0.0155298
0.0169703
0.0184222
0.0199179
0.0214871
0.0230966
0.0247362
0.0264397
0.0282042
0.0300559
0.0319963
0.0340122
0.036033
0.0381233
0.0403158
0.0426012
0.044976
0.0474031
0.0499288
0.0525021
0.0552099
0.0579593
0.0608546
0.0638116
0.0668998
0.0701043
0.0733199
0.0767517
0.080079
0.0833057
0.086853
0.00056989
-0.0048019
-0.00739297
-0.0062337
-0.00416284
-0.00215681
-0.000352942
0.00110188
0.00230399
0.00347095
0.00470437
0.00594998
0.00704201
0.00798178
0.00903316
0.0103137
0.0116529
0.0129328
0.0141824
0.0155314
0.0169715
0.0184232
0.0199187
0.0214878
0.0230973
0.0247369
0.0264402
0.0282046
0.0300563
0.0319967
0.0340126
0.0360334
0.0381236
0.040316
0.0426014
0.0449763
0.0474034
0.049929
0.0525023
0.0552101
0.0579594
0.0608548
0.0638118
0.0668999
0.0701044
0.0733201
0.0767518
0.0800793
0.0833062
0.0868533
0.00039434
-0.00463274
-0.00719571
-0.00614664
-0.00412452
-0.00213237
-0.000336936
0.00111147
0.00231004
0.00347555
0.00470817
0.00595311
0.00704496
0.00798494
0.00903678
0.0103176
0.0116563
0.0129355
0.0141848
0.0155334
0.016973
0.0184244
0.0199197
0.0214887
0.0230981
0.0247376
0.0264409
0.0282052
0.0300568
0.0319972
0.034013
0.0360338
0.0381239
0.0403163
0.0426017
0.0449765
0.0474036
0.0499292
0.0525025
0.0552103
0.0579596
0.0608549
0.0638119
0.0669
0.0701046
0.0733202
0.076752
0.0800795
0.0833068
0.0868537
0.000220522
-0.00446288
-0.00699145
-0.00605587
-0.00408581
-0.0021078
-0.000320573
0.00112142
0.00231639
0.00348033
0.00471199
0.00595614
0.00704775
0.00798794
0.00904037
0.0103217
0.01166
0.0129385
0.0141873
0.0155356
0.0169747
0.0184257
0.0199208
0.0214897
0.023099
0.0247385
0.0264417
0.0282058
0.0300573
0.0319976
0.0340135
0.0360343
0.0381243
0.0403166
0.0426019
0.0449768
0.0474038
0.0499295
0.0525027
0.0552105
0.0579597
0.060855
0.063812
0.0669002
0.0701047
0.0733204
0.0767522
0.0800799
0.0833075
0.0868542
4.88442e-05
-0.0042931
-0.00678042
-0.00596122
-0.00404683
-0.00208323
-0.000303881
0.00113173
0.00232299
0.00348526
0.00471581
0.00595903
0.00705034
0.00799079
0.00904388
0.010326
0.011664
0.0129417
0.01419
0.015538
0.0169767
0.0184272
0.019922
0.0214907
0.0231
0.0247395
0.0264427
0.0282066
0.0300578
0.0319981
0.034014
0.0360348
0.0381248
0.040317
0.0426022
0.044977
0.0474041
0.0499297
0.052503
0.0552107
0.0579599
0.0608552
0.0638122
0.0669003
0.0701049
0.0733206
0.0767524
0.0800803
0.0833084
0.0868549
-0.000119886
-0.00412416
-0.00656309
-0.00586259
-0.00400772
-0.00205882
-0.00028687
0.00114241
0.00232987
0.00349035
0.00471961
0.00596174
0.00705273
0.00799356
0.00904737
0.0103303
0.0116682
0.012945
0.0141929
0.0155405
0.0169788
0.018429
0.0199234
0.0214918
0.023101
0.0247406
0.0264438
0.0282076
0.0300585
0.0319986
0.0340145
0.0360354
0.0381253
0.0403175
0.0426026
0.0449773
0.0474044
0.04993
0.0525032
0.0552109
0.0579602
0.0608554
0.0638124
0.0669005
0.0701051
0.0733208
0.0767526
0.0800807
0.0833094
0.0868557
-0.000284275
-0.00395693
-0.0063403
-0.00575999
-0.00396862
-0.00203472
-0.000269564
0.00115351
0.00233706
0.00349564
0.00472345
0.00596428
0.00705494
0.00799637
0.00905096
0.0103346
0.0116724
0.0129485
0.0141958
0.0155432
0.0169811
0.0184308
0.0199249
0.0214931
0.023102
0.0247417
0.026445
0.0282088
0.0300593
0.0319991
0.034015
0.036036
0.0381259
0.040318
0.0426029
0.0449776
0.0474047
0.0499303
0.0525035
0.0552112
0.0579604
0.0608556
0.0638126
0.0669007
0.0701052
0.073321
0.0767529
0.0800813
0.0833107
0.0868567
-0.000442347
-0.0037922
-0.00611307
-0.00565341
-0.00392961
-0.00201108
-0.000252002
0.00116504
0.00234457
0.00350118
0.00472738
0.00596672
0.00705704
0.00799942
0.00905487
0.010339
0.0116767
0.0129521
0.0141989
0.0155459
0.0169835
0.0184328
0.0199266
0.0214944
0.0231031
0.0247428
0.0264463
0.0282101
0.0300602
0.0319996
0.0340155
0.0360366
0.0381266
0.0403186
0.0426034
0.0449779
0.0474049
0.0499306
0.0525039
0.0552116
0.0579607
0.0608559
0.0638128
0.0669009
0.0701055
0.0733213
0.0767532
0.0800819
0.0833122
0.0868578
-0.000591738
-0.00363043
-0.00588231
-0.00554271
-0.00389069
-0.00198805
-0.000234226
0.00117702
0.00235244
0.00350701
0.0047315
0.00596914
0.00705918
0.00800295
0.00905938
0.0103434
0.0116808
0.0129556
0.0142019
0.0155487
0.0169859
0.0184348
0.0199282
0.0214958
0.0231042
0.0247438
0.0264476
0.0282115
0.0300613
0.0320002
0.0340159
0.0360371
0.0381274
0.0403193
0.0426038
0.0449782
0.0474052
0.0499309
0.0525042
0.0552119
0.0579611
0.0608562
0.0638131
0.0669011
0.0701057
0.0733215
0.0767536
0.0800826
0.0833139
0.0868592
-0.000730125
-0.00347161
-0.00564856
-0.00542761
-0.00385179
-0.00196573
-0.000216269
0.00118949
0.00236073
0.00351319
0.0047359
0.00597166
0.00706023
0.00800727
0.0090648
0.0103481
0.0116848
0.0129591
0.0142051
0.0155515
0.0169884
0.0184369
0.01993
0.0214972
0.0231053
0.0247449
0.0264489
0.028213
0.0300625
0.0320008
0.0340163
0.0360376
0.0381282
0.0403201
0.0426043
0.0449785
0.0474055
0.0499311
0.0525045
0.0552122
0.0579615
0.0608566
0.0638134
0.0669014
0.0701059
0.0733219
0.0767539
0.0800834
0.0833159
0.0868608
-0.000855673
-0.00331534
-0.0054119
-0.00530755
-0.00381272
-0.00194417
-0.000198143
0.00120249
0.00236946
0.00351979
0.00474068
0.0059744
0.00706298
0.0080126
0.00907139
0.0103532
0.0116887
0.0129626
0.0142084
0.0155545
0.0169909
0.018439
0.0199318
0.0214987
0.0231065
0.024746
0.0264503
0.0282146
0.0300638
0.0320015
0.0340166
0.0360381
0.0381289
0.0403209
0.0426049
0.0449789
0.0474057
0.0499314
0.0525048
0.0552126
0.0579619
0.060857
0.0638137
0.0669017
0.0701062
0.0733222
0.0767544
0.0800843
0.0833181
0.0868625
-0.000967544
-0.00316122
-0.00517209
-0.00518176
-0.00377318
-0.00192341
-0.000179839
0.00121609
0.00237868
0.00352683
0.00474591
0.00597744
0.0070662
0.00801906
0.00907931
0.0103587
0.0116924
0.012966
0.0142118
0.0155576
0.0169934
0.0184411
0.0199336
0.0215002
0.0231077
0.0247471
0.0264517
0.0282162
0.0300651
0.0320022
0.0340169
0.0360385
0.0381297
0.0403218
0.0426055
0.0449792
0.047406
0.0499316
0.0525051
0.055213
0.0579623
0.0608575
0.0638141
0.066902
0.0701065
0.0733226
0.0767548
0.0800853
0.0833206
0.0868645
-0.00106632
-0.00300915
-0.00492878
-0.00504936
-0.0037328
-0.00190344
-0.00016134
0.00123036
0.00238843
0.00353433
0.00475162
0.00598081
0.00706992
0.00802667
0.00908853
0.0103646
0.011696
0.0129693
0.0142154
0.0155609
0.0169959
0.0184433
0.0199355
0.0215018
0.023109
0.0247483
0.0264532
0.0282177
0.0300665
0.032003
0.0340171
0.0360389
0.0381305
0.0403228
0.0426062
0.0449795
0.0474063
0.0499319
0.0525054
0.0552133
0.0579627
0.060858
0.0638146
0.0669024
0.0701069
0.073323
0.0767553
0.0800863
0.0833232
0.0868667
-0.00115327
-0.00285957
-0.00468184
-0.00490945
-0.00369111
-0.00188428
-0.000142632
0.00124541
0.00239877
0.00354229
0.00475782
0.00598455
0.00707413
0.00803533
0.00909894
0.0103711
0.0116996
0.0129727
0.0142191
0.0155644
0.0169985
0.0184454
0.0199374
0.0215034
0.0231103
0.0247495
0.0264547
0.0282194
0.0300679
0.0320038
0.0340174
0.0360393
0.0381313
0.0403237
0.0426069
0.0449799
0.0474065
0.0499321
0.0525057
0.0552137
0.0579631
0.0608585
0.0638151
0.0669028
0.0701073
0.0733234
0.0767558
0.0800873
0.083326
0.0868691
-0.00122919
-0.00271312
-0.00443146
-0.00476122
-0.00364757
-0.00186593
-0.000123726
0.00126131
0.00240972
0.0035507
0.00476449
0.00598867
0.00707878
0.00804483
0.00911031
0.010378
0.0117032
0.0129761
0.014223
0.015568
0.0170012
0.0184476
0.0199394
0.021505
0.0231116
0.0247507
0.0264564
0.028221
0.0300694
0.0320046
0.0340178
0.0360397
0.0381322
0.0403247
0.0426076
0.0449803
0.0474068
0.0499324
0.0525061
0.0552141
0.0579636
0.060859
0.0638156
0.0669032
0.0701076
0.0733239
0.0767564
0.0800884
0.083329
0.0868716
-0.00129492
-0.0025703
-0.00417807
-0.00460396
-0.00360156
-0.00184843
-0.000104684
0.00127817
0.00242135
0.00355955
0.0047716
0.00599319
0.00708383
0.00805498
0.00912238
0.0103853
0.0117068
0.0129796
0.0142271
0.0155718
0.017004
0.0184499
0.0199415
0.0215067
0.023113
0.0247521
0.0264581
0.0282227
0.030071
0.0320056
0.0340181
0.0360401
0.0381331
0.0403257
0.0426083
0.0449807
0.0474071
0.0499327
0.0525064
0.0552145
0.0579641
0.0608595
0.0638162
0.0669037
0.0701081
0.0733244
0.076757
0.0800896
0.0833322
0.0868743
-0.00135108
-0.00243157
-0.00392236
-0.00443715
-0.00355236
-0.00183178
-8.5639e-05
0.00129605
0.00243372
0.00356885
0.00477912
0.00599809
0.00708923
0.00806561
0.00913496
0.0103929
0.0117106
0.0129832
0.0142313
0.0155758
0.0170069
0.0184522
0.0199436
0.0215085
0.0231144
0.0247535
0.02646
0.0282245
0.0300726
0.0320066
0.0340185
0.0360407
0.0381341
0.0403267
0.042609
0.0449811
0.0474074
0.049933
0.0525068
0.0552149
0.0579645
0.0608601
0.0638168
0.0669042
0.0701085
0.0733249
0.0767577
0.0800908
0.0833355
0.0868771
-0.0013978
-0.00229698
-0.00366525
-0.00426053
-0.00349919
-0.00181594
-6.67382e-05
0.00131496
0.00244692
0.00357862
0.00478707
0.00600337
0.00709493
0.00807659
0.00914789
0.0104008
0.0117145
0.0129869
0.0142357
0.0155799
0.0170099
0.0184546
0.0199458
0.0215104
0.0231159
0.024755
0.0264619
0.0282264
0.0300744
0.0320077
0.034019
0.0360413
0.0381353
0.0403276
0.0426097
0.0449816
0.0474078
0.0499333
0.0525072
0.0552153
0.057965
0.0608607
0.0638174
0.0669047
0.070109
0.0733255
0.0767584
0.0800921
0.083339
0.0868801
-0.00143577
-0.00216633
-0.00340758
-0.00407397
-0.00344115
-0.00180091
-4.82329e-05
0.00133495
0.00246104
0.00358888
0.00479542
0.00600904
0.00710094
0.00808785
0.00916108
0.0104089
0.0117186
0.0129907
0.0142402
0.0155842
0.0170131
0.018457
0.0199482
0.0215124
0.0231175
0.0247567
0.0264639
0.0282284
0.0300762
0.0320088
0.0340196
0.0360419
0.0381365
0.0403286
0.0426105
0.0449821
0.0474081
0.0499337
0.0525076
0.0552158
0.0579656
0.0608613
0.063818
0.0669053
0.0701094
0.0733261
0.0767591
0.0800934
0.0833426
0.0868832
-0.00146447
-0.00203948
-0.00315058
-0.00387761
-0.0033771
-0.00178651
-3.04613e-05
0.00135589
0.0024762
0.00359967
0.00480415
0.00601508
0.00710725
0.00809936
0.00917449
0.0104174
0.0117229
0.0129947
0.0142449
0.0155886
0.0170164
0.0184596
0.0199506
0.0215145
0.0231192
0.0247584
0.026466
0.0282305
0.0300781
0.0320101
0.0340201
0.0360427
0.0381378
0.0403297
0.0426113
0.0449826
0.0474085
0.049934
0.052508
0.0552163
0.0579661
0.0608619
0.0638186
0.0669058
0.0701099
0.0733267
0.0767599
0.0800948
0.0833463
0.0868865
-0.00148328
-0.00191549
-0.00289557
-0.00367207
-0.00330601
-0.0017724
-1.36402e-05
0.00137771
0.00249248
0.00361112
0.00481336
0.00602156
0.00711389
0.00811111
0.0091881
0.0104261
0.0117275
0.0129989
0.0142498
0.0155932
0.0170198
0.0184623
0.0199532
0.0215167
0.0231209
0.0247603
0.0264681
0.0282326
0.0300801
0.0320113
0.0340208
0.0360435
0.0381391
0.0403308
0.0426121
0.0449831
0.0474089
0.0499344
0.0525085
0.0552168
0.0579667
0.0608626
0.0638192
0.0669064
0.0701105
0.0733273
0.0767607
0.0800962
0.0833502
0.08689
-0.00149343
-0.0017936
-0.00264367
-0.00345789
-0.00322661
-0.0017582
1.88882e-06
0.0014002
0.0025099
0.00362322
0.00482303
0.00602849
0.00712092
0.00812312
0.0092019
0.0104351
0.0117324
0.0130033
0.0142548
0.015598
0.0170234
0.0184652
0.0199558
0.0215189
0.0231228
0.0247622
0.0264703
0.0282349
0.0300823
0.0320127
0.0340214
0.0360445
0.0381405
0.0403319
0.0426129
0.0449836
0.0474093
0.0499349
0.052509
0.0552173
0.0579673
0.0608633
0.0638199
0.066907
0.070111
0.073328
0.0767616
0.0800977
0.0833542
0.0868935
-0.00149316
-0.00167282
-0.00239644
-0.00323634
-0.00313784
-0.00174335
1.57927e-05
0.00142311
0.00252858
0.00363612
0.00483316
0.00603587
0.00712836
0.00813543
0.00921592
0.0104444
0.0117376
0.0130079
0.01426
0.0156029
0.0170272
0.0184681
0.0199586
0.0215213
0.0231247
0.0247643
0.0264725
0.0282372
0.0300844
0.0320141
0.0340221
0.0360454
0.038142
0.0403331
0.0426138
0.0449842
0.0474098
0.0499353
0.0525095
0.0552179
0.0579679
0.060864
0.0638205
0.0669076
0.0701116
0.0733287
0.0767625
0.0800992
0.0833583
0.0868973
-0.00147994
-0.00155106
-0.00215436
-0.0030086
-0.00303903
-0.00172733
2.78674e-05
0.0014462
0.00254859
0.00365001
0.00484392
0.00604376
0.00713623
0.00814802
0.00923017
0.0104541
0.0117431
0.0130128
0.0142654
0.0156079
0.0170311
0.0184712
0.0199615
0.0215238
0.0231268
0.0247664
0.0264748
0.0282397
0.0300867
0.0320156
0.0340229
0.0360465
0.0381435
0.0403343
0.0426147
0.0449848
0.0474102
0.0499357
0.0525101
0.0552185
0.0579686
0.0608648
0.0638213
0.0669083
0.0701122
0.0733294
0.0767635
0.0801009
0.0833626
0.0869012
-0.00145218
-0.00142787
-0.00191866
-0.00277497
-0.0029284
-0.00170908
3.78014e-05
0.00146886
0.00256966
0.00366479
0.00485527
0.00605221
0.0071446
0.00816094
0.00924466
0.0104641
0.0117491
0.013018
0.0142709
0.0156132
0.0170352
0.0184745
0.0199644
0.0215264
0.023129
0.0247686
0.0264772
0.0282422
0.0300891
0.0320171
0.0340236
0.0360476
0.0381451
0.0403356
0.0426157
0.0449854
0.0474107
0.0499362
0.0525107
0.0552191
0.0579693
0.0608656
0.063822
0.066909
0.0701128
0.0733301
0.0767645
0.0801026
0.0833671
0.0869053
-0.0014075
-0.00130103
-0.00169052
-0.00253762
-0.00280572
-0.00168744
4.598e-05
0.00149115
0.00259207
0.00368078
0.00486737
0.00606129
0.00715359
0.00817433
0.00925948
0.0104745
0.0117554
0.0130235
0.0142767
0.0156186
0.0170394
0.0184778
0.0199676
0.0215291
0.0231312
0.024771
0.0264797
0.0282448
0.0300915
0.0320187
0.0340244
0.0360488
0.0381467
0.0403369
0.0426167
0.0449861
0.0474112
0.0499367
0.0525113
0.0552197
0.05797
0.0608664
0.0638228
0.0669098
0.0701135
0.0733309
0.0767656
0.0801043
0.0833717
0.0869096
-0.00135699
-0.00117007
-0.00146945
-0.0022981
-0.00267124
-0.00166196
5.21821e-05
0.00151251
0.00261561
0.00369807
0.00488033
0.006071
0.0071631
0.00818808
0.00927461
0.0104854
0.0117622
0.0130293
0.0142827
0.0156242
0.0170438
0.0184813
0.0199708
0.0215319
0.0231335
0.0247734
0.0264822
0.0282476
0.0300941
0.0320204
0.0340253
0.03605
0.0381483
0.0403383
0.0426178
0.0449868
0.0474117
0.0499372
0.0525119
0.0552204
0.0579707
0.0608672
0.0638236
0.0669106
0.0701142
0.0733318
0.0767667
0.0801062
0.0833765
0.0869141
-0.00130027
-0.00103662
-0.00125687
-0.0020567
-0.00252364
-0.00163172
5.5723e-05
0.00153174
0.00263954
0.00371637
0.00489399
0.00608128
0.00717315
0.00820221
0.00929004
0.0104966
0.0117694
0.0130353
0.0142888
0.01563
0.0170483
0.018485
0.0199741
0.0215348
0.023136
0.0247759
0.0264849
0.0282504
0.0300967
0.0320221
0.0340262
0.0360513
0.03815
0.0403397
0.0426189
0.0449875
0.0474123
0.0499378
0.0525126
0.0552211
0.0579715
0.0608681
0.0638245
0.0669114
0.070115
0.0733326
0.0767679
0.0801081
0.0833814
0.0869187
-0.00122122
-0.00089456
-0.00105248
-0.00181698
-0.00236407
-0.00159422
5.89141e-05
0.00154984
0.00266453
0.00373632
0.00490894
0.00609258
0.00718405
0.00821698
0.00930594
0.0105082
0.0117771
0.0130418
0.0142953
0.015636
0.017053
0.0184888
0.0199776
0.0215378
0.0231385
0.0247785
0.0264877
0.0282533
0.0300994
0.0320239
0.0340272
0.0360526
0.0381518
0.0403412
0.04262
0.0449882
0.0474129
0.0499384
0.0525132
0.0552218
0.0579723
0.060869
0.0638254
0.0669122
0.0701158
0.0733335
0.0767692
0.0801101
0.0833865
0.0869236
-0.00113781
-0.000745054
-0.000854793
-0.00157989
-0.00219366
-0.00154865
6.16711e-05
0.00156603
0.00268991
0.00375771
0.00492503
0.00610465
0.00719554
0.00823222
0.00932227
0.0105204
0.0117852
0.0130486
0.014302
0.0156423
0.0170579
0.0184927
0.0199812
0.0215409
0.0231412
0.0247812
0.0264906
0.0282563
0.0301022
0.0320257
0.0340282
0.036054
0.0381536
0.0403427
0.0426212
0.044989
0.0474135
0.049939
0.0525139
0.0552226
0.0579732
0.0608699
0.0638264
0.0669131
0.0701166
0.0733345
0.0767705
0.0801121
0.0833917
0.0869287
-0.00105359
-0.00059153
-0.000663434
-0.0013449
-0.00201257
-0.00149485
6.26513e-05
0.00157841
0.00271425
0.0037798
0.0049419
0.00611727
0.00720753
0.0082478
0.00933887
0.0105328
0.0117936
0.0130556
0.0143089
0.0156487
0.017063
0.0184968
0.0199849
0.0215442
0.0231439
0.024784
0.0264936
0.0282594
0.030105
0.0320276
0.0340293
0.0360554
0.0381554
0.0403443
0.0426224
0.0449898
0.0474141
0.0499396
0.0525147
0.0552234
0.057974
0.0608709
0.0638274
0.0669141
0.0701175
0.0733355
0.0767719
0.0801143
0.0833971
0.086934
-0.000936064
-0.000424715
-0.000476453
-0.00111648
-0.00182368
-0.00142977
6.62924e-05
0.00158963
0.00273894
0.00380383
0.00496084
0.00613155
0.00722065
0.00826416
0.009356
0.0105457
0.0118025
0.013063
0.0143161
0.0156554
0.0170682
0.018501
0.0199888
0.0215476
0.0231468
0.0247869
0.0264967
0.0282626
0.030108
0.0320296
0.0340305
0.0360569
0.0381573
0.0403459
0.0426237
0.0449907
0.0474148
0.0499403
0.0525155
0.0552243
0.057975
0.0608719
0.0638284
0.066915
0.0701185
0.0733365
0.0767734
0.0801165
0.0834026
0.0869395
-0.000809056
-0.000249583
-0.000295722
-0.000895871
-0.00162754
-0.00135201
7.28828e-05
0.0015987
0.00276263
0.00382872
0.004981
0.00614672
0.00723442
0.00828103
0.00937366
0.0105593
0.011812
0.0130709
0.0143236
0.0156623
0.0170737
0.0185054
0.0199929
0.0215512
0.0231498
0.02479
0.0264999
0.0282659
0.0301111
0.0320317
0.0340317
0.0360584
0.0381593
0.0403476
0.042625
0.0449915
0.0474155
0.049941
0.0525163
0.0552251
0.0579759
0.060873
0.0638295
0.066916
0.0701195
0.0733376
0.076775
0.0801188
0.0834083
0.0869452
-0.000682141
-7.10944e-05
-0.000119568
-0.000682313
-0.00142693
-0.00126388
8.04307e-05
0.00160363
0.00278371
0.00385362
0.00500212
0.00616275
0.00724879
0.00829818
0.0093915
0.010573
0.0118218
0.0130789
0.0143313
0.0156694
0.0170794
0.01851
0.019997
0.0215548
0.0231529
0.0247931
0.0265033
0.0282693
0.0301142
0.0320338
0.0340331
0.03606
0.0381614
0.0403493
0.0426263
0.0449925
0.0474162
0.0499417
0.0525171
0.055226
0.0579769
0.0608741
0.0638307
0.0669171
0.0701206
0.0733388
0.0767767
0.0801212
0.0834142
0.0869512
-0.000499566
0.000126137
5.98724e-05
-0.000477644
-0.00122542
-0.00116355
9.41803e-05
0.00160844
0.00280425
0.00387984
0.00502565
0.00618107
0.00726465
0.00831619
0.00940986
0.0105873
0.0118321
0.0130874
0.0143393
0.0156768
0.0170852
0.0185147
0.0200014
0.0215587
0.0231562
0.0247964
0.0265067
0.0282728
0.0301174
0.0320361
0.0340344
0.0360617
0.0381635
0.0403511
0.0426277
0.0449934
0.047417
0.0499425
0.052518
0.055227
0.057978
0.0608752
0.0638318
0.0669182
0.0701217
0.07334
0.0767785
0.0801238
0.0834202
0.0869574
-0.000288197
0.000333918
0.000238431
-0.000280671
-0.00101976
-0.00104829
0.000115378
0.00161269
0.00282276
0.00390545
0.00504989
0.00620043
0.00728134
0.00833476
0.00942877
0.0106023
0.011843
0.0130964
0.0143477
0.0156845
0.0170914
0.0185197
0.020006
0.0215627
0.0231596
0.0247998
0.0265104
0.0282765
0.0301208
0.0320384
0.0340359
0.0360634
0.0381656
0.0403529
0.0426292
0.0449944
0.0474178
0.0499433
0.0525189
0.055228
0.057979
0.0608764
0.0638331
0.0669193
0.0701229
0.0733412
0.0767804
0.0801264
0.0834264
0.0869638
-9.8259e-05
0.000541281
0.000419096
-8.95518e-05
-0.000815499
-0.000924142
0.000141516
0.00161505
0.00283835
0.0039301
0.00507502
0.0062215
0.00729943
0.008354
0.00944797
0.0106175
0.0118542
0.0131057
0.0143563
0.0156923
0.0170977
0.0185248
0.0200107
0.0215668
0.0231631
0.0248033
0.0265141
0.0282803
0.0301242
0.0320408
0.0340375
0.0360652
0.0381679
0.0403548
0.0426307
0.0449955
0.0474187
0.0499442
0.0525199
0.055229
0.0579802
0.0608776
0.0638344
0.0669205
0.0701241
0.0733426
0.0767824
0.0801291
0.0834327
0.0869705
8.43417e-05
0.000756045
0.000604535
9.17792e-05
-0.000617326
-0.00079165
0.000175749
0.00161886
0.00285304
0.00395472
0.00510157
0.00624456
0.00731905
0.008374
0.00946756
0.0106332
0.011866
0.0131154
0.0143652
0.0157004
0.0171042
0.0185301
0.0200155
0.0215711
0.0231668
0.0248069
0.0265179
0.0282841
0.0301278
0.0320433
0.0340391
0.0360671
0.0381702
0.0403568
0.0426323
0.0449966
0.0474196
0.0499451
0.0525209
0.0552301
0.0579814
0.0608789
0.0638357
0.0669218
0.0701255
0.0733439
0.0767845
0.0801319
0.0834392
0.0869775
0.00026393
0.000972067
0.000791389
0.000267415
-0.000420623
-0.000648098
0.00021994
0.00162495
0.00286648
0.00397807
0.00512796
0.00626858
0.00733995
0.00839499
0.00948783
0.0106495
0.0118784
0.0131256
0.0143745
0.0157088
0.017111
0.0185357
0.0200206
0.0215756
0.0231706
0.0248108
0.026522
0.0282882
0.0301314
0.0320459
0.0340409
0.0360691
0.0381725
0.0403589
0.042634
0.0449977
0.0474206
0.0499461
0.0525219
0.0552313
0.0579826
0.0608803
0.0638371
0.0669231
0.0701268
0.0733454
0.0767867
0.0801349
0.0834458
0.0869847
0.000430172
0.00118452
0.000985549
0.00044314
-0.00022694
-0.00049867
0.000272128
0.00163295
0.00287834
0.00399989
0.00515458
0.00629457
0.00736302
0.00841731
0.00950866
0.0106662
0.0118912
0.0131363
0.0143841
0.0157176
0.0171181
0.0185415
0.0200259
0.0215804
0.0231747
0.0248147
0.0265261
0.0282923
0.0301352
0.0320486
0.0340427
0.0360711
0.038175
0.040361
0.0426357
0.044999
0.0474216
0.0499471
0.052523
0.0552325
0.0579839
0.0608816
0.0638386
0.0669244
0.0701283
0.0733468
0.076789
0.0801379
0.0834526
0.0869922
0.000583211
0.00139894
0.00118852
0.000616391
-3.98217e-05
-0.000344992
0.000333167
0.00164432
0.00289
0.0040212
0.00518158
0.00632181
0.0073875
0.00844051
0.00953001
0.0106835
0.0119047
0.0131474
0.0143941
0.0157265
0.0171254
0.0185475
0.0200314
0.0215852
0.0231788
0.0248188
0.0265305
0.0282966
0.0301391
0.0320514
0.0340447
0.0360732
0.0381775
0.0403632
0.0426375
0.0450002
0.0474227
0.0499482
0.0525242
0.0552337
0.0579853
0.0608831
0.0638402
0.0669258
0.0701299
0.0733484
0.0767915
0.0801411
0.0834595
0.0869999
0.000734894
0.00161438
0.00139532
0.000787348
0.000142166
-0.000187374
0.000403323
0.00166032
0.00290215
0.00404145
0.00520765
0.00634947
0.00741349
0.00846526
0.00955244
0.0107014
0.0119185
0.0131589
0.0144044
0.0157358
0.017133
0.0185537
0.0200371
0.0215903
0.0231832
0.0248231
0.026535
0.028301
0.0301431
0.0320543
0.0340467
0.0360755
0.0381801
0.0403654
0.0426393
0.0450016
0.0474238
0.0499493
0.0525254
0.055235
0.0579867
0.0608846
0.0638418
0.0669273
0.0701315
0.07335
0.0767941
0.0801444
0.0834665
0.0870079
0.000884138
0.00182542
0.00160495
0.000959333
0.000319617
-2.75336e-05
0.000481975
0.00168111
0.00291457
0.00406042
0.00523302
0.00637824
0.00744154
0.00849162
0.00957562
0.0107196
0.0119329
0.013171
0.0144152
0.0157454
0.0171408
0.0185602
0.020043
0.0215956
0.0231878
0.0248276
0.0265396
0.0283056
0.0301472
0.0320574
0.0340489
0.0360778
0.0381828
0.0403677
0.0426412
0.045003
0.047425
0.0499505
0.0525267
0.0552364
0.0579881
0.0608862
0.0638435
0.0669288
0.0701332
0.0733518
0.0767968
0.0801478
0.0834737
0.0870163
0.001029
0.00203155
0.00181771
0.0011332
0.000492731
0.000133617
0.000568258
0.00170672
0.00292816
0.00407928
0.00525823
0.00640753
0.00747074
0.00851913
0.00959978
0.0107388
0.011948
0.0131835
0.0144263
0.0157552
0.0171489
0.018567
0.0200492
0.0216011
0.0231926
0.0248322
0.0265444
0.0283103
0.0301515
0.0320606
0.0340512
0.0360802
0.0381856
0.0403702
0.0426433
0.0450044
0.0474263
0.0499517
0.052528
0.0552378
0.0579897
0.0608878
0.0638452
0.0669304
0.070135
0.0733535
0.0767997
0.0801514
0.0834811
0.0870249
0.00117704
0.00223333
0.00203248
0.00130949
0.000661775
0.000294376
0.000661136
0.00173817
0.0029442
0.00409826
0.00528244
0.00643651
0.00750104
0.00854841
0.00962547
0.0107589
0.0119635
0.0131964
0.0144378
0.0157655
0.0171574
0.0185739
0.0200555
0.0216068
0.0231976
0.0248371
0.0265494
0.0283152
0.0301559
0.0320639
0.0340536
0.0360827
0.0381884
0.0403727
0.0426453
0.045006
0.0474276
0.0499531
0.0525294
0.0552393
0.0579913
0.0608895
0.0638471
0.0669321
0.0701369
0.0733554
0.0768027
0.0801552
0.0834886
0.0870337
0.00132235
0.00242887
0.00224802
0.00148836
0.000826765
0.000453997
0.000760673
0.00177588
0.00296245
0.00411694
0.00530578
0.0064656
0.00753275
0.00857933
0.00965228
0.0107797
0.0119796
0.01321
0.0144497
0.015776
0.0171661
0.0185812
0.0200622
0.0216128
0.0232027
0.0248421
0.0265545
0.0283202
0.0301604
0.0320673
0.0340562
0.0360853
0.0381913
0.0403752
0.0426475
0.0450076
0.047429
0.0499545
0.0525308
0.0552409
0.057993
0.0608912
0.063849
0.0669338
0.0701389
0.0733574
0.0768058
0.080159
0.0834962
0.0870429
0.00146396
0.00261975
0.00246296
0.00166942
0.000988558
0.00061245
0.000865911
0.00181907
0.00298309
0.00413645
0.00532918
0.00649479
0.0075651
0.00861131
0.00968035
0.0108017
0.0119967
0.0132239
0.0144618
0.0157867
0.0171752
0.0185888
0.0200691
0.0216189
0.0232081
0.0248473
0.0265599
0.0283254
0.0301651
0.0320709
0.0340589
0.036088
0.0381944
0.0403779
0.0426498
0.0450092
0.0474305
0.0499559
0.0525324
0.0552425
0.0579947
0.0608931
0.063851
0.0669356
0.0701411
0.0733594
0.0768091
0.0801631
0.0835039
0.0870524
0.00161047
0.00280671
0.0026752
0.00185331
0.00114866
0.00076904
0.00097561
0.001868
0.00300711
0.00415725
0.00535224
0.0065233
0.00759777
0.00864467
0.00971013
0.010825
0.0120143
0.0132383
0.0144744
0.0157979
0.0171846
0.0185967
0.0200762
0.0216253
0.0232138
0.0248528
0.0265655
0.0283307
0.0301699
0.0320746
0.0340617
0.0360908
0.0381975
0.0403807
0.0426522
0.045011
0.0474321
0.0499575
0.052534
0.0552442
0.0579965
0.060895
0.0638531
0.0669375
0.0701433
0.0733616
0.0768126
0.0801673
0.0835118
0.0870622
0.00175973
0.00298789
0.00288395
0.00204019
0.00130685
0.000922533
0.00108912
0.00192282
0.00303459
0.00417935
0.00537516
0.00655144
0.00763108
0.00867929
0.00974114
0.0108494
0.0120329
0.0132535
0.0144875
0.0158093
0.0171942
0.0186048
0.0200837
0.0216321
0.0232197
0.0248584
0.0265712
0.0283362
0.0301749
0.0320785
0.0340647
0.0360938
0.0382007
0.0403835
0.0426546
0.0450129
0.0474337
0.0499591
0.0525356
0.055246
0.0579985
0.060897
0.0638553
0.0669394
0.0701456
0.0733638
0.0768162
0.0801717
0.0835198
0.0870722
0.00190543
0.00316345
0.00308826
0.00222881
0.00146342
0.0010732
0.00120632
0.00198346
0.00306556
0.00420299
0.0053984
0.0065795
0.0076647
0.00871459
0.00977332
0.0108753
0.0120528
0.0132693
0.0145007
0.0158209
0.0172042
0.0186134
0.0200914
0.021639
0.0232258
0.0248643
0.0265772
0.0283419
0.03018
0.0320825
0.0340678
0.0360969
0.0382041
0.0403865
0.0426572
0.0450148
0.0474355
0.0499608
0.0525374
0.0552479
0.0580005
0.060899
0.0638576
0.0669414
0.0701481
0.0733662
0.0768199
0.0801763
0.0835279
0.0870826
0.00204824
0.00333458
0.00328708
0.00241905
0.00161981
0.00122105
0.00132608
0.00204904
0.00309974
0.00422858
0.00542248
0.00660733
0.00769817
0.00875054
0.00980689
0.0109026
0.0120738
0.0132856
0.0145144
0.015833
0.0172145
0.0186221
0.0200993
0.0216462
0.0232323
0.0248705
0.0265834
0.0283478
0.0301854
0.0320867
0.0340711
0.0361001
0.0382075
0.0403895
0.0426599
0.0450169
0.0474374
0.0499627
0.0525392
0.0552499
0.0580025
0.0609012
0.06386
0.0669436
0.0701506
0.0733686
0.0768238
0.0801811
0.0835362
0.0870932
0.00218995
0.00350147
0.00347921
0.00260995
0.00177619
0.00136512
0.00144694
0.00211958
0.00313802
0.00425675
0.00544739
0.00663481
0.00773169
0.00878731
0.00984156
0.0109312
0.0120959
0.013303
0.0145287
0.0158452
0.0172249
0.0186312
0.0201076
0.0216538
0.023239
0.0248769
0.0265898
0.0283539
0.0301909
0.0320911
0.0340745
0.0361035
0.038211
0.0403927
0.0426626
0.045019
0.0474393
0.0499646
0.0525412
0.0552519
0.0580047
0.0609034
0.0638625
0.0669458
0.0701533
0.0733712
0.0768278
0.0801861
0.0835446
0.0871042
0.00233076
0.00366415
0.00366362
0.00280073
0.00193336
0.00150559
0.00156878
0.00219566
0.00318024
0.00428669
0.00547316
0.00666255
0.00776538
0.00882452
0.00987688
0.010961
0.0121196
0.0133216
0.0145434
0.0158576
0.0172358
0.0186407
0.0201162
0.0216616
0.023246
0.0248835
0.0265964
0.0283601
0.0301965
0.0320956
0.0340782
0.036107
0.0382147
0.040396
0.0426656
0.0450213
0.0474414
0.0499666
0.0525432
0.0552541
0.058007
0.0609058
0.0638651
0.0669481
0.0701562
0.073374
0.076832
0.0801913
0.0835532
0.0871154
0.00247241
0.00382363
0.00384005
0.00299025
0.00209161
0.00164255
0.00169054
0.00227609
0.00322571
0.00431879
0.00550076
0.00669078
0.00779873
0.00886191
0.00991313
0.0109921
0.0121446
0.013341
0.0145587
0.0158704
0.0172469
0.0186504
0.020125
0.0216697
0.0232533
0.0248905
0.0266033
0.0283666
0.0302024
0.0321003
0.034082
0.0361107
0.0382185
0.0403993
0.0426686
0.0450237
0.0474436
0.0499687
0.0525453
0.0552564
0.0580094
0.0609082
0.0638678
0.0669505
0.0701591
0.0733768
0.0768364
0.0801967
0.0835619
0.0871269
0.00261442
0.00398041
0.00400755
0.00317649
0.0022515
0.00177647
0.00181084
0.00236049
0.00327538
0.00435356
0.00552988
0.00671924
0.00783191
0.00889976
0.00995024
0.0110241
0.0121708
0.0133619
0.0145748
0.0158834
0.0172582
0.0186604
0.0201342
0.0216781
0.023261
0.0248978
0.0266104
0.0283733
0.0302085
0.0321052
0.034086
0.0361145
0.0382224
0.0404028
0.0426717
0.0450262
0.0474459
0.049971
0.0525475
0.0552588
0.0580119
0.0609108
0.0638706
0.0669531
0.0701622
0.0733798
0.0768409
0.0802023
0.0835707
0.0871387
0.00275502
0.00413584
0.00416646
0.00335799
0.00241353
0.0019079
0.00192859
0.0024486
0.00332927
0.00439039
0.00556049
0.00674854
0.00786516
0.00893789
0.00998783
0.0110568
0.0121984
0.0133842
0.0145916
0.0158967
0.0172698
0.0186708
0.0201436
0.0216867
0.023269
0.0249053
0.0266178
0.0283802
0.0302148
0.0321103
0.0340902
0.0361185
0.0382264
0.0404065
0.042675
0.0450288
0.0474483
0.0499734
0.0525499
0.0552613
0.0580145
0.0609135
0.0638736
0.0669558
0.0701654
0.073383
0.0768456
0.0802082
0.0835796
0.0871507
0.00289437
0.00429101
0.00431711
0.00353278
0.00257723
0.00203755
0.00204299
0.00253964
0.00338743
0.00442942
0.00559277
0.00677883
0.00789837
0.00897609
0.010026
0.0110902
0.0122271
0.0134078
0.0146095
0.0159105
0.0172816
0.0186813
0.0201533
0.0216957
0.0232773
0.0249132
0.0266254
0.0283873
0.0302213
0.0321157
0.0340946
0.0361226
0.0382306
0.0404103
0.0426785
0.0450316
0.0474508
0.0499759
0.0525524
0.0552639
0.0580172
0.0609163
0.0638767
0.0669585
0.0701688
0.0733863
0.0768504
0.0802143
0.0835888
0.087163
0.00302967
0.00444544
0.00446094
0.00369923
0.00274154
0.00216673
0.0021535
0.00263228
0.00344985
0.00447062
0.00562656
0.00681045
0.00793171
0.00901427
0.0100649
0.0111244
0.0122566
0.013433
0.0146285
0.0159246
0.0172935
0.0186922
0.0201632
0.0217051
0.023286
0.0249214
0.0266333
0.0283946
0.0302281
0.0321212
0.0340992
0.036127
0.0382349
0.0404142
0.042682
0.0450345
0.0474535
0.0499785
0.0525549
0.0552666
0.05802
0.0609192
0.0638799
0.0669615
0.0701723
0.0733898
0.0768555
0.0802206
0.083598
0.0871756
0.00315845
0.0045993
0.00459986
0.00385539
0.00290499
0.00229707
0.00225968
0.00272484
0.00351658
0.00451445
0.00566199
0.00684329
0.00796505
0.00905256
0.0101046
0.011159
0.0122867
0.0134594
0.0146488
0.0159393
0.0173059
0.0187034
0.0201734
0.0217146
0.023295
0.02493
0.0266414
0.0284021
0.0302351
0.0321269
0.034104
0.0361315
0.0382394
0.0404182
0.0426857
0.0450376
0.0474564
0.0499813
0.0525576
0.0552695
0.0580229
0.0609222
0.0638833
0.0669645
0.070176
0.0733935
0.0768607
0.0802272
0.0836074
0.0871884
0.00328053
0.00475166
0.00473522
0.00400077
0.00306583
0.0024295
0.00236157
0.0028158
0.00358772
0.00456122
0.00569854
0.00687743
0.00799888
0.00909081
0.0101447
0.0111943
0.0123174
0.0134868
0.0146704
0.015955
0.0173185
0.0187147
0.0201839
0.0217244
0.0233043
0.024939
0.02665
0.02841
0.0302422
0.0321329
0.034109
0.0361363
0.038244
0.0404225
0.0426896
0.0450408
0.0474594
0.0499843
0.0525605
0.0552726
0.058026
0.0609254
0.0638868
0.0669677
0.0701798
0.0733973
0.076866
0.080234
0.083617
0.0872014
0.00339572
0.0049011
0.00486912
0.00413595
0.00322108
0.00256438
0.00246044
0.00290376
0.00366272
0.00461089
0.00573575
0.00691327
0.00803349
0.00912867
0.0101852
0.0112302
0.0123484
0.0135154
0.0146935
0.0159712
0.0173315
0.0187265
0.0201946
0.0217345
0.0233141
0.0249482
0.0266587
0.0284181
0.0302497
0.032139
0.0341142
0.0361413
0.0382488
0.0404268
0.0426936
0.0450442
0.0474625
0.0499874
0.0525635
0.0552758
0.0580292
0.0609288
0.0638904
0.0669711
0.0701838
0.0734014
0.0768715
0.080241
0.0836268
0.0872147
0.00350574
0.00504652
0.00500233
0.00426195
0.00336778
0.00270133
0.00255827
0.00298706
0.00373985
0.00466418
0.00577396
0.00695035
0.00806883
0.00916651
0.0102262
0.0112667
0.0123798
0.0135446
0.0147178
0.0159885
0.0173449
0.0187385
0.0202057
0.0217449
0.0233241
0.0249579
0.0266677
0.0284265
0.0302576
0.0321454
0.0341196
0.0361464
0.0382537
0.0404314
0.0426978
0.0450478
0.0474659
0.0499906
0.0525666
0.0552791
0.0580326
0.0609323
0.0638942
0.0669746
0.0701879
0.0734056
0.0768773
0.0802483
0.0836366
0.0872281
0.0036116
0.0051863
0.00513448
0.00438058
0.00350386
0.00283885
0.00265696
0.00306457
0.0038174
0.00472203
0.00581347
0.00698818
0.00810493
0.00920428
0.0102678
0.0113039
0.0124113
0.0135743
0.0147433
0.0160071
0.0173588
0.0187507
0.0202171
0.0217557
0.0233345
0.0249678
0.0266771
0.0284351
0.0302656
0.0321521
0.0341254
0.0361517
0.0382588
0.0404362
0.0427023
0.0450516
0.0474694
0.0499941
0.0525699
0.0552826
0.058036
0.060936
0.0638982
0.0669783
0.0701923
0.07341
0.0768832
0.0802558
0.0836467
0.0872418
0.00371328
0.00531966
0.00526458
0.00449379
0.00362846
0.00297434
0.00275812
0.00313671
0.00389386
0.00478424
0.00585384
0.00702689
0.00814234
0.00924151
0.0103097
0.011342
0.0124429
0.0136042
0.0147698
0.0160268
0.0173735
0.0187633
0.0202286
0.0217668
0.0233454
0.0249781
0.0266867
0.0284441
0.0302739
0.0321589
0.0341314
0.0361574
0.0382641
0.0404411
0.0427067
0.0450555
0.0474731
0.0499977
0.0525734
0.0552863
0.0580396
0.0609398
0.0639024
0.0669821
0.0701968
0.0734146
0.0768893
0.0802635
0.083657
0.0872557
0.00381073
0.00544651
0.00539104
0.00460346
0.00374159
0.00310404
0.00286277
0.00320478
0.00396669
0.0048503
0.00589575
0.00706598
0.00818137
0.0092786
0.0103512
0.0113807
0.012475
0.0136346
0.014797
0.0160475
0.0173891
0.0187763
0.0202404
0.0217781
0.0233565
0.0249889
0.0266967
0.0284533
0.0302825
0.032166
0.0341375
0.0361632
0.0382697
0.0404463
0.0427115
0.0450596
0.047477
0.0500016
0.052577
0.0552902
0.0580435
0.0609438
0.0639066
0.0669861
0.0702015
0.0734195
0.0768957
0.0802715
0.0836673
0.0872698
0.00390289
0.00556679
0.00551216
0.00471007
0.00384434
0.00322458
0.00297111
0.00327075
0.00403327
0.00491957
0.00594052
0.00710459
0.00822132
0.00931604
0.010393
0.01142
0.0125069
0.0136651
0.014825
0.0160691
0.0174056
0.0187898
0.0202526
0.0217899
0.0233678
0.0249997
0.026707
0.028463
0.0302914
0.0321734
0.0341441
0.0361692
0.0382753
0.0404517
0.0427165
0.0450641
0.047481
0.0500056
0.0525809
0.0552942
0.0580475
0.0609481
0.0639111
0.0669903
0.0702064
0.0734245
0.0769022
0.0802798
0.0836779
0.087284
0.00398775
0.00568004
0.00562627
0.0048132
0.00393882
0.00333343
0.00308114
0.00333714
0.00409265
0.00499018
0.00598859
0.00714307
0.00826231
0.00935336
0.0104347
0.0114604
0.0125386
0.0136951
0.0148536
0.0160919
0.0174231
0.0188038
0.0202648
0.0218021
0.02338
0.0250108
0.0267172
0.0284729
0.0303007
0.032181
0.0341509
0.0361756
0.0382812
0.0404572
0.0427216
0.0450688
0.0474854
0.0500098
0.0525848
0.0552984
0.0580516
0.0609525
0.0639159
0.0669947
0.0702114
0.0734297
0.0769089
0.0802883
0.0836887
0.0872984
0.0040628
0.00578544
0.00573288
0.00491175
0.00402737
0.00342941
0.00318915
0.00340637
0.00414506
0.00505959
0.00604019
0.0071815
0.00830435
0.00939095
0.0104754
0.0115017
0.012571
0.013725
0.0148822
0.0161151
0.017442
0.018819
0.0202773
0.0218143
0.0233923
0.0250226
0.026728
0.0284828
0.0303101
0.032189
0.034158
0.0361822
0.0382874
0.0404631
0.0427269
0.0450736
0.0474899
0.0500144
0.0525892
0.0553028
0.0580559
0.060957
0.0639207
0.0669993
0.0702168
0.0734352
0.0769158
0.080297
0.0836995
0.0873129
0.00412659
0.00588222
0.00583219
0.00500342
0.00411135
0.00351297
0.00329075
0.00347991
0.00419175
0.00512558
0.00609561
0.00721979
0.00834647
0.00942929
0.0105156
0.0115434
0.0126035
0.0137549
0.0149114
0.0161383
0.0174614
0.0188354
0.0202906
0.0218271
0.0234051
0.0250343
0.0267389
0.0284935
0.0303198
0.0321971
0.0341655
0.0361891
0.0382938
0.0404693
0.0427325
0.0450787
0.0474945
0.050019
0.0525937
0.0553076
0.0580605
0.0609619
0.0639258
0.067004
0.0702223
0.0734409
0.076923
0.080306
0.0837106
0.0873275
0.00417891
0.00596869
0.00592421
0.00508704
0.00419077
0.00358581
0.00338221
0.00355718
0.00423456
0.00518589
0.00615458
0.00725893
0.00838831
0.00946786
0.010555
0.0115859
0.012636
0.0137838
0.0149413
0.0161626
0.0174812
0.0188523
0.0203041
0.0218403
0.0234189
0.0250465
0.0267497
0.028504
0.03033
0.0322056
0.0341732
0.0361962
0.0383005
0.0404756
0.0427383
0.0450842
0.0474995
0.050024
0.0525982
0.0553123
0.0580653
0.0609669
0.0639312
0.067009
0.070228
0.0734468
0.0769303
0.0803153
0.0837219
0.0873423
0.00422
0.00604224
0.00600863
0.00516156
0.00426411
0.00365043
0.00346111
0.00363613
0.00427602
0.00523882
0.00621579
0.00729995
0.00842987
0.00950674
0.0105928
0.0116286
0.0126693
0.0138119
0.0149708
0.0161875
0.0175021
0.0188707
0.020318
0.0218531
0.0234328
0.0250595
0.0267613
0.0285149
0.0303399
0.0322145
0.0341814
0.0362036
0.0383074
0.0404823
0.0427444
0.0450898
0.0475047
0.0500293
0.0526033
0.0553173
0.0580702
0.0609722
0.0639367
0.0670143
0.0702341
0.073453
0.0769379
0.0803246
0.0837332
0.0873572
0.00425206
0.0061016
0.00608451
0.00522679
0.00432905
0.00370844
0.0035258
0.00371332
0.00431901
0.00528385
0.00627687
0.00734327
0.00847138
0.00954649
0.0106293
0.0116706
0.0127029
0.0138392
0.0150003
0.0162123
0.0175232
0.0188909
0.0203336
0.0218662
0.0234466
0.0250722
0.0267728
0.0285264
0.0303506
0.0322234
0.0341899
0.0362114
0.0383147
0.0404891
0.0427507
0.0450957
0.0475101
0.0500347
0.0526085
0.0553228
0.0580754
0.0609776
0.0639424
0.0670197
0.0702403
0.0734594
0.0769458
0.0803344
0.0837447
0.0873722
0.00427625
0.00614609
0.00614901
0.00528313
0.00438406
0.00376044
0.00357708
0.00378473
0.00436489
0.00532187
0.00633569
0.00738869
0.00851239
0.00958735
0.0106648
0.0117117
0.012737
0.0138653
0.0150293
0.016238
0.0175443
0.0189114
0.0203505
0.0218804
0.0234614
0.0250856
0.026784
0.0285372
0.0303613
0.0322331
0.0341989
0.0362196
0.0383223
0.0404964
0.0427572
0.045102
0.0475157
0.0500404
0.0526139
0.0553283
0.058081
0.0609834
0.0639485
0.0670253
0.0702466
0.073466
0.0769537
0.0803443
0.0837566
0.0873872
0.00429038
0.00617453
0.0061989
0.00533002
0.00442694
0.00380584
0.00361691
0.00384632
0.00441366
0.00535522
0.00639089
0.00743626
0.00855226
0.00962818
0.0106992
0.0117518
0.0127721
0.0138909
0.0150571
0.0162638
0.0175661
0.018933
0.0203681
0.0218944
0.0234765
0.0251003
0.0267963
0.0285485
0.0303715
0.0322424
0.0342083
0.0362282
0.0383303
0.040504
0.0427643
0.0451085
0.0475216
0.0500464
0.0526197
0.0553341
0.0580866
0.0609893
0.0639549
0.0670313
0.0702534
0.073473
0.0769619
0.0803543
0.0837683
0.0874024
0.00429465
0.00618695
0.00623107
0.00536645
0.00445673
0.00384247
0.00364736
0.00389529
0.00446373
0.00538592
0.0064407
0.00748593
0.00859188
0.00966843
0.010732
0.0117896
0.012808
0.0139165
0.0150844
0.0162898
0.0175877
0.0189554
0.0203878
0.0219091
0.0234906
0.0251145
0.0268089
0.0285605
0.0303831
0.0322523
0.0342174
0.0362368
0.0383385
0.0405117
0.0427714
0.0451156
0.047528
0.0500528
0.0526257
0.0553402
0.0580928
0.0609955
0.0639613
0.0670373
0.0702604
0.0734802
0.0769704
0.0803647
0.0837803
0.0874175
0.00428976
0.0061851
0.00624312
0.00538923
0.00447329
0.0038678
0.00367005
0.00393177
0.0045128
0.00541586
0.00648433
0.00753646
0.00863148
0.00970838
0.0107635
0.0118233
0.0128432
0.013942
0.0151112
0.0163171
0.0176104
0.0189779
0.0204081
0.0219251
0.0235056
0.0251288
0.0268212
0.0285716
0.030394
0.0322633
0.0342281
0.0362462
0.0383471
0.0405198
0.0427787
0.0451225
0.0475344
0.0500594
0.0526322
0.0553466
0.0580991
0.0610021
0.0639682
0.0670437
0.0702675
0.0734876
0.0769789
0.0803753
0.0837925
0.0874327
0.00426942
0.00616827
0.00623416
0.00539519
0.00447573
0.00387868
0.0036844
0.00395572
0.00455822
0.00544786
0.0065231
0.00758679
0.00867095
0.00974719
0.0107946
0.0118535
0.012877
0.0139666
0.0151359
0.0163442
0.0176343
0.0190022
0.0204301
0.0219415
0.0235203
0.0251437
0.0268348
0.0285833
0.0304046
0.0322732
0.0342383
0.0362562
0.0383567
0.0405285
0.0427867
0.0451302
0.047541
0.0500662
0.0526386
0.0553532
0.0581058
0.0610088
0.0639754
0.0670505
0.0702751
0.0734953
0.0769878
0.080386
0.0838046
0.0874478
0.00423068
0.0061332
0.00620211
0.00538029
0.00446371
0.00387436
0.00368982
0.00396805
0.00459609
0.00548181
0.00655787
0.00763579
0.0087107
0.00978372
0.0108248
0.0118803
0.0129098
0.0139918
0.0151591
0.016371
0.0176578
0.0190261
0.0204537
0.0219601
0.0235356
0.0251579
0.0268483
0.0285956
0.0304161
0.0322845
0.0342488
0.0362657
0.0383659
0.0405372
0.0427949
0.0451382
0.0475484
0.0500736
0.0526457
0.0553601
0.0581126
0.0610158
0.0639827
0.0670573
0.0702828
0.0735034
0.0769969
0.0803971
0.0838172
0.0874628
0.00417425
0.00607943
0.00614614
0.0053387
0.00443244
0.00385314
0.00368603
0.00397331
0.00462725
0.00551791
0.00658987
0.00768166
0.00875035
0.009817
0.0108535
0.0119031
0.012939
0.0140175
0.0151817
0.0163984
0.0176831
0.0190499
0.0204765
0.0219786
0.0235516
0.0251729
0.0268624
0.0286081
0.0304273
0.0322958
0.0342606
0.0362769
0.038376
0.0405461
0.0428031
0.045146
0.0475554
0.050081
0.0526528
0.0553674
0.05812
0.061023
0.0639903
0.0670644
0.0702907
0.0735115
0.0770061
0.0804082
0.0838297
0.0874789
0.00409234
0.00600172
0.00606734
0.00527115
0.00437901
0.00381022
0.00366621
0.00397005
0.00465057
0.00555631
0.00662266
0.00772415
0.00878994
0.00984779
0.0108808
0.0119241
0.0129653
0.014043
0.0152033
0.016425
0.0177096
0.0190748
0.0205006
0.0219979
0.0235664
0.0251863
0.0268763
0.0286214
0.0304395
0.0323076
0.0342721
0.0362883
0.0383873
0.0405565
0.0428125
0.045155
0.0475632
0.0500888
0.05266
0.0553745
0.0581271
0.0610302
0.0639978
0.0670714
0.0702985
0.0735196
0.077015
0.0804189
0.0838416
0.0874922
0.00397655
0.00588691
0.00595675
0.00517668
0.00430797
0.0037538
0.00363406
0.00396027
0.00466527
0.00559105
0.00665336
0.00775885
0.00882427
0.00987258
0.0109031
0.0119418
0.0129881
0.0140695
0.0152262
0.0164518
0.0177374
0.0190996
0.020524
0.0220183
0.0235829
0.0251996
0.0268888
0.0286334
0.0304508
0.0323194
0.0342844
0.0363002
0.0383985
0.0405668
0.0428225
0.0451649
0.0475727
0.0500987
0.0526696
0.0553842
0.0581366
0.0610395
0.0640075
0.0670805
0.0703082
0.0735294
0.0770257
0.0804314
0.0838556
0.0875101
0.00382137
0.00572271
0.00579472
0.00503499
0.00420259
0.0036803
0.00359821
0.00396064
0.00469107
0.00563525
0.00669151
0.0077914
0.00885433
0.00989215
0.0109193
0.0119555
0.0130057
0.0140939
0.0152498
0.0164788
0.0177667
0.0191254
0.0205468
0.0220373
0.0235977
0.0252121
0.0269013
0.0286455
0.0304618
0.0323295
0.0342942
0.0363104
0.0384083
0.040575
0.0428296
0.0451717
0.0475785
0.0501045
0.0526751
0.0553898
0.0581426
0.0610454
0.0640139
0.0670865
0.070315
0.0735366
0.0770335
0.0804411
0.0838662
0.0875216
0.00363067
0.00551159
0.00557576
0.00482923
0.00403701
0.00356494
0.00353836
0.00395334
0.00471812
0.0056853
0.00674033
0.00783009
0.00888756
0.0099149
0.0109381
0.0119738
0.0130284
0.0141252
0.0152817
0.0165118
0.0178024
0.0191575
0.0205755
0.0220636
0.0236193
0.0252299
0.0269186
0.0286631
0.0304795
0.0323467
0.0343108
0.0363266
0.0384242
0.0405899
0.0428439
0.0451857
0.0475919
0.0501179
0.0526879
0.0554024
0.0581548
0.0610572
0.0640259
0.0670976
0.0703265
0.0735481
0.0770458
0.0804549
0.0838815
0.0875406
0.00342775
0.00526386
0.00531072
0.0045739
0.00382842
0.00342114
0.00345805
0.00392741
0.00472244
0.00570165
0.00675177
0.00782737
0.00887829
0.00990119
0.010925
0.0119663
0.0130291
0.0141382
0.0152999
0.016531
0.0178238
0.0191754
0.0205889
0.0220752
0.0236286
0.0252373
0.0269253
0.0286697
0.0304865
0.0323532
0.0343171
0.0363342
0.0384316
0.0405957
0.0428487
0.0451908
0.0475964
0.0501227
0.0526927
0.0554077
0.0581604
0.0610627
0.064032
0.0671034
0.0703329
0.0735551
0.0770531
0.0804641
0.0838916
0.0875515
0.00314541
0.00497203
0.00502917
0.00433523
0.00366896
0.00335607
0.00347519
0.00400478
0.00482224
0.00579247
0.0068187
0.00786493
0.00889863
0.00991764
0.0109424
0.0119903
0.0130609
0.0141791
0.0153448
0.0165738
0.0178667
0.0192147
0.0206223
0.0221055
0.0236547
0.0252599
0.0269472
0.0286915
0.0305094
0.0323744
0.0343358
0.0363527
0.0384504
0.0406132
0.0428648
0.0452066
0.0476114
0.0501371
0.0527063
0.055421
0.0581732
0.061075
0.0640446
0.067115
0.0703448
0.0735669
0.0770655
0.0804778
0.0839065
0.0875694
0.0023313
0.00411093
0.00426856
0.00374853
0.00327585
0.00313933
0.00338954
0.00399768
0.00484287
0.0058024
0.00680769
0.00783304
0.00885766
0.00988365
0.0109182
0.0119795
0.0130642
0.0141934
0.0153656
0.0165928
0.0178843
0.0192305
0.0206333
0.0221154
0.0236646
0.0252685
0.0269537
0.0286973
0.0305177
0.0323831
0.0343435
0.0363619
0.0384599
0.040621
0.0428716
0.0452142
0.0476188
0.0501447
0.0527142
0.0554295
0.0581816
0.061083
0.0640529
0.0671229
0.0703532
0.0735755
0.0770743
0.0804883
0.0839181
0.0875829
0.00257994
0.00385564
0.00381902
0.00337693
0.00308631
0.00311669
0.00347698
0.00411202
0.00492926
0.00584346
0.00681132
0.00781342
0.00883056
0.00986793
0.0109166
0.0119918
0.0130905
0.0142264
0.0154026
0.0166286
0.0179171
0.0192616
0.0206592
0.022137
0.0236841
0.0252872
0.0269718
0.0287146
0.0305369
0.0324012
0.0343573
0.0363758
0.0384757
0.0406357
0.0428842
0.0452271
0.0476311
0.0501559
0.0527247
0.0554398
0.0581918
0.0610929
0.0640631
0.0671323
0.0703626
0.0735853
0.0770841
0.0804995
0.0839296
0.0875947
0.000224221
0.00208866
0.00270069
0.00284193
0.00297034
0.00324189
0.00367607
0.00426921
0.00500535
0.00585299
0.00678804
0.00778183
0.0088023
0.00985463
0.0109203
0.0120105
0.0131235
0.0142652
0.0154419
0.0166649
0.0179476
0.0192898
0.0206845
0.022159
0.0237067
0.0253091
0.0269899
0.0287302
0.0305556
0.0324209
0.0343751
0.0363936
0.0384943
0.0406522
0.0428992
0.0452433
0.0476469
0.0501716
0.0527404
0.0554559
0.0582072
0.0611073
0.0640775
0.0671457
0.070376
0.0735979
0.0770971
0.0805134
0.0839452
0.0876151
-0.00156799
-0.00067636
0.000637406
0.00182064
0.00270617
0.0033271
0.00384411
0.00439597
0.00504103
0.00580746
0.00669878
0.0076844
0.00871749
0.00979368
0.0108851
0.0119947
0.0131243
0.0142735
0.0154525
0.016677
0.0179567
0.0192985
0.0206924
0.0221627
0.0237108
0.0253158
0.0269963
0.028736
0.0305637
0.0324295
0.0343794
0.0363978
0.0385014
0.0406589
0.0429035
0.0452482
0.0476518
0.0501754
0.0527441
0.0554597
0.0582111
0.0611113
0.0640821
0.06715
0.0703806
0.0736035
0.0771026
0.0805205
0.0839526
0.0876209
-0.00265521
-0.000394432
0.00105761
0.00204394
0.00278064
0.00338859
0.00395324
0.00452708
0.0051557
0.00588511
0.00673317
0.00769134
0.00871893
0.00980322
0.010911
0.0120345
0.0131753
0.0143307
0.0155069
0.0167283
0.0180004
0.0193374
0.0207308
0.0221965
0.0237447
0.0253504
0.0270264
0.0287624
0.0305921
0.032459
0.0344068
0.0364235
0.0385281
0.0406837
0.0429263
0.0452725
0.0476757
0.0501991
0.0527674
0.0554831
0.0582333
0.0611321
0.0641023
0.067169
0.0703989
0.0736201
0.0771194
0.0805376
0.0839714
0.0876457
-0.00361349
-0.00237404
-0.00066415
0.00095483
0.00226306
0.00322323
0.00393564
0.00454338
0.00516097
0.00586758
0.00668783
0.00762471
0.00865036
0.00974315
0.0108665
0.0120049
0.013158
0.0143248
0.015505
0.0167302
0.018002
0.0193368
0.0207326
0.0221951
0.0237421
0.0253518
0.0270277
0.0287627
0.0305937
0.0324623
0.0344076
0.0364231
0.0385305
0.0406867
0.0429269
0.0452737
0.0476774
0.0501997
0.0527682
0.0554841
0.0582345
0.0611334
0.0641042
0.0671707
0.0704008
0.0736231
0.0771221
0.0805421
0.0839759
0.0876479
-0.00502205
-0.0021307
-0.000131539
0.00130692
0.00239375
0.00324703
0.0039546
0.00458281
0.0052132
0.00592203
0.00673698
0.00766291
0.00868064
0.00977016
0.0108931
0.0120344
0.0131894
0.0143602
0.0155418
0.0167667
0.0180388
0.0193711
0.0207684
0.0222317
0.0237778
0.025388
0.0270624
0.0287941
0.0306249
0.0324941
0.0344399
0.036453
0.0385594
0.0407152
0.0429544
0.0453018
0.0477052
0.0502279
0.0527954
0.0555112
0.0582605
0.0611575
0.0641273
0.0671925
0.0704211
0.0736414
0.0771401
0.0805602
0.0839964
0.0876751
)
;

boundaryField
{
    zeroGradientPlanes
    {
        type            zeroGradient;
    }
    inlet
    {
        type            zeroGradient;
    }
    plate
    {
        type            zeroGradient;
    }
    frontAndBack
    {
        type            empty;
    }
}


// ************************************************************************* //
