/*--------------------------------*- C++ -*----------------------------------*\
| =========                 |                                                 |
| \\      /  F ield         | OpenFOAM: The Open Source CFD Toolbox           |
|  \\    /   O peration     | Version:  v2012                                 |
|   \\  /    A nd           | Website:  www.openfoam.com                      |
|    \\/     M anipulation  |                                                 |
\*---------------------------------------------------------------------------*/
FoamFile
{
    version     2.0;
    format      ascii;
    class       volScalarField;
    location    "3.1";
    object      p;
}
// * * * * * * * * * * * * * * * * * * * * * * * * * * * * * * * * * * * * * //

dimensions      [0 2 -2 0 0 0 0];


internalField   nonuniform List<scalar> 
7000
(
1.03442e-10
0.00033671
-0.00188492
0.00117379
0.00230688
0.00259907
0.0040415
0.00466284
0.00309773
0.00508873
0.0030814
0.00554962
0.00358577
0.00557893
0.0047235
0.00703756
0.00714803
0.0100386
0.0117391
0.0173273
-2.7786e-06
0.000341592
-0.00187735
0.00117088
0.00229953
0.00260385
0.0040404
0.00465333
0.00310249
0.00506548
0.00309275
0.00554225
0.00359728
0.00557479
0.00474092
0.00702944
0.0071706
0.010022
0.0117533
0.0169585
-6.13119e-06
0.000347684
-0.00186736
0.0011608
0.00228793
0.00261337
0.00403501
0.00464595
0.00310178
0.00504238
0.00311011
0.00552789
0.00361926
0.00556218
0.00477354
0.00700442
0.00720935
0.00997989
0.0117612
0.0165038
-9.64525e-06
0.000353646
-0.00185552
0.00114901
0.00227616
0.00262495
0.00402797
0.00463973
0.00309947
0.00501795
0.00313409
0.00550839
0.00364952
0.00554265
0.00481675
0.00696649
0.00725616
0.00991899
0.0117562
0.0160511
-1.37465e-05
0.000359735
-0.00183999
0.0011386
0.00226431
0.00263791
0.00402082
0.00463368
0.00309717
0.00499276
0.00316351
0.00548428
0.00368544
0.00551738
0.00486578
0.00692147
0.00730565
0.00984789
0.0117357
0.0156252
-1.85992e-05
0.000366403
-0.00181985
0.00112959
0.00225195
0.00265213
0.00401457
0.00462716
0.00309615
0.00496607
0.00319699
0.00545577
0.00372564
0.00548694
0.00491854
0.00687312
0.00735533
0.00977209
0.0116985
0.0152251
-2.41279e-05
0.00037405
-0.00179522
0.00112168
0.00223913
0.00266736
0.00400948
0.00461976
0.00309691
0.00493719
0.00323407
0.0054229
0.00376983
0.00545156
0.00497457
0.00682309
0.00740413
0.00969399
0.011645
0.0148477
-3.01334e-05
0.000382957
-0.00176647
0.00111548
0.00222596
0.00268315
0.00400522
0.00461112
0.00309956
0.00490563
0.00327467
0.00538544
0.00381806
0.0054114
0.00503348
0.00677235
0.00745123
0.00961486
0.0115766
0.0144891
-3.63779e-05
0.000393218
-0.00173355
0.00111196
0.00221233
0.00269881
0.00400115
0.00460083
0.00310403
0.00487109
0.0033188
0.00534319
0.00387035
0.00536684
0.00509451
0.00672182
0.00749516
0.00953609
0.0114942
0.0141455
-4.26646e-05
0.000404748
-0.00169589
0.0011118
0.00219789
0.00271356
0.00399665
0.0045885
0.00311022
0.00483329
0.00336645
0.00529609
0.00392654
0.00531845
0.00515663
0.00667252
0.00753379
0.00945925
0.0113991
0.0138155
-4.88775e-05
0.000417352
-0.0016528
0.00111516
0.00218237
0.00272678
0.0039914
0.00457378
0.00311812
0.00479194
0.00341762
0.00524426
0.00398618
0.005267
0.00521858
0.00662586
0.00756528
0.00938503
0.0112923
0.0134982
-5.49786e-05
0.000430809
-0.00160391
0.00112181
0.00216567
0.00273815
0.00398541
0.00455643
0.00312772
0.00474679
0.0034723
0.00518789
0.00404869
0.00521344
0.00527867
0.00658358
0.00758823
0.00931352
0.0111752
0.0131921
-6.09803e-05
0.000444936
-0.00154959
0.00113114
0.00214794
0.00274766
0.00397899
0.00453629
0.00313909
0.0046976
0.00353047
0.00512729
0.00411328
0.00515915
0.00533472
0.00654721
0.00760169
0.00924461
0.0110498
0.012896
-6.69143e-05
0.000459618
-0.00149082
0.00114231
0.00212944
0.00275545
0.00397263
0.00451327
0.00315229
0.0046442
0.00359197
0.005063
0.00417882
0.00510579
0.00538447
0.00651766
0.00760523
0.00917762
0.0109177
0.012609
-7.28087e-05
0.000474805
-0.0014289
0.0011545
0.00211045
0.00276169
0.00396687
0.00448728
0.0031674
0.00458654
0.00365656
0.00499569
0.00424389
0.00505521
0.00542591
0.006495
0.00759881
0.00911151
0.0107806
0.0123312
-7.86785e-05
0.000490476
-0.00136497
0.00116705
0.00209126
0.0027665
0.00396213
0.00445826
0.00318443
0.00452469
0.00372389
0.00492627
0.00430668
0.00500929
0.00545741
0.00647866
0.00758274
0.00904459
0.0106398
0.0120624
-8.45263e-05
0.000506622
-0.00129981
0.00117955
0.00207213
0.0027699
0.0039587
0.00442615
0.00320339
0.00445884
0.00379343
0.00485601
0.00436503
0.00496963
0.00547793
0.00646748
0.00755783
0.0089746
0.0104958
0.0118027
-9.03451e-05
0.000523228
-0.00123376
0.00119181
0.00205325
0.00277181
0.00395674
0.00439094
0.00322421
0.00438937
0.00386439
0.00478659
0.00441675
0.00493734
0.00548719
0.00645949
0.0075252
0.00889951
0.0103483
0.0115515
-9.61193e-05
0.000540272
-0.00116687
0.00120372
0.00203478
0.00277209
0.00395635
0.00435263
0.00324678
0.00431687
0.00393565
0.00471998
0.00445992
0.00491286
0.00548556
0.00645244
0.00748582
0.00881752
0.0101967
0.0113077
-0.000101825
0.000557729
-0.001099
0.00121522
0.00201688
0.00277062
0.00395759
0.00431131
0.00327087
0.00424221
0.00400573
0.00465828
0.00449304
0.00489618
0.00547373
0.00644418
0.00744094
0.00872708
0.0100402
0.0110696
-0.000107431
0.000575568
-0.00102996
0.00122622
0.00199968
0.00276724
0.00396047
0.00426714
0.00329613
0.00416661
0.0040728
0.00460333
0.00451507
0.00488695
0.00545304
0.00643189
0.00739173
0.00862795
0.00987768
0.0108351
-0.0001129
0.000593753
-0.000959578
0.00123663
0.00198334
0.00276185
0.00396505
0.00422036
0.0033219
0.00409157
0.00413516
0.00455645
0.00452549
0.00488404
0.00542552
0.00641292
0.00733817
0.00852034
0.00970908
0.0106027
-0.000118185
0.000612238
-0.000887705
0.00124635
0.00196798
0.0027543
0.00397142
0.00417145
0.00334726
0.00401859
0.00419141
0.00451851
0.00452421
0.0048857
0.005393
0.00638581
0.00728032
0.00840358
0.00953373
0.0103722
-0.000123233
0.000630971
-0.000814214
0.00125529
0.00195378
0.0027445
0.00398017
0.00412103
0.00337128
0.00394901
0.00424017
0.00449026
0.00451167
0.00488985
0.00535748
0.00634933
0.00721854
0.00827854
0.00935054
0.0101424
-0.000127985
0.000649889
-0.000738994
0.00126335
0.00194086
0.00273243
0.00399048
0.00406982
0.00339268
0.00388437
0.00428021
0.00447157
0.00448893
0.00489415
0.00532152
0.00630245
0.00715173
0.00814685
0.00916064
0.00991248
-0.000132368
0.000668911
-0.000661959
0.00127045
0.00192933
0.00271806
0.00400163
0.00401896
0.00340983
0.00382557
0.00431146
0.00446132
0.00445711
0.00489582
0.00528755
0.00624483
0.00707831
0.00801059
0.00896483
0.00968239
-0.000136302
0.000687961
-0.000583066
0.00127651
0.00191931
0.00270145
0.00401345
0.00396975
0.00342197
0.00377227
0.00433406
0.00445889
0.00441797
0.0048911
0.00525608
0.00617846
0.0069952
0.00787143
0.00876709
0.00945163
-0.000139708
0.000706952
-0.00050224
0.00128142
0.00191088
0.00268294
0.00402499
0.00392272
0.00342869
0.00372517
0.00434699
0.00446342
0.00437392
0.00487888
0.00522396
0.00610564
0.00690531
0.00772496
0.00856701
0.0092244
-0.000142489
0.000725766
-0.000419444
0.00128518
0.00190406
0.00266268
0.00403633
0.00387936
0.00342802
0.00368544
0.00435055
0.00447284
0.00432557
0.00485949
0.00518998
0.00602323
0.0068146
0.00757664
0.00835812
0.00899847
-0.000144544
0.000744322
-0.00033473
0.00128782
0.00189884
0.00264119
0.00404502
0.00384136
0.00341988
0.00365111
0.00434669
0.00448555
0.00427454
0.00482888
0.0051549
0.00593528
0.00670709
0.00743682
0.00816671
0.00876193
-0.00014575
0.000762534
-0.000248061
0.00128933
0.00189507
0.00261919
0.00405071
0.00380804
0.0034054
0.00362166
0.00433566
0.0044981
0.00422556
0.00478685
0.00511619
0.00583856
0.00659287
0.00729189
0.00798989
0.00852845
-0.000146054
0.000780307
-0.000159508
0.00128996
0.00189243
0.00259723
0.00405166
0.00378027
0.00338372
0.00359574
0.00432235
0.00450394
0.00418122
0.00473452
0.0050755
0.00573388
0.00647278
0.00713686
0.00775852
0.00830633
-0.0001453
0.00079743
-6.90902e-05
0.00128984
0.00189073
0.00257578
0.00404898
0.00375834
0.00335697
0.00356828
0.00431241
0.00450155
0.00413989
0.00467131
0.00503347
0.00563346
0.00630724
0.00696038
0.00761059
0.0081017
-0.000143194
0.000813801
2.31895e-05
0.0012889
0.0018898
0.00255535
0.00404541
0.00374084
0.00332585
0.0035423
0.00429897
0.00449801
0.00409658
0.00460254
0.00498246
0.00552616
0.00615569
0.00675608
0.00734973
0.00792806
-0.000139932
0.000829704
0.00011666
0.00128814
0.00188842
0.00253828
0.00402617
0.00373097
0.00328819
0.0035173
0.004282
0.00449363
0.00404995
0.00452953
0.00491853
0.00539572
0.00598541
0.00659023
0.00715844
0.00773133
-0.000135324
0.000844608
0.000211414
0.00128797
0.00188599
0.00252384
0.00400377
0.00372495
0.00324923
0.0034869
0.00426895
0.00448108
0.0040012
0.00444509
0.00484543
0.00526349
0.00578578
0.00644076
0.00707385
0.007515
-0.000128658
0.000858229
0.000307714
0.00128768
0.00188311
0.00251069
0.00398438
0.00371885
0.00321404
0.00345032
0.00425538
0.0044694
0.0039437
0.00434413
0.00476733
0.00513736
0.00563215
0.00618963
0.00677505
0.00738637
-0.00012051
0.000871303
0.000403875
0.00128954
0.00187792
0.00250367
0.00394608
0.00371985
0.00317669
0.00341144
0.0042366
0.00445788
0.00388389
0.00422814
0.00466293
0.00500593
0.00545924
0.00600396
0.00658287
0.00721078
-0.000110685
0.000883132
0.000500011
0.00129415
0.00186969
0.00250034
0.00390569
0.0037188
0.00314446
0.00336746
0.00421556
0.00443929
0.00382355
0.00409456
0.00454302
0.00487173
0.00525333
0.00586964
0.00655237
0.00698247
-9.79625e-05
0.000893466
0.000596827
0.00129942
0.00186057
0.00249515
0.00387749
0.00371003
0.00312229
0.00331771
0.0041878
0.00442379
0.00375022
0.00395839
0.00442753
0.00474688
0.00509975
0.00554419
0.00618485
0.00692504
-8.38758e-05
0.000903554
0.000691413
0.00130936
0.00184771
0.00249841
0.00382485
0.00370959
0.00309319
0.00327421
0.00414933
0.00440278
0.00368065
0.00379894
0.00428507
0.00461042
0.00492339
0.00532875
0.00596541
0.00676192
-6.74403e-05
0.000912422
0.00078411
0.00132395
0.00183147
0.0025043
0.00376993
0.00370416
0.00306803
0.0032289
0.00410642
0.00437107
0.00361879
0.00362756
0.0041229
0.00445222
0.00471096
0.00520421
0.00598511
0.00653918
-4.7455e-05
0.000919939
0.000876053
0.00133998
0.00181524
0.00250175
0.00374219
0.00367989
0.00305774
0.00317185
0.00405745
0.00433604
0.00355517
0.00348501
0.0039701
0.00428486
0.00451275
0.00480653
0.00549712
0.00649188
-2.61568e-05
0.000927575
0.000963672
0.00136198
0.00179674
0.00250226
0.00370412
0.00365757
0.00304221
0.00311389
0.00399563
0.00429471
0.0035019
0.00335198
0.00380319
0.00410243
0.00425586
0.0045003
0.00529227
0.0064494
-1.57792e-06
0.000934215
0.00104786
0.00138902
0.00177703
0.00250311
0.0036623
0.00363497
0.00302271
0.00305605
0.00391811
0.00425092
0.00345781
0.0032093
0.00361516
0.00390586
0.00401702
0.00429041
0.00505676
0.0061925
2.61957e-05
0.000940489
0.00112853
0.00141922
0.00175845
0.00249885
0.00362308
0.00361047
0.00300329
0.00299293
0.00383103
0.00420292
0.0034093
0.00306115
0.00341944
0.00371239
0.00382849
0.00406465
0.00476452
0.00601674
5.62273e-05
0.000947167
0.00120372
0.00145386
0.00174174
0.00249105
0.0035821
0.00358386
0.00298202
0.0029267
0.00373879
0.00414137
0.00335912
0.00292214
0.00321509
0.00352527
0.003639
0.00383859
0.00454274
0.00585314
8.97711e-05
0.00095387
0.00127435
0.00149091
0.00172799
0.00248021
0.00353913
0.00355109
0.00296093
0.00286248
0.00363392
0.00406769
0.00331566
0.00278701
0.00300159
0.00332694
0.00346772
0.00363702
0.00429061
0.00568057
0.000126183
0.000961299
0.00133976
0.00152918
0.00171893
0.00246726
0.00349089
0.00351395
0.00294027
0.00279633
0.00352152
0.00398685
0.00326872
0.00265526
0.00278695
0.00312885
0.00329417
0.00345095
0.00408987
0.00551092
0.000165628
0.00096925
0.00140008
0.0015687
0.00171461
0.00245199
0.00343889
0.00347139
0.00291638
0.0027316
0.00340576
0.00389309
0.00321432
0.00253631
0.00257964
0.00291973
0.00310822
0.00328672
0.00392841
0.00534579
0.00020831
0.000977969
0.00145596
0.0016076
0.00171405
0.00243616
0.00338393
0.00342072
0.00289013
0.00267061
0.00328283
0.00378738
0.00315733
0.00242832
0.00237504
0.00268931
0.0029318
0.00314714
0.00375891
0.00519084
0.000254042
0.000987912
0.00150687
0.00164516
0.00171662
0.00242059
0.00332549
0.00336423
0.0028608
0.00261101
0.00315568
0.00367256
0.00309449
0.00232535
0.00217501
0.00245975
0.00275007
0.00300676
0.00363702
0.0050576
0.000302955
0.000999016
0.0015534
0.00168137
0.00172043
0.00240406
0.00326798
0.00330294
0.00282543
0.0025547
0.00302583
0.0035461
0.00302504
0.00222773
0.00199025
0.00222712
0.00255561
0.00287228
0.00351567
0.00493952
0.000354891
0.0010118
0.00159541
0.0017153
0.00172455
0.00238833
0.00321105
0.00323721
0.00278481
0.00249963
0.00289407
0.00340964
0.00294931
0.0021329
0.00181598
0.0019959
0.00235031
0.00273277
0.00343333
0.00484517
0.00040988
0.00102637
0.00163285
0.00174702
0.00172869
0.00237156
0.00315507
0.00316868
0.00273749
0.00244536
0.00276363
0.00326236
0.00286546
0.00204097
0.00165405
0.00176912
0.00213934
0.00259039
0.00333676
0.00475891
0.000467775
0.00104328
0.00166579
0.0017764
0.0017315
0.00239391
0.00310081
0.00309885
0.00268437
0.00239135
0.00263555
0.00310414
0.00277387
0.00195242
0.00150204
0.00155095
0.00192256
0.00243258
0.00325082
0.00468896
0.000528272
0.00106295
0.00169417
0.00180351
0.00173218
0.00237731
0.00304718
0.00302923
0.00262728
0.00233593
0.00251162
0.00293663
0.00267181
0.00186515
0.00135987
0.00134202
0.00170339
0.00226739
0.00314896
0.00461942
0.000591132
0.00108558
0.00171869
0.00182836
0.00173052
0.00235059
0.00299288
0.00296063
0.0025685
0.00227952
0.00239357
0.00276178
0.00255612
0.00177874
0.00122882
0.00114516
0.00148498
0.00208972
0.00303303
0.00454887
0.000656226
0.00111148
0.00173973
0.00185058
0.00172704
0.00231745
0.00293341
0.00289315
0.00251022
0.00222164
0.00228247
0.0025837
0.00242516
0.00169085
0.00110754
0.000963692
0.00126683
0.00189819
0.00290414
0.00447411
0.000723357
0.00114083
0.00175784
0.00187032
0.00172235
0.00227795
0.00286578
0.00282619
0.00245314
0.00216245
0.00217794
0.00240638
0.0022801
0.00159824
0.000995403
0.000795526
0.00105322
0.00170028
0.00275934
0.0043899
0.00079207
0.0011736
0.00177345
0.00188761
0.00171629
0.00222557
0.00279053
0.00275959
0.00239862
0.00210161
0.00207752
0.00223346
0.00212291
0.00149831
0.000888386
0.000642083
0.000849548
0.00149558
0.00259886
0.00429625
0.000862405
0.0012093
0.00178636
0.0019013
0.00170747
0.00216605
0.00271192
0.00269239
0.00234632
0.00203895
0.001979
0.00206696
0.00195586
0.00138822
0.000784027
0.000502346
0.000658149
0.00128895
0.00242598
0.00419224
0.000934312
0.0012475
0.00179613
0.00191034
0.00169818
0.00210848
0.00262973
0.00262233
0.00229474
0.00197522
0.00188017
0.00190708
0.00178237
0.00126774
0.000678739
0.00037253
0.000481315
0.00108769
0.00224599
0.00407702
0.0010071
0.00128783
0.00180282
0.00191536
0.00168965
0.00205223
0.00254507
0.00254671
0.00224085
0.00191061
0.0017791
0.00175358
0.00160684
0.00113746
0.000569822
0.000249342
0.00031938
0.000896863
0.00206583
0.0039536
0.00108013
0.0013302
0.00180698
0.00191608
0.00168205
0.00199847
0.00245888
0.0024637
0.00218147
0.0018459
0.00167619
0.00160596
0.0014332
0.000998626
0.000455844
0.000129196
0.000170039
0.00071937
0.00189259
0.00382708
0.00115308
0.00137442
0.00180908
0.00191216
0.00167693
0.00194731
0.00237116
0.00237354
0.0021147
0.00178183
0.00157318
0.00146281
0.00126352
0.000852783
0.000335659
9.2805e-06
3.16672e-05
0.00055682
0.00173005
0.00370124
0.00122561
0.00142023
0.00180975
0.00190379
0.0016713
0.00189811
0.00228288
0.00227776
0.00203924
0.00171771
0.00147214
0.00132276
0.00109773
0.00070186
0.000210045
-0.000111385
-9.83e-05
0.000408061
0.00157973
0.00357926
0.00129725
0.0014673
0.00180985
0.00189134
0.00166361
0.00185039
0.00219515
0.00217797
0.00195417
0.0016522
0.00137486
0.00118447
0.000935242
0.00054858
8.08137e-05
-0.000233897
-0.000223721
0.000271504
0.00144242
0.00346287
0.00136769
0.00151528
0.00181003
0.0018728
0.00165324
0.00180367
0.0021088
0.00207635
0.00185968
0.00158262
0.00128169
0.00104776
0.000775866
0.000395044
-5.11988e-05
-0.000359112
-0.000346991
0.000144891
0.00131655
0.00335226
0.00143664
0.0015638
0.00181082
0.00185313
0.00163946
0.00175736
0.00202403
0.00197466
0.00175681
0.00150545
0.00119205
0.000914253
0.000619329
0.000242163
-0.000185127
-0.000485906
-0.000469877
2.35445e-05
0.00119876
0.0032475
0.00150387
0.00161241
0.00181258
0.00183063
0.00162187
0.00171104
0.00194043
0.001874
0.00164748
0.00141807
0.00110444
0.000785919
0.000465616
8.95136e-05
-0.000319872
-0.000612529
-0.000593734
-9.60997e-05
0.00108605
0.00314742
0.00156919
0.00166073
0.00181549
0.0018059
0.00160021
0.00166395
0.0018574
0.00177542
0.00153458
0.00131934
0.0010163
0.00066411
0.000315106
-6.33701e-05
-0.000455734
-0.000738724
-0.000717815
-0.000215265
0.000975247
0.00304933
0.0016325
0.00170826
0.00181942
0.00177974
0.00157454
0.00161554
0.00177449
0.00167895
0.0014205
0.00120961
0.000924454
0.000548468
0.00016878
-0.000215817
-0.000593037
-0.000864548
-0.000841311
-0.000335377
0.000862843
0.00295089
0.00169373
0.00175461
0.00182426
0.00175275
0.00154492
0.00156533
0.00169134
0.00158423
0.00130748
0.00109053
0.00082551
0.00043732
2.8011e-05
-0.000367207
-0.000731886
-0.000990401
-0.000965021
-0.000457036
0.000748453
0.00285119
0.00175275
0.00179937
0.00182986
0.0017255
0.00151153
0.0015128
0.00160745
0.00149038
0.00119727
0.000964672
0.000717038
0.00032861
-0.000105863
-0.000516252
-0.00087313
-0.00111765
-0.00108858
-0.000579489
0.000631885
0.00274884
0.00180958
0.0018422
0.00183582
0.00169841
0.00147471
0.00145787
0.00152286
0.00139644
0.00109056
0.000834999
0.000598109
0.000219099
-0.000233619
-0.000661812
-0.00101653
-0.00124714
-0.00121206
-0.000702452
0.00051309
0.00264335
0.00186411
0.00188288
0.00184184
0.00167188
0.00143493
0.00140007
0.00143719
0.00130152
0.000987445
0.00070488
0.000469428
0.000105139
-0.000357158
-0.000802687
-0.00116075
-0.00137965
-0.00133663
-0.000825411
0.000392932
0.00253437
0.00191622
0.00192117
0.00184751
0.00164619
0.00139284
0.00133945
0.00135038
0.0012047
0.000886703
0.000576965
0.000332559
-1.57559e-05
-0.000478449
-0.000938549
-0.00130462
-0.00151583
-0.00146352
-0.000948882
0.000272096
0.00242249
0.00196589
0.001957
0.00185244
0.00162134
0.0013489
0.00127582
0.00126251
0.00110604
0.00078703
0.000452924
0.000190248
-0.000145102
-0.000600702
-0.0010705
-0.00144724
-0.00165572
-0.00159388
-0.00107331
0.000150738
0.00230781
0.00201292
0.00199025
0.00185625
0.00159739
0.00130394
0.00120932
0.00117325
0.00100533
0.000686477
0.00033319
4.60029e-05
-0.000283011
-0.000726866
-0.00120041
-0.00158797
-0.00179809
-0.00172818
-0.00120022
2.73673e-05
0.00219009
0.0020574
0.00202098
0.00185846
0.00157395
0.00125863
0.00114034
0.00108256
0.000903032
0.000583761
0.000216678
-9.73879e-05
-0.000428237
-0.000859367
-0.0013311
-0.00172696
-0.00194181
-0.00186696
-0.00133184
-9.78073e-05
0.00206945
0.00209915
0.00204922
0.00185892
0.00155073
0.00121354
0.00106934
0.000989869
0.000799577
0.000478636
0.000101409
-0.000238367
-0.000578891
-0.000999406
-0.00146485
-0.00186543
-0.00208691
-0.0020115
-0.00146886
-0.000228498
0.00194449
0.00213804
0.00207501
0.0018575
0.00152723
0.00116904
0.000997239
0.000895079
0.000694707
0.000371171
-1.44815e-05
-0.000376673
-0.000732158
-0.00114647
-0.00160434
-0.00200593
-0.00223344
-0.00215778
-0.00161243
-0.00036567
0.00181325
0.00217396
0.00209845
0.00185434
0.00150324
0.00112524
0.000924691
0.00079813
0.000587856
0.00026182
-0.00013254
-0.000513847
-0.000885987
-0.00129934
-0.0017502
-0.00215072
-0.00238312
-0.00231231
-0.00176388
-0.000511433
0.00167326
0.00220673
0.00211962
0.00184937
0.00147831
0.00108197
0.000852773
0.000700124
0.000478723
0.000151512
-0.000252593
-0.000652158
-0.00104133
-0.00145772
-0.00190307
-0.00230218
-0.00253874
-0.00247179
-0.00192268
-0.000666512
0.00152316
0.00223621
0.00213884
0.001843
0.00145237
0.00103901
0.000781244
0.000600959
0.000366206
3.99448e-05
-0.000371777
-0.000790198
-0.00119804
-0.00162145
-0.00206427
-0.00246218
-0.00270115
-0.00263827
-0.00209074
-0.000832749
0.00136092
0.00226216
0.00215608
0.00183538
0.00142523
0.000996821
0.000711799
0.000502496
0.00024854
-7.7183e-05
-0.00049201
-0.000927198
-0.00135425
-0.00178893
-0.00223205
-0.00263028
-0.00287247
-0.00281483
-0.00227019
-0.00101143
0.00118564
0.00228462
0.00217149
0.0018271
0.00139674
0.000953514
0.000643347
0.000408203
0.000131059
-0.000200069
-0.000616597
-0.00106704
-0.00151026
-0.00195801
-0.00240464
-0.00280556
-0.00305393
-0.00300452
-0.00246581
-0.0012074
0.000992425
0.00230355
0.00218493
0.00181888
0.00136874
0.000910234
0.000572993
0.000313699
1.43157e-05
-0.000323838
-0.000740628
-0.00121196
-0.00167425
-0.00213318
-0.00258372
-0.0029883
-0.00324386
-0.00320493
-0.00267718
-0.00142668
0.000772502
0.0023181
0.00219656
0.00181083
0.00134338
0.000869774
0.000503995
0.000219676
-0.000103856
-0.000453858
-0.00085104
-0.00133098
-0.00181909
-0.00230255
-0.00276496
-0.00317546
-0.00344141
-0.00341652
-0.00290218
-0.0016595
0.000535411
0.00232332
0.00220364
0.00180034
0.00131409
0.000827129
0.000432551
0.000124351
-0.000218723
-0.000603937
-0.00102247
-0.00148549
-0.00198703
-0.0024856
-0.00295977
-0.00337781
-0.00365603
-0.00364982
-0.00315682
-0.00193433
0.000245429
0.00234295
0.00222719
0.00180513
0.00129258
0.000785099
0.000357635
1.94835e-05
-0.000322908
-0.000688291
-0.00109487
-0.00157048
-0.00209701
-0.00262423
-0.00311911
-0.00354866
-0.00383811
-0.00385344
-0.0033867
-0.0021907
-3.42531e-05
0.00230693
0.0022198
0.00181474
0.00128111
0.00075551
0.000302134
-8.71994e-05
-0.000506524
-0.000923235
-0.00132628
-0.0017835
-0.00230282
-0.00284463
-0.00336034
-0.00379527
-0.00408424
-0.00408775
-0.00361357
-0.0024164
-0.000263574
0.00237083
0.00224409
0.00178774
0.00123355
0.00069359
0.000218587
-0.000144485
-0.000463296
-0.000867851
-0.00129144
-0.00177215
-0.0023094
-0.00289392
-0.00349638
-0.00405269
-0.00446481
-0.00459509
-0.00424407
-0.00315987
-0.00110621
0.00228962
0.00224059
0.00177661
0.00130756
0.000766374
0.000122004
-0.000457489
-0.000896139
-0.00127031
-0.00163233
-0.00206164
-0.00253247
-0.00300552
-0.00340185
-0.00371327
-0.00389945
-0.00388043
-0.00348356
-0.00245834
-0.000535806
0.00241767
0.0022065
0.00176932
0.00119276
0.000613453
0.000140504
-0.000227225
-0.000503066
-0.000910787
-0.00138813
-0.00195017
-0.00260008
-0.00335555
-0.00416543
-0.0049467
-0.00559207
-0.00594588
-0.00580632
-0.00491835
-0.00304272
0.00263816
0.00211446
0.00157168
0.000984092
0.000452489
-0.000148463
-0.000676623
-0.0010571
-0.00143466
-0.00191497
-0.00237979
-0.0027598
-0.00288899
-0.00273945
-0.0022673
-0.00153143
-0.000687211
-1.86445e-05
0.000116332
-0.000614787
0.00261636
0.00214592
0.001576
0.00106343
0.000660305
0.00027488
-7.47927e-05
-0.000437781
-0.000866185
-0.00144891
-0.00217419
-0.00306333
-0.0041034
-0.00520257
-0.00624142
-0.00713827
-0.00774179
-0.00785919
-0.00722995
-0.00561172
0.00277077
0.0021067
0.00148914
0.000946568
0.000551608
4.43704e-05
-0.000513298
-0.00117335
-0.00177255
-0.00217478
-0.00256828
-0.00307042
-0.00349272
-0.00369299
-0.00359939
-0.00321064
-0.00263406
-0.0021285
-0.00206808
-0.00281325
0.00276565
0.00208537
0.00147959
0.00102995
0.000800369
0.00056535
0.000319843
-4.32428e-05
-0.00055081
-0.00133054
-0.0024202
-0.00385162
-0.00554642
-0.0073382
-0.00898748
-0.0102927
-0.0110958
-0.0112232
-0.0104646
-0.00863198
0.0207432
0.00499787
-0.000922068
-0.000381949
0.0010247
0.00189781
0.00240486
0.0027709
0.00313686
0.00351356
0.00387404
0.00430839
0.00490619
0.00553412
0.00607974
0.00659309
0.00716742
0.00778373
0.00836255
0.00895794
0.00961424
0.0102889
0.0109711
0.0117502
0.0126098
0.013454
0.0142467
0.0151202
0.0160326
0.016967
0.0179595
0.0189654
0.019962
0.0209883
0.0221137
0.0232444
0.0244113
0.0255949
0.0268404
0.0281587
0.029511
0.0309709
0.0323761
0.0338888
0.0353773
0.0369255
0.0384743
0.0399169
0.0412286
0.0424629
0.0202872
0.00505238
-0.000877893
-0.000364869
0.00103436
0.00190445
0.00240976
0.00277471
0.00313994
0.00351609
0.00387611
0.00431006
0.00490759
0.00553533
0.0060808
0.006594
0.00716821
0.00778445
0.00836321
0.00895855
0.0096148
0.0102894
0.0109716
0.0117506
0.0126101
0.0134544
0.014247
0.0151205
0.0160328
0.0169673
0.0179597
0.0189656
0.0199622
0.0209885
0.0221139
0.0232445
0.0244114
0.025595
0.0268406
0.0281589
0.0295111
0.030971
0.0323762
0.0338889
0.0353774
0.0369255
0.0384744
0.0399169
0.0412286
0.0424629
0.0198135
0.00514123
-0.00080611
-0.00034219
0.00104484
0.00191137
0.00241464
0.00277835
0.00314281
0.00351845
0.00387801
0.00431159
0.00490888
0.00553645
0.00608176
0.00659482
0.00716892
0.0077851
0.00836381
0.00895909
0.00961529
0.0102898
0.010972
0.0117509
0.0126105
0.0134547
0.0142473
0.0151207
0.0160331
0.0169675
0.0179599
0.0189658
0.0199624
0.0209887
0.022114
0.0232447
0.0244116
0.0255951
0.0268407
0.028159
0.0295112
0.0309712
0.0323763
0.033889
0.0353775
0.0369256
0.0384745
0.039917
0.0412286
0.0424629
0.0193738
0.00526088
-0.000697682
-0.000306856
0.00105891
0.00192004
0.00242051
0.00278253
0.00314604
0.00352108
0.00388012
0.00431326
0.00491029
0.00553767
0.00608279
0.00659568
0.00716966
0.00778576
0.00836441
0.00895962
0.00961578
0.0102903
0.0109724
0.0117513
0.0126108
0.013455
0.0142476
0.015121
0.0160333
0.0169677
0.0179601
0.018966
0.0199625
0.0209888
0.0221142
0.0232448
0.0244117
0.0255953
0.0268408
0.0281591
0.0295113
0.0309713
0.0323764
0.0338891
0.0353776
0.0369257
0.0384746
0.0399171
0.0412287
0.0424628
0.0189492
0.00540079
-0.000558496
-0.000258245
0.00107774
0.00193147
0.00242815
0.00278782
0.00315007
0.00352439
0.00388281
0.00431539
0.00491204
0.00553913
0.00608401
0.00659668
0.0071705
0.0077865
0.00836505
0.0089602
0.00961632
0.0102908
0.0109728
0.0117517
0.0126112
0.0134554
0.0142478
0.0151213
0.0160336
0.016968
0.0179603
0.0189662
0.0199627
0.020989
0.0221143
0.023245
0.0244119
0.0255954
0.026841
0.0281592
0.0295114
0.0309714
0.0323765
0.0338892
0.0353777
0.0369258
0.0384746
0.0399171
0.0412288
0.0424628
0.0185214
0.00554947
-0.000401903
-0.000201066
0.00110025
0.00194554
0.00243772
0.00279443
0.00315511
0.00352861
0.00388636
0.00431824
0.00491431
0.00554093
0.00608549
0.00659792
0.00717151
0.00778734
0.00836578
0.00896084
0.0096169
0.0102913
0.0109733
0.0117521
0.0126116
0.0134558
0.0142482
0.0151215
0.0160339
0.0169682
0.0179606
0.0189665
0.0199629
0.0209892
0.0221145
0.0232451
0.024412
0.0255956
0.0268411
0.0281593
0.0295116
0.0309715
0.0323766
0.0338893
0.0353778
0.0369259
0.0384747
0.0399172
0.0412289
0.0424627
0.0180861
0.00570012
-0.00023588
-0.000139204
0.00112486
0.00196156
0.00244893
0.00280224
0.00316112
0.00353379
0.00389091
0.004322
0.00491725
0.00554314
0.00608731
0.00659947
0.00717275
0.00778833
0.00836662
0.00896158
0.00961757
0.0102919
0.0109739
0.0117526
0.0126121
0.0134562
0.0142485
0.0151218
0.0160342
0.0169685
0.0179608
0.0189667
0.0199632
0.0209894
0.0221147
0.0232453
0.0244122
0.0255957
0.0268412
0.0281595
0.0295117
0.0309716
0.0323767
0.0338894
0.0353779
0.036926
0.0384748
0.0399174
0.0412291
0.0424627
0.0176453
0.00585034
-6.2956e-05
-7.424e-05
0.00115061
0.00197891
0.00246136
0.00281099
0.00316792
0.00353979
0.00389642
0.00432679
0.00492098
0.00554585
0.00608949
0.00660136
0.00717426
0.00778951
0.00836762
0.00896247
0.00961836
0.0102927
0.0109745
0.0117532
0.0126126
0.0134567
0.0142489
0.0151222
0.0160345
0.0169688
0.0179611
0.018967
0.0199634
0.0209896
0.0221149
0.0232455
0.0244123
0.0255958
0.0268414
0.0281596
0.0295118
0.0309717
0.0323769
0.0338895
0.035378
0.0369261
0.038475
0.0399175
0.0412293
0.0424626
0.0172025
0.00599966
0.000116562
-6.56907e-06
0.00117702
0.00199718
0.00247469
0.00282043
0.00317529
0.00354637
0.00390267
0.0043325
0.00492555
0.00554906
0.00609202
0.0066036
0.00717608
0.00779091
0.00836881
0.00896355
0.00961933
0.0102935
0.0109752
0.0117538
0.0126132
0.0134573
0.0142494
0.0151226
0.0160348
0.0169691
0.0179614
0.0189673
0.0199636
0.0209898
0.0221151
0.0232457
0.0244125
0.025596
0.0268415
0.0281597
0.0295119
0.0309719
0.032377
0.0338897
0.0353781
0.0369262
0.0384751
0.0399177
0.0412296
0.0424626
0.0167602
0.00614761
0.00030261
6.37239e-05
0.00120378
0.00201608
0.00248872
0.00283038
0.00318307
0.00355332
0.00390939
0.0043389
0.00493089
0.0055528
0.00609486
0.00660613
0.00717816
0.00779253
0.00837021
0.00896485
0.00962051
0.0102946
0.0109761
0.0117546
0.0126138
0.013458
0.0142499
0.015123
0.0160352
0.0169694
0.0179618
0.0189676
0.0199639
0.02099
0.0221153
0.0232459
0.0244127
0.0255962
0.0268417
0.0281599
0.0295121
0.030972
0.0323771
0.0338898
0.0353783
0.0369264
0.0384753
0.039918
0.04123
0.0424626
0.0163198
0.0062932
0.000494951
0.000136641
0.00123063
0.00203541
0.00250334
0.00284074
0.00319116
0.00356054
0.00391638
0.00434572
0.00493685
0.00555701
0.00609799
0.00660887
0.00718044
0.00779433
0.0083718
0.00896636
0.00962193
0.0102959
0.0109772
0.0117554
0.0126145
0.0134587
0.0142506
0.0151235
0.0160356
0.0169697
0.0179621
0.018968
0.0199643
0.0209903
0.0221156
0.0232462
0.024413
0.0255964
0.0268418
0.02816
0.0295122
0.0309722
0.0323773
0.03389
0.0353784
0.0369265
0.0384755
0.0399183
0.0412306
0.0424626
0.0158822
0.00643528
0.000693276
0.000212239
0.00125735
0.00205496
0.00251846
0.00285146
0.0031995
0.00356795
0.00392354
0.00435276
0.00494323
0.00556163
0.00610135
0.00661176
0.00718286
0.00779628
0.00837355
0.00896806
0.00962355
0.0102974
0.0109786
0.0117563
0.0126152
0.0134595
0.0142513
0.0151241
0.0160361
0.0169701
0.0179625
0.0189683
0.0199646
0.0209906
0.0221159
0.0232465
0.0244132
0.0255966
0.026842
0.0281602
0.0295124
0.0309723
0.0323774
0.0338901
0.0353786
0.0369267
0.0384757
0.0399187
0.0412313
0.0424627
0.0154487
0.00657277
0.000897138
0.000290598
0.00128374
0.00207449
0.00253397
0.00286247
0.00320804
0.00357555
0.00393086
0.00435993
0.00494985
0.00556657
0.00610491
0.00661479
0.00718538
0.00779832
0.00837544
0.00896989
0.00962535
0.0102992
0.0109802
0.0117573
0.0126159
0.0134602
0.0142521
0.0151248
0.0160366
0.0169705
0.0179628
0.0189687
0.019965
0.020991
0.0221162
0.0232468
0.0244136
0.0255969
0.0268422
0.0281603
0.0295125
0.0309725
0.0323776
0.0338903
0.0353788
0.036927
0.038476
0.0399192
0.0412321
0.0424628
0.0150205
0.00670463
0.00110586
0.00037184
0.00130967
0.00209376
0.00254979
0.00287377
0.00321676
0.00358333
0.00393837
0.0043672
0.00495655
0.00557172
0.00610862
0.00661792
0.00718798
0.00780044
0.00837741
0.00897184
0.00962726
0.0103012
0.0109821
0.0117586
0.0126166
0.0134609
0.0142529
0.0151256
0.0160372
0.016971
0.0179631
0.0189691
0.0199654
0.0209914
0.0221165
0.0232471
0.0244139
0.0255972
0.0268425
0.0281605
0.0295127
0.0309726
0.0323777
0.0338904
0.035379
0.0369273
0.0384763
0.0399198
0.0412331
0.0424631
0.0145993
0.00682984
0.00131862
0.000456196
0.0013351
0.00211254
0.00256579
0.00288533
0.00322564
0.00359133
0.00394613
0.00437467
0.00496323
0.00557698
0.00611244
0.00662116
0.00719068
0.00780264
0.00837947
0.00897387
0.00962924
0.0103033
0.0109842
0.01176
0.0126172
0.0134614
0.0142536
0.0151265
0.016038
0.0169715
0.0179635
0.0189694
0.0199659
0.0209918
0.0221169
0.0232475
0.0244143
0.0255976
0.0268428
0.0281607
0.0295128
0.0309728
0.0323779
0.0338906
0.0353792
0.0369275
0.0384767
0.0399205
0.0412344
0.0424635
0.0141868
0.00694756
0.00153458
0.000544042
0.00136011
0.00213066
0.00258191
0.00289716
0.0032347
0.00359961
0.00395429
0.00438248
0.00496984
0.00558227
0.00611635
0.00662452
0.00719349
0.00780493
0.00838161
0.00897598
0.0096313
0.0103055
0.0109864
0.0117616
0.0126178
0.0134619
0.0142543
0.0151274
0.0160388
0.0169721
0.0179638
0.0189696
0.0199663
0.0209923
0.0221173
0.0232478
0.0244148
0.0255981
0.0268432
0.0281609
0.029513
0.030973
0.0323781
0.0338908
0.0353794
0.0369278
0.0384771
0.0399214
0.0412359
0.042464
0.0137844
0.00705725
0.0017531
0.000635879
0.00138486
0.00214799
0.00259809
0.00290931
0.00324397
0.00360823
0.00396298
0.00439081
0.00497642
0.00558756
0.00612033
0.006628
0.00719643
0.00780733
0.0083838
0.00897816
0.00963341
0.0103078
0.0109887
0.0117633
0.0126184
0.0134622
0.014255
0.0151284
0.0160398
0.0169728
0.0179642
0.0189698
0.0199666
0.0209929
0.0221178
0.0232482
0.0244152
0.0255987
0.0268437
0.0281613
0.0295132
0.0309731
0.0323782
0.0338909
0.0353796
0.0369281
0.0384776
0.0399224
0.0412377
0.0424646
0.0133931
0.00715871
0.00197375
0.000732293
0.00140957
0.00216448
0.00261435
0.00292181
0.00325349
0.00361723
0.00397235
0.00439986
0.00498306
0.00559282
0.00612437
0.00663161
0.00719951
0.00780986
0.00838607
0.0089804
0.0096356
0.01031
0.0109911
0.0117651
0.0126189
0.0134623
0.0142555
0.0151294
0.0160408
0.0169735
0.0179646
0.0189699
0.0199669
0.0209934
0.0221183
0.0232485
0.0244157
0.0255993
0.0268442
0.0281616
0.0295134
0.0309733
0.0323784
0.0338911
0.0353797
0.0369284
0.0384781
0.0399235
0.0412397
0.0424654
0.0130133
0.00725182
0.00219635
0.000833911
0.00143447
0.00218009
0.0026307
0.00293474
0.00326331
0.00362659
0.00398247
0.00440973
0.00498988
0.00559807
0.00612849
0.00663535
0.00720273
0.00781253
0.0083884
0.00898269
0.00963786
0.0103124
0.0109935
0.0117669
0.0126194
0.0134623
0.0142561
0.0151303
0.0160418
0.0169744
0.0179651
0.01897
0.0199672
0.020994
0.0221189
0.0232488
0.0244161
0.0255999
0.0268449
0.0281621
0.0295137
0.0309735
0.0323786
0.0338913
0.0353799
0.0369287
0.0384786
0.0399247
0.0412421
0.0424664
0.0126451
0.00733646
0.00242083
0.000941346
0.00145977
0.00219475
0.00264717
0.00294815
0.00327349
0.00363631
0.00399333
0.00442042
0.004997
0.00560336
0.00613272
0.00663922
0.00720611
0.00781535
0.00839079
0.00898503
0.00964022
0.0103148
0.0109959
0.0117688
0.01262
0.0134622
0.0142567
0.0151313
0.0160429
0.0169752
0.0179656
0.0189701
0.0199674
0.0209945
0.0221195
0.0232492
0.0244165
0.0256005
0.0268457
0.0281627
0.029514
0.0309737
0.0323789
0.0338915
0.0353801
0.036929
0.0384791
0.039926
0.0412446
0.0424675
0.0122881
0.00741239
0.00264704
0.00105515
0.00148564
0.00220835
0.00266375
0.00296207
0.00328408
0.00364637
0.00400486
0.00443183
0.00500452
0.00560875
0.0061371
0.00664324
0.00720965
0.00781834
0.00839324
0.00898742
0.00964267
0.0103173
0.0109985
0.0117707
0.0126206
0.0134619
0.0142573
0.0151323
0.0160439
0.0169761
0.0179661
0.0189701
0.0199676
0.020995
0.0221202
0.0232495
0.0244169
0.0256012
0.0268465
0.0281633
0.0295143
0.0309738
0.0323791
0.0338918
0.0353803
0.0369293
0.0384796
0.0399274
0.0412474
0.0424688
0.0119419
0.00747933
0.00287479
0.00117581
0.00151226
0.00222074
0.00268036
0.00297654
0.0032951
0.00365676
0.00401695
0.00444382
0.00501248
0.00561432
0.00614165
0.00664739
0.00721333
0.00782147
0.00839576
0.00898986
0.00964522
0.0103199
0.0110012
0.0117727
0.0126213
0.0134616
0.014258
0.0151334
0.016045
0.0169769
0.0179666
0.0189702
0.0199678
0.0209956
0.0221208
0.0232499
0.0244172
0.0256018
0.0268473
0.028164
0.0295147
0.030974
0.0323793
0.033892
0.0353806
0.0369295
0.0384801
0.0399288
0.0412505
0.0424703
0.0116063
0.00753686
0.00310366
0.00130382
0.00153986
0.00223175
0.0026969
0.00299156
0.00330662
0.00366749
0.00402949
0.00445625
0.00502089
0.00562012
0.00614642
0.00665169
0.00721716
0.00782475
0.00839836
0.00899237
0.00964788
0.0103225
0.0110039
0.0117748
0.0126221
0.0134613
0.0142589
0.0151344
0.0160461
0.0169778
0.017967
0.0189703
0.0199681
0.0209961
0.0221214
0.0232503
0.0244176
0.0256024
0.0268481
0.0281648
0.029515
0.0309741
0.0323795
0.0338923
0.0353808
0.0369298
0.0384806
0.0399302
0.0412537
0.0424719
0.0112816
0.0075848
0.00333302
0.00143958
0.00156879
0.00224122
0.00271317
0.00300713
0.00331866
0.0036786
0.00404243
0.00446901
0.00502974
0.00562619
0.00615144
0.00665614
0.00722114
0.00782815
0.00840105
0.00899497
0.00965064
0.0103253
0.0110068
0.0117771
0.012623
0.0134612
0.0142599
0.0151355
0.0160472
0.0169788
0.0179674
0.0189704
0.0199684
0.0209967
0.022122
0.0232506
0.0244181
0.025603
0.026849
0.0281656
0.0295155
0.0309743
0.0323797
0.0338926
0.0353811
0.0369301
0.0384811
0.0399317
0.041257
0.0424737
0.0109676
0.007623
0.00356206
0.00158342
0.00159952
0.00224906
0.00272896
0.00302323
0.00333127
0.00369012
0.00405573
0.00448206
0.00503901
0.00563255
0.00615671
0.00666077
0.00722527
0.00783169
0.00840386
0.00899768
0.00965352
0.0103282
0.0110098
0.0117796
0.0126241
0.0134612
0.0142611
0.0151367
0.0160483
0.0169797
0.0179677
0.0189706
0.0199688
0.0209973
0.0221226
0.0232509
0.0244185
0.0256037
0.0268499
0.0281664
0.0295159
0.0309744
0.0323799
0.0338929
0.0353815
0.0369304
0.0384817
0.0399332
0.0412605
0.0424755
0.0106648
0.00765155
0.00378977
0.00173552
0.00163266
0.00225518
0.00274402
0.00303985
0.00334451
0.00370209
0.00406937
0.00449539
0.00504868
0.00563922
0.00616225
0.00666558
0.00722955
0.00783534
0.00840679
0.0090005
0.00965651
0.0103311
0.0110129
0.0117823
0.0126253
0.0134613
0.0142625
0.0151379
0.0160494
0.0169807
0.0179681
0.0189707
0.0199693
0.0209981
0.0221231
0.0232513
0.024419
0.0256044
0.0268508
0.0281672
0.0295164
0.0309746
0.0323801
0.0338932
0.0353818
0.0369307
0.0384822
0.0399348
0.0412642
0.0424775
0.0103733
0.00767092
0.00401513
0.00189595
0.00166904
0.00225961
0.00275799
0.00305686
0.00335839
0.00371457
0.0040834
0.00450903
0.00505874
0.0056462
0.00616805
0.0066706
0.00723401
0.00783911
0.00840986
0.00900346
0.0096596
0.0103342
0.011016
0.0117851
0.0126266
0.0134617
0.0142641
0.0151392
0.0160505
0.0169817
0.0179684
0.0189709
0.0199698
0.020999
0.0221236
0.0232516
0.0244196
0.0256051
0.0268517
0.0281681
0.0295169
0.0309747
0.0323804
0.0338936
0.0353821
0.0369311
0.0384828
0.0399365
0.041268
0.0424795
0.0100934
0.00768144
0.00423679
0.00206439
0.00170962
0.00226263
0.00277074
0.00307422
0.00337292
0.00372752
0.00409778
0.00452302
0.0050692
0.00565349
0.00617411
0.00667581
0.00723865
0.00784301
0.00841307
0.00900657
0.0096628
0.0103374
0.0110193
0.0117881
0.0126281
0.0134624
0.0142658
0.0151406
0.0160516
0.0169828
0.0179687
0.0189711
0.0199705
0.0209999
0.0221242
0.023252
0.0244201
0.0256059
0.0268527
0.028169
0.0295175
0.0309749
0.0323806
0.0338939
0.0353824
0.0369314
0.0384835
0.0399382
0.041272
0.0424816
0.00982713
0.00768427
0.00445352
0.00224031
0.00175522
0.00226425
0.00278189
0.00309192
0.0033883
0.00374111
0.00411256
0.00453735
0.00508002
0.00566111
0.00618044
0.00668127
0.00724349
0.00784703
0.00841642
0.0090098
0.00966612
0.0103407
0.0110226
0.0117912
0.0126297
0.0134631
0.0142675
0.0151421
0.0160528
0.0169839
0.0179691
0.0189713
0.0199712
0.021001
0.0221247
0.0232523
0.0244208
0.0256068
0.0268537
0.02817
0.0295181
0.0309751
0.0323808
0.0338942
0.0353828
0.0369318
0.0384842
0.0399401
0.0412761
0.0424838
0.00957033
0.00767962
0.0046636
0.00242308
0.00180735
0.00226507
0.002791
0.00310941
0.00340436
0.00375538
0.00412784
0.00455209
0.00509119
0.00566902
0.00618701
0.00668695
0.00724857
0.00785122
0.00841991
0.00901318
0.00966955
0.0103441
0.0110261
0.0117945
0.0126313
0.0134641
0.0142694
0.0151437
0.016054
0.016985
0.0179696
0.0189715
0.0199719
0.0210021
0.0221254
0.0232527
0.0244214
0.0256076
0.0268548
0.028171
0.0295188
0.0309753
0.0323811
0.0338946
0.0353831
0.0369321
0.038485
0.0399421
0.0412805
0.0424861
0.00932774
0.00766936
0.00486551
0.00261093
0.0018665
0.00226576
0.00279828
0.00312669
0.00342101
0.00377022
0.00414355
0.0045673
0.0051028
0.0056773
0.00619384
0.00669285
0.00725386
0.00785556
0.00842354
0.00901669
0.00967311
0.0103476
0.0110296
0.0117979
0.0126331
0.0134652
0.0142713
0.0151454
0.0160552
0.0169862
0.0179701
0.0189717
0.0199728
0.0210033
0.022126
0.0232532
0.0244221
0.0256086
0.026856
0.028172
0.0295195
0.0309755
0.0323813
0.033895
0.0353834
0.0369325
0.0384858
0.0399442
0.041285
0.0424886
0.00910322
0.0076559
0.00505913
0.00280316
0.00193304
0.00226613
0.00280316
0.00314368
0.00343865
0.00378591
0.00415972
0.00458283
0.00511473
0.00568592
0.00620097
0.00669903
0.00725941
0.00786006
0.00842728
0.00902032
0.0096768
0.0103513
0.0110333
0.0118013
0.0126349
0.0134664
0.0142733
0.0151472
0.0160565
0.0169875
0.0179707
0.0189719
0.0199736
0.0210045
0.0221268
0.0232537
0.0244228
0.0256095
0.0268571
0.0281731
0.0295203
0.0309758
0.0323817
0.0338954
0.0353838
0.0369329
0.0384866
0.0399464
0.0412897
0.0424911
0.00889222
0.00763808
0.00524246
0.00299983
0.00200963
0.00226777
0.00280525
0.00315927
0.00345665
0.00380237
0.00417648
0.0045988
0.005127
0.00569483
0.00620831
0.00670543
0.0072652
0.00786474
0.00843115
0.00902407
0.00968062
0.0103551
0.0110371
0.0118049
0.0126368
0.0134677
0.0142754
0.0151491
0.0160578
0.0169888
0.0179713
0.0189722
0.0199746
0.0210058
0.0221276
0.0232542
0.0244236
0.0256105
0.0268583
0.0281743
0.0295211
0.0309761
0.032382
0.0338959
0.0353841
0.0369333
0.0384876
0.0399487
0.0412946
0.0424938
0.0087083
0.00762134
0.0054147
0.00319781
0.00209548
0.00227183
0.00280569
0.00317397
0.00347528
0.00381975
0.00419393
0.00461537
0.00513977
0.00570417
0.00621598
0.00671209
0.00727124
0.0078696
0.00843515
0.00902797
0.0096846
0.010359
0.0110409
0.0118085
0.0126388
0.0134691
0.0142776
0.0151511
0.0160592
0.0169902
0.017972
0.0189724
0.0199755
0.0210071
0.0221284
0.0232548
0.0244244
0.0256116
0.0268596
0.0281755
0.0295219
0.0309764
0.0323824
0.0338964
0.0353845
0.0369338
0.0384886
0.0399511
0.0412997
0.0424966
0.00853028
0.00760422
0.00557624
0.00339539
0.00218947
0.0022776
0.0028036
0.00318739
0.0034946
0.00383816
0.00421197
0.00463225
0.0051529
0.00571393
0.00622401
0.00671909
0.00727756
0.00787467
0.0084393
0.00903199
0.00968871
0.010363
0.0110449
0.0118123
0.0126409
0.0134705
0.0142798
0.0151531
0.0160606
0.0169916
0.0179728
0.0189727
0.0199766
0.0210085
0.0221293
0.0232554
0.0244252
0.0256126
0.0268609
0.0281767
0.0295228
0.0309768
0.0323829
0.0338969
0.0353848
0.0369342
0.0384897
0.0399536
0.0413049
0.0424995
0.00835435
0.00758342
0.005725
0.00359312
0.00229436
0.00228674
0.00279811
0.00319755
0.00351315
0.00385711
0.00423058
0.00464951
0.00516632
0.00572392
0.00623219
0.00672624
0.00728404
0.00787988
0.00844357
0.00903614
0.00969295
0.0103672
0.011049
0.0118161
0.012643
0.0134721
0.0142822
0.0151552
0.0160621
0.0169931
0.0179736
0.018973
0.0199776
0.0210099
0.0221302
0.0232561
0.024426
0.0256137
0.0268622
0.028178
0.0295237
0.0309772
0.0323833
0.0338974
0.0353852
0.0369347
0.0384908
0.0399562
0.0413103
0.0425026
0.00822045
0.00757138
0.00586243
0.00378686
0.00240834
0.00230174
0.00279264
0.00320652
0.00353229
0.00387747
0.0042503
0.00466753
0.00518028
0.00573442
0.00624084
0.00673374
0.00729084
0.00788533
0.00844799
0.00904044
0.00969735
0.0103715
0.0110533
0.01182
0.0126452
0.0134737
0.0142846
0.0151574
0.0160637
0.0169947
0.0179745
0.0189733
0.0199788
0.0210113
0.0221312
0.0232568
0.0244269
0.0256149
0.0268636
0.0281794
0.0295247
0.0309776
0.0323838
0.033898
0.0353856
0.0369352
0.0384921
0.0399589
0.041316
0.0425058
0.00808591
0.00756165
0.00598889
0.00397511
0.00252915
0.00232208
0.00278598
0.00321316
0.0035511
0.00389881
0.0042709
0.00468602
0.00519476
0.00574549
0.00624994
0.00674165
0.00729794
0.00789103
0.00845261
0.00904488
0.00970191
0.0103759
0.0110576
0.011824
0.0126475
0.0134754
0.0142871
0.0151596
0.0160653
0.0169964
0.0179753
0.0189736
0.0199799
0.0210128
0.0221322
0.0232575
0.0244278
0.0256161
0.026865
0.0281807
0.0295257
0.0309781
0.0323843
0.0338986
0.035386
0.0369357
0.0384934
0.0399617
0.0413217
0.0425093
0.00794547
0.00755031
0.0061042
0.00415891
0.00265769
0.00234821
0.00277638
0.0032148
0.00356724
0.00392006
0.00429207
0.00470483
0.00520942
0.00575664
0.0062591
0.0067496
0.00730511
0.00789683
0.00845736
0.00904946
0.00970657
0.0103804
0.0110621
0.0118281
0.0126499
0.0134771
0.0142896
0.0151619
0.016067
0.016998
0.0179763
0.018974
0.0199811
0.0210143
0.0221333
0.0232583
0.0244287
0.0256173
0.0268665
0.0281821
0.0295267
0.0309786
0.0323849
0.0338992
0.0353865
0.0369363
0.0384948
0.0399647
0.0413277
0.0425128
0.00787418
0.00755613
0.00621235
0.00433438
0.0027914
0.00238364
0.00277024
0.00321596
0.00358371
0.00394292
0.00431475
0.00472461
0.00522466
0.00576843
0.00626887
0.00675806
0.0073127
0.00790293
0.00846229
0.00905419
0.00971138
0.0103851
0.0110666
0.0118323
0.0126523
0.013479
0.0142923
0.0151643
0.0160688
0.0169998
0.0179773
0.0189745
0.0199824
0.0210158
0.0221344
0.0232591
0.0244297
0.0256186
0.026868
0.0281836
0.0295277
0.0309791
0.0323854
0.0338998
0.0353869
0.0369369
0.0384963
0.0399677
0.0413339
0.0425166
0.00779963
0.00756341
0.00630868
0.00450001
0.00292905
0.00242819
0.00276571
0.00321421
0.0035979
0.00396596
0.00433863
0.0047453
0.00524069
0.00578091
0.00627916
0.00676694
0.00732061
0.0079093
0.00846746
0.00905913
0.00971639
0.01039
0.0110714
0.0118367
0.0126549
0.0134809
0.014295
0.0151668
0.0160707
0.0170016
0.0179783
0.0189749
0.0199836
0.0210174
0.0221355
0.0232599
0.0244308
0.02562
0.0268696
0.0281851
0.0295288
0.0309796
0.032386
0.0339005
0.0353875
0.0369376
0.0384979
0.0399708
0.0413402
0.0425205
0.00771565
0.00756876
0.00639461
0.00465615
0.00306808
0.00247901
0.00276009
0.00320718
0.00360782
0.00398795
0.00436301
0.0047664
0.00525686
0.00579334
0.00628941
0.00677582
0.00732855
0.00791577
0.00847275
0.00906419
0.0097215
0.0103949
0.0110762
0.011841
0.0126576
0.0134829
0.0142978
0.0151693
0.0160726
0.0170035
0.0179793
0.0189755
0.0199849
0.021019
0.0221367
0.0232608
0.0244319
0.0256214
0.0268712
0.0281866
0.02953
0.0309802
0.0323866
0.0339012
0.035388
0.0369383
0.0384996
0.039974
0.0413467
0.0425246
0.00773912
0.00759911
0.0064792
0.00480186
0.00320626
0.00253923
0.00276138
0.00320126
0.00361736
0.00401063
0.00438882
0.00478871
0.0052737
0.00580644
0.00630034
0.0067853
0.007337
0.00792257
0.00847824
0.00906936
0.00972672
0.0104
0.0110812
0.0118455
0.0126604
0.0134851
0.0143007
0.0151719
0.0160746
0.0170054
0.0179805
0.0189761
0.0199863
0.0210207
0.0221379
0.0232617
0.024433
0.0256228
0.0268729
0.0281882
0.0295311
0.0309808
0.0323873
0.0339019
0.0353886
0.036939
0.0385015
0.0399773
0.0413534
0.042529
0.00776696
0.00763509
0.00655621
0.00493846
0.0033466
0.0026104
0.00276819
0.00319367
0.00362296
0.00403164
0.00441548
0.00481241
0.00529174
0.00582037
0.00631181
0.00679517
0.0073457
0.00792961
0.00848395
0.00907477
0.00973222
0.0104054
0.0110863
0.0118502
0.0126633
0.0134873
0.0143037
0.0151746
0.0160766
0.0170074
0.0179816
0.0189767
0.0199877
0.0210224
0.0221392
0.0232627
0.0244342
0.0256243
0.0268746
0.0281899
0.0295323
0.0309815
0.0323879
0.0339026
0.0353892
0.0369399
0.0385034
0.0399807
0.0413603
0.0425335
0.00776449
0.00766931
0.00662929
0.00506653
0.00348245
0.00268506
0.00277716
0.00318343
0.00362488
0.00405104
0.00444258
0.00483703
0.0053103
0.0058344
0.00632326
0.00680508
0.00735458
0.0079369
0.0084899
0.00908037
0.0097378
0.0104108
0.0110915
0.0118548
0.0126662
0.0134896
0.0143068
0.0151773
0.0160788
0.0170095
0.0179829
0.0189774
0.0199892
0.0210241
0.0221405
0.0232637
0.0244355
0.0256258
0.0268764
0.0281916
0.0295336
0.0309821
0.0323886
0.0339034
0.0353899
0.0369407
0.0385055
0.0399842
0.0413674
0.0425382
0.00776976
0.0077138
0.00670048
0.00518224
0.0036106
0.00276359
0.00279331
0.00317587
0.00362562
0.00406886
0.00446954
0.00486242
0.00532963
0.00584911
0.00633532
0.00681557
0.00736393
0.00794443
0.00849596
0.00908601
0.00974346
0.0104163
0.0110969
0.0118597
0.0126694
0.0134921
0.0143099
0.0151801
0.016081
0.0170116
0.0179842
0.0189782
0.0199907
0.0210259
0.0221419
0.0232648
0.0244368
0.0256274
0.0268783
0.0281933
0.0295349
0.0309828
0.0323894
0.0339042
0.0353906
0.0369416
0.0385077
0.0399879
0.0413746
0.0425432
0.00776336
0.00775793
0.00676738
0.00529074
0.00373635
0.00284932
0.00281708
0.00316948
0.00362294
0.00408363
0.00449619
0.00488914
0.00535052
0.00586496
0.00634798
0.00682631
0.00737336
0.0079521
0.00850229
0.00909198
0.00974943
0.0104221
0.0111025
0.0118646
0.0126726
0.0134946
0.0143132
0.015183
0.0160833
0.0170138
0.0179856
0.0189791
0.0199923
0.0210278
0.0221433
0.0232659
0.0244381
0.0256291
0.0268802
0.0281951
0.0295362
0.0309836
0.0323902
0.0339051
0.0353914
0.0369426
0.03851
0.0399916
0.041382
0.0425484
0.00774546
0.00780224
0.00683685
0.00539675
0.00385832
0.00293576
0.00284482
0.00316422
0.00361865
0.00409679
0.00452281
0.00491687
0.00537247
0.00588137
0.00636082
0.00683722
0.00738318
0.0079603
0.00850903
0.00909816
0.00975545
0.010428
0.0111081
0.0118696
0.012676
0.0134973
0.0143165
0.015186
0.0160858
0.0170161
0.017987
0.01898
0.0199939
0.0210297
0.0221449
0.0232671
0.0244396
0.0256308
0.0268822
0.028197
0.0295376
0.0309844
0.032391
0.0339059
0.0353922
0.0369437
0.0385125
0.0399955
0.0413896
0.0425538
0.00771087
0.00785021
0.00690871
0.00549586
0.00397219
0.00302171
0.00287903
0.00316317
0.00361381
0.00410746
0.00454792
0.00494461
0.00539519
0.00589873
0.0063745
0.0068488
0.00739344
0.00796863
0.00851573
0.00910431
0.00976159
0.0104341
0.011114
0.0118748
0.0126795
0.0135001
0.01432
0.0151891
0.0160883
0.0170185
0.0179885
0.018981
0.0199956
0.0210316
0.0221464
0.0232684
0.0244411
0.0256325
0.0268842
0.0281989
0.0295391
0.0309852
0.0323918
0.0339069
0.0353931
0.0369448
0.0385151
0.0399995
0.0413973
0.0425595
0.00766201
0.00789691
0.00697854
0.00558843
0.00408107
0.0031089
0.00291909
0.00316542
0.00360738
0.00411518
0.00457148
0.00497269
0.00541933
0.00591756
0.00638897
0.00686049
0.00740356
0.00797697
0.00852274
0.0091109
0.00976805
0.0104403
0.01112
0.0118801
0.0126831
0.0135031
0.0143235
0.0151923
0.0160909
0.017021
0.0179901
0.0189821
0.0199973
0.0210336
0.022148
0.0232697
0.0244426
0.0256343
0.0268863
0.0282008
0.0295406
0.0309861
0.0323927
0.0339078
0.0353941
0.036946
0.0385178
0.0400037
0.0414052
0.0425655
0.00760527
0.00794026
0.00704788
0.00567871
0.00418652
0.00319483
0.00296202
0.00317057
0.00360082
0.00412106
0.00459383
0.00500094
0.00544445
0.00593727
0.00640383
0.00687239
0.00741414
0.00798595
0.00853023
0.00911766
0.00977451
0.0104466
0.0111261
0.0118855
0.0126869
0.0135062
0.0143272
0.0151956
0.0160936
0.0170235
0.0179918
0.0189833
0.0199992
0.0210357
0.0221498
0.023271
0.0244443
0.0256362
0.0268885
0.0282029
0.0295421
0.030987
0.0323936
0.0339088
0.0353951
0.0369473
0.0385207
0.040008
0.0414133
0.0425717
0.00753665
0.00797857
0.00711858
0.00576632
0.00428607
0.00327748
0.00300814
0.00318047
0.00359537
0.00412529
0.0046144
0.00502836
0.00546984
0.00595802
0.0064199
0.00688524
0.00742525
0.00799502
0.00853762
0.00912444
0.00978118
0.0104532
0.0111324
0.011891
0.0126908
0.0135094
0.014331
0.015199
0.0160964
0.0170262
0.0179936
0.0189845
0.020001
0.0210378
0.0221515
0.0232724
0.024446
0.0256382
0.0268907
0.0282049
0.0295437
0.030988
0.0323945
0.0339098
0.0353963
0.0369486
0.0385238
0.0400124
0.0414215
0.0425782
0.00746035
0.00801114
0.00718937
0.00584982
0.00438054
0.00335807
0.00305734
0.00319481
0.00359085
0.00412757
0.00463277
0.00505478
0.0054959
0.00598046
0.00643735
0.00689847
0.00743619
0.00800404
0.0085453
0.00913164
0.00978813
0.01046
0.0111388
0.0118967
0.0126949
0.0135128
0.0143349
0.0152025
0.0160993
0.0170289
0.0179954
0.0189859
0.020003
0.02104
0.0221534
0.0232739
0.0244477
0.0256402
0.026893
0.0282071
0.0295454
0.030989
0.0323956
0.0339109
0.0353974
0.0369501
0.038527
0.040017
0.0414299
0.0425849
0.00737886
0.00803706
0.00725909
0.00593066
0.00447181
0.00343643
0.00310766
0.00321278
0.0035874
0.00412825
0.00464947
0.00508059
0.00552239
0.00600391
0.00645553
0.00691201
0.00744753
0.00801363
0.0085534
0.00913896
0.00979508
0.0104668
0.0111455
0.0119025
0.0126991
0.0135163
0.0143389
0.0152062
0.0161024
0.0170317
0.0179974
0.0189874
0.020005
0.0210422
0.0221553
0.0232755
0.0244496
0.0256423
0.0268954
0.0282093
0.0295471
0.0309901
0.0323966
0.033912
0.0353987
0.0369516
0.0385304
0.0400217
0.0414384
0.042592
0.00729956
0.00805612
0.00732732
0.00600993
0.0045596
0.00351132
0.00315809
0.00323433
0.00358584
0.00412831
0.00466494
0.00510523
0.00554824
0.00602786
0.00647492
0.00692673
0.00745958
0.00802338
0.00856139
0.00914634
0.00980229
0.0104739
0.0111522
0.0119085
0.0127036
0.0135201
0.0143431
0.0152099
0.0161056
0.0170346
0.0179994
0.018989
0.0200072
0.0210446
0.0221573
0.0232772
0.0244516
0.0256444
0.0268979
0.0282115
0.0295489
0.0309913
0.0323977
0.0339132
0.0354001
0.0369532
0.038534
0.0400266
0.0414471
0.0425994
0.0072254
0.00806792
0.00739316
0.00608707
0.00464351
0.00358285
0.0032083
0.00325946
0.00358678
0.00412778
0.00467859
0.00512811
0.00557343
0.00605287
0.00649604
0.00694239
0.00747171
0.00803313
0.00856965
0.00915407
0.00980969
0.0104811
0.0111592
0.0119146
0.0127081
0.0135239
0.0143474
0.0152138
0.0161089
0.0170377
0.0180016
0.0189906
0.0200094
0.0210469
0.0221594
0.0232789
0.0244536
0.0256466
0.0269004
0.0282139
0.0295508
0.0309925
0.0323988
0.0339144
0.0354015
0.036955
0.0385377
0.0400316
0.0414559
0.042607
0.00716075
0.00807402
0.00745504
0.00616185
0.00472425
0.00365128
0.00325769
0.00328772
0.00359007
0.00412639
0.00469062
0.00514984
0.00559822
0.00607851
0.00651814
0.00695867
0.00748441
0.00804346
0.00857821
0.00916182
0.00981714
0.0104885
0.0111663
0.0119208
0.0127129
0.013528
0.0143518
0.0152178
0.0161123
0.0170408
0.0180039
0.0189925
0.0200117
0.0210494
0.0221616
0.0232807
0.0244557
0.0256489
0.026903
0.0282163
0.0295527
0.0309937
0.0324
0.0339157
0.0354031
0.0369568
0.0385416
0.0400368
0.0414649
0.042615
0.00710934
0.008076
0.00751152
0.00623418
0.00480226
0.00371684
0.00330575
0.00331827
0.00359559
0.00412467
0.00470171
0.00517063
0.00562196
0.00610396
0.00654124
0.00697623
0.00749799
0.00805405
0.0085867
0.00916963
0.0098248
0.0104961
0.0111735
0.0119272
0.0127178
0.0135323
0.0143564
0.0152219
0.0161159
0.0170441
0.0180063
0.0189944
0.0200141
0.0210519
0.0221638
0.0232826
0.0244579
0.0256513
0.0269057
0.0282187
0.0295547
0.030995
0.0324013
0.0339171
0.0354047
0.0369588
0.0385456
0.0400422
0.041474
0.0426232
0.00706962
0.00807513
0.0075608
0.00630308
0.00487821
0.00378002
0.00335146
0.00335013
0.00360371
0.00412314
0.00471188
0.00519026
0.00564435
0.0061292
0.00656558
0.00699495
0.00751201
0.00806494
0.00859553
0.00917766
0.00983255
0.0105037
0.011181
0.0119338
0.012723
0.0135367
0.0143611
0.0152262
0.0161196
0.0170474
0.0180088
0.0189964
0.0200165
0.0210545
0.0221662
0.0232846
0.0244602
0.0256538
0.0269085
0.0282213
0.0295567
0.0309964
0.0324026
0.0339185
0.0354065
0.0369609
0.0385499
0.0400477
0.0414833
0.0426318
0.00704224
0.00807327
0.00760166
0.00636825
0.00495251
0.00384013
0.00339375
0.00338326
0.00361499
0.00412196
0.00472094
0.00520866
0.00566546
0.00615413
0.00659067
0.00701463
0.0075269
0.00807653
0.00860463
0.00918564
0.00984031
0.0105116
0.0111886
0.0119405
0.0127283
0.0135414
0.014366
0.0152306
0.0161235
0.0170509
0.0180114
0.0189987
0.0200191
0.0210572
0.0221687
0.0232867
0.0244626
0.0256563
0.0269114
0.0282239
0.0295589
0.0309979
0.032404
0.03392
0.0354084
0.0369632
0.0385543
0.0400535
0.0414927
0.0426407
0.00702455
0.00807233
0.00763432
0.00642814
0.00502401
0.00389751
0.00343311
0.00341745
0.00362906
0.00412061
0.0047287
0.00522631
0.00568563
0.00617848
0.00661624
0.00703539
0.00754279
0.00808857
0.00861378
0.00919372
0.00984824
0.0105195
0.0111963
0.0119474
0.0127338
0.0135462
0.014371
0.0152352
0.0161275
0.0170545
0.0180141
0.019001
0.0200218
0.02106
0.0221712
0.0232889
0.0244651
0.0256589
0.0269143
0.0282266
0.0295611
0.0309994
0.0324054
0.0339216
0.0354103
0.0369656
0.0385588
0.0400594
0.0415023
0.0426499
0.00701317
0.00807424
0.00765854
0.0064802
0.00509284
0.0039539
0.00346927
0.00345108
0.0036453
0.00411931
0.00473594
0.00524387
0.00570456
0.00620164
0.00664207
0.00705704
0.0075594
0.00810135
0.00862345
0.00920193
0.00985618
0.0105275
0.0112041
0.0119545
0.0127396
0.0135513
0.0143762
0.0152399
0.0161317
0.0170582
0.018017
0.0190035
0.0200246
0.0210629
0.0221739
0.0232912
0.0244678
0.0256617
0.0269173
0.0282294
0.0295633
0.0310011
0.0324069
0.0339232
0.0354125
0.0369681
0.0385636
0.0400656
0.041512
0.0426594
0.00700314
0.00807957
0.00767473
0.00652351
0.00515911
0.00400975
0.00350138
0.00348292
0.00366422
0.00411906
0.00474251
0.00526059
0.00572196
0.00622382
0.00666816
0.00707941
0.00757689
0.00811507
0.00863359
0.00921003
0.00986403
0.0105357
0.0112121
0.0119617
0.0127455
0.0135566
0.0143816
0.0152448
0.016136
0.0170621
0.0180201
0.0190061
0.0200275
0.0210658
0.0221767
0.0232937
0.0244705
0.0256645
0.0269205
0.0282322
0.0295657
0.0310028
0.0324085
0.0339249
0.0354147
0.0369708
0.0385685
0.0400719
0.0415218
0.0426693
0.00698908
0.00808803
0.00768492
0.00655736
0.00522131
0.004065
0.00352935
0.00351254
0.00368617
0.00411946
0.00474748
0.0052769
0.0057387
0.00624502
0.00669406
0.00710229
0.0075953
0.0081295
0.00864405
0.00921838
0.00987201
0.0105438
0.0112203
0.0119692
0.0127517
0.0135621
0.0143871
0.0152499
0.0161406
0.017066
0.0180233
0.019009
0.0200306
0.0210689
0.0221796
0.0232962
0.0244734
0.0256674
0.0269237
0.0282352
0.0295681
0.0310046
0.0324101
0.0339268
0.035417
0.0369737
0.0385736
0.0400784
0.0415318
0.0426794
0.00696706
0.00809851
0.00769133
0.00658113
0.00527747
0.00412013
0.00355414
0.0035391
0.00371042
0.00412038
0.00475121
0.00529349
0.00575451
0.00626451
0.00671982
0.00712563
0.00761418
0.00814489
0.0086553
0.0092269
0.00987996
0.0105519
0.0112284
0.0119768
0.0127581
0.0135679
0.0143929
0.0152552
0.0161453
0.0170701
0.0180266
0.0190119
0.0200338
0.0210721
0.0221827
0.0232989
0.0244763
0.0256704
0.026927
0.0282382
0.0295707
0.0310065
0.0324118
0.0339287
0.0354195
0.0369767
0.0385788
0.0400852
0.041542
0.0426899
0.00693477
0.00810938
0.00769636
0.0065951
0.00532566
0.00417562
0.00357692
0.00356083
0.00373622
0.00412277
0.0047534
0.00530983
0.00576963
0.00628259
0.00674543
0.00714908
0.00763339
0.00816138
0.00866735
0.00923535
0.00988785
0.0105603
0.0112367
0.0119845
0.0127648
0.0135739
0.0143988
0.0152607
0.0161502
0.0170744
0.0180301
0.019015
0.020037
0.0210754
0.0221859
0.0233017
0.0244794
0.0256735
0.0269305
0.0282414
0.0295733
0.0310085
0.0324135
0.0339308
0.0354221
0.03698
0.0385843
0.0400921
0.0415523
0.0427006
0.00689151
0.00811779
0.00770166
0.00660059
0.00536431
0.00423083
0.00359857
0.00357676
0.00376286
0.00412712
0.0047537
0.00532603
0.00578472
0.00629886
0.00677034
0.00717278
0.00765295
0.00817862
0.00868009
0.00924417
0.00989583
0.0105686
0.011245
0.0119923
0.0127716
0.0135802
0.014405
0.0152664
0.0161553
0.0170788
0.0180338
0.0190184
0.0200405
0.0210787
0.0221892
0.0233047
0.0244827
0.0256767
0.026934
0.0282446
0.029576
0.0310107
0.0324154
0.033933
0.0354249
0.0369834
0.0385899
0.0400992
0.0415627
0.0427117
0.00683774
0.00812081
0.00770809
0.00659983
0.00539195
0.00428423
0.00362045
0.00358658
0.00378924
0.00413395
0.00475203
0.00534167
0.00579989
0.00631323
0.00679478
0.0071968
0.0076722
0.00819659
0.00869404
0.00925326
0.00990376
0.0105769
0.0112534
0.0120004
0.0127786
0.0135866
0.0144114
0.0152723
0.0161605
0.0170833
0.0180377
0.0190219
0.0200441
0.0210823
0.0221926
0.0233078
0.0244861
0.02568
0.0269376
0.0282479
0.0295788
0.0310129
0.0324173
0.0339353
0.0354278
0.036987
0.0385957
0.0401066
0.0415734
0.0427231
0.00677543
0.00811679
0.00771519
0.00659499
0.00540802
0.00433368
0.00364385
0.0035903
0.00381376
0.00414375
0.00474821
0.00535613
0.00581588
0.006326
0.0068183
0.00722098
0.00769095
0.00821512
0.00870929
0.0092626
0.00991159
0.0105854
0.0112617
0.0120084
0.012786
0.0135934
0.0144178
0.0152784
0.016166
0.017088
0.0180417
0.0190256
0.0200478
0.021086
0.0221962
0.023311
0.0244896
0.0256835
0.0269414
0.0282513
0.0295817
0.0310153
0.0324194
0.0339377
0.0354309
0.0369908
0.0386017
0.0401142
0.0415842
0.0427348
0.00670796
0.00810414
0.00772152
0.00658856
0.00541258
0.00437647
0.00366996
0.00358891
0.00383417
0.00415662
0.00474312
0.0053689
0.00583286
0.006337
0.00684034
0.00724571
0.00770939
0.00823356
0.00872559
0.0092726
0.00991943
0.0105939
0.0112703
0.0120164
0.0127934
0.0136005
0.0144247
0.0152848
0.0161716
0.0170928
0.018046
0.0190295
0.0200517
0.0210898
0.0221999
0.0233145
0.0244932
0.0256871
0.0269452
0.0282549
0.0295847
0.0310178
0.0324215
0.0339403
0.0354341
0.0369948
0.038608
0.0401219
0.0415951
0.0427467
0.00663744
0.00808243
0.00772511
0.00658205
0.00540659
0.00441001
0.00369915
0.00358368
0.00384861
0.00417239
0.00473743
0.00537907
0.00585088
0.00634677
0.00686061
0.00727101
0.00772748
0.00825158
0.008743
0.00928325
0.00992728
0.0106027
0.0112789
0.0120246
0.012801
0.0136076
0.0144318
0.0152915
0.0161774
0.0170978
0.0180505
0.0190336
0.0200558
0.0210937
0.0222038
0.0233181
0.024497
0.0256908
0.0269491
0.0282586
0.0295878
0.0310205
0.0324237
0.0339429
0.0354375
0.0369989
0.0386144
0.0401299
0.0416062
0.042759
0.00656542
0.00805247
0.00772321
0.00657563
0.00539289
0.00443223
0.00372975
0.00357656
0.00385602
0.00419007
0.00473167
0.00538608
0.00587015
0.00635596
0.00687856
0.0072965
0.00774539
0.00826893
0.00876147
0.00929478
0.00993484
0.0106116
0.0112878
0.0120327
0.0128088
0.0136151
0.0144389
0.0152984
0.0161837
0.0171029
0.0180551
0.0190378
0.02006
0.0210979
0.0222078
0.0233219
0.024501
0.0256947
0.0269532
0.0282623
0.029591
0.0310233
0.032426
0.0339458
0.035441
0.0370033
0.038621
0.0401381
0.0416175
0.0427715
0.00649354
0.00801536
0.00771357
0.00656895
0.00537377
0.0044414
0.00375967
0.00356986
0.00385567
0.00420807
0.00472704
0.00538946
0.00589009
0.00636528
0.0068939
0.00732193
0.00776339
0.0082853
0.00878064
0.00930748
0.00994228
0.0106203
0.0112972
0.012041
0.0128166
0.0136229
0.0144464
0.0153054
0.0161899
0.0171084
0.01806
0.0190423
0.0200644
0.0211021
0.022212
0.0233259
0.0245051
0.0256987
0.0269574
0.0282662
0.0295943
0.0310262
0.0324285
0.0339489
0.0354448
0.0370079
0.0386278
0.0401465
0.0416289
0.0427843
0.00642119
0.0079725
0.00769533
0.00656017
0.00535102
0.0044371
0.00378656
0.00356509
0.00384731
0.00422487
0.00472455
0.00538893
0.00590984
0.00637548
0.00690658
0.00734684
0.00778181
0.00830041
0.0087999
0.00932156
0.00995003
0.0106288
0.0113067
0.0120495
0.0128246
0.0136308
0.0144541
0.0153128
0.0161962
0.0171138
0.0180653
0.0190471
0.0200691
0.0211065
0.0222164
0.02333
0.0245094
0.0257028
0.0269616
0.0282703
0.0295978
0.0310293
0.0324309
0.033952
0.0354487
0.0370127
0.0386348
0.0401551
0.0416405
0.0427973
0.00634695
0.00792512
0.00766801
0.00654655
0.00532681
0.00442053
0.00380649
0.00356324
0.00383216
0.00423831
0.00472471
0.00538497
0.00592851
0.00638689
0.00691676
0.00737081
0.00780079
0.00831427
0.00881871
0.00933698
0.00995826
0.0106373
0.0113166
0.012058
0.0128325
0.013639
0.014462
0.0153205
0.0162031
0.0171195
0.0180704
0.019052
0.0200741
0.0211113
0.0222209
0.0233343
0.0245139
0.0257072
0.026966
0.0282744
0.0296014
0.0310326
0.0324337
0.0339553
0.0354528
0.0370177
0.038642
0.040164
0.0416522
0.0428106
0.00626985
0.0078737
0.00763201
0.00652599
0.00530179
0.00439334
0.00381601
0.00356449
0.00381239
0.00424587
0.00472713
0.00537876
0.00594542
0.00639974
0.0069244
0.0073931
0.00782062
0.0083273
0.00883662
0.00935324
0.00996714
0.0106456
0.011327
0.0120671
0.0128401
0.0136471
0.0144703
0.0153284
0.01621
0.0171256
0.0180761
0.019057
0.020079
0.0211162
0.0222258
0.0233389
0.0245185
0.0257116
0.0269706
0.0282787
0.0296051
0.031036
0.0324365
0.0339589
0.0354571
0.0370228
0.0386494
0.040173
0.0416641
0.0428242
0.00618725
0.00781752
0.00758866
0.00649654
0.00527503
0.00435796
0.00381302
0.00356739
0.00378982
0.00424671
0.00473095
0.00537028
0.0059599
0.00641501
0.00693032
0.0074125
0.00784082
0.00833996
0.00885342
0.00937016
0.00997678
0.0106537
0.0113375
0.0120769
0.0128483
0.0136551
0.0144784
0.0153365
0.0162171
0.0171318
0.0180821
0.0190625
0.0200843
0.0211211
0.0222306
0.0233437
0.0245235
0.0257164
0.0269752
0.0282831
0.029609
0.0310396
0.0324394
0.0339625
0.0354617
0.0370282
0.038657
0.0401821
0.0416761
0.042838
0.00609816
0.0077553
0.00753897
0.00645721
0.00524437
0.00431726
0.00379643
0.00356885
0.00376654
0.00424076
0.00473578
0.00536003
0.00597011
0.00643241
0.00693597
0.00742927
0.00786078
0.00835184
0.00886888
0.00938764
0.00998772
0.0106619
0.0113478
0.0120871
0.0128568
0.0136636
0.0144868
0.0153445
0.0162244
0.0171383
0.0180882
0.0190682
0.0200902
0.0211266
0.0222356
0.0233485
0.0245284
0.0257213
0.0269801
0.0282877
0.029613
0.0310434
0.0324425
0.0339663
0.0354663
0.0370338
0.038665
0.0401916
0.0416882
0.0428519
0.0060022
0.00768543
0.00748296
0.00640795
0.00520739
0.00427278
0.00376653
0.00356584
0.00374408
0.00422773
0.00474022
0.00535033
0.0059758
0.00644996
0.00694114
0.00744347
0.00788136
0.00836362
0.00888232
0.00940456
0.00999977
0.0106708
0.0113582
0.0120977
0.0128654
0.0136718
0.0144957
0.0153532
0.0162316
0.0171449
0.0180946
0.0190739
0.020096
0.0211323
0.0222412
0.0233538
0.0245335
0.0257261
0.0269849
0.0282925
0.0296173
0.0310473
0.0324458
0.0339704
0.0354712
0.0370394
0.0386729
0.0402012
0.0417007
0.0428661
0.00589943
0.00760635
0.0074199
0.0063495
0.00516187
0.00422454
0.00372441
0.00355565
0.00372309
0.00420833
0.0047425
0.00534154
0.00597761
0.00646794
0.0069462
0.00745322
0.00790119
0.00837672
0.00889502
0.00942074
0.0100121
0.01068
0.0113686
0.0121089
0.012875
0.0136799
0.0145039
0.015362
0.0162395
0.0171519
0.0181012
0.01908
0.0201021
0.021138
0.0222467
0.0233592
0.0245392
0.0257316
0.0269898
0.0282971
0.0296215
0.0310515
0.0324493
0.0339746
0.0354765
0.0370455
0.0386811
0.0402108
0.041713
0.0428805
0.00579041
0.00751743
0.00734823
0.00628237
0.00510629
0.00417193
0.00367208
0.00353497
0.0037031
0.00418461
0.00474164
0.00533394
0.00597477
0.00648565
0.00695344
0.00745907
0.00791799
0.00838936
0.00890703
0.00943732
0.0100259
0.0106901
0.0113784
0.0121196
0.0128852
0.0136885
0.0145123
0.0153706
0.0162472
0.0171593
0.0181084
0.0190863
0.0201086
0.0211442
0.0222524
0.0233646
0.0245447
0.0257372
0.0269952
0.0283023
0.029626
0.0310556
0.0324528
0.0339789
0.0354817
0.0370516
0.0386896
0.040221
0.0417255
0.0428949
0.00567489
0.00741792
0.00726595
0.00620609
0.00503978
0.00411389
0.0036119
0.00350199
0.00368199
0.00415805
0.00473655
0.00532819
0.00596844
0.00650055
0.00696275
0.00746304
0.00793265
0.00840142
0.00891636
0.00945228
0.0100411
0.0107023
0.0113893
0.0121303
0.0128955
0.0136969
0.0145202
0.0153798
0.0162553
0.0171665
0.0181158
0.0190932
0.0201154
0.0211507
0.0222586
0.0233704
0.0245505
0.0257426
0.0270004
0.0283076
0.0296309
0.0310603
0.0324566
0.0339835
0.0354872
0.0370578
0.0386981
0.0402311
0.0417383
0.0429096
0.00555196
0.00730757
0.00717138
0.00611959
0.00496138
0.00404813
0.0035459
0.00345707
0.00365786
0.0041297
0.00472634
0.00532376
0.00595968
0.00651171
0.00697327
0.00746493
0.00794468
0.00841488
0.00892549
0.00946463
0.010055
0.0107151
0.0114013
0.0121419
0.0129073
0.0137064
0.0145276
0.0153881
0.0162637
0.0171743
0.0181232
0.0191001
0.0201228
0.0211576
0.0222649
0.0233765
0.0245568
0.0257487
0.0270057
0.0283127
0.0296355
0.031065
0.0324607
0.0339884
0.0354931
0.0370643
0.0387069
0.0402412
0.0417508
0.0429244
0.00541982
0.00718582
0.00706331
0.00602109
0.0048705
0.00397191
0.00347438
0.00340163
0.00362893
0.00410115
0.00471113
0.00531962
0.00594948
0.00651785
0.00698466
0.00746547
0.00795205
0.00842783
0.00893585
0.00947758
0.0100695
0.0107279
0.0114123
0.0121522
0.0129191
0.0137171
0.0145359
0.0153969
0.0162721
0.0171821
0.0181311
0.0191073
0.0201299
0.0211646
0.0222716
0.0233827
0.0245632
0.0257549
0.0270115
0.0283185
0.0296407
0.0310697
0.0324647
0.0339932
0.0354991
0.037071
0.0387158
0.0402519
0.0417637
0.0429392
0.00527668
0.00705088
0.00694043
0.00590906
0.00476675
0.00388333
0.00339599
0.00333742
0.00359397
0.00407341
0.00469256
0.00531427
0.00593856
0.00651853
0.00699522
0.00746606
0.00795538
0.00843863
0.00894539
0.00948934
0.0100853
0.0107439
0.0114254
0.0121623
0.0129296
0.013727
0.0145435
0.0154055
0.0162815
0.0171909
0.0181392
0.019115
0.0201379
0.0211719
0.0222783
0.023389
0.0245697
0.0257613
0.0270172
0.0283243
0.0296462
0.0310751
0.0324693
0.0339983
0.0355051
0.0370777
0.0387248
0.0402623
0.0417765
0.0429543
0.00512017
0.00689973
0.0068
0.00578083
0.00464908
0.00378145
0.00330926
0.00326536
0.00355191
0.00404682
0.00467327
0.00530841
0.0059279
0.00651293
0.00700258
0.00746645
0.00795503
0.00844771
0.00895617
0.00950016
0.0100988
0.0107597
0.0114404
0.0121744
0.0129415
0.013738
0.0145513
0.0154126
0.0162897
0.0171999
0.0181479
0.0191229
0.0201462
0.0211802
0.0222857
0.0233956
0.0245764
0.0257678
0.027023
0.0283301
0.0296514
0.0310802
0.032474
0.0340038
0.0355118
0.0370849
0.0387342
0.0402731
0.0417894
0.0429691
0.0049495
0.00673024
0.0066386
0.00563285
0.00451522
0.00366575
0.00321338
0.00318682
0.00350205
0.00401906
0.00465361
0.00530133
0.00591971
0.00650379
0.0070054
0.00746635
0.00795095
0.00845263
0.00896703
0.00951258
0.0101132
0.0107759
0.0114548
0.0121854
0.0129528
0.0137498
0.0145609
0.0154212
0.0162985
0.0172088
0.0181565
0.019131
0.0201545
0.0211881
0.0222932
0.0234026
0.0245837
0.0257747
0.027029
0.0283362
0.0296571
0.0310856
0.0324785
0.034009
0.0355182
0.0370921
0.0387436
0.0402842
0.0418028
0.0429851
0.00476022
0.00653966
0.0064538
0.00546249
0.00436268
0.00353487
0.00310858
0.00310577
0.00344847
0.00399018
0.0046334
0.00528999
0.00591005
0.00649177
0.00700399
0.00746645
0.00794621
0.00845452
0.00897668
0.00952446
0.0101264
0.0107928
0.0114716
0.0121973
0.0129629
0.0137601
0.0145699
0.0154294
0.0163078
0.0172197
0.0181668
0.0191399
0.0201638
0.0211971
0.0223011
0.0234095
0.0245909
0.0257817
0.0270351
0.0283424
0.0296627
0.0310911
0.0324835
0.0340145
0.0355246
0.0370987
0.0387523
0.0402942
0.0418146
0.0429984
0.0045424
0.00631923
0.00623863
0.00526399
0.00418702
0.0033863
0.00299261
0.00302218
0.00339429
0.00396251
0.00461622
0.00527691
0.00589788
0.0064749
0.00699472
0.00746379
0.00794128
0.00845506
0.00898756
0.00953946
0.0101398
0.0108077
0.0114874
0.0122093
0.012973
0.0137702
0.0145789
0.0154369
0.0163155
0.0172293
0.0181772
0.01915
0.0201741
0.0212072
0.0223107
0.0234184
0.0246
0.0257903
0.0270428
0.0283502
0.02967
0.031098
0.0324897
0.0340213
0.0355327
0.0371075
0.0387633
0.0403067
0.0418293
0.0430161
0.0042972
0.00606555
0.00598955
0.00503463
0.00398755
0.00322257
0.00286973
0.00293981
0.00334314
0.00393634
0.00460174
0.0052637
0.0058841
0.00645662
0.00698018
0.00745733
0.00793607
0.00845406
0.00899772
0.009557
0.010156
0.0108247
0.0115045
0.0122209
0.012981
0.0137785
0.0145874
0.015444
0.0163225
0.0172375
0.0181849
0.0191563
0.0201806
0.0212136
0.0223161
0.0234234
0.0246052
0.0257954
0.0270472
0.0283548
0.0296741
0.0311023
0.0324935
0.0340254
0.0355376
0.0371128
0.0387706
0.0403155
0.0418397
0.0430277
0.00399196
0.00575169
0.00567934
0.00475014
0.00374704
0.0030347
0.00273672
0.00285814
0.00329807
0.00391415
0.0045891
0.00524951
0.00586715
0.00643565
0.00696277
0.00745104
0.00793588
0.00845842
0.00901261
0.0095801
0.0101764
0.0108445
0.0115271
0.01224
0.0129958
0.0137928
0.0146019
0.0154573
0.0163354
0.0172524
0.0182011
0.0191714
0.0201954
0.021228
0.0223298
0.0234359
0.0246175
0.0258069
0.0270576
0.0283652
0.0296837
0.0311113
0.0325019
0.0340342
0.0355477
0.0371232
0.0387829
0.0403291
0.0418553
0.0430464
0.0036693
0.00537831
0.00528772
0.00438672
0.00344381
0.00280471
0.00257862
0.00276271
0.00324449
0.00387834
0.00455622
0.00521037
0.00582167
0.00638688
0.00691831
0.0074207
0.00791877
0.00844851
0.00901331
0.00959163
0.0101865
0.0108509
0.0115346
0.0122449
0.0129972
0.013795
0.0146054
0.0154602
0.0163378
0.0172558
0.0182051
0.0191752
0.0201996
0.0212321
0.0223334
0.0234397
0.0246215
0.0258108
0.027061
0.0283689
0.0296869
0.0311149
0.0325049
0.0340375
0.0355518
0.037128
0.0387897
0.0403375
0.0418653
0.0430574
0.0034114
0.00505904
0.00494738
0.004083
0.00321932
0.00267159
0.00252665
0.00276951
0.00327794
0.0039064
0.00456703
0.00520547
0.00580451
0.00636708
0.00690458
0.00742038
0.00793251
0.00846858
0.00903866
0.0096252
0.0102184
0.0108778
0.0115625
0.0122703
0.0130165
0.0138126
0.0146238
0.0154782
0.0163552
0.0172739
0.0182241
0.0191928
0.0202163
0.0212479
0.0223484
0.0234535
0.0246346
0.0258229
0.0270722
0.0283801
0.0296971
0.0311246
0.0325141
0.0340467
0.0355621
0.0371382
0.0388016
0.0403503
0.0418799
0.043075
0.00244403
0.0041054
0.00411124
0.00342451
0.00275644
0.00238792
0.00238391
0.00271282
0.00325064
0.00386749
0.00450738
0.00513193
0.00572502
0.00629382
0.00684776
0.00738385
0.00791745
0.00846448
0.0090392
0.00963389
0.0102278
0.01088
0.0115647
0.0122748
0.013019
0.0138154
0.0146277
0.0154824
0.0163595
0.0172778
0.0182293
0.0191999
0.0202236
0.0212541
0.0223548
0.0234607
0.0246414
0.0258291
0.027078
0.0283858
0.029702
0.0311298
0.0325186
0.0340515
0.0355677
0.0371449
0.0388101
0.0403602
0.0418916
0.0430884
0.00259419
0.00373643
0.0035736
0.00297713
0.00249407
0.00229448
0.00240276
0.00276497
0.00328219
0.00386038
0.00447007
0.00508213
0.00567376
0.00625262
0.00682428
0.00737739
0.0079278
0.00848443
0.00905939
0.00965892
0.010256
0.0109018
0.0115836
0.0122937
0.0130329
0.0138271
0.0146408
0.015496
0.0163741
0.0172917
0.0182426
0.0192131
0.020236
0.021265
0.0223654
0.0234709
0.0246504
0.0258377
0.0270864
0.0283944
0.0297098
0.0311373
0.0325257
0.0340584
0.0355752
0.037152
0.0388182
0.0403697
0.0419017
0.0430997
0.000251092
0.00198838
0.00244325
0.00240863
0.00233875
0.00237938
0.00256128
0.00288128
0.00331862
0.00383282
0.00440675
0.00500718
0.00560526
0.00620166
0.0067978
0.00737325
0.0079412
0.00850774
0.00908092
0.00968063
0.01028
0.0109184
0.0115966
0.0123116
0.0130504
0.0138431
0.0146563
0.015511
0.01639
0.017306
0.0182571
0.0192309
0.0202543
0.0212802
0.022381
0.0234875
0.0246655
0.0258512
0.0270992
0.0284066
0.0297206
0.031148
0.0325351
0.0340675
0.035585
0.0371629
0.0388312
0.0403832
0.0419182
0.0431199
-0.00162719
-0.000874427
0.000285787
0.00130768
0.00201622
0.00242334
0.00268759
0.00295736
0.00330743
0.0037532
0.00429244
0.00488779
0.00550263
0.00612326
0.00674549
0.00734352
0.00792847
0.00850647
0.00908061
0.00968123
0.0102867
0.0109221
0.0115958
0.012313
0.0130508
0.0138421
0.014657
0.0155132
0.0163943
0.0173097
0.0182588
0.0192338
0.0202573
0.0212813
0.0223823
0.0234899
0.0246667
0.0258527
0.027101
0.0284086
0.0297221
0.0311497
0.0325371
0.0340695
0.0355878
0.0371653
0.0388343
0.040388
0.0419231
0.0431246
-0.00270357
-0.000573601
0.000714778
0.00151644
0.00205168
0.00244647
0.00276938
0.00306169
0.00339198
0.00379876
0.00429436
0.00486204
0.00547671
0.00610971
0.00674876
0.00736747
0.00796599
0.00855251
0.00912438
0.00971947
0.0103251
0.0109547
0.0116221
0.0123423
0.0130817
0.0138706
0.0146838
0.0155384
0.0164206
0.0173346
0.0182823
0.0192607
0.0202858
0.0213053
0.0224063
0.0235148
0.0246894
0.0258731
0.0271203
0.028427
0.0297388
0.031166
0.0325516
0.0340833
0.0356017
0.0371802
0.038851
0.0404046
0.041943
0.0431492
-0.00376938
-0.00264743
-0.00106855
0.000383323
0.0014947
0.00224761
0.00272373
0.00304979
0.00337116
0.00375959
0.00423163
0.00478107
0.00539685
0.00604058
0.00669101
0.00732668
0.00793953
0.00853845
0.0091165
0.00971113
0.0103218
0.0109521
0.0116156
0.0123367
0.0130771
0.0138657
0.0146797
0.0155349
0.0164189
0.0173337
0.0182784
0.0192576
0.0202843
0.021302
0.0224029
0.0235132
0.024687
0.0258708
0.0271186
0.0284256
0.029737
0.0311645
0.0325504
0.0340822
0.0356011
0.0371794
0.0388505
0.0404059
0.0419441
0.0431492
-0.00519576
-0.00240534
-0.000538032
0.000731113
0.00162271
0.00226475
0.00273201
0.00307618
0.0034087
0.0037984
0.00426338
0.00480292
0.00541307
0.00605838
0.00670948
0.00734908
0.00796626
0.00856848
0.00914976
0.00974282
0.0103533
0.0109842
0.0116454
0.0123673
0.01311
0.0138977
0.0147106
0.0155638
0.0164475
0.0173624
0.018307
0.019287
0.020316
0.021331
0.0224305
0.023541
0.0247135
0.025895
0.0271409
0.028447
0.0297565
0.0311834
0.0325673
0.0340979
0.0356164
0.0371958
0.038868
0.0404232
0.0419655
0.0431759
)
;

boundaryField
{
    zeroGradientPlanes
    {
        type            zeroGradient;
    }
    inlet
    {
        type            zeroGradient;
    }
    plate
    {
        type            zeroGradient;
    }
    frontAndBack
    {
        type            empty;
    }
}


// ************************************************************************* //
