/*--------------------------------*- C++ -*----------------------------------*\
| =========                 |                                                 |
| \\      /  F ield         | OpenFOAM: The Open Source CFD Toolbox           |
|  \\    /   O peration     | Version:  v2012                                 |
|   \\  /    A nd           | Website:  www.openfoam.com                      |
|    \\/     M anipulation  |                                                 |
\*---------------------------------------------------------------------------*/
FoamFile
{
    version     2.0;
    format      ascii;
    class       volScalarField;
    location    "0.1";
    object      p;
}
// * * * * * * * * * * * * * * * * * * * * * * * * * * * * * * * * * * * * * //

dimensions      [0 2 -2 0 0 0 0];


internalField   nonuniform List<scalar> 
7000
(
-1.62603e-11
0.0131931
0.0110861
0.012888
0.0123526
0.0134578
0.0146982
0.0164689
0.0152286
0.017037
0.0167895
0.0201729
0.0202315
0.0214419
0.0228461
0.0253602
0.0270134
0.0303016
0.0330004
0.0382729
2.36326e-06
0.0131962
0.0110902
0.0128862
0.0123526
0.0134564
0.0147009
0.0164684
0.0152351
0.0170298
0.0167933
0.0201554
0.0202286
0.0214513
0.0228472
0.0253515
0.0270244
0.0302666
0.0330261
0.0380281
5.093e-06
0.0132015
0.0110975
0.0128809
0.0123541
0.0134582
0.0147017
0.0164697
0.0152464
0.0170129
0.0167999
0.0201284
0.020231
0.0214701
0.0228422
0.0253437
0.0270351
0.0302135
0.0330398
0.0376076
9.21777e-06
0.0132132
0.0111079
0.0128712
0.0123592
0.0134654
0.0146975
0.0164729
0.0152641
0.0169871
0.0168093
0.020099
0.0202347
0.0214953
0.0228337
0.0253339
0.0270438
0.0301505
0.03302
0.0371651
1.57521e-05
0.0132335
0.011121
0.0128567
0.0123685
0.0134754
0.0146885
0.0164776
0.0152882
0.0169547
0.0168231
0.0200671
0.0202398
0.0215218
0.0228266
0.0253179
0.0270534
0.0300751
0.0329742
0.0367428
2.58875e-05
0.0132613
0.0111347
0.0128384
0.0123819
0.0134858
0.0146764
0.0164829
0.0153173
0.0169192
0.016841
0.0200325
0.0202481
0.0215456
0.0228238
0.025294
0.0270641
0.0299886
0.032907
0.036344
4.07224e-05
0.0132936
0.0111469
0.0128176
0.0123991
0.0134956
0.0146627
0.016488
0.0153498
0.0168831
0.0168622
0.019996
0.0202593
0.0215645
0.0228255
0.0252616
0.0270745
0.0298929
0.0328183
0.035963
6.11755e-05
0.0133277
0.0111558
0.0127958
0.0124197
0.0135046
0.0146478
0.016492
0.0153852
0.0168477
0.0168861
0.0199578
0.0202728
0.0215772
0.0228303
0.0252206
0.0270828
0.0297892
0.0327074
0.0355942
8.79748e-05
0.0133623
0.0111598
0.0127743
0.0124438
0.0135131
0.0146317
0.0164942
0.0154234
0.0168135
0.0169127
0.019918
0.0202886
0.0215826
0.0228375
0.0251714
0.0270867
0.029679
0.0325735
0.0352332
0.000121619
0.0133965
0.0111583
0.0127538
0.0124715
0.0135214
0.0146138
0.0164941
0.0154642
0.0167808
0.0169421
0.0198768
0.020307
0.0215797
0.022845
0.0251145
0.0270837
0.029564
0.0324163
0.0348764
0.000162299
0.0134302
0.0111513
0.0127345
0.0125029
0.0135297
0.0145938
0.0164913
0.0155075
0.0167494
0.0169745
0.0198341
0.0203281
0.0215683
0.0228525
0.025051
0.0270714
0.0294451
0.0322363
0.0345207
0.000209841
0.0134634
0.0111391
0.0127163
0.012538
0.013538
0.0145718
0.0164858
0.015553
0.016719
0.0170098
0.0197899
0.0203521
0.0215486
0.0228594
0.0249828
0.0270476
0.0293227
0.0320349
0.0341628
0.000263727
0.0134963
0.0111225
0.0126987
0.0125764
0.0135462
0.0145484
0.0164775
0.0156006
0.0166891
0.0170478
0.019744
0.020379
0.0215216
0.0228643
0.024912
0.0270104
0.0291967
0.0318136
0.0338003
0.000323202
0.0135292
0.0111026
0.0126815
0.0126177
0.0135539
0.0145241
0.0164665
0.01565
0.0166588
0.0170882
0.0196961
0.0204081
0.0214885
0.0228659
0.0248408
0.0269586
0.0290659
0.0315742
0.033431
0.000387424
0.0135622
0.0110804
0.012664
0.0126612
0.0135611
0.0144996
0.0164529
0.0157011
0.0166276
0.0171306
0.019646
0.0204389
0.0214508
0.0228621
0.024771
0.0268918
0.028929
0.0313187
0.033054
0.00045561
0.0135955
0.011057
0.0126459
0.0127065
0.0135675
0.0144757
0.0164367
0.0157539
0.0165947
0.0171747
0.0195938
0.0204706
0.0214105
0.0228507
0.0247034
0.0268101
0.0287841
0.0310489
0.0326687
0.000527141
0.0136291
0.0110331
0.012627
0.0127532
0.0135728
0.0144528
0.0164179
0.0158082
0.0165599
0.0172201
0.0195398
0.0205019
0.0213699
0.0228299
0.0246381
0.0267143
0.0286292
0.0307664
0.0322751
0.000601598
0.0136631
0.0110095
0.0126069
0.0128011
0.0135768
0.0144313
0.0163964
0.0158641
0.016523
0.0172664
0.0194849
0.0205309
0.0213308
0.0227984
0.0245744
0.0266056
0.0284621
0.0304722
0.0318737
0.000678742
0.0136973
0.0109866
0.0125856
0.0128502
0.0135794
0.0144115
0.0163723
0.0159213
0.0164842
0.017313
0.0194302
0.0205557
0.0212948
0.0227557
0.0245112
0.0264862
0.0282817
0.0301667
0.0314651
0.000758476
0.0137316
0.0109647
0.0125628
0.0129003
0.0135804
0.0143935
0.0163454
0.0159796
0.0164437
0.017359
0.0193772
0.0205742
0.0212627
0.0227014
0.0244463
0.0263579
0.0280873
0.0298504
0.03105
0.000840789
0.013766
0.0109442
0.0125384
0.0129517
0.0135795
0.0143776
0.0163157
0.0160388
0.0164021
0.0174034
0.0193277
0.020585
0.0212349
0.0226362
0.0243772
0.0262222
0.0278787
0.0295236
0.0306291
0.000925724
0.0138002
0.0109251
0.0125124
0.0130042
0.0135767
0.0143638
0.0162834
0.0160985
0.0163601
0.0174446
0.0192834
0.0205871
0.0212107
0.022561
0.0243013
0.0260797
0.0276567
0.0291867
0.0302035
0.00101335
0.013834
0.0109078
0.0124846
0.0130579
0.0135718
0.014352
0.0162487
0.016158
0.0163189
0.017481
0.0192454
0.0205798
0.0211889
0.0224776
0.024216
0.0259305
0.0274226
0.0288406
0.0297737
0.00110375
0.0138673
0.0108924
0.0124549
0.0131129
0.0135645
0.0143425
0.0162117
0.0162166
0.0162796
0.017511
0.0192146
0.0205626
0.0211683
0.0223883
0.0241191
0.0257739
0.0271781
0.0284861
0.0293405
0.001197
0.0138997
0.0108792
0.0124232
0.0131693
0.013555
0.014335
0.0161729
0.0162734
0.0162436
0.0175331
0.0191912
0.020536
0.0211468
0.0222948
0.0240098
0.0256091
0.0269244
0.0281246
0.0289046
0.00129322
0.013931
0.0108683
0.0123893
0.0132269
0.0135429
0.0143295
0.0161328
0.0163274
0.0162124
0.0175462
0.0191749
0.0205009
0.021122
0.0221983
0.0238881
0.0254353
0.026662
0.0277575
0.0284671
0.00139248
0.0139609
0.0108601
0.0123531
0.0132859
0.0135285
0.0143255
0.0160922
0.0163771
0.0161871
0.0175494
0.019165
0.0204589
0.0210909
0.0220994
0.0237551
0.0252525
0.0263914
0.0273857
0.0280286
0.0014949
0.0139891
0.0108548
0.0123145
0.0133461
0.0135116
0.0143227
0.016052
0.0164213
0.0161686
0.0175424
0.0191601
0.020412
0.0210513
0.0219978
0.0236125
0.0250609
0.0261131
0.0270095
0.0275902
0.00160057
0.0140153
0.0108526
0.0122733
0.0134077
0.0134925
0.0143205
0.0160134
0.0164588
0.0161572
0.0175254
0.0191583
0.0203622
0.0210013
0.0218929
0.0234621
0.024861
0.0258277
0.0266297
0.0271524
0.00170961
0.014039
0.0108538
0.0122295
0.0134704
0.0134715
0.0143183
0.0159775
0.0164883
0.0161529
0.0174991
0.0191571
0.0203122
0.0209404
0.0217826
0.0233047
0.0246548
0.025537
0.0262462
0.0267151
0.00182212
0.01406
0.0108586
0.012183
0.0135341
0.0134487
0.0143151
0.0159457
0.0165091
0.0161552
0.0174648
0.0191534
0.0202637
0.020869
0.0216638
0.0231399
0.0244444
0.0252424
0.0258586
0.026279
0.00193821
0.0140778
0.0108674
0.0121336
0.0135987
0.0134249
0.0143097
0.015919
0.0165206
0.0161631
0.0174246
0.0191443
0.0202177
0.0207888
0.0215351
0.0229683
0.0242309
0.0249469
0.0254685
0.0258442
0.002058
0.0140921
0.0108803
0.0120813
0.0136639
0.0134007
0.0143009
0.0158981
0.0165229
0.0161751
0.0173805
0.0191265
0.0201739
0.0207024
0.0213959
0.0227914
0.0240136
0.0246531
0.0250793
0.0254113
0.00218161
0.0141023
0.0108977
0.0120262
0.0137294
0.0133768
0.0142879
0.0158835
0.0165166
0.0161892
0.0173356
0.0190982
0.0201306
0.0206127
0.0212464
0.0225988
0.0237931
0.024363
0.0246945
0.0249812
0.00230915
0.0141081
0.0109198
0.0119681
0.0137947
0.0133539
0.0142696
0.0158757
0.0165026
0.0162025
0.0172931
0.0190587
0.0200847
0.0205223
0.0210882
0.022392
0.0235737
0.0240776
0.0243187
0.0245553
0.00244075
0.014109
0.0109468
0.0119073
0.0138592
0.0133329
0.0142449
0.0158745
0.0164822
0.0162125
0.0172549
0.0190084
0.0200321
0.0204324
0.0209243
0.0221725
0.0233373
0.0237979
0.023956
0.0241354
0.00257652
0.0141045
0.0109789
0.0118438
0.0139224
0.0133151
0.0142129
0.0158792
0.0164575
0.0162161
0.0172228
0.0189492
0.0199694
0.020343
0.0207579
0.0219406
0.023091
0.0235248
0.023607
0.0237241
0.00271657
0.0140943
0.0110163
0.0117778
0.0139837
0.0133014
0.0141728
0.0158888
0.0164311
0.0162105
0.017196
0.0188846
0.0198938
0.0202516
0.0205927
0.0216984
0.0228343
0.0232494
0.0232699
0.0233239
0.00286103
0.0140777
0.0110592
0.0117097
0.0140421
0.0132929
0.0141243
0.0159019
0.0164056
0.0161937
0.0171725
0.0188189
0.0198042
0.0201532
0.0204315
0.0214513
0.0225673
0.0229724
0.0229424
0.0229356
0.00301
0.0140545
0.0111077
0.0116398
0.0140968
0.0132907
0.0140664
0.0159164
0.0163839
0.0161641
0.0171493
0.018756
0.0197016
0.0200424
0.0202745
0.0212054
0.0222914
0.0226913
0.0226204
0.0225583
0.0031636
0.0140241
0.0111617
0.0115686
0.0141467
0.0132957
0.0140006
0.0159299
0.0163688
0.0161216
0.0171224
0.0186984
0.019589
0.0199152
0.0201197
0.0209664
0.0220099
0.0224041
0.0222991
0.0221905
0.0033219
0.0139862
0.0112213
0.0114968
0.0141908
0.013309
0.0139268
0.0159397
0.0163624
0.0160678
0.0170863
0.0186469
0.0194716
0.0197695
0.0199617
0.0207378
0.0217282
0.0221103
0.0219744
0.0218297
0.00348501
0.0139405
0.0112865
0.0114251
0.0142279
0.013331
0.0138464
0.0159429
0.0163656
0.0160048
0.0170367
0.0186008
0.0193556
0.0196059
0.0197926
0.02052
0.0214528
0.0218128
0.0216448
0.0214723
0.00365298
0.0138866
0.0113569
0.0113543
0.0142569
0.0133622
0.0137606
0.015937
0.0163794
0.0159357
0.0169698
0.0185577
0.0192462
0.0194271
0.0196051
0.0203104
0.0211902
0.0215172
0.0213127
0.0211157
0.00382588
0.0138243
0.0114322
0.0112854
0.0142764
0.013403
0.0136713
0.015919
0.0164032
0.0158648
0.0168827
0.0185132
0.0191469
0.0192397
0.0193943
0.020102
0.0209448
0.0212304
0.0209833
0.0207594
0.00400374
0.0137535
0.0115122
0.0112195
0.0142855
0.0134529
0.0135808
0.0158862
0.0164358
0.0157974
0.0167742
0.0184612
0.0190591
0.019053
0.019158
0.0198823
0.0207174
0.020962
0.0206638
0.0204046
0.00418657
0.013674
0.0115961
0.0111576
0.014283
0.0135117
0.0134915
0.0158364
0.0164747
0.0157382
0.0166444
0.0183958
0.0189816
0.0188762
0.0188999
0.0196372
0.0205031
0.0207222
0.0203651
0.0200554
0.00437435
0.0135859
0.0116834
0.011101
0.0142679
0.0135784
0.0134058
0.0157683
0.0165167
0.0156913
0.0164955
0.0183115
0.0189115
0.0187163
0.0186293
0.019357
0.0202903
0.0205168
0.0201005
0.0197182
0.00456701
0.0134894
0.0117732
0.0110509
0.0142396
0.0136517
0.0133265
0.0156813
0.0165578
0.0156605
0.0163303
0.0182036
0.0188444
0.018576
0.0183598
0.0190396
0.0200605
0.0203426
0.0198835
0.019402
0.00476447
0.0133848
0.0118645
0.0110085
0.0141978
0.01373
0.013256
0.0155758
0.0165934
0.0156485
0.0161538
0.0180681
0.0187741
0.0184547
0.0181058
0.018691
0.0197949
0.0201878
0.0197232
0.0191187
0.0049666
0.0132724
0.0119561
0.0109749
0.0141422
0.0138111
0.0131968
0.015453
0.0166185
0.0156563
0.0159724
0.0179023
0.0186951
0.0183496
0.0178777
0.0183235
0.0194829
0.0200311
0.0196141
0.0188801
0.00517319
0.0131529
0.0120468
0.0109511
0.0140731
0.0138925
0.0131511
0.015315
0.016628
0.0156826
0.0157931
0.0177052
0.0186024
0.0182561
0.0176805
0.0179543
0.0191254
0.0198468
0.0195388
0.0186915
0.005384
0.0130271
0.0121351
0.0109383
0.0139908
0.0139718
0.0131206
0.0151645
0.0166179
0.0157247
0.0156233
0.0174777
0.0184909
0.018168
0.0175155
0.0176016
0.0187306
0.019613
0.0194694
0.0185484
0.00559873
0.0128958
0.0122196
0.010937
0.0138952
0.014046
0.0131062
0.0150052
0.016584
0.0157781
0.0154704
0.0172226
0.0183564
0.0180789
0.0173812
0.0172813
0.0183121
0.0193145
0.0193694
0.0184345
0.00581703
0.0127601
0.0122989
0.0109479
0.0137903
0.0141123
0.0131085
0.0148411
0.0165236
0.0158372
0.0153404
0.0169448
0.0181952
0.017984
0.0172718
0.0170018
0.0178865
0.0189487
0.0192042
0.0183257
0.00603845
0.0126213
0.0123664
0.0109712
0.0136779
0.0141682
0.0131269
0.0146763
0.0164356
0.0158952
0.0152374
0.0166562
0.0180042
0.0178792
0.0171789
0.0167648
0.0174724
0.0185274
0.0189504
0.0181942
0.0062625
0.0124808
0.0124308
0.0110071
0.013559
0.014211
0.0131603
0.014515
0.0163201
0.0159442
0.0151643
0.0163634
0.0177808
0.0177596
0.0170939
0.0165681
0.0170836
0.0180696
0.0186026
0.0180159
0.00648862
0.0123399
0.0124859
0.0110553
0.0134357
0.0142385
0.0132067
0.0143609
0.0161785
0.015977
0.0151207
0.0160763
0.0175252
0.0176211
0.0170085
0.0164059
0.0167268
0.0175978
0.0181763
0.0177772
0.00671618
0.0122003
0.0125306
0.0111148
0.0133107
0.0142493
0.013263
0.0142173
0.0160137
0.0159878
0.0151028
0.0158048
0.0172406
0.0174603
0.0169152
0.0162709
0.0164042
0.0171334
0.0177003
0.0174786
0.00694449
0.0120635
0.0125642
0.0111842
0.0131866
0.0142425
0.0133259
0.0140868
0.01583
0.0159719
0.0151043
0.0155574
0.0169331
0.0172747
0.0168078
0.0161543
0.0161159
0.0166918
0.0172064
0.0171333
0.00717282
0.0119311
0.0125863
0.011262
0.013066
0.0142178
0.0133914
0.013971
0.0156324
0.0159268
0.0151171
0.0153399
0.0166105
0.0170634
0.0166819
0.0160465
0.0158605
0.0162831
0.0167258
0.0167624
0.00740037
0.0118046
0.0125966
0.0113459
0.0129514
0.0141751
0.0134557
0.013871
0.0154265
0.015852
0.0151313
0.0151553
0.0162826
0.0168267
0.0165348
0.0159386
0.0156365
0.0159133
0.0162798
0.0163865
0.00762636
0.0116854
0.012595
0.0114339
0.0128447
0.0141153
0.0135149
0.0137869
0.0152176
0.0157483
0.0151375
0.0150031
0.0159601
0.0165666
0.0163653
0.0158239
0.0154416
0.0155845
0.0158777
0.0160218
0.00784996
0.0115748
0.012582
0.0115237
0.0127475
0.0140399
0.0135657
0.0137177
0.0150105
0.0156179
0.0151282
0.0148805
0.0156525
0.0162874
0.0161735
0.0156971
0.015271
0.0152961
0.0155207
0.0156779
0.00807039
0.011474
0.0125579
0.011613
0.012661
0.0139508
0.0136049
0.0136619
0.0148092
0.0154647
0.0150982
0.0147814
0.0153664
0.0159949
0.0159615
0.0155544
0.0151175
0.0150454
0.0152053
0.0153587
0.00828679
0.0113835
0.0125239
0.0116995
0.0125858
0.0138498
0.0136302
0.0136169
0.0146168
0.0152935
0.0150466
0.0146984
0.0151077
0.0156963
0.0157324
0.0153947
0.0149735
0.014828
0.0149259
0.0150639
0.00849831
0.011304
0.0124811
0.0117811
0.0125221
0.0137412
0.0136398
0.0135799
0.0144355
0.0151091
0.0149668
0.0146226
0.0148768
0.0153992
0.0154896
0.0152186
0.0148314
0.0146376
0.0146774
0.0147911
0.0087042
0.0112358
0.012431
0.0118561
0.0124694
0.0136273
0.0136331
0.0135477
0.0142664
0.0149165
0.0148639
0.0145466
0.0146728
0.0151111
0.0152377
0.0150283
0.0146855
0.0144664
0.0144551
0.014538
0.00890377
0.011179
0.0123737
0.0119229
0.0124267
0.0135109
0.0136101
0.0135172
0.0141097
0.0147202
0.0147405
0.0144641
0.0144915
0.014838
0.0149815
0.0148266
0.014532
0.0143062
0.0142535
0.0143023
0.00909644
0.0111336
0.012312
0.0119802
0.0123928
0.0133945
0.0135716
0.0134853
0.0139647
0.0145239
0.0145993
0.0143691
0.0143273
0.0145833
0.0147258
0.0146165
0.0143693
0.0141501
0.0140666
0.0140818
0.00928167
0.0110989
0.0122483
0.0120274
0.0123661
0.01328
0.0135186
0.0134494
0.0138306
0.0143308
0.0144414
0.0142614
0.0141887
0.0143487
0.0144751
0.014401
0.0141973
0.013993
0.013889
0.0138736
0.009459
0.0110745
0.0121838
0.0120642
0.0123448
0.0131692
0.0134529
0.0134073
0.0137057
0.0141432
0.0142756
0.0141395
0.0140409
0.0141317
0.0142329
0.0141832
0.0140171
0.0138318
0.0137162
0.013675
0.00962809
0.0110596
0.0121198
0.0120906
0.0123274
0.013063
0.0133764
0.0133577
0.0135881
0.0139624
0.0141041
0.0140048
0.0138964
0.013931
0.0140014
0.0139657
0.0138303
0.0136652
0.0135447
0.0134835
0.00978868
0.0110533
0.0120573
0.0121068
0.012312
0.0129623
0.0132911
0.0132997
0.0134761
0.013789
0.0139297
0.0138597
0.0137514
0.0137436
0.0137818
0.0137511
0.0136391
0.0134932
0.0133727
0.013297
0.00994058
0.0110546
0.0119975
0.0121134
0.0122971
0.0128672
0.0131993
0.0132331
0.0133676
0.0136233
0.0137548
0.0137066
0.0136041
0.0135661
0.0135742
0.0135415
0.0134459
0.0133166
0.0131994
0.0131142
0.0100837
0.0110625
0.0119412
0.0121113
0.0122813
0.0127776
0.0131029
0.0131582
0.013261
0.0134648
0.0135816
0.0135481
0.0134534
0.0133954
0.0133773
0.0133381
0.0132527
0.0131371
0.0130247
0.012934
0.0102181
0.0110761
0.0118889
0.0121013
0.0122636
0.0126932
0.0130036
0.0130758
0.0131551
0.013313
0.0134113
0.0133864
0.0132997
0.0132291
0.0131897
0.0131416
0.0130615
0.0129563
0.0128492
0.0127563
0.0103438
0.0110943
0.011841
0.0120845
0.012243
0.0126134
0.0129031
0.0129868
0.0130487
0.0131671
0.0132449
0.0132237
0.0131435
0.0130656
0.0130098
0.0129523
0.0128738
0.0127759
0.0126741
0.012581
0.0104609
0.0111161
0.0117976
0.012062
0.012219
0.0125374
0.0128025
0.0128925
0.0129414
0.0130262
0.0130831
0.0130614
0.0129861
0.012904
0.0128361
0.0127698
0.0126906
0.0125976
0.0125003
0.0124084
0.0105697
0.0111406
0.0117589
0.012035
0.0121913
0.0124646
0.0127027
0.0127942
0.0128328
0.0128896
0.012926
0.0129009
0.0128285
0.0127441
0.0126675
0.0125937
0.0125127
0.0124225
0.0123289
0.0122389
0.0106703
0.0111669
0.0117246
0.0120044
0.0121599
0.0123944
0.0126046
0.012693
0.0127229
0.0127567
0.0127739
0.0127431
0.0126717
0.012586
0.0125033
0.0124235
0.0123402
0.0122515
0.0121608
0.012073
0.010763
0.0111942
0.0116944
0.0119712
0.0121249
0.012326
0.0125084
0.0125902
0.0126123
0.0126269
0.0126266
0.0125887
0.0125169
0.0124302
0.0123434
0.0122589
0.0121734
0.0120854
0.0119968
0.0119111
0.0108481
0.0112219
0.0116681
0.0119364
0.0120867
0.012259
0.0124145
0.0124869
0.0125012
0.0125
0.012484
0.0124383
0.0123648
0.0122771
0.0121874
0.0120995
0.0120121
0.0119243
0.0118375
0.0117537
0.010926
0.0112494
0.0116452
0.0119005
0.0120458
0.0121931
0.012323
0.0123841
0.0123903
0.0123758
0.0123461
0.0122922
0.0122163
0.0121274
0.0120357
0.0119453
0.0118563
0.0117687
0.0116831
0.0116011
0.0109969
0.0112761
0.0116252
0.0118643
0.0120026
0.012128
0.0122342
0.0122825
0.0122804
0.0122544
0.0122128
0.0121518
0.0120721
0.0119817
0.0118884
0.0117962
0.0117062
0.0116186
0.0115341
0.0114536
0.0110612
0.0113016
0.0116078
0.0118283
0.0119579
0.0120637
0.012148
0.0121829
0.012172
0.0121359
0.0120841
0.0120162
0.0119327
0.0118406
0.0117458
0.0116524
0.0115617
0.0114742
0.0113906
0.0113115
0.0111193
0.0113257
0.0115926
0.011793
0.0119122
0.0120004
0.0120645
0.0120858
0.012066
0.0120208
0.0119599
0.0118852
0.0117982
0.0117043
0.0116084
0.0115141
0.011423
0.0113357
0.0112529
0.0111749
0.0111715
0.011348
0.0115791
0.0117586
0.0118662
0.0119382
0.011984
0.0119918
0.0119628
0.0119093
0.0118405
0.0117596
0.0116692
0.0115734
0.0114765
0.0113816
0.0112902
0.0112032
0.0111211
0.0110442
0.0112181
0.0113685
0.0115671
0.0117255
0.0118204
0.0118774
0.0119065
0.0119014
0.0118633
0.0118021
0.0117262
0.0116398
0.011546
0.0114484
0.0113505
0.0112551
0.0111637
0.011077
0.0109955
0.0109196
0.0112595
0.0113869
0.0115563
0.0116939
0.0117756
0.0118185
0.0118323
0.0118149
0.0117679
0.0116995
0.0116173
0.0115261
0.0114291
0.0113297
0.0112309
0.0111351
0.0110436
0.0109573
0.0108765
0.0108015
0.0112961
0.0114035
0.0115466
0.011664
0.0117322
0.0117618
0.0117619
0.0117329
0.0116773
0.0116022
0.0115143
0.0114187
0.0113188
0.0112177
0.0111181
0.0110219
0.0109305
0.0108445
0.0107643
0.0106901
0.0113282
0.0114181
0.0115377
0.0116361
0.0116908
0.0117079
0.0116955
0.0116558
0.0115921
0.0115106
0.0114176
0.0113181
0.0112156
0.0111129
0.0110125
0.010916
0.0108246
0.0107389
0.0106593
0.0105858
0.0113562
0.0114309
0.0115298
0.0116104
0.0116519
0.0116574
0.0116336
0.0115841
0.0115128
0.0114254
0.0113278
0.0112248
0.0111199
0.0110157
0.0109145
0.0108178
0.0107265
0.0106411
0.010562
0.0104891
0.0113804
0.011442
0.0115227
0.0115871
0.0116162
0.0116108
0.0115768
0.0115185
0.0114401
0.0113473
0.0112455
0.0111394
0.0110322
0.0109267
0.0108248
0.0107278
0.0106365
0.0105515
0.0104728
0.0104005
0.0114011
0.0114516
0.0115167
0.0115665
0.011584
0.0115687
0.0115257
0.0114594
0.0113747
0.0112769
0.0111713
0.0110623
0.0109531
0.0108464
0.0107439
0.0106467
0.0105554
0.0104706
0.0103923
0.0103205
0.0114187
0.01146
0.0115118
0.0115489
0.011556
0.0115319
0.0114809
0.0114077
0.0113173
0.011215
0.0111059
0.0109943
0.0108833
0.0107754
0.0106723
0.0105749
0.0104838
0.0103992
0.0103212
0.0102498
0.0114335
0.0114673
0.0115083
0.0115347
0.0115329
0.0115012
0.0114434
0.0113643
0.0112689
0.0111624
0.0110501
0.010936
0.0108235
0.0107146
0.0106108
0.010513
0.0104219
0.0103376
0.0102601
0.010189
0.0114455
0.0114736
0.0115062
0.0115241
0.0115151
0.0114773
0.0114141
0.0113302
0.0112306
0.0111205
0.0110052
0.010889
0.010775
0.0106652
0.010561
0.010463
0.0103715
0.010287
0.0102095
0.0101388
0.0114552
0.011479
0.0115053
0.0115166
0.0115019
0.0114594
0.0113924
0.011305
0.011202
0.0110886
0.0109704
0.010852
0.0107368
0.0106263
0.0105217
0.0104238
0.0103328
0.0102487
0.0101716
0.010101
0.011464
0.0114877
0.0115115
0.0115189
0.0115003
0.0114545
0.0113846
0.0112948
0.011189
0.011072
0.0109502
0.0108289
0.0107113
0.0105995
0.0104945
0.0103963
0.0103051
0.010221
0.0101439
0.0100733
0.0464525
0.0221189
0.0120852
0.0103664
0.0100144
0.00941761
0.00866026
0.00783119
0.00713025
0.00675905
0.00645987
0.00596057
0.00541252
0.00496692
0.00451883
0.00397528
0.00337201
0.00274702
0.00209329
0.00140186
0.000676473
-7.88638e-05
-0.000863969
-0.00167966
-0.0025266
-0.00340556
-0.00431758
-0.00526377
-0.00624536
-0.00726361
-0.00831987
-0.00941553
-0.010552
-0.0117309
-0.0129537
-0.0142222
-0.0155377
-0.0169026
-0.0183177
-0.0197868
-0.0213082
-0.0228901
-0.0245253
-0.026228
-0.0279889
-0.0298123
-0.0317256
-0.0336689
-0.0357434
-0.037936
0.0455787
0.0221658
0.0121279
0.0103839
0.010024
0.00942366
0.00866424
0.00783369
0.00713159
0.00675967
0.00646019
0.00596077
0.0054126
0.00496692
0.00451881
0.00397527
0.003372
0.00274701
0.00209328
0.00140186
0.00067647
-7.88656e-05
-0.000863971
-0.00167966
-0.0025266
-0.00340556
-0.00431758
-0.00526377
-0.00624536
-0.00726361
-0.00831987
-0.00941553
-0.010552
-0.0117309
-0.0129537
-0.0142222
-0.0155377
-0.0169026
-0.0183177
-0.0197868
-0.0213082
-0.0228901
-0.0245253
-0.026228
-0.0279889
-0.0298123
-0.0317256
-0.0336689
-0.0357434
-0.0379361
0.044818
0.0222595
0.0121971
0.0104059
0.0100348
0.00943055
0.00866881
0.00783667
0.0071333
0.00676055
0.00646068
0.00596103
0.0054127
0.00496695
0.00451882
0.00397526
0.00337199
0.002747
0.00209328
0.00140186
0.000676468
-7.88672e-05
-0.000863972
-0.00167967
-0.0025266
-0.00340556
-0.00431758
-0.00526377
-0.00624536
-0.00726361
-0.00831987
-0.00941553
-0.010552
-0.0117309
-0.0129537
-0.0142222
-0.0155377
-0.0169026
-0.0183177
-0.0197868
-0.0213082
-0.0228901
-0.0245253
-0.026228
-0.0279889
-0.0298123
-0.0317256
-0.0336689
-0.0357435
-0.0379361
0.0441307
0.0223821
0.0122987
0.0104386
0.0100499
0.00944032
0.00867563
0.00784153
0.00713648
0.00676236
0.00646163
0.00596151
0.00541294
0.00496708
0.00451887
0.00397526
0.00337198
0.002747
0.00209328
0.00140185
0.000676465
-7.8869e-05
-0.000863973
-0.00167967
-0.0025266
-0.00340556
-0.00431758
-0.00526377
-0.00624536
-0.00726361
-0.00831987
-0.00941553
-0.010552
-0.0117309
-0.0129537
-0.0142222
-0.0155377
-0.0169026
-0.0183177
-0.0197868
-0.0213082
-0.0228901
-0.0245253
-0.026228
-0.0279889
-0.0298123
-0.0317256
-0.0336689
-0.0357435
-0.0379362
0.0434541
0.022516
0.0124259
0.0104822
0.0100706
0.00945436
0.00868604
0.00784965
0.00714238
0.00676597
0.0064635
0.00596247
0.00541351
0.00496741
0.00451901
0.00397528
0.00337198
0.00274699
0.00209327
0.00140185
0.000676461
-7.88715e-05
-0.000863975
-0.00167967
-0.0025266
-0.00340557
-0.00431758
-0.00526377
-0.00624536
-0.00726361
-0.00831987
-0.00941553
-0.010552
-0.0117309
-0.0129537
-0.0142222
-0.0155377
-0.0169026
-0.0183177
-0.0197868
-0.0213082
-0.0228901
-0.0245253
-0.026228
-0.0279889
-0.0298123
-0.0317256
-0.0336689
-0.0357435
-0.0379363
0.0427699
0.0226525
0.0125669
0.010532
0.0100954
0.00947252
0.00870038
0.00786161
0.00715171
0.00677199
0.00646671
0.00596418
0.0054146
0.00496809
0.00451931
0.00397536
0.00337197
0.00274699
0.00209327
0.00140184
0.000676456
-7.8875e-05
-0.000863977
-0.00167967
-0.0025266
-0.00340557
-0.00431758
-0.00526377
-0.00624536
-0.00726361
-0.00831987
-0.00941553
-0.010552
-0.0117309
-0.0129537
-0.0142222
-0.0155377
-0.0169026
-0.0183177
-0.0197868
-0.0213082
-0.0228901
-0.0245253
-0.026228
-0.0279889
-0.0298123
-0.0317256
-0.0336689
-0.0357435
-0.0379365
0.042078
0.0227869
0.0127146
0.0105845
0.0101225
0.00949363
0.00871797
0.00787707
0.00716445
0.00678058
0.00647143
0.00596678
0.00541635
0.00496923
0.00451985
0.00397553
0.00337201
0.00274701
0.00209327
0.00140183
0.000676448
-7.88796e-05
-0.00086398
-0.00167967
-0.0025266
-0.00340557
-0.00431758
-0.00526377
-0.00624536
-0.00726361
-0.00831987
-0.00941553
-0.010552
-0.0117309
-0.0129537
-0.0142222
-0.0155377
-0.0169026
-0.0183177
-0.0197868
-0.0213082
-0.0228901
-0.0245253
-0.026228
-0.0279889
-0.0298123
-0.0317256
-0.0336689
-0.0357435
-0.0379366
0.0413811
0.0229171
0.0128667
0.010638
0.0101504
0.0095165
0.0087378
0.00789511
0.00717988
0.00679135
0.00647753
0.00597025
0.00541877
0.00497086
0.00452067
0.00397582
0.00337211
0.00274705
0.00209328
0.00140183
0.00067644
-7.88851e-05
-0.000863983
-0.00167967
-0.0025266
-0.00340557
-0.00431758
-0.00526377
-0.00624536
-0.00726361
-0.00831987
-0.00941553
-0.010552
-0.0117309
-0.0129537
-0.0142222
-0.0155377
-0.0169026
-0.0183177
-0.0197868
-0.0213082
-0.0228901
-0.0245253
-0.026228
-0.0279889
-0.0298123
-0.0317256
-0.0336689
-0.0357435
-0.0379368
0.0406812
0.0230418
0.0130225
0.0106919
0.0101783
0.00954034
0.008759
0.00791477
0.00719709
0.00680369
0.00648469
0.00597442
0.00542175
0.00497293
0.00452177
0.00397626
0.00337228
0.00274712
0.0020933
0.00140182
0.00067643
-7.88911e-05
-0.000863987
-0.00167968
-0.00252661
-0.00340557
-0.00431758
-0.00526378
-0.00624536
-0.00726361
-0.00831987
-0.00941553
-0.010552
-0.0117309
-0.0129537
-0.0142222
-0.0155377
-0.0169026
-0.0183177
-0.0197868
-0.0213082
-0.0228901
-0.0245253
-0.026228
-0.0279889
-0.0298123
-0.0317256
-0.0336689
-0.0357436
-0.0379369
0.0399796
0.0231602
0.0131821
0.0107463
0.010206
0.00956475
0.0087811
0.00793541
0.00721537
0.00681703
0.00649257
0.00597907
0.00542513
0.00497534
0.0045231
0.00397683
0.00337251
0.00274722
0.00209332
0.00140182
0.000676421
-7.88974e-05
-0.000863991
-0.00167968
-0.00252661
-0.00340557
-0.00431758
-0.00526378
-0.00624536
-0.00726361
-0.00831987
-0.00941553
-0.010552
-0.0117309
-0.0129537
-0.0142222
-0.0155377
-0.0169026
-0.0183177
-0.0197868
-0.0213082
-0.0228901
-0.0245253
-0.026228
-0.0279889
-0.0298123
-0.0317256
-0.0336689
-0.0357436
-0.0379371
0.0392774
0.0232711
0.0133455
0.0108014
0.0102332
0.00958953
0.00880391
0.00795674
0.00723433
0.00683102
0.00650094
0.00598404
0.00542876
0.00497799
0.0045246
0.00397749
0.00337278
0.00274734
0.00209337
0.00140182
0.000676413
-7.89035e-05
-0.000863994
-0.00167968
-0.00252661
-0.00340557
-0.00431758
-0.00526378
-0.00624536
-0.00726361
-0.00831987
-0.00941553
-0.010552
-0.0117309
-0.0129537
-0.0142222
-0.0155377
-0.0169026
-0.0183177
-0.0197868
-0.0213082
-0.0228901
-0.0245253
-0.026228
-0.0279889
-0.0298123
-0.0317256
-0.0336689
-0.0357436
-0.0379373
0.0385754
0.0233738
0.0135127
0.0108573
0.01026
0.00961461
0.00882737
0.00797866
0.00725382
0.0068455
0.00650968
0.00598924
0.00543257
0.00498081
0.00452623
0.00397823
0.0033731
0.00274748
0.00209342
0.00140182
0.000676405
-7.89093e-05
-0.000863998
-0.00167968
-0.00252661
-0.00340557
-0.00431758
-0.00526378
-0.00624536
-0.00726361
-0.00831987
-0.00941553
-0.010552
-0.0117309
-0.0129537
-0.0142222
-0.0155377
-0.0169026
-0.0183177
-0.0197868
-0.0213082
-0.0228901
-0.0245253
-0.026228
-0.0279889
-0.0298123
-0.0317256
-0.0336688
-0.0357436
-0.0379375
0.037875
0.0234674
0.013684
0.0109145
0.0102862
0.00963991
0.00885151
0.00800118
0.00727384
0.00686044
0.00651876
0.00599463
0.00543651
0.00498375
0.00452797
0.00397902
0.00337344
0.00274764
0.00209347
0.00140183
0.000676399
-7.89146e-05
-0.000864001
-0.00167969
-0.00252661
-0.00340557
-0.00431758
-0.00526378
-0.00624536
-0.00726361
-0.00831987
-0.00941553
-0.010552
-0.0117309
-0.0129537
-0.0142222
-0.0155377
-0.0169026
-0.0183177
-0.0197868
-0.0213082
-0.0228901
-0.0245253
-0.026228
-0.0279889
-0.0298123
-0.0317256
-0.0336688
-0.0357437
-0.0379377
0.0371772
0.0235514
0.0138593
0.0109733
0.0103117
0.00966538
0.00887635
0.00802435
0.00729439
0.00687586
0.00652816
0.0060002
0.00544058
0.00498681
0.0045298
0.00397987
0.00337381
0.00274781
0.00209354
0.00140184
0.000676395
-7.89192e-05
-0.000864004
-0.00167969
-0.00252661
-0.00340557
-0.00431759
-0.00526378
-0.00624536
-0.00726361
-0.00831987
-0.00941553
-0.010552
-0.0117309
-0.0129537
-0.0142222
-0.0155377
-0.0169026
-0.0183177
-0.0197868
-0.0213082
-0.0228901
-0.0245253
-0.026228
-0.0279889
-0.0298123
-0.0317256
-0.0336688
-0.0357437
-0.0379379
0.0364835
0.0236249
0.0140388
0.0110342
0.0103365
0.00969092
0.00890192
0.00804822
0.00731554
0.00689178
0.00653793
0.00600596
0.00544477
0.00498999
0.00453171
0.00398076
0.0033742
0.002748
0.00209362
0.00140186
0.000676391
-7.89231e-05
-0.000864006
-0.00167969
-0.00252662
-0.00340558
-0.00431759
-0.00526378
-0.00624536
-0.00726361
-0.00831987
-0.00941553
-0.010552
-0.0117309
-0.0129537
-0.0142222
-0.0155377
-0.0169026
-0.0183177
-0.0197868
-0.0213082
-0.0228901
-0.0245253
-0.026228
-0.0279889
-0.0298123
-0.0317256
-0.0336688
-0.0357437
-0.0379381
0.0357947
0.023687
0.0142223
0.0110976
0.0103606
0.00971643
0.00892821
0.00807282
0.00733731
0.00690823
0.00654805
0.00601192
0.00544909
0.00499329
0.00453373
0.00398171
0.00337461
0.00274819
0.0020937
0.00140188
0.00067639
-7.89263e-05
-0.000864008
-0.00167969
-0.00252662
-0.00340558
-0.00431759
-0.00526378
-0.00624536
-0.00726361
-0.00831987
-0.00941553
-0.010552
-0.0117309
-0.0129537
-0.0142222
-0.0155377
-0.0169026
-0.0183177
-0.0197868
-0.0213082
-0.0228901
-0.0245253
-0.026228
-0.0279889
-0.0298123
-0.0317256
-0.0336687
-0.0357438
-0.0379384
0.0351121
0.023737
0.0144096
0.011164
0.010384
0.00974175
0.00895523
0.00809819
0.00735973
0.00692524
0.00655856
0.00601808
0.00545355
0.00499672
0.00453584
0.0039827
0.00337504
0.00274841
0.00209379
0.0014019
0.00067639
-7.89285e-05
-0.00086401
-0.00167969
-0.00252662
-0.00340558
-0.00431759
-0.00526378
-0.00624536
-0.00726361
-0.00831987
-0.00941553
-0.010552
-0.0117309
-0.0129537
-0.0142222
-0.0155377
-0.0169026
-0.0183177
-0.0197868
-0.0213082
-0.0228901
-0.0245253
-0.026228
-0.0279889
-0.0298123
-0.0317256
-0.0336687
-0.0357438
-0.0379386
0.0344366
0.023774
0.0146002
0.011234
0.0104066
0.00976672
0.00898293
0.00812437
0.00738284
0.00694283
0.00656947
0.00602445
0.00545814
0.00500028
0.00453805
0.00398375
0.0033755
0.00274863
0.00209389
0.00140193
0.000676392
-7.89297e-05
-0.000864011
-0.00167969
-0.00252662
-0.00340558
-0.00431759
-0.00526378
-0.00624536
-0.00726361
-0.00831987
-0.00941553
-0.010552
-0.0117309
-0.0129537
-0.0142222
-0.0155377
-0.0169026
-0.0183177
-0.0197868
-0.0213082
-0.0228901
-0.0245253
-0.026228
-0.0279889
-0.0298123
-0.0317256
-0.0336687
-0.0357438
-0.0379388
0.0337692
0.0237971
0.0147935
0.0113082
0.0104284
0.00979112
0.00901127
0.00815137
0.00740666
0.006961
0.00658078
0.00603104
0.00546288
0.00500399
0.00454038
0.00398486
0.00337599
0.00274887
0.002094
0.00140196
0.000676397
-7.89298e-05
-0.000864011
-0.00167969
-0.00252662
-0.00340558
-0.00431759
-0.00526378
-0.00624536
-0.00726361
-0.00831987
-0.00941553
-0.010552
-0.0117309
-0.0129537
-0.0142222
-0.0155377
-0.0169026
-0.0183177
-0.0197868
-0.0213082
-0.0228901
-0.0245253
-0.026228
-0.0279889
-0.0298123
-0.0317255
-0.0336686
-0.0357438
-0.0379391
0.0331109
0.0238054
0.0149888
0.011387
0.0104497
0.00981475
0.00904016
0.00817924
0.00743121
0.00697978
0.0065925
0.00603785
0.00546777
0.00500783
0.00454281
0.00398603
0.0033765
0.00274913
0.00209412
0.001402
0.000676404
-7.89285e-05
-0.00086401
-0.00167969
-0.00252662
-0.00340558
-0.00431759
-0.00526378
-0.00624536
-0.00726361
-0.00831987
-0.00941553
-0.010552
-0.0117309
-0.0129537
-0.0142222
-0.0155377
-0.0169026
-0.0183177
-0.0197868
-0.0213082
-0.0228901
-0.0245253
-0.026228
-0.0279889
-0.0298123
-0.0317255
-0.0336686
-0.0357439
-0.0379393
0.0324627
0.0237982
0.0151854
0.0114712
0.0104704
0.00983739
0.0090695
0.00820798
0.00745653
0.00699919
0.00660464
0.00604489
0.0054728
0.00501182
0.00454536
0.00398726
0.00337704
0.0027494
0.00209426
0.00140205
0.000676414
-7.89259e-05
-0.000864009
-0.00167969
-0.00252662
-0.00340558
-0.00431759
-0.00526378
-0.00624536
-0.00726361
-0.00831987
-0.00941553
-0.010552
-0.0117309
-0.0129537
-0.0142222
-0.0155377
-0.0169026
-0.0183177
-0.0197868
-0.0213082
-0.0228901
-0.0245253
-0.026228
-0.0279889
-0.0298123
-0.0317255
-0.0336686
-0.0357439
-0.0379396
0.0318254
0.0237746
0.0153821
0.0115611
0.0104908
0.00985882
0.00909916
0.00823762
0.00748264
0.00701923
0.00661722
0.00605216
0.005478
0.00501597
0.00454804
0.00398856
0.00337762
0.0027497
0.0020944
0.0014021
0.000676427
-7.89216e-05
-0.000864006
-0.00167969
-0.00252662
-0.00340558
-0.00431759
-0.00526378
-0.00624536
-0.00726361
-0.00831987
-0.00941553
-0.010552
-0.0117309
-0.0129537
-0.0142222
-0.0155377
-0.0169026
-0.0183177
-0.0197868
-0.0213082
-0.0228901
-0.0245253
-0.026228
-0.0279889
-0.0298123
-0.0317255
-0.0336685
-0.0357439
-0.0379398
0.0311998
0.0237342
0.0155778
0.0116574
0.0105113
0.00987881
0.00912898
0.00826815
0.00750957
0.00703993
0.00663024
0.00605967
0.00548335
0.00502027
0.00455084
0.00398993
0.00337822
0.00275001
0.00209456
0.00140216
0.000676443
-7.89156e-05
-0.000864003
-0.00167969
-0.00252662
-0.00340558
-0.00431759
-0.00526378
-0.00624536
-0.00726361
-0.00831987
-0.00941553
-0.010552
-0.0117309
-0.0129537
-0.0142222
-0.0155377
-0.0169026
-0.0183177
-0.0197868
-0.0213082
-0.0228901
-0.0245253
-0.026228
-0.0279889
-0.0298123
-0.0317255
-0.0336685
-0.0357439
-0.0379401
0.0305866
0.0236763
0.0157713
0.0117605
0.0105322
0.00989718
0.00915875
0.00829958
0.00753737
0.00706129
0.0066437
0.00606742
0.00548887
0.00502474
0.00455378
0.00399137
0.00337887
0.00275035
0.00209474
0.00140222
0.000676463
-7.89076e-05
-0.000863998
-0.00167969
-0.00252662
-0.00340558
-0.00431759
-0.00526378
-0.00624536
-0.00726361
-0.00831987
-0.00941553
-0.010552
-0.0117309
-0.0129537
-0.0142222
-0.0155377
-0.0169026
-0.0183177
-0.0197868
-0.0213082
-0.0228901
-0.0245253
-0.026228
-0.0279889
-0.0298123
-0.0317255
-0.0336684
-0.0357439
-0.0379404
0.0299864
0.0236007
0.0159612
0.0118707
0.010554
0.00991375
0.00918823
0.00833187
0.00756607
0.00708335
0.00665762
0.00607541
0.00549456
0.00502938
0.00455685
0.00399289
0.00337955
0.00275071
0.00209493
0.0014023
0.000676487
-7.88975e-05
-0.000863992
-0.00167969
-0.00252662
-0.00340558
-0.00431759
-0.00526378
-0.00624536
-0.00726361
-0.00831987
-0.00941553
-0.010552
-0.0117309
-0.0129537
-0.0142222
-0.0155377
-0.0169026
-0.0183177
-0.0197868
-0.0213082
-0.0228901
-0.0245253
-0.026228
-0.0279889
-0.0298123
-0.0317255
-0.0336684
-0.035744
-0.0379406
0.0293996
0.0235071
0.016146
0.0119881
0.0105774
0.00992841
0.00921716
0.008365
0.0075957
0.00710611
0.00667201
0.00608366
0.00550042
0.00503419
0.00456006
0.0039945
0.00338027
0.00275109
0.00209513
0.00140238
0.000676516
-7.8885e-05
-0.000863985
-0.00167968
-0.00252661
-0.00340557
-0.00431758
-0.00526378
-0.00624536
-0.00726361
-0.00831987
-0.00941553
-0.010552
-0.0117309
-0.0129537
-0.0142222
-0.0155377
-0.0169026
-0.0183177
-0.0197868
-0.0213082
-0.0228901
-0.0245253
-0.026228
-0.0279889
-0.0298123
-0.0317254
-0.0336683
-0.035744
-0.0379409
0.0288268
0.0233957
0.0163239
0.0121128
0.010603
0.00994113
0.00924522
0.00839887
0.00762631
0.00712962
0.00668688
0.00609217
0.00550645
0.00503917
0.00456343
0.00399618
0.00338103
0.0027515
0.00209536
0.00140248
0.00067655
-7.88699e-05
-0.000863976
-0.00167968
-0.00252661
-0.00340557
-0.00431758
-0.00526378
-0.00624536
-0.00726361
-0.00831987
-0.00941553
-0.010552
-0.0117309
-0.0129537
-0.0142222
-0.0155377
-0.0169026
-0.0183177
-0.0197868
-0.0213082
-0.0228901
-0.0245253
-0.026228
-0.0279889
-0.0298123
-0.0317254
-0.0336683
-0.035744
-0.0379412
0.0282684
0.0232668
0.0164933
0.0122443
0.0106317
0.00995194
0.00927209
0.00843337
0.00765793
0.00715388
0.00670223
0.00610094
0.00551266
0.00504434
0.00456695
0.00399796
0.00338184
0.00275194
0.0020956
0.00140259
0.000676589
-7.88519e-05
-0.000863966
-0.00167967
-0.00252661
-0.00340557
-0.00431758
-0.00526377
-0.00624536
-0.00726361
-0.00831987
-0.00941553
-0.010552
-0.0117309
-0.0129537
-0.0142222
-0.0155377
-0.0169026
-0.0183177
-0.0197868
-0.0213082
-0.0228901
-0.0245253
-0.026228
-0.0279889
-0.0298123
-0.0317254
-0.0336682
-0.035744
-0.0379415
0.0277245
0.023121
0.0166524
0.0123821
0.0106644
0.009961
0.0092974
0.00846836
0.00769059
0.00717895
0.00671808
0.00610997
0.00551905
0.00504969
0.00457063
0.00399984
0.00338269
0.0027524
0.00209586
0.0014027
0.000676634
-7.88308e-05
-0.000863954
-0.00167966
-0.0025266
-0.00340557
-0.00431758
-0.00526377
-0.00624536
-0.00726361
-0.00831987
-0.00941553
-0.010552
-0.0117309
-0.0129537
-0.0142222
-0.0155377
-0.0169026
-0.0183177
-0.0197868
-0.0213082
-0.0228901
-0.0245253
-0.0262281
-0.0279889
-0.0298123
-0.0317254
-0.0336681
-0.035744
-0.0379418
0.0271953
0.0229592
0.0167995
0.0125253
0.0107022
0.0099686
0.00932082
0.00850362
0.00772431
0.00720487
0.00673444
0.00611928
0.00552561
0.00505523
0.00457447
0.00400182
0.0033836
0.0027529
0.00209614
0.00140283
0.000676685
-7.88063e-05
-0.000863939
-0.00167966
-0.0025266
-0.00340557
-0.00431758
-0.00526377
-0.00624536
-0.00726361
-0.00831986
-0.00941552
-0.010552
-0.0117309
-0.0129537
-0.0142222
-0.0155377
-0.0169026
-0.0183177
-0.0197868
-0.0213082
-0.0228901
-0.0245253
-0.0262281
-0.0279889
-0.0298123
-0.0317254
-0.0336681
-0.0357439
-0.0379421
0.0266808
0.0227826
0.0169326
0.0126726
0.010746
0.00997514
0.00934203
0.00853889
0.00775909
0.00723168
0.00675133
0.00612885
0.00553236
0.00506095
0.00457848
0.0040039
0.00338456
0.00275343
0.00209645
0.00140298
0.000676744
-7.8778e-05
-0.000863923
-0.00167965
-0.00252659
-0.00340556
-0.00431758
-0.00526377
-0.00624536
-0.00726361
-0.00831986
-0.00941552
-0.010552
-0.0117309
-0.0129537
-0.0142222
-0.0155377
-0.0169026
-0.0183177
-0.0197868
-0.0213082
-0.0228901
-0.0245253
-0.0262281
-0.0279889
-0.0298123
-0.0317253
-0.033668
-0.0357439
-0.0379424
0.0261806
0.0225926
0.0170503
0.0128227
0.0107968
0.00998118
0.00936072
0.00857385
0.00779491
0.00725944
0.00676879
0.00613871
0.00553928
0.00506686
0.00458268
0.00400609
0.00338558
0.00275399
0.00209678
0.00140313
0.00067681
-7.87457e-05
-0.000863904
-0.00167964
-0.00252659
-0.00340556
-0.00431757
-0.00526377
-0.00624536
-0.00726361
-0.00831986
-0.00941552
-0.010552
-0.0117309
-0.0129537
-0.0142222
-0.0155377
-0.0169026
-0.0183177
-0.0197868
-0.0213082
-0.0228902
-0.0245253
-0.0262281
-0.0279889
-0.0298123
-0.0317253
-0.0336679
-0.0357439
-0.0379427
0.0256934
0.0223902
0.0171511
0.012974
0.0108552
0.00998743
0.00937668
0.00860812
0.00783171
0.00728821
0.00678683
0.00614884
0.00554637
0.00507297
0.00458705
0.0040084
0.00338665
0.00275459
0.00209713
0.00140331
0.000676884
-7.87089e-05
-0.000863882
-0.00167962
-0.00252658
-0.00340556
-0.00431757
-0.00526377
-0.00624536
-0.00726361
-0.00831986
-0.00941552
-0.010552
-0.0117309
-0.0129537
-0.0142222
-0.0155377
-0.0169026
-0.0183177
-0.0197867
-0.0213082
-0.0228902
-0.0245253
-0.0262281
-0.0279888
-0.0298123
-0.0317253
-0.0336678
-0.0357439
-0.037943
0.025218
0.0221768
0.0172338
0.013125
0.0109218
0.00999468
0.00938976
0.00864128
0.0078694
0.00731806
0.00680551
0.00615925
0.00555362
0.00507926
0.00459161
0.00401083
0.00338779
0.00275522
0.00209751
0.0014035
0.000676967
-7.86674e-05
-0.000863858
-0.00167961
-0.00252657
-0.00340555
-0.00431757
-0.00526377
-0.00624535
-0.00726361
-0.00831986
-0.00941552
-0.010552
-0.0117309
-0.0129537
-0.0142222
-0.0155377
-0.0169026
-0.0183177
-0.0197867
-0.0213082
-0.0228902
-0.0245253
-0.0262281
-0.0279888
-0.0298123
-0.0317253
-0.0336678
-0.0357438
-0.0379433
0.0247528
0.0219538
0.0172975
0.0132738
0.010997
0.0100038
0.00939994
0.00867285
0.0079078
0.00734905
0.00682487
0.00616995
0.00556103
0.00508574
0.00459636
0.00401339
0.003389
0.0027559
0.00209792
0.00140371
0.00067706
-7.86206e-05
-0.00086383
-0.00167959
-0.00252656
-0.00340555
-0.00431757
-0.00526376
-0.00624535
-0.0072636
-0.00831986
-0.00941552
-0.010552
-0.0117309
-0.0129537
-0.0142222
-0.0155377
-0.0169026
-0.0183177
-0.0197867
-0.0213082
-0.0228902
-0.0245253
-0.0262281
-0.0279888
-0.0298123
-0.0317252
-0.0336677
-0.0357438
-0.0379436
0.0242962
0.0217222
0.0173419
0.0134185
0.0110807
0.0100159
0.00940733
0.00870236
0.0079467
0.00738123
0.00684498
0.00618096
0.00556858
0.00509239
0.00460132
0.00401609
0.00339027
0.00275662
0.00209836
0.00140393
0.000677163
-7.85682e-05
-0.0008638
-0.00167957
-0.00252655
-0.00340554
-0.00431756
-0.00526376
-0.00624535
-0.0072636
-0.00831986
-0.00941552
-0.010552
-0.0117309
-0.0129537
-0.0142222
-0.0155377
-0.0169026
-0.0183177
-0.0197867
-0.0213082
-0.0228902
-0.0245253
-0.0262281
-0.0279888
-0.0298124
-0.0317252
-0.0336676
-0.0357437
-0.0379439
0.0238477
0.0214832
0.0173667
0.0135573
0.0111726
0.0100319
0.00941221
0.00872932
0.00798581
0.00741464
0.00686594
0.00619228
0.00557626
0.00509922
0.00460647
0.00401893
0.00339163
0.00275738
0.00209883
0.00140418
0.000677277
-7.85096e-05
-0.000863765
-0.00167955
-0.00252654
-0.00340553
-0.00431756
-0.00526376
-0.00624535
-0.0072636
-0.00831986
-0.00941552
-0.010552
-0.0117309
-0.0129537
-0.0142222
-0.0155377
-0.0169026
-0.0183177
-0.0197867
-0.0213082
-0.0228902
-0.0245253
-0.0262281
-0.0279888
-0.0298124
-0.0317252
-0.0336675
-0.0357437
-0.0379442
0.0234079
0.021238
0.0173725
0.0136883
0.0112719
0.010053
0.00941505
0.00875328
0.00802473
0.0074493
0.00688783
0.00620394
0.00558404
0.00510621
0.00461183
0.00402193
0.00339306
0.00275819
0.00209934
0.00140445
0.000677404
-7.84445e-05
-0.000863727
-0.00167953
-0.00252653
-0.00340552
-0.00431755
-0.00526375
-0.00624535
-0.0072636
-0.00831986
-0.00941552
-0.010552
-0.0117309
-0.0129537
-0.0142222
-0.0155377
-0.0169026
-0.0183177
-0.0197867
-0.0213082
-0.0228902
-0.0245253
-0.0262281
-0.0279888
-0.0298124
-0.0317251
-0.0336674
-0.0357436
-0.0379445
0.0229775
0.0209876
0.0173597
0.0138095
0.0113772
0.0100802
0.00941655
0.00877387
0.008063
0.00748518
0.00691077
0.00621597
0.00559191
0.00511334
0.00461741
0.00402508
0.00339457
0.00275904
0.00209988
0.00140474
0.000677543
-7.83723e-05
-0.000863684
-0.00167951
-0.00252651
-0.00340552
-0.00431755
-0.00526375
-0.00624534
-0.0072636
-0.00831985
-0.00941552
-0.010552
-0.0117309
-0.0129537
-0.0142222
-0.0155377
-0.0169026
-0.0183177
-0.0197867
-0.0213082
-0.0228902
-0.0245253
-0.0262281
-0.0279888
-0.0298124
-0.0317251
-0.0336673
-0.0357435
-0.0379448
0.0225573
0.0207331
0.0173295
0.0139195
0.0114868
0.0101144
0.0094176
0.00879083
0.00810005
0.00752219
0.0069349
0.00622842
0.00559985
0.0051206
0.0046232
0.0040284
0.00339617
0.00275995
0.00210045
0.00140506
0.000677696
-7.82924e-05
-0.000863637
-0.00167948
-0.0025265
-0.00340551
-0.00431754
-0.00526375
-0.00624534
-0.0072636
-0.00831985
-0.00941551
-0.010552
-0.0117309
-0.0129537
-0.0142222
-0.0155377
-0.0169026
-0.0183177
-0.0197867
-0.0213082
-0.0228902
-0.0245253
-0.0262281
-0.0279888
-0.0298124
-0.031725
-0.0336672
-0.0357434
-0.0379452
0.0221484
0.0204756
0.0172831
0.0140168
0.0115986
0.0101563
0.0094193
0.00880403
0.00813527
0.00756017
0.00696035
0.00624137
0.00560782
0.00512796
0.0046292
0.0040319
0.00339786
0.0027609
0.00210106
0.0014054
0.000677864
-7.82042e-05
-0.000863585
-0.00167945
-0.00252648
-0.00340549
-0.00431753
-0.00526374
-0.00624534
-0.00726359
-0.00831985
-0.00941551
-0.010552
-0.0117309
-0.0129537
-0.0142222
-0.0155377
-0.0169026
-0.0183177
-0.0197867
-0.0213082
-0.0228902
-0.0245253
-0.0262281
-0.0279888
-0.0298124
-0.031725
-0.0336671
-0.0357433
-0.0379455
0.0217514
0.0202161
0.0172216
0.0141001
0.0117105
0.0102062
0.00942284
0.00881353
0.008168
0.0075989
0.00698725
0.00625491
0.00561581
0.00513538
0.00463542
0.00403559
0.00339966
0.0027619
0.00210171
0.00140577
0.000678048
-7.81073e-05
-0.000863528
-0.00167941
-0.00252646
-0.00340548
-0.00431753
-0.00526374
-0.00624533
-0.00726359
-0.00831985
-0.00941551
-0.010552
-0.0117309
-0.0129537
-0.0142222
-0.0155377
-0.0169026
-0.0183177
-0.0197867
-0.0213082
-0.0228902
-0.0245253
-0.0262281
-0.0279888
-0.0298124
-0.031725
-0.033667
-0.0357432
-0.0379458
0.0213655
0.0199555
0.0171464
0.0141688
0.0118205
0.0102642
0.00942941
0.00881958
0.00819756
0.00763803
0.00701574
0.00626914
0.00562379
0.00514283
0.00464185
0.00403948
0.00340155
0.00276296
0.0021024
0.00140617
0.000678249
-7.80008e-05
-0.000863465
-0.00167937
-0.00252644
-0.00340547
-0.00431752
-0.00526373
-0.00624533
-0.00726359
-0.00831985
-0.00941551
-0.010552
-0.0117309
-0.0129537
-0.0142222
-0.0155377
-0.0169026
-0.0183177
-0.0197867
-0.0213082
-0.0228902
-0.0245253
-0.0262281
-0.0279888
-0.0298124
-0.0317249
-0.0336668
-0.0357431
-0.0379461
0.0209883
0.0196947
0.0170588
0.0142222
0.0119266
0.0103299
0.00944023
0.00882265
0.00822334
0.00767711
0.0070459
0.00628424
0.00563175
0.00515025
0.00464848
0.00404358
0.00340355
0.00276408
0.00210313
0.0014066
0.000678468
-7.78843e-05
-0.000863396
-0.00167933
-0.00252641
-0.00340545
-0.00431751
-0.00526372
-0.00624532
-0.00726358
-0.00831984
-0.00941551
-0.010552
-0.0117309
-0.0129537
-0.0142222
-0.0155377
-0.0169026
-0.0183177
-0.0197867
-0.0213082
-0.0228902
-0.0245253
-0.0262281
-0.0279888
-0.0298124
-0.0317249
-0.0336667
-0.035743
-0.0379464
0.0206167
0.019434
0.0169603
0.0142604
0.0120269
0.0104022
0.00945638
0.00882348
0.00824477
0.00771556
0.00707779
0.00630036
0.00563969
0.0051576
0.0046553
0.0040479
0.00340568
0.00276524
0.0021039
0.00140706
0.000678706
-7.7757e-05
-0.00086332
-0.00167929
-0.00252638
-0.00340544
-0.0043175
-0.00526372
-0.00624532
-0.00726358
-0.00831984
-0.0094155
-0.010552
-0.0117309
-0.0129537
-0.0142222
-0.0155377
-0.0169026
-0.0183177
-0.0197867
-0.0213082
-0.0228902
-0.0245253
-0.0262281
-0.0279888
-0.0298124
-0.0317248
-0.0336666
-0.0357429
-0.0379467
0.0202461
0.0191732
0.0168524
0.0142838
0.0121197
0.0104798
0.00947878
0.00882307
0.00826147
0.00775268
0.0071114
0.00631773
0.00564764
0.0051648
0.00466229
0.00405245
0.00340792
0.00276647
0.00210472
0.00140755
0.000678964
-7.76182e-05
-0.000863238
-0.00167924
-0.00252635
-0.00340542
-0.00431749
-0.00526371
-0.00624531
-0.00726358
-0.00831984
-0.0094155
-0.010552
-0.0117309
-0.0129537
-0.0142222
-0.0155377
-0.0169026
-0.0183177
-0.0197867
-0.0213082
-0.0228902
-0.0245253
-0.0262281
-0.0279888
-0.0298124
-0.0317248
-0.0336665
-0.0357428
-0.037947
0.0198722
0.0189119
0.0167369
0.0142932
0.0122036
0.0105606
0.00950808
0.00882264
0.00827323
0.00778768
0.00714661
0.00633658
0.00565563
0.00517179
0.00466943
0.00405725
0.0034103
0.00276775
0.00210558
0.00140808
0.000679245
-7.74673e-05
-0.000863148
-0.00167918
-0.00252632
-0.0034054
-0.00431747
-0.0052637
-0.00624531
-0.00726357
-0.00831984
-0.0094155
-0.010552
-0.0117309
-0.0129537
-0.0142221
-0.0155377
-0.0169026
-0.0183177
-0.0197867
-0.0213082
-0.0228902
-0.0245253
-0.0262282
-0.0279888
-0.0298124
-0.0317247
-0.0336663
-0.0357426
-0.0379473
0.0194909
0.0186494
0.0166157
0.0142896
0.0122774
0.0106426
0.00954453
0.00882361
0.00828008
0.00781967
0.00718321
0.00635715
0.00566374
0.0051785
0.00467668
0.00406231
0.00341282
0.00276909
0.00210648
0.00140864
0.000679548
-7.73034e-05
-0.000863051
-0.00167912
-0.00252629
-0.00340538
-0.00431746
-0.00526369
-0.0062453
-0.00726357
-0.00831983
-0.0094155
-0.010552
-0.0117309
-0.0129537
-0.0142221
-0.0155377
-0.0169026
-0.0183177
-0.0197867
-0.0213082
-0.0228902
-0.0245253
-0.0262282
-0.0279888
-0.0298124
-0.0317247
-0.0336662
-0.0357425
-0.0379476
0.0190989
0.0183843
0.0164907
0.0142743
0.0123405
0.0107234
0.00958795
0.00882741
0.00828236
0.00784776
0.00722085
0.00637969
0.00567209
0.00518483
0.00468399
0.00406764
0.00341549
0.00277049
0.00210742
0.00140925
0.000679875
-7.71259e-05
-0.000862945
-0.00167906
-0.00252625
-0.00340535
-0.00431744
-0.00526368
-0.00624529
-0.00726356
-0.00831983
-0.00941549
-0.010552
-0.0117309
-0.0129537
-0.0142221
-0.0155377
-0.0169026
-0.0183177
-0.0197867
-0.0213082
-0.0228902
-0.0245253
-0.0262282
-0.0279888
-0.0298124
-0.0317246
-0.033666
-0.0357423
-0.0379479
0.0186964
0.0181148
0.0163636
0.0142487
0.0123922
0.010801
0.00963774
0.00883541
0.00828066
0.00787111
0.00725902
0.00640441
0.00568084
0.00519074
0.00469129
0.00407323
0.00341833
0.00277194
0.00210841
0.00140989
0.000680228
-7.69341e-05
-0.000862831
-0.00167899
-0.0025262
-0.00340533
-0.00431743
-0.00526367
-0.00624528
-0.00726356
-0.00831982
-0.00941549
-0.010552
-0.0117309
-0.0129537
-0.0142221
-0.0155377
-0.0169026
-0.0183177
-0.0197867
-0.0213082
-0.0228902
-0.0245253
-0.0262282
-0.0279888
-0.0298124
-0.0317246
-0.0336659
-0.0357421
-0.0379482
0.018288
0.0178393
0.0162359
0.0142142
0.0124326
0.0108736
0.00969274
0.0088488
0.00827592
0.00788896
0.00729708
0.00643149
0.00569019
0.00519614
0.00469853
0.0040791
0.00342135
0.00277346
0.00210943
0.00141057
0.000680608
-7.67272e-05
-0.000862707
-0.00167892
-0.00252616
-0.0034053
-0.00431741
-0.00526366
-0.00624528
-0.00726355
-0.00831982
-0.00941549
-0.010552
-0.0117309
-0.0129537
-0.0142221
-0.0155377
-0.0169026
-0.0183177
-0.0197867
-0.0213082
-0.0228902
-0.0245253
-0.0262282
-0.0279888
-0.0298124
-0.0317245
-0.0336657
-0.0357419
-0.0379485
0.0178834
0.0175566
0.0161081
0.0141723
0.0124618
0.0109398
0.00975135
0.00886847
0.00826934
0.00790076
0.00733419
0.00646101
0.0057004
0.00520101
0.0047056
0.00408525
0.00342456
0.00277504
0.0021105
0.00141129
0.000681016
-7.65046e-05
-0.000862575
-0.00167883
-0.00252611
-0.00340527
-0.00431739
-0.00526364
-0.00624527
-0.00726354
-0.00831981
-0.00941548
-0.010552
-0.0117309
-0.0129537
-0.0142221
-0.0155377
-0.0169026
-0.0183177
-0.0197867
-0.0213082
-0.0228901
-0.0245253
-0.0262282
-0.0279888
-0.0298124
-0.0317245
-0.0336656
-0.0357418
-0.0379487
0.0174964
0.0172668
0.0159802
0.0141244
0.0124804
0.0109983
0.00981159
0.00889492
0.00826241
0.0079062
0.0073694
0.00649296
0.00571178
0.00520534
0.0047124
0.00409164
0.00342799
0.00277668
0.0021116
0.00141205
0.000681454
-7.62654e-05
-0.000862432
-0.00167875
-0.00252606
-0.00340523
-0.00431737
-0.00526363
-0.00624526
-0.00726354
-0.00831981
-0.00941548
-0.010552
-0.0117309
-0.0129537
-0.0142221
-0.0155377
-0.0169026
-0.0183177
-0.0197867
-0.0213082
-0.0228901
-0.0245253
-0.0262282
-0.0279888
-0.0298124
-0.0317244
-0.0336654
-0.0357416
-0.037949
0.0171424
0.0169716
0.0158508
0.0140716
0.012489
0.0110486
0.00987125
0.00892812
0.00825677
0.00790534
0.00740165
0.00652716
0.00572466
0.00520915
0.00471882
0.00409827
0.00343165
0.00277839
0.00211273
0.00141285
0.000681922
-7.60091e-05
-0.000862279
-0.00167865
-0.002526
-0.0034052
-0.00431734
-0.00526361
-0.00624525
-0.00726353
-0.0083198
-0.00941547
-0.010552
-0.0117309
-0.0129537
-0.0142221
-0.0155377
-0.0169026
-0.0183177
-0.0197867
-0.0213082
-0.0228901
-0.0245253
-0.0262282
-0.0279888
-0.0298124
-0.0317244
-0.0336652
-0.0357414
-0.0379492
0.0168355
0.0166743
0.0157177
0.0140149
0.0124886
0.0110904
0.00992818
0.00896754
0.00825408
0.00789855
0.00742984
0.00656328
0.00573937
0.00521252
0.00472474
0.0041051
0.00343556
0.00278017
0.00211389
0.00141369
0.000682422
-7.57348e-05
-0.000862116
-0.00167855
-0.00252594
-0.00340516
-0.00431732
-0.0052636
-0.00624523
-0.00726352
-0.0083198
-0.00941547
-0.010552
-0.0117309
-0.0129537
-0.0142221
-0.0155377
-0.0169026
-0.0183177
-0.0197867
-0.0213082
-0.0228901
-0.0245253
-0.0262282
-0.0279888
-0.0298124
-0.0317243
-0.033665
-0.0357411
-0.0379495
0.0165847
0.0163799
0.015578
0.0139547
0.0124801
0.0111237
0.0099805
0.00901209
0.00825584
0.00788662
0.00745293
0.0066008
0.00575626
0.00521559
0.00473003
0.00411205
0.00343974
0.00278204
0.00211508
0.00141457
0.000682955
-7.54421e-05
-0.000861942
-0.00167844
-0.00252587
-0.00340512
-0.00431729
-0.00526358
-0.00624522
-0.00726351
-0.00831979
-0.00941546
-0.010552
-0.0117309
-0.0129537
-0.0142221
-0.0155377
-0.0169026
-0.0183177
-0.0197867
-0.0213082
-0.0228901
-0.0245253
-0.0262282
-0.0279888
-0.0298124
-0.0317243
-0.0336649
-0.0357409
-0.0379497
0.0163902
0.0160943
0.0154286
0.0138908
0.0124641
0.0111488
0.0100268
0.00906018
0.00826325
0.00787068
0.00747
0.00663902
0.00577558
0.00521856
0.00473459
0.00411908
0.0034442
0.00278399
0.00211628
0.00141549
0.000683521
-7.51302e-05
-0.000861757
-0.00167832
-0.0025258
-0.00340507
-0.00431726
-0.00526356
-0.00624521
-0.0072635
-0.00831978
-0.00941546
-0.010552
-0.0117309
-0.0129537
-0.0142221
-0.0155377
-0.0169026
-0.0183177
-0.0197867
-0.0213082
-0.0228901
-0.0245253
-0.0262282
-0.0279888
-0.0298124
-0.0317242
-0.0336647
-0.0357407
-0.03795
0.0162431
0.015823
0.0152672
0.0138224
0.0124413
0.0111664
0.0100661
0.00910984
0.0082771
0.00785222
0.00748036
0.00667703
0.00579755
0.00522167
0.00473831
0.00412608
0.00344894
0.00278605
0.0021175
0.00141643
0.00068412
-7.47985e-05
-0.000861561
-0.0016782
-0.00252572
-0.00340502
-0.00431723
-0.00526354
-0.00624519
-0.00726349
-0.00831977
-0.00941545
-0.010552
-0.0117309
-0.0129537
-0.0142221
-0.0155377
-0.0169026
-0.0183177
-0.0197867
-0.0213082
-0.0228901
-0.0245253
-0.0262282
-0.0279888
-0.0298123
-0.0317241
-0.0336645
-0.0357404
-0.0379502
0.0161272
0.0155701
0.0150925
0.0137483
0.0124122
0.011177
0.010098
0.00915883
0.00829768
0.00783293
0.00748363
0.00671378
0.00582222
0.00522524
0.00474112
0.00413293
0.00345397
0.00278822
0.00211873
0.00141741
0.000684753
-7.44465e-05
-0.000861353
-0.00167807
-0.00252564
-0.00340497
-0.00431719
-0.00526352
-0.00624518
-0.00726347
-0.00831976
-0.00941544
-0.010552
-0.0117309
-0.0129537
-0.0142221
-0.0155377
-0.0169026
-0.0183177
-0.0197867
-0.0213082
-0.0228901
-0.0245253
-0.0262282
-0.0279888
-0.0298123
-0.0317241
-0.0336643
-0.0357402
-0.0379504
0.0160228
0.0153375
0.0149051
0.013667
0.0123772
0.0111813
0.0101225
0.00920493
0.00832463
0.00781464
0.00747981
0.00674813
0.0058495
0.00522963
0.00474302
0.00413952
0.00345928
0.00279053
0.00211998
0.0014184
0.000685419
-7.40737e-05
-0.000861135
-0.00167793
-0.00252555
-0.00340492
-0.00431716
-0.00526349
-0.00624516
-0.00726346
-0.00831975
-0.00941543
-0.010552
-0.0117309
-0.0129537
-0.0142221
-0.0155377
-0.0169026
-0.0183177
-0.0197867
-0.0213082
-0.0228901
-0.0245253
-0.0262282
-0.0279888
-0.0298123
-0.031724
-0.0336641
-0.0357399
-0.0379506
0.015912
0.0151248
0.0147069
0.013577
0.0123362
0.0111799
0.0101399
0.00924617
0.00835706
0.00779909
0.00746933
0.00677892
0.00587911
0.0052352
0.00474403
0.00414571
0.00346483
0.00279299
0.00212122
0.00141942
0.000686117
-7.36798e-05
-0.000860904
-0.00167778
-0.00252546
-0.00340486
-0.00431712
-0.00526346
-0.00624514
-0.00726345
-0.00831974
-0.00941542
-0.0105519
-0.0117309
-0.0129537
-0.0142221
-0.0155377
-0.0169026
-0.0183177
-0.0197867
-0.0213082
-0.0228901
-0.0245254
-0.0262282
-0.0279888
-0.0298123
-0.031724
-0.0336639
-0.0357397
-0.0379507
0.0157821
0.0149298
0.0145014
0.0134772
0.0122892
0.0111728
0.010151
0.00928103
0.00839353
0.00778774
0.00745303
0.00680505
0.00591055
0.00524232
0.00474424
0.00415134
0.00347058
0.00279562
0.00212248
0.00142044
0.000686844
-7.32646e-05
-0.000860663
-0.00167763
-0.00252536
-0.00340479
-0.00431708
-0.00526343
-0.00624512
-0.00726343
-0.00831973
-0.00941542
-0.0105519
-0.0117309
-0.0129537
-0.0142221
-0.0155377
-0.0169026
-0.0183177
-0.0197867
-0.0213082
-0.0228901
-0.0245254
-0.0262282
-0.0279888
-0.0298123
-0.0317239
-0.0336637
-0.0357394
-0.0379509
0.0156263
0.0147485
0.0142927
0.0133673
0.0122359
0.0111603
0.0101565
0.00930858
0.00843219
0.00778164
0.00743214
0.0068256
0.00594313
0.00525129
0.00474381
0.0041563
0.00347648
0.00279843
0.00212374
0.00142146
0.000687597
-7.28281e-05
-0.00086041
-0.00167747
-0.00252525
-0.00340473
-0.00431703
-0.0052634
-0.0062451
-0.00726342
-0.00831972
-0.00941541
-0.0105519
-0.0117308
-0.0129537
-0.0142221
-0.0155377
-0.0169026
-0.0183177
-0.0197867
-0.0213082
-0.0228901
-0.0245254
-0.0262282
-0.0279888
-0.0298122
-0.0317238
-0.0336635
-0.0357391
-0.0379511
0.0154441
0.0145766
0.0140846
0.0132474
0.012176
0.011142
0.0101571
0.00932844
0.00847088
0.00778137
0.00740818
0.0068399
0.00597598
0.00526233
0.00474296
0.00416044
0.00348244
0.00280144
0.00212502
0.00142248
0.000688374
-7.23706e-05
-0.000860146
-0.0016773
-0.00252514
-0.00340466
-0.00431698
-0.00526337
-0.00624507
-0.0072634
-0.0083197
-0.00941539
-0.0105519
-0.0117308
-0.0129537
-0.0142221
-0.0155377
-0.0169026
-0.0183177
-0.0197867
-0.0213082
-0.0228901
-0.0245254
-0.0262282
-0.0279889
-0.0298122
-0.0317237
-0.0336633
-0.0357388
-0.0379512
0.0152392
0.0144093
0.0138806
0.0131186
0.0121093
0.0111176
0.0101536
0.00934074
0.00850746
0.00778691
0.00738284
0.00684762
0.00600809
0.00527555
0.00474196
0.00416368
0.00348835
0.00280464
0.00212632
0.00142347
0.000689168
-7.1893e-05
-0.000859871
-0.00167712
-0.00252503
-0.00340458
-0.00431693
-0.00526334
-0.00624505
-0.00726338
-0.00831969
-0.00941538
-0.0105519
-0.0117308
-0.0129537
-0.0142221
-0.0155377
-0.0169026
-0.0183177
-0.0197867
-0.0213083
-0.0228901
-0.0245254
-0.0262282
-0.0279889
-0.0298122
-0.0317237
-0.0336631
-0.0357385
-0.0379513
0.015017
0.0142431
0.013683
0.0129824
0.0120357
0.0110869
0.0101463
0.00934604
0.00853996
0.0077977
0.00735782
0.00684878
0.00603841
0.00529087
0.00474113
0.00416597
0.0034941
0.00280804
0.00212765
0.00142445
0.000689973
-7.13966e-05
-0.000859585
-0.00167694
-0.00252491
-0.0034045
-0.00431688
-0.0052633
-0.00624502
-0.00726336
-0.00831967
-0.00941537
-0.0105519
-0.0117308
-0.0129537
-0.0142221
-0.0155377
-0.0169026
-0.0183177
-0.0197867
-0.0213083
-0.0228901
-0.0245254
-0.0262282
-0.0279889
-0.0298121
-0.0317236
-0.0336629
-0.0357382
-0.0379514
0.0147834
0.0140752
0.0134931
0.0128408
0.0119553
0.0110496
0.0101353
0.00934513
0.00856682
0.00781268
0.00733461
0.00684381
0.00606589
0.00530806
0.00474078
0.0041673
0.00349957
0.0028116
0.00212902
0.00142539
0.000690782
-7.08832e-05
-0.00085929
-0.00167675
-0.00252478
-0.00340442
-0.00431683
-0.00526326
-0.00624499
-0.00726334
-0.00831965
-0.00941536
-0.0105519
-0.0117308
-0.0129536
-0.0142221
-0.0155377
-0.0169026
-0.0183177
-0.0197867
-0.0213083
-0.0228901
-0.0245254
-0.0262282
-0.0279889
-0.0298121
-0.0317235
-0.0336627
-0.0357379
-0.0379515
0.0145434
0.0139039
0.0133113
0.0126957
0.0118685
0.0110055
0.0101204
0.00933893
0.00858703
0.0078304
0.00731441
0.00683346
0.00608961
0.00532672
0.00474122
0.00416773
0.00350461
0.00281531
0.00213044
0.0014263
0.000691588
-7.03556e-05
-0.000858985
-0.00167655
-0.00252465
-0.00340433
-0.00431677
-0.00526322
-0.00624496
-0.00726332
-0.00831963
-0.00941534
-0.0105519
-0.0117308
-0.0129536
-0.0142221
-0.0155377
-0.0169026
-0.0183177
-0.0197867
-0.0213083
-0.0228901
-0.0245254
-0.0262282
-0.0279889
-0.0298121
-0.0317234
-0.0336625
-0.0357376
-0.0379516
0.0143014
0.0137285
0.013137
0.0125491
0.0117759
0.0109545
0.0101011
0.00932832
0.00860012
0.00784917
0.00729793
0.00681879
0.00610884
0.00534626
0.00474267
0.00416736
0.0035091
0.0028191
0.00213193
0.00142717
0.00069238
-6.98175e-05
-0.000858672
-0.00167636
-0.00252451
-0.00340424
-0.00431671
-0.00526317
-0.00624493
-0.00726329
-0.00831962
-0.00941533
-0.0105519
-0.0117308
-0.0129536
-0.0142221
-0.0155377
-0.0169026
-0.0183177
-0.0197867
-0.0213083
-0.0228901
-0.0245254
-0.0262282
-0.0279889
-0.029812
-0.0317233
-0.0336623
-0.0357373
-0.0379516
0.0140615
0.0135492
0.0129691
0.0124025
0.0116784
0.010897
0.0100771
0.00931402
0.00860612
0.00786722
0.00728543
0.00680105
0.0061231
0.005366
0.00474531
0.00416634
0.00351294
0.0028229
0.00213348
0.001428
0.00069315
-6.92731e-05
-0.000858353
-0.00167615
-0.00252438
-0.00340415
-0.00431664
-0.00526313
-0.0062449
-0.00726326
-0.00831959
-0.00941531
-0.0105519
-0.0117308
-0.0129536
-0.0142221
-0.0155377
-0.0169025
-0.0183177
-0.0197867
-0.0213083
-0.0228901
-0.0245255
-0.0262282
-0.0279889
-0.029812
-0.0317232
-0.0336621
-0.035737
-0.0379517
0.0138267
0.0133668
0.0128063
0.012257
0.0115766
0.0108333
0.0100478
0.00929651
0.00860542
0.00788292
0.00727671
0.00678154
0.00613221
0.00538514
0.00474918
0.00416487
0.00351603
0.00282665
0.0021351
0.00142879
0.000693887
-6.87281e-05
-0.000858029
-0.00167595
-0.00252424
-0.00340405
-0.00431658
-0.00526308
-0.00624486
-0.00726324
-0.00831957
-0.00941529
-0.0105519
-0.0117308
-0.0129536
-0.0142221
-0.0155377
-0.0169025
-0.0183177
-0.0197867
-0.0213083
-0.0228901
-0.0245255
-0.0262282
-0.0279889
-0.0298119
-0.0317231
-0.0336618
-0.0357366
-0.0379517
0.0135993
0.0131825
0.0126472
0.0121132
0.0114715
0.010764
0.0100128
0.00927598
0.00859869
0.00789494
0.00727115
0.00676144
0.00613629
0.00540292
0.0047542
0.00416316
0.00351834
0.00283023
0.00213677
0.00142954
0.000694583
-6.81889e-05
-0.000857703
-0.00167574
-0.00252409
-0.00340395
-0.00431651
-0.00526303
-0.00624482
-0.00726321
-0.00831955
-0.00941527
-0.0105518
-0.0117308
-0.0129536
-0.0142221
-0.0155377
-0.0169025
-0.0183177
-0.0197867
-0.0213083
-0.0228901
-0.0245255
-0.0262281
-0.0279889
-0.0298119
-0.031723
-0.0336616
-0.0357363
-0.0379517
0.0133804
0.0129977
0.0124906
0.0119716
0.0113638
0.0106897
0.00997213
0.00925238
0.00858668
0.00790234
0.00726784
0.00674174
0.00613569
0.00541861
0.00476017
0.00416142
0.00351984
0.00283357
0.00213848
0.00143025
0.000695227
-6.76626e-05
-0.000857377
-0.00167554
-0.00252395
-0.00340385
-0.00431643
-0.00526298
-0.00624478
-0.00726317
-0.00831952
-0.00941525
-0.0105518
-0.0117308
-0.0129536
-0.0142221
-0.0155376
-0.0169025
-0.0183177
-0.0197867
-0.0213083
-0.0228901
-0.0245255
-0.0262281
-0.0279889
-0.0298118
-0.0317229
-0.0336614
-0.0357359
-0.0379517
0.0131706
0.0128139
0.0123358
0.0118322
0.0112543
0.0106113
0.00992572
0.00922548
0.00857013
0.0079046
0.00726568
0.00672313
0.00613102
0.00543163
0.00476678
0.00415982
0.00352057
0.00283656
0.0021402
0.00143092
0.000695812
-6.71574e-05
-0.000857054
-0.00167534
-0.0025238
-0.00340375
-0.00431636
-0.00526292
-0.00624474
-0.00726314
-0.0083195
-0.00941523
-0.0105518
-0.0117307
-0.0129536
-0.0142221
-0.0155376
-0.0169025
-0.0183177
-0.0197867
-0.0213083
-0.0228901
-0.0245255
-0.0262281
-0.0279889
-0.0298118
-0.0317228
-0.0336612
-0.0357356
-0.0379516
0.0129695
0.0126322
0.0121821
0.0116948
0.0111435
0.0105293
0.00987388
0.00919498
0.0085497
0.00790157
0.00726355
0.00670596
0.006123
0.00544157
0.00477363
0.00415848
0.00352058
0.00283911
0.00214189
0.00143156
0.000696331
-6.66816e-05
-0.000856739
-0.00167513
-0.00252366
-0.00340364
-0.00431628
-0.00526286
-0.00624469
-0.0072631
-0.00831947
-0.00941521
-0.0105518
-0.0117307
-0.0129536
-0.014222
-0.0155376
-0.0169025
-0.0183177
-0.0197867
-0.0213083
-0.0228901
-0.0245255
-0.0262281
-0.0279889
-0.0298117
-0.0317226
-0.033661
-0.0357353
-0.0379515
0.0127764
0.0124536
0.0120295
0.0115592
0.0110318
0.0104445
0.00981703
0.00916063
0.00852586
0.00789341
0.00726036
0.00669027
0.00611241
0.0054482
0.00478026
0.00415747
0.00351997
0.00284115
0.0021435
0.00143216
0.000696779
-6.6244e-05
-0.000856436
-0.00167494
-0.00252352
-0.00340354
-0.0043162
-0.0052628
-0.00624464
-0.00726307
-0.00831944
-0.00941518
-0.0105518
-0.0117307
-0.0129536
-0.014222
-0.0155376
-0.0169025
-0.0183177
-0.0197867
-0.0213083
-0.0228901
-0.0245255
-0.0262281
-0.0279889
-0.0298116
-0.0317225
-0.0336607
-0.0357349
-0.0379515
0.0125907
0.0122789
0.011878
0.0114251
0.0109197
0.0103574
0.00975575
0.00912225
0.00849894
0.00788046
0.00725523
0.00667584
0.00609999
0.00545149
0.00478621
0.00415678
0.00351883
0.00284263
0.00214497
0.00143272
0.000697151
-6.58532e-05
-0.000856149
-0.00167475
-0.00252338
-0.00340343
-0.00431612
-0.00526274
-0.0062446
-0.00726303
-0.00831941
-0.00941516
-0.0105517
-0.0117307
-0.0129536
-0.014222
-0.0155376
-0.0169025
-0.0183177
-0.0197866
-0.0213083
-0.02289
-0.0245255
-0.0262281
-0.0279889
-0.0298116
-0.0317224
-0.0336605
-0.0357346
-0.0379514
0.0124115
0.0121084
0.0117279
0.0112926
0.0108075
0.0102684
0.00969063
0.00907982
0.00846908
0.00786319
0.00724751
0.00666225
0.00608639
0.00545157
0.00479106
0.00415632
0.00351728
0.00284352
0.00214625
0.00143322
0.000697443
-6.55175e-05
-0.000855884
-0.00167457
-0.00252325
-0.00340333
-0.00431604
-0.00526268
-0.00624454
-0.00726298
-0.00831937
-0.00941513
-0.0105517
-0.0117307
-0.0129535
-0.014222
-0.0155376
-0.0169025
-0.0183177
-0.0197866
-0.0213083
-0.02289
-0.0245255
-0.0262281
-0.0279889
-0.0298115
-0.0317222
-0.0336603
-0.0357342
-0.0379512
0.0122381
0.0119425
0.0115796
0.0111615
0.0106953
0.0101779
0.00962231
0.00903345
0.00843637
0.00784206
0.00723681
0.00664897
0.00607206
0.00544873
0.00479447
0.00415595
0.00351541
0.00284383
0.00214727
0.00143364
0.000697655
-6.52444e-05
-0.000855647
-0.00167441
-0.00252313
-0.00340323
-0.00431596
-0.00526261
-0.00624449
-0.00726294
-0.00831934
-0.0094151
-0.0105517
-0.0117307
-0.0129535
-0.014222
-0.0155376
-0.0169025
-0.0183177
-0.0197866
-0.0213083
-0.02289
-0.0245256
-0.0262281
-0.0279889
-0.0298114
-0.0317221
-0.0336601
-0.0357339
-0.0379511
0.0120699
0.0117811
0.0114335
0.0110319
0.0105834
0.0100864
0.00955137
0.00898341
0.00840081
0.00781754
0.00722296
0.00663544
0.00605732
0.00544332
0.00479617
0.00415548
0.00351329
0.00284355
0.00214799
0.00143397
0.000697781
-6.50402e-05
-0.000855443
-0.00167426
-0.00252301
-0.00340313
-0.00431588
-0.00526255
-0.00624443
-0.00726289
-0.0083193
-0.00941507
-0.0105517
-0.0117307
-0.0129535
-0.014222
-0.0155376
-0.0169025
-0.0183177
-0.0197866
-0.0213083
-0.02289
-0.0245256
-0.026228
-0.0279889
-0.0298113
-0.0317219
-0.0336598
-0.0357335
-0.0379509
0.0119065
0.0116244
0.01129
0.0109039
0.0104721
0.00999418
0.00947835
0.00893007
0.00836247
0.00779002
0.007206
0.00662117
0.0060423
0.00543574
0.00479602
0.00415469
0.00351095
0.00284273
0.00214835
0.00143417
0.00069782
-6.49103e-05
-0.000855279
-0.00167413
-0.0025229
-0.00340304
-0.0043158
-0.00526248
-0.00624438
-0.00726284
-0.00831926
-0.00941504
-0.0105517
-0.0117306
-0.0129535
-0.014222
-0.0155376
-0.0169025
-0.0183177
-0.0197866
-0.0213083
-0.02289
-0.0245256
-0.026228
-0.0279889
-0.0298113
-0.0317218
-0.0336596
-0.0357331
-0.0379507
0.0117479
0.0114722
0.0111495
0.0107779
0.0103618
0.00990155
0.00940375
0.00887389
0.00832143
0.00775984
0.00718606
0.00660575
0.00602702
0.00542638
0.004794
0.00415339
0.00350841
0.00284141
0.00214834
0.00143423
0.000697765
-6.48588e-05
-0.00085516
-0.00167401
-0.0025228
-0.00340295
-0.00431572
-0.00526241
-0.00624432
-0.00726279
-0.00831922
-0.00941501
-0.0105516
-0.0117306
-0.0129535
-0.014222
-0.0155376
-0.0169025
-0.0183177
-0.0197866
-0.0213083
-0.02289
-0.0245256
-0.026228
-0.0279889
-0.0298112
-0.0317216
-0.0336594
-0.0357328
-0.0379505
0.011594
0.0113246
0.0110123
0.0106539
0.0102525
0.00980888
0.00932801
0.00881534
0.00827789
0.00772726
0.0071634
0.00658888
0.00601137
0.00541558
0.00479015
0.00415138
0.00350565
0.00283964
0.00214794
0.00143411
0.000697612
-6.48888e-05
-0.000855091
-0.00167393
-0.00252272
-0.00340286
-0.00431564
-0.00526234
-0.00624426
-0.00726274
-0.00831918
-0.00941497
-0.0105516
-0.0117306
-0.0129535
-0.014222
-0.0155376
-0.0169025
-0.0183176
-0.0197866
-0.0213083
-0.02289
-0.0245256
-0.026228
-0.0279889
-0.0298111
-0.0317215
-0.0336592
-0.0357324
-0.0379503
0.0114448
0.0111816
0.0108786
0.0105325
0.0101448
0.00971652
0.00925157
0.00875494
0.00823209
0.00769255
0.0071383
0.00657042
0.00599526
0.00540362
0.00478461
0.00414853
0.00350261
0.00283746
0.00214713
0.00143378
0.000697353
-6.5002e-05
-0.000855075
-0.00167387
-0.00252265
-0.00340278
-0.00431556
-0.00526226
-0.00624419
-0.00726269
-0.00831913
-0.00941494
-0.0105516
-0.0117306
-0.0129534
-0.0142219
-0.0155376
-0.0169025
-0.0183176
-0.0197866
-0.0213083
-0.02289
-0.0245256
-0.026228
-0.0279888
-0.029811
-0.0317213
-0.0336589
-0.0357321
-0.0379501
0.0113005
0.0110433
0.0107488
0.0104138
0.0100388
0.00962487
0.00917483
0.00869318
0.00818436
0.00765595
0.00711109
0.00655034
0.00597853
0.00539073
0.00477755
0.00414476
0.00349925
0.00283492
0.00214594
0.00143324
0.00069698
-6.51992e-05
-0.000855115
-0.00167384
-0.00252259
-0.00340271
-0.00431549
-0.00526219
-0.00624413
-0.00726263
-0.00831908
-0.0094149
-0.0105515
-0.0117305
-0.0129534
-0.0142219
-0.0155376
-0.0169025
-0.0183176
-0.0197866
-0.0213083
-0.02289
-0.0245256
-0.026228
-0.0279888
-0.0298109
-0.0317212
-0.0336587
-0.0357317
-0.0379498
0.0111613
0.0109098
0.0106231
0.0102982
0.00993506
0.00953431
0.00909822
0.00863058
0.00813511
0.00761774
0.00708207
0.0065287
0.00596111
0.00537707
0.00476919
0.00414004
0.00349552
0.00283205
0.00214439
0.00143247
0.000696488
-6.54799e-05
-0.000855213
-0.00167384
-0.00252255
-0.00340265
-0.00431541
-0.00526212
-0.00624406
-0.00726257
-0.00831903
-0.00941486
-0.0105515
-0.0117305
-0.0129534
-0.0142219
-0.0155375
-0.0169024
-0.0183176
-0.0197866
-0.0213083
-0.02289
-0.0245256
-0.0262279
-0.0279888
-0.0298109
-0.031721
-0.0336585
-0.0357314
-0.0379496
0.0110274
0.0107813
0.0105017
0.0101861
0.00983381
0.00944528
0.00902217
0.00856761
0.00808477
0.00757823
0.00705158
0.00650568
0.00594295
0.00536277
0.00475972
0.00413439
0.00349137
0.00282888
0.0021425
0.00143147
0.000695873
-6.58422e-05
-0.000855367
-0.00167388
-0.00252252
-0.00340259
-0.00431534
-0.00526204
-0.00624399
-0.00726251
-0.00831898
-0.00941482
-0.0105515
-0.0117305
-0.0129534
-0.0142219
-0.0155375
-0.0169024
-0.0183176
-0.0197866
-0.0213083
-0.02289
-0.0245256
-0.0262279
-0.0279888
-0.0298108
-0.0317208
-0.0336582
-0.035731
-0.0379493
0.0108991
0.010658
0.010385
0.0100778
0.00973549
0.0093582
0.00894714
0.00850477
0.00803379
0.00753777
0.00701996
0.00648148
0.00592407
0.00534793
0.00474936
0.00412788
0.00348678
0.00282543
0.00214031
0.00143025
0.000695133
-6.62825e-05
-0.000855575
-0.00167394
-0.00252251
-0.00340254
-0.00431527
-0.00526197
-0.00624392
-0.00726245
-0.00831893
-0.00941477
-0.0105514
-0.0117305
-0.0129534
-0.0142219
-0.0155375
-0.0169024
-0.0183176
-0.0197866
-0.0213083
-0.02289
-0.0245256
-0.0262279
-0.0279887
-0.0298107
-0.0317207
-0.033658
-0.0357307
-0.037949
0.0107767
0.0105402
0.0102732
0.0099737
0.00964051
0.00927354
0.00887361
0.00844257
0.0079827
0.00749676
0.00698756
0.00645639
0.00590457
0.00533266
0.00473833
0.00412064
0.00348177
0.00282172
0.00213786
0.00142881
0.000694274
-6.67948e-05
-0.000855831
-0.00167403
-0.00252251
-0.00340249
-0.0043152
-0.00526189
-0.00624384
-0.00726238
-0.00831887
-0.00941472
-0.0105514
-0.0117304
-0.0129533
-0.0142219
-0.0155375
-0.0169024
-0.0183176
-0.0197866
-0.0213083
-0.02289
-0.0245256
-0.0262279
-0.0279887
-0.0298106
-0.0317205
-0.0336578
-0.0357303
-0.0379487
0.0106605
0.0104282
0.0101667
0.00987418
0.00954931
0.00919178
0.00880206
0.00838153
0.00793198
0.00745562
0.00695475
0.00643073
0.0058846
0.00531708
0.0047268
0.00411279
0.00347636
0.0028178
0.00213521
0.0014272
0.000693306
-6.73702e-05
-0.000856129
-0.00167415
-0.00252253
-0.00340245
-0.00431513
-0.00526181
-0.00624377
-0.00726231
-0.00831881
-0.00941467
-0.0105514
-0.0117304
-0.0129533
-0.0142218
-0.0155375
-0.0169024
-0.0183176
-0.0197866
-0.0213083
-0.02289
-0.0245256
-0.0262278
-0.0279887
-0.0298105
-0.0317203
-0.0336575
-0.03573
-0.0379484
0.0105509
0.0103223
0.0100659
0.00977967
0.00946234
0.0091134
0.00873303
0.00832217
0.0078822
0.00741484
0.00692195
0.00640483
0.00586439
0.00530133
0.00471499
0.00410452
0.00347064
0.00281369
0.0021324
0.00142545
0.000692248
-6.79966e-05
-0.000856459
-0.00167428
-0.00252255
-0.0034024
-0.00431506
-0.00526173
-0.00624369
-0.00726224
-0.00831875
-0.00941462
-0.0105513
-0.0117304
-0.0129533
-0.0142218
-0.0155375
-0.0169024
-0.0183176
-0.0197866
-0.0213083
-0.02289
-0.0245256
-0.0262278
-0.0279886
-0.0298104
-0.0317202
-0.0336573
-0.0357297
-0.0379481
0.0104482
0.0102231
0.0099712
0.00969063
0.0093801
0.00903893
0.00866707
0.00826506
0.0078339
0.00737493
0.00688959
0.00637908
0.00584421
0.00528562
0.00470309
0.004096
0.00346469
0.00280948
0.00212949
0.00142359
0.000691124
-6.86576e-05
-0.00085681
-0.00167443
-0.00252257
-0.00340236
-0.00431498
-0.00526164
-0.0062436
-0.00726217
-0.00831869
-0.00941457
-0.0105513
-0.0117303
-0.0129533
-0.0142218
-0.0155375
-0.0169024
-0.0183176
-0.0197866
-0.0213083
-0.02289
-0.0245256
-0.0262278
-0.0279886
-0.0298103
-0.03172
-0.0336571
-0.0357293
-0.0379478
0.010353
0.0101309
0.00988304
0.00960757
0.00930314
0.00896897
0.00860477
0.00821078
0.00778768
0.00733643
0.00685817
0.0063539
0.00582439
0.00527018
0.00469131
0.00408743
0.00345867
0.00280523
0.00212655
0.00142169
0.000689967
-6.9332e-05
-0.000857165
-0.00167457
-0.00252259
-0.00340231
-0.0043149
-0.00526155
-0.00624351
-0.00726209
-0.00831862
-0.00941451
-0.0105512
-0.0117303
-0.0129532
-0.0142218
-0.0155375
-0.0169024
-0.0183176
-0.0197866
-0.0213083
-0.0228899
-0.0245256
-0.0262278
-0.0279885
-0.0298102
-0.0317198
-0.0336568
-0.035729
-0.0379474
0.0102656
0.0100463
0.00980199
0.00953102
0.00923203
0.0089041
0.00854676
0.00815997
0.00774413
0.00729993
0.00682818
0.00632974
0.00580528
0.00525527
0.0046799
0.00407904
0.0034527
0.00280104
0.00212366
0.00141981
0.00068882
-6.99928e-05
-0.000857506
-0.0016747
-0.0025226
-0.00340225
-0.00431481
-0.00526145
-0.00624342
-0.007262
-0.00831855
-0.00941446
-0.0105512
-0.0117303
-0.0129532
-0.0142218
-0.0155374
-0.0169024
-0.0183176
-0.0197866
-0.0213083
-0.0228899
-0.0245256
-0.0262278
-0.0279885
-0.0298102
-0.0317197
-0.0336566
-0.0357287
-0.0379471
0.0101868
0.00996974
0.00972861
0.00946161
0.00916739
0.00884498
0.0084937
0.0081133
0.00770394
0.00726604
0.00680019
0.00630709
0.00578729
0.00524121
0.00466911
0.00407103
0.00344698
0.00279702
0.00212089
0.00141801
0.000687725
-7.06128e-05
-0.000857815
-0.00167481
-0.00252258
-0.00340218
-0.00431471
-0.00526135
-0.00624332
-0.00726192
-0.00831847
-0.0094144
-0.0105511
-0.0117302
-0.0129532
-0.0142217
-0.0155374
-0.0169024
-0.0183176
-0.0197865
-0.0213083
-0.0228899
-0.0245256
-0.0262277
-0.0279885
-0.0298101
-0.0317195
-0.0336564
-0.0357283
-0.0379468
0.010117
0.00990197
0.00966355
0.00939999
0.00910993
0.0087923
0.0084463
0.00807148
0.0076678
0.00723545
0.00677484
0.00628651
0.00577091
0.00522839
0.00465927
0.00406369
0.00344171
0.00279333
0.00211837
0.00141637
0.000686729
-7.11705e-05
-0.000858086
-0.0016749
-0.00252257
-0.00340211
-0.00431461
-0.00526125
-0.00624323
-0.00726183
-0.00831841
-0.00941434
-0.0105511
-0.0117302
-0.0129532
-0.0142217
-0.0155374
-0.0169023
-0.0183176
-0.0197865
-0.0213083
-0.0228899
-0.0245256
-0.0262277
-0.0279884
-0.02981
-0.0317194
-0.0336562
-0.035728
-0.0379465
0.0100569
0.00984358
0.00960749
0.00934686
0.00906033
0.00874674
0.0084052
0.00803514
0.00763632
0.00720873
0.00675266
0.0062685
0.00575659
0.00521721
0.00465073
0.00405738
0.00343723
0.00279027
0.00211638
0.00141516
0.000686098
-7.14197e-05
-0.000858098
-0.00167477
-0.00252237
-0.00340189
-0.0043144
-0.00526106
-0.00624306
-0.0072617
-0.0083183
-0.00941426
-0.010551
-0.0117301
-0.0129531
-0.0142217
-0.0155374
-0.0169023
-0.0183176
-0.0197865
-0.0213083
-0.0228899
-0.0245256
-0.0262277
-0.0279884
-0.0298099
-0.0317193
-0.033656
-0.0357277
-0.0379462
0.0100075
0.00979566
0.00956146
0.00930321
0.0090195
0.00870915
0.00837118
0.00800495
0.00761004
0.0071863
0.00673393
0.00625318
0.00574427
0.00520745
0.00464312
0.00405159
0.00343296
0.00278722
0.00211425
0.00141373
0.000685185
-7.19678e-05
-0.000858401
-0.00167492
-0.00252242
-0.00340188
-0.00431436
-0.00526101
-0.00624301
-0.00726165
-0.00831826
-0.00941422
-0.010551
-0.0117301
-0.0129531
-0.0142217
-0.0155374
-0.0169023
-0.0183176
-0.0197865
-0.0213083
-0.0228899
-0.0245256
-0.0262277
-0.0279883
-0.0298099
-0.0317192
-0.0336558
-0.0357273
-0.037946
0.00996989
0.00975916
0.00952658
0.00927039
0.00898913
0.00868149
0.00834645
0.00798327
0.00759146
0.00717079
0.00672134
0.00624323
0.00573657
0.00520162
0.00463884
0.00404859
0.00343101
0.00278609
0.00211372
0.00141361
0.000685344
-7.16467e-05
-0.000858005
-0.0016745
-0.00252202
-0.00340152
-0.00431406
-0.00526075
-0.00624281
-0.00726149
-0.00831813
-0.00941413
-0.0105509
-0.0117301
-0.0129531
-0.0142217
-0.0155374
-0.0169023
-0.0183176
-0.0197865
-0.0213083
-0.0228899
-0.0245255
-0.0262277
-0.0279883
-0.0298098
-0.031719
-0.0336557
-0.035727
-0.0379457
0.00994263
0.00973296
0.0095017
0.00924703
0.0089674
0.00866152
0.00832839
0.00796727
0.00757761
0.0071591
0.00671172
0.00623545
0.00573035
0.00519669
0.00463502
0.00404578
0.00342906
0.00278486
0.00211303
0.00141333
0.000685334
-7.14873e-05
-0.000857758
-0.00167422
-0.00252174
-0.00340127
-0.00431384
-0.00526057
-0.00624266
-0.00726138
-0.00831805
-0.00941407
-0.0105509
-0.01173
-0.0129531
-0.0142217
-0.0155374
-0.0169023
-0.0183176
-0.0197865
-0.0213083
-0.0228899
-0.0245255
-0.0262277
-0.0279883
-0.0298098
-0.031719
-0.0336555
-0.0357266
-0.0379455
)
;

boundaryField
{
    zeroGradientPlanes
    {
        type            zeroGradient;
    }
    inlet
    {
        type            zeroGradient;
    }
    plate
    {
        type            zeroGradient;
    }
    frontAndBack
    {
        type            empty;
    }
}


// ************************************************************************* //
