/*--------------------------------*- C++ -*----------------------------------*\
| =========                 |                                                 |
| \\      /  F ield         | OpenFOAM: The Open Source CFD Toolbox           |
|  \\    /   O peration     | Version:  v2012                                 |
|   \\  /    A nd           | Website:  www.openfoam.com                      |
|    \\/     M anipulation  |                                                 |
\*---------------------------------------------------------------------------*/
FoamFile
{
    version     2.0;
    format      ascii;
    class       volScalarField;
    location    "7.1";
    object      p;
}
// * * * * * * * * * * * * * * * * * * * * * * * * * * * * * * * * * * * * * //

dimensions      [0 2 -2 0 0 0 0];


internalField   nonuniform List<scalar> 
7000
(
4.2609e-11
0.00757445
0.00745189
0.00381025
-0.000452171
0.00323803
0.00207566
0.00646763
0.00798278
0.0117148
0.0134378
0.0170957
0.0200346
0.0238157
0.0255522
0.0281284
0.0303475
0.0340669
0.0379024
0.0448635
-4.22039e-07
0.0075819
0.00743726
0.00380334
-0.00044136
0.00324747
0.0020809
0.00645694
0.00799204
0.0117166
0.0134388
0.0171086
0.0200246
0.0238093
0.0255459
0.0281059
0.0303586
0.0340143
0.0379421
0.044563
-5.33641e-07
0.00759908
0.00741932
0.00380332
-0.00042472
0.00325342
0.00209377
0.00644075
0.00800716
0.0117206
0.0134416
0.0171264
0.0200068
0.0238045
0.0255322
0.0280808
0.0303616
0.0339443
0.0379661
0.04403
1.16664e-06
0.00762004
0.00739845
0.00380919
-0.000393384
0.00325817
0.00211996
0.00642234
0.00802025
0.0117299
0.0134446
0.0171452
0.0199856
0.0237937
0.0255129
0.0280462
0.0303582
0.0338652
0.0379443
0.0434726
6.29502e-06
0.00763811
0.00737151
0.00382062
-0.000347935
0.0032625
0.00216058
0.00640072
0.00803233
0.0117428
0.0134484
0.017161
0.0199628
0.0237737
0.0254917
0.0280009
0.0303536
0.0337717
0.0378884
0.0429432
1.65081e-05
0.00764935
0.00733782
0.00383669
-0.00028791
0.00326821
0.00221341
0.00637632
0.00804554
0.0117574
0.0134531
0.0171719
0.0199399
0.0237441
0.0254707
0.0279456
0.0303465
0.0336658
0.0378043
0.0424474
3.3236e-05
0.00765281
0.00729739
0.00385703
-0.000215898
0.00327571
0.0022747
0.00635026
0.00806017
0.0117719
0.0134589
0.0171777
0.0199173
0.0237051
0.0254501
0.02788
0.0303352
0.0335492
0.0376932
0.0419781
5.72569e-05
0.00764978
0.00725108
0.00388136
-0.000133548
0.0032846
0.00234069
0.00632284
0.0080756
0.0117851
0.0134655
0.0171777
0.0198948
0.0236563
0.0254288
0.0278044
0.0303171
0.0334234
0.0375548
0.0415269
8.83949e-05
0.00764255
0.00720036
0.00390968
-4.23951e-05
0.00329405
0.00240855
0.00629371
0.00809126
0.0117961
0.0134727
0.0171713
0.0198722
0.0235975
0.0254055
0.0277195
0.0302896
0.0332894
0.0373886
0.0410866
0.000125542
0.00763344
0.00714696
0.00394204
5.66402e-05
0.00330317
0.0024766
0.00626247
0.00810694
0.0118043
0.0134806
0.0171574
0.0198491
0.0235282
0.0253786
0.0276264
0.0302503
0.0331476
0.0371945
0.0406509
0.000167012
0.00762427
0.00709254
0.00397845
0.000162902
0.00331125
0.00254414
0.00622899
0.00812284
0.0118093
0.0134891
0.0171352
0.0198251
0.0234486
0.0253468
0.0275266
0.0301967
0.0329986
0.0369731
0.0402146
0.000211057
0.00761611
0.00703835
0.00401878
0.000275903
0.0033181
0.00261122
0.00619362
0.0081396
0.011811
0.0134986
0.0171042
0.0197994
0.0233586
0.0253083
0.0274215
0.0301273
0.0328419
0.0367248
0.0397735
0.000256311
0.00760925
0.00698498
0.00406267
0.000395037
0.00332416
0.00267871
0.00615737
0.00815822
0.0118094
0.0135098
0.0170637
0.0197716
0.023259
0.0252613
0.0273127
0.0300412
0.0326769
0.0364507
0.0393247
0.000302013
0.00760341
0.00693238
0.00410941
0.000519437
0.00333051
0.0027483
0.00612218
0.00818
0.0118051
0.0135235
0.0170137
0.0197411
0.0231503
0.0252036
0.0272012
0.0299379
0.0325022
0.0361522
0.0388665
0.000347989
0.00759801
0.00688003
0.00415808
0.000647972
0.00333855
0.00282188
0.0060905
0.00820664
0.0117986
0.0135404
0.0169544
0.0197072
0.0230337
0.0251336
0.0270874
0.0298173
0.0323164
0.0358308
0.0383981
0.000394469
0.00759246
0.00682739
0.00420766
0.000779445
0.00334957
0.00290104
0.00606486
0.00823988
0.0117909
0.0135612
0.0168865
0.0196688
0.022912
0.02505
0.0269708
0.0296795
0.0321179
0.0354882
0.0379186
0.000441834
0.0075863
0.00677406
0.0042572
0.000912933
0.00336429
0.00298655
0.00604697
0.00828097
0.0117822
0.0135862
0.0168106
0.0196247
0.0227885
0.0249522
0.0268505
0.0295253
0.0319044
0.0351257
0.0374274
0.000490427
0.00757932
0.00671989
0.0043059
0.00104799
0.00338282
0.00307823
0.00603727
0.00833029
0.0117729
0.0136148
0.0167282
0.0195738
0.0226644
0.0248399
0.026725
0.0293557
0.0316737
0.0347436
0.0369242
0.000540452
0.00757146
0.006665
0.00435317
0.00118458
0.00340483
0.00317522
0.00603496
0.0083874
0.0117627
0.0136462
0.016641
0.0195147
0.0225411
0.0247134
0.0265923
0.0291724
0.0314249
0.0343414
0.0364086
0.000591969
0.00756277
0.0066097
0.00439863
0.00132289
0.00342973
0.00327634
0.0060383
0.00845124
0.0117513
0.0136787
0.0165508
0.0194459
0.0224204
0.024574
0.0264494
0.0289758
0.0311587
0.0339202
0.0358797
0.000644945
0.00755328
0.00655438
0.00444204
0.0014632
0.00345688
0.00338046
0.00604527
0.0085205
0.0117384
0.0137108
0.01646
0.019366
0.0223028
0.0244236
0.0262938
0.0287649
0.0308756
0.0334821
0.0353375
0.00069931
0.00754305
0.00649948
0.00448326
0.00160578
0.00348576
0.00348665
0.00605408
0.0085939
0.0117241
0.0137403
0.0163703
0.0192742
0.0221875
0.0242643
0.0261242
0.0285396
0.0305752
0.033028
0.0347833
0.000754995
0.00753209
0.0064454
0.00452218
0.00175079
0.00351599
0.0035943
0.00606344
0.00867024
0.0117091
0.0137649
0.016283
0.0191706
0.0220729
0.0240973
0.0259386
0.0283007
0.0302587
0.0325576
0.0342181
0.000811956
0.00752037
0.00639253
0.00455872
0.00189832
0.00354731
0.003703
0.00607266
0.00874831
0.0116944
0.0137828
0.0161991
0.0190551
0.0219583
0.0239247
0.0257339
0.0280473
0.0299303
0.0320726
0.033641
0.000870177
0.00750781
0.0063412
0.00459278
0.00204834
0.00357962
0.00381244
0.00608164
0.00882699
0.0116812
0.0137923
0.0161194
0.0189284
0.0218425
0.02375
0.0255105
0.027773
0.0295913
0.0315797
0.0330531
0.000929663
0.00749433
0.00629175
0.00462426
0.00220072
0.00361294
0.00392234
0.00609068
0.00890508
0.0116712
0.0137921
0.0160433
0.0187916
0.0217247
0.0235732
0.0252736
0.0274758
0.0292339
0.0310824
0.0324606
0.000990443
0.00747979
0.00624447
0.00465308
0.00235531
0.00364736
0.00403236
0.00610061
0.00898107
0.0116654
0.0137817
0.0159697
0.0186459
0.0216121
0.0233919
0.0250233
0.0271626
0.0288579
0.0305749
0.0318648
0.00105257
0.00746405
0.00619969
0.00467919
0.00251194
0.00368295
0.00414211
0.00611219
0.00905402
0.0116643
0.0137605
0.0158983
0.0184931
0.0214674
0.0232081
0.0247562
0.0268303
0.0284736
0.0300611
0.0312622
0.00111611
0.00744694
0.00615766
0.00470254
0.00267035
0.00372013
0.00425098
0.00612639
0.0091228
0.0116684
0.0137286
0.015827
0.0183351
0.021271
0.0230194
0.0244774
0.0264765
0.0280783
0.029539
0.030657
0.00118112
0.0074283
0.00611865
0.00472314
0.00283011
0.00375947
0.0043581
0.00614457
0.00918604
0.0116784
0.0136862
0.0157548
0.0181707
0.0211232
0.0228217
0.0241832
0.026103
0.0276698
0.0290251
0.0300498
0.0012477
0.00740794
0.0060829
0.00474107
0.00299079
0.00380133
0.00446284
0.00616741
0.00924307
0.0116946
0.0136331
0.0156788
0.0180053
0.020927
0.0226168
0.0238822
0.0256966
0.0272396
0.0285351
0.0294487
0.00131585
0.0073857
0.00605058
0.00475641
0.00315196
0.00384658
0.00456412
0.00619568
0.00929333
0.011716
0.0135727
0.015593
0.0178425
0.0206996
0.0223989
0.0235833
0.0252775
0.0267772
0.0280113
0.0288594
0.00138569
0.00736131
0.00602206
0.00476909
0.00331333
0.00389558
0.00466165
0.00622906
0.00933698
0.0117396
0.0135094
0.015497
0.0176767
0.0204776
0.0221611
0.0232634
0.0248632
0.0263009
0.0274795
0.0282734
0.00145744
0.00733455
0.0059977
0.00477936
0.00347363
0.00394932
0.00475517
0.00626701
0.00937539
0.0117645
0.0134422
0.0153901
0.0175153
0.0202256
0.0219183
0.0229423
0.0244193
0.0258116
0.0268946
0.0276987
0.00153086
0.00730527
0.00597688
0.00478798
0.00363147
0.00400955
0.00484276
0.00631192
0.00940525
0.011793
0.013369
0.0152738
0.0173461
0.0199858
0.0216495
0.0226064
0.0239516
0.025296
0.0263697
0.0271355
0.00160608
0.00727335
0.00596021
0.0047946
0.00378733
0.00407494
0.00492543
0.00636195
0.00942049
0.0118218
0.0132954
0.0151474
0.0171632
0.0197329
0.0213493
0.0222466
0.0234904
0.0247797
0.0258995
0.0265707
0.00168373
0.00723834
0.00594834
0.0047996
0.00393962
0.00414628
0.00500393
0.00641294
0.00946594
0.0118414
0.0132251
0.0150065
0.0169867
0.0194697
0.0210602
0.0218761
0.023025
0.0242675
0.025257
0.0260054
0.00176312
0.00720016
0.0059395
0.00480503
0.00408606
0.00422568
0.0050759
0.00646783
0.00948354
0.011863
0.0131498
0.0148562
0.0167868
0.0191922
0.020731
0.0215056
0.0225443
0.0237386
0.0247254
0.0254476
0.0018443
0.0071588
0.00593439
0.00481013
0.00422849
0.0043104
0.00514377
0.0065239
0.00949425
0.0118868
0.01307
0.0146969
0.0166336
0.0188625
0.020361
0.0211239
0.0220666
0.0231977
0.0243145
0.0248976
0.00192842
0.00711369
0.00593505
0.00481546
0.00436516
0.00440059
0.00520969
0.00657669
0.00951403
0.0118843
0.0129967
0.0145236
0.0164529
0.0185975
0.0200314
0.0207188
0.0215964
0.0226434
0.0235654
0.0243431
0.00201422
0.00706535
0.00593622
0.00482379
0.00449386
0.00449788
0.00527087
0.00663081
0.00952583
0.0118886
0.0129181
0.0143429
0.0162258
0.0182661
0.0196585
0.0203074
0.0210955
0.0221003
0.0230226
0.0237896
0.00210184
0.0070137
0.00594014
0.00483384
0.00461756
0.00459856
0.0053299
0.00668399
0.00953046
0.0119133
0.0128305
0.0141323
0.0159261
0.0179521
0.0192446
0.0198898
0.020587
0.0215665
0.0227047
0.0232491
0.00219297
0.00695789
0.00595188
0.00484592
0.00473463
0.00470228
0.0053896
0.00673254
0.00953678
0.0118574
0.0127549
0.0139352
0.0156861
0.0176085
0.0188946
0.019452
0.0201105
0.0209403
0.0218094
0.0227083
0.00228548
0.00689947
0.00595741
0.00486356
0.00484268
0.00481153
0.00544511
0.00678227
0.00953387
0.0118545
0.0126713
0.0137117
0.01536
0.0172682
0.0185008
0.0190019
0.0196003
0.0203714
0.0212259
0.0221595
0.00238017
0.00683815
0.00596544
0.00488423
0.004947
0.00491975
0.00550084
0.00683085
0.00952099
0.0118392
0.012567
0.0134955
0.0150244
0.0168541
0.0180692
0.0185335
0.0190418
0.019887
0.0210256
0.0216247
0.00247848
0.00677308
0.00598238
0.00490746
0.00504841
0.00502317
0.00556311
0.00686985
0.00951123
0.0117943
0.0124853
0.0131984
0.0147454
0.0165511
0.0177039
0.0180229
0.0184532
0.019115
0.0199496
0.0211038
0.00257771
0.00670638
0.00598795
0.00493695
0.0051425
0.00512861
0.00562306
0.0069075
0.00949261
0.011741
0.0123944
0.0129815
0.0144381
0.0162086
0.0172887
0.0174939
0.0178196
0.0183838
0.0193945
0.0207333
0.00267969
0.00663805
0.00599552
0.0049696
0.00523334
0.00523417
0.00567806
0.00694468
0.00946327
0.0116783
0.012291
0.0127743
0.0141188
0.0158322
0.0168645
0.0169969
0.0171741
0.0177491
0.0188284
0.0202058
0.0027845
0.00656781
0.00600371
0.00500461
0.00532244
0.00533719
0.00573009
0.00697795
0.00942835
0.0115977
0.0121847
0.0125674
0.0137861
0.0154195
0.0164467
0.0165014
0.0165765
0.0171579
0.0182094
0.0196347
0.00289053
0.00649706
0.00597595
0.00504261
0.00540772
0.00543976
0.00577976
0.00700526
0.00938602
0.011505
0.0120754
0.0123579
0.0134365
0.0149952
0.0160157
0.0160335
0.0160258
0.0165324
0.0175669
0.0190912
0.0029989
0.00642657
0.00597282
0.00508145
0.00549063
0.00554121
0.0058269
0.00702428
0.00933621
0.0114022
0.0119589
0.0121412
0.0130891
0.0145576
0.0155748
0.0155973
0.0154819
0.0158994
0.0169427
0.018566
0.00310919
0.00635634
0.00597044
0.00512087
0.00557021
0.00564091
0.00587277
0.00703502
0.00927881
0.0112874
0.0118334
0.0119259
0.01274
0.0141107
0.0151209
0.0151594
0.0149549
0.0152926
0.0163523
0.0180345
0.00322102
0.00628705
0.00596708
0.00516005
0.00564535
0.00573912
0.00591825
0.00703657
0.00921282
0.0111608
0.0117003
0.0117102
0.0123897
0.0136563
0.0146519
0.0147244
0.0144573
0.0147144
0.0157321
0.0174926
0.00333435
0.00621922
0.00596222
0.00519873
0.00571602
0.00583526
0.00596272
0.00702892
0.00913737
0.0110228
0.0115582
0.0114977
0.0120372
0.0131996
0.0141697
0.0142826
0.0139834
0.0141547
0.0151482
0.016955
0.00344908
0.00615338
0.00595586
0.00523666
0.00578057
0.00592791
0.00600784
0.00701337
0.00905103
0.0108736
0.0114059
0.01129
0.0116871
0.0127375
0.0136737
0.0138353
0.0135314
0.0136285
0.0145614
0.0164168
0.00356498
0.00609026
0.00594749
0.00527347
0.00583774
0.00601603
0.00605494
0.00699133
0.00895274
0.0107124
0.0112414
0.011087
0.0113415
0.0122703
0.0131696
0.0133792
0.0130926
0.0131297
0.0140172
0.0158882
0.00368171
0.00603066
0.00593617
0.00530934
0.00588828
0.00609665
0.00610212
0.00696438
0.00884353
0.0105419
0.0110638
0.0108857
0.0110028
0.0117995
0.0126578
0.0129154
0.012666
0.0126629
0.0134882
0.01537
0.00379851
0.00597526
0.00592235
0.00534358
0.00593148
0.00616828
0.00614798
0.00693314
0.00872503
0.0103649
0.0108719
0.0106811
0.0106755
0.0113293
0.012139
0.0124401
0.0122422
0.0122216
0.0130031
0.0148687
0.00391558
0.00592412
0.00590793
0.00537619
0.00596603
0.00623032
0.00619193
0.00689829
0.00859668
0.0101806
0.0106665
0.0104698
0.0103656
0.0108641
0.0116117
0.0119558
0.0118227
0.0118073
0.0125392
0.0143842
0.00403314
0.00587721
0.00589259
0.00540759
0.00599197
0.00628219
0.00622951
0.00686083
0.00845847
0.00998875
0.0104519
0.0102496
0.0100697
0.0104111
0.0110778
0.0114585
0.0114008
0.0114094
0.0121163
0.0139243
0.00414947
0.00583615
0.00587661
0.0054361
0.00600972
0.00632166
0.00626203
0.00682278
0.00831184
0.00978908
0.0102302
0.0100167
0.00978204
0.00997748
0.0105435
0.0109482
0.0109754
0.0110263
0.0117172
0.0134882
0.0042644
0.00580171
0.00585886
0.00546098
0.00602027
0.00634814
0.0062877
0.00678512
0.00816003
0.00958053
0.0100032
0.00976758
0.00949755
0.00956497
0.0100164
0.0104262
0.0105365
0.0106491
0.0113445
0.0130744
0.00437787
0.00577267
0.00583971
0.00548293
0.00602311
0.00636248
0.00630689
0.0067492
0.00800478
0.00935991
0.009769
0.00950422
0.00920945
0.009174
0.00950471
0.00989567
0.0100843
0.0102745
0.0109872
0.012681
0.00448879
0.00574964
0.00582028
0.00549975
0.00601946
0.00636794
0.0063193
0.00671204
0.00784438
0.00912404
0.00952861
0.00923283
0.00891494
0.00880079
0.00901561
0.00936516
0.00961529
0.00989023
0.010639
0.012306
0.00459682
0.00573217
0.00579949
0.00551148
0.00601217
0.00636677
0.0063213
0.0066686
0.00768052
0.00887536
0.00928392
0.0089595
0.00861017
0.00843829
0.00855058
0.00884152
0.00913181
0.00948958
0.0102894
0.011944
0.00470148
0.0057195
0.0057783
0.00551938
0.00600165
0.00635781
0.00631087
0.00661697
0.00751662
0.0086166
0.00903193
0.00868562
0.00829608
0.00808025
0.0081072
0.00833301
0.00864073
0.00907033
0.00992879
0.0115882
0.0048024
0.0057116
0.00575732
0.00552307
0.00598645
0.00634064
0.00628904
0.00655699
0.00735394
0.00834909
0.00876881
0.00841283
0.00797718
0.00772229
0.0076814
0.00784352
0.0081482
0.00863344
0.00955097
0.0112311
0.00489934
0.00570794
0.00573677
0.00552227
0.00596576
0.00631634
0.00625813
0.006487
0.00719098
0.00807453
0.00849166
0.00814136
0.00765855
0.00736253
0.00726778
0.00737274
0.00766041
0.0081835
0.00915517
0.0108686
0.00499196
0.00570803
0.0057173
0.00551709
0.0059391
0.00628517
0.00621896
0.00640515
0.00702593
0.00779634
0.00819996
0.00786982
0.0073443
0.00700194
0.0068612
0.00691781
0.00718123
0.00772627
0.00874455
0.0104983
0.00507995
0.00571148
0.00569935
0.00550768
0.00590597
0.0062463
0.00617191
0.0063119
0.00685819
0.00751807
0.00789482
0.00759453
0.00703494
0.00664257
0.00645862
0.00647521
0.0067126
0.00726773
0.00832382
0.0101206
0.00516309
0.00571773
0.0056831
0.00549434
0.00586585
0.00619883
0.00611843
0.00620886
0.00668582
0.00724163
0.00757747
0.00731019
0.00673025
0.00628849
0.00605985
0.00604161
0.00625524
0.00681231
0.00789783
0.0097375
0.0052413
0.00572609
0.00566844
0.0054773
0.00581889
0.00614257
0.00605896
0.0060969
0.00650665
0.0069677
0.00725035
0.00701482
0.00643003
0.00594176
0.0056659
0.00561388
0.0058066
0.00636291
0.00747208
0.00935042
0.0053144
0.00573603
0.00565543
0.00545686
0.00576532
0.00607685
0.00599266
0.00597746
0.00631998
0.00669673
0.00691742
0.00670742
0.00613047
0.00560202
0.00527887
0.00519138
0.00536564
0.00592118
0.00704938
0.00896185
0.00538231
0.00574685
0.00564402
0.00543347
0.00570524
0.00600099
0.00591876
0.00585256
0.00612574
0.00642822
0.0065819
0.00638655
0.00582836
0.00526979
0.00490027
0.00477542
0.00493215
0.00548577
0.00662967
0.00857388
0.00544504
0.00575794
0.00563377
0.00540745
0.005639
0.00591499
0.00583661
0.00572322
0.00592422
0.00616103
0.00624684
0.00605353
0.00552102
0.00494294
0.00453099
0.00436795
0.00450445
0.00505546
0.00621425
0.00818783
0.00550257
0.0057686
0.00562433
0.00537938
0.00556711
0.00581885
0.00574516
0.00559012
0.00571626
0.00589374
0.00591519
0.005711
0.00520482
0.00461886
0.00417179
0.00397021
0.00408341
0.00463044
0.00580252
0.00780308
0.00555502
0.00577824
0.00561506
0.0053495
0.00549012
0.00571295
0.00564369
0.00545399
0.00550336
0.00562443
0.00558814
0.00536168
0.00487819
0.0042954
0.00382099
0.0035825
0.00367085
0.00421085
0.0053935
0.0074191
0.0056024
0.0057864
0.00560554
0.0053179
0.00540863
0.00559807
0.00553145
0.00531445
0.00528687
0.0053517
0.00526598
0.00500973
0.00454183
0.00396877
0.00347607
0.0032055
0.00326783
0.00379674
0.00498657
0.00703542
0.00564484
0.0057926
0.00559493
0.00528483
0.00532372
0.00547503
0.00540747
0.00517073
0.00506901
0.00507495
0.0049479
0.00465908
0.00419688
0.0036356
0.00313459
0.00283802
0.00287472
0.0033897
0.00458265
0.00665177
0.00568236
0.00579658
0.00558281
0.00525013
0.00523574
0.00534481
0.00527172
0.00502164
0.00485214
0.00479449
0.00463123
0.00431196
0.00384636
0.00329549
0.00279321
0.0024775
0.00249101
0.00299057
0.0041829
0.00626838
0.00571506
0.00579801
0.00556856
0.00521367
0.00514539
0.00520883
0.00512489
0.00486531
0.00463704
0.00451226
0.00431342
0.00396829
0.0034941
0.00294904
0.00244882
0.00212143
0.00211583
0.00259984
0.0037881
0.00588539
0.00574307
0.00579687
0.00555136
0.00517492
0.00505352
0.00506851
0.00496814
0.00470005
0.00442344
0.0042317
0.00399381
0.00362638
0.00314191
0.0025981
0.00210002
0.00176614
0.00174631
0.00221695
0.00339942
0.00550407
0.00576636
0.00579295
0.00553115
0.00513382
0.00496024
0.0049247
0.00480333
0.0045252
0.00420924
0.00395521
0.00367334
0.00328411
0.00278999
0.00224516
0.00174795
0.00141004
0.00138002
0.00183984
0.00301615
0.00512431
0.00578506
0.00578622
0.00550775
0.00509041
0.004866
0.00477824
0.0046317
0.00434087
0.00399191
0.00368395
0.00335584
0.00294151
0.00243709
0.00188993
0.00139285
0.00105226
0.00101446
0.00146615
0.00263693
0.00474585
0.00579892
0.0057765
0.00548087
0.00504459
0.00477217
0.00463105
0.00445474
0.00414757
0.00376729
0.00341402
0.00304343
0.00260162
0.00208551
0.00153426
0.00103523
0.000691905
0.000648004
0.00109212
0.002257
0.00436549
0.00580815
0.00576436
0.00545052
0.00499505
0.00467789
0.00448428
0.00427597
0.0039517
0.00353808
0.00314067
0.00273119
0.00226102
0.00173327
0.00117831
0.000676698
0.000329925
0.000280364
0.000717406
0.00187636
0.00398335
0.00581245
0.00574982
0.00541855
0.00494356
0.00458254
0.00433466
0.00409006
0.00375197
0.00331156
0.00287377
0.00242643
0.00192282
0.00137733
0.000816522
0.000313024
-3.67851e-05
-9.2135e-05
0.00033843
0.00149212
0.00359624
0.00581181
0.00573236
0.00538381
0.00489182
0.0044923
0.00418938
0.00389727
0.00353669
0.00307397
0.00260452
0.00213235
0.00160252
0.0010338
0.000457205
-5.60764e-05
-0.000411195
-0.000471058
-4.50097e-05
0.00110403
0.0032029
0.0058063
0.00571301
0.00534758
0.00483719
0.00440362
0.00405381
0.00371144
0.00332056
0.0028284
0.00231642
0.00182008
0.00127946
0.000700295
0.000110999
-0.00041941
-0.000790103
-0.000858824
-0.000439938
0.000701073
0.00279429
0.00579133
0.0056892
0.00531262
0.00478562
0.00431643
0.00391994
0.00352764
0.00311012
0.00260447
0.00204914
0.00151083
0.000944876
0.000352516
-0.000243156
-0.000777105
-0.00115965
-0.00124812
-0.000846736
0.00028295
0.00237138
0.00576064
0.00565265
0.00526587
0.00473328
0.00422438
0.00377532
0.00332206
0.00287109
0.00236963
0.00180907
0.00124762
0.000652704
2.14801e-05
-0.000611573
-0.00117153
-0.00156472
-0.00165853
-0.00126734
-0.000149833
0.00192592
0.00582719
0.00567564
0.00526665
0.0047125
0.00415229
0.00362011
0.00309684
0.00259985
0.00208828
0.00152956
0.000968411
0.000387228
-0.000239918
-0.000890327
-0.00149129
-0.00193203
-0.00206475
-0.00170511
-0.00061816
0.00142824
0.00565626
0.00555401
0.00524495
0.00473865
0.00417811
0.00354652
0.00290891
0.00236783
0.00184906
0.00126454
0.000645793
1.44111e-05
-0.000625229
-0.00124336
-0.00181276
-0.00223217
-0.00236837
-0.00201781
-0.000942701
0.00108658
0.00576848
0.00562909
0.00519346
0.00457762
0.0039139
0.00329117
0.00271747
0.00219627
0.00171905
0.00118549
0.000561736
-0.00011835
-0.00087267
-0.00166837
-0.00236617
-0.00288507
-0.00309559
-0.00282588
-0.00183245
0.000125267
0.00566367
0.00559229
0.00511014
0.00456002
0.00395183
0.00322186
0.00251047
0.00191666
0.0013293
0.000748471
0.00011169
-0.000461244
-0.000993948
-0.00147343
-0.00194999
-0.00233913
-0.00252084
-0.00228644
-0.00138715
0.000444776
0.00581445
0.0055582
0.00506628
0.00437134
0.00366762
0.00311861
0.00260181
0.00205532
0.00153056
0.000915339
0.000201118
-0.00068614
-0.00163088
-0.00258265
-0.00345689
-0.00417603
-0.00460988
-0.00456518
-0.00378182
-0.00203793
0.00599575
0.00542673
0.00485313
0.00416263
0.00350685
0.0027796
0.00211036
0.00155657
0.000975722
0.00031381
-0.000363189
-0.000891125
-0.00113952
-0.00108872
-0.00076985
-0.000233252
0.000413924
0.000932322
0.000966554
0.000175216
0.00595535
0.00545167
0.00482911
0.00418028
0.0036214
0.0030889
0.00259142
0.00203388
0.00142661
0.000699926
-0.00019467
-0.00128065
-0.0025191
-0.00380286
-0.00499493
-0.00598941
-0.00666949
-0.00686368
-0.0063226
-0.00480331
0.00611353
0.00540581
0.00474328
0.0040748
0.00351401
0.0028543
0.00211753
0.00125937
0.000483665
-9.70574e-05
-0.000683809
-0.00136604
-0.00193467
-0.00226096
-0.00228445
-0.00203834
-0.0016153
-0.00126299
-0.00132943
-0.00216068
0.0060979
0.00538431
0.00473256
0.00411993
0.00369194
0.00327093
0.00284115
0.00229345
0.00162314
0.000682751
-0.000580072
-0.00220823
-0.00409093
-0.00604329
-0.00783048
-0.00926434
-0.0101878
-0.0104187
-0.00974916
-0.00799984
0.0568261
0.0267656
0.0142368
0.0114015
0.0104505
0.00938673
0.008161
0.0068413
0.00553991
0.00440818
0.00345989
0.00261828
0.00178874
0.000911511
8.06386e-05
-0.000660938
-0.00144302
-0.00226771
-0.00302872
-0.00376793
-0.00457918
-0.0053917
-0.0062244
-0.00716349
-0.00813451
-0.00902859
-0.00993562
-0.0108344
-0.0117704
-0.0128415
-0.0139917
-0.0151134
-0.0162182
-0.0174108
-0.0186492
-0.0199493
-0.0212507
-0.0226279
-0.0240326
-0.0254963
-0.0270247
-0.0285568
-0.0302274
-0.0318544
-0.0337065
-0.0355188
-0.0375702
-0.0397397
-0.042114
-0.0450725
0.0555465
0.0268083
0.0142823
0.0114187
0.0104601
0.00939365
0.0081662
0.00684526
0.00554297
0.00441057
0.00346181
0.00261987
0.00179008
0.000912646
8.1591e-05
-0.000660098
-0.00144224
-0.00226699
-0.00302806
-0.00376732
-0.00457861
-0.00539117
-0.00622391
-0.00716302
-0.00813408
-0.0090282
-0.00993526
-0.0108341
-0.0117701
-0.0128412
-0.0139914
-0.0151132
-0.016218
-0.0174106
-0.018649
-0.0199491
-0.0212506
-0.0226278
-0.0240325
-0.0254961
-0.0270246
-0.0285567
-0.0302273
-0.0318543
-0.0337065
-0.0355187
-0.0375702
-0.0397396
-0.042114
-0.0450726
0.0545058
0.0268977
0.0143558
0.0114415
0.0104701
0.00940037
0.00817124
0.00684904
0.0055458
0.00441276
0.00346357
0.00262133
0.00179132
0.000913669
8.24363e-05
-0.00065935
-0.00144155
-0.00226637
-0.00302749
-0.00376677
-0.0045781
-0.00539071
-0.00622347
-0.00716261
-0.00813371
-0.00902786
-0.00993495
-0.0108338
-0.0117699
-0.0128409
-0.0139912
-0.015113
-0.0162178
-0.0174104
-0.0186488
-0.019949
-0.0212504
-0.0226277
-0.0240324
-0.025496
-0.0270245
-0.0285566
-0.0302272
-0.0318542
-0.0337064
-0.0355186
-0.0375701
-0.0397396
-0.042114
-0.0450727
0.0535722
0.0270038
0.0144643
0.0114777
0.0104833
0.00940811
0.00817706
0.00685345
0.00554909
0.00441528
0.00346556
0.00262294
0.00179266
0.000914772
8.33298e-05
-0.000658581
-0.00144087
-0.00226577
-0.00302694
-0.00376623
-0.0045776
-0.00539025
-0.00622302
-0.0071622
-0.00813336
-0.00902752
-0.00993464
-0.0108335
-0.0117696
-0.0128407
-0.013991
-0.0151128
-0.0162176
-0.0174102
-0.0186487
-0.0199488
-0.0212503
-0.0226276
-0.0240323
-0.0254959
-0.0270244
-0.0285565
-0.0302271
-0.0318541
-0.0337063
-0.0355186
-0.03757
-0.0397395
-0.042114
-0.0450729
0.0526473
0.0271126
0.0146025
0.0115285
0.010501
0.0094176
0.00818424
0.00685912
0.00555347
0.00441865
0.00346815
0.00262498
0.00179433
0.000916146
8.44271e-05
-0.000657693
-0.00144013
-0.00226513
-0.00302635
-0.00376567
-0.00457707
-0.00538976
-0.00622255
-0.00716178
-0.008133
-0.00902717
-0.00993431
-0.0108332
-0.0117693
-0.0128404
-0.0139908
-0.0151126
-0.0162174
-0.0174101
-0.0186485
-0.0199487
-0.0212502
-0.0226274
-0.0240322
-0.0254958
-0.0270243
-0.0285564
-0.030227
-0.031854
-0.0337062
-0.0355185
-0.0375699
-0.0397395
-0.042114
-0.0450731
0.0517146
0.0272219
0.014758
0.0115888
0.0105222
0.00942862
0.00819271
0.00686618
0.00555925
0.00442324
0.00347166
0.00262764
0.00179648
0.000917951
8.58698e-05
-0.000656599
-0.00143929
-0.00226445
-0.00302575
-0.00376508
-0.00457652
-0.00538924
-0.00622203
-0.00716133
-0.00813263
-0.0090268
-0.00993396
-0.0108329
-0.0117689
-0.0128401
-0.0139905
-0.0151124
-0.0162172
-0.0174099
-0.0186483
-0.0199485
-0.02125
-0.0226273
-0.024032
-0.0254957
-0.0270242
-0.0285563
-0.0302269
-0.0318539
-0.0337061
-0.0355184
-0.0375699
-0.0397394
-0.0421139
-0.0450734
0.0507774
0.0273293
0.0149222
0.011654
0.0105453
0.0094406
0.00820205
0.00687438
0.00556644
0.00442923
0.00347627
0.00263109
0.00179924
0.000920319
8.77996e-05
-0.000655186
-0.00143828
-0.00226368
-0.0030251
-0.00376449
-0.00457594
-0.00538867
-0.00622146
-0.00716083
-0.00813224
-0.00902641
-0.00993359
-0.0108325
-0.0117686
-0.0128398
-0.0139903
-0.0151121
-0.0162169
-0.0174096
-0.0186481
-0.0199484
-0.0212499
-0.0226272
-0.0240319
-0.0254956
-0.027024
-0.0285562
-0.0302268
-0.0318538
-0.033706
-0.0355183
-0.0375698
-0.0397393
-0.0421138
-0.0450738
0.0498389
0.0274319
0.0150915
0.0117216
0.0105693
0.00945314
0.00821188
0.00688328
0.00557474
0.00443651
0.003482
0.00263536
0.00180264
0.000923309
9.03095e-05
-0.000653349
-0.00143702
-0.00226277
-0.0030244
-0.0037639
-0.00457536
-0.00538805
-0.00622082
-0.00716027
-0.0081318
-0.009026
-0.0099332
-0.0108322
-0.0117682
-0.0128394
-0.01399
-0.0151119
-0.0162167
-0.0174094
-0.0186479
-0.0199482
-0.0212497
-0.022627
-0.0240318
-0.0254954
-0.0270239
-0.0285561
-0.0302267
-0.0318537
-0.0337059
-0.0355182
-0.0375696
-0.0397391
-0.0421137
-0.0450742
0.0489003
0.0275278
0.0152652
0.0117911
0.0105937
0.00946603
0.00822204
0.00689256
0.00558376
0.00444479
0.00348868
0.00264037
0.00180664
0.000926883
9.33969e-05
-0.000651033
-0.0014354
-0.00226162
-0.00302361
-0.00376331
-0.0045748
-0.00538742
-0.0062201
-0.00715959
-0.00813128
-0.00902555
-0.00993281
-0.0108318
-0.0117677
-0.012839
-0.0139896
-0.0151116
-0.0162163
-0.0174091
-0.0186477
-0.019948
-0.0212495
-0.0226268
-0.0240316
-0.0254953
-0.0270238
-0.028556
-0.0302266
-0.0318536
-0.0337058
-0.0355181
-0.0375695
-0.0397389
-0.0421135
-0.0450748
0.0479629
0.027616
0.0154433
0.0118623
0.0106183
0.0094792
0.00823255
0.00690213
0.00559319
0.00445373
0.00349607
0.00264597
0.00181112
0.000930927
9.69648e-05
-0.000648271
-0.00143339
-0.00226017
-0.00302266
-0.00376269
-0.00457426
-0.0053868
-0.00621932
-0.00715879
-0.00813063
-0.00902503
-0.00993241
-0.0108314
-0.0117673
-0.0128386
-0.0139893
-0.0151112
-0.016216
-0.0174088
-0.0186474
-0.0199477
-0.0212493
-0.0226266
-0.0240314
-0.0254951
-0.0270237
-0.0285559
-0.0302265
-0.0318535
-0.0337057
-0.0355179
-0.0375693
-0.0397387
-0.0421132
-0.0450753
0.0470278
0.0276952
0.0156255
0.0119348
0.0106428
0.00949258
0.00824346
0.00691199
0.00560289
0.00446305
0.00350392
0.002652
0.00181596
0.000935309
0.000100872
-0.000645164
-0.00143101
-0.00225838
-0.0030215
-0.00376201
-0.00457374
-0.00538623
-0.00621855
-0.00715786
-0.00812978
-0.00902438
-0.009932
-0.010831
-0.0117668
-0.0128381
-0.0139888
-0.0151108
-0.0162156
-0.0174084
-0.0186471
-0.0199474
-0.021249
-0.0226264
-0.0240312
-0.025495
-0.0270235
-0.0285557
-0.0302263
-0.0318533
-0.0337056
-0.0355178
-0.0375691
-0.0397383
-0.0421128
-0.045076
0.0460966
0.0277639
0.0158113
0.0120087
0.0106669
0.00950597
0.00825478
0.00692217
0.00561278
0.00447259
0.00351207
0.00265832
0.00182106
0.00093992
0.000104994
-0.000641837
-0.00142835
-0.00225626
-0.00302012
-0.00376124
-0.00457321
-0.00538572
-0.00621784
-0.00715688
-0.00812872
-0.00902352
-0.00993153
-0.0108307
-0.0117663
-0.0128376
-0.0139884
-0.0151104
-0.0162152
-0.017408
-0.0186467
-0.0199471
-0.0212487
-0.0226261
-0.024031
-0.0254948
-0.0270234
-0.0285556
-0.0302262
-0.0318532
-0.0337054
-0.0355176
-0.0375689
-0.0397379
-0.0421123
-0.0450767
0.0451702
0.0278209
0.0160007
0.0120838
0.0106901
0.009519
0.00826637
0.00693264
0.0056228
0.00448222
0.00352038
0.00266484
0.00182634
0.000944692
0.000109256
-0.000638383
-0.00142551
-0.00225388
-0.0030185
-0.00376034
-0.00457264
-0.00538528
-0.00621725
-0.00715591
-0.00812748
-0.00902239
-0.00993095
-0.0108304
-0.011766
-0.0128371
-0.0139878
-0.0151098
-0.0162147
-0.0174076
-0.0186462
-0.0199467
-0.0212483
-0.0226258
-0.0240308
-0.0254946
-0.0270232
-0.0285554
-0.030226
-0.031853
-0.0337052
-0.0355174
-0.0375686
-0.0397374
-0.0421116
-0.0450774
0.0442495
0.0278653
0.0161933
0.0121603
0.0107121
0.00953125
0.00827796
0.00694329
0.0056329
0.00449189
0.00352879
0.00267152
0.00183177
0.000949589
0.000113626
-0.00063485
-0.00142258
-0.00225132
-0.00301671
-0.00375934
-0.00457203
-0.00538488
-0.00621682
-0.00715505
-0.00812615
-0.00902097
-0.0099302
-0.0108302
-0.0117657
-0.0128367
-0.0139873
-0.0151092
-0.0162142
-0.0174071
-0.0186457
-0.0199462
-0.0212479
-0.0226255
-0.0240304
-0.0254943
-0.027023
-0.0285552
-0.0302259
-0.0318529
-0.0337051
-0.0355171
-0.0375683
-0.0397368
-0.0421108
-0.0450782
0.0433354
0.0278961
0.0163885
0.0122381
0.0107325
0.00954234
0.00828923
0.00695395
0.005643
0.00450151
0.00353724
0.00267832
0.00183732
0.000954593
0.000118104
-0.00063124
-0.0014196
-0.00224866
-0.00301477
-0.00375824
-0.00457136
-0.0053845
-0.00621653
-0.00715436
-0.00812481
-0.00901931
-0.00992923
-0.01083
-0.0117656
-0.0128363
-0.0139867
-0.0151086
-0.0162136
-0.0174066
-0.0186452
-0.0199457
-0.0212474
-0.022625
-0.0240301
-0.025494
-0.0270227
-0.0285551
-0.0302257
-0.0318527
-0.0337049
-0.0355169
-0.0375679
-0.039736
-0.0421098
-0.0450789
0.0424291
0.027912
0.0165852
0.0123173
0.0107515
0.00955218
0.00829988
0.00696443
0.00565301
0.00451104
0.00354568
0.00268522
0.00184301
0.000959699
0.000122695
-0.000627538
-0.00141657
-0.00224595
-0.00301272
-0.00375706
-0.00457065
-0.00538411
-0.00621637
-0.00715385
-0.00812356
-0.00901751
-0.00992805
-0.0108298
-0.0117657
-0.0128362
-0.0139862
-0.0151078
-0.0162129
-0.017406
-0.0186446
-0.0199451
-0.0212469
-0.0226246
-0.0240296
-0.0254936
-0.0270225
-0.0285548
-0.0302255
-0.0318525
-0.0337047
-0.0355166
-0.0375675
-0.0397351
-0.0421086
-0.0450797
0.0415319
0.0279117
0.0167821
0.0123981
0.0107695
0.00956107
0.00830978
0.00697455
0.00566288
0.00452047
0.00355407
0.00269222
0.00184883
0.000964911
0.000127405
-0.000623721
-0.00141349
-0.00224321
-0.0030106
-0.00375582
-0.00456991
-0.00538373
-0.0062163
-0.00715352
-0.00812243
-0.00901568
-0.00992672
-0.0108296
-0.0117659
-0.0128362
-0.0139857
-0.015107
-0.0162122
-0.0174055
-0.0186441
-0.0199444
-0.0212463
-0.022624
-0.0240292
-0.0254932
-0.0270221
-0.0285546
-0.0302253
-0.0318523
-0.0337044
-0.0355162
-0.037567
-0.039734
-0.0421071
-0.0450804
0.0406459
0.0278938
0.0169779
0.0124811
0.0107876
0.00956956
0.00831898
0.00698424
0.00567257
0.00452977
0.00356242
0.00269931
0.00185481
0.000970237
0.000132236
-0.000619777
-0.00141033
-0.00224042
-0.00300841
-0.00375451
-0.00456914
-0.00538335
-0.00621631
-0.00715332
-0.00812141
-0.00901394
-0.00992529
-0.0108294
-0.0117662
-0.0128364
-0.0139853
-0.0151062
-0.0162114
-0.0174049
-0.0186435
-0.0199438
-0.0212456
-0.0226234
-0.0240286
-0.0254927
-0.0270217
-0.0285543
-0.0302251
-0.0318521
-0.0337042
-0.0355159
-0.0375665
-0.0397328
-0.0421054
-0.0450811
0.0397735
0.0278569
0.0171716
0.0125671
0.0108068
0.00957819
0.00832763
0.0069935
0.00568209
0.00453899
0.00357073
0.0027065
0.00186097
0.00097569
0.000137185
-0.000615701
-0.00140708
-0.00223758
-0.00300614
-0.00375314
-0.00456834
-0.00538297
-0.00621636
-0.00715322
-0.00812045
-0.00901234
-0.00992382
-0.0108292
-0.0117667
-0.0128367
-0.013985
-0.0151054
-0.0162105
-0.0174043
-0.0186429
-0.0199431
-0.0212449
-0.0226228
-0.0240281
-0.0254922
-0.0270213
-0.028554
-0.0302248
-0.0318519
-0.0337039
-0.0355155
-0.0375659
-0.0397314
-0.0421035
-0.0450818
0.0389139
0.0278004
0.0173631
0.0126571
0.0108276
0.00958715
0.00833591
0.00700243
0.00569151
0.00454817
0.00357905
0.00271381
0.0018673
0.000981279
0.000142251
-0.000611496
-0.00140373
-0.00223467
-0.00300379
-0.0037517
-0.00456751
-0.00538261
-0.00621642
-0.00715315
-0.00811947
-0.00901089
-0.00992236
-0.0108291
-0.0117673
-0.0128371
-0.0139847
-0.0151046
-0.0162096
-0.0174037
-0.0186423
-0.0199424
-0.0212442
-0.0226222
-0.0240275
-0.0254916
-0.0270208
-0.0285536
-0.0302246
-0.0318516
-0.0337037
-0.0355151
-0.0375653
-0.03973
-0.0421014
-0.0450824
0.0380684
0.0277239
0.0175519
0.0127518
0.0108501
0.00959619
0.00834392
0.00701118
0.0057009
0.00455736
0.00358742
0.00272127
0.00187382
0.000987016
0.000147438
-0.000607162
-0.00140028
-0.00223168
-0.00300135
-0.00375019
-0.00456665
-0.00538224
-0.00621648
-0.00715304
-0.00811838
-0.00900955
-0.00992088
-0.0108289
-0.011768
-0.0128375
-0.0139844
-0.0151038
-0.0162087
-0.017403
-0.0186417
-0.0199417
-0.0212434
-0.0226215
-0.0240268
-0.025491
-0.0270202
-0.0285532
-0.0302243
-0.0318514
-0.0337034
-0.0355147
-0.0375646
-0.0397284
-0.042099
-0.045083
0.0372377
0.0276273
0.0177377
0.0128518
0.010874
0.00960473
0.00835163
0.00701991
0.00571033
0.00456663
0.0035959
0.00272891
0.00188053
0.000992907
0.000152755
-0.000602698
-0.00139674
-0.0022286
-0.00299881
-0.0037486
-0.00456575
-0.00538187
-0.00621653
-0.0071528
-0.0081171
-0.00900825
-0.00991937
-0.0108287
-0.0117687
-0.012838
-0.0139839
-0.015103
-0.0162078
-0.0174024
-0.0186411
-0.0199409
-0.0212426
-0.0226208
-0.0240262
-0.0254904
-0.0270196
-0.0285527
-0.030224
-0.0318511
-0.0337031
-0.0355142
-0.0375638
-0.0397267
-0.0420964
-0.0450835
0.0364225
0.0275107
0.0179201
0.0129573
0.0108987
0.00961203
0.00835889
0.00702874
0.0057199
0.004576
0.00360451
0.00273673
0.00188742
0.000998962
0.000158213
-0.000598103
-0.0013931
-0.00222543
-0.00299618
-0.00374695
-0.00456482
-0.00538147
-0.00621654
-0.00715238
-0.00811557
-0.00900689
-0.00991778
-0.0108284
-0.0117693
-0.0128383
-0.0139833
-0.0151022
-0.016207
-0.0174017
-0.0186404
-0.0199402
-0.0212418
-0.0226201
-0.0240255
-0.0254897
-0.027019
-0.0285523
-0.0302236
-0.0318509
-0.0337028
-0.0355137
-0.0375631
-0.0397249
-0.0420937
-0.045084
0.0356229
0.0273742
0.0180979
0.0130686
0.010924
0.00961744
0.00836545
0.00703771
0.00572965
0.0045855
0.00361328
0.00274477
0.00189449
0.00100518
0.000163824
-0.000593371
-0.00138937
-0.00222217
-0.00299345
-0.00374523
-0.00456386
-0.00538103
-0.00621653
-0.00715171
-0.00811376
-0.00900539
-0.00991608
-0.0108279
-0.0117699
-0.0128385
-0.0139825
-0.0151013
-0.0162062
-0.0174011
-0.0186397
-0.0199394
-0.021241
-0.0226194
-0.0240248
-0.0254891
-0.0270184
-0.0285517
-0.0302232
-0.0318506
-0.0337024
-0.0355132
-0.0375622
-0.039723
-0.0420908
-0.0450845
0.0348382
0.0272179
0.0182702
0.0131855
0.0109497
0.00962044
0.00837101
0.00704684
0.0057396
0.00459513
0.00362222
0.00275303
0.00190175
0.00101157
0.000169591
-0.0005885
-0.00138555
-0.00221882
-0.00299063
-0.00374346
-0.00456288
-0.00538056
-0.00621647
-0.00715079
-0.00811167
-0.00900371
-0.00991426
-0.0108273
-0.0117705
-0.0128386
-0.0139815
-0.0151002
-0.0162055
-0.0174005
-0.0186389
-0.0199385
-0.0212402
-0.0226187
-0.0240241
-0.0254884
-0.0270177
-0.0285512
-0.0302229
-0.0318503
-0.0337021
-0.0355127
-0.0375613
-0.039721
-0.0420878
-0.0450849
0.0340687
0.027042
0.0184356
0.0133082
0.0109761
0.00962063
0.0083752
0.00705604
0.00574979
0.00460489
0.00363132
0.00276149
0.00190919
0.00101812
0.00017552
-0.000583495
-0.00138163
-0.0022154
-0.00298772
-0.00374162
-0.00456186
-0.00538004
-0.00621637
-0.00714962
-0.00810932
-0.0090018
-0.00991231
-0.0108266
-0.0117709
-0.0128385
-0.0139802
-0.015099
-0.0162049
-0.0173999
-0.0186381
-0.0199376
-0.0212393
-0.0226179
-0.0240233
-0.0254877
-0.027017
-0.0285506
-0.0302224
-0.03185
-0.0337017
-0.0355121
-0.0375604
-0.039719
-0.0420846
-0.0450854
0.0333159
0.0268471
0.0185926
0.0134363
0.0110036
0.00961786
0.00837763
0.00706517
0.0057602
0.00461478
0.00364057
0.00277012
0.00191679
0.00102483
0.000181619
-0.000578349
-0.00137762
-0.00221189
-0.00298473
-0.00373974
-0.00456082
-0.00537947
-0.00621624
-0.00714823
-0.00810674
-0.00899969
-0.00991026
-0.0108258
-0.0117714
-0.0128383
-0.0139786
-0.0150977
-0.0162042
-0.0173992
-0.0186373
-0.0199367
-0.0212384
-0.0226172
-0.0240225
-0.0254869
-0.0270163
-0.02855
-0.030222
-0.0318497
-0.0337013
-0.0355115
-0.0375594
-0.0397168
-0.0420813
-0.0450858
0.0325787
0.0266341
0.0187394
0.0135694
0.0110329
0.00961213
0.00837793
0.00707404
0.00577082
0.00462479
0.00364998
0.00277894
0.00192454
0.00103168
0.00018787
-0.000573065
-0.00137351
-0.00220831
-0.00298166
-0.00373781
-0.00455975
-0.00537887
-0.00621606
-0.00714667
-0.00810398
-0.00899739
-0.00990815
-0.0108249
-0.0117718
-0.012838
-0.0139769
-0.0150962
-0.0162035
-0.0173986
-0.0186364
-0.0199357
-0.0212375
-0.0226164
-0.0240217
-0.0254861
-0.0270155
-0.0285494
-0.0302216
-0.0318494
-0.0337009
-0.0355109
-0.0375584
-0.0397146
-0.0420778
-0.0450862
0.0318565
0.0264036
0.0188748
0.0137069
0.0110649
0.00960358
0.00837574
0.00708246
0.00578161
0.0046349
0.0036595
0.00278793
0.00193248
0.00103869
0.000194272
-0.00056766
-0.00136932
-0.00220464
-0.00297851
-0.00373583
-0.00455866
-0.00537824
-0.00621585
-0.00714497
-0.00810106
-0.00899495
-0.00990599
-0.0108239
-0.0117722
-0.0128376
-0.013975
-0.0150946
-0.0162029
-0.017398
-0.0186355
-0.0199347
-0.0212366
-0.0226155
-0.0240209
-0.0254854
-0.0270147
-0.0285488
-0.0302211
-0.031849
-0.0337005
-0.0355102
-0.0375573
-0.0397124
-0.0420743
-0.0450865
0.0311502
0.0261572
0.0189964
0.0138473
0.0111002
0.00959245
0.00837064
0.0070901
0.00579256
0.00464513
0.00366912
0.00279702
0.00194057
0.00104587
0.000200856
-0.000562105
-0.00136503
-0.00220091
-0.0029753
-0.00373381
-0.00455753
-0.00537757
-0.00621559
-0.00714318
-0.00809803
-0.00899238
-0.0099038
-0.0108229
-0.0117726
-0.0128371
-0.013973
-0.0150929
-0.0162021
-0.0173973
-0.0186345
-0.0199336
-0.0212357
-0.0226147
-0.02402
-0.0254845
-0.0270139
-0.0285482
-0.0302206
-0.0318487
-0.0337001
-0.0355095
-0.0375561
-0.03971
-0.0420705
-0.0450868
0.0304586
0.0258956
0.0191031
0.0139892
0.0111395
0.00957903
0.00836232
0.00709663
0.00580359
0.00465553
0.00367887
0.00280623
0.00194877
0.00105314
0.000207574
-0.000556405
-0.00136063
-0.00219709
-0.00297202
-0.00373174
-0.00455638
-0.00537686
-0.00621529
-0.00714131
-0.00809489
-0.00898972
-0.0099016
-0.0108218
-0.011773
-0.0128366
-0.0139709
-0.0150911
-0.0162014
-0.0173967
-0.0186335
-0.0199325
-0.0212347
-0.0226138
-0.0240191
-0.0254837
-0.0270131
-0.0285475
-0.0302201
-0.0318483
-0.0336996
-0.0355088
-0.0375549
-0.0397076
-0.0420667
-0.0450872
0.0297868
0.0256211
0.0191939
0.0141321
0.0111837
0.00956384
0.00835043
0.00710164
0.00581452
0.004666
0.00368871
0.00281559
0.00195716
0.00106057
0.000214421
-0.0005506
-0.00135615
-0.00219321
-0.00296868
-0.00372963
-0.00455519
-0.00537612
-0.00621492
-0.00713937
-0.00809166
-0.00898697
-0.00989938
-0.0108208
-0.0117734
-0.0128361
-0.0139688
-0.0150892
-0.0162006
-0.0173959
-0.0186324
-0.0199313
-0.0212336
-0.0226129
-0.0240181
-0.0254828
-0.0270122
-0.0285468
-0.0302195
-0.0318479
-0.0336991
-0.035508
-0.0375536
-0.0397051
-0.0420626
-0.0450874
0.0291396
0.0253362
0.0192664
0.0142734
0.0112331
0.00954749
0.00833476
0.00710472
0.00582526
0.00467656
0.00369854
0.00282493
0.00196563
0.00106813
0.000221435
-0.000544649
-0.00135159
-0.00218928
-0.00296529
-0.00372749
-0.00455396
-0.00537536
-0.0062145
-0.00713737
-0.00808834
-0.00898415
-0.00989714
-0.0108196
-0.0117738
-0.0128356
-0.0139666
-0.0150873
-0.0161997
-0.0173952
-0.0186313
-0.0199301
-0.0212326
-0.0226119
-0.0240171
-0.0254819
-0.0270113
-0.0285461
-0.030219
-0.0318474
-0.0336986
-0.0355073
-0.0375522
-0.0397025
-0.0420585
-0.0450877
0.0285097
0.0250421
0.0193216
0.0144127
0.0112883
0.00953084
0.00831546
0.00710564
0.0058358
0.00468738
0.00370856
0.0028344
0.00197421
0.00107577
0.000228577
-0.000538538
-0.00134691
-0.00218525
-0.00296183
-0.0037253
-0.0045527
-0.00537455
-0.006214
-0.00713531
-0.00808493
-0.00898125
-0.00989488
-0.0108185
-0.0117742
-0.0128351
-0.0139643
-0.0150853
-0.0161989
-0.0173945
-0.0186302
-0.0199288
-0.0212314
-0.0226109
-0.0240161
-0.0254809
-0.0270104
-0.0285454
-0.0302184
-0.031847
-0.033698
-0.0355064
-0.0375507
-0.0396998
-0.0420542
-0.0450879
0.0278936
0.0247397
0.0193578
0.0145472
0.0113488
0.00951406
0.00829205
0.00710366
0.00584567
0.00469829
0.00371868
0.002844
0.00198298
0.00108356
0.00023585
-0.000532328
-0.00134216
-0.00218116
-0.00295831
-0.00372306
-0.0045514
-0.00537371
-0.00621343
-0.00713317
-0.00808142
-0.00897828
-0.00989259
-0.0108173
-0.0117745
-0.0128345
-0.013962
-0.0150833
-0.0161979
-0.0173937
-0.0186291
-0.0199275
-0.0212303
-0.0226099
-0.024015
-0.02548
-0.0270094
-0.0285446
-0.0302178
-0.0318465
-0.0336975
-0.0355056
-0.0375492
-0.039697
-0.0420497
-0.045088
0.0272968
0.0244308
0.0193722
0.0146741
0.011414
0.00949781
0.00826455
0.00709821
0.00585438
0.004709
0.00372863
0.00285343
0.00199167
0.00109139
0.000243218
-0.000526014
-0.00133736
-0.00217705
-0.00295477
-0.00372081
-0.00455009
-0.00537286
-0.00621282
-0.00713099
-0.00807783
-0.00897522
-0.00989026
-0.0108161
-0.0117749
-0.0128339
-0.0139597
-0.0150813
-0.016197
-0.0173928
-0.0186278
-0.0199262
-0.0212291
-0.0226088
-0.024014
-0.0254789
-0.0270085
-0.0285438
-0.0302171
-0.031846
-0.0336969
-0.0355047
-0.0375476
-0.0396941
-0.042045
-0.0450881
0.0267208
0.0241213
0.0193711
0.0147945
0.0114846
0.00948396
0.00823415
0.00708956
0.00586217
0.00471997
0.00373892
0.00286306
0.0020005
0.00109932
0.000250717
-0.000519538
-0.00133244
-0.00217285
-0.00295117
-0.00371852
-0.00454874
-0.00537196
-0.00621211
-0.00712874
-0.00807416
-0.00897209
-0.00988788
-0.0108149
-0.0117752
-0.0128333
-0.0139574
-0.0150792
-0.016196
-0.017392
-0.0186266
-0.0199248
-0.0212278
-0.0226077
-0.0240128
-0.0254779
-0.0270074
-0.028543
-0.0302165
-0.0318454
-0.0336962
-0.0355037
-0.0375459
-0.0396912
-0.0420403
-0.0450882
0.0261533
0.0238085
0.0193513
0.0149036
0.0115574
0.00947213
0.00820042
0.00707694
0.00586833
0.00473091
0.00374942
0.00287286
0.0020095
0.00110741
0.00025838
-0.000512954
-0.00132743
-0.00216855
-0.00294746
-0.00371614
-0.00454733
-0.00537103
-0.00621134
-0.00712641
-0.00807039
-0.00896887
-0.00988544
-0.0108136
-0.0117754
-0.0128326
-0.013955
-0.0150771
-0.016195
-0.0173911
-0.0186253
-0.0199234
-0.0212265
-0.0226065
-0.0240117
-0.0254768
-0.0270064
-0.0285421
-0.0302158
-0.0318449
-0.0336956
-0.0355027
-0.037544
-0.0396882
-0.0420353
-0.0450882
0.025602
0.0234922
0.0193097
0.0149989
0.0116313
0.00946322
0.00816349
0.00705948
0.00587168
0.00474095
0.00375957
0.00288235
0.00201819
0.00111533
0.000265996
-0.000506341
-0.00132243
-0.0021643
-0.00294379
-0.00371381
-0.00454597
-0.00537013
-0.00621056
-0.00712409
-0.0080666
-0.00896558
-0.00988295
-0.0108123
-0.0117757
-0.0128319
-0.0139526
-0.0150749
-0.0161939
-0.0173902
-0.018624
-0.019922
-0.0212251
-0.0226053
-0.0240104
-0.0254757
-0.0270052
-0.0285412
-0.0302151
-0.0318443
-0.0336949
-0.0355017
-0.0375421
-0.039685
-0.0420302
-0.0450881
0.0250911
0.0231859
0.0192573
0.0150841
0.0117072
0.00945961
0.00812575
0.00703849
0.00587304
0.00475093
0.00377032
0.0028923
0.00202718
0.00112345
0.000273758
-0.000499591
-0.00131734
-0.00215999
-0.00294005
-0.0037114
-0.00454455
-0.00536916
-0.00620969
-0.00712168
-0.00806275
-0.00896223
-0.0098804
-0.0108109
-0.0117759
-0.0128312
-0.0139501
-0.0150727
-0.0161928
-0.0173892
-0.0186226
-0.0199205
-0.0212237
-0.022604
-0.0240092
-0.0254745
-0.0270041
-0.0285403
-0.0302143
-0.0318437
-0.0336941
-0.0355006
-0.0375401
-0.0396818
-0.0420249
-0.0450879
0.024575
0.0228788
0.0191889
0.0151515
0.0117791
0.00945931
0.00808664
0.0070133
0.00587149
0.0047603
0.00378134
0.00290256
0.00203633
0.00113169
0.0002817
-0.000492671
-0.00131209
-0.00215551
-0.00293616
-0.00370888
-0.00454306
-0.00536813
-0.00620876
-0.00711923
-0.00805882
-0.00895877
-0.00987777
-0.0108095
-0.011776
-0.0128304
-0.0139476
-0.0150704
-0.0161916
-0.0173882
-0.0186211
-0.0199189
-0.0212223
-0.0226027
-0.0240079
-0.0254733
-0.0270029
-0.0285394
-0.0302136
-0.031843
-0.0336933
-0.0354995
-0.037538
-0.0396785
-0.0420195
-0.0450877
0.0240624
0.0225682
0.0190993
0.015199
0.0118462
0.00946248
0.00804587
0.00698239
0.00586507
0.00476729
0.00379148
0.00291227
0.00204489
0.00113946
0.000289357
-0.000485882
-0.00130695
-0.00215117
-0.00293243
-0.00370652
-0.00454168
-0.00536717
-0.00620788
-0.00711682
-0.00805492
-0.00895528
-0.00987509
-0.0108081
-0.0117761
-0.0128296
-0.0139451
-0.0150681
-0.0161904
-0.0173871
-0.0186197
-0.0199173
-0.0212207
-0.0226014
-0.0240065
-0.0254721
-0.0270017
-0.0285384
-0.0302128
-0.0318423
-0.0336925
-0.0354983
-0.0375357
-0.0396751
-0.0420139
-0.0450874
0.0236437
0.0222813
0.0190061
0.0152366
0.0119121
0.00947245
0.00800718
0.00694889
0.00585581
0.00477332
0.00380218
0.00292285
0.00205411
0.00114761
0.000297214
-0.000478971
-0.00130179
-0.00214682
-0.00292861
-0.00370403
-0.00454021
-0.00536611
-0.00620685
-0.00711434
-0.00805097
-0.00895174
-0.00987234
-0.0108066
-0.0117761
-0.0128288
-0.0139426
-0.0150658
-0.0161891
-0.017386
-0.0186181
-0.0199157
-0.0212192
-0.0226
-0.0240051
-0.0254708
-0.0270004
-0.0285373
-0.0302119
-0.0318416
-0.0336917
-0.035497
-0.0375334
-0.0396716
-0.0420082
-0.045087
0.0232022
0.0219915
0.0188955
0.0152521
0.0119685
0.00948524
0.00796977
0.00691226
0.00584281
0.00477761
0.00381289
0.00293397
0.0020636
0.00115577
0.000305141
-0.000471858
-0.00129634
-0.0021422
-0.0029246
-0.00370144
-0.00453868
-0.00536501
-0.00620577
-0.00711179
-0.00804696
-0.00894809
-0.00986952
-0.010805
-0.0117761
-0.0128279
-0.01394
-0.0150634
-0.0161878
-0.0173848
-0.0186165
-0.019914
-0.0212176
-0.0225985
-0.0240037
-0.0254694
-0.0269991
-0.0285363
-0.0302111
-0.0318409
-0.0336907
-0.0354958
-0.0375309
-0.039668
-0.0420023
-0.0450865
0.0227266
0.0216972
0.0187665
0.0152458
0.0120141
0.00949849
0.00793189
0.00687033
0.00582362
0.00477763
0.00382162
0.0029443
0.00207245
0.00116334
0.00031262
-0.000465022
-0.00129113
-0.00213788
-0.00292087
-0.00369907
-0.00453731
-0.005364
-0.00620474
-0.00710932
-0.008043
-0.00894444
-0.00986667
-0.0108035
-0.011776
-0.012827
-0.0139374
-0.0150609
-0.0161864
-0.0173836
-0.0186149
-0.0199122
-0.0212159
-0.022597
-0.0240022
-0.0254681
-0.0269977
-0.0285352
-0.0302102
-0.0318401
-0.0336898
-0.0354944
-0.0375283
-0.0396643
-0.0419962
-0.0450858
0.0224331
0.0214346
0.0186371
0.0152303
0.0120531
0.00951493
0.00789752
0.00682754
0.00580148
0.0047751
0.00382976
0.00295543
0.00208233
0.00117143
0.000320218
-0.000458189
-0.00128599
-0.00213359
-0.00291706
-0.00369656
-0.00453582
-0.00536288
-0.00620359
-0.00710677
-0.008039
-0.0089407
-0.00986373
-0.0108018
-0.0117759
-0.012826
-0.0139347
-0.0150584
-0.016185
-0.0173823
-0.0186132
-0.0199104
-0.0212142
-0.0225955
-0.0240006
-0.0254666
-0.0269963
-0.0285341
-0.0302092
-0.0318393
-0.0336888
-0.035493
-0.0375255
-0.0396605
-0.04199
-0.0450851
0.022131
0.0211672
0.0184916
0.0151946
0.01208
0.00953198
0.00786663
0.00678387
0.00577576
0.00476947
0.00383669
0.00296687
0.00209267
0.0011795
0.000327671
-0.000451278
-0.00128054
-0.00212898
-0.00291305
-0.00369399
-0.00453433
-0.00536174
-0.0062024
-0.00710417
-0.00803492
-0.00893687
-0.00986073
-0.0108001
-0.0117756
-0.0128249
-0.013932
-0.0150559
-0.0161834
-0.0173809
-0.0186114
-0.0199085
-0.0212124
-0.0225938
-0.023999
-0.0254652
-0.0269949
-0.0285329
-0.0302082
-0.0318384
-0.0336877
-0.0354915
-0.0375227
-0.0396566
-0.0419837
-0.0450842
0.0217613
0.0209019
0.0183382
0.0151428
0.0120937
0.00954499
0.007836
0.00673756
0.00574515
0.00475905
0.00384041
0.00297717
0.00210287
0.00118749
0.000334932
-0.000444547
-0.00127533
-0.00212473
-0.00290937
-0.00369163
-0.00453294
-0.00536065
-0.00620122
-0.00710162
-0.00803093
-0.00893308
-0.00985772
-0.0107984
-0.0117753
-0.0128238
-0.0139292
-0.0150533
-0.0161818
-0.0173795
-0.0186096
-0.0199066
-0.0212105
-0.0225922
-0.0239974
-0.0254636
-0.0269934
-0.0285317
-0.0302072
-0.0318375
-0.0336866
-0.03549
-0.0375196
-0.0396526
-0.0419773
-0.0450832
0.0214143
0.0206475
0.0181839
0.0150795
0.012094
0.00955292
0.00780625
0.00669084
0.0057118
0.00474484
0.00384123
0.00298676
0.00211376
0.00119602
0.000342067
-0.000438205
-0.00127047
-0.00212065
-0.00290569
-0.00368917
-0.0045315
-0.00535957
-0.0062
-0.00709903
-0.00802689
-0.00892917
-0.00985459
-0.0107966
-0.011775
-0.0128227
-0.0139264
-0.0150506
-0.0161802
-0.017378
-0.0186077
-0.0199046
-0.0212086
-0.0225905
-0.0239957
-0.0254621
-0.0269918
-0.0285304
-0.0302062
-0.0318366
-0.0336854
-0.0354884
-0.0375165
-0.0396485
-0.0419707
-0.045082
0.0210708
0.0203925
0.0180214
0.0150023
0.0120809
0.00955614
0.00777831
0.0066441
0.00567596
0.0047272
0.00383924
0.00299544
0.00212487
0.0012046
0.000348918
-0.000431968
-0.0012654
-0.00211632
-0.00290188
-0.00368672
-0.00453014
-0.00535848
-0.00619867
-0.00709635
-0.0080228
-0.00892522
-0.00985144
-0.0107948
-0.0117745
-0.0128215
-0.0139236
-0.0150479
-0.0161784
-0.0173764
-0.0186058
-0.0199026
-0.0212066
-0.0225887
-0.0239939
-0.0254604
-0.0269902
-0.0285291
-0.030205
-0.0318356
-0.0336842
-0.0354867
-0.0375131
-0.0396443
-0.0419639
-0.0450807
0.0207159
0.0201345
0.0178541
0.0149161
0.0120566
0.00955366
0.0077502
0.00659672
0.00563779
0.00470609
0.00383359
0.00300199
0.00213578
0.00121378
0.000356298
-0.000425497
-0.00126045
-0.00211237
-0.00289841
-0.0036844
-0.00452873
-0.00535733
-0.00619734
-0.00709375
-0.00801881
-0.00892127
-0.00984822
-0.0107929
-0.011774
-0.0128202
-0.0139207
-0.0150452
-0.0161766
-0.0173748
-0.0186038
-0.0199005
-0.0212046
-0.0225868
-0.023992
-0.0254587
-0.0269886
-0.0285278
-0.0302039
-0.0318346
-0.0336829
-0.0354849
-0.0375097
-0.03964
-0.0419571
-0.0450791
0.0203473
0.0198754
0.0176825
0.0148204
0.0120195
0.00954338
0.00772077
0.00654893
0.00559752
0.0046814
0.00382414
0.00300642
0.00214674
0.00122363
0.000363632
-0.000419665
-0.00125609
-0.0021087
-0.00289493
-0.00368201
-0.0045274
-0.00535635
-0.00619609
-0.00709113
-0.00801474
-0.0089172
-0.00984493
-0.010791
-0.0117733
-0.0128188
-0.0139178
-0.0150424
-0.0161747
-0.0173731
-0.0186017
-0.0198983
-0.0212025
-0.0225849
-0.0239901
-0.025457
-0.0269869
-0.0285264
-0.0302027
-0.0318335
-0.0336815
-0.0354831
-0.0375061
-0.0396355
-0.0419501
-0.0450775
0.0199797
0.0196154
0.0175046
0.0147146
0.0119704
0.00952565
0.0076897
0.00650003
0.00555479
0.00465367
0.00381144
0.00300855
0.00215689
0.00123322
0.000370583
-0.000414007
-0.00125161
-0.00210498
-0.00289163
-0.00367984
-0.0045262
-0.00535532
-0.00619465
-0.00708841
-0.00801071
-0.00891316
-0.00984161
-0.0107889
-0.0117726
-0.0128174
-0.0139149
-0.0150395
-0.0161728
-0.0173713
-0.0185995
-0.0198961
-0.0212003
-0.022583
-0.0239882
-0.0254552
-0.0269851
-0.0285249
-0.0302014
-0.0318324
-0.0336801
-0.0354812
-0.0375023
-0.039631
-0.041943
-0.0450756
0.0196062
0.0193531
0.0173194
0.0145991
0.0119104
0.0094997
0.00765549
0.00644964
0.00551031
0.00462355
0.00379496
0.00300701
0.0021654
0.00124299
0.000378328
-0.000407807
-0.00124725
-0.00210183
-0.00288874
-0.00367768
-0.00452485
-0.00535424
-0.00619329
-0.00708581
-0.00800673
-0.00890904
-0.00983818
-0.0107868
-0.0117717
-0.0128159
-0.0139119
-0.0150366
-0.0161707
-0.0173695
-0.0185973
-0.0198938
-0.021198
-0.0225809
-0.0239861
-0.0254534
-0.0269833
-0.0285235
-0.0302001
-0.0318312
-0.0336785
-0.0354792
-0.0374984
-0.0396263
-0.0419358
-0.0450735
0.0192235
0.019087
0.0171277
0.0144749
0.0118398
0.00946503
0.00761796
0.00639786
0.00546387
0.00459045
0.00377451
0.00300216
0.00217291
0.00125317
0.000386294
-0.000402047
-0.00124343
-0.00209887
-0.00288578
-0.00367551
-0.00452371
-0.00535341
-0.00619195
-0.00708308
-0.00800267
-0.00890491
-0.00983476
-0.0107847
-0.0117708
-0.0128143
-0.0139088
-0.0150337
-0.0161685
-0.0173675
-0.018595
-0.0198914
-0.0211956
-0.0225788
-0.023984
-0.0254514
-0.0269814
-0.0285219
-0.0301988
-0.03183
-0.033677
-0.0354771
-0.0374943
-0.0396216
-0.0419285
-0.0450712
0.0188288
0.0188171
0.0169308
0.0143414
0.0117585
0.00942215
0.00757687
0.00634347
0.00541452
0.00455469
0.00375128
0.00299461
0.00217867
0.00126253
0.000393917
-0.000396234
-0.00123938
-0.00209606
-0.00288336
-0.00367381
-0.0045227
-0.00535246
-0.00619049
-0.00708041
-0.00799874
-0.00890079
-0.00983123
-0.0107824
-0.0117697
-0.0128126
-0.0139058
-0.0150307
-0.0161663
-0.0173655
-0.0185926
-0.019889
-0.0211932
-0.0225766
-0.0239818
-0.0254495
-0.0269795
-0.0285203
-0.0301974
-0.0318287
-0.0336753
-0.0354749
-0.03749
-0.0396167
-0.0419212
-0.0450687
0.0184223
0.0185423
0.0167286
0.014198
0.0116667
0.00937055
0.00753091
0.00628604
0.00536317
0.00451753
0.0037254
0.00298307
0.00218127
0.0012708
0.000401971
-0.000389764
-0.0012354
-0.00209391
-0.00288144
-0.00367211
-0.00452157
-0.00535161
-0.00618919
-0.00707779
-0.00799477
-0.00889656
-0.00982763
-0.01078
-0.0117685
-0.0128109
-0.0139027
-0.0150276
-0.016164
-0.0173634
-0.0185901
-0.0198865
-0.0211907
-0.0225744
-0.0239796
-0.0254474
-0.0269775
-0.0285187
-0.0301959
-0.0318274
-0.0336735
-0.0354726
-0.0374857
-0.0396117
-0.0419137
-0.045066
0.0180034
0.0182609
0.0165224
0.0140466
0.0115645
0.00930998
0.0074805
0.00622595
0.00530934
0.00447773
0.00369551
0.00296736
0.00218167
0.00127867
0.000410005
-0.000383537
-0.00123176
-0.00209195
-0.00287952
-0.00367051
-0.00452075
-0.00535097
-0.00618781
-0.00707504
-0.00799079
-0.00889237
-0.00982403
-0.0107776
-0.0117672
-0.012809
-0.0138995
-0.0150244
-0.0161616
-0.0173612
-0.0185875
-0.0198839
-0.0211881
-0.0225721
-0.0239773
-0.0254453
-0.0269755
-0.0285169
-0.0301944
-0.031826
-0.0336717
-0.0354702
-0.0374811
-0.0396066
-0.0419061
-0.045063
0.0175724
0.0179715
0.016314
0.0138871
0.011451
0.00924055
0.00742581
0.00616243
0.00525174
0.00443494
0.00366282
0.00294889
0.00217981
0.0012846
0.000416924
-0.00037718
-0.00122756
-0.00209007
-0.00287834
-0.00366957
-0.00452013
-0.00535029
-0.00618642
-0.00707238
-0.00798693
-0.00888822
-0.00982036
-0.0107751
-0.0117657
-0.0128071
-0.0138963
-0.0150213
-0.016159
-0.0173589
-0.0185849
-0.0198813
-0.0211855
-0.0225697
-0.0239749
-0.0254431
-0.0269734
-0.0285152
-0.0301928
-0.0318245
-0.0336698
-0.0354677
-0.0374764
-0.0396013
-0.0418985
-0.0450598
0.0171325
0.0176728
0.0161024
0.01372
0.0113267
0.00916246
0.00736667
0.00609493
0.00519002
0.00438997
0.00362796
0.00292688
0.00217441
0.00128827
0.000423359
-0.000370291
-0.00122322
-0.00208886
-0.00287776
-0.00366865
-0.00451942
-0.00534978
-0.00618523
-0.00706976
-0.00798304
-0.00888399
-0.00981662
-0.0107724
-0.0117642
-0.0128051
-0.013893
-0.015018
-0.0161564
-0.0173565
-0.0185822
-0.0198785
-0.0211827
-0.0225672
-0.0239724
-0.0254409
-0.0269712
-0.0285133
-0.0301912
-0.031823
-0.0336678
-0.0354651
-0.0374716
-0.039596
-0.0418907
-0.0450563
0.0166875
0.017363
0.0158877
0.0135478
0.0111928
0.00907459
0.00730198
0.00602325
0.00512442
0.00434278
0.00359008
0.00290072
0.00216619
0.00129047
0.000428792
-0.000363735
-0.00121884
-0.00208765
-0.00287727
-0.00366803
-0.00451918
-0.00534958
-0.00618405
-0.00706708
-0.00797914
-0.00887975
-0.00981285
-0.0107698
-0.0117625
-0.0128029
-0.0138897
-0.0150147
-0.0161537
-0.017354
-0.0185793
-0.0198757
-0.0211799
-0.0225647
-0.0239698
-0.0254386
-0.026969
-0.0285114
-0.0301895
-0.0318213
-0.0336657
-0.0354623
-0.0374666
-0.0395905
-0.0418829
-0.0450526
0.01624
0.0170411
0.0156702
0.0133728
0.0110489
0.00897489
0.00723166
0.00594871
0.00505455
0.00429223
0.00354917
0.00287112
0.00215545
0.0012905
0.000432063
-0.000357716
-0.00121382
-0.00208639
-0.00287754
-0.00366812
-0.00451922
-0.00534942
-0.00618289
-0.00706446
-0.00797531
-0.00887557
-0.00980904
-0.0107669
-0.0117606
-0.0128007
-0.0138864
-0.0150113
-0.0161509
-0.0173514
-0.0185764
-0.0198727
-0.0211769
-0.0225621
-0.0239672
-0.0254362
-0.0269667
-0.0285094
-0.0301877
-0.0318196
-0.0336635
-0.0354595
-0.0374615
-0.0395848
-0.041875
-0.0450486
0.0157961
0.0167083
0.0154489
0.0131949
0.0108946
0.0088633
0.00715651
0.0058714
0.00497895
0.00423784
0.00350611
0.00283805
0.00214136
0.00128795
0.000433297
-0.000352158
-0.00120835
-0.00208541
-0.00287848
-0.00366836
-0.00451927
-0.00534952
-0.00618195
-0.00706191
-0.00797154
-0.00887137
-0.00980515
-0.010764
-0.0117586
-0.0127984
-0.0138829
-0.0150079
-0.016148
-0.0173487
-0.0185734
-0.0198697
-0.0211739
-0.0225594
-0.0239645
-0.0254338
-0.0269643
-0.0285074
-0.0301859
-0.0318178
-0.0336613
-0.0354565
-0.0374562
-0.0395791
-0.041867
-0.0450444
0.0153628
0.0163658
0.0152201
0.013014
0.010733
0.00874059
0.00707496
0.00579064
0.00489776
0.00417985
0.00346085
0.00280082
0.00212381
0.00128348
0.000432628
-0.000347656
-0.00120279
-0.00208433
-0.00287967
-0.00366899
-0.00451976
-0.00534999
-0.00618119
-0.00705938
-0.00796774
-0.00886718
-0.00980124
-0.010761
-0.0117565
-0.0127959
-0.0138795
-0.0150044
-0.0161449
-0.0173459
-0.0185703
-0.0198666
-0.0211708
-0.0225566
-0.0239617
-0.0254312
-0.0269619
-0.0285052
-0.030184
-0.0318159
-0.0336589
-0.0354534
-0.0374508
-0.0395732
-0.0418589
-0.0450399
0.0149459
0.0160152
0.0149817
0.0128317
0.0105669
0.00860526
0.00698432
0.00570708
0.00481171
0.00411748
0.00341317
0.00275976
0.00210319
0.00127729
0.000429257
-0.000345218
-0.00119705
-0.00208279
-0.00288139
-0.00367031
-0.00452056
-0.00535061
-0.00618061
-0.00705698
-0.007964
-0.00886301
-0.00979729
-0.0107579
-0.0117542
-0.0127934
-0.013876
-0.0150008
-0.0161418
-0.017343
-0.0185671
-0.0198635
-0.0211676
-0.0225537
-0.0239588
-0.0254286
-0.0269594
-0.028503
-0.0301821
-0.031814
-0.0336565
-0.0354501
-0.0374453
-0.0395672
-0.0418508
-0.0450352
0.0145473
0.0156598
0.0147322
0.0126469
0.0103965
0.00845677
0.0068838
0.00562229
0.00472151
0.00404961
0.00336314
0.00271496
0.00207851
0.00126888
0.000423256
-0.000344741
-0.00119103
-0.00208092
-0.0028838
-0.00367211
-0.00452157
-0.00535157
-0.00618023
-0.00705467
-0.00796038
-0.00885887
-0.00979326
-0.0107546
-0.0117518
-0.0127908
-0.0138724
-0.0149972
-0.0161385
-0.01734
-0.0185637
-0.0198602
-0.0211643
-0.0225507
-0.0239558
-0.0254259
-0.0269568
-0.0285007
-0.0301801
-0.0318119
-0.033654
-0.0354467
-0.0374396
-0.0395611
-0.0418426
-0.0450301
0.0141679
0.0153035
0.0144698
0.0124569
0.0102241
0.00829771
0.00677278
0.0055354
0.00462636
0.00397477
0.00331057
0.00266678
0.00204956
0.00125871
0.000415458
-0.000346725
-0.00118599
-0.00207891
-0.00288637
-0.00367442
-0.00452295
-0.00535284
-0.00618015
-0.00705244
-0.00795674
-0.00885478
-0.00978924
-0.0107513
-0.0117493
-0.012788
-0.0138687
-0.0149935
-0.0161352
-0.0173369
-0.0185603
-0.0198567
-0.0211609
-0.0225477
-0.0239528
-0.0254231
-0.0269542
-0.0284983
-0.030178
-0.0318097
-0.0336513
-0.0354432
-0.0374338
-0.0395549
-0.0418343
-0.0450248
0.013807
0.0149506
0.0141948
0.0122588
0.0100507
0.00812997
0.00664797
0.00544391
0.00452768
0.00389396
0.00325596
0.00261582
0.0020159
0.00124634
0.000405365
-0.000352009
-0.00118189
-0.00207612
-0.002889
-0.00367741
-0.00452471
-0.00535431
-0.00618043
-0.00705049
-0.00795311
-0.00885068
-0.00978523
-0.0107478
-0.0117465
-0.0127852
-0.013865
-0.0149897
-0.0161317
-0.0173336
-0.0185568
-0.0198533
-0.0211574
-0.0225445
-0.0239496
-0.0254203
-0.0269515
-0.0284958
-0.0301759
-0.0318074
-0.0336486
-0.0354396
-0.0374279
-0.0395485
-0.0418259
-0.0450193
0.0134613
0.0146041
0.0139072
0.0120491
0.00987634
0.00795596
0.00650858
0.00534825
0.00442822
0.00380638
0.00319726
0.00256147
0.00197716
0.00123176
0.000393642
-0.000360155
-0.001179
-0.00207315
-0.00289202
-0.00368105
-0.00452686
-0.0053561
-0.00618086
-0.00704872
-0.00794978
-0.00884662
-0.00978103
-0.0107442
-0.0117438
-0.0127822
-0.0138612
-0.0149858
-0.0161281
-0.0173302
-0.0185531
-0.0198497
-0.0211538
-0.0225412
-0.0239464
-0.0254174
-0.0269488
-0.0284933
-0.0301737
-0.031805
-0.0336458
-0.0354358
-0.0374219
-0.0395421
-0.0418175
-0.0450134
0.0131257
0.014265
0.0136092
0.0118268
0.00970047
0.00777872
0.00635525
0.0052458
0.0043269
0.00371088
0.00313393
0.00250557
0.00193391
0.00121434
0.000380629
-0.000371439
-0.00117875
-0.00207032
-0.0028947
-0.00368525
-0.00452952
-0.00535802
-0.00618165
-0.00704724
-0.0079465
-0.00884269
-0.00977687
-0.0107404
-0.0117408
-0.0127792
-0.0138574
-0.0149819
-0.0161243
-0.0173267
-0.0185493
-0.0198459
-0.0211501
-0.0225379
-0.0239431
-0.0254143
-0.026946
-0.0284906
-0.0301715
-0.0318026
-0.0336428
-0.0354318
-0.0374157
-0.0395355
-0.041809
-0.0450073
0.0128007
0.0139343
0.0133051
0.0115902
0.00951947
0.00760024
0.006188
0.00513273
0.00422458
0.00360983
0.00306628
0.00244812
0.00188516
0.00119287
0.000366314
-0.000385584
-0.00118084
-0.00206758
-0.00289727
-0.00369011
-0.00453285
-0.00536015
-0.00618254
-0.00704603
-0.00794334
-0.00883878
-0.00977279
-0.0107365
-0.0117375
-0.012776
-0.0138535
-0.0149779
-0.0161205
-0.0173231
-0.0185454
-0.0198421
-0.0211463
-0.0225344
-0.0239397
-0.0254112
-0.0269431
-0.0284878
-0.0301691
-0.0317999
-0.0336398
-0.0354278
-0.0374094
-0.0395288
-0.0418004
-0.045001
0.0124694
0.013611
0.0129973
0.0113378
0.00932968
0.00742255
0.00600969
0.00500796
0.00412218
0.00350402
0.00299177
0.00238791
0.00183178
0.00116786
0.000351019
-0.000402351
-0.00118589
-0.00206574
-0.00289969
-0.0036952
-0.00453688
-0.00536279
-0.00618345
-0.00704489
-0.0079406
-0.00883501
-0.00976853
-0.0107326
-0.0117343
-0.0127726
-0.0138495
-0.0149739
-0.0161165
-0.0173194
-0.0185414
-0.0198382
-0.0211425
-0.0225308
-0.0239362
-0.025408
-0.0269402
-0.0284849
-0.0301667
-0.0317972
-0.0336367
-0.0354236
-0.037403
-0.039522
-0.0417917
-0.0449943
0.0121376
0.0132927
0.0126883
0.011072
0.00912894
0.00724622
0.00582398
0.00486941
0.00401719
0.00339361
0.00290997
0.00232622
0.001775
0.00113824
0.000334308
-0.000421621
-0.00119452
-0.00206518
-0.00290176
-0.0037004
-0.00454158
-0.0053658
-0.00618469
-0.00704406
-0.00793791
-0.00883142
-0.00976438
-0.0107285
-0.011731
-0.0127693
-0.0138453
-0.0149696
-0.0161125
-0.0173155
-0.0185373
-0.0198341
-0.0211385
-0.0225272
-0.0239326
-0.0254047
-0.0269371
-0.028482
-0.0301643
-0.0317944
-0.0336334
-0.0354193
-0.0373965
-0.0395152
-0.041783
-0.0449875
0.0118046
0.0129776
0.0123807
0.0107959
0.00891453
0.0070695
0.00563319
0.00471519
0.00390806
0.00328084
0.00282156
0.00226253
0.00171431
0.00110281
0.000315993
-0.000442438
-0.00120619
-0.00206638
-0.00290426
-0.00370581
-0.00454685
-0.00536927
-0.00618588
-0.00704347
-0.00793563
-0.00882778
-0.00976016
-0.0107245
-0.0117274
-0.0127657
-0.0138413
-0.0149653
-0.0161082
-0.0173115
-0.0185331
-0.0198299
-0.0211344
-0.0225233
-0.023929
-0.0254013
-0.026934
-0.0284788
-0.0301618
-0.0317915
-0.0336301
-0.0354149
-0.0373898
-0.0395082
-0.0417743
-0.0449803
0.0114704
0.012664
0.0120747
0.0105119
0.00868445
0.00688929
0.00544063
0.00454634
0.00379341
0.00316715
0.0027256
0.00219473
0.00165058
0.00106274
0.000295947
-0.000465108
-0.00122137
-0.00206984
-0.00290717
-0.00371104
-0.00455257
-0.00537353
-0.00618717
-0.00704265
-0.00793378
-0.00882462
-0.00975576
-0.0107202
-0.0117239
-0.0127621
-0.013837
-0.0149611
-0.0161039
-0.0173073
-0.0185286
-0.0198256
-0.0211303
-0.0225194
-0.0239253
-0.0253979
-0.0269309
-0.0284757
-0.0301591
-0.0317884
-0.0336266
-0.0354104
-0.0373832
-0.0395011
-0.0417655
-0.044973
0.0111348
0.0123502
0.0117696
0.0102234
0.00843838
0.00670194
0.00525009
0.00436491
0.00366942
0.00305245
0.0026231
0.00212289
0.00158461
0.00101737
0.000273355
-0.000489263
-0.00123993
-0.00207581
-0.00291075
-0.00371613
-0.00455853
-0.00537845
-0.00618878
-0.00704191
-0.00793198
-0.00882176
-0.00975173
-0.0107157
-0.0117201
-0.0127584
-0.0138327
-0.0149566
-0.0160995
-0.0173031
-0.0185241
-0.0198211
-0.021126
-0.0225154
-0.0239215
-0.0253943
-0.0269277
-0.0284725
-0.0301565
-0.0317852
-0.033623
-0.0354058
-0.0373764
-0.0394941
-0.0417567
-0.0449654
0.0107976
0.0120355
0.0114637
0.00993279
0.00817848
0.00650419
0.00506207
0.00417283
0.00353358
0.00293615
0.00251556
0.00204766
0.00151639
0.000965681
0.000247516
-0.000514029
-0.00126117
-0.00208473
-0.0029159
-0.00372163
-0.00456449
-0.00538379
-0.00619051
-0.00704101
-0.00793058
-0.00881914
-0.00974769
-0.0107116
-0.0117163
-0.0127543
-0.0138281
-0.014952
-0.0160949
-0.0172988
-0.0185196
-0.0198167
-0.0211216
-0.0225111
-0.0239176
-0.0253907
-0.0269244
-0.028469
-0.0301537
-0.0317821
-0.0336193
-0.035401
-0.0373694
-0.0394868
-0.0417478
-0.0449576
0.010459
0.0117199
0.0111553
0.0096407
0.00790853
0.0062926
0.00487445
0.00397412
0.00338571
0.00281784
0.00240265
0.00196682
0.0014468
0.000909849
0.000218305
-0.000540472
-0.00128537
-0.00209659
-0.00292273
-0.00372735
-0.00457029
-0.00538987
-0.00619294
-0.00703968
-0.0079289
-0.00881698
-0.0097437
-0.0107072
-0.0117127
-0.0127506
-0.0138234
-0.0149472
-0.01609
-0.0172941
-0.0185147
-0.0198122
-0.0211173
-0.0225069
-0.0239136
-0.0253868
-0.0269209
-0.0284656
-0.0301508
-0.0317787
-0.0336155
-0.0353963
-0.0373625
-0.0394795
-0.0417389
-0.0449495
0.0101175
0.0114031
0.0108434
0.00934658
0.00763103
0.00606502
0.00468552
0.00377251
0.0032252
0.00269703
0.00228603
0.00187917
0.00137507
0.000849789
0.000185273
-0.00056803
-0.00131214
-0.00211143
-0.00293114
-0.00373366
-0.00457608
-0.00539624
-0.00619603
-0.00703868
-0.00792717
-0.00881481
-0.00974
-0.0107028
-0.0117086
-0.0127466
-0.0138191
-0.0149426
-0.0160851
-0.0172894
-0.0185096
-0.0198072
-0.0211127
-0.0225026
-0.0239097
-0.0253831
-0.0269175
-0.028462
-0.0301479
-0.0317753
-0.0336115
-0.0353914
-0.0373554
-0.0394723
-0.04173
-0.0449413
0.00977156
0.0110844
0.0105283
0.00904857
0.00734812
0.00582237
0.00449226
0.00356998
0.00305179
0.00257177
0.00216839
0.00178703
0.00130081
0.00078381
0.000146998
-0.000596268
-0.00134055
-0.00212943
-0.00294176
-0.00374067
-0.0045816
-0.00540266
-0.0061997
-0.00703761
-0.0079254
-0.00881324
-0.00973662
-0.0106986
-0.0117046
-0.012742
-0.0138141
-0.0149377
-0.0160803
-0.0172848
-0.0185047
-0.0198024
-0.0211079
-0.0224978
-0.0239055
-0.0253792
-0.0269141
-0.0284584
-0.0301449
-0.0317718
-0.0336075
-0.0353864
-0.0373483
-0.0394649
-0.0417212
-0.0449329
0.00942006
0.0107628
0.0102111
0.00874509
0.00706134
0.00556646
0.0042901
0.00336836
0.00286742
0.002439
0.00204937
0.00169019
0.00122579
0.000715106
0.000103068
-0.000626708
-0.00137093
-0.00215064
-0.00295513
-0.00374874
-0.00458646
-0.00540865
-0.00620404
-0.00703697
-0.0079232
-0.00881165
-0.00973372
-0.0106944
-0.0117006
-0.0127381
-0.0138092
-0.0149322
-0.0160749
-0.0172798
-0.0184995
-0.0197976
-0.0211035
-0.0224934
-0.0239013
-0.025375
-0.0269102
-0.0284547
-0.0301418
-0.0317683
-0.0336034
-0.0353814
-0.0373412
-0.0394575
-0.0417123
-0.0449244
0.00906249
0.0104361
0.0098914
0.00843573
0.00677123
0.00529917
0.00407585
0.00316851
0.002676
0.00229769
0.00192839
0.00158753
0.00114869
0.000644843
5.34713e-05
-0.000659837
-0.00140305
-0.00217471
-0.00297017
-0.00375772
-0.0045916
-0.00541423
-0.00620843
-0.00703682
-0.00792116
-0.00881003
-0.00973126
-0.0106908
-0.0116963
-0.0127335
-0.0138045
-0.0149274
-0.0160695
-0.0172745
-0.0184938
-0.0197924
-0.0210986
-0.0224887
-0.0238973
-0.0253712
-0.0269067
-0.0284507
-0.0301385
-0.0317645
-0.0335992
-0.0353764
-0.0373341
-0.0394501
-0.0417035
-0.0449156
0.00869898
0.0101012
0.00956782
0.00812005
0.00647653
0.00502325
0.00384766
0.00296842
0.00248071
0.00214827
0.00180743
0.00148141
0.00106852
0.000572798
-1.94506e-06
-0.000695993
-0.00143671
-0.00220295
-0.00298915
-0.00376772
-0.00459554
-0.00541883
-0.00621291
-0.00703663
-0.00791838
-0.00880825
-0.00972942
-0.0106876
-0.0116926
-0.0127292
-0.0137991
-0.0149218
-0.0160642
-0.0172695
-0.0184884
-0.0197872
-0.0210936
-0.0224835
-0.0238928
-0.0253669
-0.026903
-0.0284471
-0.0301353
-0.0317608
-0.0335948
-0.0353713
-0.0373269
-0.0394426
-0.0416947
-0.0449068
0.00833037
0.00975689
0.0092388
0.00779768
0.00617494
0.00474129
0.00360632
0.00276469
0.00228353
0.0019901
0.00168492
0.00137228
0.000984515
0.00050054
-6.15591e-05
-0.000734491
-0.00146939
-0.0022329
-0.00301198
-0.00378169
-0.00460147
-0.00542333
-0.00621718
-0.00703689
-0.00791566
-0.00880549
-0.00972694
-0.0106843
-0.0116882
-0.0127247
-0.0137946
-0.0149164
-0.0160583
-0.017264
-0.0184827
-0.0197821
-0.0210887
-0.0224787
-0.0238885
-0.0253626
-0.0268989
-0.028443
-0.030132
-0.0317572
-0.0335905
-0.0353661
-0.0373197
-0.0394351
-0.041686
-0.044898
0.00795674
0.00940188
0.00890133
0.00746767
0.00586477
0.00445379
0.00335407
0.00255645
0.00208776
0.00182511
0.00155937
0.00126147
0.000895631
0.000425995
-0.000127269
-0.000779846
-0.00150329
-0.0022619
-0.00303324
-0.00379371
-0.00460665
-0.00542851
-0.00622299
-0.00703875
-0.00791436
-0.00880372
-0.00972514
-0.0106817
-0.0116839
-0.0127192
-0.0137886
-0.0149107
-0.0160528
-0.0172584
-0.0184768
-0.0197769
-0.0210837
-0.0224736
-0.0238842
-0.0253583
-0.0268951
-0.028439
-0.0301284
-0.0317532
-0.033586
-0.035361
-0.0373127
-0.0394278
-0.0416774
-0.0448891
0.00757758
0.00903594
0.00855267
0.00712897
0.00554476
0.00415881
0.0030919
0.00234188
0.00189462
0.00165683
0.0014319
0.00115156
0.000803721
0.000350945
-0.000196181
-0.000832716
-0.00154225
-0.00229603
-0.00306006
-0.00380708
-0.00460815
-0.00542903
-0.00622608
-0.0070396
-0.00791281
-0.00880202
-0.009724
-0.0106803
-0.0116807
-0.0127148
-0.0137833
-0.0149044
-0.0160463
-0.0172525
-0.0184709
-0.0197715
-0.0210786
-0.0224686
-0.0238799
-0.025354
-0.0268911
-0.0284351
-0.030125
-0.0317494
-0.0335813
-0.0353557
-0.0373055
-0.0394202
-0.0416688
-0.0448802
0.00718907
0.00865658
0.00818966
0.00677942
0.00521374
0.00385524
0.00282196
0.00212006
0.0017045
0.00148994
0.00130277
0.00104267
0.000708303
0.000273231
-0.000266109
-0.000888987
-0.0015814
-0.00232898
-0.0030894
-0.00382579
-0.00461496
-0.00543226
-0.00622903
-0.00703899
-0.00791018
-0.0087993
-0.00972135
-0.010678
-0.0116771
-0.0127098
-0.013778
-0.0148992
-0.0160408
-0.0172465
-0.0184646
-0.0197661
-0.0210733
-0.0224633
-0.0238756
-0.0253496
-0.0268873
-0.0284311
-0.0301215
-0.0317457
-0.0335769
-0.0353507
-0.0372984
-0.0394128
-0.0416601
-0.0448702
0.00678961
0.00826181
0.00780887
0.0064151
0.00486947
0.00354141
0.00254428
0.00188994
0.00151569
0.00132571
0.00117165
0.000936453
0.000612896
0.00019248
-0.000337991
-0.000951728
-0.00162609
-0.00236058
-0.00311569
-0.00384143
-0.00461816
-0.00543484
-0.00623489
-0.00704168
-0.00790958
-0.00879767
-0.00971897
-0.0106753
-0.011673
-0.0127041
-0.0137711
-0.014892
-0.0160345
-0.0172408
-0.0184587
-0.0197609
-0.0210684
-0.0224584
-0.0238715
-0.0253454
-0.0268836
-0.0284275
-0.0301183
-0.0317423
-0.0335728
-0.0353462
-0.0372923
-0.0394063
-0.0416528
-0.0448631
0.00637401
0.00784609
0.00740556
0.00603184
0.00451204
0.0032195
0.00226372
0.00165646
0.00132841
0.00116509
0.00103645
0.000827669
0.000515798
0.000107921
-0.000410184
-0.00101617
-0.0016744
-0.0023936
-0.00314436
-0.00386109
-0.00462198
-0.00543386
-0.00623692
-0.0070428
-0.00790999
-0.00879828
-0.00971823
-0.010674
-0.01167
-0.0126988
-0.0137644
-0.0148848
-0.0160267
-0.0172325
-0.0184505
-0.0197538
-0.0210613
-0.0224516
-0.0238658
-0.0253395
-0.0268782
-0.0284221
-0.0301134
-0.0317373
-0.0335671
-0.03534
-0.0372842
-0.0393978
-0.0416431
-0.0448513
0.005941
0.00740607
0.0069758
0.0056243
0.0041374
0.00289002
0.00198622
0.00142962
0.00114924
0.00101541
0.000904606
0.000716575
0.000415834
1.60266e-05
-0.000488196
-0.00108337
-0.00172516
-0.00242319
-0.00316697
-0.00387886
-0.00462712
-0.00543525
-0.00624124
-0.00704459
-0.00790961
-0.0087983
-0.00971761
-0.0106731
-0.011669
-0.0126966
-0.0137605
-0.0148811
-0.0160242
-0.0172299
-0.0184475
-0.0197511
-0.0210588
-0.0224489
-0.0238637
-0.0253371
-0.0268764
-0.0284203
-0.0301119
-0.0317355
-0.0335646
-0.0353371
-0.0372799
-0.0393928
-0.0416375
-0.0448459
0.00547265
0.00692197
0.00649715
0.00517288
0.00373241
0.00254344
0.00170509
0.00120957
0.00098006
0.000878132
0.00078105
0.000608345
0.000318371
-7.63204e-05
-0.000567292
-0.00115053
-0.00177824
-0.00245298
-0.00318484
-0.00389175
-0.00462596
-0.00542772
-0.00623881
-0.00704311
-0.00790639
-0.00879455
-0.00971208
-0.0106662
-0.011661
-0.0126872
-0.013749
-0.0148688
-0.016012
-0.0172181
-0.018436
-0.0197409
-0.0210489
-0.0224397
-0.0238558
-0.025329
-0.026869
-0.0284133
-0.0301053
-0.0317293
-0.0335576
-0.0353298
-0.0372709
-0.0393836
-0.0416273
-0.0448332
0.00493665
0.00636269
0.00594236
0.00465776
0.00328286
0.00216932
0.00141138
0.000988643
0.000808651
0.000733176
0.000643007
0.000476875
0.000197801
-0.000190736
-0.000666696
-0.0012314
-0.00184264
-0.00249215
-0.00321009
-0.00391688
-0.00464124
-0.00543487
-0.00624814
-0.0070518
-0.00791289
-0.0088015
-0.00971798
-0.0106699
-0.0116642
-0.0126895
-0.0137489
-0.0148682
-0.0160125
-0.0172178
-0.0184349
-0.0197398
-0.0210479
-0.0224385
-0.0238552
-0.0253279
-0.0268686
-0.0284127
-0.0301048
-0.0317285
-0.0335561
-0.0353281
-0.0372678
-0.0393795
-0.0416225
-0.0448285
0.00454053
0.00588195
0.00543667
0.00419304
0.00290272
0.00188438
0.00121937
0.000871245
0.000724545
0.000654775
0.00055558
0.000381499
0.000107016
-0.000277367
-0.000741893
-0.00128529
-0.00188103
-0.00250737
-0.0032076
-0.00391525
-0.00463389
-0.00542049
-0.00623922
-0.00704607
-0.00790433
-0.00879218
-0.00970844
-0.0106586
-0.0116525
-0.0126786
-0.0137358
-0.0148538
-0.015999
-0.0172056
-0.0184233
-0.0197291
-0.0210378
-0.0224294
-0.0238472
-0.0253198
-0.026861
-0.0284056
-0.0300981
-0.0317226
-0.0335495
-0.0353213
-0.0372596
-0.0393714
-0.0416135
-0.0448171
0.00348067
0.00482247
0.00448542
0.00341506
0.00231747
0.00147486
0.000958005
0.000705977
0.000590295
0.000516796
0.000405536
0.000223565
-3.9257e-05
-0.000407085
-0.0008512
-0.00136568
-0.00194263
-0.0025492
-0.00323044
-0.00393877
-0.00465358
-0.00542886
-0.00624804
-0.00705735
-0.0079131
-0.00879995
-0.00971534
-0.0106616
-0.0116533
-0.0126795
-0.0137344
-0.0148511
-0.0159969
-0.0172028
-0.0184195
-0.0197252
-0.0210342
-0.0224261
-0.0238446
-0.025317
-0.0268593
-0.028404
-0.0300965
-0.0317207
-0.033547
-0.0353186
-0.0372556
-0.0393662
-0.0416076
-0.04481
0.00342333
0.00428089
0.00379323
0.00282733
0.00192559
0.00126079
0.000862354
0.000653903
0.000527339
0.000424057
0.000289661
9.56567e-05
-0.000159005
-0.000506247
-0.000928828
-0.00141291
-0.00197045
-0.00256291
-0.00322592
-0.00393489
-0.00465375
-0.00542251
-0.00624341
-0.00705661
-0.00790806
-0.008793
-0.00971044
-0.0106552
-0.0116456
-0.012674
-0.0137277
-0.0148417
-0.0159884
-0.0171964
-0.0184137
-0.0197189
-0.0210286
-0.0224214
-0.0238404
-0.025312
-0.0268547
-0.0283998
-0.0300928
-0.0317177
-0.0335437
-0.0353151
-0.0372515
-0.0393616
-0.0416031
-0.0448052
0.000995286
0.00243012
0.00256536
0.00215367
0.00166597
0.00124664
0.000915752
0.000666793
0.000474331
0.000316124
0.000154156
-4.51501e-05
-0.000286306
-0.00060755
-0.00100531
-0.00146046
-0.00199829
-0.0025826
-0.00323056
-0.00393557
-0.0046578
-0.00541766
-0.00623638
-0.00705548
-0.00790573
-0.00878857
-0.00970635
-0.0106477
-0.0116344
-0.0126639
-0.0137169
-0.0148293
-0.0159759
-0.0171844
-0.0184011
-0.0197066
-0.0210173
-0.0224112
-0.0238313
-0.0253034
-0.0268477
-0.0283935
-0.0300867
-0.0317119
-0.0335375
-0.0353091
-0.037244
-0.0393536
-0.0415934
-0.0447914
-0.000951241
-0.000494005
0.000316362
0.00096102
0.0012595
0.00120497
0.00095113
0.000659082
0.000394627
0.000171995
-2.18663e-05
-0.000221584
-0.000444452
-0.000732715
-0.00109817
-0.00152145
-0.00203511
-0.0026109
-0.00324607
-0.00394663
-0.00467624
-0.00543199
-0.00624683
-0.00706858
-0.0079143
-0.00879299
-0.00971297
-0.0106534
-0.0116377
-0.0126692
-0.0137224
-0.0148314
-0.0159779
-0.0171886
-0.0184054
-0.0197092
-0.0210202
-0.0224145
-0.0238346
-0.0253058
-0.0268501
-0.0283958
-0.030089
-0.0317146
-0.0335396
-0.0353109
-0.0372454
-0.039354
-0.041594
-0.0447931
-0.00209219
-0.000280448
0.000652854
0.00107472
0.00120738
0.00114892
0.000958391
0.000697224
0.000419082
0.000154279
-7.64308e-05
-0.000290034
-0.000513252
-0.000783838
-0.00112749
-0.00153114
-0.00202686
-0.00259834
-0.0032274
-0.00392231
-0.00465891
-0.00541214
-0.00622348
-0.00705237
-0.00789921
-0.00877588
-0.00969702
-0.0106361
-0.0116168
-0.0126488
-0.013703
-0.0148108
-0.0159561
-0.0171681
-0.018385
-0.0196892
-0.0210019
-0.0223977
-0.0238196
-0.0252914
-0.0268377
-0.0283845
-0.0300782
-0.0317047
-0.0335297
-0.0353015
-0.0372349
-0.0393433
-0.0415815
-0.044775
-0.00325718
-0.00242061
-0.00118261
-0.000104034
0.000597474
0.000892479
0.000861247
0.000643091
0.000357692
6.71559e-05
-0.000183965
-0.00040237
-0.000626087
-0.000885073
-0.00120877
-0.00159506
-0.00207001
-0.00263062
-0.00325183
-0.0039381
-0.00467913
-0.00543239
-0.00623763
-0.00706845
-0.00791354
-0.00878573
-0.00970826
-0.0106476
-0.011626
-0.0126586
-0.0137142
-0.0148199
-0.0159641
-0.0171775
-0.0183949
-0.0196972
-0.0210099
-0.0224059
-0.0238275
-0.0252986
-0.0268447
-0.0283914
-0.030085
-0.0317116
-0.0335363
-0.0353077
-0.037241
-0.039348
-0.0415867
-0.0447815
-0.00472847
-0.00223353
-0.000704845
0.000194931
0.000678007
0.000867369
0.000832706
0.000637349
0.000365172
7.59692e-05
-0.000180701
-0.000400778
-0.00062662
-0.000887351
-0.00120709
-0.00159032
-0.00206027
-0.00261599
-0.00323625
-0.00391643
-0.00465617
-0.00541036
-0.00621203
-0.00704517
-0.00789371
-0.00876515
-0.00968742
-0.0106273
-0.0116038
-0.0126353
-0.0136915
-0.0147979
-0.0159404
-0.0171538
-0.0183717
-0.0196751
-0.0209892
-0.0223863
-0.0238103
-0.025282
-0.0268302
-0.0283783
-0.0300725
-0.0317004
-0.0335256
-0.0352977
-0.0372304
-0.039337
-0.0415734
-0.0447616
)
;

boundaryField
{
    zeroGradientPlanes
    {
        type            zeroGradient;
    }
    inlet
    {
        type            zeroGradient;
    }
    plate
    {
        type            zeroGradient;
    }
    frontAndBack
    {
        type            empty;
    }
}


// ************************************************************************* //
