/*--------------------------------*- C++ -*----------------------------------*\
| =========                 |                                                 |
| \\      /  F ield         | OpenFOAM: The Open Source CFD Toolbox           |
|  \\    /   O peration     | Version:  v2012                                 |
|   \\  /    A nd           | Website:  www.openfoam.com                      |
|    \\/     M anipulation  |                                                 |
\*---------------------------------------------------------------------------*/
FoamFile
{
    version     2.0;
    format      ascii;
    class       volScalarField;
    location    "4.3";
    object      p;
}
// * * * * * * * * * * * * * * * * * * * * * * * * * * * * * * * * * * * * * //

dimensions      [0 2 -2 0 0 0 0];


internalField   nonuniform List<scalar> 
7000
(
5.25864e-10
0.00267559
0.00415681
0.00560853
0.00734236
0.00914377
0.00902557
0.0136083
0.0134371
0.0144097
0.0137427
0.0151069
0.015158
0.0169698
0.017105
0.0193966
0.0196372
0.022479
0.0242818
0.029551
7.44023e-06
0.00266735
0.00416146
0.00562311
0.00733972
0.00914191
0.00903155
0.0135819
0.0134408
0.01438
0.0137567
0.0151071
0.0151614
0.0169704
0.017116
0.0193882
0.0196534
0.0224594
0.0242943
0.0292288
1.63579e-05
0.00266277
0.00417262
0.00563572
0.00733755
0.00913714
0.00903684
0.0135423
0.0134456
0.014357
0.0137723
0.0151118
0.0151697
0.01697
0.017136
0.0193671
0.019682
0.0224153
0.0243024
0.0288233
2.66291e-05
0.00267883
0.00418572
0.00564753
0.00733977
0.00912788
0.00904073
0.0134981
0.0134466
0.0143465
0.0137849
0.0151229
0.0151797
0.0169676
0.0171613
0.0193358
0.0197169
0.0223541
0.0242968
0.0284108
4.0734e-05
0.00271453
0.00419684
0.00565865
0.00734817
0.00911466
0.00904593
0.0134493
0.013445
0.0143455
0.0137962
0.0151374
0.0151905
0.0169617
0.01719
0.0192981
0.0197543
0.0222826
0.0242748
0.0280167
5.98112e-05
0.00276331
0.0042031
0.00566982
0.00736345
0.00909953
0.00905348
0.0133962
0.0134433
0.0143508
0.0138083
0.0151519
0.0152031
0.0169512
0.0172216
0.0192564
0.0197926
0.0222058
0.024231
0.0276456
8.38638e-05
0.00282058
0.00420352
0.00568173
0.00738521
0.00908463
0.00906317
0.01334
0.0134429
0.0143589
0.0138221
0.0151639
0.0152186
0.0169356
0.0172563
0.0192121
0.0198309
0.0221265
0.0241778
0.0272952
0.000112292
0.0028838
0.00419881
0.00569483
0.00741239
0.00907161
0.00907471
0.0132819
0.0134438
0.0143667
0.013838
0.0151724
0.0152373
0.0169147
0.017294
0.0191656
0.0198682
0.0220463
0.0241119
0.0269622
0.000144186
0.00295137
0.00419079
0.00570916
0.00744386
0.00906135
0.00908799
0.0132229
0.0134459
0.0143725
0.0138559
0.0151765
0.0152595
0.0168887
0.0173339
0.0191176
0.0199026
0.0219661
0.0240334
0.026645
0.000178587
0.00302239
0.00418156
0.00572447
0.00747883
0.00905416
0.00910302
0.0131633
0.0134489
0.0143748
0.0138758
0.0151755
0.0152852
0.0168579
0.0173751
0.019069
0.0199318
0.0218867
0.0239417
0.0263426
0.000214748
0.00309642
0.00417285
0.00574037
0.00751687
0.00904995
0.00911997
0.0131038
0.0134527
0.0143727
0.0138973
0.015169
0.0153143
0.0168227
0.0174163
0.0190208
0.0199535
0.0218084
0.0238238
0.0260534
0.00025225
0.00317316
0.00416573
0.00575649
0.0075577
0.0090486
0.00913916
0.0130448
0.0134572
0.0143653
0.0139203
0.0151567
0.0153464
0.0167837
0.017456
0.0189741
0.019966
0.0217317
0.0237066
0.025775
0.000290974
0.00325226
0.0041606
0.00577252
0.00760114
0.00905006
0.00916088
0.0129869
0.0134627
0.0143517
0.0139446
0.0151383
0.0153813
0.0167421
0.0174926
0.01893
0.0199679
0.0216559
0.0235821
0.0255051
0.000330986
0.00333329
0.00415752
0.00578824
0.00764694
0.0090543
0.00918531
0.0129303
0.0134693
0.0143314
0.0139703
0.0151138
0.0154183
0.0166991
0.0175241
0.0188898
0.0199584
0.0215793
0.0234494
0.0252422
0.000372424
0.00341586
0.00415638
0.00580351
0.00769483
0.00906121
0.00921241
0.0128752
0.0134775
0.0143041
0.0139976
0.0150836
0.0154563
0.0166563
0.0175488
0.018854
0.0199372
0.0215002
0.023309
0.024985
0.000415427
0.00349965
0.00415715
0.00581823
0.00774452
0.00907052
0.00924193
0.0128213
0.0134876
0.0142701
0.0140264
0.0150483
0.015494
0.0166155
0.0175651
0.0188224
0.0199048
0.0214169
0.0231613
0.0247321
0.000460112
0.0035844
0.00415985
0.00583236
0.00779575
0.00908179
0.0092735
0.0127683
0.0134997
0.0142298
0.0140567
0.015009
0.0155298
0.0165787
0.017572
0.0187943
0.0198618
0.0213278
0.023007
0.0244823
0.000506586
0.00366994
0.00416457
0.00584589
0.00784828
0.00909453
0.00930669
0.0127154
0.013514
0.0141838
0.0140881
0.0149673
0.0155618
0.0165472
0.0175691
0.0187685
0.0198095
0.0212312
0.0228465
0.0242347
0.000554961
0.00375612
0.00417143
0.00585879
0.00790192
0.00910823
0.00934113
0.0126621
0.0135305
0.0141329
0.01412
0.0149248
0.0155882
0.0165218
0.0175563
0.0187435
0.0197493
0.0211255
0.02268
0.023989
0.000605353
0.00384281
0.00418056
0.00587105
0.00795652
0.00912245
0.00937652
0.0126078
0.013549
0.0140781
0.0141514
0.0148837
0.0156074
0.016503
0.017534
0.0187174
0.0196832
0.0210095
0.0225071
0.023745
0.000657887
0.0039299
0.00419212
0.00588268
0.00801197
0.00913684
0.00941264
0.0125522
0.0135694
0.0140204
0.0141808
0.0148458
0.0156183
0.0164906
0.017503
0.0186874
0.0196127
0.0208836
0.0223263
0.0235017
0.000712684
0.00401728
0.0042063
0.00589369
0.00806821
0.00915114
0.00944937
0.012495
0.0135912
0.013961
0.0142066
0.014813
0.01562
0.0164842
0.0174651
0.0186506
0.0195379
0.0207494
0.0221387
0.0232584
0.000769861
0.00410481
0.00422332
0.00590411
0.00812521
0.00916524
0.00948669
0.0124362
0.0136141
0.0139014
0.0142273
0.0147861
0.0156124
0.0164825
0.017422
0.0186049
0.0194587
0.020607
0.0219447
0.0230158
0.00082953
0.00419237
0.00424343
0.00591394
0.00818292
0.00917915
0.00952464
0.012376
0.0136374
0.013843
0.0142416
0.0147661
0.0155951
0.0164833
0.0173755
0.0185496
0.0193757
0.020456
0.0217429
0.0227747
0.000891806
0.00427979
0.00426685
0.00592326
0.00824131
0.00919302
0.00956327
0.0123147
0.0136604
0.0137872
0.0142482
0.0147538
0.0155688
0.0164844
0.017327
0.0184834
0.0192893
0.0202988
0.0215333
0.0225341
0.000956798
0.00436691
0.00429384
0.0059321
0.00830041
0.00920705
0.00960259
0.0122528
0.0136823
0.0137358
0.0142458
0.0147486
0.0155345
0.016484
0.0172791
0.0184038
0.0191966
0.0201394
0.0213189
0.0222929
0.00102461
0.00445356
0.00432467
0.00594054
0.00836013
0.00922162
0.00964237
0.0121917
0.0137018
0.0136896
0.0142343
0.0147499
0.0154937
0.0164783
0.0172343
0.0183125
0.0190915
0.0199784
0.0211052
0.0220516
0.00109537
0.00453955
0.00435957
0.0059487
0.0084203
0.0092372
0.00968236
0.0121317
0.0137184
0.0136491
0.0142131
0.0147569
0.0154498
0.0164638
0.0171897
0.0182143
0.0189754
0.0198101
0.0209007
0.0218131
0.00116919
0.00462471
0.00439878
0.00595667
0.00848085
0.00925394
0.0097227
0.0120733
0.0137311
0.0136159
0.0141823
0.0147676
0.0154045
0.0164409
0.0171418
0.0181099
0.0188601
0.0196371
0.020658
0.0215762
0.00124616
0.00470889
0.0044426
0.00596462
0.00854136
0.00927291
0.00976181
0.0120183
0.0137394
0.0135889
0.0141427
0.0147812
0.0153577
0.0164086
0.0170926
0.0179944
0.0187308
0.0194692
0.0204439
0.021337
0.00132646
0.00479189
0.00449112
0.0059729
0.00860141
0.00929449
0.00979953
0.0119665
0.0137428
0.0135687
0.0140936
0.014796
0.0153127
0.0163639
0.0170418
0.0178711
0.018585
0.0192986
0.0202807
0.021098
0.00141015
0.00487359
0.0045444
0.0059819
0.00866065
0.00931888
0.00983603
0.0119179
0.0137406
0.0135556
0.0140374
0.0148064
0.0152729
0.0163068
0.0169876
0.0177503
0.0184319
0.0191143
0.0200181
0.0208661
0.00149729
0.00495384
0.00460281
0.00599165
0.00871857
0.00934707
0.0098693
0.0118741
0.0137337
0.0135458
0.0139808
0.0148071
0.0152384
0.0162408
0.016929
0.0176205
0.0182495
0.0189116
0.0198843
0.0206547
0.00158832
0.00503231
0.0046662
0.00600265
0.00877475
0.00937852
0.0099007
0.0118334
0.013722
0.0135398
0.0139778
0.0147992
0.0152062
0.0161654
0.0168636
0.0175016
0.0180698
0.0186536
0.0195797
0.0204577
0.00168304
0.00510895
0.0047342
0.00601614
0.00882757
0.00941498
0.00992883
0.0117962
0.0137056
0.013539
0.0139124
0.0147926
0.0151768
0.0160821
0.0167777
0.0173556
0.0178925
0.018558
0.0193722
0.0202541
0.00178147
0.00518376
0.00480712
0.00603195
0.00887726
0.00945627
0.00995209
0.0117646
0.0136834
0.0135409
0.0138367
0.0147777
0.0151504
0.0159876
0.016671
0.0171988
0.0177041
0.0184377
0.0193074
0.0200499
0.0018844
0.00525609
0.00488474
0.00605053
0.00892367
0.0095004
0.00997627
0.0117322
0.0136607
0.0135366
0.0137943
0.0147478
0.015117
0.0158935
0.0165706
0.0170583
0.0175242
0.0180988
0.018925
0.0198663
0.00199125
0.0053262
0.00496613
0.00607369
0.00896469
0.00955033
0.00999675
0.0117018
0.0136358
0.0135376
0.0137282
0.01472
0.0150853
0.0157717
0.0164432
0.0169135
0.0173422
0.0178821
0.0186984
0.0196741
0.00210195
0.00539439
0.00505151
0.00610109
0.00900123
0.0096051
0.0100116
0.011675
0.0136065
0.0135445
0.013647
0.0146875
0.0150598
0.0156204
0.0162885
0.0167554
0.0171475
0.0177599
0.0186685
0.019469
0.00221766
0.0054598
0.00514053
0.00613326
0.00903359
0.00966093
0.010035
0.0116403
0.0135821
0.0135411
0.0135929
0.01463
0.0150273
0.0155224
0.0161437
0.0165999
0.0169707
0.0174042
0.0181986
0.019283
0.00233724
0.00552338
0.00523165
0.00617233
0.00905982
0.0097207
0.0100565
0.0116062
0.0135534
0.013549
0.0135232
0.0145686
0.0149928
0.0153872
0.0159678
0.0164313
0.0167876
0.0171756
0.0179485
0.0190866
0.00246101
0.0055853
0.00532498
0.00621771
0.00908158
0.0097833
0.0100694
0.0115752
0.0135178
0.0135694
0.0134434
0.0144723
0.0149436
0.0152539
0.0157692
0.0162404
0.0165353
0.0170772
0.0179546
0.0188748
0.0025901
0.00564477
0.00542001
0.00626922
0.00910066
0.00984283
0.0101078
0.0115326
0.0134837
0.0135818
0.0133806
0.0143815
0.0149074
0.0151374
0.0155828
0.0160349
0.0163619
0.0167278
0.0174505
0.0187038
0.00272255
0.00570345
0.00551547
0.00632836
0.00911569
0.00990172
0.0101447
0.0114892
0.0134424
0.0135941
0.0133203
0.0142713
0.0148638
0.0150315
0.0153794
0.0158009
0.0161051
0.0164249
0.0171928
0.0185765
0.00285954
0.00576164
0.00561093
0.00639456
0.00912881
0.00995894
0.0101396
0.0114487
0.0133893
0.0136114
0.0132574
0.014144
0.0148047
0.0149363
0.0151726
0.0155556
0.015844
0.016196
0.017016
0.0184162
0.00300127
0.00581889
0.00570643
0.00646709
0.00914154
0.0100123
0.0101865
0.011407
0.0133261
0.0136241
0.0131985
0.0140068
0.0147309
0.0148522
0.0149789
0.015305
0.0156232
0.0160052
0.0167877
0.0182448
0.00314635
0.00587637
0.00580157
0.00654555
0.00915521
0.0100619
0.0102327
0.011368
0.0132533
0.0136276
0.0131522
0.0138621
0.014637
0.0147764
0.0147994
0.0150495
0.0153817
0.0157925
0.016621
0.0180943
0.00329606
0.00593495
0.00589561
0.00662822
0.00917252
0.0101062
0.0102806
0.0113313
0.0131701
0.0136261
0.0131143
0.0137093
0.014526
0.0147048
0.0146372
0.0148266
0.0151484
0.015597
0.0164426
0.0179569
0.00344927
0.00599416
0.00599008
0.00671416
0.00919288
0.0101468
0.0103283
0.0112957
0.0130795
0.0136171
0.013084
0.0135575
0.0143982
0.0146264
0.0144909
0.0145844
0.0149004
0.0153899
0.0162866
0.017828
0.00360603
0.00605522
0.00608462
0.00680113
0.00921725
0.0101861
0.0103725
0.0112623
0.0129824
0.0135975
0.0130649
0.0134094
0.0142492
0.014538
0.0143647
0.0143586
0.0146464
0.0151722
0.0161394
0.017707
0.00376691
0.00611784
0.00617958
0.00688912
0.00924502
0.0102237
0.0104145
0.0112309
0.0128797
0.0135674
0.0130546
0.0132658
0.0140834
0.0144384
0.0142536
0.0141476
0.014396
0.0149575
0.0159658
0.0175896
0.00393093
0.00618213
0.00627627
0.00697761
0.00927305
0.0102609
0.0104557
0.0112016
0.0127731
0.0135253
0.0130507
0.0131311
0.0139039
0.0143236
0.0141504
0.0139604
0.0141543
0.0147305
0.0157942
0.0174687
0.00409846
0.0062494
0.00637386
0.00706504
0.00930124
0.0102992
0.0104968
0.0111675
0.0126616
0.0134703
0.0130527
0.0130085
0.0137133
0.0141911
0.0140513
0.0138006
0.0139291
0.0145022
0.0155945
0.0173411
0.00426919
0.00631886
0.00647322
0.0071531
0.00932794
0.0103364
0.0105379
0.0111428
0.0125483
0.0134025
0.0130551
0.0129001
0.0135149
0.0140392
0.0139515
0.0136632
0.0137159
0.0142663
0.0154021
0.0172121
0.00444293
0.00639173
0.00657433
0.0072404
0.00935169
0.0103729
0.0105809
0.0111216
0.0124335
0.0133202
0.0130652
0.0128097
0.0133137
0.0138699
0.0138451
0.0135411
0.0135251
0.0140469
0.0151986
0.0170737
0.00461966
0.006468
0.00667676
0.00732809
0.00937232
0.010407
0.0106251
0.011104
0.0123189
0.0132248
0.0130602
0.0127378
0.0131133
0.0136822
0.0137254
0.0134299
0.0133591
0.0138358
0.0150013
0.0169287
0.00479914
0.00654815
0.00678083
0.00741681
0.00938831
0.0104362
0.0106707
0.0110911
0.0122077
0.0131188
0.013044
0.0126824
0.0129213
0.0134772
0.0135914
0.0133261
0.0132161
0.0136468
0.0148023
0.0167816
0.00498089
0.00663309
0.00688609
0.00750655
0.0093992
0.0104595
0.0107186
0.0110818
0.0121006
0.0130037
0.0130139
0.0126436
0.0127442
0.0132589
0.0134425
0.0132233
0.0130914
0.0134754
0.0146198
0.0166355
0.00516486
0.00672223
0.00699415
0.00759739
0.00940599
0.0104732
0.0107647
0.0110802
0.0120011
0.012883
0.0129684
0.0126142
0.0125859
0.0130326
0.0132746
0.0131148
0.0129822
0.0133302
0.0144514
0.0164943
0.00535149
0.0068153
0.00710558
0.00768818
0.00941191
0.0104755
0.010796
0.0110897
0.0119163
0.0127613
0.012907
0.0125869
0.0124515
0.0128051
0.013087
0.0129972
0.0128839
0.0132069
0.0143054
0.0163621
0.00553957
0.00691307
0.00721944
0.00778196
0.00941475
0.0104635
0.0108217
0.0111096
0.0118435
0.0126407
0.0128302
0.012557
0.012343
0.0125848
0.0128814
0.0128661
0.0127911
0.013104
0.014181
0.0162402
0.00572973
0.00701431
0.00733569
0.00787945
0.0094107
0.010444
0.0108483
0.0111316
0.0117762
0.0125216
0.0127393
0.0125186
0.0122561
0.0123793
0.0126624
0.0127184
0.0126987
0.0130186
0.0140784
0.0161308
0.00592197
0.0071174
0.00745312
0.00797826
0.00940602
0.010422
0.0108701
0.0111537
0.0117143
0.0124049
0.0126388
0.0124681
0.0121855
0.0121963
0.0124403
0.0125537
0.0125993
0.0129447
0.0139956
0.0160352
0.0061152
0.00722519
0.00756903
0.00807791
0.00940674
0.0103971
0.0108837
0.0111756
0.0116581
0.0122913
0.0125324
0.0124021
0.0121238
0.012042
0.0122246
0.0123723
0.0124871
0.0128752
0.0139294
0.0159551
0.00630946
0.00733627
0.00768278
0.00817913
0.00941384
0.0103695
0.0108882
0.011196
0.0116078
0.0121802
0.0124225
0.0123225
0.0120647
0.0119132
0.0120221
0.0121816
0.0123608
0.0128029
0.0138742
0.0158886
0.00650435
0.00745038
0.00779498
0.00828129
0.009427
0.0103408
0.0108836
0.011213
0.0115635
0.0120718
0.0123117
0.0122319
0.0119998
0.0118024
0.0118402
0.0119918
0.0122204
0.0127202
0.0138209
0.0158304
0.00669931
0.00756758
0.00790616
0.00838344
0.00944615
0.0103128
0.01087
0.011225
0.0115251
0.0119677
0.0122008
0.0121324
0.011926
0.0117047
0.0116793
0.011809
0.0120703
0.0126243
0.0137622
0.015777
0.00689393
0.00768797
0.00801662
0.00848469
0.00947071
0.0102868
0.0108483
0.0112302
0.0114921
0.011868
0.0120905
0.0120273
0.0118431
0.0116136
0.0115361
0.0116381
0.0119167
0.0125154
0.0136927
0.0157234
0.00708784
0.00781148
0.00812656
0.00858446
0.00950003
0.010264
0.0108199
0.0112271
0.0114635
0.0117733
0.0119813
0.0119193
0.0117507
0.0115252
0.0114087
0.0114806
0.0117641
0.0123957
0.0136105
0.0156647
0.00728072
0.00793787
0.00823621
0.00868241
0.00953335
0.0102452
0.0107862
0.0112146
0.0114376
0.0116844
0.0118735
0.0118105
0.0116505
0.0114363
0.0112925
0.0113354
0.0116152
0.0122689
0.0135164
0.0155986
0.0074722
0.00806699
0.00834586
0.00877807
0.00956967
0.0102311
0.0107492
0.0111922
0.0114124
0.0116017
0.0117672
0.011703
0.0115443
0.0113438
0.0111842
0.0112011
0.0114717
0.0121394
0.0134144
0.0155262
0.00766196
0.00819854
0.00845564
0.00887127
0.00960825
0.0102216
0.0107107
0.0111602
0.0113859
0.0115251
0.0116628
0.011598
0.0114343
0.0112463
0.0110805
0.011076
0.0113352
0.0120106
0.0133078
0.0154481
0.00784972
0.00833224
0.00856558
0.00896182
0.00964833
0.0102166
0.0106724
0.0111195
0.0113555
0.0114543
0.0115605
0.0114957
0.0113231
0.011143
0.0109783
0.0109586
0.0112061
0.0118839
0.0131986
0.0153654
0.00803516
0.00846771
0.00867585
0.00904976
0.00968904
0.0102154
0.0106359
0.0110714
0.0113194
0.0113885
0.0114605
0.011396
0.0112131
0.0110344
0.0108751
0.0108468
0.0110836
0.0117608
0.0130891
0.0152795
0.00821804
0.0086045
0.00878643
0.00913508
0.00972972
0.0102176
0.0106023
0.0110177
0.0112763
0.0113265
0.0113629
0.0112979
0.0111067
0.0109227
0.0107689
0.0107374
0.010967
0.011642
0.0129804
0.0151914
0.00839806
0.00874219
0.00889741
0.00921787
0.00976959
0.0102224
0.0105722
0.0109604
0.0112256
0.0112663
0.0112679
0.0112002
0.0110044
0.0108101
0.010659
0.0106282
0.0108543
0.0115273
0.0128731
0.0151017
0.00857503
0.00888022
0.0090086
0.00929836
0.00980832
0.010229
0.0105457
0.0109018
0.0111671
0.0112061
0.0111762
0.0111016
0.0109054
0.0106992
0.0105466
0.0105176
0.0107436
0.0114157
0.0127667
0.0150101
0.00874865
0.00901818
0.00911995
0.00937664
0.00984535
0.0102367
0.0105226
0.0108435
0.0111013
0.011145
0.0110885
0.011002
0.0108081
0.0105912
0.0104333
0.010405
0.0106327
0.0113053
0.0126603
0.0149162
0.00891865
0.00915536
0.00923131
0.00945326
0.00988052
0.0102444
0.0105022
0.010787
0.01103
0.0110794
0.0110041
0.0109018
0.0107102
0.0104854
0.0103201
0.0102909
0.0105207
0.0111952
0.0125541
0.0148201
0.00908483
0.00929131
0.0093423
0.00952835
0.00991361
0.0102517
0.010484
0.010733
0.0109552
0.011007
0.0109209
0.0108015
0.0106104
0.0103809
0.0102073
0.0101753
0.0104068
0.0110844
0.0124471
0.0147212
0.00924692
0.00942548
0.0094526
0.00960225
0.00994445
0.0102578
0.0104675
0.0106814
0.0108789
0.0109286
0.0108364
0.0107016
0.0105086
0.0102766
0.0100943
0.0100578
0.0102899
0.010971
0.0123377
0.014619
0.00940481
0.00955735
0.00956139
0.00967525
0.00997349
0.0102622
0.0104519
0.0106316
0.0108025
0.0108452
0.0107483
0.0106013
0.0104047
0.0101712
0.00998072
0.00993805
0.0101691
0.0108534
0.0122247
0.0145125
0.00955813
0.00968646
0.00966832
0.00974743
0.0100009
0.0102638
0.010437
0.0105837
0.0107264
0.0107594
0.0106552
0.0104988
0.0102979
0.0100639
0.00986604
0.00981545
0.0100435
0.0107302
0.0121063
0.0144004
0.00970676
0.00981241
0.00977265
0.00981861
0.0100274
0.0102627
0.0104216
0.0105373
0.0106502
0.0106726
0.0105582
0.010392
0.0101866
0.00995308
0.00974966
0.00969003
0.00991278
0.0105998
0.0119805
0.0142812
0.00985018
0.00993489
0.00987425
0.00988851
0.010053
0.0102585
0.0104049
0.0104928
0.0105728
0.010585
0.0104598
0.010281
0.0100697
0.0098367
0.00962998
0.00956129
0.00977619
0.0104606
0.0118444
0.0141516
0.00998805
0.0100532
0.00997243
0.00995748
0.0100789
0.0102513
0.0103848
0.01045
0.0104937
0.0104954
0.0103624
0.0101683
0.00994803
0.00971339
0.00950555
0.00942849
0.00963373
0.0103122
0.0116964
0.0140093
0.01012
0.0101675
0.0100664
0.0100236
0.0101057
0.0102436
0.0103606
0.0104082
0.0104137
0.0104012
0.0102651
0.0100553
0.00982167
0.0095817
0.00937317
0.00928952
0.00948483
0.0101548
0.0115363
0.0138527
0.0102453
0.0102778
0.0101575
0.0100866
0.0101307
0.0102341
0.0103319
0.0103675
0.0103363
0.0103017
0.0101658
0.00994324
0.00969239
0.00944152
0.00923102
0.00914291
0.00932798
0.00998669
0.0113619
0.0136778
0.0103635
0.0103828
0.0102449
0.0101496
0.0101574
0.0102229
0.010294
0.0103224
0.010263
0.0101992
0.0100624
0.00983111
0.00956239
0.00929568
0.00907846
0.00898594
0.00916293
0.00981057
0.0111739
0.0134834
0.0104733
0.0104818
0.0103278
0.0102101
0.0101862
0.0102168
0.010253
0.0102706
0.0101924
0.0100961
0.00995262
0.00971576
0.00943091
0.00914486
0.00891357
0.00881274
0.00898077
0.00961746
0.0109701
0.0132714
0.0105749
0.0105754
0.0104055
0.0102647
0.0102043
0.0102054
0.0102119
0.0102142
0.0101213
0.00999622
0.00984073
0.00959971
0.00930025
0.00899364
0.00874225
0.0086274
0.00878372
0.00940823
0.0107477
0.0130379
0.0106671
0.0106741
0.0104977
0.0103298
0.0102212
0.0101759
0.0101488
0.0101508
0.0100725
0.00991524
0.00973654
0.00948614
0.00917103
0.00884323
0.00856759
0.00843431
0.0085761
0.0091872
0.0105128
0.0127896
0.0107134
0.0107417
0.0105957
0.0104001
0.0102413
0.0101677
0.0100966
0.0100442
0.00993315
0.00977823
0.0095865
0.00932955
0.00900395
0.00865261
0.00834323
0.0081784
0.0082963
0.00888347
0.0101835
0.0124368
0.0108526
0.0108352
0.0106331
0.0104237
0.0102311
0.0101333
0.0100898
0.0100511
0.00997464
0.00982227
0.00961732
0.00935161
0.00902699
0.00866002
0.00829272
0.00804175
0.00804492
0.00851096
0.00969186
0.0118243
0.0108417
0.0109025
0.0106546
0.0105237
0.0103697
0.0101109
0.00982927
0.00973699
0.00965894
0.00954764
0.0093279
0.00906912
0.00877739
0.00853172
0.00835368
0.00829782
0.00845622
0.0090049
0.0101865
0.0122682
0.0110362
0.0109319
0.0107489
0.0104648
0.0102358
0.0101292
0.0100922
0.0100452
0.00999067
0.00982971
0.00954056
0.00917378
0.00869325
0.0081014
0.00748664
0.00696623
0.00671073
0.00694267
0.007915
0.00985936
0.0113025
0.0108828
0.0105664
0.0103027
0.0101366
0.00992236
0.00969348
0.00961731
0.00953606
0.0093317
0.00908751
0.00890349
0.00896111
0.00930027
0.00996052
0.0108737
0.011873
0.0126733
0.0129248
0.0123
0.0113303
0.0109513
0.0106109
0.0104064
0.01033
0.0102965
0.010276
0.0102172
0.0100825
0.00980092
0.00934918
0.00871979
0.00792289
0.00704125
0.00618245
0.0054395
0.00494924
0.0049195
0.00562343
0.00730861
0.0115077
0.0109444
0.0105592
0.0103383
0.010279
0.0101281
0.00987538
0.00952395
0.00923377
0.00911245
0.0089767
0.0087076
0.00848741
0.0084633
0.00871301
0.00923237
0.00995166
0.010603
0.0107958
0.0101592
0.0115198
0.0109424
0.0105705
0.0104411
0.0105168
0.0106105
0.010685
0.0106398
0.0104356
0.00994197
0.00912952
0.0079606
0.00649759
0.00491014
0.00344228
0.00230502
0.0016519
0.00164683
0.00249956
0.00440259
0.0334342
0.0180444
0.0123127
0.0130637
0.0147496
0.0159512
0.0167635
0.0174355
0.0181581
0.018974
0.0199117
0.0209362
0.021909
0.0228669
0.0239364
0.0250327
0.0260744
0.0271372
0.0283031
0.0295154
0.0307444
0.032005
0.0332888
0.0346349
0.0360973
0.03765
0.039212
0.040829
0.0424932
0.0442088
0.0459442
0.0477806
0.0497068
0.051706
0.0537406
0.0558138
0.0580019
0.0602787
0.0626996
0.0651475
0.0676651
0.0702616
0.0729398
0.0757447
0.0785416
0.0814918
0.0844052
0.0874365
0.0902132
0.0929297
0.0329933
0.0180974
0.0123549
0.0130797
0.0147587
0.0159577
0.0167684
0.0174392
0.0181609
0.0189762
0.0199135
0.0209377
0.0219104
0.0228681
0.0239375
0.0250336
0.0260753
0.027138
0.0283038
0.0295161
0.030745
0.0320055
0.0332893
0.0346353
0.0360977
0.0376503
0.0392123
0.0408293
0.0424935
0.044209
0.0459444
0.0477809
0.049707
0.0517062
0.0537408
0.055814
0.0580021
0.0602789
0.0626997
0.0651476
0.0676652
0.0702617
0.0729399
0.0757448
0.0785417
0.0814918
0.0844053
0.0874366
0.0902132
0.0929296
0.0325305
0.0181837
0.0124238
0.0131012
0.0147684
0.0159642
0.0167732
0.0174429
0.0181637
0.0189782
0.0199151
0.0209391
0.0219116
0.0228691
0.0239384
0.0250345
0.0260761
0.0271387
0.0283045
0.0295167
0.0307455
0.032006
0.0332897
0.0346356
0.036098
0.0376506
0.0392126
0.0408296
0.0424937
0.0442092
0.0459446
0.047781
0.0497072
0.0517064
0.0537409
0.0558142
0.0580022
0.060279
0.0626998
0.0651477
0.0676653
0.0702618
0.07294
0.0757449
0.0785417
0.0814919
0.0844054
0.0874366
0.0902132
0.0929296
0.0320998
0.0183007
0.0125289
0.0131355
0.0147816
0.015972
0.0167788
0.0174472
0.0181671
0.0189808
0.019917
0.0209406
0.0219129
0.0228702
0.0239393
0.0250353
0.0260768
0.0271394
0.0283051
0.0295172
0.030746
0.0320064
0.0332901
0.034636
0.0360983
0.0376509
0.0392128
0.0408298
0.042494
0.0442095
0.0459448
0.0477812
0.0497074
0.0517065
0.0537411
0.0558143
0.0580023
0.0602791
0.0627
0.0651478
0.0676654
0.0702619
0.0729401
0.075745
0.0785418
0.081492
0.0844054
0.0874367
0.0902133
0.0929296
0.0316848
0.0184382
0.0126649
0.0131834
0.0147993
0.0159819
0.0167858
0.0174528
0.0181717
0.0189843
0.0199195
0.0209425
0.0219144
0.0228715
0.0239404
0.0250363
0.0260777
0.0271401
0.0283058
0.0295179
0.0307466
0.032007
0.0332906
0.0346364
0.0360987
0.0376512
0.0392131
0.0408301
0.0424942
0.0442097
0.045945
0.0477814
0.0497076
0.0517067
0.0537413
0.0558145
0.0580025
0.0602793
0.0627001
0.065148
0.0676655
0.070262
0.0729402
0.0757451
0.0785419
0.0814921
0.0844055
0.0874368
0.0902134
0.0929296
0.031268
0.0185848
0.0128188
0.0132403
0.0148208
0.015994
0.0167944
0.0174599
0.0181778
0.0189892
0.0199229
0.0209449
0.0219163
0.022873
0.0239417
0.0250373
0.0260785
0.027141
0.0283066
0.0295186
0.0307473
0.0320076
0.0332911
0.0346368
0.0360991
0.0376516
0.0392135
0.0408304
0.0424945
0.04421
0.0459453
0.0477816
0.0497078
0.0517069
0.0537414
0.0558146
0.0580026
0.0602794
0.0627002
0.0651481
0.0676657
0.0702621
0.0729403
0.0757452
0.078542
0.0814922
0.0844056
0.0874369
0.0902136
0.0929296
0.0308449
0.0187336
0.0129825
0.0133023
0.0148445
0.0160078
0.0168045
0.0174682
0.0181852
0.0189954
0.0199274
0.020948
0.0219187
0.022875
0.0239432
0.0250384
0.0260795
0.0271419
0.0283074
0.0295194
0.0307482
0.0320083
0.0332917
0.0346373
0.0360995
0.037652
0.0392138
0.0408307
0.0424948
0.0442102
0.0459455
0.0477818
0.049708
0.0517071
0.0537416
0.0558148
0.0580028
0.0602796
0.0627004
0.0651483
0.0676658
0.0702623
0.0729405
0.0757453
0.0785421
0.0814923
0.0844057
0.087437
0.0902139
0.0929296
0.0304181
0.018882
0.013153
0.0133674
0.0148693
0.0160229
0.0168158
0.0174775
0.0181936
0.0190027
0.019933
0.0209519
0.0219218
0.0228776
0.0239451
0.0250398
0.0260806
0.0271429
0.0283084
0.0295203
0.0307491
0.0320093
0.0332924
0.0346378
0.0361
0.0376524
0.0392142
0.0408311
0.0424952
0.0442105
0.0459458
0.0477821
0.0497082
0.0517073
0.0537418
0.055815
0.0580029
0.0602797
0.0627005
0.0651484
0.067666
0.0702624
0.0729406
0.0757454
0.0785422
0.0814924
0.0844058
0.0874372
0.0902142
0.0929297
0.0299913
0.0190292
0.0133294
0.0134349
0.0148948
0.0160388
0.016828
0.0174875
0.0182025
0.0190105
0.0199393
0.0209567
0.0219254
0.0228806
0.0239474
0.0250414
0.0260819
0.0271441
0.0283094
0.0295213
0.0307503
0.0320104
0.0332933
0.0346385
0.0361006
0.0376529
0.0392147
0.0408315
0.0424956
0.0442109
0.0459461
0.0477823
0.0497084
0.0517075
0.053742
0.0558151
0.0580031
0.0602799
0.0627007
0.0651486
0.0676661
0.0702625
0.0729407
0.0757456
0.0785424
0.0814925
0.084406
0.0874374
0.0902146
0.0929298
0.029567
0.0191747
0.0135115
0.0135048
0.0149207
0.0160554
0.016841
0.0174981
0.0182117
0.0190187
0.019946
0.020962
0.0219297
0.0228841
0.0239501
0.0250433
0.0260835
0.0271455
0.0283106
0.0295223
0.0307514
0.0320117
0.0332944
0.0346394
0.0361012
0.0376535
0.0392151
0.040832
0.042496
0.0442113
0.0459464
0.0477826
0.0497087
0.0517078
0.0537422
0.0558153
0.0580033
0.06028
0.0627009
0.0651487
0.0676663
0.0702627
0.0729409
0.0757457
0.0785425
0.0814927
0.0844061
0.0874376
0.0902151
0.09293
0.0291463
0.0193174
0.013699
0.0135771
0.0149468
0.0160725
0.0168546
0.0175091
0.0182211
0.0190271
0.0199531
0.0209678
0.0219345
0.0228881
0.0239532
0.0250454
0.0260853
0.0271472
0.0283119
0.0295234
0.0307527
0.032013
0.0332957
0.0346405
0.0361021
0.0376541
0.0392156
0.0408324
0.0424965
0.0442118
0.0459468
0.047783
0.049709
0.0517081
0.0537425
0.0558155
0.0580035
0.0602802
0.062701
0.0651489
0.0676664
0.0702628
0.072941
0.0757459
0.0785427
0.0814928
0.0844063
0.0874379
0.0902157
0.0929302
0.0287293
0.0194566
0.0138916
0.0136518
0.014973
0.0160898
0.0168689
0.0175205
0.0182307
0.0190356
0.0199603
0.0209739
0.0219397
0.0228924
0.0239564
0.0250478
0.0260873
0.0271492
0.0283135
0.0295245
0.0307539
0.0320144
0.0332971
0.0346418
0.0361031
0.0376548
0.0392162
0.0408329
0.042497
0.0442123
0.0459473
0.0477834
0.0497093
0.0517084
0.0537428
0.0558158
0.0580037
0.0602803
0.0627012
0.0651491
0.0676666
0.070263
0.0729412
0.0757461
0.0785429
0.081493
0.0844065
0.0874383
0.0902165
0.0929305
0.0283164
0.0195913
0.0140891
0.0137292
0.0149991
0.0161075
0.0168837
0.0175324
0.0182404
0.0190442
0.0199678
0.0209801
0.0219452
0.0228969
0.0239599
0.0250503
0.0260895
0.0271513
0.0283153
0.0295257
0.0307551
0.0320158
0.0332985
0.0346432
0.0361044
0.0376557
0.0392168
0.0408334
0.0424975
0.0442129
0.0459479
0.0477838
0.0497097
0.0517087
0.0537432
0.0558161
0.0580039
0.0602805
0.0627013
0.0651492
0.0676667
0.0702632
0.0729414
0.0757463
0.0785431
0.0814933
0.0844068
0.0874388
0.0902175
0.0929309
0.027908
0.0197209
0.014291
0.0138093
0.0150251
0.0161252
0.016899
0.0175446
0.0182504
0.0190531
0.0199755
0.0209866
0.0219508
0.0229016
0.0239635
0.025053
0.0260918
0.0271536
0.0283172
0.029527
0.0307562
0.032017
0.0332999
0.0346448
0.0361058
0.0376567
0.0392174
0.0408339
0.042498
0.0442135
0.0459485
0.0477844
0.0497101
0.0517091
0.0537436
0.0558165
0.0580042
0.0602806
0.0627015
0.0651494
0.0676669
0.0702633
0.0729416
0.0757465
0.0785433
0.0814936
0.0844071
0.0874393
0.0902187
0.0929314
0.0275048
0.0198446
0.0144967
0.0138922
0.015051
0.016143
0.0169149
0.0175573
0.0182607
0.0190622
0.0199837
0.0209933
0.0219566
0.0229065
0.0239673
0.0250557
0.0260942
0.0271561
0.0283193
0.0295284
0.0307573
0.0320182
0.0333012
0.0346464
0.0361075
0.0376578
0.0392181
0.0408345
0.0424985
0.0442141
0.0459492
0.047785
0.0497105
0.0517094
0.0537441
0.055817
0.0580045
0.0602808
0.0627016
0.0651496
0.0676671
0.0702635
0.0729417
0.0757467
0.0785436
0.0814939
0.0844075
0.08744
0.0902201
0.0929321
0.0271074
0.0199616
0.0147055
0.0139781
0.0150766
0.0161606
0.0169314
0.0175705
0.0182714
0.0190718
0.0199923
0.0210003
0.0219624
0.0229115
0.0239712
0.0250587
0.0260968
0.0271586
0.0283215
0.0295298
0.0307583
0.0320192
0.0333024
0.034648
0.0361092
0.0376591
0.0392188
0.040835
0.042499
0.0442146
0.0459499
0.0477857
0.0497109
0.0517098
0.0537446
0.0558176
0.058005
0.060281
0.0627018
0.0651497
0.0676672
0.0702636
0.0729419
0.0757469
0.0785439
0.0814943
0.084408
0.0874408
0.0902217
0.0929329
0.0267166
0.0200713
0.0149173
0.0140676
0.0151021
0.0161781
0.0169485
0.0175843
0.0182825
0.0190818
0.0200016
0.0210076
0.0219683
0.0229166
0.0239753
0.0250617
0.0260994
0.0271613
0.0283238
0.0295313
0.0307592
0.0320201
0.0333036
0.0346496
0.0361111
0.0376605
0.0392195
0.0408355
0.0424994
0.0442151
0.0459506
0.0477866
0.0497115
0.0517101
0.053745
0.0558182
0.0580055
0.0602813
0.0627019
0.0651499
0.0676674
0.0702638
0.072942
0.0757471
0.0785441
0.0814947
0.0844085
0.0874417
0.0902236
0.0929339
0.0263327
0.0201731
0.015132
0.0141611
0.0151275
0.0161953
0.0169662
0.0175987
0.018294
0.0190923
0.0200114
0.0210153
0.0219742
0.0229218
0.0239796
0.0250648
0.0261021
0.027164
0.0283261
0.0295329
0.03076
0.032021
0.0333048
0.0346512
0.0361129
0.037662
0.0392203
0.0408361
0.0424999
0.0442156
0.0459513
0.0477875
0.0497121
0.0517103
0.0537455
0.055819
0.0580062
0.0602817
0.0627021
0.06515
0.0676676
0.0702639
0.0729422
0.0757472
0.0785444
0.0814951
0.0844091
0.0874428
0.0902258
0.0929351
0.025956
0.0202668
0.0153496
0.0142595
0.0151529
0.016212
0.0169844
0.0176138
0.018306
0.0191033
0.0200219
0.0210235
0.0219802
0.0229271
0.023984
0.0250681
0.0261049
0.0271668
0.0283284
0.0295345
0.0307608
0.0320219
0.033306
0.0346528
0.0361147
0.0376636
0.0392212
0.0408367
0.0425004
0.044216
0.045952
0.0477884
0.0497128
0.0517106
0.0537459
0.0558197
0.058007
0.0602821
0.0627022
0.0651501
0.0676678
0.0702641
0.0729423
0.0757473
0.0785446
0.0814956
0.0844098
0.087444
0.0902283
0.0929365
0.0255872
0.0203518
0.01557
0.0143634
0.0151784
0.016228
0.0170031
0.0176296
0.0183185
0.0191149
0.0200331
0.0210322
0.0219864
0.0229326
0.0239886
0.0250715
0.0261078
0.0271696
0.0283308
0.0295362
0.0307615
0.0320228
0.0333073
0.0346545
0.0361165
0.0376651
0.039222
0.0408373
0.042501
0.0442164
0.0459527
0.0477893
0.0497135
0.0517108
0.0537462
0.0558204
0.0580079
0.0602826
0.0627024
0.0651502
0.067668
0.0702644
0.0729425
0.0757474
0.0785448
0.081496
0.0844105
0.0874454
0.0902311
0.092938
0.0252269
0.0204279
0.0157933
0.0144737
0.0152042
0.0162432
0.0170222
0.017646
0.0183314
0.0191269
0.0200447
0.0210413
0.0219927
0.0229383
0.0239933
0.025075
0.0261109
0.0271726
0.0283332
0.029538
0.0307622
0.0320237
0.0333088
0.0346564
0.0361182
0.0376667
0.0392228
0.0408379
0.0425015
0.0442169
0.0459535
0.0477901
0.0497143
0.051711
0.0537466
0.0558212
0.0580088
0.0602832
0.0627025
0.0651502
0.0676682
0.0702646
0.0729427
0.0757475
0.078545
0.0814964
0.0844112
0.0874468
0.0902342
0.0929398
0.0248751
0.0204946
0.0160189
0.014591
0.0152307
0.0162574
0.0170416
0.0176632
0.0183447
0.0191393
0.0200569
0.0210509
0.0219994
0.0229443
0.0239983
0.0250787
0.026114
0.0271756
0.0283357
0.0295399
0.030763
0.0320248
0.0333106
0.0346585
0.03612
0.0376682
0.0392236
0.0408386
0.042502
0.0442174
0.0459543
0.047791
0.049715
0.0517111
0.0537469
0.0558219
0.0580097
0.0602839
0.0627027
0.0651502
0.0676684
0.0702648
0.0729429
0.0757476
0.0785451
0.0814968
0.084412
0.0874484
0.0902376
0.0929418
0.0245325
0.0205516
0.0162465
0.0147161
0.0152582
0.0162704
0.0170612
0.0176812
0.0183586
0.0191521
0.0200696
0.0210607
0.0220063
0.0229505
0.0240034
0.0250826
0.0261173
0.0271786
0.0283383
0.0295421
0.0307639
0.0320261
0.0333126
0.0346609
0.0361218
0.0376697
0.0392244
0.0408393
0.0425026
0.0442179
0.0459551
0.0477919
0.0497157
0.0517113
0.0537472
0.0558226
0.0580107
0.0602846
0.0627029
0.0651502
0.0676685
0.0702651
0.0729432
0.0757477
0.0785452
0.0814972
0.0844128
0.08745
0.0902411
0.0929439
0.0242004
0.0205986
0.0164752
0.0148495
0.015287
0.0162819
0.0170807
0.0176999
0.018373
0.0191653
0.0200827
0.0210709
0.0220137
0.022957
0.0240088
0.0250867
0.0261207
0.0271818
0.028341
0.0295444
0.030765
0.0320275
0.033315
0.0346635
0.0361238
0.0376711
0.0392253
0.0408401
0.042503
0.0442184
0.0459561
0.0477928
0.0497164
0.0517115
0.0537476
0.0558233
0.0580117
0.0602853
0.0627031
0.0651502
0.0676687
0.0702653
0.0729435
0.0757478
0.0785453
0.0814976
0.0844136
0.0874517
0.0902449
0.0929462
0.0238792
0.0206356
0.016704
0.0149916
0.015318
0.0162921
0.0171
0.0177193
0.0183879
0.019179
0.0200962
0.0210815
0.0220214
0.0229638
0.0240146
0.025091
0.0261242
0.0271851
0.0283439
0.0295468
0.0307662
0.032029
0.0333175
0.0346664
0.0361258
0.0376724
0.0392262
0.0408409
0.0425035
0.0442191
0.0459571
0.0477938
0.049717
0.0517117
0.053748
0.0558241
0.0580127
0.0602861
0.0627034
0.0651501
0.0676688
0.0702656
0.0729437
0.0757479
0.0785454
0.081498
0.0844144
0.0874535
0.090249
0.0929487
0.0235692
0.0206628
0.0169318
0.0151425
0.0153515
0.0163006
0.0171187
0.0177394
0.0184035
0.019193
0.0201101
0.0210923
0.0220295
0.0229708
0.0240205
0.0250954
0.0261278
0.0271884
0.028347
0.0295494
0.0307677
0.0320306
0.0333203
0.0346695
0.0361281
0.0376738
0.0392272
0.0408418
0.0425039
0.0442197
0.0459582
0.0477949
0.0497176
0.0517119
0.0537485
0.0558249
0.0580137
0.060287
0.0627036
0.06515
0.0676689
0.0702658
0.072944
0.075748
0.0785455
0.0814984
0.0844153
0.0874553
0.0902531
0.0929513
0.0232706
0.0206804
0.0171573
0.0153023
0.0153885
0.0163074
0.0171364
0.0177602
0.0184198
0.0192076
0.0201244
0.0211036
0.0220379
0.0229781
0.0240269
0.0251001
0.0261317
0.027192
0.0283502
0.0295522
0.0307692
0.0320323
0.0333233
0.0346729
0.0361305
0.0376752
0.0392283
0.0408428
0.0425044
0.0442204
0.0459594
0.0477962
0.0497183
0.0517122
0.053749
0.0558257
0.0580148
0.0602879
0.062704
0.06515
0.0676691
0.0702661
0.0729443
0.0757481
0.0785456
0.0814989
0.0844163
0.0874573
0.0902575
0.092954
0.0229841
0.020689
0.0173792
0.0154707
0.0154301
0.0163129
0.0171531
0.0177815
0.0184368
0.0192227
0.020139
0.0211153
0.0220466
0.0229857
0.0240335
0.025105
0.0261356
0.0271957
0.0283536
0.0295551
0.030771
0.032034
0.0333263
0.0346763
0.036133
0.0376766
0.0392294
0.0408438
0.0425049
0.0442211
0.0459607
0.0477975
0.0497189
0.0517125
0.0537495
0.0558267
0.058016
0.0602889
0.0627043
0.0651499
0.0676693
0.0702663
0.0729445
0.0757482
0.0785458
0.0814994
0.0844174
0.0874593
0.090262
0.0929568
0.0227102
0.0206893
0.017596
0.015647
0.015477
0.0163169
0.0171681
0.0178032
0.0184548
0.0192385
0.0201542
0.0211273
0.0220556
0.0229935
0.0240404
0.0251101
0.0261397
0.0271996
0.0283572
0.0295581
0.0307729
0.0320359
0.0333295
0.0346799
0.0361356
0.0376781
0.0392307
0.0408448
0.0425055
0.0442218
0.045962
0.0477989
0.0497197
0.0517129
0.0537501
0.0558276
0.0580172
0.0602899
0.0627047
0.0651499
0.0676695
0.0702666
0.0729448
0.0757483
0.0785459
0.0815
0.0844185
0.0874614
0.0902668
0.0929598
0.0224481
0.0206822
0.0178059
0.0158305
0.0155306
0.0163201
0.0171814
0.017825
0.0184734
0.0192549
0.0201698
0.0211399
0.022065
0.0230017
0.0240477
0.0251154
0.026144
0.0272037
0.028361
0.0295612
0.0307749
0.0320378
0.0333328
0.0346837
0.0361384
0.0376797
0.039232
0.0408459
0.0425062
0.0442226
0.0459634
0.0478004
0.0497205
0.0517134
0.0537507
0.0558287
0.0580185
0.060291
0.0627052
0.0651499
0.0676697
0.0702669
0.072945
0.0757483
0.0785461
0.0815007
0.0844198
0.0874636
0.0902716
0.0929629
0.0221988
0.020669
0.0180074
0.0160195
0.0155914
0.0163229
0.0171926
0.0178468
0.018493
0.019272
0.0201857
0.0211528
0.0220747
0.0230102
0.0240553
0.025121
0.0261484
0.0272079
0.028365
0.0295644
0.0307771
0.0320399
0.0333362
0.0346875
0.0361412
0.0376813
0.0392334
0.0408471
0.0425069
0.0442234
0.0459649
0.0478019
0.0497214
0.051714
0.0537514
0.0558298
0.0580199
0.0602922
0.0627057
0.06515
0.06767
0.0702673
0.0729452
0.0757484
0.0785463
0.0815015
0.0844212
0.0874659
0.0902767
0.092966
0.0219647
0.0206517
0.0182005
0.0162135
0.0156598
0.016325
0.0172012
0.0178684
0.0185136
0.0192902
0.0202023
0.0211662
0.0220847
0.0230189
0.0240631
0.0251268
0.026153
0.0272124
0.0283691
0.0295677
0.0307793
0.032042
0.0333397
0.0346914
0.0361441
0.0376829
0.0392348
0.0408483
0.0425077
0.0442243
0.0459664
0.0478035
0.0497223
0.0517146
0.053752
0.0558309
0.0580213
0.0602934
0.0627062
0.0651501
0.0676703
0.0702677
0.0729454
0.0757484
0.0785465
0.0815023
0.0844227
0.0874684
0.090282
0.0929694
0.0217495
0.0206307
0.0183823
0.0164115
0.0157384
0.0163286
0.0172074
0.0178888
0.0185346
0.0193087
0.0202193
0.0211801
0.0220952
0.023028
0.0240713
0.0251329
0.0261577
0.0272169
0.0283735
0.029571
0.0307817
0.0320443
0.0333432
0.0346954
0.0361471
0.0376847
0.0392363
0.0408496
0.0425086
0.0442252
0.045968
0.0478052
0.0497233
0.0517153
0.0537528
0.0558321
0.0580228
0.0602947
0.0627067
0.0651502
0.0676707
0.0702681
0.0729457
0.0757485
0.0785468
0.0815032
0.0844242
0.0874709
0.0902875
0.0929728
0.021555
0.0206089
0.0185526
0.0166112
0.0158264
0.0163341
0.0172116
0.0179087
0.0185566
0.0193283
0.0202369
0.0211944
0.0221061
0.0230375
0.0240799
0.0251393
0.0261626
0.0272217
0.028378
0.0295745
0.0307842
0.0320467
0.0333469
0.0346996
0.0361502
0.0376865
0.0392379
0.040851
0.0425095
0.0442262
0.0459697
0.0478068
0.0497244
0.051716
0.0537535
0.0558333
0.0580243
0.060296
0.0627073
0.0651503
0.0676711
0.0702685
0.0729459
0.0757485
0.078547
0.0815041
0.0844259
0.0874736
0.0902932
0.0929765
0.0213704
0.0205868
0.0187122
0.016811
0.0159225
0.0163407
0.017213
0.0179274
0.0185795
0.0193491
0.0202554
0.0212093
0.0221174
0.0230473
0.0240887
0.0251459
0.0261677
0.0272267
0.0283828
0.0295782
0.0307869
0.0320492
0.0333507
0.0347038
0.0361534
0.0376884
0.0392395
0.0408524
0.0425105
0.0442272
0.0459714
0.0478086
0.0497256
0.0517168
0.0537543
0.0558346
0.0580259
0.0602973
0.062708
0.0651504
0.0676715
0.070269
0.0729461
0.0757486
0.0785473
0.0815051
0.0844277
0.0874763
0.090299
0.0929803
0.0211978
0.0205632
0.0188578
0.0170103
0.0160302
0.0163512
0.0172115
0.0179432
0.0186014
0.0193699
0.0202741
0.0212246
0.0221291
0.0230575
0.0240979
0.0251528
0.026173
0.0272317
0.0283876
0.0295819
0.0307896
0.0320518
0.0333545
0.0347081
0.0361567
0.0376904
0.0392412
0.0408538
0.0425116
0.0442283
0.0459732
0.0478104
0.0497268
0.0517176
0.0537552
0.0558359
0.0580275
0.0602987
0.0627086
0.0651506
0.067672
0.0702695
0.0729464
0.0757486
0.0785477
0.0815061
0.0844295
0.0874792
0.0903051
0.0929842
0.0210531
0.0205446
0.0189915
0.0172063
0.0161469
0.0163666
0.0172091
0.0179581
0.0186243
0.0193923
0.0202941
0.0212406
0.0221413
0.0230682
0.0241076
0.0251601
0.0261785
0.0272371
0.0283926
0.0295857
0.0307924
0.0320545
0.0333584
0.0347126
0.03616
0.0376925
0.0392429
0.0408554
0.0425127
0.0442294
0.0459751
0.0478122
0.049728
0.0517184
0.053756
0.0558372
0.0580291
0.0603001
0.0627093
0.0651507
0.0676725
0.0702701
0.0729466
0.0757487
0.078548
0.0815071
0.0844315
0.0874822
0.0903115
0.0929884
0.0209195
0.0205306
0.0191138
0.0173968
0.0162706
0.0163871
0.0172057
0.0179709
0.0186471
0.0194157
0.0203151
0.0212574
0.022154
0.0230792
0.0241175
0.0251676
0.0261843
0.0272426
0.0283979
0.0295897
0.0307954
0.0320574
0.0333625
0.0347171
0.0361635
0.0376946
0.0392447
0.040857
0.0425139
0.0442306
0.045977
0.0478141
0.0497293
0.0517193
0.053757
0.0558386
0.0580309
0.0603016
0.06271
0.0651509
0.067673
0.0702706
0.0729469
0.0757488
0.0785484
0.0815083
0.0844335
0.0874853
0.090318
0.0929928
0.0207953
0.0205186
0.0192239
0.0175826
0.016403
0.0164138
0.0171996
0.0179791
0.0186674
0.0194384
0.0203362
0.0212745
0.022167
0.0230906
0.0241279
0.0251755
0.0261902
0.0272482
0.0284031
0.0295937
0.0307985
0.0320603
0.0333666
0.0347217
0.0361671
0.0376969
0.0392466
0.0408586
0.0425151
0.0442319
0.045979
0.047816
0.0497306
0.0517202
0.0537579
0.0558401
0.0580326
0.0603031
0.0627107
0.0651511
0.0676735
0.0702712
0.0729472
0.0757489
0.0785488
0.0815094
0.0844357
0.0874885
0.0903247
0.0929973
0.0207085
0.0205179
0.0193257
0.0177609
0.0165409
0.0164484
0.0171955
0.017987
0.018688
0.0194629
0.0203593
0.0212929
0.0221808
0.0231024
0.0241386
0.0251836
0.0261964
0.0272542
0.0284086
0.029598
0.0308017
0.0320635
0.0333708
0.0347264
0.0361707
0.0376993
0.0392485
0.0408603
0.0425165
0.0442332
0.045981
0.047818
0.049732
0.0517211
0.053759
0.0558416
0.0580344
0.0603047
0.0627115
0.0651514
0.0676741
0.0702718
0.0729475
0.075749
0.0785492
0.0815107
0.0844379
0.0874919
0.0903317
0.0930021
0.0206325
0.0205236
0.0194155
0.0179281
0.0166829
0.0164922
0.0171932
0.0179927
0.0187071
0.0194874
0.0203833
0.0213122
0.0221952
0.0231147
0.0241498
0.0251922
0.026203
0.0272604
0.0284143
0.0296024
0.0308051
0.0320667
0.0333751
0.0347312
0.0361745
0.0377018
0.0392505
0.0408621
0.0425178
0.0442346
0.0459831
0.0478201
0.0497334
0.0517221
0.05376
0.0558432
0.0580363
0.0603062
0.0627123
0.0651516
0.0676747
0.0702724
0.0729478
0.0757491
0.0785497
0.081512
0.0844403
0.0874954
0.0903389
0.0930071
0.0205603
0.0205314
0.0194945
0.018086
0.0168275
0.0165426
0.0171901
0.0179936
0.0187222
0.0195103
0.0204074
0.021332
0.0222099
0.0231273
0.0241613
0.0252011
0.0262096
0.0272666
0.02842
0.0296068
0.0308085
0.0320701
0.0333795
0.0347361
0.0361784
0.0377043
0.0392526
0.040864
0.0425193
0.0442361
0.0459853
0.0478222
0.0497349
0.0517231
0.0537611
0.0558448
0.0580383
0.0603079
0.0627132
0.0651519
0.0676753
0.070273
0.0729482
0.0757493
0.0785502
0.0815133
0.0844427
0.087499
0.0903463
0.0930123
0.0205427
0.0205576
0.019572
0.0182341
0.0169721
0.0166013
0.0171915
0.017995
0.0187367
0.0195339
0.0204334
0.0213537
0.0222256
0.0231402
0.024173
0.0252102
0.0262166
0.0272732
0.0284259
0.0296115
0.0308122
0.0320736
0.033384
0.0347411
0.0361824
0.037707
0.0392548
0.0408659
0.0425208
0.0442377
0.0459875
0.0478244
0.0497365
0.0517242
0.0537623
0.0558465
0.0580402
0.0603096
0.062714
0.0651522
0.0676759
0.0702737
0.0729485
0.0757495
0.0785508
0.0815147
0.0844453
0.0875027
0.0903539
0.0930177
0.0205504
0.0205946
0.0196429
0.0183709
0.0171185
0.0166709
0.0171986
0.0179961
0.018749
0.0195561
0.0204599
0.0213765
0.0222421
0.0231538
0.0241854
0.02522
0.0262241
0.0272801
0.0284321
0.0296163
0.030816
0.0320773
0.0333887
0.0347462
0.0361865
0.0377099
0.0392571
0.040868
0.0425225
0.0442394
0.0459898
0.0478266
0.0497381
0.0517254
0.0537635
0.0558482
0.0580423
0.0603113
0.062715
0.0651525
0.0676766
0.0702743
0.072949
0.0757498
0.0785514
0.0815162
0.0844481
0.0875066
0.0903618
0.0930234
0.0205316
0.0206306
0.0197098
0.0184988
0.0172622
0.016745
0.0172079
0.017995
0.0187576
0.0195756
0.0204861
0.0214003
0.0222597
0.023168
0.0241982
0.02523
0.0262316
0.0272869
0.0284383
0.0296211
0.0308199
0.0320811
0.0333934
0.0347514
0.0361907
0.0377128
0.0392595
0.0408701
0.0425242
0.0442411
0.0459921
0.0478289
0.0497397
0.0517265
0.0537648
0.05585
0.0580444
0.0603131
0.0627159
0.0651528
0.0676773
0.070275
0.0729494
0.07575
0.0785521
0.0815178
0.0844509
0.0875107
0.0903698
0.0930293
0.0205009
0.0206735
0.0197768
0.018615
0.0173993
0.0168226
0.0172216
0.0179951
0.0187649
0.0195937
0.0205128
0.0214259
0.0222784
0.0231823
0.0242109
0.02524
0.0262394
0.0272942
0.0284449
0.0296263
0.0308241
0.0320851
0.0333983
0.0347567
0.0361951
0.0377159
0.039262
0.0408723
0.042526
0.0442429
0.0459945
0.0478313
0.0497415
0.0517278
0.0537662
0.0558518
0.0580466
0.0603149
0.0627169
0.0651532
0.067678
0.0702757
0.0729499
0.0757503
0.0785528
0.0815194
0.0844539
0.0875149
0.0903781
0.0930355
0.0204639
0.020718
0.0198414
0.0187215
0.0175332
0.0169071
0.017242
0.0179976
0.0187714
0.0196095
0.0205386
0.0214522
0.0222981
0.0231975
0.0242245
0.025251
0.0262478
0.0273018
0.0284515
0.0296315
0.0308283
0.0320892
0.0334033
0.0347621
0.0361996
0.0377191
0.0392646
0.0408745
0.0425279
0.0442448
0.045997
0.0478338
0.0497433
0.0517291
0.0537676
0.0558537
0.0580489
0.0603168
0.062718
0.0651536
0.0676787
0.0702765
0.0729504
0.0757507
0.0785536
0.0815211
0.0844571
0.0875192
0.0903866
0.093042
0.0204144
0.0207601
0.0199086
0.0188235
0.0176643
0.0169949
0.0172668
0.0180017
0.0187762
0.0196223
0.020563
0.0214799
0.0223199
0.023214
0.0242386
0.025262
0.0262561
0.0273093
0.0284583
0.029637
0.0308328
0.0320935
0.0334084
0.0347676
0.0362042
0.0377224
0.0392673
0.0408769
0.0425299
0.0442469
0.0459996
0.0478363
0.0497452
0.0517305
0.053769
0.0558557
0.0580512
0.0603188
0.0627191
0.0651541
0.0676795
0.0702772
0.0729509
0.075751
0.0785544
0.0815229
0.0844603
0.0875237
0.0903953
0.0930487
0.0203576
0.0208043
0.0199802
0.0189191
0.0177889
0.0170838
0.0172953
0.0180077
0.0187809
0.0196333
0.0205867
0.0215086
0.0223429
0.0232307
0.0242526
0.0252732
0.0262648
0.0273174
0.0284656
0.0296427
0.0308374
0.032098
0.0334136
0.0347733
0.0362089
0.0377259
0.0392701
0.0408795
0.042532
0.044249
0.0460022
0.0478389
0.0497471
0.051732
0.0537706
0.0558578
0.0580536
0.0603208
0.0627202
0.0651545
0.0676803
0.070278
0.0729515
0.0757515
0.0785553
0.0815247
0.0844638
0.0875284
0.0904042
0.0930557
0.0203019
0.0208492
0.0200523
0.0190072
0.0179074
0.0171741
0.0173277
0.0180167
0.0187867
0.0196424
0.0206077
0.0215368
0.0223667
0.0232486
0.0242677
0.0252854
0.0262741
0.0273256
0.0284728
0.0296484
0.0308421
0.0321026
0.033419
0.034779
0.0362138
0.0377295
0.0392731
0.0408821
0.0425342
0.0442512
0.0460049
0.0478416
0.0497492
0.0517335
0.0537722
0.0558599
0.058056
0.0603228
0.0627215
0.065155
0.0676812
0.0702788
0.0729521
0.0757519
0.0785563
0.0815267
0.0844674
0.0875333
0.0904133
0.093063
0.020251
0.0208919
0.020124
0.0190905
0.0180209
0.0172654
0.0173637
0.0180287
0.0187932
0.0196489
0.020626
0.0215653
0.0223928
0.0232682
0.0242837
0.0252978
0.0262831
0.0273337
0.0284803
0.0296544
0.0308471
0.0321074
0.0334244
0.0347848
0.0362188
0.0377333
0.0392762
0.0408848
0.0425366
0.0442535
0.0460078
0.0478444
0.0497513
0.0517351
0.0537739
0.0558621
0.0580585
0.0603249
0.0627227
0.0651556
0.067682
0.0702797
0.0729527
0.0757525
0.0785574
0.0815288
0.0844711
0.0875383
0.0904227
0.0930706
0.020205
0.0209323
0.0201953
0.0191695
0.0181294
0.0173575
0.017402
0.0180425
0.0188008
0.0196546
0.0206427
0.0215938
0.02242
0.0232885
0.0242998
0.0253104
0.0262927
0.0273424
0.0284881
0.0296607
0.0308522
0.0321124
0.03343
0.0347908
0.0362239
0.0377373
0.0392794
0.0408877
0.0425391
0.044256
0.0460107
0.0478473
0.0497535
0.0517368
0.0537757
0.0558643
0.0580611
0.0603271
0.062724
0.0651562
0.067683
0.0702806
0.0729534
0.075753
0.0785585
0.0815309
0.084475
0.0875435
0.0904322
0.0930786
0.0201648
0.0209711
0.0202661
0.019245
0.0182327
0.017449
0.0174415
0.0180586
0.0188114
0.0196601
0.0206566
0.0216207
0.0224475
0.0233099
0.0243173
0.0253243
0.0263029
0.027351
0.0284959
0.029667
0.0308576
0.0321175
0.0334358
0.0347969
0.0362292
0.0377414
0.0392828
0.0408907
0.0425417
0.0442585
0.0460137
0.0478502
0.0497558
0.0517386
0.0537775
0.0558667
0.0580638
0.0603293
0.0627254
0.0651568
0.0676839
0.0702815
0.0729542
0.0757537
0.0785598
0.0815332
0.0844791
0.087549
0.0904419
0.0930868
0.0201283
0.0210087
0.0203361
0.0193163
0.0183293
0.0175394
0.0174831
0.0180773
0.0188245
0.0196649
0.0206673
0.0216462
0.0224761
0.0233331
0.024336
0.0253386
0.026313
0.0273597
0.028504
0.0296737
0.0308632
0.0321229
0.0334417
0.0348031
0.0362347
0.0377456
0.0392863
0.0408938
0.0425444
0.0442612
0.0460168
0.0478533
0.0497582
0.0517405
0.0537795
0.0558691
0.0580666
0.0603316
0.0627269
0.0651575
0.0676849
0.0702824
0.072955
0.0757544
0.0785611
0.0815355
0.0844834
0.0875546
0.0904519
0.0930953
0.0200912
0.0210453
0.0204039
0.0193826
0.01842
0.0176305
0.0175269
0.0180966
0.0188391
0.0196701
0.0206763
0.0216705
0.0225053
0.023357
0.0243552
0.0253537
0.0263238
0.0273688
0.0285122
0.0296805
0.030869
0.0321284
0.0334477
0.0348094
0.0362403
0.0377501
0.03929
0.0408971
0.0425473
0.044264
0.04602
0.0478565
0.0497607
0.0517424
0.0537815
0.0558716
0.0580694
0.0603339
0.0627284
0.0651582
0.067686
0.0702834
0.0729559
0.0757552
0.0785625
0.081538
0.0844878
0.0875604
0.090462
0.0931042
0.0200534
0.0210811
0.0204685
0.0194448
0.0185059
0.0177212
0.0175711
0.0181159
0.0188564
0.0196769
0.0206832
0.0216928
0.0225341
0.0233816
0.0243758
0.0253701
0.0263354
0.0273778
0.0285204
0.0296875
0.030875
0.0321341
0.0334539
0.0348158
0.036246
0.0377547
0.0392938
0.0409005
0.0425504
0.044267
0.0460233
0.0478597
0.0497633
0.0517445
0.0537837
0.0558742
0.0580723
0.0603363
0.06273
0.065159
0.067687
0.0702844
0.0729568
0.075756
0.078564
0.0815407
0.0844924
0.0875664
0.0904723
0.0931135
0.0200127
0.0211136
0.0205309
0.0195045
0.0185859
0.01781
0.0176163
0.0181356
0.0188761
0.0196851
0.0206884
0.021713
0.0225628
0.0234072
0.0243974
0.0253874
0.0263472
0.027387
0.0285289
0.0296947
0.0308811
0.0321399
0.0334602
0.0348224
0.0362519
0.0377595
0.0392979
0.0409041
0.0425536
0.04427
0.0460267
0.0478631
0.0497659
0.0517467
0.0537859
0.0558768
0.0580753
0.0603388
0.0627317
0.0651598
0.0676882
0.0702855
0.0729578
0.075757
0.0785656
0.0815434
0.0844972
0.0875727
0.0904828
0.093123
0.0199648
0.0211432
0.0205929
0.0195605
0.0186581
0.017897
0.0176637
0.0181551
0.0188976
0.0196955
0.0206922
0.021731
0.0225911
0.023433
0.0244197
0.0254058
0.0263601
0.0273966
0.0285375
0.029702
0.0308874
0.032146
0.0334667
0.0348291
0.036258
0.0377645
0.0393021
0.0409079
0.0425569
0.0442732
0.0460302
0.0478665
0.0497687
0.051749
0.0537883
0.0558796
0.0580784
0.0603413
0.0627334
0.0651607
0.0676894
0.0702866
0.0729588
0.075758
0.0785674
0.0815463
0.0845021
0.0875792
0.0904936
0.0931329
0.0199104
0.0211694
0.0206528
0.0196126
0.0187235
0.0179827
0.0177131
0.0181736
0.0189198
0.0197077
0.0206948
0.0217471
0.0226188
0.023459
0.0244427
0.0254257
0.026374
0.0274063
0.0285459
0.0297095
0.030894
0.0321523
0.0334733
0.034836
0.0362642
0.0377697
0.0393064
0.0409118
0.0425605
0.0442766
0.0460339
0.0478701
0.0497717
0.0517514
0.0537907
0.0558825
0.0580816
0.0603439
0.0627352
0.0651617
0.0676906
0.0702878
0.07296
0.0757592
0.0785692
0.0815493
0.0845072
0.0875859
0.0905045
0.0931431
0.0198478
0.0211891
0.0207113
0.019663
0.0187826
0.0180656
0.0177644
0.0181906
0.0189422
0.0197229
0.0206974
0.0217613
0.0226457
0.0234847
0.0244663
0.0254467
0.0263887
0.0274164
0.0285547
0.0297173
0.0309007
0.0321586
0.0334802
0.034843
0.0362706
0.037775
0.039311
0.0409159
0.0425642
0.0442801
0.0460377
0.0478738
0.0497747
0.0517539
0.0537933
0.0558854
0.0580849
0.0603466
0.0627372
0.0651627
0.0676919
0.070289
0.0729612
0.0757604
0.0785712
0.0815525
0.0845125
0.0875929
0.0905156
0.0931537
0.0197767
0.0212024
0.0207692
0.0197121
0.0188342
0.0181443
0.017818
0.0182068
0.0189647
0.0197413
0.0206995
0.021773
0.0226719
0.0235104
0.0244899
0.0254687
0.0264048
0.0274273
0.0285637
0.0297249
0.0309075
0.0321652
0.0334871
0.0348501
0.0362772
0.0377807
0.0393158
0.0409202
0.042568
0.0442837
0.0460416
0.0478776
0.0497778
0.0517565
0.053796
0.0558885
0.0580882
0.0603493
0.0627392
0.0651638
0.0676933
0.0702902
0.0729625
0.0757618
0.0785733
0.0815559
0.084518
0.0876001
0.0905269
0.0931646
0.0196996
0.021208
0.0208249
0.0197606
0.0188791
0.0182179
0.0178741
0.0182225
0.0189858
0.0197619
0.0207018
0.0217828
0.0226975
0.0235355
0.0245133
0.025492
0.0264223
0.0274383
0.0285726
0.0297329
0.0309145
0.0321718
0.0334942
0.0348575
0.036284
0.0377865
0.0393208
0.0409248
0.0425721
0.0442876
0.0460457
0.0478816
0.0497811
0.0517593
0.0537989
0.0558917
0.0580917
0.0603521
0.0627413
0.065165
0.0676947
0.0702916
0.0729639
0.0757633
0.0785756
0.0815594
0.0845237
0.0876076
0.0905384
0.0931759
0.0196185
0.0212044
0.020878
0.0198098
0.0189178
0.018285
0.0179325
0.018238
0.0190044
0.0197852
0.0207055
0.0217905
0.0227221
0.0235604
0.0245362
0.0255161
0.0264409
0.02745
0.0285819
0.0297412
0.0309215
0.0321784
0.0335014
0.034865
0.0362909
0.0377925
0.039326
0.0409295
0.0425764
0.0442916
0.0460499
0.0478856
0.0497845
0.0517622
0.0538018
0.055895
0.0580952
0.060355
0.0627434
0.0651662
0.0676962
0.070293
0.0729653
0.0757649
0.0785779
0.0815632
0.0845295
0.0876153
0.0905501
0.0931875
0.0195366
0.0211919
0.0209275
0.0198599
0.0189509
0.0183444
0.0179928
0.018254
0.01902
0.0198108
0.0207107
0.0217959
0.0227459
0.0235851
0.0245582
0.0255404
0.0264611
0.0274628
0.0285913
0.0297494
0.0309287
0.0321853
0.0335087
0.0348725
0.036298
0.0377988
0.0393315
0.0409344
0.0425808
0.0442957
0.0460543
0.0478899
0.049788
0.0517653
0.0538049
0.0558984
0.0580989
0.060358
0.0627458
0.0651676
0.0676978
0.0702945
0.0729669
0.0757667
0.0785804
0.0815671
0.0845356
0.0876232
0.090562
0.0931995
0.0194566
0.0211707
0.0209711
0.0199105
0.0189801
0.0183958
0.0180538
0.0182714
0.0190323
0.0198377
0.0207179
0.0217994
0.0227686
0.0236098
0.0245792
0.0255652
0.0264828
0.0274762
0.028601
0.0297581
0.0309361
0.0321921
0.0335161
0.0348803
0.0363054
0.0378053
0.0393372
0.0409396
0.0425855
0.0443
0.0460588
0.0478942
0.0497917
0.0517685
0.0538082
0.0559019
0.0581026
0.0603611
0.0627482
0.065169
0.0676994
0.070296
0.0729686
0.0757686
0.0785831
0.0815712
0.0845418
0.0876315
0.0905741
0.0932118
0.0193818
0.0211424
0.0210072
0.0199621
0.0190076
0.0184378
0.0181139
0.0182913
0.0190407
0.0198648
0.0207279
0.021801
0.0227899
0.0236347
0.0245993
0.0255896
0.0265057
0.0274905
0.028611
0.0297672
0.0309437
0.0321988
0.0335236
0.0348882
0.0363128
0.037812
0.0393432
0.0409451
0.0425903
0.0443046
0.0460635
0.0478987
0.0497955
0.0517718
0.0538116
0.0559056
0.0581065
0.0603643
0.0627507
0.0651705
0.0677012
0.0702977
0.0729703
0.0757707
0.0785859
0.0815755
0.0845482
0.0876399
0.0905864
0.0932244
0.0193164
0.0211093
0.0210347
0.0200133
0.0190336
0.0184701
0.0181717
0.0183144
0.0190452
0.0198909
0.0207413
0.0218014
0.0228093
0.02366
0.0246184
0.025613
0.0265299
0.0275062
0.0286212
0.0297763
0.0309517
0.0322057
0.0335311
0.0348963
0.0363206
0.037819
0.0393494
0.0409507
0.0425954
0.0443094
0.0460684
0.0479033
0.0497995
0.0517754
0.0538152
0.0559094
0.0581104
0.0603675
0.0627533
0.0651722
0.067703
0.0702995
0.0729722
0.075773
0.0785888
0.0815801
0.0845549
0.0876487
0.0905989
0.0932374
0.0192605
0.0210731
0.021052
0.0200614
0.0190598
0.0184941
0.0182251
0.0183409
0.0190466
0.019915
0.0207579
0.021801
0.0228264
0.0236857
0.0246368
0.0256354
0.0265551
0.027523
0.0286317
0.0297858
0.0309599
0.0322127
0.0335386
0.0349044
0.0363285
0.0378263
0.0393559
0.0409567
0.0426007
0.0443143
0.0460734
0.0479082
0.0498036
0.051779
0.0538189
0.0559134
0.0581145
0.0603708
0.062756
0.0651739
0.0677049
0.0703013
0.0729742
0.0757754
0.078592
0.0815848
0.0845617
0.0876577
0.0906117
0.0932507
0.0192123
0.0210359
0.0210587
0.020105
0.019088
0.0185107
0.0182715
0.0183709
0.0190462
0.0199356
0.0207774
0.0218004
0.0228411
0.0237116
0.0246548
0.0256565
0.0265807
0.0275411
0.0286427
0.0297956
0.0309686
0.0322197
0.0335462
0.0349127
0.0363365
0.0378337
0.0393627
0.0409629
0.0426061
0.0443194
0.0460787
0.0479132
0.0498079
0.0517828
0.0538227
0.0559175
0.0581188
0.0603743
0.0627589
0.0651758
0.0677069
0.0703033
0.0729763
0.0757781
0.0785953
0.0815898
0.0845688
0.087667
0.0906246
0.0932643
0.0191701
0.0209997
0.0210557
0.020142
0.0191171
0.018521
0.0183096
0.0184036
0.0190446
0.0199514
0.0207996
0.0218008
0.0228528
0.0237376
0.0246729
0.0256758
0.0266063
0.0275607
0.0286542
0.0298054
0.0309778
0.032227
0.0335535
0.0349211
0.0363449
0.0378413
0.0393698
0.0409694
0.0426119
0.0443248
0.0460841
0.0479183
0.0498125
0.0517869
0.0538268
0.0559218
0.058123
0.060378
0.0627619
0.0651777
0.067709
0.0703054
0.0729785
0.0757809
0.0785987
0.081595
0.0845761
0.0876764
0.0906378
0.0932782
0.0191313
0.0209652
0.0210437
0.0201697
0.0191464
0.0185275
0.0183383
0.0184376
0.0190432
0.0199621
0.0208235
0.0218028
0.0228616
0.0237633
0.0246915
0.0256935
0.0266313
0.0275815
0.0286664
0.0298154
0.0309873
0.0322348
0.033561
0.0349293
0.0363534
0.0378494
0.0393772
0.0409762
0.0426178
0.0443305
0.0460897
0.0479237
0.0498171
0.0517911
0.0538311
0.0559263
0.0581275
0.0603816
0.062765
0.0651799
0.0677112
0.0703076
0.0729808
0.0757839
0.0786024
0.0816004
0.0845836
0.0876862
0.0906511
0.0932925
0.0190922
0.0209323
0.0210242
0.0201866
0.0191751
0.0185323
0.0183564
0.0184708
0.0190436
0.0199675
0.0208476
0.0218069
0.0228678
0.023788
0.0247106
0.02571
0.0266556
0.027603
0.0286793
0.0298255
0.0309972
0.032243
0.0335685
0.0349376
0.0363618
0.0378576
0.039385
0.0409833
0.0426239
0.0443363
0.0460956
0.0479292
0.0498221
0.0517954
0.0538355
0.0559309
0.0581321
0.0603854
0.0627682
0.0651822
0.0677136
0.07031
0.0729833
0.0757872
0.0786062
0.0816061
0.0845913
0.0876963
0.0906648
0.093307
0.0190507
0.0209005
0.0209993
0.0201924
0.0192003
0.0185365
0.0183648
0.0185012
0.0190464
0.0199676
0.0208707
0.0218141
0.0228716
0.0238111
0.0247304
0.0257253
0.0266788
0.0276252
0.028693
0.0298357
0.0310073
0.0322518
0.0335763
0.0349459
0.0363706
0.0378658
0.0393929
0.0409908
0.0426304
0.0443424
0.0461016
0.0479349
0.0498272
0.0518
0.0538401
0.0559357
0.0581368
0.0603894
0.0627716
0.0651845
0.067716
0.0703125
0.072986
0.0757907
0.0786102
0.081612
0.0845992
0.0877065
0.0906786
0.0933219
0.0190052
0.0208682
0.0209705
0.0201871
0.0192194
0.018541
0.0183648
0.0185265
0.0190514
0.019963
0.0208915
0.0218243
0.0228736
0.023832
0.024751
0.0257396
0.0267005
0.0276479
0.0287078
0.029846
0.0310173
0.0322611
0.0335846
0.0349541
0.0363794
0.0378747
0.0394011
0.0409982
0.0426372
0.044349
0.0461079
0.0479408
0.0498326
0.0518048
0.053845
0.0559407
0.0581417
0.0603935
0.0627752
0.0651872
0.0677187
0.0703151
0.0729887
0.0757944
0.0786145
0.0816181
0.0846075
0.087717
0.0906926
0.093337
0.0189547
0.020834
0.0209384
0.0201716
0.0192304
0.0185456
0.0183579
0.0185443
0.0190588
0.0199552
0.0209082
0.0218371
0.0228749
0.0238507
0.0247722
0.0257533
0.0267204
0.0276704
0.0287234
0.0298571
0.0310274
0.0322706
0.0335932
0.0349625
0.0363882
0.0378837
0.0394099
0.041006
0.0426438
0.0443557
0.0461145
0.0479469
0.0498382
0.0518098
0.05385
0.0559458
0.0581467
0.0603977
0.0627788
0.06519
0.0677215
0.070318
0.0729916
0.0757982
0.078619
0.0816245
0.084616
0.0877278
0.0907068
0.0933524
0.0188994
0.0207969
0.0209032
0.0201472
0.0192313
0.0185493
0.0183462
0.018553
0.0190676
0.0199457
0.0209197
0.0218522
0.0228764
0.0238661
0.0247937
0.025767
0.0267388
0.0276921
0.0287393
0.0298687
0.0310379
0.0322805
0.0336024
0.0349709
0.036397
0.0378929
0.0394189
0.0410143
0.0426511
0.0443626
0.046121
0.0479533
0.0498442
0.0518151
0.0538553
0.0559512
0.0581519
0.0604021
0.0627826
0.0651928
0.0677244
0.070321
0.0729948
0.0758024
0.0786236
0.081631
0.0846247
0.0877388
0.0907213
0.093368
0.0188387
0.0207558
0.0208646
0.0201152
0.0192209
0.0185494
0.0183318
0.0185526
0.0190757
0.0199355
0.020926
0.0218686
0.0228786
0.0238783
0.0248147
0.0257809
0.0267555
0.0277132
0.0287556
0.0298808
0.0310487
0.0322907
0.0336123
0.0349796
0.0364054
0.0379022
0.0394282
0.0410226
0.0426587
0.0443703
0.0461279
0.0479597
0.0498503
0.0518206
0.0538609
0.0559568
0.0581573
0.0604066
0.0627866
0.065196
0.0677275
0.0703241
0.072998
0.0758069
0.0786286
0.0816379
0.0846336
0.0877499
0.0907359
0.093384
0.0187719
0.0207098
0.0208221
0.0200768
0.0191997
0.0185433
0.0183156
0.0185435
0.0190807
0.0199254
0.0209268
0.0218851
0.0228826
0.0238874
0.0248348
0.0257951
0.0267707
0.027733
0.0287718
0.0298932
0.0310597
0.0323011
0.033623
0.0349893
0.036414
0.0379114
0.0394378
0.0410311
0.0426661
0.044378
0.0461354
0.0479667
0.0498566
0.0518261
0.0538665
0.0559626
0.0581629
0.0604114
0.0627908
0.0651994
0.0677308
0.0703275
0.0730014
0.0758115
0.0786338
0.081645
0.0846429
0.0877614
0.0907506
0.0934001
0.0186987
0.020658
0.0207743
0.020032
0.0191684
0.0185289
0.0182977
0.0185272
0.0190807
0.0199159
0.020922
0.0218998
0.0228896
0.0238942
0.0248528
0.0258097
0.0267846
0.0277517
0.0287879
0.029906
0.0310712
0.0323113
0.0336338
0.0349998
0.036423
0.0379207
0.0394476
0.0410398
0.042674
0.0443859
0.0461425
0.047974
0.0498638
0.0518323
0.0538724
0.0559684
0.0581685
0.0604163
0.0627951
0.065203
0.0677344
0.0703311
0.0730052
0.0758164
0.078639
0.0816522
0.0846524
0.0877732
0.0907657
0.0934165
0.0186186
0.0205993
0.020721
0.0199799
0.0191273
0.0185046
0.0182764
0.0185052
0.019075
0.0199075
0.0209131
0.0219105
0.0228987
0.0238999
0.0248686
0.0258245
0.0267972
0.0277684
0.0288038
0.0299194
0.0310835
0.0323219
0.0336445
0.0350108
0.0364321
0.0379301
0.0394582
0.0410488
0.0426819
0.0443944
0.0461502
0.0479811
0.0498708
0.0518388
0.053879
0.0559747
0.0581744
0.0604212
0.0627994
0.0652067
0.0677381
0.0703349
0.073009
0.0758216
0.0786448
0.0816598
0.084662
0.0877849
0.0907809
0.0934332
0.0185317
0.0205327
0.0206616
0.0199199
0.0190766
0.0184698
0.0182496
0.0184781
0.0190621
0.0198996
0.0209029
0.0219171
0.0229086
0.0239038
0.0248814
0.0258397
0.0268097
0.0277833
0.0288186
0.0299326
0.0310964
0.0323331
0.0336558
0.0350227
0.0364416
0.0379386
0.0394685
0.0410585
0.0426903
0.044403
0.0461583
0.047989
0.0498781
0.051845
0.0538853
0.0559812
0.0581809
0.0604268
0.0628041
0.0652106
0.0677419
0.0703388
0.0730131
0.075827
0.0786507
0.0816676
0.0846721
0.087797
0.090796
0.0934499
0.0184376
0.0204565
0.0205952
0.0198519
0.0190158
0.018424
0.0182157
0.0184472
0.0190416
0.0198894
0.0208921
0.0219202
0.0229202
0.0239079
0.0248895
0.0258528
0.0268219
0.0277974
0.028833
0.0299461
0.0311097
0.0323447
0.0336668
0.0350353
0.0364524
0.0379474
0.0394783
0.0410679
0.0426989
0.0444121
0.0461666
0.0479971
0.0498862
0.0518521
0.053892
0.0559875
0.058187
0.0604322
0.0628092
0.0652151
0.0677462
0.070343
0.0730173
0.0758326
0.0786568
0.0816755
0.0846823
0.0878094
0.0908116
0.0934668
0.0183364
0.020369
0.0205196
0.0197755
0.0189442
0.0183667
0.0181727
0.018413
0.0190157
0.0198759
0.0208805
0.0219181
0.0229313
0.0239147
0.0248959
0.0258632
0.026832
0.0278088
0.028846
0.0299605
0.0311246
0.0323574
0.0336781
0.035048
0.0364636
0.0379563
0.0394884
0.041078
0.0427074
0.0444209
0.0461754
0.0480057
0.0498942
0.0518594
0.0538994
0.0559945
0.0581936
0.0604377
0.0628139
0.0652195
0.0677506
0.0703477
0.0730219
0.0758386
0.0786633
0.0816837
0.0846927
0.0878216
0.0908271
0.0934841
0.0182273
0.0202685
0.0204316
0.01969
0.0188621
0.0182982
0.0181188
0.0183727
0.018985
0.0198593
0.0208701
0.0219126
0.0229387
0.0239217
0.0249009
0.0258728
0.0268425
0.0278186
0.0288558
0.0299731
0.0311399
0.0323713
0.0336904
0.0350617
0.036476
0.0379653
0.0394976
0.0410882
0.0427172
0.0444302
0.0461838
0.0480145
0.0499029
0.051867
0.0539066
0.0560016
0.0582008
0.0604439
0.0628192
0.0652242
0.067755
0.0703521
0.0730267
0.0758448
0.0786701
0.0816923
0.0847036
0.0878344
0.0908427
0.0935012
0.0181081
0.0201539
0.0203279
0.0195927
0.0187683
0.0182193
0.018055
0.0183255
0.01895
0.0198375
0.0208593
0.0219059
0.0229431
0.0239286
0.0249029
0.0258779
0.0268528
0.0278302
0.0288663
0.0299853
0.0311547
0.0323846
0.033702
0.0350752
0.0364893
0.0379757
0.0395071
0.041098
0.0427269
0.0444401
0.0461932
0.0480237
0.0499116
0.051875
0.0539144
0.0560087
0.0582078
0.06045
0.0628249
0.0652296
0.0677602
0.0703572
0.0730315
0.0758511
0.078677
0.0817009
0.0847145
0.0878472
0.0908586
0.0935185
0.0179761
0.0200238
0.0202052
0.0194796
0.0186601
0.0181275
0.0179821
0.018273
0.0189135
0.0198127
0.0208467
0.0218976
0.0229431
0.0239346
0.0249041
0.0258781
0.0268584
0.02784
0.0288768
0.0299991
0.0311726
0.0324002
0.0337142
0.0350882
0.0365016
0.0379855
0.0395165
0.0411082
0.0427375
0.0444501
0.0462026
0.0480337
0.0499212
0.0518833
0.0539222
0.0560162
0.0582152
0.0604563
0.0628302
0.0652348
0.0677653
0.0703626
0.0730371
0.075858
0.0786844
0.0817098
0.0847257
0.0878601
0.0908743
0.093536
0.0178281
0.0198766
0.0200616
0.019348
0.0185358
0.0180203
0.0178976
0.0182134
0.0188771
0.0197886
0.0208344
0.0218896
0.022939
0.0239373
0.0249041
0.0258754
0.0268615
0.0278481
0.0288847
0.0300099
0.0311901
0.032418
0.0337286
0.0351031
0.0365154
0.0379962
0.0395255
0.0411172
0.042748
0.044461
0.0462123
0.0480435
0.0499311
0.0518926
0.0539308
0.0560238
0.0582229
0.0604629
0.0628362
0.0652404
0.0677704
0.0703677
0.0730423
0.0758649
0.078692
0.0817192
0.0847373
0.0878735
0.0908905
0.0935541
0.0176569
0.0197071
0.0198937
0.0191937
0.0183939
0.0178975
0.0178008
0.0181451
0.018839
0.0197659
0.020823
0.0218839
0.0229331
0.0239365
0.0249023
0.0258687
0.0268606
0.0278566
0.028895
0.0300209
0.0312065
0.0324347
0.0337417
0.0351172
0.0365292
0.0380081
0.0395365
0.0411275
0.0427589
0.0444722
0.046223
0.0480544
0.0499413
0.0519018
0.0539396
0.0560321
0.0582311
0.0604698
0.0628423
0.0652463
0.0677761
0.0703735
0.0730478
0.0758715
0.078699
0.0817276
0.084748
0.0878857
0.0909054
0.0935701
0.0174586
0.0195088
0.0196951
0.0190096
0.0182313
0.0177606
0.0176946
0.0180701
0.0187982
0.0197428
0.0208094
0.0218778
0.022926
0.0239319
0.0248988
0.0258608
0.0268559
0.0278621
0.0289052
0.0300324
0.0312244
0.0324539
0.0337555
0.0351299
0.0365408
0.038018
0.039546
0.0411371
0.0427705
0.0444848
0.0462346
0.048066
0.0499531
0.051913
0.0539498
0.0560413
0.0582405
0.0604781
0.0628498
0.0652536
0.067783
0.0703805
0.0730551
0.0758805
0.0787088
0.0817388
0.0847613
0.0879006
0.0909227
0.0935899
0.017235
0.019277
0.0194587
0.0187877
0.0180407
0.0176068
0.017582
0.0179952
0.0187602
0.0197233
0.0207947
0.0218686
0.0229149
0.0239209
0.0248913
0.0258527
0.0268521
0.0278701
0.0289189
0.0300448
0.0312413
0.0324735
0.0337703
0.035143
0.0365525
0.0380277
0.0395543
0.041144
0.0427781
0.0444937
0.0462434
0.0480743
0.0499608
0.0519204
0.0539569
0.0560476
0.0582466
0.0604833
0.0628544
0.0652584
0.0677874
0.0703851
0.0730592
0.0758858
0.0787146
0.081746
0.0847709
0.0879116
0.0909365
0.0936041
0.0169819
0.0190042
0.0191778
0.0185224
0.0178158
0.0174293
0.0174576
0.0179188
0.0187242
0.0197084
0.0207817
0.0218571
0.0228998
0.0239028
0.0248777
0.0258422
0.0268464
0.0278788
0.0289392
0.0300652
0.0312645
0.0324991
0.0337908
0.0351613
0.0365702
0.0380443
0.0395708
0.0411605
0.0427953
0.0445115
0.0462607
0.048091
0.0499769
0.0519356
0.0539709
0.0560603
0.0582594
0.0604947
0.062865
0.0652684
0.0677969
0.0703947
0.073069
0.0758968
0.0787264
0.0817588
0.0847856
0.0879275
0.0909545
0.093625
0.0167001
0.0186828
0.0188469
0.0182168
0.0175615
0.0172332
0.0173248
0.0178402
0.0186842
0.0196855
0.0207545
0.0218251
0.0228626
0.0238619
0.024843
0.0258163
0.0268277
0.0278733
0.0289453
0.0300712
0.0312727
0.0325117
0.0337996
0.0351662
0.0365742
0.0380473
0.0395734
0.0411632
0.0427986
0.0445169
0.0462674
0.0480967
0.049982
0.0519413
0.0539766
0.0560651
0.0582639
0.0604987
0.0628686
0.0652723
0.0678005
0.0703985
0.0730724
0.0759017
0.0787319
0.081766
0.0847948
0.0879384
0.0909677
0.0936384
0.0163122
0.0182821
0.0184695
0.017896
0.0173294
0.017095
0.0172758
0.0178521
0.0187203
0.0197209
0.0207701
0.0218223
0.0228481
0.0238418
0.0248307
0.025818
0.0268385
0.0278965
0.0289808
0.030105
0.0313026
0.0325424
0.0338266
0.0351894
0.0365969
0.038069
0.0395943
0.0411846
0.0428187
0.0445361
0.0462877
0.0481159
0.0499995
0.0519578
0.0539924
0.0560796
0.0582779
0.0605113
0.0628804
0.0652834
0.067811
0.0704093
0.073083
0.075913
0.0787438
0.0817783
0.0848091
0.0879533
0.0909849
0.0936585
0.0155138
0.0174144
0.0176737
0.0172592
0.0168815
0.0168217
0.0171471
0.0178053
0.0186957
0.0196891
0.0207164
0.0217532
0.0227768
0.0237758
0.0247784
0.0257857
0.0268192
0.0278878
0.0289858
0.0301133
0.0313098
0.0325521
0.0338347
0.035193
0.0366002
0.0380724
0.0395978
0.0411908
0.0428254
0.0445437
0.0462977
0.048125
0.050007
0.0519663
0.0540014
0.0560869
0.0582845
0.0605176
0.0628865
0.0652892
0.0678163
0.0704148
0.0730883
0.07592
0.0787518
0.0817879
0.0848203
0.087966
0.0909994
0.0936736
0.0156688
0.0170927
0.0171759
0.0168443
0.0166455
0.0167483
0.0171839
0.0178739
0.0187406
0.019696
0.0206862
0.0217016
0.0227258
0.0237378
0.0247591
0.0257879
0.0268348
0.02791
0.0290157
0.0301425
0.0313311
0.0325721
0.0338554
0.0352108
0.0366174
0.0380892
0.0396127
0.0412075
0.0428405
0.0445558
0.0463127
0.0481405
0.0500195
0.0519777
0.0540135
0.0560983
0.058295
0.0605276
0.062896
0.0652983
0.0678248
0.0704236
0.0730964
0.0759285
0.0787604
0.0817968
0.0848311
0.0879776
0.0910125
0.0936877
0.0132879
0.0152612
0.0159858
0.016242
0.016476
0.01683
0.0173363
0.0179866
0.0187804
0.0196763
0.0206299
0.0216299
0.0226594
0.0236887
0.024731
0.0257814
0.0268431
0.0279241
0.0290383
0.030171
0.0313557
0.0325946
0.0338773
0.0352282
0.0366338
0.0381063
0.0396289
0.0412274
0.0428615
0.0445747
0.0463336
0.0481612
0.050037
0.051995
0.0540319
0.056114
0.058309
0.0605411
0.0629092
0.0653104
0.067836
0.0704346
0.0731069
0.0759406
0.0787737
0.0818116
0.0848469
0.0879941
0.0910312
0.0937088
0.0114674
0.0125011
0.0139277
0.0152017
0.016182
0.0168855
0.0174676
0.0180759
0.0187864
0.0196085
0.0205214
0.0215118
0.0225561
0.0236137
0.0246859
0.025761
0.0268391
0.0279259
0.0290436
0.0301779
0.0313567
0.0325931
0.0338797
0.0352307
0.0366366
0.0381097
0.0396308
0.0412317
0.0428657
0.0445753
0.0463372
0.0481676
0.0500402
0.0519972
0.0540363
0.0561184
0.0583122
0.0605446
0.0629122
0.0653135
0.0678388
0.0704383
0.0731104
0.0759442
0.0787775
0.0818154
0.0848525
0.0880007
0.0910391
0.0937164
0.0103486
0.012714
0.0142728
0.0153723
0.0162166
0.0169141
0.0175504
0.0181836
0.0188709
0.0196493
0.0205263
0.0214935
0.0225315
0.0235996
0.0246902
0.0257816
0.026873
0.0279651
0.0290847
0.0302232
0.0313974
0.0326288
0.0339136
0.0352613
0.036666
0.0381393
0.0396593
0.0412631
0.0428988
0.0446052
0.0463671
0.048198
0.0500672
0.0520224
0.0540629
0.0561419
0.0583335
0.060565
0.0629323
0.065332
0.067856
0.0704551
0.0731262
0.0759615
0.0787958
0.0818349
0.0848722
0.0880207
0.091061
0.0937412
0.00937552
0.0107388
0.0125691
0.0142941
0.015682
0.0167197
0.0175104
0.0181854
0.0188577
0.019607
0.0204672
0.021422
0.0224545
0.0235302
0.0246389
0.0257465
0.0268525
0.0279554
0.029078
0.0302208
0.0313936
0.0326224
0.0339103
0.0352581
0.0366638
0.0381378
0.0396562
0.0412614
0.0428985
0.0446018
0.0463646
0.0481993
0.0500667
0.0520201
0.0540629
0.0561427
0.058333
0.060565
0.0629323
0.0653321
0.067856
0.0704558
0.0731267
0.075962
0.0787964
0.0818355
0.0848742
0.0880238
0.0910646
0.0937439
0.00796217
0.0109686
0.0130806
0.0146207
0.0157911
0.0167272
0.0175155
0.0182115
0.018895
0.0196418
0.0204986
0.0214488
0.0224744
0.0235465
0.0246563
0.025768
0.0268771
0.0279846
0.029109
0.0302555
0.0314307
0.0326576
0.0339448
0.0352918
0.0366967
0.0381721
0.0396902
0.0412961
0.0429356
0.0446379
0.0463983
0.0482322
0.0500991
0.05205
0.0540927
0.0561703
0.058359
0.0605894
0.0629561
0.0653545
0.0678766
0.0704757
0.0731455
0.075982
0.0788173
0.0818572
0.0848953
0.0880451
0.0910882
0.0937704
)
;

boundaryField
{
    zeroGradientPlanes
    {
        type            zeroGradient;
    }
    inlet
    {
        type            zeroGradient;
    }
    plate
    {
        type            zeroGradient;
    }
    frontAndBack
    {
        type            empty;
    }
}


// ************************************************************************* //
