/*--------------------------------*- C++ -*----------------------------------*\
| =========                 |                                                 |
| \\      /  F ield         | OpenFOAM: The Open Source CFD Toolbox           |
|  \\    /   O peration     | Version:  v2012                                 |
|   \\  /    A nd           | Website:  www.openfoam.com                      |
|    \\/     M anipulation  |                                                 |
\*---------------------------------------------------------------------------*/
FoamFile
{
    version     2.0;
    format      ascii;
    class       volScalarField;
    location    "5.1";
    object      p;
}
// * * * * * * * * * * * * * * * * * * * * * * * * * * * * * * * * * * * * * //

dimensions      [0 2 -2 0 0 0 0];


internalField   nonuniform List<scalar> 
7000
(
4.00989e-10
-0.00165433
0.00417632
0.00664379
0.00746236
0.00947385
0.00902882
0.0103483
0.0097621
0.0111523
0.0112853
0.013054
0.0138681
0.0174269
0.0179367
0.0204731
0.0215917
0.0243157
0.0266279
0.0320677
-8.84645e-07
-0.00157924
0.00417564
0.00664062
0.00746335
0.00946605
0.00903051
0.0103533
0.00976434
0.011154
0.0112961
0.0130427
0.01388
0.0173838
0.0179397
0.0204462
0.0215876
0.0242866
0.0266148
0.0316295
-1.05926e-06
-0.00150527
0.00417102
0.00663587
0.00746177
0.00946613
0.00903566
0.0103543
0.00977189
0.011152
0.0113096
0.0130197
0.0138921
0.0173223
0.0179465
0.0204023
0.0215859
0.0242434
0.026582
0.0311411
-3.44582e-07
-0.00143308
0.00416533
0.00663443
0.00745917
0.00947477
0.00904369
0.0103536
0.00978567
0.0111455
0.0113268
0.012985
0.0139001
0.0172538
0.0179498
0.020358
0.0215864
0.024197
0.0265358
0.0306588
1.7041e-06
-0.00136189
0.00416131
0.00663634
0.00745727
0.00949005
0.00905435
0.0103512
0.0098043
0.0111371
0.0113488
0.0129415
0.0139112
0.0171794
0.0179548
0.0203125
0.021591
0.0241437
0.026475
0.0302072
5.478e-06
-0.00129103
0.00415996
0.00664003
0.00745698
0.00951005
0.00906729
0.0103478
0.00982646
0.0111295
0.0113745
0.0128945
0.0139282
0.0170996
0.0179648
0.020262
0.021601
0.0240814
0.0264006
0.0297853
1.10865e-05
-0.00121956
0.00416167
0.00664459
0.00745843
0.00953295
0.00908229
0.0103432
0.0098513
0.0111243
0.0114029
0.0128474
0.0139503
0.0170152
0.017978
0.0202063
0.0216139
0.0240095
0.0263112
0.0293859
1.84114e-05
-0.00114613
0.0041669
0.00664955
0.00746074
0.00955725
0.00909922
0.0103374
0.00987863
0.0111216
0.0114339
0.0128009
0.013977
0.0169262
0.0179923
0.0201459
0.0216256
0.02393
0.0262046
0.0290047
2.72378e-05
-0.00106924
0.00417621
0.00665457
0.00746257
0.00958184
0.00911802
0.0103303
0.00990854
0.0111213
0.011468
0.0127552
0.0140087
0.0168323
0.018007
0.0200813
0.021633
0.0238456
0.0260798
0.0286392
3.73649e-05
-0.000987631
0.00418997
0.00665943
0.00746287
0.00960595
0.00913867
0.0103217
0.00994101
0.0111232
0.0115056
0.0127107
0.0140461
0.0167338
0.0180218
0.0200136
0.0216337
0.0237572
0.0259367
0.0282872
4.86563e-05
-0.000900654
0.00420814
0.0066641
0.00746122
0.00962909
0.00916123
0.0103116
0.00997587
0.0111271
0.0115466
0.0126688
0.0140895
0.0166318
0.0180361
0.0199439
0.0216252
0.023665
0.0257763
0.027946
6.10282e-05
-0.000808323
0.00423027
0.0066686
0.00745788
0.009651
0.00918583
0.0102999
0.0100129
0.0111325
0.0115911
0.0126309
0.014139
0.0165278
0.0180489
0.0198737
0.0216056
0.0235682
0.0256
0.0276127
7.44262e-05
-0.000711209
0.00425559
0.0066729
0.00745355
0.0096715
0.00921259
0.0102865
0.0100518
0.0111394
0.0116389
0.0125984
0.0141944
0.0164239
0.0180592
0.0198044
0.0215733
0.0234662
0.0254095
0.0272847
8.88119e-05
-0.000610138
0.00428321
0.00667687
0.00744901
0.00969036
0.00924162
0.0102713
0.0100925
0.0111475
0.0116898
0.0125724
0.0142546
0.0163222
0.0180657
0.019737
0.0215278
0.0233578
0.0252067
0.0269599
0.000104168
-0.000505903
0.00431238
0.00668033
0.0074449
0.0097073
0.00927297
0.0102544
0.0101348
0.0111565
0.0117436
0.0125532
0.0143187
0.0162251
0.0180669
0.0196725
0.0214686
0.023242
0.0249936
0.026637
0.0001205
-0.000399079
0.00434261
0.00668311
0.0074416
0.00972199
0.00930663
0.0102356
0.0101786
0.0111664
0.0118002
0.012541
0.0143854
0.0161351
0.0180617
0.0196114
0.0213961
0.0231177
0.0247721
0.026315
0.000137843
-0.000290001
0.0043737
0.00668506
0.00743928
0.00973413
0.0093426
0.0102149
0.0102235
0.0111771
0.0118591
0.0125355
0.0144531
0.016054
0.0180487
0.0195537
0.0213108
0.0229838
0.0245434
0.0259935
0.000156255
-0.000178816
0.00440564
0.00668612
0.00743802
0.00974349
0.00938087
0.0101922
0.0102693
0.0111884
0.0119199
0.0125363
0.0145197
0.015983
0.018027
0.0194988
0.0212137
0.0228397
0.024309
0.0256725
0.000175818
-6.55738e-05
0.00443856
0.00668628
0.00743789
0.00974997
0.00942145
0.0101677
0.0103159
0.0112002
0.0119821
0.0125433
0.0145827
0.0159226
0.0179962
0.0194459
0.0211056
0.0226848
0.0240701
0.0253524
0.000196631
4.97081e-05
0.00447259
0.00668556
0.00743899
0.00975352
0.00946436
0.0101413
0.010363
0.0112125
0.0120445
0.0125562
0.0146397
0.0158726
0.0179555
0.0193939
0.020988
0.0225184
0.0238268
0.0250336
0.000218806
0.000167011
0.00450792
0.00668397
0.00744147
0.00975417
0.00950963
0.0101132
0.0104101
0.0112258
0.0121059
0.0125744
0.0146891
0.015832
0.0179041
0.0193409
0.0208627
0.0223408
0.0235791
0.0247164
0.000242462
0.000286301
0.00454469
0.00668154
0.00744548
0.00975199
0.00955717
0.0100839
0.0104566
0.0112406
0.0121649
0.0125972
0.0147292
0.0157999
0.0178424
0.0192842
0.0207296
0.0221529
0.0233284
0.0244014
0.000267724
0.000407532
0.00458308
0.00667829
0.00745118
0.00974712
0.00960688
0.0100537
0.0105021
0.0112578
0.0122203
0.0126242
0.0147586
0.0157744
0.0177718
0.0192223
0.0205881
0.0219537
0.0230757
0.0240906
0.000294719
0.000530639
0.00462323
0.00667422
0.0074587
0.0097396
0.00965874
0.0100231
0.0105457
0.0112786
0.0122705
0.012655
0.0147773
0.0157527
0.0176929
0.0191546
0.0204413
0.021744
0.0228182
0.0237836
0.00032358
0.000655539
0.0046653
0.00666929
0.00746821
0.0097295
0.00971244
0.00999308
0.010586
0.0113044
0.0123152
0.0126891
0.0147854
0.0157334
0.017606
0.0190772
0.0202896
0.0215286
0.0225583
0.0234775
0.000354443
0.000782124
0.00470945
0.00666348
0.00747979
0.00971707
0.00976743
0.0099647
0.0106222
0.0113356
0.012354
0.0127262
0.0147834
0.0157144
0.017514
0.0189909
0.0201279
0.0213036
0.0223014
0.0231764
0.000387452
0.000910264
0.00475579
0.00665681
0.00749346
0.00970235
0.00982353
0.00993876
0.0106529
0.0113731
0.0123864
0.0127658
0.0147728
0.0156926
0.017415
0.0188982
0.0199626
0.0210654
0.0220404
0.0228828
0.000422765
0.0010398
0.00480443
0.00664924
0.00750946
0.00968534
0.00987997
0.00991693
0.0106771
0.0114166
0.0124138
0.0128056
0.0147558
0.0156674
0.0173098
0.018794
0.0197959
0.0208245
0.021773
0.02259
0.000460548
0.00117055
0.00485557
0.00664071
0.00752764
0.00966694
0.00993533
0.00990025
0.0106949
0.0114654
0.0124365
0.0128452
0.0147337
0.015636
0.0171999
0.0186806
0.0196266
0.0205815
0.0214977
0.0222988
0.000500974
0.00130232
0.00490922
0.00663146
0.00754769
0.00964763
0.00998934
0.00988927
0.0107051
0.0115207
0.0124537
0.0128838
0.0147075
0.0156002
0.0170815
0.0185534
0.0194591
0.0203357
0.021222
0.022008
0.000544251
0.00143491
0.00496554
0.00662136
0.00756992
0.00962781
0.0100406
0.00988567
0.0107077
0.0115799
0.0124692
0.012917
0.0146775
0.0155631
0.0169557
0.018413
0.0192817
0.0200841
0.0209574
0.0217228
0.000590499
0.00156819
0.00502461
0.00661063
0.0075937
0.00960884
0.0100881
0.00988897
0.0107046
0.0116406
0.0124854
0.0129428
0.0146469
0.015519
0.0168252
0.0182704
0.0190952
0.0198195
0.0206738
0.0214494
0.000639949
0.00170187
0.00508641
0.00659983
0.00761853
0.00959095
0.0101324
0.0098978
0.0106957
0.0117032
0.0125024
0.0129584
0.0146187
0.0154703
0.0166871
0.0181098
0.0189166
0.0195572
0.0203697
0.021174
0.000692977
0.00183558
0.00515129
0.00658868
0.00764474
0.00957517
0.0101715
0.0099143
0.0106815
0.0117639
0.012526
0.012961
0.0145897
0.0154206
0.0165432
0.0179389
0.0187331
0.0192956
0.0200286
0.0209014
0.000749491
0.00196957
0.00521874
0.00657818
0.00767018
0.00956363
0.0102044
0.00993854
0.0106618
0.0118229
0.0125536
0.0129605
0.0145474
0.01537
0.0163941
0.0177382
0.0185288
0.0190387
0.0197468
0.0206408
0.000809743
0.0021033
0.0052889
0.00656876
0.00769502
0.00955576
0.0102329
0.0099663
0.010641
0.0118779
0.0125844
0.0129553
0.014494
0.0153186
0.016232
0.0175127
0.0183186
0.0187953
0.0195016
0.0203791
0.000874373
0.00223624
0.00536225
0.00656007
0.00772086
0.00955096
0.0102568
0.00999842
0.010622
0.0119216
0.0126246
0.0129372
0.0144359
0.0152639
0.0160721
0.0172867
0.0181091
0.0185661
0.0191667
0.0201071
0.00094301
0.00236918
0.00543759
0.00655396
0.00774256
0.00955309
0.0102739
0.0100357
0.0106013
0.0119617
0.0126645
0.0129198
0.0143628
0.0151909
0.0159071
0.0170513
0.0178859
0.0183447
0.0189123
0.0198435
0.00101596
0.00250133
0.005515
0.00655102
0.00776157
0.00955941
0.0102882
0.0100729
0.0105851
0.0119935
0.0127028
0.0129024
0.0142783
0.0151028
0.0157309
0.0168048
0.0176492
0.0181156
0.0187303
0.0195979
0.00109409
0.00263205
0.0055951
0.0065506
0.00778161
0.00956678
0.0103024
0.0101083
0.0105769
0.0120084
0.0127472
0.0128737
0.0141893
0.0150342
0.0155727
0.0165573
0.0174
0.0178805
0.0183936
0.0193466
0.00117649
0.00276273
0.00567627
0.00655473
0.00779481
0.00958256
0.0103117
0.0101454
0.0105685
0.0120241
0.0127845
0.0128463
0.0140833
0.0149354
0.015417
0.0163002
0.0171281
0.0176561
0.0181728
0.019106
0.00126379
0.00289248
0.0057583
0.00656409
0.00780345
0.00960154
0.0103217
0.0101805
0.010562
0.0120366
0.0128165
0.0128135
0.0139215
0.014827
0.0152453
0.0160339
0.0168423
0.0174272
0.0180789
0.0189024
0.0013569
0.00302055
0.00584212
0.00657696
0.00781895
0.00961709
0.0103379
0.0102087
0.0105623
0.0120344
0.0128542
0.0127863
0.0138239
0.014705
0.0150935
0.0157728
0.0165396
0.0171387
0.0177328
0.0187156
0.00145456
0.00314861
0.00592547
0.00659598
0.00782548
0.00963687
0.0103542
0.0102372
0.0105605
0.0120263
0.0128805
0.0127696
0.0136913
0.0145682
0.0149483
0.0155005
0.0162177
0.0168264
0.0174606
0.0185538
0.00155783
0.00327594
0.00600842
0.00662092
0.00782861
0.0096578
0.010371
0.0102678
0.0105557
0.012006
0.012899
0.0127573
0.0135069
0.0144339
0.0147904
0.0152334
0.0158895
0.0165097
0.0172917
0.0184137
0.00166715
0.00340211
0.00609152
0.00665066
0.0078606
0.00967448
0.0103904
0.0102973
0.0105516
0.0119709
0.012913
0.0127398
0.0134052
0.0142778
0.014634
0.0150007
0.0155798
0.0162163
0.0170161
0.0182452
0.00178144
0.00352834
0.00617313
0.00668701
0.00786093
0.00968961
0.0104097
0.0103265
0.010546
0.0119289
0.0129101
0.0127303
0.0132664
0.0140893
0.0144882
0.0147876
0.0152788
0.0159254
0.0167535
0.0180521
0.00190165
0.00365433
0.00625396
0.00672728
0.0078715
0.00970331
0.0104263
0.0103556
0.0105431
0.0118733
0.0128981
0.012726
0.0130641
0.0139055
0.0143349
0.0145749
0.0150028
0.015635
0.0164764
0.0178573
0.0020278
0.00378016
0.00633342
0.00677115
0.00788615
0.00971484
0.0104414
0.0103827
0.0105389
0.0118136
0.0128744
0.012718
0.01295
0.0137179
0.0141549
0.0143802
0.0147495
0.0153306
0.0162103
0.0176881
0.00215948
0.00390564
0.00641209
0.00681883
0.00790225
0.00972732
0.0104542
0.0104036
0.0105368
0.0117529
0.0128335
0.0127104
0.0128387
0.0135147
0.0139685
0.0141986
0.0144962
0.0150419
0.0159805
0.0175183
0.00229715
0.00403117
0.00649081
0.00686773
0.00792317
0.00974144
0.0104639
0.0104195
0.0105382
0.0116851
0.0127819
0.0127001
0.012732
0.0133163
0.013776
0.0140063
0.0142617
0.0147957
0.015744
0.0173267
0.0024407
0.0041568
0.00656867
0.00691872
0.00794332
0.00975646
0.0104741
0.0104308
0.0105356
0.0116183
0.0127191
0.0126812
0.012637
0.0131195
0.0135648
0.0138138
0.0140578
0.0145659
0.0155064
0.0171334
0.00259005
0.00428218
0.00664692
0.0069718
0.00796206
0.00977278
0.0104856
0.0104357
0.0105324
0.0115514
0.0126459
0.0126564
0.0125445
0.0129281
0.0133515
0.0136219
0.013859
0.0143441
0.0152826
0.0169487
0.00274536
0.00440816
0.00672494
0.00702598
0.00797959
0.00979014
0.0104995
0.0104372
0.0105248
0.0114838
0.0125635
0.0126222
0.0124606
0.0127473
0.013131
0.0134176
0.0136637
0.0141428
0.0150844
0.0167746
0.00290645
0.0045344
0.00680272
0.00708249
0.00799437
0.00980704
0.0105171
0.0104358
0.010512
0.0114161
0.0124746
0.0125801
0.0123806
0.0125713
0.0129074
0.0132103
0.0134757
0.0139557
0.014904
0.0166116
0.00307326
0.00466133
0.00688033
0.00714137
0.00800568
0.00982163
0.0105387
0.0104344
0.0104955
0.0113473
0.0123799
0.0125274
0.0123004
0.0124058
0.0126897
0.0129976
0.0132866
0.0137785
0.014743
0.0164618
0.00324573
0.00478976
0.00695724
0.00720343
0.00801339
0.00983049
0.0105644
0.010436
0.0104748
0.0112766
0.0122791
0.0124639
0.0122242
0.0122531
0.0124758
0.0127758
0.0130964
0.0136122
0.0145959
0.0163255
0.00342315
0.00491994
0.0070334
0.00726992
0.00801765
0.00982846
0.0105912
0.0104429
0.0104535
0.0112045
0.0121741
0.0123905
0.0121473
0.0121099
0.0122681
0.0125505
0.0129035
0.0134501
0.0144608
0.0162013
0.0036057
0.0050517
0.00710893
0.00734006
0.00802095
0.00981536
0.0106158
0.0104562
0.0104348
0.0111319
0.0120661
0.0123066
0.0120675
0.0119759
0.0120718
0.012325
0.012705
0.0132909
0.0143317
0.0160859
0.00379355
0.00518521
0.00718477
0.00741303
0.00802616
0.00979215
0.0106286
0.0104758
0.0104217
0.0110586
0.0119557
0.0122153
0.0119834
0.0118499
0.0118896
0.0121028
0.012499
0.0131258
0.0142039
0.0159788
0.00398563
0.00532065
0.00726052
0.00749101
0.0080327
0.00975093
0.0106318
0.0105026
0.0104156
0.0109851
0.0118432
0.0121174
0.0118935
0.0117301
0.0117228
0.0118889
0.0122863
0.0129519
0.0140739
0.0158787
0.00418205
0.00545805
0.00733543
0.00757526
0.00803679
0.00969271
0.010627
0.0105377
0.0104186
0.0109115
0.0117268
0.0120123
0.0117976
0.0116138
0.0115697
0.0116874
0.0120704
0.0127683
0.0139385
0.0157805
0.00438303
0.00559664
0.0074088
0.0076644
0.00803995
0.0096254
0.0106145
0.0105772
0.01043
0.0108385
0.0116048
0.0119016
0.0116972
0.0114964
0.0114261
0.0115019
0.0118582
0.0125756
0.0137916
0.0156797
0.00458755
0.00573594
0.00748016
0.00775664
0.00805117
0.00955342
0.0105901
0.0106148
0.0104486
0.0107673
0.0114777
0.011787
0.0115932
0.0113771
0.0112902
0.0113338
0.0116552
0.0123765
0.0136314
0.0155724
0.00479517
0.00587693
0.00754843
0.00784992
0.00807337
0.00948001
0.0105516
0.0106453
0.0104726
0.0107009
0.0113469
0.011669
0.0114879
0.0112566
0.0111575
0.011179
0.0114654
0.0121778
0.01346
0.0154555
0.00500567
0.00601956
0.00761339
0.00794319
0.00810727
0.00940797
0.0104988
0.0106639
0.0104999
0.0106441
0.0112153
0.0115469
0.0113819
0.0111356
0.0110235
0.0110337
0.0112908
0.0119854
0.0132824
0.0153286
0.0052182
0.00616375
0.00767576
0.00803526
0.00815205
0.00933991
0.010433
0.010669
0.0105294
0.0105992
0.0110842
0.011418
0.0112751
0.0110159
0.0108872
0.0108938
0.01113
0.0118035
0.0131053
0.0151956
0.00543204
0.0063099
0.00773604
0.0081242
0.00820641
0.00927924
0.0103579
0.0106594
0.0105563
0.0105652
0.0109557
0.0112827
0.0111666
0.0108993
0.0107506
0.0107557
0.0109804
0.0116348
0.012936
0.0150611
0.00564657
0.00645811
0.00779485
0.00820885
0.00826898
0.00922806
0.0102767
0.0106345
0.0105757
0.0105406
0.010834
0.0111423
0.0110544
0.0107862
0.0106165
0.0106168
0.0108382
0.0114795
0.0127783
0.014929
0.00586102
0.00660835
0.00785317
0.00828862
0.00833787
0.00918711
0.0101926
0.0105952
0.0105842
0.0105231
0.0107223
0.0109989
0.0109374
0.010676
0.0104867
0.0104771
0.0107
0.0113359
0.0126333
0.0148021
0.00607468
0.00676052
0.00791191
0.00836328
0.00841083
0.00915658
0.0101086
0.0105435
0.0105792
0.0105096
0.0106223
0.0108549
0.010816
0.0105661
0.0103616
0.0103387
0.0105645
0.0112015
0.0124996
0.0146814
0.00628691
0.00691447
0.0079718
0.00843483
0.00848576
0.00913603
0.0100273
0.0104818
0.0105598
0.0104961
0.0105342
0.0107123
0.0106876
0.0104547
0.0102416
0.0102043
0.0104309
0.0110724
0.0123744
0.0145672
0.00649705
0.00706997
0.00803365
0.00849939
0.00856071
0.00912465
0.00995009
0.0104129
0.0105263
0.0104784
0.0104565
0.0105741
0.0105554
0.0103412
0.0101254
0.0100746
0.0102991
0.0109463
0.0122556
0.0144581
0.00670456
0.00722669
0.00809802
0.0085587
0.00863383
0.00912146
0.00987825
0.0103395
0.0104799
0.0104531
0.0103878
0.0104428
0.0104205
0.0102246
0.010011
0.00994902
0.0101696
0.0108227
0.0121401
0.0143518
0.00690891
0.00738417
0.00816543
0.00861365
0.00870373
0.00912508
0.00981236
0.0102642
0.0104222
0.0104177
0.0103256
0.0103197
0.0102842
0.0101046
0.00989739
0.00982738
0.0100434
0.0107002
0.012025
0.0142468
0.00710966
0.00754174
0.0082363
0.00866495
0.00876945
0.00913411
0.0097525
0.0101886
0.0103559
0.0103709
0.0102665
0.0102053
0.010148
0.00998135
0.00978343
0.00970892
0.00991935
0.0105779
0.0119102
0.0141422
0.00730646
0.00769886
0.0083106
0.00871335
0.00883027
0.00914713
0.00969852
0.0101142
0.0102835
0.0103125
0.0102067
0.0100996
0.0100141
0.00985437
0.00966802
0.00959224
0.00979715
0.0104564
0.011795
0.0140367
0.00749887
0.00785484
0.00838832
0.00875977
0.00888596
0.00916264
0.00964988
0.0100414
0.0102077
0.0102436
0.010143
0.0100014
0.0098838
0.0097242
0.00954974
0.00947621
0.0096768
0.0103355
0.0116787
0.0139295
0.00768667
0.00800911
0.00846913
0.00880497
0.00893633
0.0091794
0.00960628
0.00997034
0.0101304
0.010166
0.0100728
0.00990807
0.00975833
0.00959206
0.00942724
0.00935915
0.00955726
0.0102148
0.0115614
0.0138204
0.00786943
0.00816105
0.00855276
0.00884964
0.00898159
0.00919609
0.00956708
0.00990076
0.0100529
0.0100826
0.00999444
0.00981682
0.00963833
0.00945969
0.00929994
0.00923911
0.00943729
0.0100941
0.0114429
0.0137086
0.00804697
0.00831006
0.00863853
0.00889436
0.00902221
0.00921165
0.00953181
0.00983252
0.0099749
0.00999591
0.00990771
0.00972413
0.00952283
0.00932844
0.0091687
0.0091149
0.00931529
0.00997194
0.0113225
0.0135937
0.00821906
0.00845568
0.00872581
0.00893938
0.00905872
0.00922528
0.0094997
0.00976596
0.0098954
0.00990755
0.00981477
0.00962692
0.00940932
0.00919905
0.00903511
0.00898591
0.00918937
0.0098468
0.011199
0.0134748
0.00838537
0.00859733
0.0088139
0.00898486
0.00909163
0.00923655
0.00946984
0.00970206
0.00981417
0.0098171
0.00971769
0.00952431
0.00929481
0.00907071
0.00889995
0.0088523
0.00905878
0.00971739
0.011071
0.0133505
0.0085457
0.00873481
0.00890224
0.00903072
0.00912125
0.00924492
0.00944062
0.00964101
0.00973235
0.00972375
0.00961801
0.00941751
0.00917737
0.00894094
0.00876242
0.00871395
0.00892249
0.0095821
0.0109368
0.0132194
0.00869949
0.00886756
0.00899022
0.00907737
0.00914871
0.00925156
0.00941057
0.009581
0.00965029
0.0096266
0.00951619
0.00930803
0.00905707
0.00880877
0.00862181
0.00857033
0.00877945
0.00943986
0.0107954
0.0130801
0.00884646
0.00899533
0.00907705
0.00912389
0.00917342
0.00925679
0.00938104
0.00952255
0.00956874
0.00952444
0.00940819
0.00919473
0.00893334
0.00867299
0.00847631
0.00841996
0.00862839
0.00928921
0.010645
0.012931
0.00898576
0.00911777
0.0091631
0.00917069
0.00919485
0.00925854
0.00934965
0.00946439
0.00949236
0.00942216
0.00929555
0.00907768
0.00880686
0.00853324
0.00832403
0.0082606
0.00846662
0.00912727
0.0104826
0.0127683
0.00911633
0.00923536
0.00924744
0.00921924
0.00921621
0.00925908
0.0093156
0.00939824
0.00941723
0.00932591
0.00918103
0.00895827
0.00867932
0.00839193
0.0081663
0.00809165
0.00829212
0.00895178
0.0103075
0.0125921
0.00924114
0.00933961
0.00932338
0.00926498
0.00923567
0.00925929
0.00928319
0.00932564
0.00932895
0.00922233
0.00906042
0.00883412
0.00854994
0.00825075
0.00800599
0.00791341
0.008102
0.0087567
0.0101101
0.0123935
0.00935351
0.00945531
0.00941253
0.00931922
0.00925742
0.00925787
0.00925352
0.0092585
0.0092528
0.00912889
0.00893894
0.00870211
0.00841377
0.00810639
0.00784526
0.00773246
0.00790239
0.00854276
0.00988788
0.0121683
0.0094563
0.00951831
0.00947848
0.00937231
0.00927588
0.00924666
0.00922033
0.00918506
0.00916405
0.00904117
0.00882745
0.0085684
0.00827095
0.00795564
0.00768102
0.00754946
0.00769849
0.00831695
0.00964191
0.0119039
0.00956054
0.00964849
0.00955402
0.0093977
0.00926368
0.00920116
0.0091707
0.00912277
0.00907476
0.00895317
0.00873555
0.00845944
0.00814203
0.00780977
0.0075189
0.00737026
0.00750281
0.00810116
0.00940655
0.0116516
0.00958555
0.00968543
0.00969607
0.00955071
0.00932361
0.00918429
0.00908441
0.00902927
0.00896181
0.00882716
0.00858835
0.00829829
0.00796874
0.00761847
0.00730187
0.00712522
0.00723508
0.00782721
0.00913354
0.0113809
0.00974849
0.00981194
0.00966905
0.00945268
0.00927071
0.00917111
0.00911839
0.00903628
0.00895685
0.0088355
0.00861326
0.00830135
0.00793409
0.00754614
0.00716646
0.00688628
0.00686271
0.00731223
0.0084897
0.0106282
0.00974259
0.00985556
0.00973525
0.00962425
0.00942561
0.00911706
0.00887423
0.00876999
0.00867604
0.00856242
0.0083532
0.0080862
0.00778987
0.00754052
0.0073731
0.00733526
0.0074736
0.00798687
0.00912877
0.0111688
0.00991622
0.00988986
0.00976881
0.0095367
0.00929434
0.00917844
0.00914839
0.00910702
0.00897703
0.00881153
0.00852287
0.0081008
0.00757217
0.00696082
0.00634205
0.00585709
0.00554312
0.00575433
0.00672555
0.00868101
0.0102042
0.00983624
0.00961374
0.00936042
0.00916717
0.0089163
0.00872945
0.00866588
0.00856275
0.00832749
0.00808792
0.0078996
0.00792096
0.0082356
0.00887812
0.00972656
0.0107491
0.0115387
0.01177
0.0111223
0.0102165
0.00991698
0.00966109
0.0094869
0.00940641
0.00938413
0.00937344
0.00929851
0.00912839
0.00881369
0.00834615
0.00768816
0.00686317
0.00594246
0.00503553
0.00424477
0.00374275
0.00371462
0.00442381
0.00611396
0.0104059
0.00989461
0.00958386
0.00938432
0.00932179
0.00916893
0.00894182
0.00856544
0.00825037
0.00811633
0.00796236
0.00767006
0.00741079
0.00735128
0.00758953
0.00811749
0.00883098
0.00945488
0.0096116
0.00894852
0.0104074
0.0098842
0.00958754
0.00949184
0.00960597
0.00973078
0.0098104
0.00973573
0.00950216
0.00898271
0.00814548
0.00694934
0.00545531
0.00384117
0.00234232
0.00116102
0.000464108
0.000424531
0.001259
0.00316023
0.0345086
0.0185745
0.0123752
0.0127135
0.0137998
0.0146377
0.0153976
0.0161732
0.0169234
0.0176308
0.0183878
0.0192728
0.0202676
0.021214
0.0220983
0.0230817
0.0241795
0.0252542
0.0262945
0.0274119
0.0285631
0.0296996
0.0309277
0.0324295
0.0337862
0.0348763
0.0362464
0.0378461
0.0394099
0.0410514
0.0427012
0.0443008
0.0459978
0.0478018
0.0496409
0.0514887
0.0535279
0.0556288
0.0578023
0.0600297
0.0623308
0.0647675
0.0672127
0.0698441
0.0724202
0.0751565
0.0779055
0.0806226
0.0835924
0.0862483
0.0340632
0.0186264
0.0124182
0.012733
0.0138102
0.014644
0.0154022
0.0161769
0.0169264
0.0176333
0.0183897
0.0192743
0.0202688
0.021215
0.0220992
0.0230825
0.0241802
0.0252549
0.0262952
0.0274125
0.0285637
0.0297001
0.0309282
0.0324299
0.0337867
0.0348767
0.0362468
0.0378464
0.0394102
0.0410517
0.0427015
0.044301
0.045998
0.047802
0.0496411
0.0514889
0.0535281
0.055629
0.0578025
0.0600298
0.0623309
0.0647676
0.0672128
0.0698442
0.0724203
0.0751566
0.0779056
0.0806226
0.0835924
0.0862484
0.033644
0.0187289
0.0124867
0.0127555
0.013822
0.0146509
0.0154067
0.0161803
0.0169293
0.0176356
0.0183915
0.0192757
0.02027
0.021216
0.0221
0.0230832
0.0241808
0.0252555
0.0262957
0.027413
0.0285643
0.0297006
0.0309287
0.0324303
0.0337871
0.0348771
0.0362471
0.0378468
0.0394105
0.041052
0.0427017
0.0443012
0.0459982
0.0478021
0.0496413
0.051489
0.0535282
0.0556291
0.0578026
0.0600299
0.062331
0.0647677
0.0672129
0.0698443
0.0724204
0.0751567
0.0779057
0.0806227
0.0835924
0.0862485
0.0332659
0.0188697
0.0125845
0.0127857
0.0138384
0.0146608
0.0154124
0.0161842
0.0169324
0.0176382
0.0183937
0.0192774
0.0202714
0.0212171
0.0221008
0.0230839
0.0241815
0.0252561
0.0262963
0.0274135
0.0285648
0.0297011
0.0309291
0.0324308
0.0337876
0.0348774
0.0362474
0.0378471
0.0394108
0.0410523
0.042702
0.0443015
0.0459984
0.0478023
0.0496415
0.0514892
0.0535284
0.0556292
0.0578027
0.06003
0.0623311
0.0647678
0.067213
0.0698444
0.0724204
0.0751567
0.0779057
0.0806228
0.0835925
0.0862487
0.032888
0.0190259
0.0127027
0.0128233
0.0138608
0.0146753
0.0154204
0.0161892
0.0169362
0.0176415
0.0183965
0.0192797
0.0202732
0.0212185
0.0221019
0.0230847
0.0241822
0.0252567
0.0262968
0.027414
0.0285653
0.0297016
0.0309295
0.0324312
0.0337881
0.0348778
0.0362477
0.0378474
0.0394111
0.0410525
0.0427022
0.0443017
0.0459986
0.0478025
0.0496417
0.0514893
0.0535285
0.0556294
0.0578028
0.0600302
0.0623312
0.0647679
0.0672131
0.0698445
0.0724205
0.0751568
0.0779058
0.0806228
0.0835925
0.0862489
0.0324934
0.0191866
0.0128323
0.012865
0.0138877
0.0146943
0.0154313
0.0161957
0.0169411
0.0176458
0.0184003
0.0192828
0.0202756
0.0212204
0.0221033
0.0230858
0.0241831
0.0252574
0.0262974
0.0274145
0.0285657
0.0297021
0.03093
0.0324317
0.0337887
0.0348781
0.0362479
0.0378478
0.0394114
0.0410528
0.0427025
0.044302
0.0459988
0.0478027
0.0496418
0.0514895
0.0535287
0.0556295
0.057803
0.0600303
0.0623313
0.064768
0.0672132
0.0698446
0.0724206
0.0751569
0.0779059
0.0806229
0.0835926
0.0862492
0.0320837
0.0193487
0.0129686
0.0129084
0.0139168
0.0147166
0.0154448
0.0162039
0.0169472
0.0176512
0.0184052
0.0192869
0.0202787
0.0212228
0.0221051
0.0230872
0.0241841
0.0252582
0.026298
0.027415
0.0285661
0.0297026
0.0309304
0.0324323
0.0337894
0.0348785
0.0362482
0.0378481
0.0394118
0.0410532
0.0427029
0.0443022
0.045999
0.0478029
0.0496421
0.0514897
0.0535288
0.0556297
0.0578031
0.0600304
0.0623315
0.0647681
0.0672133
0.0698447
0.0724207
0.075157
0.077906
0.080623
0.0835927
0.0862496
0.0316648
0.0195113
0.0131104
0.0129523
0.0139467
0.0147406
0.0154601
0.0162135
0.0169544
0.0176578
0.0184113
0.0192919
0.0202826
0.0212258
0.0221075
0.023089
0.0241854
0.0252592
0.0262988
0.0274155
0.0285665
0.0297029
0.0309308
0.0324329
0.0337901
0.0348789
0.0362485
0.0378485
0.0394121
0.0410535
0.0427032
0.0443026
0.0459993
0.0478032
0.0496423
0.0514899
0.053529
0.0556298
0.0578033
0.0600306
0.0623316
0.0647682
0.0672134
0.0698448
0.0724208
0.0751571
0.0779061
0.0806231
0.0835928
0.0862501
0.0312401
0.0196728
0.0132576
0.0129965
0.0139767
0.0147657
0.0154767
0.0162243
0.0169626
0.0176653
0.0184183
0.0192977
0.020287
0.0212293
0.0221105
0.0230913
0.0241868
0.0252603
0.0262997
0.0274162
0.0285669
0.0297032
0.0309311
0.0324334
0.033791
0.0348795
0.0362489
0.0378489
0.0394125
0.0410539
0.0427036
0.0443029
0.0459996
0.0478035
0.0496426
0.0514901
0.0535292
0.05563
0.0578035
0.0600307
0.0623317
0.0647684
0.0672136
0.0698449
0.0724209
0.0751572
0.0779062
0.0806232
0.0835929
0.0862507
0.0308119
0.0198321
0.0134107
0.0130415
0.0140066
0.0147914
0.015494
0.0162358
0.0169716
0.0176736
0.018426
0.0193042
0.0202918
0.0212332
0.022114
0.023094
0.0241886
0.0252615
0.0263008
0.0274171
0.0285675
0.0297035
0.0309312
0.0324338
0.0337918
0.0348801
0.0362494
0.0378493
0.0394128
0.0410542
0.042704
0.0443033
0.046
0.0478038
0.0496429
0.0514903
0.0535294
0.0556302
0.0578036
0.0600309
0.0623319
0.0647685
0.0672137
0.069845
0.0724211
0.0751574
0.0779063
0.0806234
0.0835931
0.0862514
0.0303819
0.0199888
0.0135703
0.0130877
0.0140363
0.0148175
0.0155119
0.0162479
0.0169812
0.0176825
0.0184344
0.0193111
0.0202969
0.0212373
0.0221178
0.0230972
0.0241906
0.0252629
0.0263021
0.0274183
0.0285684
0.029704
0.0309312
0.0324339
0.0337926
0.0348809
0.03625
0.0378499
0.0394131
0.0410545
0.0427044
0.0443038
0.0460004
0.0478042
0.0496433
0.0514907
0.0535297
0.0556305
0.0578038
0.0600311
0.062332
0.0647687
0.0672139
0.0698452
0.0724212
0.0751575
0.0779065
0.0806237
0.0835934
0.0862522
0.0299518
0.0201422
0.0137367
0.0131354
0.0140656
0.0148441
0.0155304
0.0162605
0.0169911
0.0176918
0.0184432
0.0193185
0.0203022
0.0212414
0.0221218
0.0231007
0.0241928
0.0252643
0.0263034
0.0274196
0.0285695
0.0297048
0.030931
0.0324336
0.0337932
0.0348817
0.0362509
0.0378505
0.0394134
0.0410547
0.0427048
0.0443042
0.0460008
0.0478047
0.0496437
0.0514911
0.05353
0.0556308
0.0578041
0.0600313
0.0623322
0.0647689
0.067214
0.0698454
0.0724214
0.0751577
0.0779067
0.0806239
0.0835938
0.0862531
0.0295233
0.0202916
0.01391
0.0131849
0.0140945
0.0148711
0.0155496
0.0162735
0.0170014
0.0177014
0.0184523
0.0193261
0.0203077
0.0212457
0.0221259
0.0231044
0.0241952
0.0252658
0.0263047
0.0274209
0.0285709
0.0297059
0.0309309
0.0324329
0.0337934
0.0348824
0.036252
0.0378515
0.0394137
0.0410549
0.042705
0.0443046
0.0460012
0.0478051
0.0496442
0.0514915
0.0535305
0.0556312
0.0578044
0.0600315
0.0623324
0.064769
0.0672142
0.0698455
0.0724216
0.0751579
0.0779069
0.0806243
0.0835942
0.0862542
0.0290975
0.0204363
0.01409
0.0132369
0.0141229
0.0148984
0.0155693
0.0162869
0.017012
0.0177113
0.0184618
0.019334
0.0203133
0.0212501
0.0221302
0.0231084
0.0241978
0.0252673
0.026306
0.0274223
0.0285724
0.0297073
0.0309308
0.0324317
0.0337931
0.0348829
0.0362532
0.0378527
0.0394142
0.0410549
0.0427052
0.0443049
0.0460016
0.0478056
0.0496447
0.0514921
0.053531
0.0556316
0.0578047
0.0600318
0.0623327
0.0647692
0.0672144
0.0698457
0.0724218
0.0751582
0.0779072
0.0806248
0.0835948
0.0862554
0.0286751
0.0205754
0.0142767
0.0132917
0.0141508
0.0149259
0.0155897
0.0163008
0.0170229
0.0177215
0.0184714
0.0193422
0.0203191
0.0212546
0.0221345
0.0231124
0.0242005
0.025269
0.0263073
0.0274236
0.028574
0.0297089
0.0309309
0.03243
0.0337921
0.034883
0.0362545
0.0378541
0.0394149
0.041055
0.0427052
0.0443051
0.046002
0.047806
0.0496452
0.0514927
0.0535316
0.0556322
0.0578052
0.0600322
0.0623329
0.0647695
0.0672146
0.0698459
0.072422
0.0751585
0.0779075
0.0806253
0.0835955
0.0862567
0.0282568
0.0207081
0.0144702
0.01335
0.014178
0.0149535
0.0156106
0.0163152
0.0170341
0.0177319
0.0184813
0.0193505
0.0203252
0.0212592
0.0221391
0.0231166
0.0242033
0.0252707
0.0263087
0.0274249
0.0285755
0.0297105
0.030931
0.0324276
0.0337905
0.0348827
0.0362556
0.0378559
0.0394157
0.0410551
0.0427051
0.0443052
0.0460022
0.0478064
0.0496457
0.0514933
0.0535323
0.0556328
0.0578057
0.0600326
0.0623333
0.0647697
0.0672148
0.0698462
0.0724223
0.0751588
0.0779079
0.0806259
0.0835963
0.0862583
0.0278429
0.0208337
0.0146703
0.0134125
0.0142045
0.0149811
0.0156323
0.0163301
0.0170456
0.0177425
0.0184915
0.0193592
0.0203316
0.0212641
0.0221438
0.0231208
0.0242061
0.0252725
0.0263101
0.0274261
0.028577
0.0297119
0.030931
0.0324247
0.033788
0.0348819
0.0362566
0.0378577
0.0394167
0.0410551
0.0427048
0.0443051
0.0460024
0.0478067
0.0496462
0.051494
0.0535331
0.0556336
0.0578063
0.0600331
0.0623337
0.06477
0.067215
0.0698464
0.0724225
0.0751591
0.0779083
0.0806267
0.0835974
0.08626
0.0274337
0.0209513
0.014877
0.0134799
0.0142305
0.0150086
0.0156545
0.0163455
0.0170575
0.0177534
0.0185019
0.0193681
0.0203383
0.0212693
0.0221488
0.023125
0.0242089
0.0252743
0.0263116
0.0274274
0.0285785
0.0297133
0.030931
0.0324212
0.0337846
0.0348807
0.0362574
0.0378597
0.0394179
0.0410553
0.0427044
0.0443049
0.0460026
0.047807
0.0496466
0.0514946
0.053534
0.0556344
0.057807
0.0600336
0.0623341
0.0647704
0.0672153
0.0698466
0.0724228
0.0751595
0.0779087
0.0806275
0.0835986
0.0862618
0.0270292
0.02106
0.01509
0.0135531
0.0142559
0.0150358
0.0156772
0.0163615
0.0170697
0.0177645
0.0185126
0.0193772
0.0203453
0.0212748
0.0221542
0.0231293
0.0242118
0.0252763
0.0263131
0.0274287
0.0285799
0.0297147
0.0309309
0.0324174
0.0337803
0.0348793
0.0362579
0.0378616
0.039419
0.0410554
0.042704
0.0443046
0.0460026
0.0478072
0.0496469
0.0514951
0.0535348
0.0556354
0.0578078
0.0600343
0.0623347
0.0647708
0.0672156
0.0698468
0.072423
0.0751599
0.0779092
0.0806285
0.0835999
0.0862639
0.0266298
0.021159
0.015309
0.0136328
0.0142811
0.0150626
0.0157004
0.016378
0.0170825
0.0177758
0.0185235
0.0193867
0.0203526
0.0212806
0.02216
0.0231337
0.0242146
0.0252783
0.0263147
0.0274301
0.0285813
0.029716
0.0309309
0.0324135
0.0337751
0.0348777
0.0362583
0.0378635
0.0394202
0.0410556
0.0427034
0.0443042
0.0460027
0.0478075
0.0496472
0.0514956
0.0535356
0.0556364
0.0578087
0.060035
0.0623353
0.0647713
0.067216
0.0698471
0.0724233
0.0751603
0.0779097
0.0806296
0.0836015
0.0862661
0.0262361
0.0212474
0.0155336
0.01372
0.0143061
0.0150886
0.015724
0.0163951
0.0170958
0.0177876
0.0185346
0.0193965
0.0203601
0.0212868
0.0221661
0.0231381
0.0242175
0.0252804
0.0263163
0.0274315
0.0285828
0.0297175
0.0309309
0.0324097
0.0337693
0.0348763
0.0362587
0.0378653
0.0394214
0.0410558
0.0427028
0.0443039
0.0460028
0.0478078
0.0496475
0.0514961
0.0535364
0.0556374
0.0578096
0.0600358
0.0623359
0.0647718
0.0672163
0.0698474
0.0724235
0.0751607
0.0779103
0.0806307
0.0836032
0.0862684
0.0258485
0.0213244
0.0157631
0.0138154
0.0143312
0.0151136
0.0157478
0.0164128
0.0171097
0.0177997
0.0185461
0.0194066
0.0203679
0.0212934
0.0221725
0.0231426
0.0242204
0.0252827
0.0263179
0.0274329
0.0285842
0.0297192
0.0309314
0.0324062
0.0337632
0.0348752
0.0362593
0.037867
0.0394226
0.0410559
0.0427022
0.0443035
0.046003
0.0478081
0.0496479
0.0514966
0.0535372
0.0556384
0.0578105
0.0600366
0.0623367
0.0647724
0.0672168
0.0698476
0.0724238
0.0751611
0.0779109
0.0806319
0.0836051
0.086271
0.0254675
0.021389
0.0159968
0.0139198
0.0143568
0.0151374
0.0157718
0.0164312
0.0171242
0.0178122
0.0185579
0.0194171
0.020376
0.0213003
0.0221792
0.0231473
0.0242234
0.025285
0.0263195
0.0274345
0.0285857
0.0297211
0.0309322
0.0324031
0.0337572
0.0348748
0.0362601
0.0378687
0.0394236
0.041056
0.0427016
0.0443032
0.0460034
0.0478085
0.0496484
0.0514972
0.053538
0.0556393
0.0578115
0.0600374
0.0623374
0.064773
0.0672172
0.0698479
0.0724241
0.0751616
0.0779115
0.0806332
0.0836071
0.0862736
0.0250946
0.0214408
0.0162336
0.0140338
0.0143833
0.0151597
0.0157957
0.0164503
0.0171393
0.0178252
0.0185702
0.019428
0.0203843
0.0213075
0.0221862
0.0231522
0.0242266
0.0252874
0.0263212
0.0274362
0.0285873
0.0297232
0.0309337
0.0324006
0.0337516
0.0348751
0.0362615
0.0378703
0.0394246
0.041056
0.0427009
0.044303
0.0460039
0.0478089
0.0496489
0.0514979
0.0535388
0.0556402
0.0578124
0.0600383
0.0623382
0.0647736
0.0672177
0.0698483
0.0724244
0.075162
0.0779121
0.0806345
0.0836092
0.0862764
0.0247298
0.0214794
0.0164724
0.0141579
0.0144113
0.0151802
0.0158193
0.0164702
0.0171551
0.0178387
0.0185829
0.0194392
0.0203929
0.0213151
0.0221934
0.0231574
0.0242301
0.0252899
0.026323
0.027438
0.028589
0.0297256
0.0309358
0.0323987
0.0337466
0.0348763
0.0362634
0.0378718
0.0394255
0.0410558
0.0427002
0.0443029
0.0460045
0.0478094
0.0496495
0.0514989
0.0535397
0.0556411
0.0578133
0.0600391
0.062339
0.0647743
0.0672183
0.0698486
0.0724247
0.0751625
0.0779128
0.0806359
0.0836114
0.0862793
0.0243734
0.0215042
0.0167118
0.0142927
0.0144414
0.0151989
0.0158424
0.0164908
0.0171716
0.0178528
0.0185962
0.0194509
0.0204019
0.0213229
0.0222007
0.023163
0.0242339
0.0252924
0.026325
0.02744
0.0285909
0.0297283
0.0309386
0.0323971
0.0337423
0.0348784
0.036266
0.0378731
0.0394264
0.0410556
0.0426994
0.044303
0.0460054
0.0478099
0.0496503
0.0515001
0.0535408
0.0556419
0.0578142
0.06004
0.0623398
0.064775
0.0672188
0.069849
0.072425
0.075163
0.0779135
0.0806373
0.0836137
0.0862823
0.0240286
0.0215153
0.0169502
0.014438
0.0144744
0.0152158
0.0158648
0.0165121
0.0171888
0.0178675
0.01861
0.0194629
0.0204113
0.0213311
0.0222082
0.0231689
0.0242379
0.0252951
0.0263271
0.0274422
0.0285929
0.029731
0.0309418
0.032396
0.0337388
0.0348814
0.0362692
0.0378744
0.0394271
0.0410552
0.0426986
0.0443031
0.0460064
0.0478105
0.0496511
0.0515015
0.053542
0.0556426
0.057815
0.0600408
0.0623406
0.0647757
0.0672194
0.0698493
0.0724254
0.0751635
0.0779142
0.0806388
0.0836161
0.0862854
0.0236958
0.0215138
0.0171861
0.014594
0.0145112
0.0152307
0.015886
0.016534
0.0172069
0.0178828
0.0186244
0.0194754
0.0204211
0.0213396
0.0222159
0.0231752
0.0242423
0.0252978
0.0263293
0.0274445
0.028595
0.029734
0.0309456
0.0323951
0.033736
0.0348852
0.0362729
0.0378755
0.0394278
0.0410548
0.0426977
0.0443034
0.0460076
0.047811
0.049652
0.0515032
0.0535433
0.0556434
0.0578158
0.0600417
0.0623415
0.0647765
0.06722
0.0698497
0.0724257
0.0751641
0.077915
0.0806404
0.0836186
0.0862886
0.0233741
0.0214995
0.017418
0.0147604
0.0145534
0.0152443
0.0159057
0.0165561
0.0172257
0.0178988
0.0186392
0.0194883
0.0204313
0.0213484
0.0222238
0.0231817
0.0242469
0.0253006
0.0263317
0.027447
0.0285973
0.029737
0.0309496
0.0323943
0.0337338
0.0348896
0.0362772
0.0378766
0.0394284
0.0410543
0.0426967
0.0443037
0.0460089
0.0478116
0.0496529
0.0515051
0.0535448
0.0556442
0.0578166
0.0600426
0.0623424
0.0647772
0.0672206
0.0698502
0.0724261
0.0751647
0.0779159
0.080642
0.0836213
0.0862919
0.0230668
0.0214744
0.0176437
0.0149355
0.0146013
0.0152566
0.0159238
0.0165786
0.0172455
0.0179155
0.0186545
0.0195015
0.020442
0.0213576
0.0222319
0.0231886
0.0242518
0.0253035
0.0263342
0.0274496
0.0285997
0.0297401
0.0309538
0.0323937
0.0337319
0.0348945
0.0362819
0.0378776
0.039429
0.0410538
0.0426958
0.0443042
0.0460103
0.0478122
0.0496539
0.0515071
0.0535464
0.055645
0.0578174
0.0600435
0.0623433
0.064778
0.0672212
0.0698506
0.0724265
0.0751653
0.0779168
0.0806436
0.083624
0.0862953
0.0227732
0.0214382
0.0178614
0.0151189
0.0146565
0.0152678
0.0159394
0.0166007
0.0172662
0.0179331
0.0186704
0.0195152
0.0204532
0.0213672
0.0222402
0.0231957
0.024257
0.0253066
0.0263369
0.0274523
0.0286021
0.0297433
0.0309582
0.0323931
0.0337304
0.0348997
0.0362869
0.0378785
0.0394296
0.0410533
0.0426947
0.0443047
0.0460118
0.0478128
0.049655
0.0515092
0.0535481
0.0556459
0.0578183
0.0600445
0.0623443
0.0647789
0.0672219
0.0698511
0.072427
0.075166
0.0779177
0.0806454
0.0836268
0.0862988
0.0224966
0.0213923
0.018069
0.0153094
0.0147204
0.0152795
0.015953
0.0166221
0.0172874
0.0179512
0.0186867
0.0195295
0.0204649
0.0213772
0.0222488
0.023203
0.0242623
0.0253098
0.0263397
0.0274551
0.0286047
0.0297465
0.0309626
0.0323926
0.033729
0.0349052
0.0362921
0.0378794
0.0394302
0.0410528
0.0426937
0.0443053
0.0460134
0.0478135
0.0496562
0.0515115
0.0535499
0.0556468
0.0578192
0.0600455
0.0623453
0.0647797
0.0672226
0.0698516
0.0724274
0.0751667
0.0779187
0.0806472
0.0836297
0.0863025
0.022243
0.021343
0.0182662
0.0155046
0.0147923
0.0152911
0.0159639
0.016643
0.0173096
0.0179703
0.0187035
0.019544
0.0204769
0.0213875
0.0222576
0.0232105
0.0242678
0.0253131
0.0263425
0.027458
0.0286073
0.0297499
0.0309671
0.0323921
0.0337278
0.0349108
0.0362975
0.0378804
0.0394308
0.0410524
0.0426926
0.0443059
0.046015
0.0478143
0.0496574
0.0515138
0.0535518
0.0556477
0.0578201
0.0600465
0.0623464
0.0647806
0.0672233
0.0698521
0.0724279
0.0751674
0.0779198
0.080649
0.0836327
0.0863062
0.0220029
0.0212868
0.0184525
0.015706
0.0148752
0.0153044
0.0159723
0.0166626
0.0173327
0.0179905
0.018721
0.0195591
0.0204894
0.0213982
0.0222668
0.0232183
0.0242735
0.0253167
0.0263456
0.0274609
0.02861
0.0297533
0.0309716
0.0323916
0.0337266
0.0349164
0.0363029
0.0378814
0.0394315
0.0410519
0.0426915
0.0443066
0.0460166
0.047815
0.0496586
0.0515162
0.0535537
0.0556487
0.0578211
0.0600476
0.0623475
0.0647815
0.067224
0.0698526
0.0724284
0.0751682
0.0779209
0.0806509
0.0836359
0.0863101
0.0217758
0.021225
0.0186232
0.0159086
0.0149684
0.0153206
0.0159783
0.0166802
0.0173558
0.0180116
0.0187392
0.0195749
0.0205027
0.0214094
0.0222763
0.0232264
0.0242794
0.0253204
0.0263487
0.027464
0.0286128
0.0297568
0.0309761
0.0323912
0.0337255
0.0349221
0.0363085
0.0378825
0.0394322
0.0410515
0.0426904
0.0443073
0.0460182
0.0478159
0.0496599
0.0515186
0.0535557
0.0556497
0.0578221
0.0600487
0.0623486
0.0647825
0.0672247
0.0698532
0.072429
0.075169
0.0779221
0.0806529
0.0836391
0.0863141
0.0215676
0.0211645
0.0187788
0.0161094
0.0150692
0.0153383
0.0159814
0.0166958
0.0173794
0.0180335
0.0187578
0.0195907
0.020516
0.0214208
0.022286
0.0232347
0.0242855
0.0253242
0.026352
0.0274672
0.0286157
0.0297604
0.0309806
0.0323908
0.0337244
0.0349278
0.0363141
0.0378836
0.0394329
0.0410511
0.0426894
0.044308
0.0460199
0.0478167
0.0496613
0.0515211
0.0535578
0.0556508
0.0578232
0.0600498
0.0623498
0.0647835
0.0672255
0.0698538
0.0724295
0.0751698
0.0779233
0.080655
0.0836425
0.0863182
0.0213628
0.0211015
0.0189243
0.0163133
0.0151831
0.0153622
0.0159833
0.0167093
0.0174031
0.0180567
0.0187775
0.0196075
0.0205301
0.0214328
0.0222962
0.0232432
0.0242918
0.0253283
0.0263555
0.0274705
0.0286187
0.0297641
0.0309851
0.0323905
0.0337233
0.0349335
0.0363198
0.0378848
0.0394337
0.0410507
0.0426884
0.0443087
0.0460216
0.0478176
0.0496627
0.0515237
0.0535599
0.0556519
0.0578243
0.060051
0.062351
0.0647845
0.0672263
0.0698544
0.0724301
0.0751707
0.0779247
0.0806571
0.0836461
0.0863225
0.0211697
0.0210402
0.0190542
0.016512
0.0153054
0.0153917
0.0159839
0.0167197
0.017426
0.018081
0.0187984
0.019625
0.0205449
0.0214454
0.0223068
0.0232522
0.0242984
0.0253326
0.0263591
0.0274739
0.0286218
0.0297679
0.0309896
0.0323902
0.0337223
0.0349392
0.0363255
0.0378862
0.0394345
0.0410503
0.0426873
0.0443095
0.0460233
0.0478186
0.0496642
0.0515264
0.053562
0.0556531
0.0578254
0.0600522
0.0623522
0.0647855
0.0672271
0.069855
0.0724307
0.0751716
0.0779261
0.0806593
0.0836497
0.0863269
0.0209985
0.0209852
0.0191671
0.0167006
0.0154306
0.0154251
0.0159826
0.016727
0.017448
0.0181057
0.0188194
0.0196424
0.0205596
0.0214579
0.0223174
0.0232612
0.0243051
0.025337
0.0263628
0.0274774
0.0286249
0.0297717
0.030994
0.0323899
0.0337212
0.0349449
0.0363312
0.0378876
0.0394353
0.04105
0.0426864
0.0443103
0.0460251
0.0478196
0.0496658
0.0515291
0.0535643
0.0556543
0.0578266
0.0600535
0.0623535
0.0647866
0.067228
0.0698557
0.0724314
0.0751726
0.0779276
0.0806615
0.0836535
0.0863315
0.0208316
0.020931
0.0192734
0.01689
0.0155686
0.0154703
0.0159836
0.0167318
0.0174687
0.0181313
0.0188421
0.0196613
0.0205754
0.0214714
0.0223287
0.0232706
0.0243122
0.0253417
0.0263667
0.0274811
0.0286282
0.0297756
0.0309986
0.0323897
0.0337203
0.0349505
0.036337
0.0378892
0.0394362
0.0410497
0.0426854
0.0443111
0.0460268
0.0478206
0.0496674
0.0515318
0.0535666
0.0556556
0.0578279
0.0600548
0.0623549
0.0647878
0.0672289
0.0698564
0.0724321
0.0751736
0.0779291
0.0806639
0.0836574
0.0863363
0.020677
0.0208834
0.0193676
0.0170683
0.0157084
0.0155225
0.0159854
0.0167336
0.0174878
0.018158
0.0188663
0.019681
0.0205919
0.0214854
0.0223404
0.0232805
0.0243196
0.0253466
0.0263708
0.0274849
0.0286316
0.0297796
0.0310031
0.0323896
0.0337194
0.0349562
0.0363428
0.0378908
0.0394372
0.0410494
0.0426845
0.044312
0.0460287
0.0478217
0.0496691
0.0515347
0.053569
0.055657
0.0578292
0.0600562
0.0623563
0.064789
0.0672298
0.0698571
0.0724328
0.0751747
0.0779308
0.0806663
0.0836614
0.0863412
0.0205453
0.0208406
0.0194455
0.0172299
0.0158448
0.0155794
0.0159876
0.0167318
0.017504
0.0181839
0.0188904
0.0197007
0.0206083
0.0214992
0.0223521
0.0232904
0.024327
0.0253517
0.026375
0.0274888
0.0286351
0.0297836
0.0310076
0.0323894
0.0337185
0.0349618
0.0363486
0.0378926
0.0394382
0.0410492
0.0426837
0.0443128
0.0460305
0.0478229
0.0496708
0.0515376
0.0535715
0.0556584
0.0578305
0.0600576
0.0623578
0.0647902
0.0672308
0.0698579
0.0724336
0.0751758
0.0779326
0.0806688
0.0836656
0.0863462
0.0204405
0.0208016
0.01952
0.0173907
0.0159912
0.0156512
0.0159963
0.0167288
0.0175176
0.0182096
0.0189163
0.0197223
0.0206261
0.0215142
0.0223646
0.0233008
0.0243348
0.025357
0.0263794
0.0274928
0.0286387
0.0297877
0.0310121
0.0323894
0.0337177
0.0349674
0.0363544
0.0378945
0.0394393
0.041049
0.0426829
0.0443138
0.0460324
0.0478241
0.0496726
0.0515406
0.053574
0.0556598
0.057832
0.0600591
0.0623593
0.0647915
0.0672318
0.0698587
0.0724344
0.075177
0.0779344
0.0806714
0.0836699
0.0863515
0.020367
0.0207787
0.0195907
0.0175392
0.0161326
0.015728
0.0160082
0.016724
0.0175291
0.0182356
0.0189435
0.0197451
0.0206447
0.0215296
0.0223774
0.0233116
0.024343
0.0253626
0.0263841
0.0274971
0.0286424
0.029792
0.0310167
0.0323895
0.033717
0.034973
0.0363603
0.0378964
0.0394405
0.0410488
0.0426821
0.0443147
0.0460343
0.0478253
0.0496745
0.0515437
0.0535766
0.0556614
0.0578334
0.0600606
0.0623608
0.0647928
0.0672329
0.0698595
0.0724353
0.0751782
0.0779364
0.080674
0.0836744
0.0863569
0.0203021
0.0207575
0.0196489
0.0176707
0.0162668
0.0158092
0.0160246
0.016718
0.017537
0.0182591
0.0189701
0.0197683
0.0206637
0.0215451
0.0223903
0.0233225
0.0243514
0.0253684
0.0263888
0.0275013
0.0286462
0.0297963
0.0310212
0.0323896
0.0337164
0.0349786
0.0363661
0.0378985
0.0394417
0.0410488
0.0426814
0.0443157
0.0460363
0.0478267
0.0496765
0.0515468
0.0535794
0.055663
0.057835
0.0600622
0.0623625
0.0647942
0.067234
0.0698604
0.0724362
0.0751795
0.0779385
0.0806767
0.083679
0.0863625
0.0202323
0.020732
0.0197025
0.0177982
0.0164027
0.0158999
0.0160486
0.0167123
0.0175418
0.0182807
0.0189973
0.0197929
0.0206842
0.0215618
0.0224038
0.0233338
0.02436
0.0253744
0.0263938
0.0275058
0.0286501
0.0298007
0.0310258
0.0323898
0.0337159
0.0349841
0.036372
0.0379007
0.039443
0.0410487
0.0426808
0.0443168
0.0460383
0.0478281
0.0496785
0.0515501
0.0535821
0.0556646
0.0578366
0.0600638
0.0623641
0.0647956
0.0672351
0.0698613
0.0724372
0.0751808
0.0779407
0.0806796
0.0836838
0.0863683
0.0201629
0.0207199
0.0197608
0.0179192
0.016531
0.0159911
0.0160773
0.0167074
0.0175451
0.0183014
0.0190247
0.0198187
0.020706
0.0215792
0.0224176
0.0233452
0.0243689
0.0253808
0.0263991
0.0275105
0.0286542
0.0298052
0.0310304
0.0323901
0.0337154
0.0349897
0.0363779
0.037903
0.0394443
0.0410488
0.0426802
0.0443179
0.0460404
0.0478295
0.0496807
0.0515534
0.053585
0.0556664
0.0578383
0.0600655
0.0623659
0.0647971
0.0672363
0.0698623
0.0724382
0.0751822
0.077943
0.0806825
0.0836887
0.0863743
0.0201053
0.0207137
0.0198134
0.0180275
0.0166507
0.0160845
0.0161136
0.0167055
0.0175465
0.0183194
0.0190509
0.0198449
0.0207287
0.0215973
0.0224319
0.0233571
0.0243783
0.0253875
0.0264046
0.0275152
0.0286582
0.0298097
0.031035
0.0323905
0.0337151
0.0349952
0.0363838
0.0379054
0.0394457
0.0410489
0.0426797
0.044319
0.0460425
0.047831
0.0496829
0.0515567
0.053588
0.0556682
0.05784
0.0600673
0.0623677
0.0647986
0.0672376
0.0698633
0.0724393
0.0751837
0.0779455
0.0806855
0.0836937
0.0863805
0.0200472
0.0207014
0.0198598
0.0181311
0.0167674
0.0161806
0.0161563
0.0167052
0.0175454
0.0183351
0.019076
0.0198714
0.0207528
0.0216168
0.0224469
0.0233693
0.0243877
0.0253941
0.0264101
0.0275202
0.0286625
0.0298144
0.0310397
0.032391
0.0337149
0.0350007
0.0363897
0.037908
0.0394473
0.0410491
0.0426793
0.0443202
0.0460447
0.0478326
0.0496852
0.0515602
0.053591
0.0556701
0.0578419
0.0600691
0.0623695
0.0648002
0.0672389
0.0698644
0.0724405
0.0751853
0.077948
0.0806886
0.0836989
0.086387
0.0199727
0.0206883
0.0199085
0.0182321
0.0168776
0.0162742
0.0162029
0.0167073
0.0175438
0.0183495
0.0191003
0.0198982
0.0207782
0.0216376
0.0224623
0.0233814
0.0243973
0.0254014
0.0264162
0.0275254
0.0286669
0.0298191
0.0310443
0.0323917
0.0337149
0.0350061
0.0363956
0.0379106
0.0394489
0.0410494
0.042679
0.0443215
0.0460469
0.0478343
0.0496876
0.0515637
0.0535941
0.0556721
0.0578438
0.060071
0.0623715
0.0648018
0.0672402
0.0698655
0.0724417
0.0751869
0.0779507
0.0806918
0.0837042
0.0863936
0.019894
0.020679
0.0199555
0.0183266
0.0169797
0.0163654
0.0162553
0.0167139
0.0175421
0.0183621
0.019123
0.0199244
0.0208042
0.0216594
0.0224785
0.0233942
0.0244075
0.0254089
0.0264223
0.0275306
0.0286713
0.0298239
0.0310491
0.0323925
0.033715
0.0350116
0.0364016
0.0379134
0.0394506
0.0410498
0.0426788
0.0443229
0.0460491
0.0478361
0.0496901
0.0515673
0.0535973
0.0556742
0.0578458
0.060073
0.0623735
0.0648035
0.0672416
0.0698667
0.072443
0.0751886
0.0779536
0.0806951
0.0837097
0.0864005
0.0198139
0.0206681
0.0199984
0.0184166
0.0170773
0.0164554
0.0163125
0.016724
0.0175397
0.0183731
0.0191441
0.0199495
0.0208309
0.021683
0.0224961
0.0234074
0.0244177
0.0254163
0.0264286
0.0275361
0.028676
0.0298289
0.0310538
0.0323934
0.0337152
0.035017
0.0364075
0.0379163
0.0394524
0.0410503
0.0426787
0.0443243
0.0460515
0.0478379
0.0496926
0.051571
0.0536007
0.0556764
0.0578478
0.060075
0.0623756
0.0648053
0.0672431
0.0698679
0.0724443
0.0751904
0.0779566
0.0806986
0.0837153
0.0864075
0.0197296
0.0206553
0.0200385
0.0185038
0.0171705
0.0165415
0.0163717
0.0167374
0.0175376
0.0183831
0.0191638
0.0199737
0.0208584
0.0217081
0.0225145
0.0234206
0.0244279
0.0254242
0.0264353
0.0275418
0.0286807
0.0298338
0.0310586
0.0323945
0.0337156
0.0350224
0.0364134
0.0379194
0.0394543
0.0410508
0.0426786
0.0443258
0.0460539
0.0478399
0.0496953
0.0515748
0.0536041
0.0556786
0.05785
0.0600771
0.0623777
0.0648071
0.0672446
0.0698692
0.0724458
0.0751922
0.0779597
0.0807021
0.083721
0.0864149
0.0196391
0.0206391
0.0200763
0.018588
0.0172581
0.0166225
0.0164333
0.0167553
0.017536
0.018392
0.0191825
0.0199967
0.0208855
0.0217341
0.0225339
0.0234346
0.0244388
0.0254324
0.026442
0.0275475
0.0286855
0.0298389
0.0310634
0.0323958
0.0337161
0.0350277
0.0364194
0.0379225
0.0394563
0.0410515
0.0426788
0.0443274
0.0460564
0.0478419
0.0496981
0.0515786
0.0536076
0.055681
0.0578523
0.0600793
0.0623799
0.0648091
0.0672462
0.0698705
0.0724473
0.0751942
0.077963
0.0807058
0.0837269
0.0864224
0.019541
0.0206192
0.0201119
0.0186682
0.0173409
0.0166994
0.0164968
0.016777
0.017535
0.0184006
0.0192004
0.0200178
0.0209117
0.0217614
0.0225552
0.0234496
0.0244497
0.0254405
0.0264489
0.0275536
0.0286906
0.029844
0.0310683
0.0323972
0.0337168
0.0350331
0.0364253
0.0379258
0.0394584
0.0410524
0.042679
0.0443291
0.0460589
0.047844
0.049701
0.0515826
0.0536112
0.0556835
0.0578546
0.0600816
0.0623822
0.064811
0.0672479
0.0698719
0.0724489
0.0751962
0.0779665
0.0807095
0.083733
0.0864302
0.019439
0.0205963
0.0201443
0.0187448
0.0174202
0.0167712
0.0165603
0.0168026
0.0175353
0.0184083
0.0192171
0.0200374
0.0209376
0.02179
0.0225778
0.0234649
0.0244609
0.0254491
0.0264561
0.0275597
0.0286956
0.0298491
0.0310733
0.0323989
0.0337178
0.0350384
0.0364313
0.0379292
0.0394606
0.0410533
0.0426794
0.0443309
0.0460615
0.0478463
0.0497041
0.0515866
0.0536149
0.055686
0.0578571
0.060084
0.0623846
0.0648131
0.0672497
0.0698734
0.0724506
0.0751984
0.0779701
0.0807135
0.0837392
0.0864383
0.0193356
0.0205682
0.0201727
0.0188181
0.0174957
0.0168379
0.016624
0.0168323
0.0175362
0.0184151
0.0192338
0.020056
0.020962
0.0218188
0.0226016
0.0234814
0.0244729
0.025458
0.0264633
0.0275659
0.0287009
0.0298544
0.0310783
0.0324007
0.0337189
0.0350437
0.0364372
0.0379328
0.039463
0.0410544
0.0426799
0.0443328
0.0460642
0.0478486
0.0497072
0.0515907
0.0536188
0.0556887
0.0578597
0.0600865
0.0623871
0.0648152
0.0672515
0.069875
0.0724524
0.0752006
0.0779738
0.0807175
0.0837455
0.0864466
0.0192329
0.0205356
0.0201975
0.018888
0.0175687
0.0169
0.016686
0.0168646
0.0175383
0.0184217
0.0192506
0.0200732
0.0209847
0.0218478
0.022627
0.0234991
0.0244852
0.0254669
0.0264706
0.0275724
0.0287063
0.0298597
0.0310833
0.0324028
0.0337202
0.0350489
0.0364432
0.0379365
0.0394656
0.0410556
0.0426806
0.0443348
0.046067
0.047851
0.0497105
0.051595
0.0536227
0.0556915
0.0578624
0.060089
0.0623897
0.0648174
0.0672534
0.0698767
0.0724543
0.075203
0.0779777
0.0807217
0.083752
0.0864552
0.0191345
0.0204989
0.0202176
0.0189547
0.0176392
0.0169563
0.0167451
0.0169005
0.0175425
0.0184277
0.019267
0.0200893
0.0210056
0.0218767
0.0226536
0.0235176
0.0244982
0.0254765
0.0264782
0.0275788
0.0287118
0.0298651
0.0310885
0.0324051
0.0337217
0.0350542
0.0364492
0.0379404
0.0394682
0.0410569
0.0426814
0.0443369
0.0460699
0.0478536
0.0497139
0.0515993
0.0536268
0.0556944
0.0578652
0.0600917
0.0623923
0.0648198
0.0672554
0.0698784
0.0724563
0.0752055
0.0779818
0.0807261
0.0837587
0.086464
0.0190433
0.0204585
0.020233
0.0190177
0.0177071
0.0170077
0.0168016
0.0169395
0.0175483
0.0184325
0.0192831
0.0201049
0.021025
0.021905
0.0226811
0.0235374
0.024512
0.0254864
0.0264858
0.0275853
0.0287174
0.0298705
0.0310936
0.0324077
0.0337236
0.0350595
0.0364551
0.0379444
0.039471
0.0410585
0.0426824
0.0443392
0.0460728
0.0478563
0.0497174
0.0516037
0.0536309
0.0556975
0.0578681
0.0600944
0.062395
0.0648222
0.0672574
0.0698803
0.0724584
0.0752081
0.077986
0.0807306
0.0837655
0.086473
0.0189618
0.0204161
0.0202425
0.0190761
0.0177729
0.0170547
0.016854
0.0169805
0.0175557
0.0184363
0.0192995
0.0201207
0.0210426
0.0219322
0.0227092
0.0235585
0.0245268
0.0254968
0.0264937
0.027592
0.0287231
0.0298759
0.0310989
0.0324105
0.0337256
0.0350647
0.0364612
0.0379485
0.039474
0.0410601
0.0426836
0.0443416
0.0460759
0.0478591
0.049721
0.0516082
0.0536352
0.0557006
0.0578711
0.0600973
0.0623979
0.0648246
0.0672596
0.0698822
0.0724606
0.0752109
0.0779904
0.0807353
0.0837725
0.0864823
0.0188905
0.020373
0.0202453
0.0191289
0.0178371
0.0170981
0.0169016
0.0170228
0.0175652
0.0184398
0.019316
0.020136
0.0210582
0.0219583
0.022738
0.0235805
0.0245424
0.0255078
0.0265017
0.0275987
0.0287288
0.0298814
0.0311041
0.0324135
0.0337279
0.03507
0.0364672
0.0379529
0.0394771
0.041062
0.042685
0.0443441
0.0460791
0.047862
0.0497248
0.0516129
0.0536397
0.055704
0.0578743
0.0601003
0.0624008
0.0648273
0.0672618
0.0698843
0.0724629
0.0752138
0.0779949
0.0807401
0.0837797
0.0864919
0.0188302
0.0203309
0.0202403
0.0191752
0.0179
0.0171381
0.0169431
0.0170657
0.0175778
0.0184423
0.0193315
0.0201515
0.0210728
0.0219833
0.0227666
0.0236032
0.0245591
0.0255197
0.0265099
0.0276054
0.0287348
0.0298868
0.0311093
0.0324168
0.0337305
0.0350754
0.0364733
0.0379573
0.0394804
0.041064
0.0426865
0.0443468
0.0460824
0.047865
0.0497288
0.0516177
0.0536442
0.0557074
0.0578776
0.0601033
0.0624039
0.06483
0.0672642
0.0698865
0.0724654
0.0752169
0.0779996
0.0807452
0.083787
0.0865017
0.0187794
0.020291
0.020228
0.0192145
0.0179608
0.0171749
0.0169788
0.017109
0.0175926
0.0184434
0.0193466
0.0201678
0.021086
0.0220064
0.022795
0.0236268
0.0245768
0.0255323
0.0265186
0.0276122
0.0287407
0.0298922
0.0311146
0.0324204
0.0337333
0.0350807
0.0364794
0.037962
0.0394839
0.0410662
0.0426883
0.0443497
0.0460858
0.0478683
0.0497329
0.0516225
0.0536489
0.055711
0.0578811
0.0601066
0.062407
0.0648328
0.0672666
0.0698888
0.0724679
0.0752201
0.0780045
0.0807504
0.0837945
0.0865117
0.0187345
0.0202557
0.0202094
0.0192441
0.0180186
0.0172103
0.0170084
0.0171505
0.0176098
0.0184442
0.0193609
0.0201843
0.0210982
0.0220283
0.0228231
0.0236505
0.0245955
0.025546
0.0265275
0.0276191
0.0287468
0.0298976
0.0311198
0.0324242
0.0337365
0.0350861
0.0364855
0.0379669
0.0394876
0.0410686
0.0426902
0.0443527
0.0460894
0.0478716
0.0497371
0.0516275
0.0536537
0.0557147
0.0578847
0.0601099
0.0624103
0.0648357
0.0672691
0.0698912
0.0724706
0.0752234
0.0780095
0.0807558
0.0838022
0.086522
0.0186918
0.0202255
0.0201844
0.0192628
0.0180731
0.0172453
0.0170314
0.0171895
0.0176302
0.0184444
0.0193739
0.0202015
0.0211095
0.0220486
0.0228507
0.0236743
0.0246149
0.0255609
0.0265367
0.0276259
0.0287532
0.0299031
0.031125
0.0324282
0.0337399
0.0350916
0.0364917
0.0379719
0.0394915
0.0410712
0.0426924
0.0443559
0.0460931
0.0478751
0.0497416
0.0516327
0.0536587
0.0557186
0.0578884
0.0601134
0.0624136
0.0648388
0.0672718
0.0698937
0.0724735
0.075227
0.0780147
0.0807614
0.0838101
0.0865326
0.0186467
0.0201995
0.020156
0.019271
0.0181227
0.0172804
0.0170486
0.0172247
0.0176529
0.0184441
0.0193851
0.0202191
0.0211201
0.0220673
0.0228778
0.0236978
0.0246347
0.0255769
0.0265467
0.0276329
0.0287596
0.0299086
0.0311301
0.0324324
0.0337437
0.0350972
0.036498
0.0379771
0.0394956
0.041074
0.0426949
0.0443593
0.046097
0.0478788
0.0497461
0.051638
0.0536638
0.0557226
0.0578923
0.060117
0.0624171
0.064842
0.0672745
0.0698965
0.0724764
0.0752307
0.0780201
0.0807672
0.0838182
0.0865434
0.0185952
0.0201766
0.0201265
0.0192679
0.018165
0.0173159
0.0170604
0.0172543
0.0176775
0.018444
0.0193946
0.0202375
0.0211305
0.0220843
0.0229042
0.023721
0.0246546
0.0255941
0.0265575
0.0276398
0.0287661
0.0299142
0.0311352
0.0324369
0.0337477
0.0351028
0.0365043
0.0379825
0.0394999
0.041077
0.0426975
0.0443629
0.046101
0.0478827
0.0497509
0.0516434
0.0536691
0.0557268
0.0578964
0.0601207
0.0624207
0.0648454
0.0672774
0.0698993
0.0724796
0.0752346
0.0780257
0.0807732
0.0838265
0.0865544
0.0185355
0.0201546
0.0200976
0.0192549
0.0181978
0.0173515
0.0170683
0.0172778
0.0177041
0.0184444
0.0194018
0.0202562
0.0211406
0.0220994
0.02293
0.0237438
0.0246744
0.0256124
0.0265691
0.0276467
0.0287729
0.0299199
0.0311401
0.0324415
0.0337521
0.0351085
0.0365107
0.0379882
0.0395044
0.0410802
0.0427004
0.0443667
0.0461053
0.0478867
0.0497558
0.0516489
0.0536745
0.0557312
0.0579006
0.0601246
0.0624244
0.0648488
0.0672803
0.0699023
0.0724829
0.0752387
0.0780314
0.0807794
0.083835
0.0865656
0.0184673
0.0201308
0.0200705
0.0192334
0.0182196
0.0173871
0.0170742
0.0172938
0.017731
0.0184459
0.0194061
0.0202746
0.0211508
0.0221131
0.0229553
0.0237662
0.0246933
0.0256314
0.0265819
0.0276538
0.0287796
0.0299261
0.031145
0.032446
0.0337568
0.0351145
0.0365172
0.037994
0.0395091
0.0410837
0.0427036
0.0443707
0.0461096
0.047891
0.0497609
0.0516547
0.0536801
0.0557357
0.057905
0.0601287
0.0624283
0.0648525
0.0672834
0.0699055
0.0724863
0.075243
0.0780374
0.0807858
0.0838438
0.0865771
0.0183922
0.0201032
0.0200454
0.019206
0.0182294
0.0174209
0.0170792
0.0173013
0.0177568
0.018449
0.0194077
0.020293
0.0211616
0.0221249
0.0229798
0.0237885
0.0247115
0.0256507
0.026596
0.0276611
0.0287861
0.0299324
0.0311503
0.0324507
0.0337615
0.0351205
0.036524
0.0380001
0.0395141
0.0410873
0.042707
0.044375
0.0461142
0.0478954
0.0497662
0.0516606
0.0536858
0.0557405
0.0579095
0.0601329
0.0624323
0.0648563
0.0672867
0.0699089
0.0724899
0.0752474
0.0780435
0.0807924
0.0838527
0.0865888
0.0183123
0.0200697
0.0200217
0.019176
0.0182263
0.0174496
0.0170851
0.0173013
0.0177801
0.0184541
0.0194068
0.0203108
0.0211728
0.0221347
0.0230032
0.0238106
0.0247289
0.0256701
0.0266111
0.0276689
0.0287927
0.0299389
0.0311556
0.0324558
0.0337666
0.0351265
0.0365306
0.0380065
0.0395194
0.0410912
0.0427107
0.0443794
0.046119
0.0479001
0.0497717
0.0516666
0.0536917
0.0557455
0.0579143
0.0601372
0.0624364
0.0648603
0.06729
0.0699124
0.0724937
0.0752521
0.0780498
0.0807993
0.0838619
0.0866007
0.0182288
0.0200294
0.0199979
0.0191444
0.0182112
0.017471
0.0170927
0.0172948
0.017799
0.0184614
0.0194033
0.0203266
0.021185
0.0221431
0.0230255
0.0238326
0.0247452
0.0256891
0.0266275
0.0276774
0.028799
0.0299456
0.0311612
0.0324607
0.033772
0.0351329
0.0365373
0.0380128
0.0395249
0.0410956
0.0427148
0.0443841
0.0461239
0.0479049
0.0497775
0.0516729
0.0536978
0.0557506
0.0579193
0.0601418
0.0624407
0.0648644
0.0672935
0.0699162
0.0724977
0.075257
0.0780564
0.0808063
0.0838713
0.0866128
0.0181436
0.0199825
0.0199711
0.0191126
0.0181865
0.0174832
0.0171011
0.0172826
0.0178121
0.0184707
0.0193974
0.0203404
0.0211986
0.0221501
0.0230461
0.0238545
0.0247606
0.0257073
0.0266446
0.0276868
0.0288053
0.0299522
0.0311673
0.0324659
0.0337772
0.0351395
0.0365445
0.0380195
0.0395304
0.0411
0.0427192
0.0443892
0.0461292
0.04791
0.0497834
0.0516793
0.0537041
0.0557559
0.0579244
0.0601466
0.0624451
0.0648688
0.0672971
0.06992
0.0725018
0.075262
0.0780632
0.0808136
0.0838809
0.0866251
0.0180574
0.0199286
0.01994
0.0190813
0.0181536
0.0174832
0.0171098
0.0172668
0.0178176
0.0184815
0.0193904
0.020351
0.0212131
0.0221558
0.0230651
0.0238765
0.0247751
0.0257245
0.026662
0.0276974
0.028812
0.0299587
0.0311735
0.0324716
0.0337828
0.0351459
0.0365516
0.0380266
0.0395365
0.0411046
0.0427236
0.0443944
0.0461348
0.0479155
0.0497895
0.0516859
0.0537105
0.0557615
0.0579297
0.0601515
0.0624497
0.0648733
0.067301
0.0699242
0.0725061
0.0752672
0.0780701
0.0808211
0.0838907
0.0866377
0.0179703
0.0198686
0.0199027
0.0190494
0.0181149
0.0174703
0.0171167
0.0172493
0.0178147
0.0184927
0.0193835
0.0203577
0.0212279
0.0221609
0.0230824
0.0238987
0.0247888
0.0257402
0.0266795
0.0277087
0.0288192
0.0299654
0.03118
0.0324775
0.0337885
0.0351526
0.0365588
0.0380335
0.0395429
0.0411099
0.0427285
0.0443997
0.0461404
0.0479211
0.0497961
0.0516928
0.0537172
0.0557673
0.0579352
0.0601566
0.0624545
0.064878
0.0673049
0.0699285
0.0725107
0.0752727
0.0780773
0.0808288
0.0839008
0.0866504
0.0178816
0.0198033
0.0198574
0.0190146
0.0180735
0.017445
0.0171185
0.0172313
0.0178036
0.0185021
0.019377
0.0203611
0.0212436
0.0221653
0.0230965
0.0239207
0.0248024
0.0257548
0.0266964
0.0277204
0.028827
0.0299721
0.031187
0.0324844
0.0337942
0.035159
0.0365663
0.0380408
0.039549
0.0411154
0.0427341
0.0444057
0.0461463
0.0479268
0.0498025
0.0516999
0.0537242
0.0557734
0.057941
0.0601619
0.0624594
0.064883
0.0673091
0.069933
0.0725155
0.0752784
0.0780848
0.0808368
0.083911
0.0866633
0.0177906
0.0197329
0.0198041
0.018975
0.0180299
0.0174083
0.0171125
0.0172135
0.0177854
0.0185084
0.0193709
0.0203602
0.0212596
0.0221707
0.0231078
0.0239418
0.0248153
0.025768
0.0267134
0.0277328
0.0288354
0.0299788
0.0311935
0.0324917
0.0338011
0.0351656
0.0365735
0.0380483
0.0395558
0.0411209
0.0427395
0.0444119
0.046153
0.0479332
0.0498093
0.0517068
0.0537311
0.0557797
0.057947
0.0601675
0.0624645
0.0648881
0.0673134
0.0699377
0.0725205
0.0752842
0.0780924
0.0808451
0.0839215
0.0866764
0.017696
0.0196572
0.0197434
0.0189283
0.0179835
0.017362
0.0170963
0.0171955
0.0177614
0.0185106
0.0193666
0.0203547
0.021273
0.0221773
0.0231173
0.0239627
0.0248278
0.0257787
0.0267293
0.0277459
0.028845
0.0299863
0.0311999
0.032499
0.0338082
0.0351726
0.0365811
0.0380558
0.0395627
0.0411272
0.0427455
0.0444179
0.0461594
0.0479399
0.0498168
0.0517145
0.0537383
0.055786
0.057953
0.0601733
0.0624699
0.0648935
0.0673179
0.0699426
0.0725257
0.0752903
0.0781002
0.0808535
0.0839322
0.0866897
0.0175971
0.0195752
0.019675
0.0188726
0.0179334
0.0173083
0.0170686
0.0171762
0.0177324
0.0185064
0.0193643
0.0203474
0.0212838
0.0221836
0.0231234
0.0239827
0.0248417
0.0257881
0.0267436
0.0277584
0.028855
0.0299948
0.0312068
0.032507
0.0338159
0.035179
0.0365883
0.038064
0.0395699
0.0411334
0.042752
0.0444248
0.0461663
0.0479464
0.0498241
0.0517223
0.0537461
0.055793
0.0579594
0.0601791
0.0624753
0.064899
0.0673227
0.0699479
0.0725312
0.0752966
0.0781084
0.0808622
0.0839431
0.0867031
0.0174934
0.0194858
0.0195986
0.0188075
0.0178776
0.0172484
0.0170284
0.0171535
0.0177004
0.018495
0.0193624
0.0203385
0.0212924
0.0221919
0.0231263
0.0239988
0.0248556
0.0257968
0.0267576
0.0277713
0.0288651
0.0300038
0.0312134
0.0325147
0.0338251
0.0351865
0.0365949
0.0380716
0.0395776
0.0411404
0.0427586
0.0444319
0.0461738
0.0479537
0.0498317
0.0517299
0.0537537
0.0558002
0.0579663
0.0601855
0.0624811
0.0649047
0.0673275
0.0699532
0.072537
0.0753032
0.0781167
0.0808712
0.0839543
0.0867167
0.0173843
0.0193878
0.0195133
0.0187327
0.017814
0.017183
0.0169758
0.0171244
0.0176669
0.0184775
0.0193605
0.0203291
0.0212963
0.0222008
0.0231287
0.0240122
0.0248686
0.0258029
0.0267696
0.0277855
0.0288768
0.0300142
0.0312204
0.0325218
0.0338343
0.0351946
0.0366019
0.0380795
0.0395852
0.0411474
0.042766
0.0444394
0.0461814
0.0479613
0.04984
0.0517382
0.0537616
0.0558072
0.0579729
0.060192
0.0624873
0.064911
0.0673328
0.0699587
0.0725428
0.0753098
0.0781252
0.0808803
0.0839656
0.0867305
0.0172687
0.0192804
0.0194171
0.0186471
0.0177407
0.0171125
0.0169128
0.0170867
0.0176314
0.018453
0.0193571
0.0203216
0.021297
0.0222086
0.0231296
0.0240229
0.0248822
0.0258081
0.0267778
0.027798
0.0288891
0.0300266
0.0312294
0.0325293
0.0338442
0.0352028
0.0366079
0.0380872
0.0395938
0.0411548
0.0427732
0.0444474
0.0461898
0.0479693
0.0498483
0.0517467
0.0537701
0.055815
0.0579799
0.0601985
0.0624933
0.0649171
0.0673383
0.0699648
0.0725493
0.0753167
0.078134
0.0808897
0.083977
0.0867444
0.0171449
0.0191629
0.0193081
0.0185491
0.0176558
0.0170353
0.0168417
0.0170401
0.0175944
0.0184229
0.0193489
0.0203143
0.0212944
0.0222163
0.0231308
0.0240292
0.0248954
0.0258145
0.0267847
0.0278095
0.0289003
0.0300381
0.0312388
0.0325371
0.0338552
0.0352134
0.0366146
0.038094
0.0396021
0.041163
0.042781
0.0444553
0.0461982
0.0479777
0.0498571
0.0517553
0.0537786
0.055823
0.0579875
0.0602058
0.0624998
0.0649235
0.0673436
0.0699706
0.0725557
0.075324
0.0781431
0.0808995
0.0839887
0.0867583
0.017011
0.0190342
0.0191849
0.0184366
0.0175572
0.0169482
0.016763
0.0169845
0.0175559
0.0183911
0.0193368
0.0203073
0.0212876
0.0222194
0.0231315
0.0240322
0.0249063
0.0258215
0.026791
0.0278224
0.0289143
0.0300503
0.0312477
0.0325435
0.0338645
0.0352239
0.0366222
0.0381017
0.0396112
0.0411716
0.0427894
0.0444641
0.046207
0.0479861
0.049866
0.0517641
0.0537873
0.0558312
0.0579949
0.0602131
0.0625068
0.0649306
0.0673498
0.069977
0.0725623
0.0753312
0.0781522
0.0809093
0.0840006
0.0867725
0.0168647
0.0188926
0.0190471
0.0183085
0.0174435
0.0168489
0.016676
0.0169197
0.0175143
0.0183591
0.019322
0.0203018
0.0212799
0.022218
0.0231297
0.0240301
0.0249135
0.0258288
0.0267951
0.0278329
0.02893
0.0300658
0.03126
0.032552
0.0338737
0.0352336
0.0366287
0.0381076
0.0396199
0.0411814
0.0427984
0.0444733
0.046217
0.0479958
0.0498755
0.0517732
0.0537963
0.0558396
0.0580027
0.0602205
0.0625136
0.0649374
0.0673559
0.0699838
0.0725697
0.0753391
0.0781618
0.0809195
0.0840126
0.0867866
0.0167013
0.0187328
0.0188916
0.0181621
0.0173137
0.0167366
0.0165803
0.0168464
0.0174682
0.0183281
0.0193054
0.0202966
0.0212724
0.0222134
0.0231274
0.0240247
0.024915
0.0258357
0.0267994
0.0278414
0.0289449
0.0300805
0.0312718
0.0325622
0.0338847
0.0352453
0.0366378
0.0381143
0.0396273
0.0411903
0.0428076
0.0444823
0.0462265
0.0480055
0.0498856
0.051783
0.053806
0.0558485
0.0580107
0.0602284
0.0625208
0.0649445
0.067362
0.0699902
0.0725767
0.0753467
0.0781716
0.0809302
0.0840252
0.086802
0.0165205
0.0185506
0.0187136
0.0179935
0.0171649
0.01661
0.0164764
0.0167666
0.0174166
0.0182968
0.0192863
0.0202894
0.0212657
0.0222056
0.0231228
0.0240188
0.0249131
0.0258413
0.0268043
0.0278489
0.0289609
0.0300973
0.0312831
0.0325709
0.033894
0.0352557
0.0366476
0.0381228
0.039637
0.0412017
0.0428182
0.0444923
0.0462369
0.0480156
0.0498954
0.0517925
0.0538156
0.0558577
0.058019
0.0602365
0.0625282
0.0649519
0.0673687
0.0699971
0.072584
0.0753542
0.0781806
0.0809399
0.0840365
0.0868146
0.0163168
0.0183411
0.0185077
0.0177976
0.0169925
0.0164672
0.0163653
0.0166862
0.0173642
0.0182667
0.0192661
0.0202768
0.0212556
0.0221933
0.0231135
0.0240105
0.0249086
0.0258471
0.0268125
0.0278558
0.0289748
0.030115
0.0312958
0.0325808
0.0339031
0.0352643
0.0366562
0.0381298
0.0396446
0.0412129
0.0428306
0.0445041
0.0462493
0.0480282
0.049908
0.0518043
0.053827
0.0558683
0.0580288
0.0602461
0.0625371
0.0649605
0.0673765
0.0700052
0.0725929
0.0753637
0.0781923
0.0809523
0.0840506
0.0868319
0.016083
0.0180969
0.0182682
0.0175712
0.016794
0.0163063
0.0162454
0.0166069
0.0173158
0.0182418
0.0192505
0.0202626
0.0212424
0.0221765
0.0230973
0.0239995
0.0249016
0.025851
0.0268246
0.0278663
0.0289897
0.0301341
0.0313084
0.0325894
0.0339119
0.0352728
0.0366652
0.0381368
0.0396504
0.0412205
0.0428387
0.0445115
0.0462569
0.0480359
0.0499156
0.0518119
0.0538349
0.0558758
0.0580354
0.0602529
0.0625433
0.0649668
0.0673821
0.070011
0.072599
0.0753699
0.0782
0.0809611
0.0840609
0.086843
0.0157978
0.0177964
0.0179697
0.0172933
0.016557
0.0161221
0.0161144
0.0165262
0.0172697
0.0182188
0.0192369
0.0202473
0.021228
0.0221594
0.0230785
0.0239882
0.0248975
0.0258571
0.0268416
0.0278813
0.029007
0.0301597
0.0313291
0.0326042
0.0339259
0.0352861
0.03668
0.0381509
0.039664
0.0412375
0.0428572
0.0445285
0.046274
0.0480529
0.0499321
0.0518273
0.0538497
0.0558897
0.0580482
0.0602654
0.0625547
0.0649777
0.0673923
0.0700213
0.0726101
0.0753813
0.0782133
0.0809749
0.0840762
0.0868616
0.015507
0.0174562
0.0176131
0.0169585
0.0162745
0.0159087
0.0159681
0.0164416
0.0172225
0.0181855
0.019205
0.0202064
0.0211839
0.0221147
0.0230343
0.0239569
0.0248785
0.0258496
0.0268494
0.0278875
0.0290096
0.0301702
0.0313367
0.0326061
0.0339285
0.0352886
0.0366836
0.0381539
0.0396653
0.0412408
0.0428629
0.0445342
0.0462797
0.048059
0.0499386
0.0518341
0.0538565
0.055896
0.0580538
0.0602715
0.0625602
0.0649832
0.0673971
0.0700263
0.0726154
0.075387
0.0782208
0.0809838
0.0840865
0.0868725
0.0152212
0.0171128
0.0172535
0.0166415
0.0160373
0.0157643
0.0159063
0.0164453
0.0172542
0.0182108
0.019216
0.0201992
0.0211663
0.0220979
0.0230171
0.0239521
0.0248883
0.0258669
0.0268802
0.0279186
0.0290343
0.0302022
0.0313662
0.0326252
0.0339461
0.035307
0.036703
0.0381734
0.039684
0.0412605
0.0428834
0.0445536
0.0462986
0.0480771
0.0499562
0.0518507
0.0538724
0.0559109
0.0580677
0.060285
0.0625724
0.0649949
0.0674084
0.0700373
0.0726272
0.0753986
0.0782339
0.0809971
0.0841011
0.0868903
0.0143281
0.0161994
0.0164381
0.0160009
0.0155925
0.015496
0.0157743
0.0163975
0.0172306
0.0181699
0.0191557
0.0201231
0.0210862
0.0220309
0.0229622
0.0239149
0.0248723
0.0258599
0.0268859
0.0279266
0.0290321
0.0302062
0.0313749
0.0326273
0.0339474
0.035311
0.0367072
0.0381775
0.0396881
0.0412657
0.0428917
0.0445636
0.0463081
0.0480865
0.0499665
0.0518612
0.0538821
0.0559198
0.0580758
0.0602933
0.0625799
0.0650021
0.0674147
0.0700436
0.0726341
0.0754062
0.0782435
0.0810083
0.0841136
0.0869041
0.014501
0.0158641
0.0159188
0.0155567
0.0153273
0.0153994
0.01579
0.0164504
0.0172678
0.0181673
0.0191222
0.0200726
0.02103
0.0219903
0.0229372
0.0239052
0.0248824
0.0258764
0.0269105
0.0279583
0.0290536
0.0302267
0.0313992
0.032642
0.0339576
0.035326
0.0367229
0.0381923
0.0397043
0.0412809
0.0429058
0.0445785
0.0463228
0.0480994
0.0499791
0.0518741
0.0538943
0.0559314
0.0580868
0.0603044
0.06259
0.065012
0.0674243
0.0700528
0.0726435
0.0754152
0.0782531
0.0810185
0.0841243
0.0869159
0.0121238
0.0140737
0.0147716
0.0149926
0.0151825
0.0154957
0.0159549
0.0165642
0.0173021
0.0181351
0.0190533
0.0199958
0.0209597
0.0219431
0.0229137
0.0238974
0.0248935
0.0258942
0.02693
0.0279828
0.029069
0.0302392
0.0314223
0.0326614
0.0339705
0.0353436
0.0367404
0.038207
0.0397213
0.0412984
0.0429245
0.0446
0.0463441
0.0481189
0.0499994
0.0518943
0.0539124
0.0559478
0.058102
0.0603194
0.0626035
0.0650245
0.0674356
0.0700635
0.0726549
0.0754271
0.0782675
0.0810341
0.0841419
0.086937
0.0102573
0.0112468
0.0126323
0.0138896
0.0148557
0.0155351
0.0160754
0.016641
0.0173024
0.0180658
0.0189412
0.0198768
0.0208527
0.0218621
0.0228622
0.0238661
0.0248821
0.0258922
0.026931
0.0279927
0.0290745
0.0302369
0.0314272
0.0326638
0.0339657
0.0353461
0.0367456
0.0382095
0.0397273
0.0413038
0.0429268
0.0446047
0.0463496
0.0481223
0.0500031
0.0518997
0.0539172
0.0559526
0.0581069
0.0603243
0.0626077
0.0650289
0.0674403
0.0700682
0.0726599
0.0754319
0.0782725
0.0810401
0.0841483
0.086943
0.0091552
0.0115104
0.013048
0.0140979
0.0148985
0.0155687
0.0161591
0.0167382
0.0173801
0.0181031
0.0189327
0.0198496
0.0208269
0.021848
0.0228682
0.0238874
0.0249167
0.0259352
0.0269699
0.0280335
0.0291105
0.0302624
0.0314617
0.0326992
0.0339911
0.0353754
0.0367763
0.0382345
0.0397553
0.0413332
0.0429552
0.044636
0.0463816
0.0481512
0.0500324
0.0519287
0.0539432
0.0559763
0.0581289
0.0603457
0.0626272
0.065047
0.067457
0.0700837
0.0726758
0.0754482
0.0782911
0.0810595
0.0841699
0.0869692
0.00814379
0.0094986
0.0112902
0.0129699
0.0143477
0.0153664
0.0161065
0.016727
0.0173668
0.0180679
0.0188656
0.0197683
0.0207473
0.0217752
0.0228109
0.0238468
0.0248906
0.0259226
0.026961
0.0280305
0.0291115
0.0302542
0.0314578
0.0327
0.0339834
0.0353725
0.0367785
0.0382324
0.0397559
0.0413353
0.0429531
0.0446357
0.0463834
0.048151
0.050032
0.0519303
0.0539446
0.0559776
0.0581304
0.0603475
0.0626286
0.0650486
0.0674587
0.0700855
0.0726779
0.0754502
0.0782931
0.0810629
0.0841733
0.0869715
0.00672585
0.00971868
0.0118003
0.0133142
0.0144762
0.0153808
0.0161055
0.0167425
0.0173918
0.0180955
0.0188868
0.0197838
0.0207624
0.0217894
0.0228261
0.0238657
0.0249124
0.0259501
0.0269901
0.028059
0.0291436
0.0302835
0.0314879
0.0327361
0.0340155
0.0354021
0.0368112
0.0382619
0.0397849
0.0413674
0.0429858
0.0446685
0.0464177
0.0481841
0.0500641
0.0519617
0.0539735
0.0560045
0.0581549
0.0603713
0.0626502
0.0650685
0.067477
0.0701022
0.0726949
0.0754673
0.078312
0.0810828
0.0841961
0.0869994
)
;

boundaryField
{
    zeroGradientPlanes
    {
        type            zeroGradient;
    }
    inlet
    {
        type            zeroGradient;
    }
    plate
    {
        type            zeroGradient;
    }
    frontAndBack
    {
        type            empty;
    }
}


// ************************************************************************* //
