/*--------------------------------*- C++ -*----------------------------------*\
| =========                 |                                                 |
| \\      /  F ield         | OpenFOAM: The Open Source CFD Toolbox           |
|  \\    /   O peration     | Version:  v2012                                 |
|   \\  /    A nd           | Website:  www.openfoam.com                      |
|    \\/     M anipulation  |                                                 |
\*---------------------------------------------------------------------------*/
FoamFile
{
    version     2.0;
    format      ascii;
    class       volScalarField;
    location    "3.7";
    object      p;
}
// * * * * * * * * * * * * * * * * * * * * * * * * * * * * * * * * * * * * * //

dimensions      [0 2 -2 0 0 0 0];


internalField   nonuniform List<scalar> 
7000
(
4.07709e-11
0.00138053
0.0018726
0.00160265
0.00180461
0.00291299
0.00405988
0.004031
-0.0013655
0.000314306
-0.00650703
-0.00606894
-0.00841409
-0.00687121
-0.00860111
-0.00749075
-0.0088654
-0.00868209
-0.00933686
-0.00930844
1.30577e-06
0.00137821
0.00187128
0.00160679
0.0018029
0.00289942
0.00407225
0.00399901
-0.00132178
0.000282643
-0.00647433
-0.00607349
-0.00840483
-0.00685557
-0.00859917
-0.00748151
-0.00886178
-0.0086762
-0.00933009
-0.00932943
2.7364e-06
0.00137503
0.00187025
0.00161384
0.00179831
0.0028823
0.00408378
0.00395552
-0.00127625
0.000238357
-0.00643355
-0.00608019
-0.00837589
-0.00684603
-0.00857545
-0.00748488
-0.00883659
-0.00867531
-0.00932099
-0.00934823
3.83291e-06
0.00137155
0.00186974
0.00162008
0.00179347
0.00286236
0.00408313
0.00389621
-0.00124489
0.000185906
-0.00638775
-0.00607768
-0.00832731
-0.00684759
-0.00852964
-0.00751383
-0.00880223
-0.00869369
-0.00931799
-0.00938061
4.62835e-06
0.00136765
0.00186952
0.00162505
0.00178853
0.0028384
0.00407091
0.00382054
-0.00122294
0.000129287
-0.00633438
-0.00606687
-0.0082649
-0.00686574
-0.00847479
-0.00756565
-0.00876937
-0.00872807
-0.00931898
-0.00942052
5.13628e-06
0.00136322
0.00186951
0.001629
0.00178326
0.00281032
0.00405023
0.00373067
-0.00120545
7.11209e-05
-0.00627409
-0.00605397
-0.00819604
-0.00689932
-0.00842027
-0.00762958
-0.00874198
-0.00876622
-0.00932075
-0.00945487
5.34353e-06
0.00135825
0.0018697
0.00163197
0.00177773
0.00277841
0.00402364
0.00363024
-0.00118896
1.13228e-05
-0.00620857
-0.00604368
-0.0081248
-0.00694287
-0.00836912
-0.00769736
-0.00872126
-0.00880137
-0.00932329
-0.00948116
5.25032e-06
0.00135283
0.00187006
0.00163401
0.001772
0.00274287
0.00399364
0.00352287
-0.00117317
-5.12969e-05
-0.00613864
-0.00603776
-0.00805125
-0.00699102
-0.00832188
-0.00776501
-0.00870676
-0.00883279
-0.00932906
-0.00950435
4.8677e-06
0.00134702
0.00187055
0.00163529
0.00176606
0.00270378
0.00396239
0.00341122
-0.00115783
-0.000117655
-0.00606423
-0.00603647
-0.00797435
-0.00704029
-0.0082782
-0.00783021
-0.0086983
-0.00886254
-0.00934028
-0.00952885
4.20999e-06
0.00134089
0.0018712
0.00163602
0.00175981
0.00266124
0.00393125
0.00329682
-0.00114263
-0.000188123
-0.00598506
-0.00603988
-0.00789351
-0.00708887
-0.00823731
-0.00789105
-0.00869625
-0.00889217
-0.00935667
-0.00955498
3.29748e-06
0.00133448
0.00187205
0.00163636
0.00175316
0.00261538
0.00390073
0.00318024
-0.00112723
-0.000262735
-0.00590114
-0.00604797
-0.00780872
-0.0071357
-0.0081988
-0.00794591
-0.00870069
-0.00892123
-0.00937557
-0.00958069
2.1642e-06
0.0013278
0.00187308
0.00163642
0.00174605
0.00256646
0.00387074
0.0030614
-0.00111131
-0.000341379
-0.00581268
-0.0060604
-0.00772056
-0.00717957
-0.00816262
-0.00799344
-0.00871063
-0.00894828
-0.0093941
-0.00960431
8.63958e-07
0.00132085
0.00187427
0.00163632
0.00173847
0.00251492
0.00384082
0.00293982
-0.00109432
-0.000423925
-0.00571988
-0.00607642
-0.00763024
-0.00721899
-0.00812909
-0.00803241
-0.00872437
-0.00897254
-0.00941056
-0.00962524
-5.29244e-07
0.00131365
0.00187561
0.00163621
0.00173045
0.00246128
0.0038104
0.00281495
-0.00107586
-0.000510265
-0.005623
-0.00609496
-0.00753924
-0.00725235
-0.00809897
-0.0080619
-0.0087402
-0.00899445
-0.00942424
-0.00964302
-1.92787e-06
0.0013062
0.00187706
0.00163625
0.00172212
0.00240613
0.00377903
0.00268634
-0.00105568
-0.000600305
-0.00552237
-0.00611483
-0.00744927
-0.00727815
-0.00807313
-0.00808159
-0.00875668
-0.00901494
-0.00943461
-0.0096569
-3.24387e-06
0.00129852
0.00187865
0.00163665
0.00171357
0.00234998
0.00374648
0.00255381
-0.00103371
-0.000693908
-0.00541849
-0.00613481
-0.00736243
-0.00729508
-0.00805219
-0.00809201
-0.00877254
-0.00903463
-0.00944113
-0.00966598
-4.40448e-06
0.00129059
0.00188041
0.00163755
0.00170493
0.00229317
0.00371275
0.0024175
-0.0010101
-0.000790781
-0.00531228
-0.00615342
-0.00728066
-0.00730245
-0.00803658
-0.0080947
-0.00878651
-0.00905391
-0.00944344
-0.00966939
-5.36466e-06
0.00128241
0.00188235
0.00163902
0.00169624
0.00223582
0.00367803
0.00227781
-0.000985185
-0.000890386
-0.00520502
-0.00616906
-0.00720561
-0.0073001
-0.00802649
-0.00809178
-0.00879753
-0.00907344
-0.00944175
-0.00966612
-6.11098e-06
0.00127393
0.00188448
0.00164103
0.00168748
0.00217786
0.00364252
0.00213534
-0.000959335
-0.000991886
-0.00509835
-0.00618001
-0.0071385
-0.00728839
-0.00802169
-0.00808552
-0.00880452
-0.00909421
-0.00943713
-0.00965531
-6.65651e-06
0.00126512
0.0018868
0.0016434
0.00167859
0.00211904
0.0036063
0.00199073
-0.000933021
-0.00109416
-0.00499412
-0.00618472
-0.00707998
-0.00726787
-0.00802145
-0.00807847
-0.00880643
-0.00911669
-0.00943149
-0.009637
-7.02974e-06
0.0012559
0.00188933
0.00164594
0.00166944
0.00205908
0.0035693
0.00184454
-0.000906838
-0.00119589
-0.00489408
-0.00618186
-0.00703045
-0.00723909
-0.00802431
-0.00807365
-0.00880275
-0.00913995
-0.00942642
-0.00961259
-7.26141e-06
0.00124621
0.00189211
0.00164837
0.00165996
0.00199769
0.00353131
0.00169729
-0.000881512
-0.00129572
-0.0047999
-0.00617028
-0.00699015
-0.00720306
-0.00802781
-0.0080738
-0.00879466
-0.00916279
-0.00942224
-0.0095833
-7.37383e-06
0.00123597
0.00189517
0.00165047
0.00165006
0.00193467
0.00349206
0.00154951
-0.000857954
-0.00139215
-0.00471314
-0.00614929
-0.00695892
-0.00716118
-0.00802881
-0.00808008
-0.00878369
-0.00918523
-0.00941991
-0.00954937
-7.37518e-06
0.00122509
0.00189855
0.00165201
0.00163971
0.00186989
0.00345123
0.00140188
-0.000837312
-0.00148361
-0.00463498
-0.00611886
-0.00693616
-0.00711566
-0.00802516
-0.00809221
-0.00877001
-0.00920606
-0.00942005
-0.00951191
-7.2589e-06
0.0012135
0.00190227
0.00165284
0.0016289
0.00180328
0.00340842
0.00125527
-0.000820735
-0.0015688
-0.00456635
-0.0060792
-0.00692067
-0.00706878
-0.00801567
-0.00811087
-0.00875439
-0.00922342
-0.00942187
-0.00947132
-7.00793e-06
0.00120111
0.00190631
0.0016528
0.0016176
0.00173488
0.00336319
0.00111047
-0.000809228
-0.00164647
-0.00450859
-0.00603034
-0.00691067
-0.0070233
-0.00799881
-0.0081369
-0.00873809
-0.00923417
-0.00942527
-0.00942938
-6.59425e-06
0.00118783
0.00191067
0.00165181
0.00160577
0.00166474
0.00331522
0.000968438
-0.000804182
-0.00171524
-0.00446259
-0.00597357
-0.0069038
-0.0069822
-0.00797336
-0.00817039
-0.00872557
-0.00923368
-0.00942403
-0.00938849
-5.96931e-06
0.00117355
0.00191533
0.00164977
0.00159338
0.00159303
0.00326385
0.000830578
-0.000806903
-0.00177497
-0.00442764
-0.00591062
-0.00689825
-0.00694773
-0.00793928
-0.008208
-0.00872107
-0.00922644
-0.00941439
-0.00934464
-5.08845e-06
0.00115818
0.00192025
0.00164664
0.00158038
0.00152013
0.00320837
0.000697655
-0.000817836
-0.00182488
-0.00440423
-0.00584288
-0.00689092
-0.0069213
-0.00790031
-0.00824581
-0.00871844
-0.00921392
-0.00940181
-0.00929822
-3.91395e-06
0.00114163
0.00192537
0.00164241
0.00156654
0.00144661
0.00314791
0.000570895
-0.000838858
-0.00186397
-0.00439161
-0.00577369
-0.00687915
-0.0069029
-0.00785916
-0.00828524
-0.00872516
-0.00919171
-0.0093725
-0.00925187
-2.33027e-06
0.00112375
0.00193071
0.00163714
0.00155162
0.00137301
0.00308153
0.000451163
-0.000870983
-0.00189398
-0.00438736
-0.00570414
-0.00686181
-0.00689549
-0.00781524
-0.00832774
-0.00874326
-0.00916924
-0.00932104
-0.0092012
-3.42671e-07
0.00110451
0.00193607
0.00163097
0.0015354
0.00129982
0.00300905
0.000337834
-0.000912216
-0.00191552
-0.00439033
-0.00563763
-0.00683407
-0.00689982
-0.00777185
-0.00834836
-0.00876055
-0.0091487
-0.00929355
-0.00914435
2.1243e-06
0.0010838
0.00194134
0.00162395
0.00151768
0.00122776
0.00292953
0.000232207
-0.000965585
-0.00192863
-0.00439541
-0.00558413
-0.00679402
-0.00690992
-0.00773116
-0.00837944
-0.00878967
-0.00913554
-0.009241
-0.00907565
5.44417e-06
0.00106143
0.00194679
0.00161599
0.00149814
0.0011575
0.00284256
0.000134579
-0.00102639
-0.00193699
-0.00440038
-0.00554071
-0.00674539
-0.00692374
-0.00769394
-0.00838743
-0.00881816
-0.00913118
-0.00924295
-0.0089946
9.16745e-06
0.0010375
0.00195177
0.00160797
0.00147573
0.0010898
0.00274743
4.5196e-05
-0.00109763
-0.00194121
-0.00440537
-0.00549861
-0.006694
-0.00694312
-0.00766327
-0.00841842
-0.00885142
-0.0091225
-0.00919365
-0.00891061
1.35347e-05
0.00101177
0.00195597
0.00160019
0.00145009
0.00102566
0.00264301
-3.62886e-05
-0.00118163
-0.00193817
-0.00440685
-0.00546893
-0.0066386
-0.00697593
-0.00765648
-0.00843917
-0.00889383
-0.0091131
-0.00907714
-0.00882112
1.96693e-05
0.000983947
0.00196099
0.001592
0.00142174
0.000964309
0.00253198
-0.000113628
-0.00126436
-0.00194218
-0.00440192
-0.00545683
-0.00657851
-0.00699089
-0.00764136
-0.00845566
-0.00891727
-0.00911438
-0.00909777
-0.00872035
2.59257e-05
0.000954635
0.00196386
0.00158499
0.00138854
0.000907064
0.00241273
-0.00018395
-0.0013529
-0.00194606
-0.00439108
-0.00544729
-0.00653112
-0.00701346
-0.0076727
-0.00845969
-0.00894187
-0.00911074
-0.00904058
-0.00861808
3.27463e-05
0.000923459
0.0019635
0.00157986
0.00135
0.000854903
0.00228416
-0.000247229
-0.00145064
-0.00194541
-0.004373
-0.00544627
-0.00649052
-0.00707962
-0.007699
-0.00845553
-0.00897009
-0.00910045
-0.00888288
-0.00851865
4.34321e-05
0.000889803
0.00196792
0.00157511
0.00130883
0.000803241
0.00215386
-0.000314768
-0.00153855
-0.00196432
-0.00434825
-0.00545838
-0.00644484
-0.00706045
-0.00769896
-0.00846188
-0.00896717
-0.00911239
-0.00896202
-0.00841422
5.23816e-05
0.000854957
0.00196452
0.00157329
0.0012613
0.000755827
0.00201817
-0.000377332
-0.00162929
-0.00197816
-0.00432183
-0.00547672
-0.00641672
-0.00710723
-0.0077235
-0.00846193
-0.00897874
-0.00911462
-0.00891685
-0.00830691
6.2423e-05
0.000818327
0.00195366
0.0015749
0.00120761
0.000712456
0.00187608
-0.000432461
-0.00172797
-0.0019796
-0.00429046
-0.00551537
-0.00640282
-0.00713582
-0.00776736
-0.0084623
-0.00900799
-0.00910028
-0.00872361
-0.00820298
8.23725e-05
0.000779497
0.00199838
0.00157751
0.00115323
0.000663227
0.00174098
-0.000502884
-0.00181331
-0.00200834
-0.0042528
-0.00553853
-0.00638019
-0.00714467
-0.00779722
-0.00847764
-0.00902639
-0.00916428
-0.00886387
-0.00808339
8.23925e-05
0.000740058
0.00196677
0.00158426
0.00109353
0.000614514
0.00160932
-0.00057346
-0.00189845
-0.00204509
-0.00420924
-0.00556895
-0.00636863
-0.00715682
-0.00782931
-0.00850388
-0.00906275
-0.00924593
-0.00889311
-0.00793738
9.97715e-05
0.000698825
0.00194734
0.00159513
0.00103053
0.000564602
0.00147562
-0.000637056
-0.0019917
-0.00208113
-0.00416696
-0.00560697
-0.00636367
-0.00714827
-0.00786288
-0.00853546
-0.00910217
-0.0092779
-0.00885873
-0.00781048
0.000119254
0.000656188
0.00193203
0.00160822
0.000967609
0.000508717
0.00134548
-0.000700896
-0.00208769
-0.00213007
-0.00412627
-0.00563831
-0.00636982
-0.0071406
-0.0078903
-0.00856396
-0.00912279
-0.00928309
-0.00882961
-0.00769512
0.000135704
0.000613645
0.00189722
0.00162452
0.000904086
0.000447886
0.00121881
-0.000763246
-0.00218674
-0.0021926
-0.00407852
-0.00566702
-0.00639382
-0.00711955
-0.00790114
-0.00859112
-0.00914333
-0.00929183
-0.00877296
-0.00756472
0.000159212
0.000570316
0.00186004
0.00164308
0.000843766
0.00037959
0.00109344
-0.000822998
-0.00228624
-0.00226763
-0.00403396
-0.00569153
-0.00641672
-0.00709886
-0.00791492
-0.00862779
-0.00914909
-0.00926557
-0.00870949
-0.00743077
0.000180531
0.000527239
0.00181431
0.00166268
0.000786838
0.000304285
0.000970586
-0.000880267
-0.00238781
-0.00235636
-0.00398944
-0.00570207
-0.00644881
-0.00709457
-0.00792139
-0.00864129
-0.00913433
-0.00923566
-0.00864496
-0.00730634
0.000204537
0.000485037
0.00175165
0.00168207
0.000735648
0.000223289
0.000845297
-0.000935317
-0.00248922
-0.00245204
-0.00394349
-0.00570635
-0.00649576
-0.00709239
-0.00789571
-0.00863207
-0.00912875
-0.00921702
-0.00857655
-0.0071804
0.000230862
0.000443196
0.00170613
0.00170009
0.000691353
0.000134647
0.000717525
-0.00098565
-0.00258603
-0.00256121
-0.0039077
-0.00569927
-0.0065377
-0.00709009
-0.00786475
-0.00863549
-0.00912832
-0.00917224
-0.00850594
-0.00705982
0.000257224
0.000402875
0.0016338
0.00171489
0.000653446
4.25687e-05
0.000587285
-0.00103311
-0.0026797
-0.00268142
-0.00387638
-0.00567464
-0.00658321
-0.00710525
-0.00784585
-0.00862387
-0.00909561
-0.00911895
-0.00844904
-0.00694871
0.00028626
0.000364377
0.00155427
0.00172531
0.000623814
-5.31608e-05
0.000450389
-0.00107937
-0.00276556
-0.00280655
-0.00385491
-0.00564232
-0.00662519
-0.0071321
-0.0078129
-0.00857734
-0.00905742
-0.00908825
-0.00840017
-0.00682844
0.000315623
0.000327462
0.0014694
0.00173038
0.000600416
-0.000151136
0.000308153
-0.00112147
-0.00284099
-0.00294182
-0.00384737
-0.00559752
-0.00665515
-0.00716058
-0.00778065
-0.00853113
-0.00903304
-0.00905206
-0.00832419
-0.00670067
0.000346075
0.00029338
0.00137749
0.00172751
0.000583524
-0.000248327
0.000160095
-0.00116527
-0.00290669
-0.00308008
-0.00385333
-0.00554312
-0.00667445
-0.00719517
-0.00776541
-0.00848619
-0.00898898
-0.00898971
-0.00824087
-0.00658085
0.000377259
0.000262076
0.00128007
0.00171597
0.000571834
-0.000344708
5.74737e-06
-0.00121023
-0.0029593
-0.00321728
-0.00387725
-0.00548624
-0.00668015
-0.00723152
-0.00775797
-0.00843162
-0.00892485
-0.00891459
-0.00815688
-0.00647165
0.000408702
0.000234397
0.00117795
0.00169369
0.000563341
-0.000437512
-0.000152888
-0.00125911
-0.00299944
-0.00335223
-0.00391825
-0.00542933
-0.00667256
-0.00726206
-0.00775418
-0.00837649
-0.00884817
-0.00883359
-0.00807889
-0.00636316
0.00044005
0.000210818
0.00107225
0.00165926
0.000557045
-0.000525793
-0.000315796
-0.00131352
-0.00302717
-0.0034797
-0.00397361
-0.00537716
-0.00665264
-0.00728345
-0.0077529
-0.00832562
-0.00877367
-0.00875837
-0.0079891
-0.00623644
0.000470739
0.000191714
0.000965359
0.00161115
0.000550082
-0.000609448
-0.000481569
-0.00137273
-0.00304274
-0.00359748
-0.00404282
-0.00533097
-0.00662096
-0.00729664
-0.00775328
-0.00828541
-0.00870689
-0.00866998
-0.00787287
-0.00610058
0.000500471
0.000178079
0.000858162
0.00154827
0.000540498
-0.000681161
-0.00064926
-0.00143732
-0.00304733
-0.00370307
-0.00412307
-0.0052927
-0.00658088
-0.00730362
-0.00775399
-0.00824885
-0.00863342
-0.00856815
-0.00775276
-0.00596818
0.000527778
0.000170383
0.000752184
0.00147062
0.000525174
-0.000759308
-0.000813737
-0.00150739
-0.00304204
-0.00379392
-0.00421046
-0.00526567
-0.00653545
-0.00730514
-0.0077506
-0.00820634
-0.00855756
-0.00847218
-0.00763976
-0.00583265
0.000553053
0.000168601
0.00064947
0.0013758
0.000501333
-0.000822698
-0.000972752
-0.00158634
-0.00303607
-0.00386887
-0.00430106
-0.00525175
-0.00648612
-0.00729784
-0.00774171
-0.00816098
-0.00848511
-0.00838146
-0.00752834
-0.00569405
0.000575443
0.000172337
0.000550948
0.00126339
0.000469469
-0.000874578
-0.00112558
-0.00167536
-0.00303075
-0.00392832
-0.00439145
-0.00524954
-0.00643228
-0.00728135
-0.00773514
-0.00811867
-0.00841073
-0.00828846
-0.00741671
-0.00555582
0.000594509
0.000181322
0.000456442
0.00113704
0.000429189
-0.000917034
-0.0012704
-0.00177336
-0.00302896
-0.00397324
-0.00447781
-0.00525737
-0.00637751
-0.00725846
-0.00773217
-0.00807712
-0.0083299
-0.00818908
-0.00730323
-0.00542157
0.000610304
0.000193452
0.0003671
0.00100065
0.000378223
-0.000952536
-0.00140523
-0.00187795
-0.00303287
-0.00400548
-0.00455762
-0.00527553
-0.0063267
-0.00722668
-0.00772594
-0.00803774
-0.00824607
-0.00808239
-0.00718787
-0.0052933
0.000622542
0.000207284
0.000284431
0.00085739
0.000314565
-0.000983422
-0.00152874
-0.00198684
-0.00304365
-0.00402762
-0.00463037
-0.0053029
-0.00628011
-0.00718406
-0.00771488
-0.0080048
-0.00816375
-0.00797156
-0.00706918
-0.00516485
0.000631216
0.000221441
0.000208962
0.000710504
0.000237813
-0.00101242
-0.00164031
-0.00209767
-0.00306198
-0.004042
-0.00469515
-0.00533727
-0.00623888
-0.00713313
-0.0076973
-0.00797773
-0.00808811
-0.00786015
-0.00694275
-0.00503145
0.000636342
0.000234636
0.000140892
0.000562593
0.000148526
-0.0010426
-0.00173983
-0.00220791
-0.00308877
-0.00405073
-0.00475057
-0.00537731
-0.00620571
-0.00707636
-0.00767015
-0.0079544
-0.0080211
-0.00774837
-0.00680945
-0.00489438
0.000635022
0.000245979
7.98967e-05
0.000416041
4.78604e-05
-0.00107638
-0.00182789
-0.00231571
-0.00312424
-0.00405602
-0.00479549
-0.00542116
-0.00618191
-0.00701588
-0.00763171
-0.00793059
-0.00796248
-0.00764192
-0.00667557
-0.00475509
0.000633043
0.000254843
2.52392e-05
0.000272897
-6.22803e-05
-0.00111581
-0.00190631
-0.00241948
-0.00316749
-0.00406006
-0.00482856
-0.0054655
-0.00616801
-0.00695484
-0.00758229
-0.00790301
-0.00791416
-0.00754731
-0.00654593
-0.00461562
0.000627851
0.000260628
-2.38034e-05
0.000134773
-0.00017981
-0.00116261
-0.00197723
-0.00251743
-0.00321698
-0.00406485
-0.00484951
-0.00550716
-0.0061655
-0.00689914
-0.00752497
-0.00786927
-0.00787305
-0.00746537
-0.00642612
-0.00447914
0.000619566
0.00026296
-6.82008e-05
2.95995e-06
-0.000302664
-0.00121769
-0.00204233
-0.00260831
-0.00327097
-0.00407273
-0.00486023
-0.00554297
-0.00617423
-0.00685365
-0.00746367
-0.00782614
-0.00783343
-0.0073967
-0.00631999
-0.004348
0.00060833
0.000261595
-0.000109031
-0.000121768
-0.000428667
-0.00128082
-0.00210351
-0.0026922
-0.00332803
-0.00408567
-0.00486386
-0.00557013
-0.0061905
-0.00682017
-0.00740214
-0.007773
-0.00779155
-0.00733819
-0.00622743
-0.00422647
0.000594328
0.00025641
-0.000147397
-0.000238942
-0.000555695
-0.00135158
-0.00216272
-0.00276938
-0.00338639
-0.0041047
-0.004864
-0.00558689
-0.00620922
-0.00679863
-0.0073449
-0.00771346
-0.0077447
-0.00728523
-0.00614895
-0.00411828
0.000577737
0.000247398
-0.000184299
-0.000348643
-0.000681476
-0.00142916
-0.00222213
-0.00284024
-0.00344425
-0.00412979
-0.00486383
-0.0055934
-0.00622566
-0.0067879
-0.00729754
-0.00765347
-0.0076926
-0.00723438
-0.00608095
-0.00402168
0.000558735
0.000234535
-0.000220483
-0.000451206
-0.000804291
-0.0015121
-0.00228322
-0.00290612
-0.00350029
-0.00415968
-0.00486599
-0.00559225
-0.00623679
-0.00678579
-0.00726307
-0.00759806
-0.00763711
-0.00718178
-0.00601747
-0.0039341
0.000537517
0.000218061
-0.000256433
-0.000547057
-0.000922963
-0.00159888
-0.00234676
-0.00296868
-0.00355372
-0.00419292
-0.00487218
-0.00558682
-0.00624168
-0.00678839
-0.00724042
-0.00755066
-0.00758163
-0.00712701
-0.00595661
-0.00385451
0.000514199
0.000198136
-0.000292506
-0.000636915
-0.00103692
-0.00168748
-0.00241263
-0.00302952
-0.00360455
-0.00422881
-0.00488323
-0.00558032
-0.00624114
-0.00679246
-0.0072278
-0.00751316
-0.00752935
-0.0070709
-0.00589631
-0.00378126
0.000488883
0.000175112
-0.000329363
-0.000721359
-0.00114585
-0.0017764
-0.00248025
-0.00309014
-0.00365309
-0.0042661
-0.00489975
-0.00557573
-0.00623633
-0.00679506
-0.00722335
-0.00748706
-0.00748388
-0.00701586
-0.00583648
-0.00371365
0.000461665
0.000149301
-0.000366987
-0.000801237
-0.00124952
-0.00186446
-0.00254912
-0.00315182
-0.00369999
-0.00430344
-0.00492188
-0.00557513
-0.0062294
-0.00679494
-0.00722445
-0.00747309
-0.00744981
-0.00696712
-0.00577954
-0.00365047
0.000432712
0.000121019
-0.000405388
-0.000877125
-0.00134816
-0.00195081
-0.00261806
-0.00321495
-0.00374658
-0.00433997
-0.00494943
-0.00558
-0.00622272
-0.00679219
-0.00722874
-0.00747068
-0.0074304
-0.00693007
-0.00572983
-0.00359258
0.000402121
9.06005e-05
-0.000444508
-0.000949396
-0.00144178
-0.00203511
-0.00268578
-0.00327921
-0.00379531
-0.00437507
-0.00498154
-0.00559247
-0.00621959
-0.00678764
-0.00723249
-0.00747518
-0.00742395
-0.00690781
-0.00569328
-0.00354565
0.000370097
5.81168e-05
-0.000484207
-0.00101827
-0.00153065
-0.00211722
-0.00275154
-0.0033434
-0.00384797
-0.00440925
-0.00501642
-0.00561375
-0.00622448
-0.00678589
-0.00723543
-0.00748236
-0.00742578
-0.0068988
-0.00567186
-0.0035136
0.000336717
2.41578e-05
-0.000524241
-0.00108405
-0.00161475
-0.00219732
-0.00281586
-0.00340595
-0.00390541
-0.00444392
-0.00505094
-0.00564261
-0.0062391
-0.00679234
-0.00724247
-0.00749469
-0.00743606
-0.00690144
-0.00566328
-0.00349428
0.000302068
-1.11512e-05
-0.000564103
-0.00114674
-0.00169446
-0.00227483
-0.00287941
-0.00346579
-0.0039675
-0.00448281
-0.00508355
-0.0056762
-0.00626232
-0.00680867
-0.00725759
-0.00751591
-0.0074583
-0.00691785
-0.00566863
-0.00348746
0.000266338
-4.76577e-05
-0.000603708
-0.00120604
-0.00176989
-0.00234937
-0.00294233
-0.003522
-0.00403166
-0.00453009
-0.00511733
-0.00571252
-0.0062921
-0.00683361
-0.00728116
-0.007546
-0.00749378
-0.00695169
-0.0056933
-0.00349846
0.000229696
-8.4879e-05
-0.000642857
-0.0012622
-0.00184144
-0.00242111
-0.00300565
-0.0035747
-0.00409281
-0.00458483
-0.00515592
-0.00575255
-0.00632908
-0.00686727
-0.00731306
-0.00758288
-0.00753949
-0.00700261
-0.00574137
-0.00353518
0.000192175
-0.000122276
-0.000680958
-0.001314
-0.0019084
-0.00248989
-0.00307081
-0.003629
-0.00415046
-0.00464351
-0.0051996
-0.00579551
-0.00637378
-0.0069127
-0.00735782
-0.00763044
-0.00759407
-0.00706454
-0.00580702
-0.00359622
0.000153931
-0.000159904
-0.000718498
-0.00136153
-0.0019705
-0.00255353
-0.00313309
-0.00368499
-0.00420713
-0.00470472
-0.00524769
-0.00583988
-0.00642171
-0.00696634
-0.00741674
-0.00769443
-0.00766507
-0.00714013
-0.00588669
-0.00367869
0.000114976
-0.000196988
-0.0007551
-0.00140453
-0.00202863
-0.00261569
-0.00319323
-0.00374111
-0.00426189
-0.00476692
-0.00530119
-0.00588649
-0.00647264
-0.00702325
-0.00748324
-0.00777128
-0.00775252
-0.00723517
-0.00598675
-0.00378348
7.39106e-05
-0.000236331
-0.000792058
-0.00144657
-0.00208442
-0.00267832
-0.0032545
-0.00379994
-0.00431721
-0.00482888
-0.00536368
-0.0059419
-0.00653315
-0.00709102
-0.0075638
-0.0078678
-0.00786303
-0.00735825
-0.00611834
-0.00391338
4.02988e-05
-0.000250107
-0.000801824
-0.00147504
-0.00213901
-0.0027398
-0.00331369
-0.00385467
-0.00436882
-0.00488219
-0.0054214
-0.00599785
-0.00659703
-0.00716725
-0.0076594
-0.0079877
-0.00800916
-0.00752951
-0.00630538
-0.00410466
-5.31226e-05
-0.000311222
-0.000813427
-0.00148584
-0.00218801
-0.00280488
-0.00337709
-0.00391143
-0.0044119
-0.00491504
-0.00544371
-0.00602506
-0.00663523
-0.00722793
-0.00774894
-0.00811031
-0.00817544
-0.00774435
-0.00656803
-0.00441251
3.12154e-06
-0.000301825
-0.000860846
-0.00153673
-0.00223525
-0.00287638
-0.00346743
-0.00400026
-0.00448622
-0.00494536
-0.00544693
-0.0060173
-0.00661775
-0.00720309
-0.00771913
-0.00809341
-0.00819755
-0.00783546
-0.00676145
-0.00473632
-0.000121998
-0.00035169
-0.000894685
-0.00149012
-0.00216892
-0.00288752
-0.00356556
-0.00411963
-0.00463464
-0.00509024
-0.00560738
-0.0061841
-0.00680039
-0.0073653
-0.00781637
-0.00807008
-0.00805328
-0.0076012
-0.006478
-0.0044254
-1.47132e-05
-0.000414933
-0.000929657
-0.00157908
-0.00232683
-0.00295839
-0.00347836
-0.00391551
-0.00434982
-0.00481481
-0.00535762
-0.00596713
-0.00664351
-0.0073737
-0.00813898
-0.00883638
-0.00928844
-0.00925451
-0.0084524
-0.00664375
0.000161812
-0.000518502
-0.00113413
-0.00183015
-0.00244825
-0.00316213
-0.00381245
-0.00430176
-0.00472685
-0.00524851
-0.00581203
-0.00634874
-0.00664601
-0.00657696
-0.00608796
-0.00527684
-0.00434432
-0.00359978
-0.0034174
-0.00412614
0.000140014
-0.000519596
-0.00116527
-0.00176941
-0.00225422
-0.00265142
-0.00305303
-0.0035459
-0.00409126
-0.00475004
-0.00549969
-0.00635243
-0.00729506
-0.00831203
-0.00934216
-0.0102849
-0.0109749
-0.0111866
-0.0106395
-0.00908174
0.000265287
-0.000573731
-0.00123102
-0.00186534
-0.00236852
-0.00296312
-0.00362512
-0.00434174
-0.00494651
-0.00532798
-0.0057635
-0.00633111
-0.00685136
-0.00714235
-0.00708069
-0.00666923
-0.00603413
-0.00547328
-0.0053809
-0.0061235
0.000260002
-0.000597415
-0.00127451
-0.00183659
-0.00211957
-0.00233533
-0.00262617
-0.00300725
-0.00357525
-0.00446344
-0.00562212
-0.00703545
-0.00865988
-0.0103684
-0.011958
-0.0132461
-0.0140759
-0.0142601
-0.0135692
-0.0118016
-0.0101121
-0.0142654
-0.0153494
-0.0132088
-0.0108903
-0.00873683
-0.00653343
-0.00475635
-0.00349128
-0.00221674
-0.000698165
0.000723729
0.00156766
0.00203203
0.00289963
0.00430941
0.00576808
0.00705773
0.00826594
0.00947872
0.0107303
0.0120343
0.0134006
0.0148167
0.016288
0.0177953
0.0193587
0.0209796
0.0226894
0.0244812
0.0263019
0.0281387
0.0300531
0.0320772
0.0341856
0.0363853
0.0385751
0.0408777
0.0432247
0.045707
0.0482414
0.0508677
0.0536041
0.0563625
0.059344
0.0622549
0.0654404
0.0686158
0.0714916
0.0750311
-0.0100111
-0.0141864
-0.0153034
-0.0131926
-0.0108825
-0.00873206
-0.0065298
-0.00475302
-0.00348826
-0.00221412
-0.000695868
0.000725867
0.00156963
0.00203363
0.00290088
0.00431051
0.0057691
0.00705862
0.00826672
0.0094794
0.0107309
0.0120348
0.0134011
0.0148172
0.0162884
0.0177957
0.019359
0.0209799
0.0226897
0.0244814
0.0263022
0.028139
0.0300533
0.0320774
0.0341858
0.0363855
0.0385753
0.0408779
0.0432248
0.0457071
0.0482415
0.0508678
0.0536042
0.0563626
0.0593441
0.062255
0.0654405
0.0686159
0.0714917
0.0750311
-0.0100107
-0.0140935
-0.0152309
-0.0131686
-0.0108725
-0.00872642
-0.006526
-0.00474997
-0.00348563
-0.00221183
-0.000693759
0.000727912
0.00157148
0.002035
0.0029019
0.0043115
0.00577005
0.00705945
0.00826742
0.00948001
0.0107315
0.0120352
0.0134015
0.0148175
0.0162887
0.017796
0.0193593
0.0209801
0.0226899
0.0244817
0.0263024
0.0281392
0.0300535
0.0320775
0.0341859
0.0363856
0.0385754
0.040878
0.043225
0.0457072
0.0482416
0.0508679
0.0536043
0.0563627
0.0593442
0.062255
0.0654405
0.068616
0.0714917
0.0750311
-0.0100353
-0.0139767
-0.0151208
-0.0131284
-0.0108566
-0.00871786
-0.00652106
-0.00474677
-0.00348312
-0.00220958
-0.000691632
0.000730048
0.00157344
0.00203638
0.0029029
0.00431252
0.00577107
0.00706033
0.00826816
0.00948064
0.010732
0.0120357
0.0134019
0.0148179
0.0162891
0.0177963
0.0193596
0.0209804
0.0226902
0.0244819
0.0263026
0.0281394
0.0300537
0.0320777
0.0341861
0.0363858
0.0385755
0.0408781
0.0432251
0.0457073
0.0482417
0.050868
0.0536044
0.0563627
0.0593443
0.0622551
0.0654406
0.068616
0.0714918
0.0750312
-0.0100475
-0.013834
-0.0149778
-0.0130707
-0.010833
-0.00870487
-0.00651403
-0.00474304
-0.00348051
-0.00220726
-0.000689469
0.000732271
0.0015756
0.00203797
0.00290406
0.00431372
0.00577226
0.00706134
0.00826901
0.00948137
0.0107326
0.0120362
0.0134024
0.0148183
0.0162894
0.0177966
0.0193599
0.0209807
0.0226904
0.0244821
0.0263029
0.0281396
0.0300539
0.0320779
0.0341863
0.036386
0.0385757
0.0408783
0.0432252
0.0457074
0.0482418
0.0508681
0.0536045
0.0563628
0.0593444
0.0622552
0.0654407
0.0686161
0.071492
0.0750312
-0.0100468
-0.0136757
-0.0148166
-0.0130011
-0.010803
-0.00868753
-0.00650455
-0.00473844
-0.00347758
-0.0022048
-0.000687416
0.000734353
0.00157788
0.00203987
0.00290556
0.00431522
0.00577366
0.00706251
0.00827
0.00948223
0.0107333
0.0120368
0.0134029
0.0148188
0.0162898
0.017797
0.0193602
0.020981
0.0226907
0.0244824
0.0263031
0.0281398
0.0300541
0.0320781
0.0341865
0.0363861
0.0385759
0.0408784
0.0432253
0.0457076
0.0482419
0.0508682
0.0536046
0.0563629
0.0593445
0.0622553
0.0654407
0.0686162
0.0714921
0.0750313
-0.0100407
-0.0135114
-0.0146468
-0.0129244
-0.010769
-0.00866696
-0.00649284
-0.00473279
-0.00347409
-0.00220202
-0.000685559
0.000736008
0.00158004
0.00204205
0.00290754
0.00431716
0.00577537
0.0070639
0.00827117
0.00948325
0.0107342
0.0120376
0.0134035
0.0148193
0.0162903
0.0177974
0.0193606
0.0209813
0.022691
0.0244827
0.0263034
0.0281401
0.0300543
0.0320783
0.0341867
0.0363863
0.038576
0.0408786
0.0432255
0.0457077
0.0482421
0.0508683
0.0536047
0.056363
0.0593445
0.0622554
0.0654408
0.0686163
0.0714924
0.0750314
-0.0100343
-0.0133444
-0.014471
-0.0128429
-0.0107327
-0.00864438
-0.00647941
-0.0047261
-0.00346989
-0.00219877
-0.000683849
0.000737036
0.00158176
0.00204434
0.00291004
0.00431971
0.00577753
0.00706555
0.00827254
0.00948446
0.0107352
0.0120385
0.0134043
0.01482
0.0162909
0.0177979
0.019361
0.0209817
0.0226914
0.024483
0.0263037
0.0281403
0.0300545
0.0320785
0.0341869
0.0363866
0.0385762
0.0408787
0.0432256
0.0457078
0.0482422
0.0508684
0.0536048
0.0563631
0.0593446
0.0622555
0.0654409
0.0686165
0.0714926
0.0750315
-0.0100283
-0.0131742
-0.0142885
-0.0127572
-0.0106948
-0.00862054
-0.00646469
-0.0047185
-0.00346503
-0.00219502
-0.000682191
0.000737378
0.00158277
0.0020464
0.00291292
0.00432296
0.00578029
0.00706757
0.00827412
0.00948583
0.0107364
0.0120395
0.0134052
0.0148208
0.0162915
0.0177985
0.0193615
0.0209821
0.0226917
0.0244834
0.026304
0.0281406
0.0300548
0.0320787
0.0341871
0.0363868
0.0385764
0.0408789
0.0432258
0.045708
0.0482423
0.0508686
0.0536049
0.0563632
0.0593447
0.0622556
0.065441
0.0686166
0.071493
0.0750317
-0.0100218
-0.0129995
-0.0140988
-0.0126673
-0.0106559
-0.00859585
-0.00644898
-0.00471016
-0.00345965
-0.00219086
-0.000680545
0.000737058
0.00158291
0.00204788
0.0029159
0.00432687
0.00578377
0.00707006
0.00827593
0.00948733
0.0107377
0.0120407
0.0134063
0.0148217
0.0162924
0.0177992
0.019362
0.0209826
0.0226922
0.0244838
0.0263044
0.0281409
0.030055
0.032079
0.0341874
0.036387
0.0385766
0.0408791
0.043226
0.0457082
0.0482425
0.0508687
0.053605
0.0563633
0.0593449
0.0622557
0.0654411
0.0686168
0.0714934
0.075032
-0.0100133
-0.0128206
-0.0139021
-0.0125733
-0.010616
-0.00857046
-0.00643241
-0.00470116
-0.00345387
-0.00218645
-0.000678959
0.000736083
0.00158213
0.00204857
0.00291862
0.00433122
0.00578798
0.0070731
0.00827799
0.00948892
0.0107391
0.012042
0.0134075
0.0148228
0.0162934
0.0178
0.0193627
0.0209831
0.0226926
0.0244842
0.0263048
0.0281412
0.0300553
0.0320792
0.0341876
0.0363873
0.0385769
0.0408794
0.0432262
0.0457084
0.0482427
0.0508689
0.0536052
0.0563635
0.059345
0.0622558
0.0654412
0.068617
0.071494
0.0750323
-0.0100025
-0.0126382
-0.0136987
-0.0124749
-0.010575
-0.00854447
-0.00641504
-0.00469154
-0.00344775
-0.00218187
-0.000677511
0.000734408
0.00158038
0.00204839
0.00292084
0.00433573
0.00579278
0.00707671
0.00828034
0.00949057
0.0107405
0.0120433
0.0134087
0.0148241
0.0162946
0.0178011
0.0193636
0.0209838
0.0226931
0.0244847
0.0263053
0.0281416
0.0300556
0.0320795
0.0341879
0.0363876
0.0385772
0.0408796
0.0432265
0.0457086
0.0482429
0.050869
0.0536053
0.0563636
0.0593451
0.0622559
0.0654414
0.0686172
0.0714947
0.0750328
-0.00998917
-0.012453
-0.0134891
-0.0123721
-0.0105332
-0.00851794
-0.00639688
-0.0046813
-0.0034413
-0.00217717
-0.000676272
0.000731967
0.00157764
0.00204741
0.00292248
0.00434013
0.00579792
0.0070808
0.00828295
0.00949225
0.0107418
0.0120446
0.0134101
0.0148254
0.0162959
0.0178023
0.0193647
0.0209847
0.0226937
0.0244852
0.0263059
0.0281421
0.030056
0.0320798
0.0341882
0.0363879
0.0385775
0.0408799
0.0432267
0.0457088
0.0482431
0.0508693
0.0536055
0.0563638
0.0593453
0.0622561
0.0654415
0.0686174
0.0714955
0.0750334
-0.00997326
-0.0122655
-0.0132734
-0.0122645
-0.0104904
-0.00849094
-0.00637791
-0.0046704
-0.00343451
-0.00217236
-0.000675289
0.000728703
0.00157387
0.00204579
0.00292364
0.00434425
0.00580312
0.00708517
0.00828576
0.00949396
0.0107431
0.0120458
0.0134114
0.0148268
0.0162973
0.0178037
0.019366
0.0209858
0.0226944
0.0244858
0.0263065
0.0281428
0.0300565
0.0320801
0.0341885
0.0363882
0.0385778
0.0408802
0.043227
0.0457091
0.0482434
0.0508695
0.0536058
0.056364
0.0593454
0.0622563
0.0654417
0.0686177
0.0714965
0.0750341
-0.00995433
-0.0120759
-0.013052
-0.012152
-0.0104466
-0.00846351
-0.00635812
-0.0046588
-0.00342735
-0.00216744
-0.000674591
0.0007246
0.00156912
0.00204383
0.00292458
0.00434803
0.00580811
0.0070896
0.00828869
0.00949568
0.0107443
0.012047
0.0134127
0.0148283
0.0162987
0.0178051
0.0193674
0.0209871
0.0226953
0.0244863
0.0263071
0.0281435
0.0300571
0.0320805
0.0341887
0.0363885
0.0385781
0.0408805
0.0432273
0.0457094
0.0482437
0.0508698
0.053606
0.0563642
0.0593456
0.0622565
0.0654419
0.068618
0.0714977
0.075035
-0.00993193
-0.011885
-0.0128252
-0.0120343
-0.0104019
-0.00843574
-0.00633751
-0.00464646
-0.0034198
-0.00216239
-0.000674186
0.000719658
0.00156363
0.00204196
0.00292572
0.00435156
0.00581272
0.00709386
0.00829162
0.0094974
0.0107456
0.0120482
0.013414
0.0148297
0.0163002
0.0178066
0.0193689
0.0209885
0.0226962
0.0244868
0.0263077
0.0281443
0.0300579
0.0320809
0.034189
0.0363888
0.0385784
0.0408809
0.0432277
0.0457098
0.048244
0.0508701
0.0536063
0.0563645
0.0593459
0.0622567
0.0654421
0.0686184
0.071499
0.0750361
-0.00990559
-0.0116934
-0.0125938
-0.0119116
-0.0103563
-0.00840773
-0.00631607
-0.00463334
-0.00341181
-0.00215713
-0.000674024
0.000713962
0.00155764
0.00204076
0.00292763
0.00435502
0.00581685
0.00709775
0.00829444
0.00949911
0.010747
0.0120496
0.0134154
0.0148312
0.0163018
0.017808
0.0193705
0.0209901
0.0226974
0.0244873
0.0263082
0.0281451
0.0300588
0.0320815
0.0341893
0.036389
0.0385787
0.0408812
0.0432281
0.0457101
0.0482443
0.0508704
0.0536067
0.0563648
0.0593462
0.062257
0.0654423
0.0686188
0.0715005
0.0750374
-0.00987467
-0.0115017
-0.0123583
-0.0117835
-0.0103098
-0.00837958
-0.0062938
-0.00461939
-0.00340339
-0.00215162
-0.000673998
0.00070772
0.00155157
0.00204086
0.00293101
0.00435869
0.00582051
0.00710116
0.00829709
0.00950082
0.0107485
0.012051
0.0134169
0.0148327
0.0163034
0.0178096
0.019372
0.0209918
0.0226986
0.0244878
0.0263086
0.0281459
0.0300598
0.0320821
0.0341895
0.0363892
0.038579
0.0408816
0.0432284
0.0457105
0.0482447
0.0508708
0.053607
0.0563651
0.0593465
0.0622573
0.0654426
0.0686192
0.0715023
0.0750389
-0.00983841
-0.0113106
-0.0121194
-0.0116499
-0.0102621
-0.00835144
-0.00627073
-0.0046046
-0.00339448
-0.00214577
-0.000673938
0.000701189
0.00154586
0.00204291
0.00293654
0.00436289
0.00582373
0.00710402
0.00829951
0.00950254
0.0107503
0.0120527
0.0134186
0.0148343
0.016305
0.0178111
0.0193736
0.0209935
0.0226999
0.0244882
0.026309
0.0281466
0.0300609
0.0320829
0.0341898
0.0363894
0.0385792
0.0408819
0.0432288
0.0457109
0.0482451
0.0508712
0.0536074
0.0563656
0.0593468
0.0622576
0.0654429
0.0686197
0.0715042
0.0750406
-0.00979615
-0.0111204
-0.0118775
-0.0115105
-0.0102133
-0.00832344
-0.0062469
-0.00458892
-0.00338503
-0.00213952
-0.000673652
0.000694625
0.00154091
0.00204755
0.00294484
0.00436796
0.00582662
0.00710633
0.00830168
0.00950431
0.0107522
0.0120546
0.0134204
0.014836
0.0163066
0.0178127
0.0193753
0.0209951
0.0227012
0.0244887
0.0263093
0.0281473
0.030062
0.0320838
0.0341901
0.0363895
0.0385794
0.0408823
0.0432293
0.0457113
0.0482454
0.0508715
0.0536078
0.056366
0.0593473
0.062258
0.0654433
0.0686202
0.0715063
0.0750425
-0.00974764
-0.0109313
-0.0116327
-0.0113645
-0.0101629
-0.00829569
-0.00622237
-0.00457232
-0.00337502
-0.00213282
-0.000672955
0.000688263
0.00153703
0.002055
0.00295624
0.00437415
0.00582927
0.00710813
0.0083036
0.00950615
0.0107545
0.0120567
0.0134224
0.0148378
0.0163082
0.0178143
0.019377
0.0209967
0.0227025
0.0244892
0.0263095
0.028148
0.030063
0.0320847
0.0341904
0.0363895
0.0385796
0.0408826
0.0432297
0.0457117
0.0482458
0.0508719
0.0536083
0.0563665
0.0593477
0.0622585
0.0654437
0.0686208
0.0715086
0.0750446
-0.00969293
-0.0107435
-0.0113847
-0.0112111
-0.0101105
-0.00826833
-0.00619721
-0.00455473
-0.00336441
-0.0021256
-0.000671694
0.000682294
0.00153434
0.00206526
0.00297079
0.0043816
0.00583177
0.00710951
0.0083053
0.00950809
0.010757
0.012059
0.0134246
0.0148397
0.0163098
0.0178159
0.0193788
0.0209984
0.0227038
0.0244898
0.0263097
0.0281487
0.030064
0.0320857
0.0341907
0.0363896
0.0385798
0.0408829
0.0432301
0.0457121
0.0482462
0.0508723
0.0536087
0.056367
0.0593482
0.062259
0.0654442
0.0686214
0.0715111
0.0750469
-0.0096316
-0.0105571
-0.0111338
-0.0110498
-0.0100558
-0.00824145
-0.00617152
-0.0045361
-0.00335314
-0.00211787
-0.000669794
0.000676839
0.00153275
0.00207807
0.00298825
0.00439033
0.00583421
0.00711057
0.00830681
0.00951015
0.0107597
0.0120614
0.0134269
0.0148418
0.0163114
0.0178176
0.0193807
0.0210001
0.0227051
0.0244903
0.0263099
0.0281494
0.030065
0.0320867
0.034191
0.0363896
0.03858
0.0408833
0.0432306
0.0457126
0.0482466
0.0508727
0.0536092
0.0563675
0.0593488
0.0622595
0.0654447
0.0686221
0.0715138
0.0750493
-0.00956343
-0.0103721
-0.0108801
-0.0108797
-0.00999793
-0.00821516
-0.00614548
-0.00451635
-0.0033411
-0.00210963
-0.000667253
0.000671929
0.00153208
0.00209301
0.00300819
0.00440025
0.00583666
0.00711141
0.00830819
0.00951233
0.0107626
0.0120639
0.0134293
0.014844
0.016313
0.0178193
0.0193827
0.0210019
0.0227064
0.024491
0.0263101
0.0281502
0.030066
0.0320878
0.0341913
0.0363896
0.0385802
0.0408836
0.0432311
0.045713
0.0482471
0.0508731
0.0536096
0.0563681
0.0593493
0.06226
0.0654452
0.0686228
0.0715166
0.0750519
-0.00948831
-0.0101885
-0.010624
-0.0107003
-0.00993634
-0.00818949
-0.00611928
-0.00449543
-0.00332821
-0.00210087
-0.000664124
0.000667552
0.00153217
0.0021096
0.00303003
0.00441119
0.00583918
0.00711214
0.00830949
0.00951463
0.0107656
0.0120666
0.0134318
0.0148462
0.0163147
0.0178211
0.0193848
0.0210037
0.0227078
0.0244917
0.0263104
0.0281511
0.0300671
0.032089
0.0341916
0.0363897
0.0385804
0.040884
0.0432315
0.0457135
0.0482475
0.0508735
0.0536101
0.0563686
0.0593499
0.0622606
0.0654457
0.0686235
0.0715195
0.0750547
-0.00940565
-0.0100061
-0.0103662
-0.0105115
-0.00987021
-0.00816444
-0.0060931
-0.00447328
-0.00331439
-0.00209159
-0.000660458
0.000663688
0.00153287
0.0021274
0.00305321
0.00442296
0.00584183
0.00711283
0.00831077
0.00951705
0.0107687
0.0120693
0.0134345
0.0148486
0.0163164
0.017823
0.019387
0.0210057
0.0227093
0.0244925
0.0263108
0.028152
0.0300682
0.0320902
0.034192
0.0363897
0.0385806
0.0408845
0.0432321
0.045714
0.048248
0.0508739
0.0536107
0.0563692
0.0593505
0.0622612
0.0654463
0.0686243
0.0715225
0.0750576
-0.00931677
-0.00982439
-0.0101072
-0.0103132
-0.00979868
-0.00814001
-0.00606722
-0.00444993
-0.00329954
-0.00208174
-0.000656292
0.000660305
0.0015341
0.00214604
0.00307729
0.00443542
0.00584466
0.00711357
0.00831208
0.00951958
0.0107719
0.0120721
0.0134372
0.014851
0.0163182
0.017825
0.0193893
0.0210077
0.022711
0.0244934
0.0263113
0.028153
0.0300694
0.0320915
0.0341925
0.0363898
0.0385809
0.0408849
0.0432326
0.0457145
0.0482485
0.0508744
0.0536112
0.0563698
0.0593512
0.0622618
0.0654469
0.0686252
0.0715257
0.0750606
-0.00922181
-0.00964372
-0.00984798
-0.0101052
-0.00972053
-0.00811596
-0.00604197
-0.00442545
-0.00328358
-0.00207127
-0.000651656
0.000657388
0.00153579
0.00216529
0.00310197
0.00444845
0.00584774
0.00711442
0.00831344
0.00952222
0.0107751
0.0120751
0.0134401
0.0148535
0.0163202
0.017827
0.0193917
0.0210098
0.0227128
0.0244944
0.0263119
0.0281542
0.0300708
0.0320929
0.0341931
0.03639
0.0385812
0.0408855
0.0432332
0.0457151
0.0482489
0.0508748
0.0536118
0.0563704
0.0593518
0.0622624
0.0654476
0.068626
0.071529
0.0750638
-0.0091195
-0.00946308
-0.0095897
-0.00988808
-0.00963466
-0.00809194
-0.00601755
-0.0043999
-0.00326638
-0.00206011
-0.000646516
0.000654958
0.00153792
0.00218501
0.00312708
0.00446197
0.00585112
0.00711543
0.0083149
0.00952498
0.0107785
0.0120781
0.0134431
0.0148561
0.0163222
0.0178292
0.0193942
0.0210121
0.0227147
0.0244955
0.0263127
0.0281554
0.0300722
0.0320944
0.0341938
0.0363901
0.0385816
0.0408861
0.0432338
0.0457156
0.0482494
0.0508754
0.0536124
0.0563711
0.0593525
0.0622631
0.0654483
0.0686269
0.0715324
0.0750672
-0.00901135
-0.0092817
-0.00933315
-0.0096623
-0.00953978
-0.00806756
-0.0059944
-0.00437353
-0.00324793
-0.00204823
-0.000640862
0.000653048
0.00154054
0.0022051
0.00315251
0.00447595
0.00585484
0.00711665
0.00831649
0.00952786
0.010782
0.0120813
0.0134462
0.0148588
0.0163243
0.0178315
0.0193967
0.0210144
0.0227167
0.0244967
0.0263136
0.0281567
0.0300738
0.0320959
0.0341945
0.0363903
0.038582
0.0408867
0.0432344
0.0457162
0.0482499
0.0508759
0.053613
0.0563718
0.0593532
0.0622638
0.065449
0.0686279
0.0715359
0.0750708
-0.00889624
-0.00909917
-0.00907981
-0.00942904
-0.00943476
-0.00804215
-0.00597272
-0.0043465
-0.00322811
-0.00203554
-0.000634702
0.000651651
0.00154366
0.00222556
0.00317827
0.00449035
0.00585893
0.00711812
0.00831823
0.00953087
0.0107855
0.0120846
0.0134494
0.0148615
0.0163266
0.0178338
0.0193993
0.0210168
0.0227189
0.0244979
0.0263145
0.0281581
0.0300755
0.0320975
0.0341953
0.0363906
0.0385825
0.0408874
0.0432351
0.0457168
0.0482504
0.0508764
0.0536137
0.0563725
0.059354
0.0622645
0.0654497
0.0686289
0.0715396
0.0750745
-0.00877161
-0.00891318
-0.00882994
-0.00918947
-0.00931898
-0.00801521
-0.00595276
-0.00431901
-0.00320676
-0.0020218
-0.000627876
0.000650826
0.00154727
0.00224631
0.00320433
0.00450517
0.00586343
0.00711987
0.00832014
0.00953403
0.0107892
0.012088
0.0134527
0.0148643
0.0163289
0.0178363
0.019402
0.0210193
0.0227211
0.0244992
0.0263155
0.0281596
0.0300773
0.0320992
0.0341961
0.0363908
0.038583
0.0408881
0.0432358
0.0457174
0.048251
0.050877
0.0536144
0.0563733
0.0593548
0.0622652
0.0654505
0.0686299
0.0715433
0.0750783
-0.00863674
-0.00872378
-0.00858442
-0.00894358
-0.00919042
-0.00798565
-0.00593497
-0.00429183
-0.00318425
-0.00200713
-0.000620395
0.000650679
0.00155146
0.00226734
0.00323064
0.00452039
0.00586837
0.00712193
0.00832225
0.00953733
0.0107931
0.0120916
0.0134562
0.0148673
0.0163314
0.0178389
0.0194047
0.0210219
0.0227234
0.0245005
0.0263165
0.0281611
0.0300791
0.0321008
0.034197
0.0363911
0.0385835
0.0408889
0.0432365
0.045718
0.0482516
0.0508776
0.0536152
0.0563741
0.0593556
0.062266
0.0654513
0.068631
0.0715472
0.0750824
-0.00848977
-0.00852955
-0.00834488
-0.00869378
-0.00904877
-0.00795196
-0.00591862
-0.00426465
-0.0031602
-0.0019913
-0.000612227
0.000651215
0.00155632
0.00228876
0.00325728
0.00453598
0.00587372
0.00712431
0.00832458
0.00954082
0.0107971
0.0120952
0.0134597
0.0148703
0.016334
0.0178416
0.0194076
0.0210245
0.0227258
0.0245019
0.0263176
0.0281627
0.0300811
0.0321026
0.0341979
0.0363914
0.038584
0.0408897
0.0432373
0.0457187
0.0482521
0.0508782
0.0536159
0.0563749
0.0593564
0.0622668
0.0654522
0.0686322
0.0715511
0.0750866
-0.00833547
-0.0083285
-0.0081103
-0.00844175
-0.00889465
-0.00791405
-0.00590415
-0.0042381
-0.00313474
-0.00197405
-0.000603098
0.000652504
0.0015617
0.00231041
0.00328417
0.004552
0.00587958
0.00712705
0.00832715
0.00954448
0.0108012
0.0120991
0.0134633
0.0148735
0.0163367
0.0178445
0.0194105
0.0210273
0.0227283
0.0245034
0.0263188
0.0281643
0.0300831
0.0321043
0.0341988
0.0363917
0.0385846
0.0408905
0.0432381
0.0457193
0.0482528
0.0508789
0.0536167
0.0563757
0.0593573
0.0622676
0.0654531
0.0686334
0.0715552
0.075091
-0.00817533
-0.008123
-0.00788158
-0.00818705
-0.00872632
-0.00787074
-0.0058923
-0.00421365
-0.0031088
-0.00195579
-0.000593122
0.000654699
0.00156782
0.00233232
0.0033113
0.00456838
0.00588587
0.00713012
0.00832993
0.0095483
0.0108055
0.012103
0.0134671
0.0148768
0.0163395
0.0178474
0.0194136
0.0210302
0.0227309
0.024505
0.02632
0.0281661
0.0300851
0.0321061
0.0341998
0.036392
0.0385852
0.0408914
0.0432389
0.0457201
0.0482534
0.0508796
0.0536175
0.0563766
0.0593582
0.0622685
0.0654541
0.0686347
0.0715593
0.0750956
-0.00799985
-0.00790868
-0.0076596
-0.0079338
-0.00854485
-0.00781889
-0.00588027
-0.00418987
-0.00308141
-0.00193583
-0.000582042
0.000657823
0.00157476
0.0023547
0.00333871
0.00458513
0.00589259
0.00713351
0.00833298
0.00955235
0.01081
0.0121071
0.013471
0.0148803
0.0163425
0.0178505
0.0194168
0.0210331
0.0227336
0.0245066
0.0263213
0.0281679
0.0300872
0.0321079
0.0342008
0.0363924
0.0385858
0.0408922
0.0432398
0.0457208
0.0482541
0.0508803
0.0536184
0.0563775
0.0593592
0.0622694
0.0654551
0.068636
0.0715636
0.0751004
-0.00781584
-0.00768451
-0.00744195
-0.00768295
-0.00835198
-0.00775845
-0.00586851
-0.00416776
-0.00305331
-0.0019142
-0.000569588
0.000661951
0.00158226
0.00237742
0.00336634
0.00460237
0.0058999
0.00713735
0.00833632
0.00955662
0.0108147
0.0121113
0.013475
0.0148839
0.0163456
0.0178537
0.0194201
0.0210362
0.0227363
0.0245083
0.0263226
0.0281697
0.0300894
0.0321097
0.0342019
0.0363927
0.0385865
0.0408932
0.0432407
0.0457216
0.0482548
0.050881
0.0536193
0.0563785
0.0593602
0.0622704
0.0654561
0.0686373
0.071568
0.0751054
-0.00762715
-0.00745428
-0.00722771
-0.00743312
-0.00814739
-0.00768898
-0.00585835
-0.00414954
-0.00302635
-0.0018919
-0.000556017
0.000667317
0.00159075
0.00239956
0.00339422
0.00461997
0.0059076
0.00714144
0.00833983
0.00956099
0.0108194
0.0121157
0.0134792
0.0148877
0.0163488
0.017857
0.0194235
0.0210394
0.0227391
0.0245101
0.0263239
0.0281716
0.0300916
0.0321116
0.0342029
0.0363931
0.0385871
0.0408941
0.0432416
0.0457224
0.0482556
0.0508818
0.0536202
0.0563795
0.0593612
0.0622714
0.0654573
0.0686388
0.0715725
0.0751106
-0.00741675
-0.00721142
-0.00701662
-0.00718965
-0.00793383
-0.00760656
-0.00584477
-0.00413188
-0.00299851
-0.00186751
-0.000540595
0.000674101
0.00160016
0.00242291
0.0034223
0.00463796
0.00591577
0.00714594
0.00834369
0.00956568
0.0108244
0.0121202
0.0134835
0.0148916
0.0163521
0.0178604
0.019427
0.0210427
0.022742
0.0245119
0.0263254
0.0281736
0.0300939
0.0321135
0.0342041
0.0363936
0.0385878
0.0408951
0.0432426
0.0457232
0.0482563
0.0508826
0.0536212
0.0563805
0.0593623
0.0622724
0.0654584
0.0686403
0.0715771
0.0751159
-0.00719158
-0.00695792
-0.0068091
-0.00695351
-0.00771254
-0.00751078
-0.00582795
-0.00411602
-0.00297129
-0.001842
-0.000523662
0.000682197
0.0016103
0.00244685
0.0034506
0.00465657
0.00592462
0.00715093
0.00834785
0.00957058
0.0108296
0.0121249
0.013488
0.0148957
0.0163557
0.017864
0.0194307
0.0210462
0.022745
0.0245138
0.0263269
0.0281757
0.0300963
0.0321155
0.0342052
0.0363941
0.0385886
0.0408961
0.0432436
0.0457241
0.0482572
0.0508835
0.0536222
0.0563816
0.0593635
0.0622735
0.0654597
0.0686419
0.0715818
0.0751215
-0.00695725
-0.00669767
-0.00660288
-0.00672335
-0.00748595
-0.00740366
-0.00580982
-0.00410436
-0.00294686
-0.00181654
-0.000505321
0.000692032
0.00162184
0.00247059
0.00347912
0.0046755
0.00593382
0.00715613
0.00835214
0.00957557
0.0108349
0.0121298
0.0134927
0.0149
0.0163593
0.0178677
0.0194345
0.0210497
0.0227481
0.0245159
0.0263284
0.0281778
0.0300987
0.0321175
0.0342064
0.0363946
0.0385894
0.0408972
0.0432446
0.0457251
0.048258
0.0508844
0.0536233
0.0563827
0.0593647
0.0622746
0.065461
0.0686435
0.0715865
0.0751273
-0.00668621
-0.0064201
-0.00639218
-0.00650187
-0.00725748
-0.00728267
-0.00578466
-0.00409224
-0.00292242
-0.00178945
-0.000484639
0.000704054
0.00163452
0.00249499
0.00350771
0.00469483
0.00594361
0.00716187
0.00835691
0.00958095
0.0108405
0.0121348
0.0134975
0.0149044
0.0163631
0.0178715
0.0194384
0.0210534
0.0227513
0.024518
0.0263301
0.02818
0.0301012
0.0321196
0.0342077
0.0363951
0.0385902
0.0408983
0.0432457
0.045726
0.0482589
0.0508853
0.0536244
0.0563839
0.0593659
0.0622758
0.0654623
0.0686453
0.0715914
0.0751333
-0.00639226
-0.00613164
-0.00617992
-0.00628738
-0.00702415
-0.0071457
-0.00575166
-0.00408017
-0.00289959
-0.00176281
-0.000462982
0.000717456
0.00164823
0.0025198
0.00353661
0.00471488
0.00595416
0.00716811
0.00836194
0.0095865
0.0108462
0.0121401
0.0135025
0.0149089
0.0163671
0.0178755
0.0194425
0.0210572
0.0227546
0.0245202
0.0263318
0.0281823
0.0301038
0.0321217
0.034209
0.0363957
0.038591
0.0408994
0.0432468
0.045727
0.0482599
0.0508863
0.0536255
0.0563851
0.0593673
0.062277
0.0654638
0.0686471
0.0715964
0.0751395
-0.00611331
-0.00584067
-0.00596258
-0.00607833
-0.00679151
-0.00699828
-0.00571319
-0.00406976
-0.00287972
-0.00173732
-0.000439924
0.000733385
0.00166394
0.00254519
0.00356561
0.00473516
0.00596506
0.00717465
0.00836723
0.00959226
0.0108522
0.0121455
0.0135077
0.0149137
0.0163712
0.0178796
0.0194467
0.0210611
0.022758
0.0245225
0.0263336
0.0281847
0.0301064
0.0321239
0.0342103
0.0363964
0.0385919
0.0409006
0.043248
0.0457281
0.0482609
0.0508873
0.0536267
0.0563864
0.0593686
0.0622783
0.0654653
0.068649
0.0716014
0.0751459
-0.00584463
-0.00554212
-0.00573845
-0.00587855
-0.00656438
-0.00684132
-0.005666
-0.00405715
-0.00286015
-0.00171159
-0.000415059
0.000751774
0.00168115
0.00257096
0.00359459
0.00475589
0.00597669
0.00718184
0.008373
0.00959836
0.0108584
0.0121511
0.0135131
0.0149186
0.0163755
0.0178839
0.019451
0.0210651
0.0227615
0.0245249
0.0263355
0.0281871
0.0301091
0.0321262
0.0342117
0.036397
0.0385928
0.0409018
0.0432492
0.0457292
0.0482619
0.0508884
0.053628
0.0563877
0.0593701
0.0622796
0.0654669
0.0686509
0.0716066
0.0751526
-0.00558266
-0.00524271
-0.00551043
-0.00568397
-0.00633853
-0.00667208
-0.00560763
-0.00404122
-0.00284161
-0.00168751
-0.000390198
0.000772032
0.0017001
0.00259746
0.00362407
0.00477732
0.00598902
0.00718949
0.00837904
0.00960466
0.0108647
0.0121569
0.0135186
0.0149236
0.0163799
0.0178883
0.0194555
0.0210693
0.0227652
0.0245274
0.0263376
0.0281897
0.0301119
0.0321286
0.0342132
0.0363978
0.0385938
0.0409031
0.0432504
0.0457303
0.048263
0.0508895
0.0536293
0.0563891
0.0593716
0.062281
0.0654686
0.068653
0.0716118
0.0751595
-0.00533851
-0.00494663
-0.00527293
-0.00548896
-0.00611491
-0.00649528
-0.00554031
-0.0040229
-0.00282457
-0.00166502
-0.000364611
0.000795056
0.00172253
0.00262491
0.00365364
0.00479895
0.00600179
0.00719763
0.00838555
0.00961134
0.0108714
0.012163
0.0135244
0.0149289
0.0163846
0.0178929
0.0194602
0.0210736
0.0227689
0.02453
0.0263397
0.0281923
0.0301148
0.032131
0.0342147
0.0363986
0.0385948
0.0409044
0.0432517
0.0457315
0.0482642
0.0508906
0.0536307
0.0563905
0.0593732
0.0622824
0.0654703
0.0686552
0.0716171
0.0751665
-0.00510738
-0.00464905
-0.00502455
-0.00529493
-0.00589705
-0.00631378
-0.00546402
-0.00400017
-0.00280656
-0.0016429
-0.000338818
0.000819671
0.00174568
0.0026531
0.00368346
0.0048212
0.00601542
0.00720648
0.00839251
0.00961829
0.0108782
0.0121692
0.0135304
0.0149344
0.0163895
0.0178977
0.019465
0.0210781
0.0227728
0.0245328
0.0263419
0.028195
0.0301178
0.0321334
0.0342163
0.0363994
0.0385958
0.0409058
0.0432531
0.0457327
0.0482654
0.0508919
0.0536322
0.056392
0.0593748
0.0622839
0.0654722
0.0686575
0.0716225
0.0751739
-0.00488042
-0.00435057
-0.00476928
-0.00510241
-0.00568458
-0.00612749
-0.00537747
-0.00397154
-0.00278746
-0.00162246
-0.000314065
0.000845925
0.00177141
0.00268275
0.00371401
0.00484412
0.00602965
0.00721576
0.0083998
0.00962556
0.0108854
0.0121757
0.0135365
0.01494
0.0163945
0.0179027
0.01947
0.0210827
0.0227768
0.0245357
0.0263442
0.0281978
0.0301208
0.032136
0.0342179
0.0364003
0.0385969
0.0409072
0.0432545
0.045734
0.0482667
0.0508931
0.0536337
0.0563935
0.0593766
0.0622855
0.0654741
0.0686599
0.0716279
0.0751814
-0.00465701
-0.00405492
-0.00450928
-0.00490879
-0.00547613
-0.00593739
-0.00528193
-0.00393757
-0.00276707
-0.00160293
-0.000289644
0.000874045
0.00179941
0.00271359
0.00374491
0.0048674
0.00604444
0.00722565
0.00840766
0.00963322
0.0108928
0.0121824
0.0135429
0.0149459
0.0163998
0.0179078
0.0194752
0.0210875
0.0227809
0.0245387
0.0263467
0.0282006
0.030124
0.0321386
0.0342197
0.0364013
0.0385981
0.0409087
0.043256
0.0457354
0.048268
0.0508945
0.0536353
0.0563951
0.0593784
0.0622871
0.0654761
0.0686624
0.0716335
0.0751892
-0.00443494
-0.00376408
-0.0042446
-0.00471225
-0.00527159
-0.00574526
-0.00517862
-0.00389755
-0.00274372
-0.00158341
-0.000266093
0.000902985
0.00182927
0.00274564
0.0037765
0.00489149
0.00606012
0.00723622
0.00841591
0.00964115
0.0109004
0.0121894
0.0135496
0.014952
0.0164053
0.0179132
0.0194805
0.0210925
0.0227852
0.0245418
0.0263493
0.0282036
0.0301272
0.0321413
0.0342215
0.0364024
0.0385993
0.0409102
0.0432575
0.0457368
0.0482694
0.0508959
0.053637
0.0563968
0.0593803
0.0622888
0.0654782
0.068665
0.0716391
0.0751971
-0.00421431
-0.00347818
-0.0039755
-0.00451254
-0.00507126
-0.00555214
-0.00506767
-0.0038508
-0.002717
-0.0015641
-0.000243845
0.000932781
0.00186136
0.00277924
0.00380899
0.00491641
0.00607647
0.00724727
0.0084246
0.00964954
0.0109085
0.0121967
0.0135564
0.0149583
0.016411
0.0179187
0.0194861
0.0210976
0.0227896
0.0245451
0.026352
0.0282067
0.0301305
0.0321441
0.0342233
0.0364035
0.0386006
0.0409118
0.0432591
0.0457383
0.0482709
0.0508973
0.0536387
0.0563985
0.0593823
0.0622906
0.0654804
0.0686677
0.0716447
0.0752053
-0.00399925
-0.00319724
-0.00370408
-0.00430978
-0.00487447
-0.00535836
-0.00494987
-0.0037978
-0.00268646
-0.00154398
-0.000222435
0.000963133
0.0018953
0.00281429
0.00384235
0.00494213
0.0060936
0.00725903
0.0084339
0.00965831
0.0109168
0.0122042
0.0135636
0.0149649
0.0164169
0.0179244
0.0194918
0.0211029
0.0227942
0.0245485
0.0263548
0.0282099
0.0301339
0.032147
0.0342253
0.0364047
0.0386019
0.0409134
0.0432608
0.0457399
0.0482724
0.0508989
0.0536406
0.0564003
0.0593844
0.0622924
0.0654828
0.0686706
0.0716505
0.0752138
-0.0037932
-0.00292256
-0.00343148
-0.00410332
-0.00468069
-0.00516491
-0.00482617
-0.00373856
-0.00265128
-0.00152237
-0.000201974
0.000993645
0.00193098
0.00285078
0.00387658
0.00496887
0.00611179
0.00727151
0.00844355
0.00966734
0.0109254
0.012212
0.0135709
0.0149716
0.0164231
0.0179304
0.0194978
0.0211083
0.022799
0.0245521
0.0263578
0.0282132
0.0301374
0.0321499
0.0342273
0.0364059
0.0386033
0.0409152
0.0432625
0.0457415
0.0482741
0.0509005
0.0536425
0.0564021
0.0593866
0.0622944
0.0654852
0.0686737
0.0716563
0.0752224
-0.00359456
-0.00265311
-0.00315892
-0.00389324
-0.00448937
-0.00497222
-0.00469699
-0.00367339
-0.00261151
-0.00149874
-0.000182083
0.00102419
0.00196815
0.00288859
0.00391186
0.00499682
0.00613096
0.00728455
0.00845365
0.00967685
0.0109344
0.0122201
0.0135786
0.0149787
0.0164295
0.0179366
0.0195039
0.021114
0.0228039
0.0245559
0.026361
0.0282166
0.030141
0.0321529
0.0342294
0.0364073
0.0386048
0.0409169
0.0432643
0.0457432
0.0482758
0.0509021
0.0536445
0.0564041
0.0593889
0.0622964
0.0654877
0.0686769
0.0716621
0.0752312
-0.00339824
-0.00238994
-0.00288728
-0.00367923
-0.00430036
-0.00478112
-0.00456303
-0.0036026
-0.00256676
-0.00147208
-0.000162321
0.00105435
0.00200655
0.00292786
0.00394824
0.00502586
0.00615114
0.00729842
0.00846438
0.00968674
0.0109437
0.0122285
0.0135865
0.014986
0.0164362
0.017943
0.0195102
0.0211198
0.0228089
0.0245598
0.0263643
0.0282202
0.0301448
0.0321561
0.0342317
0.0364087
0.0386063
0.0409188
0.0432662
0.0457449
0.0482776
0.0509039
0.0536466
0.0564061
0.0593913
0.0622985
0.0654903
0.0686802
0.0716681
0.0752403
-0.0032052
-0.00213423
-0.00261738
-0.00346242
-0.00411357
-0.00459158
-0.00442437
-0.00352629
-0.00251696
-0.00144209
-0.000142576
0.00108399
0.00204619
0.00296845
0.00398539
0.00505603
0.00617278
0.0073133
0.00847556
0.00969691
0.0109533
0.0122373
0.0135947
0.0149936
0.0164431
0.0179497
0.0195168
0.0211259
0.0228142
0.0245639
0.0263677
0.0282238
0.0301486
0.0321593
0.034234
0.0364103
0.0386079
0.0409207
0.0432681
0.0457468
0.0482795
0.0509057
0.0536489
0.0564082
0.0593938
0.0623007
0.065493
0.0686837
0.071674
0.0752495
-0.00302098
-0.00188694
-0.00235083
-0.0032425
-0.00392763
-0.00440403
-0.00428189
-0.00344515
-0.00246263
-0.00140834
-0.000122032
0.00111333
0.00208669
0.00301011
0.00402355
0.00508763
0.00619584
0.00732897
0.00848718
0.00970752
0.0109633
0.0122463
0.0136032
0.0150015
0.0164504
0.0179567
0.0195237
0.0211321
0.0228196
0.0245682
0.0263714
0.0282276
0.0301525
0.0321627
0.0342364
0.0364119
0.0386096
0.0409228
0.0432702
0.0457487
0.0482814
0.0509076
0.0536512
0.0564104
0.0593964
0.062303
0.0654959
0.0686874
0.0716801
0.075259
-0.00284223
-0.00164724
-0.00208747
-0.00301953
-0.003743
-0.00421968
-0.00413628
-0.00335918
-0.00240371
-0.00137014
-9.99832e-05
0.00114212
0.00212771
0.00305304
0.00406276
0.00512029
0.00622011
0.0073458
0.0084996
0.00971854
0.0109736
0.0122557
0.0136121
0.0150096
0.0164579
0.0179638
0.0195307
0.0211386
0.0228252
0.0245727
0.0263752
0.0282315
0.0301566
0.0321661
0.034239
0.0364137
0.0386114
0.0409249
0.0432723
0.0457508
0.0482835
0.0509097
0.0536536
0.0564127
0.0593992
0.0623054
0.0654988
0.0686912
0.0716862
0.0752686
-0.00266236
-0.00141396
-0.0018289
-0.00279502
-0.00355904
-0.00403814
-0.00398774
-0.00326844
-0.00234043
-0.00132756
-7.62762e-05
0.00117045
0.00216922
0.00309714
0.0041027
0.00515398
0.00624608
0.00736407
0.00851264
0.00972979
0.0109842
0.0122654
0.0136212
0.0150181
0.0164658
0.0179714
0.019538
0.0211452
0.022831
0.0245774
0.0263792
0.0282356
0.0301607
0.0321697
0.0342416
0.0364155
0.0386134
0.0409271
0.0432745
0.0457529
0.0482857
0.0509118
0.0536561
0.0564151
0.059402
0.062308
0.0655018
0.0686952
0.0716925
0.0752784
-0.00248185
-0.00118797
-0.00157648
-0.0025687
-0.00337472
-0.00386009
-0.00383735
-0.00317319
-0.00227327
-0.00128073
-5.01376e-05
0.00119898
0.00221108
0.00314215
0.00414349
0.00518883
0.00627357
0.00738351
0.00852633
0.00974155
0.0109952
0.0122754
0.0136306
0.0150268
0.016474
0.0179792
0.0195456
0.0211521
0.0228371
0.0245823
0.0263834
0.0282398
0.030165
0.0321733
0.0342444
0.0364175
0.0386154
0.0409294
0.0432768
0.0457551
0.048288
0.050914
0.0536588
0.0564175
0.059405
0.0623106
0.065505
0.0686995
0.0716987
0.0752884
-0.00230293
-0.000968778
-0.00133058
-0.0023417
-0.0031903
-0.00368601
-0.00368564
-0.00307347
-0.00220255
-0.00122932
-2.07752e-05
0.00122767
0.00225274
0.00318794
0.00418529
0.00522457
0.00630226
0.00740457
0.00854121
0.00975375
0.0110064
0.0122857
0.0136404
0.015036
0.0164824
0.0179872
0.0195535
0.0211592
0.0228433
0.0245874
0.0263877
0.0282441
0.0301694
0.0321772
0.0342473
0.0364196
0.0386175
0.0409318
0.0432792
0.0457575
0.0482904
0.0509163
0.0536616
0.0564201
0.0594081
0.0623134
0.0655082
0.0687039
0.0717051
0.0752986
-0.00212878
-0.000755558
-0.00109208
-0.00211548
-0.00300505
-0.00351565
-0.00353372
-0.00296961
-0.00212832
-0.00117362
1.1834e-05
0.00125673
0.00229436
0.00323466
0.004228
0.00526115
0.00633239
0.00742727
0.00855709
0.00976628
0.0110179
0.0122964
0.0136505
0.0150453
0.0164913
0.0179956
0.0195616
0.0211666
0.0228497
0.0245928
0.0263923
0.0282486
0.0301739
0.0321811
0.0342503
0.0364219
0.0386197
0.0409343
0.0432818
0.0457599
0.048293
0.0509187
0.0536645
0.0564229
0.0594114
0.0623163
0.0655116
0.0687085
0.0717116
0.0753089
-0.00196089
-0.000548203
-0.000861554
-0.00189096
-0.00281843
-0.00334898
-0.00338265
-0.00286171
-0.00205065
-0.00111416
4.78605e-05
0.00128697
0.00233612
0.00328187
0.00427149
0.00529867
0.00636374
0.00745134
0.00857411
0.00977958
0.0110298
0.0123073
0.0136608
0.0150551
0.0165005
0.0180044
0.01957
0.0211742
0.0228564
0.0245983
0.0263971
0.0282532
0.0301786
0.0321852
0.0342535
0.0364242
0.038622
0.0409369
0.0432844
0.0457625
0.0482956
0.0509213
0.0536675
0.0564257
0.0594147
0.0623194
0.0655151
0.0687133
0.0717181
0.0753193
-0.00179896
-0.000347263
-0.000638622
-0.00166919
-0.00263056
-0.0031859
-0.00323337
-0.00274995
-0.00196979
-0.00105127
8.77788e-05
0.00131868
0.00237776
0.00332934
0.0043159
0.00533714
0.00639602
0.00747696
0.00859268
0.00979352
0.011042
0.0123185
0.0136714
0.0150652
0.01651
0.0180135
0.0195788
0.021182
0.0228633
0.0246042
0.0264021
0.0282581
0.0301834
0.0321894
0.0342568
0.0364267
0.0386245
0.0409396
0.0432871
0.0457652
0.0482984
0.050924
0.0536707
0.0564287
0.0594182
0.0623226
0.0655187
0.0687183
0.0717247
0.0753299
-0.00164378
-0.000152559
-0.000422614
-0.00145181
-0.00244177
-0.00302575
-0.00308682
-0.00263494
-0.00188576
-0.000985219
0.000131708
0.00135204
0.00241932
0.00337726
0.00436114
0.00537645
0.00642935
0.00750398
0.00861261
0.00980823
0.0110546
0.0123302
0.0136824
0.0150754
0.0165199
0.018023
0.0195879
0.0211901
0.0228704
0.0246102
0.0264073
0.0282631
0.0301883
0.0321938
0.0342603
0.0364294
0.0386271
0.0409425
0.04329
0.0457681
0.0483013
0.0509268
0.053674
0.0564318
0.0594219
0.062326
0.0655224
0.0687235
0.0717315
0.0753406
-0.00149479
3.52792e-05
-0.000213604
-0.00124019
-0.00225227
-0.0028673
-0.00294441
-0.0025178
-0.00179801
-0.000916501
0.00017905
0.0013876
0.00246131
0.0034254
0.00440698
0.00541666
0.00646364
0.00753212
0.00863394
0.00982409
0.0110676
0.012342
0.0136937
0.0150861
0.0165301
0.0180328
0.0195972
0.0211985
0.0228779
0.0246165
0.0264127
0.0282682
0.0301934
0.0321983
0.0342639
0.0364322
0.0386299
0.0409455
0.043293
0.0457711
0.0483044
0.0509297
0.0536774
0.056435
0.0594257
0.0623296
0.0655263
0.0687289
0.0717383
0.0753514
-0.00135037
0.000215601
-1.12505e-05
-0.00103518
-0.00206304
-0.00271002
-0.00280711
-0.00239954
-0.0017062
-0.000845418
0.000229452
0.00142573
0.00250398
0.00347358
0.00445327
0.00545782
0.0064988
0.00756134
0.00865671
0.00984104
0.0110812
0.0123541
0.0137053
0.0150972
0.0165406
0.018043
0.019607
0.0212071
0.0228855
0.0246231
0.0264185
0.0282736
0.0301986
0.0322031
0.0342677
0.0364352
0.0386328
0.0409487
0.0432961
0.0457742
0.0483076
0.0509328
0.053681
0.0564384
0.0594296
0.0623333
0.0655303
0.0687345
0.0717453
0.0753623
-0.00120833
0.000388372
0.000184564
-0.000837267
-0.00187574
-0.00255293
-0.00267461
-0.00228164
-0.00161062
-0.000771898
0.00028287
0.00146644
0.00254718
0.00352202
0.00450007
0.0054997
0.00653503
0.00759152
0.00868061
0.00985928
0.0110955
0.0123664
0.0137171
0.0151086
0.0165516
0.0180535
0.019617
0.0212161
0.0228935
0.02463
0.0264244
0.0282792
0.0302039
0.0322079
0.0342717
0.0364385
0.0386359
0.0409519
0.0432994
0.0457775
0.0483109
0.0509361
0.0536848
0.0564419
0.0594336
0.0623371
0.0655344
0.0687404
0.0717524
0.0753732
-0.00106552
0.000553862
0.000373695
-0.000646502
-0.00169195
-0.00239505
-0.00254668
-0.0021664
-0.00151147
-0.000695666
0.000338615
0.00150981
0.00259128
0.00357062
0.00454743
0.00554225
0.00657212
0.00762268
0.00870551
0.00987871
0.0111108
0.0123792
0.0137291
0.0151203
0.0165629
0.0180645
0.0196275
0.0212252
0.0229017
0.0246371
0.0264306
0.028285
0.0302095
0.032213
0.0342758
0.0364418
0.0386392
0.0409554
0.0433028
0.045781
0.0483145
0.0509395
0.0536888
0.0564457
0.0594379
0.0623412
0.0655387
0.0687464
0.0717596
0.0753843
-0.000920624
0.000712664
0.000555271
-0.000462972
-0.00151357
-0.0022368
-0.00242259
-0.0020558
-0.00140915
-0.000615961
0.000395729
0.00155567
0.00263712
0.00361928
0.00459484
0.00558545
0.00661013
0.00765478
0.00873137
0.00989928
0.0111272
0.0123924
0.0137414
0.0151325
0.0165745
0.0180756
0.0196384
0.0212349
0.0229102
0.0246444
0.026437
0.0282909
0.0302152
0.0322183
0.0342802
0.0364453
0.0386426
0.0409591
0.0433064
0.0457846
0.0483181
0.0509431
0.0536929
0.0564495
0.0594423
0.0623455
0.0655432
0.0687526
0.0717669
0.0753955
-0.000775904
0.00086486
0.000727611
-0.000286847
-0.00134228
-0.00207892
-0.00230037
-0.00195105
-0.00130538
-0.000532141
0.000454097
0.0016034
0.00268486
0.00366852
0.00464235
0.00562879
0.00664904
0.00768794
0.00875783
0.0099209
0.011145
0.0124062
0.0137537
0.0151451
0.0165867
0.0180871
0.0196494
0.0212448
0.0229191
0.0246521
0.0264437
0.0282971
0.0302211
0.0322238
0.0342848
0.0364492
0.0386462
0.0409628
0.0433101
0.0457885
0.048322
0.0509469
0.0536972
0.0564536
0.0594468
0.0623499
0.0655478
0.0687591
0.0717744
0.0754067
-0.000634192
0.0010109
0.000889769
-0.000117909
-0.00117866
-0.001923
-0.00217814
-0.00185276
-0.00120293
-0.000443799
0.000514277
0.00165219
0.00273414
0.00371851
0.0046905
0.00567231
0.00668816
0.00772225
0.00878509
0.0099431
0.0111641
0.012421
0.0137662
0.0151578
0.0165993
0.0180991
0.0196608
0.0212549
0.0229282
0.0246602
0.0264507
0.0283036
0.0302271
0.0322294
0.0342895
0.0364532
0.0386501
0.0409668
0.043314
0.0457925
0.048326
0.0509508
0.0537017
0.0564578
0.0594516
0.0623545
0.0655526
0.0687658
0.0717821
0.0754179
-0.000497834
0.00115147
0.00104119
4.35026e-05
-0.00102304
-0.00177181
-0.00205497
-0.00176043
-0.00110452
-0.000350739
0.000576806
0.00170129
0.00278515
0.00376927
0.00473898
0.00571633
0.00672756
0.00775721
0.00881317
0.00996589
0.0111843
0.0124369
0.0137791
0.015171
0.0166123
0.0181111
0.0196726
0.0212656
0.0229375
0.0246683
0.026458
0.0283104
0.0302334
0.0322353
0.0342944
0.0364573
0.0386541
0.040971
0.0433182
0.0457967
0.0483302
0.0509549
0.0537064
0.0564623
0.0594565
0.0623594
0.0655575
0.0687726
0.0717898
0.0754292
-0.0003699
0.00128656
0.00118144
0.000195837
-0.000875385
-0.00162753
-0.00193088
-0.00167225
-0.00101236
-0.00025417
0.000642611
0.0017502
0.00283758
0.00382107
0.00478744
0.00576053
0.00676773
0.00779327
0.00884158
0.00998882
0.0112057
0.0124541
0.0137924
0.0151845
0.016626
0.0181236
0.0196842
0.0212764
0.0229475
0.0246769
0.0264655
0.0283174
0.0302399
0.0322415
0.0342996
0.0364618
0.0386583
0.0409752
0.0433225
0.0458012
0.0483347
0.0509593
0.0537113
0.0564668
0.0594616
0.0623644
0.0655627
0.0687797
0.0717978
0.0754406
-0.000252939
0.00141578
0.00131123
0.0003373
-0.000735275
-0.00149173
-0.00180728
-0.00158584
-0.00092842
-0.000156331
0.000713286
0.00179883
0.00289045
0.00387427
0.00483617
0.0058044
0.00680759
0.00783058
0.00887149
0.0100117
0.0112274
0.0124728
0.0138063
0.015198
0.0166402
0.0181367
0.0196965
0.0212874
0.0229574
0.0246858
0.0264735
0.0283247
0.0302466
0.0322479
0.034305
0.0364665
0.0386628
0.0409798
0.0433269
0.0458058
0.0483394
0.0509639
0.0537165
0.0564716
0.0594669
0.0623697
0.065568
0.068787
0.0718059
0.0754519
-0.000149447
0.00153719
0.00143185
0.000467056
-0.00060283
-0.00136547
-0.00168664
-0.00149922
-0.000853392
-6.01723e-05
0.000789812
0.00184752
0.00294276
0.00392924
0.0048856
0.00584789
0.00684666
0.00786797
0.00890285
0.0100356
0.0112497
0.0124924
0.013821
0.0152117
0.0166547
0.0181502
0.019709
0.021299
0.0229677
0.0246946
0.0264816
0.0283325
0.0302535
0.0322545
0.0343107
0.0364715
0.0386675
0.0409846
0.0433318
0.0458106
0.0483441
0.0509686
0.0537219
0.0564768
0.0594724
0.0623752
0.0655735
0.0687944
0.0718141
0.0754634
-6.02738e-05
0.00164823
0.00154423
0.000584243
-0.000479014
-0.00124842
-0.00157185
-0.00141135
-0.000785749
3.08612e-05
0.000871797
0.00189779
0.00299366
0.00398528
0.00493589
0.00589134
0.00688542
0.00790532
0.00893435
0.0100597
0.0112731
0.012514
0.0138369
0.0152255
0.0166691
0.018164
0.0197217
0.0213107
0.0229787
0.0247043
0.0264901
0.0283402
0.0302607
0.0322615
0.0343166
0.0364767
0.0386725
0.0409895
0.0433367
0.0458158
0.0483493
0.0509736
0.0537274
0.0564819
0.0594782
0.062381
0.0655793
0.0688021
0.0718225
0.0754748
1.74203e-05
0.00174767
0.00164845
0.000687585
-0.000366244
-0.00113986
-0.00146538
-0.00132237
-0.000723308
0.000113818
0.00095793
0.00195121
0.00304262
0.00404179
0.00498732
0.00593462
0.0069234
0.00794281
0.008967
0.0100836
0.0112958
0.012537
0.013855
0.0152401
0.0166837
0.018178
0.0197346
0.0213224
0.0229893
0.0247141
0.0264994
0.0283487
0.0302681
0.0322685
0.0343227
0.0364822
0.0386777
0.0409947
0.043342
0.0458211
0.0483547
0.0509789
0.0537333
0.0564874
0.059484
0.0623869
0.0655852
0.0688101
0.0718312
0.0754862
8.61902e-05
0.00183363
0.00174379
0.00077851
-0.000266853
-0.00104045
-0.0013689
-0.00123384
-0.000663405
0.000187316
0.00104592
0.00200881
0.00308932
0.00409788
0.00504023
0.00597774
0.00696018
0.00797994
0.00900082
0.0101087
0.0113182
0.0125596
0.0138744
0.0152562
0.0166988
0.0181925
0.019748
0.0213343
0.0230003
0.0247238
0.0265084
0.0283576
0.0302762
0.0322762
0.0343291
0.036488
0.0386831
0.041
0.0433474
0.0458267
0.0483603
0.0509844
0.0537394
0.0564932
0.0594902
0.0623931
0.0655913
0.0688181
0.0718399
0.0754977
0.00014524
0.00190425
0.00182752
0.000858509
-0.000181852
-0.000950836
-0.00128353
-0.00114887
-0.000603447
0.000251755
0.00113229
0.00207163
0.00313477
0.00415167
0.0050939
0.00602144
0.0069959
0.0080163
0.00903528
0.0101344
0.0113412
0.0125834
0.0138945
0.0152723
0.0167137
0.0182076
0.0197625
0.0213468
0.0230114
0.0247342
0.026518
0.028366
0.030284
0.0322841
0.034336
0.0364944
0.038689
0.0410058
0.0433531
0.0458325
0.0483661
0.0509901
0.0537458
0.0564991
0.0594965
0.0623997
0.0655978
0.0688263
0.0718488
0.0755092
0.000192325
0.00195912
0.00189597
0.000926291
-0.000112831
-0.000871993
-0.0012086
-0.00107047
-0.000542609
0.000308572
0.00121461
0.00213987
0.00318048
0.00420207
0.00514695
0.00606528
0.00703015
0.00805151
0.00907091
0.0101613
0.0113642
0.0126078
0.013917
0.01529
0.0167278
0.0182216
0.0197769
0.0213598
0.0230229
0.0247448
0.0265285
0.0283758
0.0302923
0.0322918
0.0343426
0.0365007
0.0386951
0.0410118
0.0433594
0.0458388
0.0483723
0.0509961
0.0537524
0.0565053
0.059503
0.0624063
0.0656044
0.0688349
0.071858
0.0755206
0.000227242
0.00199745
0.00194595
0.00098121
-6.06403e-05
-0.000807381
-0.00114393
-0.00100054
-0.000481464
0.000359776
0.00129059
0.00221223
0.00322834
0.00424953
0.00519865
0.00610926
0.00706248
0.00808447
0.0091069
0.0101895
0.0113876
0.0126323
0.0139404
0.01531
0.0167435
0.0182355
0.0197911
0.0213725
0.023034
0.0247556
0.0265391
0.0283857
0.0303015
0.0323007
0.03435
0.0365073
0.0387011
0.0410177
0.0433656
0.0458452
0.0483789
0.0510026
0.0537595
0.0565119
0.0595099
0.0624133
0.0656112
0.0688434
0.0718671
0.0755322
0.000250039
0.00201927
0.00197368
0.00102021
-2.4334e-05
-0.000758456
-0.00109006
-0.000940577
-0.00042064
0.000408268
0.00135888
0.00228578
0.0032788
0.00429384
0.00524745
0.00615391
0.00709442
0.00811489
0.0091425
0.0102186
0.0114114
0.0126576
0.0139648
0.0153304
0.0167594
0.0182499
0.0198065
0.0213863
0.023045
0.024766
0.0265501
0.0283959
0.0303103
0.0323095
0.034358
0.0365148
0.0387079
0.0410243
0.0433723
0.0458516
0.0483854
0.0510091
0.0537667
0.0565187
0.059517
0.0624208
0.0656184
0.0688523
0.0718766
0.0755435
0.00025808
0.00202599
0.0019773
0.00103698
-6.20478e-06
-0.000727028
-0.00104693
-0.000890929
-0.000361937
0.000456534
0.00142077
0.00235941
0.00333233
0.00433562
0.00529172
0.00619732
0.00712572
0.00814256
0.00917736
0.0102494
0.0114358
0.0126827
0.0139905
0.0153529
0.0167761
0.0182633
0.0198212
0.021401
0.0230573
0.024777
0.0265612
0.0284065
0.0303199
0.0323183
0.0343655
0.0365221
0.0387149
0.0410312
0.0433796
0.0458588
0.0483927
0.051016
0.0537741
0.0565257
0.0595242
0.0624283
0.0656257
0.0688613
0.0718864
0.0755551
0.000242062
0.00201514
0.00195938
0.00102999
-8.29952e-06
-0.000717197
-0.00101779
-0.000851549
-0.000306795
0.000506038
0.00147638
0.00243004
0.00338835
0.00437652
0.0053322
0.0062393
0.00715743
0.00816785
0.00921037
0.0102813
0.011461
0.0127075
0.0140154
0.0153754
0.0167941
0.0182775
0.0198356
0.0214155
0.0230696
0.0247886
0.0265736
0.0284181
0.0303299
0.0323278
0.0343738
0.0365297
0.0387216
0.0410378
0.0433865
0.0458657
0.0484001
0.0510234
0.0537821
0.0565332
0.0595318
0.0624362
0.0656333
0.0688705
0.0718962
0.0755673
0.000192468
0.00197535
0.00191733
0.000999758
-2.65816e-05
-0.000725481
-0.00100462
-0.000824671
-0.000258667
0.000556824
0.00152712
0.00249496
0.0034434
0.00441426
0.0053668
0.00627831
0.00719144
0.00819416
0.00924291
0.0103157
0.0114886
0.0127332
0.0140414
0.0153983
0.0168114
0.0182908
0.0198494
0.0214306
0.0230826
0.0247997
0.0265855
0.0284304
0.0303411
0.0323381
0.034383
0.0365385
0.0387295
0.0410453
0.0433941
0.0458729
0.0484072
0.0510303
0.0537895
0.0565403
0.0595389
0.0624438
0.0656406
0.0688794
0.0719057
0.0755773
0.000107912
0.0018932
0.00183342
0.000931451
-6.67279e-05
-0.000744746
-0.000996869
-0.000799949
-0.000213933
0.000609577
0.00157535
0.0025531
0.00349474
0.00444616
0.00539229
0.00630885
0.00722187
0.00821816
0.00927274
0.010351
0.0115187
0.0127597
0.0140675
0.0154225
0.016831
0.0183048
0.0198621
0.021445
0.023096
0.0248116
0.0265977
0.0284425
0.0303522
0.0323487
0.0343926
0.0365476
0.0387381
0.0410541
0.0434036
0.0458823
0.0484171
0.0510401
0.0537997
0.0565497
0.0595484
0.0624535
0.0656499
0.0688899
0.0719168
0.0755914
-2.65709e-06
0.0017769
0.00170163
0.000802397
-0.000158171
-0.000797072
-0.00100479
-0.000772261
-0.000160095
0.000675904
0.00163232
0.0026106
0.00354583
0.00447677
0.00541347
0.00633405
0.00724939
0.00823976
0.00929802
0.0103837
0.0115478
0.0127837
0.0140904
0.0154434
0.0168481
0.0183176
0.0198735
0.0214582
0.0231082
0.0248217
0.0266083
0.0284538
0.030362
0.0323571
0.0343999
0.0365546
0.0387442
0.0410599
0.0434095
0.0458877
0.0484227
0.0510457
0.053806
0.0565559
0.0595545
0.0624602
0.0656564
0.0688979
0.0719254
0.0755997
-0.000133988
0.00163225
0.00154161
0.000638197
-0.000293884
-0.000892185
-0.00104745
-0.000764555
-0.000116521
0.000739894
0.00168955
0.00266408
0.00359525
0.00450896
0.0054373
0.00636376
0.00728687
0.00827535
0.00933559
0.0104288
0.0115902
0.0128184
0.0141221
0.0154731
0.0168736
0.018337
0.0198905
0.0214775
0.0231278
0.0248388
0.0266246
0.0284703
0.0303779
0.032372
0.0344134
0.0365674
0.0387565
0.0410723
0.0434223
0.0459002
0.0484356
0.051058
0.0538184
0.0565674
0.0595659
0.0624717
0.0656673
0.0689097
0.071938
0.0756152
-0.000332583
0.00141959
0.00132846
0.000449449
-0.000435065
-0.000983889
-0.0010847
-0.000751105
-7.83113e-05
0.000783917
0.00171833
0.002679
0.00360465
0.00450672
0.00542969
0.00636407
0.00729846
0.00828929
0.00935166
0.0104533
0.0116149
0.0128358
0.0141358
0.0154864
0.0168859
0.0183456
0.0198962
0.0214853
0.0231364
0.0248461
0.0266319
0.0284781
0.0303847
0.0323781
0.034419
0.0365726
0.0387611
0.0410769
0.0434271
0.0459049
0.0484408
0.0510636
0.0538246
0.0565737
0.0595718
0.0624784
0.0656737
0.0689175
0.0719462
0.0756228
-0.000699485
0.00103421
0.000995986
0.0001974
-0.000593057
-0.00104434
-0.00105876
-0.00065885
3.79566e-05
0.000892484
0.0017991
0.00272879
0.00364057
0.00453392
0.00545373
0.00639586
0.00734262
0.00833716
0.00939775
0.0105028
0.0116638
0.012876
0.0141696
0.0155181
0.0169151
0.0183697
0.0199174
0.0215081
0.0231599
0.024867
0.0266507
0.0284973
0.0304038
0.0323958
0.0344345
0.0365871
0.0387752
0.0410909
0.0434412
0.0459182
0.0484543
0.0510763
0.0538372
0.0565855
0.0595835
0.0624902
0.0656849
0.0689293
0.0719591
0.0756379
-0.00125501
0.000330273
0.000318686
-0.000337587
-0.000947709
-0.00123096
-0.00112141
-0.00064574
7.37253e-05
0.000917773
0.00180234
0.00270734
0.00361237
0.00451044
0.00543588
0.00639075
0.00735406
0.00835794
0.00941956
0.0105274
0.0116897
0.012896
0.0141827
0.0155305
0.0169291
0.0183803
0.0199239
0.0215158
0.0231695
0.0248767
0.0266598
0.0285057
0.0304117
0.0324039
0.0344421
0.0365941
0.0387819
0.0410978
0.0434484
0.0459255
0.0484627
0.0510851
0.0538464
0.0565943
0.0595916
0.0624989
0.0656931
0.0689386
0.0719686
0.0756481
-0.00109759
7.97161e-05
-0.000105871
-0.000665974
-0.00109413
-0.00121553
-0.00100064
-0.000501034
0.000186579
0.000979763
0.00182309
0.00269887
0.00359855
0.00450802
0.00544175
0.00640822
0.00738633
0.00839674
0.00945648
0.0105619
0.0117242
0.0129268
0.014206
0.0155508
0.0169507
0.0183994
0.0199408
0.021534
0.023188
0.0248939
0.0266751
0.028521
0.0304274
0.0324189
0.034455
0.0366059
0.0387939
0.0411095
0.0434595
0.0459358
0.0484729
0.0510948
0.0538559
0.0566038
0.0596008
0.0625085
0.0657021
0.0689483
0.0719788
0.0756577
-0.00344319
-0.00174453
-0.00124927
-0.00123507
-0.00123889
-0.00109778
-0.000798547
-0.000337736
0.000274311
0.00100041
0.00180682
0.00266947
0.00357564
0.00450502
0.0054516
0.00643081
0.00742536
0.00844373
0.00950344
0.0106046
0.0117643
0.0129645
0.0142352
0.0155758
0.0169785
0.0184235
0.0199592
0.0215524
0.0232075
0.0249139
0.0266943
0.0285376
0.0304429
0.0324356
0.0344707
0.0366203
0.0388082
0.0411239
0.0434742
0.0459503
0.0484886
0.0511104
0.0538717
0.0566184
0.0596144
0.062522
0.0657149
0.0689613
0.0719923
0.0756746
-0.0051122
-0.00430244
-0.00315326
-0.00217539
-0.00146961
-0.000989054
-0.000608378
-0.000187322
0.000336592
0.000975638
0.00173101
0.00258153
0.00349948
0.00445595
0.00542334
0.00641844
0.00742955
0.00845472
0.00951484
0.0106129
0.011771
0.0129734
0.0142397
0.015577
0.016984
0.01843
0.0199645
0.0215596
0.0232148
0.0249209
0.026701
0.0285437
0.0304498
0.0324431
0.0344762
0.0366246
0.0388131
0.041129
0.0434787
0.0459544
0.0484928
0.0511145
0.0538756
0.056623
0.0596187
0.0625271
0.0657198
0.0689672
0.0719992
0.0756792
-0.00625176
-0.00416389
-0.00286166
-0.00200102
-0.00138583
-0.000912799
-0.00049188
-5.28696e-05
0.000453235
0.00105314
0.00176794
0.0025928
0.00350038
0.00446806
0.00545226
0.00645991
0.00748499
0.00851527
0.0095764
0.0106695
0.0118203
0.0130216
0.0142815
0.0156125
0.0170223
0.0184656
0.0199942
0.0215885
0.0232436
0.0249498
0.0267298
0.0285691
0.0304727
0.0324675
0.0344995
0.0366461
0.0388348
0.0411507
0.0435006
0.0459761
0.0485153
0.0511366
0.0538975
0.0566431
0.0596375
0.0625453
0.0657368
0.0689839
0.072016
0.0757005
-0.00710491
-0.00601381
-0.00445869
-0.00300216
-0.00186592
-0.001069
-0.000498831
-1.99694e-05
0.000470438
0.0010419
0.00173006
0.00253953
0.00343729
0.00441189
0.00541291
0.00643285
0.00747255
0.00850996
0.00957588
0.0106716
0.0118188
0.0130232
0.0142823
0.0156087
0.017022
0.0184675
0.0199946
0.0215908
0.0232457
0.0249512
0.0267322
0.0285709
0.0304745
0.0324707
0.034502
0.0366474
0.0388366
0.0411528
0.0435022
0.0459773
0.0485168
0.0511382
0.0538989
0.0566453
0.0596394
0.062548
0.0657396
0.0689878
0.0720209
0.0757024
-0.00846744
-0.00576182
-0.00393693
-0.00267609
-0.00176237
-0.00105901
-0.000484244
2.08483e-05
0.000522663
0.00109297
0.00177417
0.00257526
0.00346529
0.00443397
0.00543859
0.00646089
0.00750503
0.00854708
0.00961471
0.0107131
0.0118582
0.0130619
0.0143223
0.0156455
0.0170593
0.018505
0.0200281
0.0216229
0.0232782
0.0249835
0.0267644
0.0286014
0.0305015
0.0324983
0.0345295
0.0366734
0.0388621
0.0411783
0.0435286
0.0460033
0.0485433
0.0511642
0.0539244
0.0566688
0.0596611
0.0625688
0.0657585
0.069006
0.0720402
0.0757265
)
;

boundaryField
{
    zeroGradientPlanes
    {
        type            zeroGradient;
    }
    inlet
    {
        type            zeroGradient;
    }
    plate
    {
        type            zeroGradient;
    }
    frontAndBack
    {
        type            empty;
    }
}


// ************************************************************************* //
