/*--------------------------------*- C++ -*----------------------------------*\
| =========                 |                                                 |
| \\      /  F ield         | OpenFOAM: The Open Source CFD Toolbox           |
|  \\    /   O peration     | Version:  v2012                                 |
|   \\  /    A nd           | Website:  www.openfoam.com                      |
|    \\/     M anipulation  |                                                 |
\*---------------------------------------------------------------------------*/
FoamFile
{
    version     2.0;
    format      ascii;
    class       volScalarField;
    location    "7.3";
    object      p;
}
// * * * * * * * * * * * * * * * * * * * * * * * * * * * * * * * * * * * * * //

dimensions      [0 2 -2 0 0 0 0];


internalField   nonuniform List<scalar> 
7000
(
8.85809e-11
0.00310887
-0.00712848
0.00070385
0.00887435
0.0080654
0.0080806
0.00939113
0.00745571
0.0118721
0.0131602
0.0148654
0.0170789
0.0202184
0.0227003
0.0260909
0.029172
0.0327879
0.0364665
0.0428691
-1.61104e-06
0.00310801
-0.00710516
0.000702468
0.00886685
0.00807827
0.00808185
0.00938935
0.00745478
0.0118584
0.0131468
0.014866
0.0170775
0.0202283
0.022707
0.0260797
0.0291819
0.0327375
0.0364943
0.0425748
-3.53617e-06
0.00310671
-0.00707938
0.000693256
0.00886098
0.0081063
0.0080841
0.00937709
0.00745292
0.0118274
0.0131292
0.0148758
0.0170757
0.0202497
0.0227089
0.0260665
0.0291793
0.0326693
0.0365043
0.0420717
-5.84066e-06
0.00310369
-0.00705239
0.00069782
0.00885626
0.00814781
0.00809061
0.00935542
0.00745589
0.0117865
0.0131134
0.0148943
0.0170724
0.0202738
0.0227095
0.0260481
0.0291671
0.0325939
0.0364683
0.0415524
-9.20825e-06
0.0030989
-0.00701909
0.000720932
0.0088466
0.00820026
0.00810317
0.00932885
0.00746807
0.0117394
0.0130987
0.0149165
0.0170722
0.0202965
0.0227138
0.0260217
0.0291524
0.0325052
0.0363961
0.0410635
-1.4034e-05
0.00309282
-0.00697704
0.000754141
0.00882773
0.00825934
0.0081214
0.00930267
0.00749062
0.0116888
0.0130852
0.014941
0.017079
0.0203166
0.0227229
0.0259872
0.0291346
0.0324033
0.0362958
0.0406056
-2.04093e-05
0.00308593
-0.00692605
0.000788993
0.00879841
0.00832035
0.00814362
0.00928053
0.00752198
0.0116377
0.013074
0.0149678
0.0170944
0.0203331
0.022736
0.0259441
0.0291117
0.0322898
0.0361687
0.0401682
-2.81184e-05
0.00307864
-0.00686658
0.000822105
0.00875902
0.00837916
0.00816798
0.0092634
0.00755988
0.0115877
0.0130648
0.0149957
0.0171175
0.0203449
0.0227509
0.0258919
0.0290819
0.0321652
0.0360136
0.0397419
-3.66557e-05
0.0030712
-0.00679844
0.000853436
0.00871022
0.00843275
0.00819307
0.0092504
0.00760212
0.0115384
0.0130566
0.0150229
0.0171464
0.0203501
0.0227646
0.0258301
0.029043
0.0320297
0.0358299
0.03932
-4.53648e-05
0.00306367
-0.00672032
0.000884473
0.00865247
0.00847923
0.00821796
0.00923995
0.00764723
0.0114886
0.0130486
0.0150466
0.0171781
0.0203469
0.0227743
0.0257586
0.0289929
0.0318835
0.0356176
0.0388974
-5.36407e-05
0.00305601
-0.00663002
0.000917333
0.0085861
0.00851758
0.00824193
0.0092308
0.0076948
0.011438
0.0130406
0.0150647
0.0172095
0.020333
0.0227769
0.0256773
0.0289297
0.0317269
0.0353775
0.0384701
-6.10816e-05
0.00304808
-0.00652513
0.000954049
0.00851162
0.00854731
0.00826441
0.00922241
0.00774552
0.0113877
0.0130335
0.0150755
0.0172379
0.0203068
0.0227703
0.0255869
0.028852
0.0315597
0.0351109
0.038035
-6.75239e-05
0.00303979
-0.00640377
0.000995942
0.0084298
0.00856827
0.00828507
0.00921474
0.00780064
0.0113394
0.0130288
0.0150788
0.0172619
0.020268
0.0227531
0.0254885
0.0287585
0.0313819
0.0348199
0.0375898
-7.2987e-05
0.0030312
-0.00626514
0.00104344
0.00834177
0.0085806
0.00830391
0.00920786
0.0078612
0.0112951
0.0130282
0.0150753
0.0172813
0.0202168
0.0227245
0.0253834
0.0286477
0.0311933
0.034506
0.0371328
-7.75882e-05
0.00302243
-0.00610978
0.00109624
0.00824887
0.00858461
0.00832127
0.0092018
0.00792766
0.011256
0.0130333
0.0150667
0.017297
0.0201548
0.022684
0.0252725
0.0285197
0.0309937
0.0341713
0.0366631
-8.14673e-05
0.00301366
-0.00593928
0.00115358
0.0081524
0.00858084
0.0083377
0.00919647
0.00799984
0.011222
0.0130449
0.0150542
0.0173096
0.0200842
0.0226313
0.0251569
0.0283741
0.0307824
0.0338177
0.0361808
-8.47382e-05
0.00300497
-0.00575585
0.0012145
0.00805357
0.00857025
0.00835388
0.00919173
0.00807703
0.0111923
0.0130626
0.0150387
0.0173196
0.0200076
0.0225661
0.0250378
0.0282114
0.030558
0.0334468
0.0356861
-8.74746e-05
0.00299642
-0.00556182
0.00127814
0.0079534
0.00855352
0.00837044
0.00918736
0.00815834
0.0111654
0.0130854
0.0150206
0.0173264
0.0199275
0.0224881
0.0249155
0.0280325
0.0303196
0.0330598
0.0351798
-8.97098e-05
0.00298799
-0.00535926
0.00134388
0.00785277
0.00853131
0.00838792
0.00918316
0.00824284
0.01114
0.0131122
0.0150004
0.0173292
0.0198461
0.0223971
0.0247901
0.0278388
0.0300659
0.0326574
0.0346625
-9.144e-05
0.00297961
-0.00514984
0.00141127
0.00775237
0.00850411
0.00840667
0.00917891
0.00832972
0.0111147
0.0131416
0.0149787
0.0173266
0.0197652
0.0222933
0.024661
0.0276314
0.0297962
0.0322405
0.0341347
-9.26284e-05
0.00297123
-0.00493483
0.00147991
0.00765276
0.00847232
0.00842689
0.00917444
0.00841822
0.0110889
0.0131721
0.0149564
0.0173174
0.0196862
0.0221776
0.0245257
0.027411
0.0295101
0.0318106
0.0335977
-9.32098e-05
0.00296284
-0.00471523
0.00154936
0.00755444
0.00843624
0.00844866
0.00916964
0.00850762
0.0110625
0.0132021
0.0149345
0.0173004
0.0196095
0.0220506
0.0243816
0.0271783
0.0292076
0.0313689
0.0330533
-9.30961e-05
0.00295442
-0.00449181
0.00161921
0.00745792
0.00839607
0.00847197
0.00916441
0.00859706
0.0110356
0.0132298
0.0149136
0.0172748
0.0195342
0.0219132
0.0242269
0.0269341
0.0288887
0.0309159
0.0325026
-9.21814e-05
0.00294596
-0.0042651
0.00168912
0.00736363
0.00835189
0.0084967
0.00915886
0.0086856
0.0110089
0.0132537
0.0148945
0.0172397
0.0194589
0.021767
0.0240597
0.0266791
0.0285552
0.0304515
0.031946
-9.03441e-05
0.00293746
-0.00403538
0.00175881
0.00727194
0.00830379
0.00852255
0.00915327
0.00877215
0.0109833
0.0132724
0.0148775
0.0171946
0.019382
0.0216141
0.0238776
0.0264107
0.0282096
0.0299738
0.0313837
-8.74511e-05
0.00292888
-0.00380273
0.00182811
0.00718316
0.00825181
0.00854914
0.00914812
0.00885556
0.0109597
0.0132848
0.0148624
0.0171401
0.0193009
0.0214548
0.0236617
0.0261252
0.0278493
0.0294945
0.0308192
-8.33658e-05
0.00292019
-0.00356714
0.00189696
0.00709755
0.00819602
0.00857595
0.00914412
0.00893453
0.0109388
0.0132903
0.014849
0.0170766
0.0192145
0.0212872
0.0234525
0.025827
0.0274788
0.0290142
0.0302493
-7.79333e-05
0.00291129
-0.0033285
0.00196528
0.00701534
0.00813661
0.00860237
0.00914198
0.00900806
0.0109211
0.0132883
0.0148363
0.017005
0.0191217
0.0211135
0.0232262
0.0255179
0.0270952
0.028533
0.0296758
-7.09829e-05
0.00290214
-0.0030868
0.00203299
0.00693671
0.00807378
0.00862764
0.00914259
0.00907524
0.0109065
0.0132793
0.0148229
0.0169274
0.0190178
0.0209365
0.0229876
0.0252088
0.0266866
0.0280091
0.0291137
-6.23782e-05
0.00289269
-0.00284207
0.00210003
0.00686183
0.00800801
0.00865049
0.00914719
0.00913524
0.0108958
0.0132636
0.0148087
0.0168411
0.0189075
0.0207467
0.0227342
0.0248789
0.0262866
0.0275108
0.0285409
-5.18995e-05
0.00288283
-0.0025943
0.00216628
0.00679064
0.00794022
0.00866976
0.00915608
0.00918806
0.0108884
0.0132422
0.0147919
0.0167481
0.0187871
0.0205491
0.0224552
0.0245292
0.0259345
0.0270339
0.0279553
-3.93981e-05
0.00287257
-0.00234381
0.00223186
0.00672287
0.00787132
0.00868475
0.0091693
0.00923383
0.0108831
0.0132174
0.0147682
0.0166522
0.018653
0.0203504
0.0221703
0.024174
0.0255136
0.0264752
0.0273849
-2.4759e-05
0.00286183
-0.00209065
0.00229676
0.00665868
0.00780164
0.0086947
0.00918688
0.00927354
0.0108764
0.0131917
0.014737
0.0165488
0.0185126
0.0201386
0.0218719
0.0237724
0.0250772
0.0260295
0.026835
-7.50828e-06
0.00285033
-0.00183481
0.0023609
0.00659778
0.00773206
0.00869866
0.00920811
0.00930863
0.0108605
0.013166
0.0146973
0.0164406
0.0183605
0.0199298
0.0215659
0.0233715
0.024606
0.0254409
0.0262953
1.2276e-05
0.00283838
-0.00157707
0.00242453
0.00653915
0.00766507
0.00869541
0.00923362
0.00933734
0.0108487
0.0131373
0.014654
0.0163222
0.0181995
0.019699
0.0212212
0.0229555
0.0241669
0.0249471
0.0257486
3.46635e-05
0.00282584
-0.00131768
0.00248826
0.00648243
0.00760107
0.00868554
0.0092619
0.00936203
0.0108559
0.013107
0.0146087
0.0161891
0.0180233
0.0194413
0.0208732
0.0225199
0.0237555
0.0245719
0.0252015
6.05834e-05
0.00281215
-0.00105654
0.00255169
0.00642774
0.00753946
0.00866992
0.00928949
0.00938856
0.0107786
0.0130788
0.0145538
0.0160464
0.0178414
0.0191974
0.0205202
0.0220912
0.0232511
0.0239555
0.0246893
8.95877e-05
0.00279805
-0.000795005
0.0026156
0.00637334
0.0074837
0.00864685
0.00931867
0.0094133
0.0107203
0.0130415
0.0145012
0.0158893
0.0176269
0.0189382
0.0201681
0.0216406
0.0227771
0.0234802
0.0241773
0.000121626
0.00278341
-0.000533714
0.00268168
0.00631826
0.00743436
0.00861878
0.00934584
0.00943855
0.010727
0.0129937
0.0144523
0.015721
0.0173725
0.0186592
0.01982
0.0211655
0.0223449
0.0231836
0.02367
0.000158172
0.00276759
-0.000272443
0.00274833
0.00626401
0.00738651
0.00858835
0.00936564
0.00947086
0.0106588
0.0129448
0.0143935
0.0155461
0.0171442
0.0183808
0.0194524
0.0207235
0.0217833
0.0225017
0.0231855
0.000198337
0.00275176
-1.32359e-05
0.00281768
0.00620801
0.00734548
0.00855282
0.00938365
0.00950126
0.010605
0.0128824
0.0143329
0.0153578
0.0168623
0.0180829
0.0190908
0.0202688
0.021271
0.0220057
0.0227045
0.000241896
0.00273579
0.000242873
0.00289279
0.0061496
0.00731158
0.00851577
0.00939627
0.00953089
0.0105592
0.0128006
0.014261
0.0151522
0.0165541
0.0177697
0.0187383
0.0197898
0.0208313
0.0217426
0.0222239
0.000291008
0.00271889
0.000496143
0.00296878
0.00609323
0.00727428
0.00848001
0.00939933
0.00956527
0.0104902
0.012711
0.0141919
0.0149593
0.0162397
0.0174561
0.0183712
0.0193409
0.0202124
0.0209643
0.0217373
0.000343888
0.00270302
0.000743777
0.00305052
0.00603484
0.00724363
0.00844158
0.00940063
0.00959088
0.0104338
0.0126082
0.0141055
0.0147543
0.0158997
0.0171148
0.0180024
0.0188834
0.019665
0.0204147
0.0212578
0.000400901
0.00268795
0.00098496
0.00314075
0.00597495
0.00721803
0.00840513
0.00939693
0.00960929
0.0103787
0.0124813
0.0140085
0.0145531
0.0155388
0.0167365
0.01761
0.0183941
0.0192287
0.020154
0.0207742
0.000464142
0.00267333
0.00122013
0.00322856
0.00592204
0.00718076
0.00837476
0.0093809
0.00963329
0.0103073
0.0123391
0.0139057
0.0143978
0.0152397
0.0163455
0.0171663
0.0178907
0.0185701
0.0193128
0.0202946
0.000530738
0.0026613
0.00144668
0.00332376
0.00587179
0.00714456
0.00834342
0.00936018
0.00964973
0.0102343
0.0121826
0.013794
0.0142492
0.0149266
0.015921
0.0166937
0.0173548
0.0179174
0.0187017
0.0198957
0.000602804
0.00265135
0.00166402
0.00342788
0.00582275
0.00711018
0.00830934
0.00933584
0.00965742
0.0101628
0.0120095
0.0136659
0.0140916
0.0146027
0.0154751
0.0162138
0.0168287
0.0173716
0.0181808
0.0194559
0.000680662
0.00264371
0.00187267
0.00352573
0.00578001
0.00707434
0.00827073
0.00930466
0.0096604
0.01009
0.011822
0.0135127
0.0139297
0.0142898
0.0150303
0.0157248
0.0163308
0.0168791
0.0176607
0.0189642
0.000762634
0.00263951
0.00207149
0.00363466
0.00574455
0.00703782
0.00822685
0.00926629
0.00965727
0.0100205
0.0116186
0.0133326
0.0137668
0.0139882
0.0145861
0.0152274
0.0158414
0.0163948
0.0171532
0.0184837
0.00085022
0.00263883
0.00226054
0.00373804
0.00571489
0.00700258
0.00817956
0.00921761
0.00964801
0.00995469
0.0114014
0.0131259
0.0135989
0.0136977
0.0141487
0.0147234
0.0153431
0.0159184
0.016681
0.0180321
0.00094292
0.00264199
0.00244027
0.00383894
0.00569192
0.00697081
0.00812711
0.00915727
0.00963084
0.00989292
0.0111785
0.0128924
0.0134194
0.0134162
0.0137255
0.0142177
0.0148309
0.0154452
0.0162503
0.0176059
0.00104075
0.00264921
0.00261089
0.00393675
0.00567633
0.00694221
0.00807054
0.00908629
0.0096034
0.0098359
0.0109532
0.0126306
0.0132248
0.0131435
0.013322
0.0137142
0.0143071
0.0149764
0.0158294
0.0172006
0.00114353
0.00266089
0.00277317
0.00402996
0.00566441
0.0069186
0.00801401
0.00900442
0.00956154
0.00978247
0.0107311
0.012342
0.0130113
0.0128786
0.0129369
0.0132193
0.0137751
0.0144921
0.0154198
0.016815
0.00125139
0.00267718
0.00292686
0.00411855
0.005652
0.00690002
0.00795781
0.0089115
0.00950392
0.00973196
0.010517
0.0120285
0.0127744
0.0126171
0.0125671
0.0127422
0.0132446
0.0139968
0.0149943
0.0164393
0.00136431
0.00269858
0.0030718
0.00420242
0.00563914
0.00688529
0.00790291
0.00880978
0.00943038
0.00967946
0.0103151
0.0116956
0.0125107
0.0123549
0.0122113
0.0122877
0.0127219
0.0134848
0.0145555
0.0160633
0.00148192
0.00272532
0.00320866
0.00428213
0.00562381
0.00687304
0.00785263
0.00870106
0.00933915
0.00961989
0.0101287
0.0113512
0.0122181
0.0120894
0.0118675
0.0118547
0.0122085
0.0129652
0.0140921
0.0156789
0.00160361
0.00275786
0.00333716
0.00435934
0.00560327
0.00685643
0.00780934
0.00859023
0.00923083
0.00954858
0.00995768
0.011002
0.0118952
0.0118169
0.0115315
0.0114397
0.0117103
0.0124433
0.0136156
0.0152846
0.00172984
0.00279628
0.00345797
0.00443335
0.00557534
0.00683328
0.00777108
0.00848082
0.00910976
0.00946283
0.00979972
0.0106548
0.0115416
0.0115327
0.0112015
0.0110435
0.0112344
0.0119277
0.0131236
0.0148752
0.00186057
0.00284009
0.00357258
0.00450356
0.00555027
0.00680453
0.00772242
0.00837403
0.00898056
0.00936008
0.00965127
0.0103204
0.0111617
0.0112331
0.01088
0.0106632
0.0107767
0.0114189
0.0126259
0.0144567
0.00199378
0.00289101
0.00367955
0.0045727
0.00552115
0.00675749
0.00767445
0.00827503
0.00884552
0.00923756
0.0095049
0.0100049
0.0107635
0.0109133
0.010561
0.01029
0.010335
0.0109239
0.012132
0.0140366
0.00213005
0.00294793
0.00377958
0.00464137
0.00548329
0.0066981
0.00763106
0.00818335
0.00870373
0.00909396
0.00935301
0.00971149
0.0103556
0.0105672
0.0102374
0.00992652
0.00991562
0.0104509
0.0116528
0.0136164
0.0022691
0.00301001
0.00387408
0.00470604
0.0054415
0.00663111
0.00758675
0.00809476
0.0085571
0.00893204
0.00919034
0.00943958
0.00994794
0.0101943
0.00990936
0.00957763
0.00951666
0.00999909
0.011189
0.0131965
0.00240989
0.00307777
0.0039615
0.00476733
0.0054017
0.00655506
0.00753454
0.00800845
0.00841028
0.00875587
0.00901137
0.00918336
0.00955059
0.00980155
0.00957384
0.00923569
0.00913051
0.0095679
0.0107427
0.0127815
0.00255226
0.00314999
0.00404181
0.00482699
0.00536461
0.00646833
0.0074718
0.00792459
0.00826457
0.00856908
0.00881377
0.00893587
0.00917126
0.00939625
0.0092225
0.00889299
0.00876054
0.00916112
0.0103151
0.0123758
0.00269565
0.00322653
0.0041153
0.00488397
0.00533158
0.00637256
0.00739671
0.0078408
0.00812048
0.00837547
0.0085985
0.00869053
0.00881107
0.00898335
0.00885305
0.00855209
0.0084106
0.00877572
0.00990701
0.0119833
0.00283954
0.00330715
0.00418171
0.00493738
0.00530476
0.00627032
0.00730695
0.00775363
0.00797832
0.00817839
0.00836819
0.00844001
0.00846744
0.00857267
0.00847208
0.00821125
0.0080722
0.00840819
0.00952068
0.0116028
0.00298339
0.00339152
0.00424157
0.00498634
0.0052847
0.00616389
0.0072012
0.00766003
0.00783781
0.007981
0.00812656
0.00818022
0.00813939
0.00817334
0.00808319
0.00786105
0.00773734
0.00805887
0.00915347
0.0112316
0.00312672
0.00347938
0.00429544
0.00502955
0.0052709
0.00605616
0.00707973
0.00755715
0.00769796
0.00778492
0.00787748
0.00791086
0.00782217
0.0077859
0.00768804
0.00749919
0.00740542
0.00772556
0.00880273
0.0108729
0.00326896
0.00357041
0.004344
0.00506595
0.00526248
0.00595004
0.00694382
0.00744197
0.00755675
0.00759073
0.00762514
0.00763228
0.00750875
0.00740926
0.00729372
0.00713166
0.00707398
0.00740254
0.00846799
0.0105278
0.00340956
0.0036642
0.00438791
0.00509487
0.00525808
0.00584781
0.00679564
0.00731235
0.00741186
0.00739844
0.00737275
0.00734545
0.00719597
0.00704497
0.006907
0.00676028
0.00673631
0.00708416
0.00814666
0.0101943
0.00354799
0.00376029
0.00442795
0.00511597
0.0052558
0.00575073
0.00663806
0.00716754
0.00726079
0.00720835
0.00712284
0.00705325
0.0068832
0.00669125
0.00652763
0.00638578
0.00639199
0.00676678
0.00783352
0.00987075
0.00368377
0.00385815
0.00446483
0.00512909
0.0052537
0.00565954
0.00647437
0.00700773
0.00710078
0.00701704
0.00687749
0.00675936
0.00656908
0.00634361
0.00615505
0.0060138
0.00604371
0.00644574
0.00752362
0.00955536
0.00381642
0.00395722
0.00449933
0.0051342
0.00524975
0.0055743
0.00630763
0.0068339
0.00693022
0.00682294
0.00663711
0.00646691
0.00625303
0.00600031
0.00579074
0.00564724
0.00569149
0.00611848
0.00721287
0.00924457
0.0039454
0.00405676
0.00453215
0.00513177
0.00524226
0.00549433
0.0061404
0.0066478
0.00674838
0.00662328
0.00640007
0.00617845
0.00593696
0.00566161
0.0054331
0.00528483
0.00533738
0.00578592
0.00689778
0.00893487
0.00407027
0.00415611
0.00456378
0.00512222
0.00522988
0.00541855
0.00597499
0.00645177
0.00655501
0.00641635
0.00616444
0.00589586
0.00562295
0.00532629
0.00507892
0.00492636
0.00498532
0.00545006
0.00657768
0.00862388
0.00419073
0.00425456
0.00459471
0.00510616
0.00521135
0.00534569
0.00581273
0.0062484
0.00635072
0.00620172
0.00592791
0.00561932
0.00531226
0.00499359
0.00472781
0.00457229
0.00463645
0.00511256
0.00625372
0.00831058
0.00430648
0.00435136
0.0046251
0.00508438
0.00518604
0.00527424
0.00565449
0.00604043
0.00613644
0.00597936
0.00568771
0.00534702
0.00500645
0.00466517
0.00438104
0.00422069
0.00428842
0.00477388
0.00592747
0.00799589
0.00441701
0.00444577
0.0046554
0.00505775
0.00515326
0.00520254
0.00550054
0.00583048
0.00591349
0.00574982
0.00544261
0.00507647
0.00470584
0.00434253
0.00403916
0.00387012
0.0039404
0.00443492
0.00560022
0.00768013
0.00452229
0.00453711
0.00468543
0.00502712
0.00511296
0.00512944
0.00535059
0.0056207
0.00568352
0.00551343
0.00519281
0.00480531
0.00440899
0.00402472
0.00370221
0.00352206
0.00359378
0.00409605
0.00527184
0.00736248
0.00462202
0.00462467
0.00471515
0.00499333
0.00506534
0.00505377
0.005204
0.00541302
0.00544828
0.00527021
0.0049391
0.00453289
0.00411457
0.00371021
0.0033703
0.00317766
0.00324803
0.00375618
0.00494186
0.00704324
0.00471601
0.00470764
0.00474434
0.0049576
0.0050108
0.00497473
0.00505986
0.00520832
0.00521012
0.00501968
0.00468165
0.00425903
0.0038213
0.00339864
0.00304318
0.00283729
0.00290314
0.00341542
0.00461004
0.00672226
0.00480414
0.00478573
0.00477249
0.00492042
0.0049501
0.00489201
0.0049173
0.0050067
0.00497249
0.00476275
0.00441942
0.00398344
0.00352756
0.00308818
0.00271858
0.00250064
0.00256011
0.0030741
0.00427563
0.00639796
0.00488637
0.00485838
0.00479936
0.00488266
0.00488387
0.00480541
0.00477566
0.00480729
0.004738
0.00450232
0.00415133
0.00370688
0.00323415
0.00277807
0.00239424
0.00216566
0.00221804
0.00273136
0.00393737
0.00606833
0.00496241
0.0049253
0.00482459
0.00484506
0.00481293
0.00471495
0.00463549
0.00460917
0.00450643
0.00424075
0.0038763
0.00342789
0.00294184
0.00246995
0.00207083
0.00183142
0.00187627
0.00238755
0.00359637
0.00573418
0.00503192
0.00498609
0.00484785
0.00480881
0.00473899
0.00462023
0.00449655
0.00441166
0.00427648
0.00398191
0.00359682
0.00314438
0.00264897
0.00216348
0.0017483
0.00149656
0.00153306
0.0020414
0.00325215
0.00539556
0.0050949
0.00504079
0.00486762
0.00477285
0.00466465
0.00452395
0.00436041
0.00421395
0.00404388
0.00372687
0.00331701
0.00285644
0.00235435
0.00185837
0.00142758
0.00116149
0.00118768
0.00169128
0.00290272
0.00505076
0.00515148
0.00509026
0.00488589
0.00473732
0.00458652
0.0044226
0.00422956
0.00402338
0.00380556
0.00347522
0.00304043
0.00256628
0.00205672
0.00155185
0.00110684
0.000824395
0.000837302
0.00133309
0.00254426
0.00469709
0.00520042
0.00513239
0.00490261
0.00470933
0.00451389
0.00431207
0.00408719
0.00383195
0.00357614
0.00322755
0.00277471
0.00228354
0.0017646
0.00125004
0.000791314
0.00048992
0.000485211
0.0009679
0.00217244
0.00432352
0.00523919
0.00516901
0.00491395
0.00468428
0.00445911
0.00421953
0.00394649
0.00363163
0.00332514
0.00297575
0.00251503
0.0020052
0.00147319
0.000946426
0.000474577
0.000154386
0.000130054
0.000595704
0.00178785
0.00393343
0.00527493
0.00518625
0.00491602
0.00464763
0.0043847
0.00412049
0.00383288
0.00346829
0.00308833
0.00271921
0.0022582
0.00173371
0.00118417
0.000640224
0.000154066
-0.000182416
-0.000225188
0.000222302
0.00140016
0.00353647
0.0053042
0.00525192
0.00496012
0.0046577
0.00431975
0.00394776
0.00360078
0.00326374
0.00289762
0.00250497
0.00203577
0.00149566
0.000918966
0.000347616
-0.000162213
-0.000518883
-0.000576674
-0.000142281
0.00102208
0.00314136
0.00525391
0.00518812
0.00497735
0.00470217
0.00440117
0.00395764
0.00343086
0.00295964
0.00258101
0.0022275
0.0017771
0.0012257
0.000622437
1.7121e-05
-0.000527285
-0.000916277
-0.00100108
-0.000592534
0.000548144
0.00265377
0.00537684
0.00530219
0.00497382
0.00457349
0.00411484
0.00370433
0.00335411
0.00300297
0.00256965
0.00212503
0.00165357
0.00111202
0.000512853
-0.000109947
-0.00070485
-0.00117222
-0.00137026
-0.00108929
-7.37589e-05
0.00191412
0.00533591
0.00529654
0.00490201
0.0045891
0.00420396
0.00363999
0.00306735
0.00262278
0.00220131
0.00177507
0.00128386
0.000745113
0.00016477
-0.000361519
-0.00079084
-0.00106681
-0.00111115
-0.000749931
0.000265389
0.00220036
0.0054914
0.0053042
0.00490038
0.00441385
0.00394917
0.00356978
0.00324137
0.00288885
0.00242996
0.00192328
0.0013684
0.000739988
2.5834e-06
-0.000831805
-0.00168042
-0.00241519
-0.00286958
-0.00282599
-0.00202608
-0.000240723
0.0057216
0.00519942
0.00474206
0.00423386
0.00380973
0.00327965
0.00274814
0.00235222
0.00192852
0.00138903
0.000846775
0.000378006
0.000127061
0.00017918
0.000587626
0.00128537
0.00210293
0.00274531
0.00284334
0.00206664
0.00569302
0.00525044
0.00474456
0.00429049
0.00392724
0.00358589
0.00328802
0.00292617
0.00244344
0.00181566
0.0010584
0.00014804
-0.000905443
-0.00203499
-0.00313403
-0.00409754
-0.00478425
-0.00499266
-0.00446065
-0.00294485
0.00587121
0.00520849
0.00465876
0.00419321
0.00383948
0.00336164
0.00281968
0.00215177
0.00149627
0.00104597
0.000631282
9.26249e-05
-0.000429951
-0.000761032
-0.000763544
-0.000434043
0.000106403
0.000572735
0.000587453
-0.000204002
0.00585795
0.00518852
0.00466523
0.00425713
0.00401832
0.00379871
0.00359131
0.00324106
0.00268774
0.00186383
0.000756733
-0.000696986
-0.00243752
-0.00427735
-0.00596843
-0.00732602
-0.008189
-0.00838759
-0.00770831
-0.00595885
0.0532237
0.0254982
0.0139159
0.0116527
0.0109619
0.00989847
0.0087363
0.00789109
0.00729795
0.00682199
0.0063392
0.00569162
0.00511737
0.00475698
0.00435018
0.00388391
0.00350935
0.00319107
0.00278497
0.00205213
0.00128657
0.000934509
0.000676841
0.000296523
-9.14533e-05
-0.000573469
-0.00112742
-0.00162376
-0.00218703
-0.00274672
-0.0032582
-0.00378599
-0.00442787
-0.00505054
-0.0056571
-0.00629552
-0.00693684
-0.00764705
-0.00832969
-0.00910093
-0.00981623
-0.0106252
-0.0114642
-0.0123103
-0.0133237
-0.0141941
-0.0153803
-0.0164677
-0.0178122
-0.0196761
0.0520866
0.0255424
0.0139626
0.011672
0.0109724
0.00990497
0.00874059
0.00789419
0.00730045
0.00682411
0.00634105
0.0056932
0.00511866
0.00475813
0.00435126
0.0038849
0.00351024
0.00319187
0.00278574
0.00205287
0.0012872
0.000935055
0.000677365
0.000296993
-9.10244e-05
-0.00057307
-0.00112706
-0.00162344
-0.00218673
-0.00274646
-0.00325796
-0.00378577
-0.00442766
-0.00505034
-0.00565692
-0.00629535
-0.00693668
-0.0076469
-0.00832955
-0.0091008
-0.00981611
-0.0106251
-0.0114641
-0.0123102
-0.0133237
-0.014194
-0.0153802
-0.0164677
-0.0178122
-0.0196761
0.0511553
0.0256367
0.0140357
0.0116956
0.0109839
0.00991212
0.00874505
0.00789721
0.00730277
0.00682606
0.00634276
0.00569462
0.00511979
0.00475914
0.00435222
0.00388575
0.00351103
0.0031926
0.00278646
0.00205353
0.00128769
0.000935515
0.000677845
0.000297414
-9.06376e-05
-0.00057271
-0.00112675
-0.00162316
-0.00218647
-0.00274623
-0.00325775
-0.00378556
-0.00442748
-0.00505017
-0.00565676
-0.0062952
-0.00693654
-0.00764677
-0.00832942
-0.00910069
-0.00981601
-0.010625
-0.011464
-0.0123102
-0.0133236
-0.014194
-0.0153802
-0.0164676
-0.0178122
-0.0196762
0.0503268
0.025752
0.0141403
0.0117306
0.0109999
0.00992201
0.00875121
0.00790112
0.00730549
0.00682818
0.00634461
0.00569616
0.00512099
0.00476018
0.00435315
0.00388657
0.00351181
0.00319335
0.0027872
0.00205419
0.00128814
0.000935953
0.000678339
0.000297835
-9.02456e-05
-0.000572343
-0.00112644
-0.00162287
-0.00218621
-0.002746
-0.00325754
-0.00378536
-0.00442729
-0.00505001
-0.0056566
-0.00629505
-0.0069364
-0.00764664
-0.0083293
-0.00910057
-0.0098159
-0.0106249
-0.0114639
-0.0123101
-0.0133235
-0.0141939
-0.0153801
-0.0164676
-0.0178121
-0.0196763
0.0495078
0.0258711
0.01427
0.0117776
0.0110218
0.00993612
0.0087604
0.00790696
0.00730922
0.00683081
0.00634685
0.0056981
0.0051225
0.00476136
0.00435411
0.00388741
0.00351264
0.00319415
0.00278801
0.0020549
0.00128859
0.000936411
0.000678878
0.000298287
-8.98195e-05
-0.000571942
-0.00112611
-0.00162257
-0.00218593
-0.00274576
-0.00325731
-0.00378514
-0.0044271
-0.00504984
-0.00565644
-0.0062949
-0.00693626
-0.00764651
-0.00832918
-0.00910046
-0.00981579
-0.0106248
-0.0114638
-0.01231
-0.0133234
-0.0141938
-0.01538
-0.0164675
-0.0178121
-0.0196764
0.0486802
0.0259901
0.0144137
0.011832
0.0110485
0.00995431
0.00877294
0.00791527
0.00731445
0.0068342
0.00634959
0.00570063
0.00512452
0.00476277
0.0043551
0.00388825
0.00351351
0.00319501
0.0027889
0.00205569
0.00128907
0.000936907
0.000679466
0.000298771
-8.93525e-05
-0.000571499
-0.00112576
-0.00162224
-0.00218562
-0.0027455
-0.00325707
-0.0037849
-0.00442689
-0.00504966
-0.00565626
-0.00629473
-0.0069361
-0.00764636
-0.00832904
-0.00910033
-0.00981568
-0.0106247
-0.0114637
-0.0123099
-0.0133233
-0.0141937
-0.01538
-0.0164674
-0.017812
-0.0196766
0.0478456
0.0261066
0.0145639
0.0118896
0.0110778
0.00997539
0.00878818
0.00792595
0.00732139
0.00683852
0.00635292
0.00570387
0.00512727
0.00476458
0.00435618
0.00388908
0.00351439
0.00319588
0.00278985
0.0020566
0.00128964
0.000937471
0.000680102
0.00029928
-8.88439e-05
-0.000571007
-0.00112536
-0.00162187
-0.00218528
-0.00274521
-0.00325679
-0.00378464
-0.00442667
-0.00504947
-0.00565607
-0.00629456
-0.00693594
-0.00764621
-0.0083289
-0.0091002
-0.00981555
-0.0106246
-0.0114636
-0.0123098
-0.0133233
-0.0141936
-0.0153799
-0.0164673
-0.0178119
-0.0196768
0.0470065
0.0262178
0.0147178
0.0119483
0.0111083
0.00999812
0.00880511
0.00793838
0.00732993
0.00684383
0.00635683
0.0057078
0.00513085
0.00476693
0.00435743
0.00388992
0.00351523
0.00319668
0.00279083
0.00205768
0.00129039
0.000938162
0.000680794
0.0002998
-8.83015e-05
-0.000570462
-0.00112491
-0.00162146
-0.0021849
-0.00274488
-0.00325648
-0.00378434
-0.00442643
-0.00504926
-0.00565587
-0.00629438
-0.00693576
-0.00764605
-0.00832875
-0.00910006
-0.00981542
-0.0106244
-0.0114635
-0.0123097
-0.0133232
-0.0141935
-0.0153798
-0.0164672
-0.0178118
-0.019677
0.0461638
0.0263219
0.014875
0.0120078
0.0111392
0.0100217
0.00882294
0.00795184
0.00733967
0.00685005
0.00636122
0.00571229
0.00513521
0.00476992
0.00435897
0.00389084
0.00351603
0.00319735
0.00279174
0.00205889
0.00129141
0.000939081
0.000681579
0.000300312
-8.77491e-05
-0.000569871
-0.00112441
-0.00162099
-0.00218446
-0.00274451
-0.00325612
-0.003784
-0.00442616
-0.00504903
-0.00565565
-0.00629418
-0.00693558
-0.00764588
-0.00832859
-0.00909992
-0.00981528
-0.0106243
-0.0114634
-0.0123096
-0.013323
-0.0141934
-0.0153796
-0.016467
-0.0178116
-0.0196773
0.0453183
0.0264178
0.015036
0.0120682
0.0111701
0.0100459
0.00884129
0.00796583
0.00735018
0.00685702
0.006366
0.00571713
0.00514016
0.00477355
0.00436089
0.0038919
0.00351682
0.00319783
0.00279245
0.00206016
0.00129271
0.000940347
0.000682535
0.000300811
-8.72267e-05
-0.000569264
-0.00112387
-0.00162046
-0.00218397
-0.00274407
-0.0032557
-0.00378361
-0.00442583
-0.00504876
-0.0056554
-0.00629396
-0.00693537
-0.0076457
-0.00832841
-0.00909976
-0.00981512
-0.0106241
-0.0114633
-0.0123094
-0.0133229
-0.0141933
-0.0153795
-0.0164668
-0.0178113
-0.0196776
0.0444711
0.0265045
0.015201
0.0121296
0.011201
0.0100705
0.00886005
0.00798013
0.00736113
0.00686451
0.00637108
0.00572213
0.00514545
0.0047777
0.00436321
0.00389314
0.00351764
0.00319812
0.00279285
0.00206132
0.00129425
0.000942053
0.000683783
0.000301322
-8.67792e-05
-0.000568688
-0.0011233
-0.00161988
-0.00218341
-0.00274356
-0.00325522
-0.00378315
-0.00442545
-0.00504844
-0.00565511
-0.00629371
-0.00693514
-0.00764549
-0.00832823
-0.00909958
-0.00981495
-0.010624
-0.0114631
-0.0123093
-0.0133228
-0.0141931
-0.0153793
-0.0164665
-0.017811
-0.019678
0.0436236
0.0265809
0.0153698
0.012192
0.0112315
0.0100954
0.00887928
0.00799468
0.00737228
0.00687234
0.00637638
0.00572722
0.00515089
0.00478219
0.00436587
0.00389453
0.0035185
0.00319825
0.00279288
0.00206219
0.00129584
0.000944202
0.000685449
0.000301907
-8.64395e-05
-0.000568205
-0.00112275
-0.00161926
-0.00218278
-0.00274299
-0.00325467
-0.00378262
-0.00442498
-0.00504804
-0.00565477
-0.00629343
-0.00693488
-0.00764526
-0.00832802
-0.0090994
-0.00981477
-0.0106238
-0.0114629
-0.0123091
-0.0133226
-0.0141929
-0.0153791
-0.0164662
-0.0178105
-0.0196783
0.0427777
0.0266461
0.0155418
0.0122551
0.0112612
0.0101204
0.00889906
0.00800953
0.0073835
0.00688031
0.00638185
0.00573235
0.00515638
0.00478685
0.00436877
0.00389604
0.0035194
0.00319826
0.00279254
0.00206266
0.00129727
0.000946679
0.000687601
0.000302643
-8.62196e-05
-0.000567875
-0.00112227
-0.00161863
-0.00218211
-0.00274235
-0.00325408
-0.00378204
-0.00442443
-0.00504755
-0.00565436
-0.0062931
-0.00693459
-0.007645
-0.0083278
-0.0090992
-0.00981458
-0.0106236
-0.0114628
-0.0123089
-0.0133225
-0.0141927
-0.0153789
-0.0164658
-0.0178099
-0.0196787
0.041935
0.0266989
0.0157166
0.0123189
0.0112897
0.0101454
0.00891949
0.00802478
0.0073947
0.00688822
0.0063874
0.00573755
0.00516188
0.00479156
0.00437184
0.00389761
0.00352031
0.00319818
0.00279184
0.00206265
0.00129836
0.00094927
0.000690208
0.000303588
-8.61188e-05
-0.000567742
-0.00112192
-0.00161805
-0.0021814
-0.00274164
-0.00325343
-0.00378143
-0.00442381
-0.00504694
-0.00565387
-0.00629271
-0.00693424
-0.00764469
-0.00832754
-0.00909899
-0.00981438
-0.0106234
-0.0114626
-0.0123087
-0.0133223
-0.0141925
-0.0153786
-0.0164653
-0.0178092
-0.019679
0.0410972
0.0267385
0.0158942
0.0123837
0.0113169
0.0101701
0.00894057
0.00804054
0.00740587
0.00689595
0.00639296
0.00574283
0.00516745
0.00479626
0.00437501
0.00389923
0.00352121
0.00319799
0.00279079
0.00206211
0.001299
0.000951724
0.000693128
0.000304744
-8.61418e-05
-0.000567827
-0.00112173
-0.00161752
-0.00218069
-0.00274087
-0.00325274
-0.0037808
-0.00442314
-0.00504622
-0.00565326
-0.00629226
-0.00693385
-0.00764433
-0.00832723
-0.00909875
-0.00981417
-0.0106232
-0.0114623
-0.0123085
-0.013322
-0.0141922
-0.0153783
-0.0164648
-0.0178084
-0.0196793
0.0402655
0.0267639
0.0160743
0.0124503
0.0113429
0.0101944
0.00896227
0.00805686
0.00741703
0.00690341
0.00639848
0.00574821
0.00517313
0.00480097
0.00437827
0.00390089
0.0035221
0.00319769
0.0027894
0.00206102
0.00129915
0.000953819
0.000696143
0.00030606
-8.63072e-05
-0.000568136
-0.00112169
-0.00161707
-0.00217998
-0.00274007
-0.003252
-0.00378018
-0.00442246
-0.0050454
-0.00565252
-0.00629173
-0.00693341
-0.00764392
-0.00832688
-0.00909848
-0.00981395
-0.010623
-0.0114621
-0.0123082
-0.0133218
-0.0141919
-0.0153779
-0.0164641
-0.0178074
-0.0196796
0.0394412
0.0267742
0.0162571
0.0125194
0.0113679
0.010218
0.00898454
0.00807376
0.00742821
0.00691062
0.00640393
0.00575371
0.00517897
0.00480571
0.0043816
0.00390262
0.00352299
0.00319726
0.0027877
0.00205938
0.00129887
0.00095541
0.000699028
0.000307459
-8.66346e-05
-0.000568661
-0.00112177
-0.00161667
-0.0021793
-0.00273925
-0.00325121
-0.00377957
-0.00442179
-0.0050445
-0.00565166
-0.00629112
-0.00693292
-0.00764345
-0.00832646
-0.00909816
-0.00981372
-0.0106228
-0.0114619
-0.012308
-0.0133215
-0.0141915
-0.0153774
-0.0164632
-0.0178061
-0.0196798
0.0386251
0.0267688
0.0164424
0.0125918
0.0113919
0.0102407
0.00900725
0.00809124
0.00743946
0.00691767
0.00640931
0.00575933
0.00518501
0.00481054
0.00438501
0.00390448
0.00352387
0.00319672
0.0027857
0.00205723
0.00129827
0.000956451
0.000701607
0.000308868
-8.71279e-05
-0.000569375
-0.00112194
-0.00161629
-0.00217862
-0.00273842
-0.00325037
-0.00377896
-0.00442117
-0.00504358
-0.00565068
-0.00629041
-0.0069324
-0.00764294
-0.00832599
-0.0090978
-0.00981346
-0.0106226
-0.0114617
-0.0123078
-0.0133212
-0.0141911
-0.0153769
-0.0164623
-0.0178047
-0.01968
0.0378183
0.026747
0.0166297
0.0126679
0.0114152
0.0102625
0.0090303
0.00810921
0.00745083
0.00692466
0.00641468
0.00576506
0.00519123
0.00481553
0.00438848
0.0039065
0.00352475
0.00319608
0.00278348
0.00205462
0.00129755
0.000957006
0.000703791
0.000310252
-8.77619e-05
-0.000570242
-0.00112212
-0.00161588
-0.00217793
-0.00273758
-0.0032495
-0.00377834
-0.00442058
-0.00504267
-0.00564962
-0.00628962
-0.00693183
-0.0076424
-0.00832545
-0.00909737
-0.00981318
-0.0106224
-0.0114615
-0.0123075
-0.0133209
-0.0141907
-0.0153763
-0.0164612
-0.0178031
-0.0196801
0.0370215
0.0267084
0.0168185
0.0127484
0.0114378
0.0102832
0.00905353
0.00812761
0.00746239
0.00693173
0.00642009
0.00577094
0.00519764
0.00482073
0.00439202
0.00390873
0.00352564
0.00319537
0.00278103
0.00205176
0.00129697
0.000957245
0.000705582
0.000311625
-8.84818e-05
-0.000571218
-0.00112225
-0.00161541
-0.00217719
-0.00273672
-0.00324862
-0.00377771
-0.00442002
-0.0050418
-0.00564851
-0.00628875
-0.00693123
-0.00764184
-0.00832488
-0.00909689
-0.00981286
-0.0106222
-0.0114613
-0.0123073
-0.0133206
-0.0141902
-0.0153757
-0.0164601
-0.0178013
-0.0196802
0.0362357
0.0266523
0.0170078
0.0128337
0.01146
0.0103025
0.00907675
0.00814637
0.00747419
0.006939
0.00642561
0.00577696
0.00520422
0.00482617
0.00439566
0.00391121
0.00352656
0.00319459
0.0027784
0.00204889
0.00129689
0.000957435
0.000707044
0.00031301
-8.92052e-05
-0.000572307
-0.00112225
-0.00161485
-0.00217639
-0.0027358
-0.00324776
-0.00377706
-0.00441944
-0.00504095
-0.00564741
-0.00628783
-0.0069306
-0.00764126
-0.00832426
-0.00909636
-0.00981251
-0.010622
-0.0114611
-0.012307
-0.0133202
-0.0141898
-0.015375
-0.0164588
-0.0177992
-0.0196801
0.0354619
0.0265785
0.0171966
0.0129243
0.0114817
0.0103203
0.00909978
0.00816547
0.00748628
0.00694651
0.00643127
0.00578315
0.00521101
0.00483189
0.00439944
0.00391395
0.00352752
0.00319377
0.00277562
0.00204628
0.00129771
0.000957905
0.00070827
0.000314425
-8.98608e-05
-0.000573284
-0.00112209
-0.00161419
-0.00217551
-0.00273478
-0.00324695
-0.0037764
-0.00441882
-0.00504012
-0.00564634
-0.00628688
-0.00692995
-0.00764066
-0.00832361
-0.00909579
-0.00981213
-0.0106218
-0.0114609
-0.0123068
-0.0133199
-0.0141893
-0.0153743
-0.0164574
-0.017797
-0.01968
0.0347008
0.0264866
0.0173837
0.0130204
0.0115033
0.0103364
0.00912241
0.00818486
0.00749871
0.00695431
0.00643709
0.00578951
0.00521802
0.0048379
0.00440341
0.00391698
0.00352855
0.0031929
0.0027727
0.00204422
0.00129979
0.000958991
0.000709354
0.00031587
-9.04038e-05
-0.000574156
-0.00112171
-0.00161346
-0.00217455
-0.00273362
-0.00324618
-0.00377575
-0.00441813
-0.00503924
-0.00564533
-0.00628593
-0.00692929
-0.00764005
-0.00832294
-0.00909518
-0.00981172
-0.0106216
-0.0114607
-0.0123066
-0.0133195
-0.0141888
-0.0153735
-0.0164559
-0.0177946
-0.0196799
0.0339534
0.0263764
0.0175681
0.0131226
0.011525
0.0103506
0.00914441
0.00820451
0.00751151
0.00696238
0.00644309
0.00579606
0.00522529
0.00484421
0.00440764
0.00392027
0.00352969
0.003192
0.00276965
0.00204293
0.00130341
0.000960974
0.000710367
0.000317325
-9.08283e-05
-0.000574872
-0.0011211
-0.00161267
-0.0021735
-0.00273227
-0.00324545
-0.00377514
-0.00441735
-0.00503828
-0.00564437
-0.00628499
-0.00692861
-0.00763942
-0.00832224
-0.00909455
-0.00981127
-0.0106214
-0.0114605
-0.0123064
-0.0133192
-0.0141883
-0.0153727
-0.0164543
-0.0177921
-0.0196797
0.0332198
0.026248
0.0177482
0.0132309
0.0115471
0.0103628
0.00916551
0.00822436
0.00752468
0.00697073
0.00644929
0.00580279
0.00523286
0.00485081
0.00441215
0.0039238
0.00353097
0.00319109
0.00276649
0.00204254
0.00130869
0.000964019
0.000711347
0.000318748
-9.11551e-05
-0.000575406
-0.00112027
-0.00161185
-0.00217236
-0.00273071
-0.00324473
-0.00377458
-0.00441647
-0.00503721
-0.00564344
-0.00628405
-0.0069279
-0.00763876
-0.00832152
-0.00909389
-0.00981081
-0.0106212
-0.0114603
-0.0123061
-0.0133188
-0.0141877
-0.0153719
-0.0164527
-0.0177893
-0.0196794
0.0325007
0.0261013
0.0179228
0.0133456
0.0115701
0.0103727
0.00918542
0.00824431
0.00753825
0.00697938
0.00645569
0.00580969
0.00524071
0.0048577
0.00441695
0.00392751
0.00353239
0.00319018
0.00276326
0.00204306
0.00131556
0.000968147
0.000712302
0.000320096
-9.14175e-05
-0.000575752
-0.00111923
-0.001611
-0.00217114
-0.00272893
-0.003244
-0.0037741
-0.00441548
-0.005036
-0.00564251
-0.00628312
-0.00692718
-0.00763808
-0.00832077
-0.0090932
-0.00981032
-0.010621
-0.01146
-0.0123059
-0.0133184
-0.0141871
-0.015371
-0.016451
-0.0177865
-0.0196791
0.0317967
0.0259366
0.0180902
0.0134664
0.0115945
0.0103803
0.00920383
0.00826422
0.00755215
0.0069883
0.00646231
0.00581677
0.00524885
0.00486484
0.00442204
0.00393135
0.00353396
0.0031893
0.00276
0.00204444
0.00132383
0.00097326
0.00071323
0.000321334
-9.16538e-05
-0.000575923
-0.00111802
-0.00161013
-0.00216982
-0.00272693
-0.0032432
-0.00377367
-0.00441438
-0.00503466
-0.00564156
-0.00628218
-0.00692641
-0.00763736
-0.00831999
-0.0090925
-0.0098098
-0.0106207
-0.0114598
-0.0123056
-0.013318
-0.0141865
-0.0153701
-0.0164492
-0.0177835
-0.0196788
0.0311093
0.0257549
0.0182489
0.0135929
0.0116209
0.0103856
0.00922044
0.00828396
0.00756639
0.00699747
0.00646911
0.00582399
0.00525724
0.00487222
0.00442738
0.00393528
0.00353569
0.00318846
0.00275672
0.00204654
0.00133324
0.000979201
0.000714128
0.000322445
-9.18983e-05
-0.00057595
-0.00111668
-0.00160923
-0.00216843
-0.00272476
-0.00324232
-0.00377327
-0.00441317
-0.00503319
-0.00564056
-0.0062812
-0.00692561
-0.00763662
-0.00831919
-0.00909178
-0.00980927
-0.0106205
-0.0114596
-0.0123053
-0.0133176
-0.0141859
-0.0153691
-0.0164474
-0.0177804
-0.0196784
0.0304412
0.0255581
0.0183982
0.0137248
0.0116503
0.0103886
0.00923487
0.00830332
0.00758099
0.00700698
0.00647608
0.0058313
0.00526584
0.00487983
0.00443296
0.00393927
0.00353757
0.00318768
0.00275342
0.0020492
0.00134357
0.000985788
0.000715003
0.000323425
-9.21675e-05
-0.000575865
-0.00111523
-0.00160829
-0.00216696
-0.00272245
-0.00324135
-0.00377289
-0.00441187
-0.00503163
-0.00563949
-0.00628019
-0.00692476
-0.00763583
-0.00831835
-0.00909103
-0.00980871
-0.0106202
-0.0114593
-0.012305
-0.0133171
-0.0141852
-0.015368
-0.0164455
-0.0177771
-0.019678
0.0297863
0.0253446
0.0185348
0.0138605
0.0116832
0.0103897
0.00924678
0.00832195
0.00759582
0.00701685
0.00648331
0.00583876
0.00527462
0.00488762
0.00443872
0.00394329
0.00353959
0.00318693
0.00275014
0.00205228
0.00135456
0.000992854
0.000715874
0.000324286
-9.24634e-05
-0.0005757
-0.00111372
-0.0016073
-0.00216542
-0.00272002
-0.00324029
-0.0037725
-0.00441048
-0.00502998
-0.00563835
-0.00627913
-0.00692387
-0.00763502
-0.00831747
-0.00909026
-0.00980814
-0.0106199
-0.011459
-0.0123047
-0.0133166
-0.0141845
-0.0153669
-0.0164435
-0.0177738
-0.0196776
0.0291476
0.025118
0.0186582
0.0139989
0.0117202
0.0103891
0.00925597
0.00833961
0.00761077
0.00702693
0.00649066
0.00584635
0.00528363
0.00489566
0.00444465
0.00394732
0.00354172
0.00318622
0.00274687
0.00205566
0.00136603
0.00100026
0.000716767
0.000325047
-9.27797e-05
-0.000575483
-0.00111216
-0.00160626
-0.00216381
-0.00271751
-0.00323913
-0.00377207
-0.00440901
-0.00502827
-0.00563714
-0.00627803
-0.00692292
-0.00763417
-0.00831657
-0.00908947
-0.00980754
-0.0106196
-0.0114587
-0.0123044
-0.0133161
-0.0141838
-0.0153658
-0.0164415
-0.0177702
-0.0196771
0.0285297
0.0248804
0.0187679
0.0141394
0.0117622
0.0103871
0.00926207
0.00835602
0.00762594
0.00703743
0.00649816
0.00585391
0.0052927
0.00490388
0.00445075
0.00395141
0.00354396
0.00318554
0.00274363
0.00205925
0.00137784
0.00100792
0.000717715
0.000325739
-9.31042e-05
-0.000575233
-0.00111056
-0.00160516
-0.00216213
-0.00271493
-0.00323789
-0.00377159
-0.00440746
-0.0050265
-0.00563587
-0.00627688
-0.00692194
-0.00763329
-0.00831563
-0.00908865
-0.00980693
-0.0106193
-0.0114583
-0.012304
-0.0133156
-0.014183
-0.0153646
-0.0164394
-0.0177666
-0.0196765
0.0279274
0.0246292
0.0188601
0.0142793
0.0118094
0.0103844
0.00926479
0.00837048
0.00764098
0.00704837
0.00650599
0.00586163
0.00530188
0.00491223
0.00445692
0.00395548
0.00354626
0.0031849
0.00274042
0.00206295
0.00138986
0.00101575
0.00071875
0.000326391
-9.34192e-05
-0.000574957
-0.00110894
-0.00160401
-0.00216039
-0.0027123
-0.00323658
-0.00377107
-0.00440586
-0.00502468
-0.00563454
-0.00627568
-0.00692091
-0.00763237
-0.00831466
-0.00908781
-0.0098063
-0.010619
-0.011458
-0.0123036
-0.013315
-0.0141822
-0.0153633
-0.0164371
-0.0177628
-0.019676
0.0273546
0.0243748
0.0189388
0.0144191
0.0118626
0.010382
0.00926457
0.00838294
0.00765573
0.00705958
0.00651402
0.00586951
0.00531133
0.00492083
0.00446321
0.00395956
0.00354865
0.00318431
0.00273728
0.00206675
0.00140202
0.0010237
0.000719887
0.000327024
-9.37076e-05
-0.000574658
-0.00110728
-0.00160281
-0.00215859
-0.00270961
-0.0032352
-0.0037705
-0.00440421
-0.0050228
-0.00563315
-0.00627445
-0.00691983
-0.00763142
-0.00831366
-0.00908694
-0.00980565
-0.0106186
-0.0114576
-0.0123032
-0.0133145
-0.0141814
-0.0153619
-0.0164349
-0.0177588
-0.0196753
0.0267834
0.0241109
0.0189997
0.0145553
0.011921
0.0103799
0.00926098
0.00839298
0.00767024
0.00707127
0.00652227
0.00587731
0.00532074
0.00492961
0.0044697
0.00396376
0.00355113
0.00318374
0.00273418
0.00207061
0.00141427
0.00103174
0.000721156
0.000327664
-9.39578e-05
-0.000574337
-0.00110559
-0.00160154
-0.00215671
-0.00270687
-0.00323377
-0.00376988
-0.0044025
-0.00502088
-0.00563171
-0.00627317
-0.00691872
-0.00763043
-0.00831262
-0.00908604
-0.00980498
-0.0106183
-0.0114572
-0.0123027
-0.0133139
-0.0141805
-0.0153605
-0.0164325
-0.0177547
-0.0196746
0.0262096
0.0238331
0.0190385
0.0146848
0.0119835
0.0103784
0.00925373
0.00839957
0.00768367
0.00708327
0.0065309
0.00588526
0.00533016
0.00493835
0.00447607
0.00396785
0.00355361
0.00318321
0.00273113
0.00207446
0.00142651
0.00103985
0.000722565
0.000328321
-9.41602e-05
-0.000573992
-0.00110387
-0.00160022
-0.00215477
-0.00270407
-0.00323228
-0.00376921
-0.00440075
-0.00501889
-0.00563022
-0.00627185
-0.00691756
-0.00762941
-0.00831154
-0.00908512
-0.00980429
-0.0106179
-0.0114568
-0.0123023
-0.0133132
-0.0141796
-0.015359
-0.01643
-0.0177504
-0.0196738
0.0256881
0.0235659
0.0190684
0.0148112
0.0120522
0.0103801
0.00924455
0.00840304
0.00769592
0.00709554
0.00653993
0.00589347
0.00533988
0.00494741
0.00448264
0.003972
0.00355615
0.00318276
0.00272821
0.00207839
0.00143875
0.00104799
0.000724087
0.000328994
-9.4306e-05
-0.000573615
-0.00110211
-0.00159884
-0.00215276
-0.00270122
-0.00323074
-0.00376849
-0.00439894
-0.00501685
-0.00562869
-0.0062705
-0.00691637
-0.00762835
-0.00831043
-0.00908416
-0.00980357
-0.0106176
-0.0114563
-0.0123018
-0.0133126
-0.0141786
-0.0153575
-0.0164275
-0.017746
-0.019673
0.025159
0.0232912
0.0190796
0.0149275
0.0121231
0.0103844
0.00923306
0.00840313
0.0077068
0.00710811
0.00654939
0.0059017
0.00534955
0.00495664
0.00448947
0.00397634
0.00355882
0.00318235
0.0027253
0.00208231
0.00145099
0.00105621
0.000725775
0.000329711
-9.4394e-05
-0.000573209
-0.00110031
-0.00159741
-0.00215067
-0.0026983
-0.00322914
-0.00376772
-0.00439709
-0.00501474
-0.0056271
-0.0062691
-0.00691513
-0.00762725
-0.00830928
-0.00908318
-0.00980284
-0.0106172
-0.0114559
-0.0123013
-0.0133119
-0.0141776
-0.0153558
-0.0164249
-0.0177414
-0.019672
0.024617
0.0230032
0.0190683
0.015031
0.0121938
0.0103908
0.00921901
0.0083988
0.00771504
0.00712042
0.00655924
0.00591006
0.0053591
0.00496568
0.0044959
0.0039803
0.00356138
0.00318196
0.00272245
0.00208619
0.00146311
0.00106444
0.000727582
0.000330465
-9.44281e-05
-0.000572769
-0.00109848
-0.00159592
-0.00214853
-0.00269533
-0.00322749
-0.00376689
-0.00439518
-0.00501256
-0.00562545
-0.00626765
-0.00691385
-0.00762611
-0.00830809
-0.00908216
-0.00980208
-0.0106168
-0.0114554
-0.0123008
-0.0133111
-0.0141766
-0.0153541
-0.0164222
-0.0177367
-0.019671
0.0241516
0.0227375
0.0190538
0.0151288
0.0122677
0.010403
0.00920537
0.00839125
0.00772101
0.00713276
0.00656977
0.00591872
0.00536882
0.00497509
0.00450272
0.00398451
0.00356399
0.00318166
0.00271981
0.00209014
0.00147516
0.00107265
0.000729475
0.000331242
-9.44135e-05
-0.000572292
-0.00109661
-0.00159437
-0.00214631
-0.00269229
-0.00322579
-0.00376601
-0.00439321
-0.00501032
-0.00562376
-0.00626617
-0.00691252
-0.00762494
-0.00830685
-0.00908111
-0.00980129
-0.0106164
-0.0114549
-0.0123002
-0.0133104
-0.0141755
-0.0153523
-0.0164193
-0.0177318
-0.0196699
0.0236775
0.0224655
0.0190218
0.0152115
0.0123387
0.0104187
0.00919147
0.00838011
0.00772392
0.00714445
0.00658093
0.00592784
0.00537866
0.00498471
0.00450989
0.00398894
0.00356662
0.00318139
0.0027173
0.00209407
0.00148713
0.00108097
0.000731566
0.000332111
-9.43466e-05
-0.000571793
-0.00109471
-0.00159276
-0.00214401
-0.00268918
-0.00322402
-0.00376507
-0.00439119
-0.005008
-0.00562201
-0.00626463
-0.00691114
-0.00762372
-0.00830558
-0.00908003
-0.00980047
-0.010616
-0.0114543
-0.0122996
-0.0133096
-0.0141743
-0.0153503
-0.0164164
-0.0177267
-0.0196687
0.0231903
0.0221827
0.0189676
0.015276
0.012404
0.0104364
0.00917645
0.00836402
0.00772211
0.0071544
0.00659214
0.00593707
0.00538823
0.00499382
0.00451632
0.00399277
0.00356911
0.00318112
0.00271437
0.00209789
0.00149892
0.00108921
0.000733707
0.000332988
-9.42323e-05
-0.000571237
-0.00109277
-0.0015911
-0.00214167
-0.00268602
-0.0032222
-0.00376406
-0.0043891
-0.00500562
-0.00562019
-0.00626304
-0.00690972
-0.00762246
-0.00830426
-0.00907891
-0.00979963
-0.0106155
-0.0114538
-0.012299
-0.0133087
-0.0141731
-0.0153483
-0.0164134
-0.0177215
-0.0196674
0.0228005
0.0219319
0.0189147
0.0153344
0.0124695
0.0104606
0.0091651
0.00834637
0.00771748
0.0071637
0.00660409
0.00594676
0.00539783
0.00500312
0.00452321
0.00399707
0.00357189
0.00318112
0.00271207
0.00210176
0.00151059
0.00109746
0.000735936
0.000333902
-9.40794e-05
-0.000570629
-0.0010908
-0.00158938
-0.00213924
-0.00268278
-0.00322032
-0.00376298
-0.00438696
-0.00500318
-0.00561833
-0.0062614
-0.00690824
-0.00762116
-0.0083029
-0.00907776
-0.00979875
-0.0106151
-0.0114532
-0.0122984
-0.0133079
-0.0141718
-0.0153462
-0.0164103
-0.0177161
-0.019666
0.0224092
0.0216771
0.0188442
0.0153755
0.0125277
0.010487
0.00915587
0.00832647
0.00770869
0.00717075
0.00661632
0.00595736
0.00540807
0.00501306
0.00453057
0.00400136
0.00357441
0.00318109
0.00270989
0.00210567
0.00152207
0.00110583
0.000738393
0.000334917
-9.38897e-05
-0.000570004
-0.0010888
-0.00158759
-0.00213674
-0.00267947
-0.00321835
-0.00376182
-0.00438474
-0.00500065
-0.00561639
-0.00625971
-0.00690672
-0.00761981
-0.0083015
-0.00907658
-0.00979784
-0.0106146
-0.0114526
-0.0122978
-0.0133069
-0.0141705
-0.015344
-0.0164071
-0.0177106
-0.0196645
0.0220031
0.0214127
0.0187513
0.0153959
0.0125749
0.010512
0.00914652
0.00830235
0.00769394
0.00717404
0.0066278
0.00596814
0.00541794
0.00502213
0.00453694
0.00400499
0.00357673
0.00318096
0.00270757
0.00210877
0.00153329
0.00111404
0.000740812
0.000335904
-9.36331e-05
-0.000569302
-0.00108677
-0.00158576
-0.00213419
-0.00267612
-0.00321633
-0.0037606
-0.00438247
-0.00499806
-0.00561439
-0.00625796
-0.00690514
-0.00761841
-0.00830004
-0.00907535
-0.0097969
-0.0106141
-0.011452
-0.0122971
-0.013306
-0.0141691
-0.0153417
-0.0164038
-0.0177049
-0.0196628
0.0217056
0.0211808
0.0186598
0.0154104
0.0126184
0.0105396
0.0091419
0.00827907
0.00767649
0.00717493
0.00663899
0.00597919
0.00542776
0.00503123
0.00454375
0.00400924
0.00357952
0.00318112
0.00270568
0.00211264
0.00154444
0.00112225
0.000743372
0.000336988
-9.33106e-05
-0.00056854
-0.00108469
-0.00158384
-0.00213154
-0.00267268
-0.00321422
-0.00375929
-0.00438012
-0.00499541
-0.00561233
-0.00625615
-0.0069035
-0.00761697
-0.00829854
-0.0090741
-0.00979593
-0.0106136
-0.0114513
-0.0122964
-0.0133049
-0.0141677
-0.0153393
-0.0164004
-0.0176991
-0.019661
0.0214528
0.0209579
0.0185581
0.0154115
0.0126529
0.0105662
0.00914091
0.00825625
0.00765513
0.00717206
0.00664929
0.00599111
0.00543894
0.00504148
0.00455106
0.00401321
0.00358176
0.00318107
0.00270376
0.00211637
0.00155542
0.00113053
0.000746115
0.000338139
-9.29952e-05
-0.000567761
-0.00108258
-0.00158185
-0.00212882
-0.00266918
-0.00321204
-0.0037579
-0.00437771
-0.00499267
-0.00561019
-0.00625428
-0.0069018
-0.00761547
-0.00829699
-0.0090728
-0.00979492
-0.010613
-0.0114506
-0.0122956
-0.0133039
-0.0141661
-0.0153367
-0.0163969
-0.0176931
-0.0196591
0.0211581
0.0207266
0.0184416
0.0153961
0.0126754
0.0105873
0.00914032
0.00823229
0.00762931
0.00716497
0.0066579
0.00600314
0.00544997
0.0050508
0.00455725
0.00401648
0.00358388
0.00318121
0.00270204
0.00211993
0.00156601
0.00113857
0.000748842
0.000339292
-9.26179e-05
-0.000566903
-0.00108043
-0.00157981
-0.00212603
-0.00266561
-0.00320978
-0.00375641
-0.00437522
-0.00498987
-0.00560799
-0.00625234
-0.00690004
-0.00761393
-0.00829538
-0.00907146
-0.00979387
-0.0106125
-0.0114499
-0.0122948
-0.0133027
-0.0141645
-0.0153341
-0.0163933
-0.017687
-0.019657
0.0208368
0.0204994
0.0183227
0.0153717
0.0126887
0.0106029
0.00914055
0.00820982
0.00760144
0.0071539
0.00666385
0.00601403
0.00546053
0.00506034
0.00456413
0.00402035
0.00358626
0.00318143
0.00270039
0.00212342
0.00157638
0.00114668
0.000751779
0.000340553
-9.21633e-05
-0.000565978
-0.00107824
-0.00157768
-0.00212315
-0.00266198
-0.00320744
-0.00375484
-0.00437267
-0.004987
-0.00560572
-0.00625035
-0.00689823
-0.00761233
-0.00829373
-0.00907009
-0.00979279
-0.0106119
-0.0114491
-0.012294
-0.0133015
-0.0141629
-0.0153313
-0.0163895
-0.0176808
-0.0196548
0.0205061
0.020276
0.0182011
0.0153381
0.0126925
0.0106125
0.00914193
0.00818925
0.00757092
0.00713807
0.00666711
0.00602501
0.00547255
0.00507137
0.00457154
0.00402373
0.00358794
0.00318141
0.00269894
0.002127
0.00158661
0.00115475
0.000754766
0.000341825
-9.1668e-05
-0.000564994
-0.001076
-0.00157547
-0.00212019
-0.00265828
-0.00320501
-0.00375318
-0.00437004
-0.00498405
-0.00560336
-0.00624829
-0.00689634
-0.00761068
-0.00829201
-0.00906867
-0.00979166
-0.0106112
-0.0114483
-0.0122931
-0.0133003
-0.0141611
-0.0153284
-0.0163856
-0.0176744
-0.0196524
0.0201625
0.020049
0.018075
0.0152957
0.0126877
0.0106159
0.00914207
0.00816932
0.00753855
0.00711942
0.00666879
0.00603547
0.00548422
0.00508176
0.00457822
0.00402667
0.00358965
0.00318174
0.00269778
0.0021304
0.00159634
0.00116257
0.000757798
0.000343164
-9.11013e-05
-0.000563938
-0.00107371
-0.00157319
-0.00211715
-0.0026545
-0.00320249
-0.00375141
-0.00436732
-0.00498102
-0.00560092
-0.00624615
-0.00689439
-0.00760898
-0.00829025
-0.00906722
-0.0097905
-0.0106106
-0.0114475
-0.0122923
-0.013299
-0.0141593
-0.0153254
-0.0163817
-0.0176679
-0.0196498
0.0198065
0.0198163
0.017946
0.0152464
0.0126748
0.0106113
0.00913935
0.00815132
0.00750617
0.00709742
0.00666639
0.00604296
0.00549457
0.00509255
0.004586
0.00403025
0.00359125
0.0031817
0.00269638
0.00213357
0.00160584
0.00117042
0.000761006
0.000344601
-9.04375e-05
-0.000562787
-0.00107136
-0.00157082
-0.00211401
-0.00265066
-0.00319988
-0.00374954
-0.00436453
-0.00497792
-0.00559842
-0.00624396
-0.00689238
-0.00760722
-0.00828842
-0.00906572
-0.00978929
-0.0106099
-0.0114466
-0.0122913
-0.0132976
-0.0141574
-0.0153222
-0.0163775
-0.0176612
-0.0196471
0.0194458
0.0195779
0.017814
0.0151896
0.0126533
0.0105992
0.0091343
0.00813478
0.00747188
0.00707034
0.00666002
0.00604893
0.00550534
0.00510454
0.00459433
0.0040332
0.00359198
0.00318147
0.00269537
0.00213692
0.00161511
0.00117814
0.00076426
0.000346099
-8.96946e-05
-0.000561575
-0.00106897
-0.00156837
-0.0021108
-0.00264676
-0.00319719
-0.00374757
-0.00436167
-0.00497474
-0.00559582
-0.00624168
-0.00689029
-0.0076054
-0.00828653
-0.00906418
-0.00978804
-0.0106092
-0.0114457
-0.0122903
-0.0132962
-0.0141554
-0.0153189
-0.0163733
-0.0176544
-0.0196441
0.0190899
0.0193343
0.0176773
0.0151252
0.012625
0.0105803
0.00912381
0.00811684
0.007436
0.00704094
0.00665224
0.00605372
0.00551477
0.00511579
0.00460247
0.00403622
0.00359296
0.00318155
0.00269446
0.00213996
0.00162387
0.00118569
0.000767593
0.000347623
-8.89159e-05
-0.000560292
-0.00106652
-0.00156582
-0.00210749
-0.00264278
-0.00319438
-0.00374548
-0.00435871
-0.00497146
-0.00559314
-0.00623932
-0.00688813
-0.00760352
-0.00828459
-0.0090626
-0.00978674
-0.0106084
-0.0114448
-0.0122893
-0.0132947
-0.0141532
-0.0153155
-0.0163689
-0.0176475
-0.019641
0.0187447
0.0190844
0.0175346
0.0150552
0.0125901
0.0105521
0.00910628
0.0080994
0.00740137
0.00700956
0.00664114
0.00605499
0.0055216
0.00512694
0.00461202
0.00404008
0.00359364
0.00318104
0.00269331
0.00214286
0.00163236
0.00119309
0.000770961
0.000349229
-8.79946e-05
-0.000558878
-0.001064
-0.00156319
-0.00210408
-0.00263872
-0.00319148
-0.00374327
-0.00435566
-0.00496812
-0.00559038
-0.0062369
-0.00688589
-0.00760158
-0.00828258
-0.00906097
-0.00978539
-0.0106076
-0.0114438
-0.0122882
-0.0132931
-0.014151
-0.015312
-0.0163644
-0.0176405
-0.0196377
0.0184126
0.0188312
0.0173862
0.0149779
0.0125468
0.0105163
0.00908404
0.00808248
0.00736618
0.00697402
0.00662636
0.00605379
0.00552695
0.0051383
0.00462229
0.00404365
0.00359359
0.00318033
0.0026924
0.00214569
0.00164041
0.00120032
0.000774477
0.000350985
-8.69887e-05
-0.000557414
-0.0010614
-0.00156044
-0.00210058
-0.0026346
-0.00318849
-0.00374097
-0.00435255
-0.00496469
-0.00558753
-0.00623439
-0.00688358
-0.00759957
-0.0082805
-0.0090593
-0.00978399
-0.0106068
-0.0114427
-0.012287
-0.0132914
-0.0141487
-0.0153083
-0.0163598
-0.0176334
-0.0196341
0.0180981
0.018579
0.0172282
0.0148906
0.0124973
0.0104753
0.00905528
0.0080631
0.00732976
0.00693525
0.0066096
0.00605114
0.00552993
0.00514819
0.00463259
0.00404764
0.00359372
0.00317967
0.00269145
0.00214823
0.00164805
0.00120743
0.000778026
0.000352718
-8.59075e-05
-0.000555813
-0.00105873
-0.0015576
-0.002097
-0.00263042
-0.00318538
-0.00373853
-0.00434932
-0.00496116
-0.00558457
-0.00623179
-0.0068812
-0.00759751
-0.00827835
-0.00905758
-0.00978254
-0.0106059
-0.0114416
-0.0122858
-0.0132897
-0.0141463
-0.0153045
-0.016355
-0.0176261
-0.0196304
0.0177995
0.0183262
0.017058
0.0147948
0.0124435
0.0104286
0.00901801
0.00804062
0.00729324
0.00689389
0.00659058
0.00604616
0.00552932
0.00515643
0.00464393
0.00405267
0.00359374
0.00317861
0.00269041
0.00215064
0.00165528
0.00121424
0.000781553
0.000354566
-8.46808e-05
-0.000554128
-0.00105603
-0.00155469
-0.0020933
-0.00262615
-0.00318215
-0.00373595
-0.00434601
-0.00495756
-0.00558153
-0.00622911
-0.00687872
-0.00759538
-0.00827615
-0.00905581
-0.00978103
-0.010605
-0.0114405
-0.0122845
-0.0132879
-0.0141437
-0.0153006
-0.0163501
-0.0176188
-0.0196264
0.01751
0.0180746
0.0168782
0.0146912
0.0123836
0.0103749
0.00897169
0.00801525
0.00725751
0.0068497
0.00656823
0.00603903
0.00552595
0.00516306
0.00465563
0.00405796
0.00359334
0.00317734
0.00268941
0.00215275
0.00166193
0.00122081
0.000785222
0.000356508
-8.34205e-05
-0.000552356
-0.00105318
-0.00155162
-0.00208952
-0.00262181
-0.00317882
-0.00373325
-0.00434261
-0.00495388
-0.00557839
-0.00622634
-0.00687617
-0.00759318
-0.00827387
-0.009054
-0.00977946
-0.010604
-0.0114393
-0.0122832
-0.013286
-0.0141411
-0.0152965
-0.016345
-0.0176113
-0.0196222
0.0172279
0.017828
0.0166899
0.0145764
0.0123155
0.0103156
0.00891823
0.00798692
0.00722189
0.00680144
0.00654217
0.00603098
0.00552002
0.00516677
0.00466702
0.00406408
0.00359315
0.00317595
0.00268831
0.00215455
0.00166811
0.00122718
0.000788852
0.000358467
-8.19975e-05
-0.00055041
-0.00105024
-0.00154845
-0.00208563
-0.00261741
-0.00317537
-0.00373043
-0.00433911
-0.00495009
-0.00557516
-0.00622349
-0.00687352
-0.0075909
-0.00827151
-0.00905214
-0.00977785
-0.010603
-0.011438
-0.0122817
-0.013284
-0.0141382
-0.0152923
-0.0163398
-0.0176037
-0.0196178
0.0169479
0.0175854
0.0164924
0.0144483
0.0122403
0.0102539
0.00885772
0.00795259
0.00718535
0.00675006
0.00651308
0.0060221
0.00551101
0.00516705
0.00467825
0.00407119
0.00359299
0.00317424
0.00268716
0.00215618
0.00167378
0.00123313
0.000792462
0.000360573
-8.04532e-05
-0.000548412
-0.00104727
-0.00154517
-0.00208164
-0.00261294
-0.00317181
-0.00372745
-0.00433551
-0.00494621
-0.0055718
-0.00622053
-0.0068708
-0.00758856
-0.00826908
-0.00905023
-0.00977617
-0.0106019
-0.0114367
-0.0122802
-0.013282
-0.0141353
-0.015288
-0.0163344
-0.017596
-0.0196131
0.0166615
0.0173457
0.0162873
0.014308
0.0121583
0.010189
0.00878805
0.00791072
0.00714937
0.00669663
0.00647945
0.00601169
0.00549974
0.00516389
0.00468859
0.00407896
0.0035928
0.0031723
0.00268606
0.00215752
0.00167877
0.00123873
0.000796108
0.00036274
-7.8826e-05
-0.00054627
-0.00104416
-0.00154179
-0.00207756
-0.00260835
-0.00316811
-0.00372434
-0.0043318
-0.00494224
-0.00556834
-0.00621748
-0.00686799
-0.00758616
-0.00826659
-0.00904826
-0.00977442
-0.0106007
-0.0114353
-0.0122786
-0.0132798
-0.0141322
-0.0152835
-0.0163289
-0.0175882
-0.0196082
0.0163664
0.0171087
0.0160777
0.0141557
0.0120665
0.0101196
0.00871077
0.00786159
0.00711368
0.0066407
0.00644039
0.00600033
0.00548715
0.00515664
0.00469709
0.0040875
0.00359302
0.00317015
0.00268487
0.00215854
0.00168322
0.00124404
0.000799673
0.000364892
-7.70781e-05
-0.000543974
-0.00104093
-0.00153826
-0.00207337
-0.00260371
-0.00316427
-0.0037211
-0.004328
-0.00493819
-0.0055648
-0.00621433
-0.00686508
-0.00758366
-0.00826402
-0.00904624
-0.00977261
-0.0105995
-0.0114339
-0.0122769
-0.0132776
-0.014129
-0.015279
-0.0163232
-0.0175803
-0.0196031
0.0160627
0.0168721
0.0158649
0.0139913
0.0119633
0.0100468
0.00862806
0.00780426
0.00707724
0.00658327
0.00639606
0.0059873
0.00547317
0.00514529
0.00470343
0.00409663
0.00359374
0.00316766
0.00268346
0.00215947
0.00168715
0.00124879
0.00080306
0.000367098
-7.52151e-05
-0.00054155
-0.00103757
-0.0015346
-0.00206911
-0.00259902
-0.00316032
-0.00371768
-0.0043241
-0.00493403
-0.00556111
-0.00621107
-0.00686207
-0.00758107
-0.00826137
-0.00904419
-0.00977075
-0.0105982
-0.0114324
-0.0122751
-0.0132753
-0.0141256
-0.0152743
-0.0163174
-0.0175723
-0.0195978
0.0157509
0.0166335
0.0156514
0.0138169
0.0118481
0.0099709
0.00854117
0.00773701
0.0070386
0.00652497
0.0063457
0.00597171
0.00545883
0.00513031
0.00470691
0.00410585
0.00359473
0.00316493
0.00268211
0.00216021
0.00169036
0.00125301
0.000806425
0.000369414
-7.32424e-05
-0.000539
-0.0010341
-0.00153082
-0.00206474
-0.00259421
-0.00315623
-0.00371413
-0.00432005
-0.00492977
-0.00555733
-0.00620772
-0.00685898
-0.00757842
-0.00825864
-0.00904205
-0.00976881
-0.0105969
-0.0114308
-0.0122732
-0.0132728
-0.014122
-0.0152695
-0.0163114
-0.0175641
-0.0195922
0.0154312
0.0163921
0.0154385
0.0136336
0.0117196
0.00989001
0.00845023
0.00765873
0.00699679
0.00646711
0.00628968
0.00595316
0.00544447
0.00511166
0.00470671
0.00411476
0.00359643
0.00316214
0.00268051
0.00216064
0.00169307
0.0012569
0.000809615
0.000371648
-7.11908e-05
-0.000536312
-0.00103051
-0.00152687
-0.00206024
-0.00258934
-0.00315203
-0.00371045
-0.00431592
-0.00492539
-0.00555343
-0.00620426
-0.00685579
-0.00757569
-0.00825584
-0.00903985
-0.00976679
-0.0105955
-0.0114292
-0.0122712
-0.0132703
-0.0141183
-0.0152645
-0.0163053
-0.0175559
-0.0195864
0.0151025
0.016145
0.0152248
0.0134433
0.0115777
0.00980222
0.00835699
0.00757102
0.00695069
0.00641025
0.00622814
0.00592994
0.00542999
0.00509018
0.00470259
0.00412299
0.00359895
0.00315908
0.00267827
0.00216104
0.0016955
0.00126012
0.000812479
0.000373889
-6.90349e-05
-0.00053347
-0.00102674
-0.00152279
-0.00205568
-0.0025844
-0.00314767
-0.00370658
-0.00431167
-0.00492093
-0.00554939
-0.00620069
-0.00685251
-0.00757284
-0.00825296
-0.00903761
-0.0097647
-0.0105939
-0.0114275
-0.0122691
-0.0132677
-0.0141145
-0.0152594
-0.016299
-0.0175475
-0.0195803
0.0147667
0.0158906
0.0150112
0.0132501
0.0114232
0.00970575
0.00826299
0.00747455
0.00689783
0.00635403
0.00616153
0.00590134
0.00541573
0.00506667
0.00469422
0.00412959
0.00360168
0.00315614
0.0026759
0.00216107
0.00169739
0.00126293
0.00081518
0.000376096
-6.68328e-05
-0.000530492
-0.00102285
-0.00151861
-0.00205103
-0.0025793
-0.00314312
-0.00370257
-0.00430733
-0.00491639
-0.00554524
-0.00619695
-0.0068491
-0.00756994
-0.00825
-0.0090353
-0.00976256
-0.0105923
-0.0114257
-0.0122668
-0.0132651
-0.0141104
-0.0152542
-0.0162926
-0.017539
-0.019574
0.0144287
0.0156297
0.0147978
0.0130547
0.0112564
0.00959888
0.00816778
0.0073695
0.00683652
0.00629886
0.00609136
0.0058667
0.00540083
0.00504153
0.00468163
0.00413395
0.00360464
0.00315363
0.00267324
0.00216059
0.00169883
0.00126535
0.000817531
0.000378174
-6.45228e-05
-0.000527403
-0.00101885
-0.00151421
-0.00204623
-0.00257415
-0.00313848
-0.00369839
-0.00430283
-0.00491171
-0.00554099
-0.00619316
-0.00684558
-0.0075669
-0.00824698
-0.00903293
-0.00976033
-0.0105906
-0.0114239
-0.0122644
-0.0132622
-0.0141062
-0.0152489
-0.016286
-0.0175304
-0.0195674
0.01409
0.0153613
0.0145816
0.0128575
0.0110796
0.00947991
0.00807057
0.00725805
0.00676583
0.00624421
0.00601869
0.00582485
0.00538471
0.00501574
0.00466494
0.00413573
0.00360751
0.0031512
0.00267004
0.00215967
0.00170002
0.00126733
0.000819566
0.000380158
-6.21899e-05
-0.000524125
-0.00101458
-0.00150967
-0.00204141
-0.00256896
-0.00313371
-0.00369404
-0.00429816
-0.00490691
-0.00553661
-0.00618927
-0.00684203
-0.00756376
-0.00824383
-0.00903049
-0.00975802
-0.0105888
-0.011422
-0.0122619
-0.0132593
-0.0141019
-0.0152434
-0.0162794
-0.0175217
-0.0195606
0.0137517
0.0150846
0.014361
0.0126607
0.0108953
0.00934741
0.00797075
0.00714232
0.0066847
0.00618819
0.00594427
0.00577607
0.00536686
0.00498959
0.00464422
0.00413436
0.0036097
0.00314894
0.00266677
0.00215815
0.00170084
0.00126923
0.000821255
0.000381834
-5.98375e-05
-0.000520708
-0.00101022
-0.00150502
-0.00203647
-0.0025636
-0.00312876
-0.0036896
-0.00429343
-0.00490196
-0.00553204
-0.00618519
-0.00683835
-0.00756061
-0.00824063
-0.00902792
-0.00975563
-0.0105869
-0.01142
-0.0122593
-0.0132564
-0.0140974
-0.0152378
-0.0162725
-0.0175129
-0.0195536
0.0134168
0.0148012
0.014136
0.0124639
0.0107051
0.00920118
0.00786639
0.0070232
0.00659291
0.00612982
0.0058693
0.00572017
0.00534575
0.00496363
0.00462057
0.00412938
0.00361051
0.00314694
0.00266356
0.00215579
0.00170092
0.00127107
0.000822847
0.000383211
-5.75404e-05
-0.000517219
-0.00100579
-0.00150017
-0.00203135
-0.00255812
-0.00312366
-0.00368494
-0.00428859
-0.00489699
-0.00552735
-0.00618096
-0.00683448
-0.00755728
-0.00823743
-0.00902538
-0.00975314
-0.0105849
-0.011418
-0.0122565
-0.0132532
-0.0140927
-0.0152321
-0.0162656
-0.0175039
-0.0195464
0.0130878
0.0145132
0.0139044
0.0122652
0.0105112
0.00904177
0.00775507
0.0069019
0.00649103
0.00606785
0.00579497
0.00565722
0.00532014
0.00493803
0.00459409
0.00412075
0.00360981
0.0031447
0.00266034
0.00215273
0.00170025
0.00127279
0.000824431
0.000384357
-5.54034e-05
-0.000513532
-0.00100111
-0.00149525
-0.00202618
-0.00255253
-0.00311842
-0.00368011
-0.00428353
-0.00489187
-0.00552263
-0.00617669
-0.00683056
-0.00755379
-0.00823401
-0.00902276
-0.00975065
-0.0105828
-0.0114158
-0.0122535
-0.01325
-0.0140878
-0.0152262
-0.0162585
-0.0174948
-0.0195389
0.0127663
0.0142221
0.0136645
0.0120632
0.010316
0.00887055
0.00763503
0.00677922
0.00637966
0.00599995
0.00572123
0.00558884
0.00528951
0.0049121
0.00456505
0.00410843
0.00360737
0.00314182
0.00265721
0.00214937
0.0016986
0.00127421
0.000826098
0.000385401
-5.3293e-05
-0.000509859
-0.000996414
-0.00149017
-0.00202088
-0.00254682
-0.00311303
-0.00367517
-0.00427837
-0.00488654
-0.00551766
-0.00617231
-0.00682659
-0.00755031
-0.00823052
-0.00901989
-0.00974797
-0.0105807
-0.0114136
-0.0122505
-0.0132466
-0.0140828
-0.0152202
-0.0162513
-0.0174857
-0.0195312
0.0124522
0.0139292
0.0134172
0.0118565
0.0101194
0.00868933
0.00750455
0.00665511
0.00626006
0.00592432
0.00564773
0.0055158
0.00525301
0.0048861
0.0045349
0.00409206
0.00360204
0.00313836
0.00265433
0.00214547
0.00169588
0.00127547
0.000827958
0.000386017
-5.13344e-05
-0.000505765
-0.00099166
-0.00148523
-0.00201552
-0.00254095
-0.00310745
-0.00366995
-0.00427306
-0.00488124
-0.00551256
-0.00616765
-0.00682241
-0.00754671
-0.00822711
-0.00901712
-0.00974516
-0.0105782
-0.0114113
-0.0122473
-0.0132432
-0.0140777
-0.015214
-0.016244
-0.0174763
-0.0195233
0.0121437
0.013636
0.0131635
0.0116435
0.00992088
0.00849962
0.00736196
0.00652929
0.00613397
0.00583992
0.00557481
0.00543927
0.00520937
0.00485929
0.00450394
0.00407199
0.00359398
0.00313345
0.00265125
0.00214163
0.00169228
0.00127617
0.000830085
0.000386522
-4.99589e-05
-0.000501601
-0.00098628
-0.00148007
-0.00201027
-0.00253509
-0.00310179
-0.0036646
-0.00426745
-0.00487563
-0.00550742
-0.00616303
-0.00681811
-0.0075429
-0.00822347
-0.00901427
-0.00974245
-0.0105758
-0.0114088
-0.0122439
-0.0132396
-0.0140725
-0.0152078
-0.0162367
-0.0174669
-0.0195151
0.0118396
0.0133436
0.0129027
0.0114222
0.00972041
0.00830372
0.00720602
0.00640022
0.00600384
0.00574658
0.00550089
0.00536065
0.00515873
0.0048301
0.00447249
0.00404865
0.00358286
0.00312699
0.00264776
0.00213805
0.00168781
0.00127583
0.000832613
0.000387543
-4.88252e-05
-0.000497991
-0.000981158
-0.00147445
-0.00200441
-0.00252898
-0.00309616
-0.00365929
-0.00426191
-0.0048699
-0.0055019
-0.00615819
-0.00681379
-0.00753909
-0.00821976
-0.00901117
-0.00973947
-0.0105733
-0.0114064
-0.0122404
-0.0132358
-0.014067
-0.0152013
-0.0162292
-0.0174575
-0.0195068
0.0115386
0.0130517
0.0126356
0.0111918
0.00951587
0.00810486
0.00703762
0.00626452
0.00587101
0.00564462
0.00542449
0.00528071
0.00510127
0.00479831
0.00444142
0.00402234
0.00356789
0.00311861
0.00264362
0.00213405
0.00168295
0.0012753
0.000835314
0.000388552
-4.78751e-05
-0.000494004
-0.000976069
-0.00146963
-0.00199875
-0.00252226
-0.00308983
-0.00365357
-0.00425625
-0.00486438
-0.00549656
-0.00615317
-0.00680912
-0.00753509
-0.00821605
-0.00900814
-0.00973642
-0.0105705
-0.0114038
-0.0122368
-0.0132321
-0.0140614
-0.0151947
-0.0162215
-0.0174479
-0.0194982
0.0112381
0.0127594
0.0123641
0.0109529
0.00930438
0.00790358
0.00685992
0.00612084
0.00573433
0.00553323
0.00534498
0.00520179
0.00503731
0.00476186
0.00441066
0.00399424
0.00354982
0.00310785
0.00263805
0.0021299
0.00167756
0.0012736
0.000838224
0.000390618
-4.71153e-05
-0.000490622
-0.000970382
-0.00146419
-0.00199364
-0.00251632
-0.00308358
-0.00364731
-0.00424986
-0.00485821
-0.00549103
-0.00614841
-0.00680464
-0.00753101
-0.00821213
-0.00900489
-0.00973333
-0.0105678
-0.011401
-0.0122329
-0.0132281
-0.0140559
-0.0151881
-0.0162139
-0.0174382
-0.0194894
0.0109364
0.0124664
0.0120875
0.0107066
0.00908555
0.00769766
0.00667396
0.00596952
0.00559555
0.00541349
0.00525939
0.00512429
0.00496915
0.00471945
0.00437909
0.00396439
0.00352782
0.00309518
0.0026324
0.00212572
0.00167168
0.00127049
0.000840253
0.000393406
-4.55982e-05
-0.000487485
-0.000965345
-0.00145848
-0.00198745
-0.0025099
-0.00307781
-0.00364169
-0.00424373
-0.00485183
-0.00548479
-0.00614294
-0.00679989
-0.00752705
-0.00820839
-0.00900165
-0.00973006
-0.0105649
-0.0113983
-0.012229
-0.0132239
-0.01405
-0.0151812
-0.0162062
-0.0174286
-0.0194805
0.0106336
0.0121728
0.0118046
0.0104518
0.00885887
0.00748596
0.00647985
0.00580809
0.00545615
0.00529069
0.00516655
0.00504551
0.00489754
0.00467189
0.00434694
0.0039333
0.00350157
0.00307889
0.00262558
0.00212165
0.0016663
0.00126771
0.000841842
0.000395742
-4.44129e-05
-0.000484406
-0.000959916
-0.00145311
-0.00198189
-0.00250285
-0.0030707
-0.00363538
-0.00423778
-0.00484605
-0.00547918
-0.0061376
-0.00679457
-0.0075224
-0.00820428
-0.00899832
-0.0097269
-0.0105619
-0.0113953
-0.0122249
-0.0132198
-0.0140441
-0.0151742
-0.0161983
-0.0174188
-0.0194714
0.0103286
0.0118784
0.0115171
0.0101879
0.008623
0.00726849
0.00628016
0.00563542
0.00531146
0.00516588
0.00506803
0.00496608
0.00482368
0.00461714
0.00431326
0.00390352
0.0034727
0.00305853
0.00261632
0.00211692
0.001661
0.00126458
0.000843445
0.000399454
-4.24288e-05
-0.000482592
-0.000955527
-0.00144698
-0.00197591
-0.00249674
-0.00306413
-0.00362831
-0.0042306
-0.00483933
-0.00547324
-0.0061327
-0.00678999
-0.00751818
-0.00820006
-0.00899456
-0.00972326
-0.0105587
-0.0113924
-0.0122207
-0.0132154
-0.0140382
-0.0151672
-0.0161905
-0.0174089
-0.0194621
0.0100193
0.0115813
0.0112257
0.0099147
0.00837798
0.00704445
0.00607678
0.00545524
0.00515968
0.00503743
0.00496374
0.00488617
0.00475027
0.00455487
0.00427391
0.00387341
0.00344194
0.00303541
0.00260689
0.00211236
0.00165504
0.00126087
0.000843978
0.000402891
-3.89738e-05
-0.00047969
-0.000951713
-0.00144181
-0.00196977
-0.0024898
-0.00305748
-0.00362205
-0.00422401
-0.0048324
-0.00546648
-0.00612676
-0.00678466
-0.00751396
-0.0081963
-0.0089912
-0.00971982
-0.0105553
-0.0113891
-0.0122163
-0.013211
-0.0140321
-0.01516
-0.0161826
-0.0173992
-0.0194527
0.00970363
0.0112791
0.0109291
0.00963137
0.00812284
0.00681118
0.00586746
0.00526957
0.00500163
0.00490813
0.00485586
0.00480342
0.00467968
0.00449025
0.00422893
0.00384038
0.00340725
0.0030068
0.00259484
0.00210873
0.00165043
0.00125801
0.000844942
0.000405978
-3.58999e-05
-0.00047715
-0.000947731
-0.00143578
-0.0019637
-0.00248346
-0.00305027
-0.00361465
-0.0042172
-0.00482602
-0.00546043
-0.00612127
-0.00677907
-0.00750896
-0.00819179
-0.00898742
-0.00971638
-0.0105522
-0.011386
-0.0122118
-0.0132063
-0.0140259
-0.0151527
-0.0161746
-0.0173894
-0.0194432
0.00938128
0.010969
0.0106269
0.0093389
0.00785705
0.0065684
0.00565019
0.00507865
0.00483671
0.00477576
0.00474436
0.0047144
0.00460905
0.004425
0.00418172
0.00381082
0.00337381
0.00297269
0.00257758
0.00210282
0.00164448
0.00125462
0.000846108
0.000409934
-3.12994e-05
-0.000474038
-0.000945236
-0.00143056
-0.00195643
-0.00247643
-0.00304367
-0.00360753
-0.00420966
-0.00481873
-0.00545389
-0.00611577
-0.0067739
-0.00750458
-0.00818751
-0.00898332
-0.00971243
-0.0105485
-0.0113828
-0.0122073
-0.0132017
-0.0140197
-0.0151453
-0.0161665
-0.0173795
-0.0194336
0.00905174
0.0106474
0.0103156
0.00903589
0.00757967
0.00631781
0.0054266
0.0048863
0.00466941
0.0046416
0.00463275
0.00462041
0.00453376
0.00435324
0.00412357
0.00377757
0.00334459
0.00294106
0.00256169
0.00209956
0.00163866
0.00124943
0.000845982
0.000411902
-2.78207e-05
-0.00046998
-0.000941846
-0.00142581
-0.00194983
-0.00246895
-0.00303583
-0.00359985
-0.00420242
-0.00481165
-0.0054472
-0.00610993
-0.00676827
-0.00749992
-0.00818339
-0.00897957
-0.00970879
-0.0105448
-0.0113791
-0.0122024
-0.0131967
-0.0140135
-0.0151378
-0.0161585
-0.0173697
-0.0194239
0.00871435
0.0103128
0.00999097
0.00871889
0.00728665
0.00605592
0.00519408
0.00469078
0.00450077
0.00450685
0.00452602
0.00452833
0.00446085
0.00428425
0.00405729
0.00373237
0.00330834
0.00290296
0.00254137
0.00209881
0.00163795
0.00124735
0.000848355
0.000415205
-2.51609e-05
-0.000467195
-0.000939867
-0.00142179
-0.00194293
-0.00246189
-0.00302881
-0.00359181
-0.00419405
-0.00480394
-0.00544042
-0.00610413
-0.00676266
-0.00749521
-0.00817897
-0.00897559
-0.00970524
-0.0105415
-0.0113759
-0.0121978
-0.0131917
-0.0140069
-0.01513
-0.0161502
-0.0173596
-0.0194132
0.00836593
0.00996241
0.00964994
0.0083887
0.00697933
0.00578292
0.00495372
0.00449273
0.00433329
0.00437019
0.00441915
0.00443354
0.00438432
0.0042183
0.00399262
0.0036878
0.0032764
0.00286372
0.00251308
0.00209261
0.00163467
0.00124342
0.000851422
0.000420645
-2.0407e-05
-0.000461514
-0.000935709
-0.00141798
-0.0019364
-0.00245379
-0.00302114
-0.00358457
-0.00418653
-0.00479619
-0.0054333
-0.006098
-0.00675672
-0.00749041
-0.00817466
-0.00897147
-0.00970147
-0.0105377
-0.0113725
-0.0121934
-0.0131875
-0.0140016
-0.0151234
-0.016143
-0.0173509
-0.0194051
0.00799453
0.00958805
0.00928223
0.00803725
0.00665409
0.00549645
0.00470508
0.00429241
0.00416998
0.00423613
0.00431638
0.00434033
0.00430145
0.00414704
0.00392067
0.00363285
0.00324432
0.00283233
0.00248844
0.00208882
0.00163383
0.00123703
0.000850338
0.000422737
-1.92847e-05
-0.000457774
-0.000930981
-0.00141253
-0.00192826
-0.00244427
-0.00301133
-0.00357459
-0.00417675
-0.00478716
-0.00542526
-0.00609093
-0.00674983
-0.00748452
-0.00816902
-0.00896621
-0.00969662
-0.0105329
-0.0113677
-0.0121871
-0.0131807
-0.0139936
-0.0151142
-0.0161335
-0.0173397
-0.0193926
0.00760162
0.00918713
0.00888297
0.00766011
0.00631067
0.00519782
0.00445131
0.00409142
0.00401064
0.00410194
0.00421262
0.00424899
0.00421667
0.00407668
0.00385125
0.00357255
0.00320723
0.0028002
0.00246085
0.0020846
0.00163843
0.00123565
0.000851888
0.000426164
-1.93346e-05
-0.0004574
-0.000930992
-0.00141324
-0.00192611
-0.00243943
-0.0030066
-0.0035703
-0.00417169
-0.00478164
-0.00542048
-0.00608699
-0.00674609
-0.00748176
-0.00816654
-0.00896366
-0.00969458
-0.0105308
-0.011366
-0.0121845
-0.0131781
-0.0139898
-0.0151089
-0.0161277
-0.0173325
-0.0193861
0.00718843
0.00875197
0.0084435
0.00724807
0.0059457
0.00489104
0.0042024
0.0039007
0.00386511
0.00397589
0.00410757
0.00415479
0.00412405
0.00399678
0.00377783
0.0035102
0.00317433
0.0027795
0.00243817
0.00207924
0.00164523
0.001237
0.00085647
0.000435904
-1.14328e-05
-0.000447567
-0.000918919
-0.00140179
-0.00191383
-0.0024251
-0.00299151
-0.00355647
-0.00415863
-0.00476915
-0.00540907
-0.00607685
-0.00673632
-0.00747327
-0.00815841
-0.00895613
-0.00968773
-0.0105239
-0.0113593
-0.0121766
-0.0131697
-0.0139807
-0.0150988
-0.0161175
-0.0173207
-0.0193724
0.00675506
0.00827605
0.00795831
0.00679637
0.00554963
0.00456711
0.00395195
0.00371432
0.00372642
0.00385402
0.00399774
0.00405254
0.00401759
0.00389876
0.00368888
0.00342866
0.00312132
0.00274802
0.00240747
0.00206447
0.00164566
0.00123007
0.000847049
0.000430314
-1.90499e-05
-0.000454767
-0.000923402
-0.00140526
-0.00191556
-0.0024236
-0.00298878
-0.00355423
-0.00415582
-0.0047658
-0.00540636
-0.00607481
-0.00673455
-0.00747226
-0.0081575
-0.008955
-0.00968716
-0.010523
-0.0113586
-0.0121749
-0.0131679
-0.0139774
-0.015094
-0.0161121
-0.0173141
-0.0193666
0.0062447
0.00774679
0.00744304
0.00633965
0.00518415
0.00430341
0.0037815
0.00360917
0.00365861
0.00378706
0.00392326
0.00397622
0.00393329
0.00382153
0.00362856
0.00337907
0.00309769
0.00274713
0.00240119
0.00206499
0.00166296
0.00124346
0.000856908
0.000445439
-4.81829e-06
-0.000441904
-0.000908501
-0.00139048
-0.00190249
-0.0024089
-0.00297201
-0.00353957
-0.00414258
-0.00475248
-0.00539365
-0.00606359
-0.00672409
-0.00746305
-0.00814863
-0.00894676
-0.00967978
-0.0105156
-0.0113516
-0.0121671
-0.0131598
-0.0139693
-0.0150847
-0.0161029
-0.0173033
-0.0193538
0.00533574
0.00677401
0.00653468
0.00558703
0.00462386
0.00392833
0.0035533
0.00346478
0.00354683
0.00366887
0.00379003
0.00384107
0.0037978
0.00369771
0.00352844
0.00329603
0.00304187
0.00272234
0.00237867
0.0020447
0.00165853
0.00123618
0.000842693
0.000436766
-1.05943e-05
-0.000448467
-0.000910762
-0.00138801
-0.00190018
-0.00240517
-0.00296525
-0.00353317
-0.00413713
-0.00474719
-0.00538876
-0.00605963
-0.00672078
-0.00746055
-0.0081463
-0.00894457
-0.00967831
-0.0105136
-0.0113496
-0.0121639
-0.0131561
-0.0139641
-0.015078
-0.0160959
-0.0172955
-0.0193457
0.00533155
0.00631146
0.00591281
0.00504616
0.00426859
0.00374611
0.0034888
0.00343863
0.00350699
0.00359553
0.00368621
0.00373034
0.00369456
0.00361144
0.00346943
0.0032551
0.00301719
0.00272028
0.00237831
0.00204153
0.00166926
0.00125001
0.000847904
0.000444393
2.05074e-07
-0.00044193
-0.000904399
-0.00137878
-0.00189348
-0.00239874
-0.00295511
-0.0035241
-0.00413012
-0.00473926
-0.00538007
-0.00605206
-0.00671424
-0.00745439
-0.0081401
-0.0089387
-0.00967348
-0.0105088
-0.0113456
-0.0121596
-0.0131517
-0.0139598
-0.0150728
-0.0160902
-0.017289
-0.019339
0.00288609
0.00440217
0.00463894
0.00436941
0.00402444
0.00374041
0.00355578
0.00347175
0.00347222
0.00350745
0.00356135
0.00359381
0.0035707
0.00351007
0.00339941
0.00321111
0.00299212
0.0027186
0.00238307
0.00203844
0.00167286
0.00125818
0.000847991
0.000447111
1.07352e-05
-0.000433122
-0.000893653
-0.0013607
-0.00187646
-0.00238418
-0.00293725
-0.00350602
-0.00411511
-0.00472619
-0.00536723
-0.00604069
-0.00670425
-0.00744563
-0.00813181
-0.0089313
-0.00966724
-0.0105022
-0.011339
-0.012152
-0.0131432
-0.0139502
-0.0150618
-0.0160796
-0.0172772
-0.0193245
0.000948836
0.00152565
0.00246672
0.00323518
0.00364997
0.00371216
0.00360667
0.00348845
0.00341415
0.00338753
0.00340382
0.00342973
0.00343021
0.00339909
0.00332041
0.00315815
0.00295279
0.00269552
0.00236946
0.00202102
0.00166159
0.00125557
0.000838785
0.00043655
7.3609e-06
-0.000439642
-0.000902337
-0.00136406
-0.00188078
-0.00239019
-0.00293907
-0.00350672
-0.00411773
-0.00472767
-0.00536665
-0.00604065
-0.00670542
-0.00744659
-0.0081326
-0.00893204
-0.00966857
-0.0105031
-0.0113403
-0.012153
-0.0131442
-0.0139512
-0.0150619
-0.016079
-0.0172756
-0.0193239
-0.000219801
0.00169559
0.00277971
0.00334394
0.0036061
0.00368014
0.00363786
0.00353709
0.00343821
0.00337695
0.00335518
0.00335813
0.00336485
0.00334934
0.00329075
0.00315207
0.00296287
0.00271886
0.00239968
0.00204198
0.00167865
0.00127948
0.000856344
0.000451769
3.15403e-05
-0.000415926
-0.000879586
-0.00133456
-0.00185132
-0.00236581
-0.00291304
-0.0034795
-0.00409415
-0.00470763
-0.00534684
-0.00602245
-0.00668909
-0.00743175
-0.00811848
-0.00891915
-0.00965728
-0.0104915
-0.0113291
-0.012141
-0.0131313
-0.0139376
-0.0150473
-0.0160651
-0.0172609
-0.0193054
-0.00125753
-0.000327711
0.00101318
0.00219557
0.00301942
0.00344711
0.00355269
0.00348718
0.00338002
0.0033055
0.00326439
0.00325062
0.00326267
0.00325946
0.0032151
0.00309402
0.0029201
0.00268839
0.00238086
0.00202461
0.00166034
0.00127043
0.000845692
0.000435357
2.24481e-05
-0.000425237
-0.000893158
-0.00134366
-0.00185915
-0.00237606
-0.00292127
-0.0034853
-0.00410111
-0.00471459
-0.00535175
-0.00602706
-0.00669482
-0.00743714
-0.00812351
-0.00892402
-0.0096626
-0.0104964
-0.0113343
-0.012146
-0.0131362
-0.0139426
-0.0150516
-0.0160683
-0.0172635
-0.0193093
-0.00268089
-0.000128247
0.00148893
0.00249803
0.00310801
0.00342867
0.00352524
0.00347856
0.00338427
0.00331381
0.00327224
0.00324987
0.00325953
0.00325938
0.00321671
0.00310041
0.00293182
0.00270516
0.00240183
0.00204653
0.00167863
0.00129187
0.00086992
0.000456966
4.74198e-05
-0.000396169
-0.000865245
-0.00131356
-0.00182695
-0.00234742
-0.00289393
-0.00345715
-0.0040742
-0.00469157
-0.00533022
-0.00600647
-0.00667541
-0.00741966
-0.00810726
-0.00890883
-0.00964943
-0.0104831
-0.0113215
-0.0121326
-0.0131219
-0.013928
-0.0150363
-0.0160538
-0.0172476
-0.0192892
)
;

boundaryField
{
    zeroGradientPlanes
    {
        type            zeroGradient;
    }
    inlet
    {
        type            zeroGradient;
    }
    plate
    {
        type            zeroGradient;
    }
    frontAndBack
    {
        type            empty;
    }
}


// ************************************************************************* //
