/*--------------------------------*- C++ -*----------------------------------*\
| =========                 |                                                 |
| \\      /  F ield         | OpenFOAM: The Open Source CFD Toolbox           |
|  \\    /   O peration     | Version:  v2012                                 |
|   \\  /    A nd           | Website:  www.openfoam.com                      |
|    \\/     M anipulation  |                                                 |
\*---------------------------------------------------------------------------*/
FoamFile
{
    version     2.0;
    format      ascii;
    class       volScalarField;
    location    "8.9";
    object      p;
}
// * * * * * * * * * * * * * * * * * * * * * * * * * * * * * * * * * * * * * //

dimensions      [0 2 -2 0 0 0 0];


internalField   nonuniform List<scalar> 
7000
(
-1.8487e-10
0.000507821
0.00024421
0.000863514
0.00129384
-2.77164e-05
0.00145131
0.00435697
0.000483367
0.00195803
-0.00274409
-0.00115377
-0.00435832
-0.00301136
-0.00388543
-0.0025475
-0.00269583
-0.00189073
-0.00159579
-0.000499185
-4.92256e-08
0.000509571
0.000246161
0.000862176
0.00128186
-2.98457e-05
0.00146519
0.0043293
0.000507159
0.00193746
-0.00272129
-0.00115756
-0.00434523
-0.00299993
-0.00388084
-0.00254437
-0.00269173
-0.00189287
-0.00159357
-0.000563501
1.13055e-07
0.000511826
0.000248777
0.000857173
0.00126758
-2.81825e-05
0.00147267
0.00429179
0.00052972
0.00190693
-0.00268853
-0.00116844
-0.0043108
-0.00299876
-0.00385997
-0.00255229
-0.00267495
-0.00190747
-0.00159263
-0.000661352
4.08731e-07
0.000513616
0.000251811
0.000852971
0.00125575
-2.35976e-05
0.00147411
0.00424046
0.000547407
0.00186611
-0.00265096
-0.00118516
-0.00425843
-0.0030126
-0.00382647
-0.00257247
-0.00265436
-0.0019331
-0.00159968
-0.000773992
7.97014e-07
0.000514928
0.000256193
0.000850702
0.00124569
-1.61684e-05
0.00147148
0.00417783
0.000563649
0.00181594
-0.00260693
-0.00120809
-0.00419267
-0.00304049
-0.00378728
-0.00260161
-0.00263519
-0.00196481
-0.0016141
-0.000884852
1.2821e-06
0.00051601
0.000262328
0.00084933
0.00123743
-6.14415e-06
0.00146624
0.00410677
0.000579998
0.00175803
-0.00255643
-0.00123782
-0.00411841
-0.00307982
-0.00374658
-0.00263568
-0.00261809
-0.00199819
-0.00163449
-0.000986131
1.85654e-06
0.000517126
0.000270074
0.000848316
0.00123124
5.90302e-06
0.00145955
0.00403005
0.000597015
0.00169402
-0.00250054
-0.0012732
-0.00403909
-0.00312968
-0.00370609
-0.00267181
-0.00260249
-0.00203157
-0.00166082
-0.00107902
2.49873e-06
0.00051849
0.000279222
0.000847752
0.00122698
1.93329e-05
0.00145231
0.0039495
0.000614905
0.00162509
-0.00244003
-0.00131243
-0.00395622
-0.00317821
-0.00366618
-0.00270857
-0.00258863
-0.00206534
-0.00169386
-0.00116751
3.1892e-06
0.00052024
0.000289602
0.000847751
0.00122417
3.35684e-05
0.00144504
0.00386602
0.000633785
0.00155198
-0.00237516
-0.00135443
-0.00387025
-0.00322665
-0.00362699
-0.002745
-0.00257787
-0.00210004
-0.00173379
-0.00125387
3.92028e-06
0.000522414
0.000300998
0.00084828
0.00122226
4.81232e-05
0.00143802
0.0037798
0.000653722
0.00147516
-0.00230601
-0.00139875
-0.00378132
-0.00327389
-0.00358846
-0.00277988
-0.0025715
-0.00213516
-0.00177973
-0.00133854
4.69336e-06
0.000524961
0.000313161
0.000849225
0.00122074
6.25974e-05
0.00143135
0.00369059
0.000674748
0.00139498
-0.00223277
-0.00144509
-0.00368972
-0.00331919
-0.00355046
-0.00281172
-0.00257
-0.0021697
-0.00183042
-0.0014216
5.5126e-06
0.000527793
0.000325862
0.000850448
0.00121922
7.66708e-05
0.0014251
0.00359796
0.000696875
0.00131169
-0.00215576
-0.00149298
-0.00359589
-0.00336152
-0.00351299
-0.00283915
-0.00257342
-0.00220315
-0.00188476
-0.00150352
6.38149e-06
0.000530836
0.000338923
0.00085183
0.00121741
9.0106e-05
0.00141934
0.00350153
0.000720095
0.00122553
-0.00207548
-0.00154177
-0.00350056
-0.00339933
-0.00347643
-0.00286102
-0.00258173
-0.00223582
-0.00194177
-0.00158483
7.30301e-06
0.000534054
0.000352234
0.000853287
0.00121523
0.000102757
0.00141415
0.00340106
0.000744382
0.00113667
-0.00199257
-0.00159066
-0.00340482
-0.00343094
-0.00344128
-0.00287628
-0.00259475
-0.00226848
-0.00200042
-0.00166567
8.28112e-06
0.000537441
0.000365733
0.000854777
0.00121267
0.000114562
0.00140968
0.00329655
0.000769697
0.00104522
-0.00190774
-0.00163875
-0.00331012
-0.00345474
-0.00340826
-0.00288392
-0.00261176
-0.00230193
-0.0020597
-0.00174568
9.32262e-06
0.000541001
0.000379402
0.000856276
0.00120988
0.000125515
0.00140607
0.00318822
0.000795992
0.000951395
-0.00182177
-0.00168513
-0.00321823
-0.00346923
-0.00337814
-0.00288336
-0.00263145
-0.00233658
-0.00211865
-0.00182414
1.04383e-05
0.00054473
0.000393247
0.00085777
0.00120703
0.000135627
0.00140339
0.00307645
0.000823218
0.000855571
-0.0017356
-0.00172877
-0.00313114
-0.0034735
-0.00335166
-0.00287465
-0.00265213
-0.0023724
-0.00217628
-0.00190014
1.16419e-05
0.000548613
0.000407289
0.000859233
0.00120431
0.000144897
0.00140167
0.00296171
0.00085133
0.000758393
-0.00165034
-0.00176853
-0.00305071
-0.00346741
-0.00332946
-0.00285868
-0.00267228
-0.00240938
-0.00223169
-0.0019726
1.29497e-05
0.00055262
0.000421572
0.000860629
0.00120186
0.000153292
0.00140081
0.00284443
0.000880234
0.000660651
-0.0015672
-0.00180307
-0.00297833
-0.00345146
-0.00331206
-0.0028369
-0.00269082
-0.00244822
-0.00228451
-0.00204039
1.43799e-05
0.000556711
0.000436157
0.000861908
0.00119981
0.000160751
0.00140066
0.00272509
0.00090973
0.00056328
-0.0014876
-0.00183093
-0.0029148
-0.00342675
-0.00329992
-0.00281121
-0.00270642
-0.00249018
-0.00233591
-0.00210269
1.59532e-05
0.000560841
0.000451122
0.000862997
0.00119824
0.000167198
0.00140102
0.00260412
0.000939444
0.000467442
-0.00141304
-0.001851
-0.00286037
-0.00339425
-0.00329336
-0.00278493
-0.00271765
-0.00253485
-0.00238792
-0.00216037
1.76919e-05
0.000564965
0.000466553
0.000863808
0.00119721
0.000172537
0.00140167
0.00248207
0.000968784
0.000374364
-0.00134485
-0.00186248
-0.00281561
-0.00335489
-0.00329119
-0.00276194
-0.0027254
-0.00258055
-0.00244048
-0.00221505
1.96214e-05
0.00056903
0.000482536
0.000864241
0.00119679
0.000176681
0.00140236
0.00235963
0.000997029
0.000285194
-0.00128453
-0.00186445
-0.00278094
-0.00331092
-0.00329033
-0.00274374
-0.00273167
-0.00262804
-0.00249321
-0.00226625
2.17718e-05
0.000572978
0.000499152
0.000864183
0.001197
0.0001796
0.0014028
0.0022375
0.00102323
0.000201365
-0.00123344
-0.0018567
-0.00275557
-0.00326463
-0.00328872
-0.00273071
-0.00273681
-0.00267863
-0.00254757
-0.00231313
2.41777e-05
0.000576743
0.000516475
0.000863517
0.00119784
0.000181274
0.00140277
0.00211661
0.00104608
0.000124111
-0.00119204
-0.0018396
-0.00273893
-0.00321804
-0.00328459
-0.00272348
-0.00274076
-0.00273171
-0.00260453
-0.00235612
2.6874e-05
0.000580258
0.000534559
0.000862159
0.00119928
0.000181679
0.00140183
0.00199805
0.0010645
5.3994e-05
-0.00116121
-0.00181291
-0.00272971
-0.00317414
-0.00327694
-0.00272268
-0.00274283
-0.00278402
-0.00266405
-0.00239698
2.98998e-05
0.000583449
0.000553427
0.000860031
0.0012013
0.000180909
0.00139943
0.00188259
0.00107752
-7.77903e-06
-0.00114214
-0.00177848
-0.00272504
-0.00313449
-0.00326531
-0.00273022
-0.00274609
-0.00283118
-0.00272246
-0.00243735
3.3313e-05
0.000586217
0.000573135
0.000857028
0.00120386
0.000179162
0.00139512
0.00177106
0.00108388
-6.07155e-05
-0.00113339
-0.00173853
-0.00272398
-0.00310163
-0.00324715
-0.00274357
-0.00275477
-0.00287498
-0.00277684
-0.00247571
3.71616e-05
0.000588477
0.00059373
0.00085311
0.00120685
0.000176742
0.00138817
0.00166456
0.00108301
-0.000104887
-0.00113518
-0.00169281
-0.00272372
-0.00307833
-0.00322478
-0.00276023
-0.00276376
-0.00291429
-0.00283279
-0.00251186
4.14853e-05
0.000590146
0.000615194
0.000848341
0.00121
0.000174349
0.00137737
0.00156383
0.00107413
-0.00013938
-0.00114781
-0.00164498
-0.00272069
-0.00306247
-0.00320638
-0.0027829
-0.00277912
-0.00294713
-0.00287537
-0.00254697
4.64084e-05
0.0005911
0.000637563
0.000842769
0.00121308
0.000172489
0.00136233
0.00146898
0.0010565
-0.00016473
-0.00116867
-0.00159751
-0.00271468
-0.00305468
-0.00318857
-0.00281164
-0.0028023
-0.00297895
-0.00290306
-0.00258017
5.19069e-05
0.000591365
0.000660753
0.00083655
0.00121579
0.000171734
0.00134243
0.00138035
0.00103064
-0.000183198
-0.00119552
-0.00155272
-0.00270213
-0.00305741
-0.00316835
-0.00283469
-0.00282384
-0.00301033
-0.00295113
-0.0026088
5.80216e-05
0.000590818
0.000684774
0.000829861
0.00121786
0.000172702
0.00131701
0.00129771
0.000997677
-0.000195646
-0.00122532
-0.0015192
-0.00267887
-0.00306708
-0.00315901
-0.00286072
-0.00285097
-0.00304521
-0.00298584
-0.00262734
6.50798e-05
0.000589163
0.000709782
0.000822848
0.00121892
0.000175772
0.00128649
0.00122067
0.000958094
-0.00020166
-0.00125621
-0.00149569
-0.00264801
-0.00308095
-0.00314879
-0.0028781
-0.00287966
-0.00308522
-0.00306479
-0.0026365
7.28167e-05
0.000586846
0.000735158
0.000816219
0.00121765
0.000182623
0.00124872
0.00115099
0.00091031
-0.000204154
-0.00128698
-0.00147403
-0.00261823
-0.00309509
-0.00314323
-0.00291357
-0.00291196
-0.00311993
-0.00309559
-0.00264163
8.13251e-05
0.000583645
0.00076085
0.000810251
0.00121415
0.000192857
0.00120403
0.00108642
0.00085755
-0.000204995
-0.00131782
-0.00146199
-0.00258375
-0.0031218
-0.00316496
-0.00295432
-0.00295353
-0.00314812
-0.00306545
-0.00264125
9.11797e-05
0.00057895
0.000787363
0.000804634
0.00120942
0.000205346
0.00115644
0.00102361
0.000805494
-0.000206623
-0.00134507
-0.00146599
-0.00254238
-0.00313298
-0.00318304
-0.00299455
-0.00298629
-0.00317674
-0.00314338
-0.00263172
0.000101733
0.000573906
0.00081318
0.000800959
0.00119997
0.000223386
0.00110118
0.000966705
0.000750655
-0.000209219
-0.00137
-0.00147415
-0.00251378
-0.00314866
-0.00320623
-0.00302808
-0.00302229
-0.0032003
-0.00315053
-0.00261793
0.000113199
0.000568247
0.000838121
0.00080003
0.00118608
0.000244687
0.00104053
0.000911375
0.000695367
-0.000213201
-0.00139619
-0.00148864
-0.00248577
-0.00320016
-0.00324455
-0.00306409
-0.00306256
-0.00321427
-0.00306874
-0.00260594
0.000126436
0.000560993
0.000863105
0.000800427
0.00117241
0.000265004
0.000982726
0.000850444
0.000647922
-0.000222112
-0.00142179
-0.00151731
-0.00244715
-0.00317807
-0.00327992
-0.0031099
-0.00308289
-0.00324175
-0.00319623
-0.00259402
0.000140336
0.000554123
0.000885333
0.000804417
0.00115245
0.000291339
0.000919567
0.000792704
0.000599944
-0.000228775
-0.00144886
-0.00155416
-0.00242499
-0.00321715
-0.00332138
-0.00315192
-0.00311456
-0.00325545
-0.00320335
-0.00257888
0.000155255
0.00054726
0.000904507
0.000813092
0.00112673
0.000319589
0.000855021
0.000734171
0.000548601
-0.000230408
-0.0014732
-0.00160977
-0.00242083
-0.00323322
-0.00337027
-0.00319474
-0.00315837
-0.00325216
-0.0030698
-0.00256363
0.000172434
0.000538755
0.000923167
0.000823201
0.00110622
0.000340933
0.000798583
0.000667797
0.000502512
-0.000236971
-0.0014951
-0.00165612
-0.00240084
-0.00325945
-0.00341249
-0.00325363
-0.00318825
-0.00329498
-0.0032415
-0.00254279
0.000189843
0.000532038
0.000936567
0.000838357
0.00107656
0.000369571
0.000738574
0.000605948
0.000451012
-0.000242773
-0.00151663
-0.00173021
-0.00238933
-0.0032648
-0.00347098
-0.00332129
-0.00324382
-0.00331183
-0.00323199
-0.00251135
0.000208512
0.000525951
0.000945236
0.000858383
0.00104126
0.000396863
0.000680412
0.000546317
0.000391524
-0.000247548
-0.00153444
-0.00181691
-0.00239274
-0.00325639
-0.00355129
-0.00339534
-0.00332484
-0.00329675
-0.00302321
-0.0024773
0.000229615
0.00051865
0.00095296
0.000878541
0.0010221
0.000405678
0.000635871
0.000479537
0.000335778
-0.000259149
-0.0015421
-0.00187197
-0.00239856
-0.00326315
-0.0036033
-0.0034821
-0.00341268
-0.00341926
-0.00324332
-0.0024253
0.000250433
0.000514392
0.000953822
0.000902738
0.000995781
0.000414396
0.000591073
0.000413754
0.00027711
-0.000276069
-0.0015422
-0.00193341
-0.0024149
-0.00327416
-0.0036579
-0.0035822
-0.00352288
-0.00355539
-0.00332434
-0.00233272
0.000273119
0.000511041
0.0009502
0.000929288
0.000969282
0.000421863
0.000543737
0.000353795
0.000211095
-0.000297744
-0.00154318
-0.00199623
-0.00243863
-0.00325058
-0.00371752
-0.00368279
-0.00363227
-0.00364253
-0.00333475
-0.00225261
0.000297203
0.000508258
0.000943587
0.000955828
0.000953619
0.000425509
0.000495896
0.000291836
0.000142248
-0.00032332
-0.00154268
-0.00205239
-0.00247571
-0.00325146
-0.00377115
-0.00377975
-0.00372516
-0.00369854
-0.00333203
-0.00217893
0.00032161
0.000507973
0.000932252
0.000981597
0.000937302
0.000426821
0.000446661
0.000228404
7.42068e-05
-0.000355526
-0.00154109
-0.00210603
-0.00252516
-0.00325071
-0.00381214
-0.00387667
-0.00381089
-0.00373379
-0.00329815
-0.00209619
0.000347663
0.00050919
0.00091815
0.0010048
0.000948737
0.000426347
0.000397072
0.000165431
2.00295e-06
-0.000394061
-0.00153619
-0.0021555
-0.00257994
-0.00325616
-0.00384945
-0.00397212
-0.00387542
-0.00373523
-0.00325144
-0.00201773
0.000374534
0.000511837
0.000902159
0.0010244
0.000973238
0.000425572
0.000347523
9.95202e-05
-7.19746e-05
-0.000433445
-0.00153054
-0.0022015
-0.00263919
-0.00327212
-0.0038798
-0.00404685
-0.00392618
-0.0037378
-0.0032067
-0.00194417
0.00040252
0.000516185
0.000884927
0.00103908
0.00100185
0.00042384
0.000298318
3.57145e-05
-0.00014559
-0.000479953
-0.00153166
-0.00223903
-0.00269635
-0.00329559
-0.00389619
-0.00410766
-0.00398403
-0.00374766
-0.0031572
-0.00185841
0.000431561
0.000522286
0.000866428
0.00104809
0.00102177
0.000422275
0.000252149
-2.65306e-05
-0.000222764
-0.000534137
-0.00153363
-0.00226536
-0.00275449
-0.00333
-0.00390617
-0.00416158
-0.00404148
-0.00374543
-0.0030947
-0.00177296
0.000461701
0.000529937
0.000846972
0.00105166
0.00102543
0.000419772
0.000206991
-8.73426e-05
-0.000300075
-0.000589525
-0.00153863
-0.00228966
-0.00281178
-0.00336819
-0.00390995
-0.00419932
-0.00408566
-0.00375038
-0.00305729
-0.00168839
0.000492879
0.000539674
0.000826881
0.00104917
0.00103134
0.000416697
0.000164155
-0.000145827
-0.00037672
-0.000648393
-0.00155137
-0.00231116
-0.00285496
-0.00340826
-0.00391812
-0.00422721
-0.00413586
-0.00377999
-0.00301338
-0.0015784
0.000525016
0.000551577
0.000806317
0.00104178
0.00101793
0.000411238
0.000124731
-0.000201537
-0.000453263
-0.000710656
-0.00156843
-0.00232926
-0.00288836
-0.00345441
-0.00393615
-0.00425093
-0.00418145
-0.00378882
-0.00295692
-0.00147727
0.000557447
0.000566511
0.000784647
0.00102953
0.00100854
0.000399705
8.75869e-05
-0.000252425
-0.000527133
-0.000773283
-0.00158763
-0.00235086
-0.00291811
-0.00349674
-0.00395782
-0.00426604
-0.00420709
-0.00379057
-0.00292427
-0.00139826
0.000590416
0.000584193
0.000762877
0.00101049
0.000921059
0.000384659
5.13797e-05
-0.000300046
-0.000593913
-0.000833498
-0.00160846
-0.0023777
-0.00293032
-0.00352773
-0.00397982
-0.00427556
-0.00422844
-0.00380744
-0.00290884
-0.00131691
0.000624578
0.000603196
0.000745502
0.000986296
0.000933842
0.000369351
-5.37121e-06
-0.000347052
-0.000650939
-0.00088964
-0.0016289
-0.00240823
-0.00294781
-0.00354822
-0.00400267
-0.00428863
-0.00425427
-0.00382382
-0.00288188
-0.00123098
0.000658214
0.000625917
0.000728839
0.000957073
0.000920226
0.000343361
-6.6495e-05
-0.000391638
-0.000696975
-0.000942082
-0.00164856
-0.00244142
-0.0029707
-0.00356184
-0.0040253
-0.00430376
-0.00427113
-0.00382455
-0.00285424
-0.0011549
0.000691802
0.000651579
0.000712873
0.000923992
0.000887536
0.000309798
-0.000128521
-0.000434704
-0.000736073
-0.000991764
-0.00166602
-0.00247405
-0.003002
-0.00357048
-0.00404091
-0.00431388
-0.0042822
-0.00382606
-0.00283118
-0.00108631
0.00072575
0.000678483
0.00069963
0.000886189
0.000843712
0.000281094
-0.00018847
-0.000481957
-0.000772614
-0.00103879
-0.00168118
-0.00250396
-0.00303961
-0.00357628
-0.00404684
-0.00431946
-0.00429332
-0.00382848
-0.00280672
-0.00101761
0.000759167
0.000706648
0.000686614
0.000842961
0.000811557
0.000257207
-0.000247729
-0.000535981
-0.000808713
-0.00108281
-0.00169497
-0.00252759
-0.00308133
-0.00358456
-0.00404745
-0.00432245
-0.00430163
-0.00382755
-0.00277764
-0.000947573
0.000791994
0.000735413
0.000673149
0.000796799
0.000777801
0.000236599
-0.000306075
-0.000597456
-0.000846177
-0.0011236
-0.00170708
-0.00254145
-0.00312373
-0.00360112
-0.00404701
-0.00431992
-0.00430279
-0.0038228
-0.00274616
-0.000877865
0.000824072
0.000764533
0.000662559
0.000748006
0.000741188
0.000218546
-0.00036007
-0.000664306
-0.000886935
-0.00116204
-0.00171928
-0.00254694
-0.00316357
-0.00362547
-0.00404606
-0.00431083
-0.00429684
-0.0038151
-0.00271438
-0.000808935
0.000855226
0.000793598
0.000653658
0.000697275
0.000700693
0.000202443
-0.000407263
-0.000735122
-0.00093386
-0.00119941
-0.00173222
-0.00254498
-0.00319545
-0.00365428
-0.00404856
-0.00429961
-0.00428497
-0.00380246
-0.0026809
-0.000741345
0.000885236
0.00082227
0.000646891
0.000645321
0.000655556
0.00018715
-0.000447238
-0.000807356
-0.000987713
-0.00123667
-0.00174669
-0.00253767
-0.0032157
-0.00368394
-0.00405785
-0.00428989
-0.00426748
-0.00378349
-0.00264689
-0.000677388
0.000913963
0.000850288
0.000642496
0.000593005
0.000604744
0.000170731
-0.000479539
-0.000877383
-0.00104866
-0.00127618
-0.00176312
-0.00252717
-0.00322354
-0.00370977
-0.00407252
-0.0042836
-0.00424786
-0.00376114
-0.00261275
-0.000615034
0.000941292
0.000877306
0.000640615
0.000541284
0.000548707
0.000151392
-0.000504412
-0.000942458
-0.00111623
-0.00131995
-0.00177798
-0.00251626
-0.00322213
-0.00372805
-0.00408894
-0.00428267
-0.00423008
-0.00373576
-0.00257529
-0.000552765
0.000967128
0.00090299
0.00064131
0.000491121
0.000488434
0.000127528
-0.000523407
-0.00100025
-0.00118791
-0.00136967
-0.00179764
-0.00250679
-0.00321445
-0.00373691
-0.00410332
-0.00428675
-0.00421549
-0.00370855
-0.00253541
-0.000491542
0.000991459
0.000926992
0.000644379
0.000443392
0.000424315
9.82587e-05
-0.000538056
-0.00104935
-0.00126116
-0.00142605
-0.00182182
-0.00249953
-0.00320323
-0.00373769
-0.00411252
-0.00429284
-0.00420562
-0.00368378
-0.00249585
-0.000432002
0.00101427
0.00094904
0.00064951
0.00039883
0.000357295
6.29514e-05
-0.000550507
-0.0010893
-0.00133329
-0.00148871
-0.00185151
-0.0024954
-0.00319118
-0.00373309
-0.00411488
-0.00429787
-0.00420057
-0.00366371
-0.0024592
-0.00037537
0.00103561
0.000968858
0.000656234
0.000358116
0.000288652
2.14954e-05
-0.000563109
-0.0011203
-0.00140116
-0.0015582
-0.00188791
-0.00249543
-0.00317956
-0.00372582
-0.00411193
-0.00430057
-0.00419861
-0.00364903
-0.00242751
-0.000322336
0.00105557
0.00098633
0.00066394
0.000321547
0.000219763
-2.585e-05
-0.000577674
-0.0011435
-0.00146257
-0.0016303
-0.00193123
-0.00250066
-0.00316918
-0.00371832
-0.00410633
-0.00429995
-0.00419708
-0.00363871
-0.0024015
-0.000274668
0.00107419
0.00100132
0.00067202
0.000289322
0.000151455
-7.99759e-05
-0.000595841
-0.00116067
-0.00151605
-0.00170333
-0.00198149
-0.00251238
-0.00316097
-0.00371202
-0.00410025
-0.00429635
-0.00419446
-0.0036312
-0.00238161
-0.000234385
0.00109156
0.00101381
0.000679781
0.000261666
8.47623e-05
-0.000137041
-0.000618394
-0.00117372
-0.00156285
-0.00177569
-0.00203793
-0.00253146
-0.00315646
-0.00370784
-0.00409584
-0.00429181
-0.00419085
-0.00362529
-0.00236706
-0.00020148
0.0011077
0.00102385
0.000686689
0.000238321
2.10263e-05
-0.00019765
-0.000645347
-0.00118371
-0.00159897
-0.00184476
-0.00209912
-0.00255805
-0.00315648
-0.0037062
-0.0040952
-0.00428952
-0.00418823
-0.00362083
-0.00235603
-0.000174541
0.00112266
0.00103152
0.00069542
0.000218952
-3.90917e-05
-0.000260789
-0.000679231
-0.00119537
-0.00162738
-0.00190938
-0.00216427
-0.00259198
-0.00316132
-0.00370697
-0.0040992
-0.00429157
-0.00418829
-0.00361799
-0.00234794
-0.000153927
0.00113643
0.00103689
0.000699353
0.000202927
-9.49387e-05
-0.000325238
-0.00071849
-0.0012102
-0.00164993
-0.00196855
-0.00223283
-0.00263404
-0.00317312
-0.00371044
-0.00410681
-0.00429793
-0.0041918
-0.00361763
-0.00234305
-0.000139474
0.00114908
0.00104016
0.000701144
0.000189577
-0.000146268
-0.000389433
-0.000762306
-0.00123002
-0.00166892
-0.00202026
-0.00230225
-0.00268443
-0.00319456
-0.00371904
-0.00411899
-0.00431054
-0.00420152
-0.00362232
-0.00234238
-0.00013018
0.00116044
0.00104163
0.000700881
0.000178306
-0.000192892
-0.000452649
-0.000809742
-0.00125635
-0.00168776
-0.0020647
-0.00237042
-0.00274088
-0.00322455
-0.00373308
-0.00413582
-0.00433038
-0.00421948
-0.00363492
-0.00234871
-0.000128767
0.00117057
0.00104127
0.000698363
0.000168625
-0.000234176
-0.00051372
-0.000859699
-0.00128822
-0.00171069
-0.00210575
-0.00243803
-0.00280398
-0.00326429
-0.00375386
-0.00415613
-0.00435491
-0.00424408
-0.00365565
-0.00236343
-0.000136736
0.00117935
0.00103977
0.000693303
0.000159482
-0.000271319
-0.000572531
-0.000910789
-0.0013235
-0.00173804
-0.00214428
-0.00250305
-0.00287329
-0.00331648
-0.00378641
-0.00418326
-0.00438531
-0.00427575
-0.00368508
-0.00238764
-0.000154455
0.00118644
0.00103674
0.00068734
0.000150907
-0.000303745
-0.000628216
-0.000964098
-0.00136337
-0.00177114
-0.00218264
-0.00256331
-0.00294416
-0.00337805
-0.00383264
-0.00422184
-0.00442571
-0.00431749
-0.00372544
-0.00242344
-0.00018435
0.00119176
0.00103342
0.000679553
0.000141989
-0.000332575
-0.000679498
-0.0010185
-0.00140781
-0.00181033
-0.00222516
-0.00262253
-0.00301502
-0.00344523
-0.00388972
-0.00427198
-0.00447737
-0.00437129
-0.00377895
-0.00247288
-0.000227689
0.00119517
0.00102652
0.000672245
0.00013451
-0.00035745
-0.000726522
-0.00107329
-0.00145571
-0.00185485
-0.00227517
-0.00268474
-0.00308822
-0.00351779
-0.0039559
-0.00433311
-0.00454114
-0.00444034
-0.00385122
-0.00254419
-0.000294251
0.0011963
0.00103655
0.00066325
0.000127589
-0.000375566
-0.000766647
-0.00112634
-0.00150765
-0.0019032
-0.00232845
-0.00274907
-0.00316297
-0.00359459
-0.00402996
-0.00440436
-0.00461497
-0.00452104
-0.00393765
-0.00263317
-0.000381965
0.001195
0.00100991
0.000643969
0.000112257
-0.000400472
-0.00080797
-0.00118323
-0.00157069
-0.00196296
-0.00238951
-0.00281912
-0.00324354
-0.00367955
-0.00411547
-0.00449049
-0.00470618
-0.00462009
-0.0040435
-0.00274155
-0.000488889
0.00119278
0.00103698
0.000662234
0.000127433
-0.00039947
-0.000838028
-0.00124115
-0.00164374
-0.0020349
-0.00245822
-0.00289301
-0.00332814
-0.00376977
-0.00420781
-0.00458694
-0.00481169
-0.00473712
-0.00417238
-0.00288166
-0.00063834
0.00116854
0.000973954
0.000609544
0.000110822
-0.000390574
-0.000833511
-0.00126578
-0.00170175
-0.00210055
-0.00251589
-0.00295347
-0.00339965
-0.00385135
-0.00429562
-0.00468555
-0.00492537
-0.00486746
-0.00431689
-0.00303729
-0.000803123
0.00119934
0.00104421
0.000668476
0.000114848
-0.000458829
-0.000951659
-0.00139317
-0.00183037
-0.00221596
-0.00260318
-0.00303113
-0.00347947
-0.00393962
-0.00439361
-0.0047999
-0.00505761
-0.0050191
-0.00448651
-0.00321739
-0.00098215
0.00106077
0.00092348
0.000662634
0.000232208
-0.000263724
-0.000820453
-0.00142399
-0.00193242
-0.0023312
-0.0027052
-0.00311911
-0.00357896
-0.0040559
-0.00453461
-0.0049663
-0.00525503
-0.00524971
-0.00475082
-0.00351515
-0.00131039
0.00122198
0.0010416
0.00063885
6.40396e-05
-0.000523007
-0.00106621
-0.00153178
-0.00194851
-0.00231015
-0.00265574
-0.0030676
-0.00353886
-0.00402906
-0.00451836
-0.00496744
-0.00529717
-0.00536569
-0.00497068
-0.00385958
-0.00179483
0.00109601
0.00100612
0.000595812
0.000134994
-0.000395982
-0.0010282
-0.00160527
-0.00206556
-0.00248626
-0.00285519
-0.00328963
-0.0037646
-0.00424357
-0.00465865
-0.00497574
-0.00512923
-0.00503916
-0.00454008
-0.00339695
-0.00134899
0.00129108
0.00100825
0.000566127
-5.31595e-06
-0.00058098
-0.00108409
-0.00149409
-0.00185677
-0.00224066
-0.00263173
-0.00308829
-0.00362158
-0.00423952
-0.00493177
-0.00563909
-0.00625806
-0.00662135
-0.00649297
-0.00560536
-0.00371345
0.00145475
0.000885125
0.000388319
-0.000179558
-0.000707893
-0.00132344
-0.00185759
-0.00219685
-0.00255059
-0.0030265
-0.00349789
-0.00389014
-0.00404428
-0.00386232
-0.00329452
-0.00243856
-0.00148186
-0.000725644
-0.000526426
-0.0012181
0.00145906
0.000941766
0.00042625
-8.67951e-05
-0.000517446
-0.000916708
-0.00126655
-0.00166866
-0.00211073
-0.00263727
-0.00326922
-0.00406436
-0.00498854
-0.00597425
-0.00691755
-0.00775135
-0.0083377
-0.00846116
-0.00783936
-0.00621854
0.00159907
0.000884942
0.000325446
-0.000204391
-0.000611491
-0.00112586
-0.00168557
-0.00233396
-0.00289167
-0.00323309
-0.0035691
-0.00403331
-0.00443851
-0.0046184
-0.00448114
-0.00402377
-0.00335105
-0.00275016
-0.00261336
-0.00330758
0.00159641
0.000871391
0.000334846
-7.5827e-05
-0.000317324
-0.0005841
-0.000845273
-0.00123866
-0.00174245
-0.00247698
-0.00348355
-0.00482214
-0.00641797
-0.00809854
-0.00963903
-0.0108525
-0.0115889
-0.0116764
-0.0108981
-0.00905829
0.000493014
-0.00685059
-0.00937289
-0.00751544
-0.00509372
-0.0029996
-0.00125601
0.000114533
0.00130244
0.00250843
0.00368263
0.00478771
0.00589471
0.00709027
0.00832642
0.00955846
0.0108276
0.0121245
0.0134448
0.0148737
0.0163626
0.0178489
0.019361
0.0209343
0.0225447
0.0241747
0.0258538
0.0275774
0.0294323
0.0314797
0.0335575
0.0355008
0.0375576
0.0397698
0.0420609
0.0444193
0.0468266
0.0493229
0.0518251
0.0544656
0.0571956
0.0601148
0.0630734
0.0661265
0.0693314
0.0725539
0.0759903
0.0793754
0.0826153
0.0861876
0.000420981
-0.00678414
-0.00932902
-0.00749915
-0.00508516
-0.00299374
-0.00125138
0.000118413
0.00130566
0.00251108
0.00368484
0.00478955
0.00589625
0.00709155
0.00832749
0.00955936
0.0108284
0.0121252
0.0134454
0.0148742
0.0163631
0.0178494
0.0193615
0.0209347
0.0225451
0.0241751
0.0258541
0.0275778
0.0294326
0.0314799
0.0335578
0.0355011
0.0375578
0.03977
0.0420611
0.0444195
0.0468268
0.0493231
0.0518253
0.0544658
0.0571957
0.0601149
0.0630735
0.0661266
0.0693314
0.072554
0.0759904
0.0793755
0.0826154
0.0861876
0.000276695
-0.00669096
-0.0092583
-0.00747642
-0.00507518
-0.00298752
-0.00124686
0.00012202
0.00130862
0.00251355
0.00368692
0.00479125
0.00589765
0.00709273
0.00832849
0.00956018
0.0108291
0.0121258
0.0134459
0.0148747
0.0163636
0.0178498
0.0193618
0.020935
0.0225455
0.0241754
0.0258544
0.0275781
0.0294328
0.0314802
0.033558
0.0355013
0.037558
0.0397702
0.0420613
0.0444197
0.0468269
0.0493232
0.0518254
0.0544659
0.0571958
0.060115
0.0630736
0.0661267
0.0693315
0.0725541
0.0759905
0.0793756
0.0826154
0.0861877
0.000137763
-0.00656669
-0.00915112
-0.00743985
-0.00506061
-0.00297935
-0.00124164
0.000125856
0.00131178
0.00251629
0.00368922
0.0047931
0.00589916
0.00709403
0.0083296
0.00956109
0.0108298
0.0121264
0.0134465
0.0148752
0.016364
0.0178502
0.0193622
0.0209354
0.0225458
0.0241757
0.0258547
0.0275783
0.0294331
0.0314804
0.0335583
0.0355015
0.0375582
0.0397704
0.0420615
0.0444198
0.0468271
0.0493234
0.0518255
0.054466
0.0571959
0.0601151
0.0630737
0.0661268
0.0693316
0.0725541
0.0759905
0.0793756
0.0826155
0.0861877
1.74378e-05
-0.00641687
-0.00901282
-0.00738862
-0.00504002
-0.00296808
-0.00123499
0.000130274
0.0013154
0.00251958
0.00369206
0.00479535
0.005901
0.00709564
0.00833101
0.00956223
0.0108307
0.0121272
0.0134471
0.0148757
0.0163645
0.0178507
0.0193626
0.0209358
0.0225462
0.0241761
0.025855
0.0275786
0.0294333
0.0314807
0.0335585
0.0355018
0.0375584
0.0397706
0.0420617
0.04442
0.0468272
0.0493235
0.0518257
0.0544661
0.057196
0.0601152
0.0630738
0.0661269
0.0693317
0.0725542
0.0759906
0.0793757
0.0826156
0.0861878
-9.53427e-05
-0.00625379
-0.00885675
-0.00732755
-0.00501465
-0.00295368
-0.0012266
0.000135463
0.00131954
0.0025235
0.00369556
0.00479817
0.00590332
0.00709772
0.00833286
0.00956373
0.0108319
0.0121281
0.0134478
0.0148763
0.0163651
0.0178512
0.0193631
0.0209362
0.0225465
0.0241764
0.0258554
0.0275789
0.0294336
0.0314809
0.0335588
0.035502
0.0375586
0.0397708
0.0420619
0.0444202
0.0468274
0.0493237
0.0518258
0.0544662
0.0571962
0.0601154
0.0630739
0.066127
0.0693318
0.0725543
0.0759907
0.0793758
0.0826158
0.0861879
-0.00020942
-0.00608539
-0.00869089
-0.00726089
-0.00498647
-0.00293693
-0.00121648
0.000141566
0.00132418
0.00252795
0.00369971
0.00480164
0.00590624
0.00710038
0.00833525
0.00956571
0.0108334
0.0121292
0.0134487
0.014877
0.0163657
0.0178517
0.0193635
0.0209366
0.022547
0.0241768
0.0258557
0.0275792
0.0294339
0.0314812
0.0335591
0.0355023
0.0375588
0.0397711
0.0420621
0.0444204
0.0468276
0.0493239
0.051826
0.0544664
0.0571963
0.0601155
0.063074
0.0661271
0.0693319
0.0725544
0.0759908
0.0793759
0.082616
0.0861881
-0.000326697
-0.00591405
-0.00851772
-0.00719053
-0.00495679
-0.00291863
-0.00120488
0.00014862
0.0013293
0.00253278
0.00370436
0.00480572
0.00590982
0.0071037
0.00833828
0.00956826
0.0108354
0.0121308
0.0134498
0.0148779
0.0163663
0.0178523
0.0193641
0.0209371
0.0225475
0.0241772
0.025856
0.0275796
0.0294341
0.0314815
0.0335595
0.0355026
0.037559
0.0397713
0.0420623
0.0444206
0.0468278
0.049324
0.0518261
0.0544665
0.0571964
0.0601156
0.0630741
0.0661272
0.069332
0.0725545
0.0759909
0.0793761
0.0826163
0.0861883
-0.000445608
-0.00573978
-0.00833753
-0.00711707
-0.00492625
-0.00289938
-0.00119217
0.000156534
0.00133484
0.00253783
0.0037093
0.00481025
0.00591401
0.0071077
0.00834193
0.00957136
0.0108379
0.0121327
0.0134513
0.0148789
0.0163671
0.0178529
0.0193646
0.0209377
0.022548
0.0241778
0.0258564
0.0275799
0.0294344
0.0314818
0.0335598
0.0355028
0.0375593
0.0397715
0.0420626
0.0444208
0.046828
0.0493243
0.0518263
0.0544666
0.0571965
0.0601157
0.0630743
0.0661273
0.0693321
0.0725546
0.075991
0.0793763
0.0826166
0.0861885
-0.000564171
-0.00556268
-0.00815039
-0.00704059
-0.00489512
-0.00287948
-0.00117862
0.000165141
0.00134073
0.00254298
0.00371435
0.00481502
0.00591866
0.00711231
0.00834616
0.00957495
0.0108409
0.0121351
0.0134531
0.0148802
0.0163679
0.0178535
0.0193652
0.0209382
0.0225486
0.0241784
0.0258569
0.0275802
0.0294346
0.0314821
0.0335602
0.0355031
0.0375595
0.0397718
0.0420628
0.0444211
0.0468283
0.0493245
0.0518265
0.0544668
0.0571967
0.0601159
0.0630744
0.0661274
0.0693323
0.0725547
0.0759911
0.0793765
0.0826171
0.0861889
-0.000681285
-0.0053834
-0.00795636
-0.00696093
-0.00486348
-0.00285905
-0.0011644
0.000174292
0.00134688
0.00254815
0.00371943
0.00481991
0.00592363
0.00711742
0.00835091
0.00957894
0.0108442
0.012138
0.0134554
0.0148817
0.0163688
0.0178543
0.0193658
0.0209388
0.0225493
0.0241792
0.0258576
0.0275807
0.0294349
0.0314823
0.0335605
0.0355035
0.0375598
0.039772
0.0420631
0.0444213
0.0468285
0.0493248
0.0518268
0.054467
0.0571969
0.060116
0.0630745
0.0661276
0.0693324
0.0725549
0.0759913
0.0793767
0.0826176
0.0861894
-0.000796602
-0.00520263
-0.00775539
-0.00687774
-0.00483135
-0.00283817
-0.00114954
0.000183907
0.00135324
0.00255329
0.00372453
0.00482488
0.00592877
0.0071229
0.00835607
0.00958325
0.0108478
0.0121411
0.013458
0.0148835
0.0163699
0.017855
0.0193665
0.0209394
0.02255
0.02418
0.0258584
0.0275813
0.0294351
0.0314824
0.0335609
0.0355038
0.0375601
0.0397723
0.0420633
0.0444216
0.0468288
0.0493251
0.0518271
0.0544673
0.0571971
0.0601162
0.0630747
0.0661277
0.0693325
0.0725551
0.0759915
0.079377
0.0826183
0.0861899
-0.000909919
-0.00502097
-0.00754749
-0.00679076
-0.00479877
-0.00281689
-0.00113403
0.000193967
0.00135981
0.00255839
0.00372964
0.00482994
0.00593406
0.00712862
0.00836158
0.00958781
0.0108515
0.0121444
0.0134609
0.0148857
0.0163711
0.0178558
0.0193673
0.02094
0.0225506
0.024181
0.0258595
0.0275822
0.0294353
0.0314825
0.0335611
0.0355042
0.0375604
0.0397726
0.0420635
0.0444218
0.0468291
0.0493254
0.0518274
0.0544676
0.0571973
0.0601165
0.0630749
0.0661279
0.0693327
0.0725553
0.0759917
0.0793774
0.0826192
0.0861907
-0.00102081
-0.0048391
-0.00733301
-0.00669975
-0.00476575
-0.00279526
-0.00111784
0.000204489
0.00136662
0.00256347
0.00373478
0.00483514
0.00593951
0.00713451
0.00836733
0.00959258
0.0108554
0.0121478
0.013464
0.014888
0.0163724
0.0178566
0.0193681
0.0209407
0.0225511
0.0241818
0.0258608
0.0275833
0.0294357
0.0314824
0.0335613
0.0355046
0.0375608
0.0397729
0.0420637
0.0444219
0.0468293
0.0493257
0.0518277
0.0544679
0.0571977
0.0601168
0.0630752
0.0661281
0.0693329
0.0725555
0.0759919
0.0793778
0.0826202
0.0861915
-0.00112858
-0.00465795
-0.00711264
-0.00660455
-0.0047323
-0.00277333
-0.00110094
0.000215514
0.00137368
0.00256856
0.00373997
0.00484055
0.00594516
0.00714053
0.00837324
0.00959752
0.0108594
0.0121513
0.0134672
0.0148906
0.0163738
0.0178574
0.019369
0.0209415
0.0225515
0.0241826
0.0258621
0.0275848
0.0294362
0.0314822
0.0335613
0.0355049
0.0375613
0.0397733
0.0420639
0.0444221
0.0468295
0.049326
0.0518281
0.0544683
0.057198
0.0601171
0.0630754
0.0661284
0.0693331
0.0725557
0.0759922
0.0793782
0.0826214
0.0861926
-0.0012324
-0.00447858
-0.00688724
-0.00650493
-0.00469838
-0.0027512
-0.00108331
0.000227105
0.00138106
0.00257376
0.00374527
0.00484627
0.00595112
0.00714666
0.00837925
0.00960261
0.0108636
0.012155
0.0134706
0.0148932
0.0163753
0.0178582
0.0193699
0.0209423
0.0225518
0.0241831
0.0258634
0.0275865
0.0294369
0.0314819
0.033561
0.0355051
0.0375619
0.0397738
0.0420642
0.0444221
0.0468296
0.0493262
0.0518285
0.0544687
0.0571985
0.0601175
0.0630758
0.0661286
0.0693334
0.072556
0.0759925
0.0793788
0.0826228
0.0861938
-0.00133142
-0.00430199
-0.00665761
-0.00640059
-0.00466395
-0.00272896
-0.00106494
0.000239343
0.0013888
0.00257917
0.0037508
0.00485241
0.00595752
0.00715296
0.0083853
0.00960781
0.010868
0.0121587
0.013474
0.0148959
0.0163769
0.017859
0.0193707
0.0209432
0.0225521
0.0241835
0.0258645
0.0275882
0.0294378
0.0314815
0.0335606
0.0355053
0.0375625
0.0397744
0.0420644
0.0444222
0.0468296
0.0493263
0.0518288
0.0544692
0.057199
0.060118
0.0630762
0.066129
0.0693337
0.0725563
0.0759928
0.0793794
0.0826244
0.0861953
-0.00142486
-0.00412896
-0.00642433
-0.0062911
-0.00462893
-0.00270675
-0.00104583
0.000252323
0.001397
0.00258493
0.00375667
0.00485913
0.0059645
0.00715951
0.00839135
0.00961309
0.0108725
0.0121627
0.0134775
0.0148986
0.0163786
0.0178597
0.0193717
0.0209441
0.0225523
0.0241837
0.0258655
0.02759
0.0294388
0.031481
0.0335599
0.0355052
0.0375631
0.0397751
0.0420647
0.0444222
0.0468296
0.0493264
0.051829
0.0544696
0.0571995
0.0601186
0.0630767
0.0661294
0.069334
0.0725566
0.0759932
0.07938
0.0826263
0.0861969
-0.00151215
-0.00396
-0.00618761
-0.00617581
-0.00459318
-0.0026847
-0.001026
0.000266134
0.00140574
0.00259115
0.00376302
0.00486653
0.00597219
0.00716638
0.00839741
0.00961842
0.0108772
0.0121668
0.0134811
0.0149013
0.0163803
0.0178603
0.0193726
0.0209448
0.0225524
0.0241838
0.0258664
0.0275917
0.0294399
0.0314804
0.0335589
0.035505
0.0375636
0.0397759
0.0420651
0.0444222
0.0468296
0.0493263
0.0518291
0.05447
0.0572001
0.0601192
0.0630772
0.0661299
0.0693344
0.072557
0.0759936
0.0793808
0.0826283
0.0861988
-0.00159277
-0.00379542
-0.00594743
-0.00605395
-0.0045565
-0.00266297
-0.00100548
0.000280847
0.00141512
0.00259794
0.00376994
0.0048747
0.00598067
0.00717369
0.00840348
0.00962382
0.0108822
0.0121711
0.0134849
0.0149041
0.016382
0.0178608
0.0193737
0.0209453
0.0225525
0.0241838
0.0258672
0.0275933
0.029441
0.0314797
0.0335576
0.0355046
0.0375641
0.0397767
0.0420655
0.0444223
0.0468295
0.0493262
0.0518292
0.0544703
0.0572006
0.0601199
0.0630779
0.0661305
0.0693349
0.0725575
0.075994
0.0793815
0.0826306
0.0862009
-0.00166644
-0.00363532
-0.00570362
-0.00592468
-0.00451861
-0.00264171
-0.000984337
0.000296514
0.00142522
0.00260537
0.00377749
0.00488364
0.00598997
0.00718148
0.00840961
0.00962931
0.0108873
0.0121756
0.0134887
0.014907
0.0163837
0.0178614
0.0193748
0.0209455
0.0225526
0.0241836
0.0258681
0.0275948
0.0294423
0.0314791
0.0335561
0.0355042
0.0375646
0.0397776
0.0420659
0.0444223
0.0468294
0.0493261
0.0518292
0.0544705
0.0572012
0.0601206
0.0630786
0.0661311
0.0693354
0.072558
0.0759945
0.0793824
0.082633
0.0862031
-0.00173338
-0.00347981
-0.00545612
-0.00578715
-0.00447917
-0.00262107
-0.000962652
0.000313166
0.00143611
0.00261347
0.0037857
0.00489329
0.00600005
0.00718979
0.00841585
0.00963491
0.0108927
0.0121803
0.0134928
0.0149101
0.0163854
0.0178619
0.019376
0.0209455
0.0225526
0.0241835
0.0258692
0.0275964
0.0294436
0.0314786
0.0335545
0.0355037
0.037565
0.0397785
0.0420664
0.0444223
0.0468293
0.049326
0.0518293
0.0544707
0.0572017
0.0601214
0.0630793
0.0661318
0.069336
0.0725585
0.0759951
0.0793832
0.0826356
0.0862055
-0.0017935
-0.00332914
-0.00520507
-0.0056406
-0.00443773
-0.0026012
-0.000940554
0.000330823
0.00144783
0.00262224
0.00379451
0.00490354
0.0060108
0.00719859
0.00842227
0.00964066
0.0108982
0.0121851
0.0134969
0.0149133
0.0163871
0.0178627
0.0193773
0.0209453
0.0225526
0.0241834
0.0258705
0.027598
0.0294452
0.0314783
0.0335528
0.0355031
0.0375655
0.0397793
0.0420668
0.0444224
0.0468291
0.0493258
0.0518293
0.054471
0.0572022
0.0601221
0.0630801
0.0661325
0.0693366
0.0725591
0.0759957
0.0793842
0.0826383
0.0862081
-0.00184602
-0.00318344
-0.00495095
-0.00548438
-0.00439375
-0.00258221
-0.000918207
0.000349495
0.0014604
0.00263167
0.00380388
0.00491432
0.0060221
0.00720785
0.00842891
0.00964663
0.010904
0.0121901
0.0135011
0.0149167
0.0163888
0.0178636
0.0193787
0.0209451
0.0225526
0.0241834
0.025872
0.0275999
0.029447
0.0314782
0.0335511
0.0355026
0.0375661
0.0397801
0.0420672
0.0444224
0.046829
0.0493257
0.0518293
0.0544713
0.0572028
0.0601228
0.0630808
0.0661333
0.0693373
0.0725597
0.0759963
0.0793851
0.0826412
0.0862108
-0.00189045
-0.0030428
-0.00469442
-0.00531798
-0.00434657
-0.00256419
-0.000895828
0.000369194
0.00147388
0.00264173
0.00381376
0.00492554
0.00603387
0.00721752
0.00843583
0.00965285
0.0109101
0.0121953
0.0135055
0.0149203
0.0163907
0.0178648
0.0193801
0.020945
0.0225527
0.0241835
0.0258737
0.027602
0.0294491
0.0314783
0.0335495
0.0355022
0.0375668
0.0397808
0.0420676
0.0444224
0.0468289
0.0493255
0.0518295
0.0544717
0.0572034
0.0601236
0.0630816
0.066134
0.069338
0.0725604
0.075997
0.0793862
0.0826442
0.0862137
-0.00192659
-0.00290716
-0.00443641
-0.00514113
-0.00429538
-0.00254713
-0.000873665
0.000389922
0.00148831
0.00265244
0.00382411
0.00493716
0.00604602
0.00722758
0.00844308
0.00965937
0.0109163
0.0122006
0.0135101
0.014924
0.0163927
0.0178662
0.0193815
0.0209451
0.022553
0.0241838
0.0258756
0.0276043
0.0294515
0.0314786
0.0335479
0.0355019
0.0375677
0.0397816
0.042068
0.0444224
0.0468287
0.0493254
0.0518297
0.0544723
0.057204
0.0601242
0.0630823
0.0661348
0.0693388
0.0725611
0.0759977
0.0793873
0.0826474
0.0862166
-0.00195475
-0.00277628
-0.00417783
-0.00495376
-0.00423934
-0.00253101
-0.000851997
0.000411637
0.00150372
0.00266382
0.00383496
0.0049492
0.00605852
0.00723799
0.00845069
0.0096662
0.0109228
0.0122062
0.0135148
0.0149278
0.0163948
0.017868
0.019383
0.0209456
0.0225534
0.0241844
0.0258776
0.0276068
0.0294542
0.031479
0.0335465
0.0355018
0.0375687
0.0397822
0.0420683
0.0444224
0.0468285
0.0493252
0.05183
0.0544731
0.0572048
0.0601249
0.0630831
0.0661356
0.0693396
0.0725618
0.0759984
0.0793884
0.0826507
0.0862198
-0.0019749
-0.00265003
-0.00391984
-0.00475593
-0.00417731
-0.00251571
-0.000831138
0.000434306
0.00152015
0.00267584
0.00384629
0.00496171
0.00607139
0.00724877
0.00845868
0.00967337
0.0109296
0.012212
0.0135197
0.0149318
0.0163972
0.0178699
0.0193845
0.0209465
0.0225541
0.0241853
0.0258797
0.0276095
0.0294571
0.0314796
0.0335452
0.035502
0.0375699
0.0397829
0.0420686
0.0444224
0.0468283
0.049325
0.0518304
0.054474
0.0572057
0.0601256
0.0630838
0.0661364
0.0693404
0.0725626
0.0759992
0.0793896
0.082654
0.0862231
-0.00198631
-0.00252774
-0.00366388
-0.00454824
-0.00410819
-0.00250095
-0.000811402
0.000457871
0.00153778
0.0026887
0.0038582
0.00497469
0.00608465
0.00725996
0.0084671
0.00968089
0.0109366
0.012218
0.0135248
0.0149358
0.0163998
0.0178719
0.0193861
0.0209477
0.0225549
0.0241864
0.0258819
0.0276124
0.0294602
0.0314802
0.0335441
0.0355023
0.0375714
0.0397835
0.0420688
0.0444224
0.0468281
0.0493249
0.0518308
0.0544752
0.0572068
0.0601263
0.0630845
0.0661372
0.0693412
0.0725634
0.0760001
0.0793908
0.0826576
0.0862265
-0.00198921
-0.00240867
-0.00341129
-0.00433131
-0.0040306
-0.00248623
-0.000793112
0.000481965
0.00155647
0.00270242
0.0038708
0.00498825
0.00609831
0.00727153
0.00847594
0.00968877
0.0109439
0.0122243
0.0135301
0.01494
0.0164026
0.0178741
0.0193878
0.0209492
0.0225559
0.0241878
0.0258841
0.0276154
0.0294635
0.0314809
0.0335429
0.0355027
0.0375729
0.0397842
0.042069
0.0444224
0.0468279
0.0493247
0.0518314
0.0544765
0.0572079
0.060127
0.0630852
0.066138
0.0693421
0.0725642
0.0760009
0.0793921
0.0826612
0.08623
-0.00198307
-0.00229174
-0.00316349
-0.00410642
-0.0039436
-0.00247104
-0.00077641
0.000506539
0.0015763
0.00271695
0.00388405
0.00500241
0.00611246
0.00728356
0.00848519
0.00969699
0.0109514
0.0122309
0.0135357
0.0149444
0.0164055
0.0178764
0.0193895
0.020951
0.022557
0.0241894
0.0258864
0.0276186
0.0294668
0.0314816
0.0335418
0.0355034
0.0375747
0.0397848
0.0420692
0.0444223
0.0468276
0.0493245
0.051832
0.054478
0.0572093
0.0601277
0.0630859
0.0661389
0.069343
0.0725651
0.0760019
0.0793934
0.082665
0.0862338
-0.00196611
-0.00217493
-0.00292106
-0.00387482
-0.00384655
-0.00245502
-0.00076166
0.000531431
0.00159759
0.00273265
0.00389808
0.00501712
0.00612706
0.00729608
0.00849493
0.00970559
0.0109593
0.0122376
0.0135414
0.0149489
0.0164086
0.0178787
0.0193913
0.0209529
0.0225582
0.0241913
0.0258889
0.0276218
0.0294703
0.0314824
0.0335408
0.0355042
0.0375765
0.0397855
0.0420693
0.0444223
0.0468274
0.0493243
0.0518327
0.0544796
0.0572107
0.0601285
0.0630867
0.0661398
0.0693439
0.072566
0.0760029
0.0793948
0.0826689
0.0862376
-0.00193694
-0.00205811
-0.00268507
-0.00363637
-0.00373722
-0.00243693
-0.000749225
0.000555685
0.00161977
0.0027494
0.00391301
0.00503251
0.00614214
0.00730903
0.00850509
0.00971455
0.0109674
0.0122447
0.0135473
0.0149536
0.0164119
0.0178811
0.0193932
0.020955
0.0225595
0.0241933
0.0258914
0.0276251
0.0294739
0.0314832
0.0335398
0.0355051
0.0375785
0.0397862
0.0420695
0.0444223
0.0468271
0.0493241
0.0518334
0.0544812
0.0572122
0.0601293
0.0630874
0.0661407
0.0693449
0.0725669
0.0760039
0.0793963
0.0826729
0.0862417
-0.00189502
-0.00193935
-0.00245698
-0.00339356
-0.00361557
-0.00241544
-0.000738292
0.000579702
0.00164313
0.00276734
0.00392893
0.00504867
0.00615787
0.00732256
0.00851573
0.00972391
0.0109759
0.012252
0.0135535
0.0149585
0.0164153
0.0178836
0.0193952
0.0209571
0.0225608
0.0241955
0.0258941
0.0276285
0.0294776
0.0314841
0.0335388
0.0355061
0.0375805
0.0397869
0.0420697
0.0444223
0.0468269
0.049324
0.0518341
0.0544829
0.0572137
0.0601301
0.0630882
0.0661417
0.0693459
0.0725678
0.076005
0.0793978
0.082677
0.0862459
-0.00184586
-0.00181709
-0.00223641
-0.00314839
-0.0034822
-0.00239062
-0.000729364
0.000603077
0.00166783
0.00278666
0.00394575
0.0050654
0.0061741
0.00733665
0.00852694
0.00973371
0.0109848
0.0122596
0.0135599
0.0149636
0.0164188
0.0178861
0.0193973
0.0209593
0.0225623
0.0241978
0.0258968
0.027632
0.0294813
0.031485
0.0335378
0.0355071
0.0375826
0.0397876
0.0420699
0.0444222
0.0468267
0.0493238
0.0518349
0.0544847
0.0572153
0.060131
0.0630891
0.0661427
0.0693469
0.0725688
0.0760061
0.0793993
0.0826813
0.0862503
-0.00179146
-0.00169312
-0.00202356
-0.00290003
-0.00333526
-0.00236141
-0.000723267
0.000624128
0.00169268
0.00280705
0.00396362
0.00508286
0.00619081
0.00735116
0.00853853
0.00974384
0.0109939
0.0122674
0.0135665
0.0149688
0.0164225
0.0178887
0.0193995
0.0209616
0.0225638
0.0242002
0.0258997
0.0276356
0.029485
0.0314858
0.0335369
0.0355082
0.0375848
0.0397884
0.0420701
0.0444222
0.0468264
0.0493237
0.0518357
0.0544865
0.057217
0.0601319
0.0630899
0.0661437
0.069348
0.0725699
0.0760074
0.079401
0.0826857
0.0862549
-0.00172445
-0.00156303
-0.00181942
-0.00265285
-0.00317558
-0.00232456
-0.000716986
0.000644334
0.00171847
0.00282916
0.00398298
0.00510132
0.00620832
0.00736634
0.00855069
0.00975447
0.0110035
0.0122755
0.0135734
0.0149743
0.0164264
0.0178915
0.0194018
0.0209639
0.0225654
0.0242027
0.0259027
0.0276392
0.0294889
0.0314868
0.033536
0.0355093
0.037587
0.0397891
0.0420703
0.0444222
0.0468262
0.0493236
0.0518365
0.0544884
0.0572187
0.0601329
0.0630908
0.0661448
0.0693492
0.0725709
0.0760086
0.0794026
0.0826903
0.0862597
-0.00165021
-0.00142557
-0.00162218
-0.0024083
-0.00300534
-0.00228024
-0.000711048
0.000663026
0.00174485
0.00285263
0.00400341
0.00512045
0.00622635
0.00738219
0.00856356
0.00976567
0.0110135
0.012284
0.0135806
0.0149801
0.0164304
0.0178944
0.0194043
0.0209664
0.0225672
0.0242053
0.0259058
0.0276429
0.0294928
0.0314878
0.0335351
0.0355105
0.0375892
0.0397899
0.0420706
0.0444223
0.046826
0.0493235
0.0518374
0.0544903
0.0572205
0.0601339
0.0630918
0.0661459
0.0693504
0.072572
0.07601
0.0794044
0.0826949
0.0862647
-0.00157295
-0.00128337
-0.00142962
-0.00216459
-0.00282447
-0.00222849
-0.000707174
0.000677745
0.00176982
0.00287678
0.00402505
0.00514046
0.00624487
0.00739835
0.00857671
0.0097771
0.0110237
0.0122926
0.0135879
0.014986
0.0164345
0.0178973
0.0194068
0.0209689
0.022569
0.0242078
0.0259089
0.0276467
0.0294968
0.0314888
0.0335342
0.0355117
0.0375914
0.0397908
0.0420709
0.0444223
0.0468258
0.0493234
0.0518383
0.0544922
0.0572223
0.0601349
0.0630928
0.0661471
0.0693516
0.0725732
0.0760114
0.0794063
0.0826998
0.0862698
-0.00147874
-0.0011299
-0.00124319
-0.00192809
-0.00263463
-0.00216431
-0.000699539
0.000692042
0.00179529
0.00290301
0.00404878
0.00516178
0.00626429
0.00741531
0.00859063
0.00978924
0.0110344
0.0123017
0.0135955
0.0149921
0.0164388
0.0179004
0.0194094
0.0209715
0.0225709
0.0242105
0.0259121
0.0276507
0.0295008
0.0314898
0.0335334
0.0355129
0.0375937
0.0397917
0.0420712
0.0444223
0.0468256
0.0493234
0.0518392
0.0544943
0.0572242
0.0601361
0.0630938
0.0661483
0.0693529
0.0725744
0.0760129
0.0794082
0.0827047
0.0862752
-0.00137574
-0.000966239
-0.00106188
-0.0016998
-0.00243899
-0.00208876
-0.000689043
0.000704715
0.00182
0.00293006
0.00407385
0.00518419
0.00628448
0.00743306
0.00860539
0.00980205
0.0110457
0.0123112
0.0136034
0.0149985
0.0164434
0.0179037
0.0194123
0.0209742
0.022573
0.0242132
0.0259155
0.0276547
0.0295049
0.031491
0.0335326
0.0355142
0.037596
0.0397926
0.0420715
0.0444224
0.0468255
0.0493234
0.0518402
0.0544964
0.0572262
0.0601372
0.0630949
0.0661496
0.0693543
0.0725757
0.0760144
0.0794102
0.0827098
0.0862808
-0.00127097
-0.000796056
-0.000881343
-0.00147655
-0.00223851
-0.00200401
-0.00067844
0.000712768
0.00184136
0.00295653
0.00409991
0.00520759
0.00630513
0.00745102
0.00862026
0.00981494
0.0110571
0.0123208
0.0136115
0.0150051
0.0164481
0.0179071
0.0194151
0.0209769
0.0225752
0.0242159
0.0259188
0.0276588
0.0295091
0.0314921
0.0335318
0.0355155
0.0375983
0.0397935
0.0420719
0.0444225
0.0468254
0.0493234
0.0518413
0.0544985
0.0572282
0.0601384
0.0630961
0.0661509
0.0693557
0.072577
0.0760161
0.0794122
0.082715
0.0862866
-0.0011403
-0.000609764
-0.000701579
-0.00126304
-0.00203423
-0.00190452
-0.000659616
0.000722389
0.00186328
0.00298524
0.00412868
0.00523288
0.00632693
0.00746989
0.00863614
0.00982881
0.0110692
0.0123308
0.0136199
0.0150119
0.016453
0.0179107
0.0194182
0.0209798
0.0225775
0.0242187
0.0259223
0.0276631
0.0295134
0.0314934
0.0335312
0.0355168
0.0376007
0.0397945
0.0420723
0.0444226
0.0468252
0.0493234
0.0518423
0.0545007
0.0572303
0.0601397
0.0630973
0.0661523
0.0693572
0.0725783
0.0760178
0.0794144
0.0827204
0.0862927
-0.000999647
-0.000415928
-0.000527252
-0.00105965
-0.00182748
-0.00179204
-0.000634223
0.000731404
0.00188287
0.00301283
0.00415833
0.00525974
0.00634999
0.00748978
0.0086529
0.00984333
0.0110819
0.0123415
0.0136288
0.0150192
0.0164582
0.0179145
0.0194215
0.0209828
0.0225799
0.0242217
0.0259259
0.0276674
0.0295177
0.0314947
0.0335306
0.0355181
0.0376031
0.0397956
0.0420727
0.0444227
0.0468252
0.0493235
0.0518434
0.054503
0.0572324
0.060141
0.0630985
0.0661537
0.0693587
0.0725797
0.0760197
0.0794166
0.0827259
0.086299
-0.000855369
-0.000216307
-0.000353245
-0.000865086
-0.00162307
-0.00167225
-0.000605854
0.000737428
0.00189863
0.00303879
0.00418868
0.00528786
0.00637367
0.00750981
0.00866968
0.00985789
0.0110947
0.0123521
0.0136377
0.0150264
0.0164635
0.0179184
0.0194248
0.0209858
0.0225824
0.0242246
0.0259296
0.0276719
0.0295221
0.0314961
0.0335301
0.0355195
0.0376055
0.0397967
0.0420732
0.0444229
0.0468251
0.0493236
0.0518446
0.0545053
0.0572346
0.0601424
0.0630998
0.0661552
0.0693603
0.0725812
0.0760216
0.079419
0.0827315
0.0863055
-0.000653974
6.60246e-06
-0.000173724
-0.000679673
-0.00142154
-0.00154102
-0.000566285
0.000747941
0.0019155
0.00306606
0.00422131
0.00531825
0.00639898
0.00753097
0.00868759
0.00987362
0.0111083
0.0123634
0.013647
0.0150341
0.0164691
0.0179225
0.0194283
0.020989
0.0225851
0.0242277
0.0259334
0.0276765
0.0295266
0.0314976
0.0335296
0.0355209
0.037608
0.0397978
0.0420737
0.044423
0.0468251
0.0493238
0.0518458
0.0545077
0.0572369
0.0601439
0.0631012
0.0661567
0.069362
0.0725827
0.0760236
0.0794214
0.0827373
0.0863122
-0.000421293
0.000239109
6.58881e-06
-0.000498719
-0.00121798
-0.00139816
-0.000516807
0.000760958
0.00193002
0.00309008
0.00425312
0.00535012
0.00642618
0.00755354
0.00870638
0.00988978
0.0111224
0.0123752
0.0136568
0.0150421
0.016475
0.0179269
0.0194321
0.0209924
0.0225879
0.0242309
0.0259374
0.0276812
0.0295312
0.0314991
0.0335292
0.0355224
0.0376105
0.039799
0.0420743
0.0444232
0.0468251
0.049324
0.0518471
0.0545101
0.0572392
0.0601454
0.0631026
0.0661584
0.0693638
0.0725843
0.0760258
0.0794239
0.0827432
0.0863192
-0.000210757
0.000471283
0.000193786
-0.000321929
-0.00102142
-0.0012534
-0.00046217
0.000774926
0.00194275
0.00311282
0.00428558
0.00538376
0.0064547
0.00757661
0.00872534
0.00990626
0.0111369
0.0123873
0.0136668
0.0150502
0.016481
0.0179314
0.0194359
0.0209958
0.0225908
0.0242342
0.0259414
0.027686
0.0295358
0.0315007
0.033529
0.0355239
0.037613
0.0398002
0.0420749
0.0444235
0.0468252
0.0493243
0.0518484
0.0545126
0.0572416
0.060147
0.0631041
0.06616
0.0693656
0.072586
0.076028
0.0794266
0.0827492
0.0863264
-1.67532e-05
0.000707823
0.000385003
-0.000154388
-0.00083362
-0.00110491
-0.000397399
0.000795346
0.00195773
0.00313537
0.0043176
0.00541812
0.00648468
0.00760119
0.00874559
0.00992367
0.011152
0.0123998
0.0136771
0.0150587
0.0164874
0.0179362
0.01944
0.0209994
0.0225939
0.0242376
0.0259456
0.0276909
0.0295405
0.0315024
0.0335288
0.0355254
0.0376156
0.0398015
0.0420755
0.0444238
0.0468253
0.0493246
0.0518498
0.0545152
0.0572441
0.0601487
0.0631057
0.0661618
0.0693675
0.0725877
0.0760304
0.0794293
0.0827553
0.0863339
0.000158506
0.000936935
0.000578677
1.31982e-05
-0.000646259
-0.00094941
-0.000322799
0.00082102
0.00197238
0.00315506
0.00434801
0.00545371
0.00651712
0.00762775
0.00876686
0.0099415
0.0111675
0.0124128
0.0136879
0.0150676
0.0164941
0.0179411
0.0194442
0.0210031
0.0225972
0.0242413
0.0259499
0.027696
0.0295453
0.0315042
0.0335287
0.035527
0.0376182
0.0398029
0.0420762
0.0444241
0.0468254
0.049325
0.0518512
0.0545178
0.0572466
0.0601504
0.0631074
0.0661636
0.0693696
0.0725895
0.0760328
0.0794322
0.0827616
0.0863417
0.000306689
0.00115973
0.000785077
0.000185676
-0.000462979
-0.000794143
-0.000243309
0.000850452
0.00198836
0.00317497
0.00437897
0.00549058
0.00655092
0.00765537
0.00878897
0.00996015
0.0111837
0.0124264
0.013699
0.0150766
0.0165009
0.0179463
0.0194487
0.021007
0.0226006
0.0242449
0.0259543
0.0277012
0.0295502
0.0315061
0.0335287
0.0355286
0.0376208
0.0398043
0.042077
0.0444245
0.0468256
0.0493254
0.0518527
0.0545205
0.0572492
0.0601522
0.0631091
0.0661654
0.0693717
0.0725913
0.0760354
0.0794352
0.082768
0.0863497
0.000442274
0.00138373
0.00100092
0.000356886
-0.000287218
-0.000639345
-0.000156719
0.000887268
0.00200842
0.00319485
0.00440795
0.0055266
0.00658577
0.00768492
0.00881279
0.00997973
0.0112003
0.0124402
0.0137104
0.015086
0.0165081
0.0179518
0.0194534
0.021011
0.0226041
0.0242488
0.0259589
0.0277065
0.0295552
0.0315081
0.0335289
0.0355303
0.0376235
0.0398057
0.0420778
0.0444249
0.0468259
0.0493259
0.0518542
0.0545233
0.0572519
0.0601541
0.0631109
0.0661674
0.0693739
0.0725933
0.0760382
0.0794383
0.0827745
0.086358
0.000574659
0.00160251
0.00121926
0.000528049
-0.000114976
-0.0004827
-6.30447e-05
0.000930176
0.00203029
0.00321323
0.00443549
0.00556336
0.00662276
0.00771638
0.00883773
0.00999986
0.0112173
0.0124546
0.0137224
0.0150959
0.0165156
0.0179574
0.0194582
0.0210153
0.0226079
0.0242529
0.0259637
0.027712
0.0295602
0.0315102
0.0335291
0.035532
0.0376262
0.0398073
0.0420787
0.0444253
0.0468262
0.0493265
0.0518558
0.0545261
0.0572546
0.0601561
0.0631129
0.0661694
0.0693762
0.0725953
0.076041
0.0794416
0.0827811
0.0863665
0.000700211
0.00181294
0.00144077
0.00070267
5.52688e-05
-0.000325774
3.45484e-05
0.000977284
0.0020551
0.00323315
0.00446324
0.00560012
0.00666021
0.00774895
0.00886411
0.0100213
0.0112354
0.0124695
0.0137346
0.0151059
0.0165233
0.0179634
0.0194634
0.0210198
0.0226119
0.024257
0.0259685
0.0277175
0.0295654
0.0315124
0.0335295
0.0355338
0.0376289
0.0398089
0.0420796
0.0444259
0.0468266
0.0493272
0.0518575
0.054529
0.0572575
0.0601581
0.0631149
0.0661715
0.0693786
0.0725974
0.076044
0.079445
0.0827878
0.0863754
0.000832148
0.00201715
0.00166489
0.000881158
0.000222469
-0.000170796
0.000135275
0.00103029
0.00208518
0.00325486
0.00448962
0.00563568
0.00669835
0.00778343
0.00889241
0.010044
0.0112539
0.0124847
0.013747
0.0151163
0.0165317
0.0179698
0.0194687
0.0210244
0.0226161
0.0242614
0.0259736
0.0277232
0.0295706
0.0315147
0.03353
0.0355356
0.0376317
0.0398106
0.0420807
0.0444265
0.0468271
0.0493279
0.0518593
0.054532
0.0572604
0.0601602
0.063117
0.0661737
0.0693811
0.0725996
0.0760471
0.0794485
0.0827947
0.0863845
0.000969431
0.00221136
0.00188961
0.00106249
0.000386003
-1.68652e-05
0.000240903
0.00108922
0.002119
0.00327704
0.00451506
0.00567116
0.00673765
0.00781943
0.00892218
0.0100678
0.0112731
0.0125005
0.01376
0.0151271
0.0165401
0.0179762
0.0194741
0.0210293
0.0226205
0.024266
0.0259787
0.0277291
0.0295759
0.0315172
0.0335307
0.0355375
0.0376345
0.0398123
0.0420818
0.0444271
0.0468276
0.0493288
0.0518612
0.0545351
0.0572634
0.0601625
0.0631192
0.0661759
0.0693838
0.0726018
0.0760503
0.0794523
0.0828017
0.0863938
0.00110181
0.00239834
0.0021136
0.00124631
0.000547833
0.000137254
0.000350103
0.00115152
0.00215596
0.00330182
0.00454127
0.00570619
0.00677696
0.0078563
0.00895336
0.010093
0.0112936
0.0125171
0.0137733
0.015138
0.0165488
0.0179831
0.0194801
0.0210344
0.0226251
0.0242707
0.0259841
0.027735
0.0295814
0.0315198
0.0335315
0.0355394
0.0376374
0.0398142
0.042083
0.0444278
0.0468283
0.0493297
0.0518631
0.0545382
0.0572665
0.0601648
0.0631215
0.0661783
0.0693865
0.0726042
0.0760536
0.0794561
0.0828087
0.0864034
0.00124028
0.00258024
0.00233362
0.00143314
0.000708924
0.000289795
0.000460958
0.00121769
0.00219806
0.00333011
0.00456741
0.00573995
0.00681631
0.00789432
0.00898618
0.01012
0.0113152
0.012534
0.0137867
0.0151493
0.0165582
0.0179904
0.0194861
0.0210397
0.02263
0.0242757
0.0259896
0.0277412
0.0295869
0.0315225
0.0335324
0.0355414
0.0376403
0.0398161
0.0420842
0.0444286
0.046829
0.0493307
0.0518651
0.0545414
0.0572697
0.0601672
0.0631239
0.0661808
0.0693894
0.0726067
0.0760571
0.0794602
0.0828159
0.0864133
0.00138838
0.00275517
0.00254851
0.0016233
0.000868511
0.000439676
0.000574548
0.0012887
0.00224404
0.00336041
0.00459369
0.00577336
0.00685609
0.00793353
0.00902055
0.0101483
0.0113376
0.0125516
0.0138008
0.015161
0.0165676
0.0179977
0.0194924
0.0210453
0.0226352
0.0242809
0.0259953
0.0277474
0.0295926
0.0315254
0.0335335
0.0355434
0.0376432
0.0398181
0.0420856
0.0444295
0.0468298
0.0493319
0.0518672
0.0545447
0.0572729
0.0601698
0.0631264
0.0661833
0.0693924
0.0726093
0.0760608
0.0794644
0.0828232
0.0864235
0.00153865
0.00292454
0.00275795
0.00181514
0.00102672
0.000588081
0.000691291
0.00136308
0.0022927
0.00339377
0.00462163
0.00580649
0.0068957
0.00797334
0.00905574
0.0101777
0.0113617
0.0125706
0.0138152
0.0151726
0.0165773
0.0180057
0.0194991
0.0210512
0.0226406
0.0242863
0.0260012
0.0277538
0.0295983
0.0315285
0.0335348
0.0355456
0.0376462
0.0398202
0.0420871
0.0444305
0.0468308
0.0493331
0.0518694
0.0545481
0.0572763
0.0601724
0.0631291
0.066186
0.0693956
0.072612
0.0760645
0.0794689
0.0828307
0.0864339
0.00168786
0.00309036
0.00295957
0.00200717
0.00118523
0.000734715
0.000808998
0.00144033
0.00234496
0.00343064
0.00465109
0.00583915
0.00693499
0.0080137
0.00909203
0.0102089
0.0113874
0.0125903
0.0138299
0.0151846
0.0165876
0.0180139
0.019506
0.0210572
0.0226463
0.024292
0.0260073
0.0277603
0.0296042
0.0315317
0.0335363
0.0355478
0.0376493
0.0398224
0.0420886
0.0444315
0.0468318
0.0493345
0.0518717
0.0545515
0.0572798
0.0601752
0.0631319
0.0661887
0.0693988
0.0726149
0.0760684
0.0794735
0.0828382
0.0864446
0.00183592
0.00325199
0.00315188
0.00219944
0.00134443
0.000878002
0.000927456
0.00152174
0.0024006
0.00347028
0.00468236
0.00587173
0.00697386
0.00805491
0.0091296
0.0102412
0.0114142
0.0126111
0.0138453
0.015197
0.0165979
0.0180223
0.0195132
0.0210637
0.0226523
0.024298
0.0260135
0.027767
0.0296102
0.0315351
0.0335379
0.0355501
0.0376524
0.0398247
0.0420903
0.0444327
0.046833
0.049336
0.0518741
0.0545551
0.0572833
0.060178
0.0631348
0.0661916
0.0694022
0.0726178
0.0760725
0.0794784
0.0828459
0.0864556
0.00198231
0.00341065
0.00333612
0.00239048
0.00150343
0.00101834
0.00104675
0.0016068
0.00245892
0.00351241
0.00471576
0.0059045
0.00701244
0.00809687
0.0091679
0.010274
0.0114425
0.0126335
0.0138614
0.0152093
0.0166086
0.0180312
0.0195207
0.0210703
0.0226586
0.0243041
0.02602
0.0277739
0.0296164
0.0315387
0.0335397
0.0355525
0.0376557
0.0398272
0.0420921
0.044434
0.0468343
0.0493376
0.0518766
0.0545588
0.057287
0.060181
0.0631378
0.0661946
0.0694057
0.0726209
0.0760767
0.0794834
0.0828537
0.0864667
0.00212574
0.0035668
0.00351119
0.00257755
0.0016631
0.00115654
0.00116541
0.00169498
0.00252016
0.00355669
0.00475149
0.00593828
0.00705071
0.008139
0.00920686
0.0103079
0.0114724
0.0126574
0.0138782
0.0152221
0.0166196
0.0180405
0.0195284
0.0210772
0.0226653
0.0243107
0.0260267
0.0277808
0.0296227
0.0315425
0.0335417
0.035555
0.0376589
0.0398297
0.042094
0.0444354
0.0468357
0.0493394
0.0518792
0.0545625
0.0572908
0.0601842
0.063141
0.0661977
0.0694094
0.0726242
0.076081
0.0794887
0.0828617
0.0864782
0.00226416
0.00371971
0.00367727
0.00276026
0.00182408
0.00129282
0.00128243
0.00178593
0.00258452
0.00360304
0.00478982
0.00597327
0.00708817
0.0081812
0.009247
0.0103426
0.0115031
0.0126826
0.0138959
0.0152352
0.0166309
0.0180501
0.0195365
0.0210844
0.0226722
0.0243175
0.0260336
0.027788
0.0296292
0.0315465
0.0335439
0.0355576
0.0376623
0.0398324
0.0420961
0.044437
0.0468373
0.0493413
0.0518819
0.0545664
0.0572946
0.0601875
0.0631443
0.066201
0.0694132
0.0726276
0.0760855
0.0794941
0.0828697
0.0864898
0.00239809
0.00387059
0.00383596
0.00293689
0.00198507
0.00142735
0.00139654
0.00187858
0.00265252
0.00365158
0.00483024
0.00600937
0.00712511
0.00822385
0.00928834
0.0103775
0.0115346
0.0127097
0.013915
0.0152486
0.0166423
0.0180599
0.0195449
0.0210919
0.0226796
0.0243246
0.0260407
0.0277953
0.0296358
0.0315506
0.0335464
0.0355604
0.0376657
0.0398351
0.0420982
0.0444387
0.0468391
0.0493434
0.0518848
0.0545704
0.0572986
0.0601909
0.0631478
0.0662044
0.0694172
0.0726312
0.0760901
0.0794999
0.082878
0.0865017
0.00252647
0.00401834
0.00398669
0.00310558
0.00214542
0.00156098
0.00150754
0.00197262
0.00272475
0.00370173
0.00487176
0.0060473
0.00716237
0.00826644
0.00933042
0.010413
0.0115668
0.0127383
0.0139353
0.0152624
0.016654
0.0180702
0.0195536
0.0210997
0.0226873
0.0243321
0.0260481
0.0278028
0.0296426
0.031555
0.033549
0.0355632
0.0376693
0.0398381
0.0421006
0.0444405
0.046841
0.0493457
0.0518878
0.0545745
0.0573027
0.0601945
0.0631514
0.0662079
0.0694213
0.0726349
0.0760948
0.0795058
0.0828864
0.0865138
0.00264855
0.00416258
0.00413139
0.00326655
0.00230409
0.00169446
0.00161552
0.00206667
0.0028004
0.00375314
0.00491469
0.00608799
0.00719985
0.00830824
0.00937337
0.0104494
0.0115993
0.0127678
0.013957
0.015277
0.016666
0.0180808
0.0195626
0.0211076
0.0226952
0.0243401
0.0260558
0.0278104
0.0296495
0.0315596
0.0335519
0.0355662
0.0376729
0.0398412
0.0421031
0.0444425
0.046843
0.0493481
0.0518909
0.0545787
0.0573069
0.0601982
0.0631552
0.0662116
0.0694255
0.0726388
0.0760998
0.079512
0.0828949
0.0865261
0.00276574
0.00430398
0.00427141
0.00341853
0.00245882
0.00182848
0.00172063
0.00215854
0.00287924
0.00380719
0.00495891
0.00613065
0.00723732
0.00834939
0.0094173
0.0104864
0.011632
0.0127988
0.0139803
0.0152923
0.0166781
0.0180917
0.019572
0.021116
0.0227035
0.0243482
0.0260638
0.0278183
0.0296566
0.0315644
0.033555
0.0355694
0.0376767
0.0398444
0.0421057
0.0444447
0.0468453
0.0493506
0.0518941
0.0545831
0.0573113
0.0602021
0.0631591
0.0662154
0.06943
0.0726429
0.0761049
0.0795184
0.0829035
0.0865386
0.00287731
0.00444073
0.00440658
0.0035616
0.00260821
0.00196337
0.00182339
0.00224667
0.00296141
0.00386466
0.00500274
0.0061746
0.00727622
0.00839035
0.00946187
0.0105243
0.011665
0.0128303
0.014005
0.0153086
0.0166906
0.018103
0.0195818
0.0211245
0.0227121
0.0243567
0.0260719
0.0278265
0.0296641
0.0315694
0.0335582
0.0355727
0.0376807
0.0398478
0.0421085
0.0444469
0.0468477
0.0493535
0.0518975
0.0545876
0.0573158
0.0602062
0.0631633
0.0662194
0.0694345
0.0726471
0.0761102
0.079525
0.0829124
0.0865513
0.0029825
0.00457182
0.00453728
0.00369689
0.0027506
0.00209774
0.00192482
0.00233057
0.00304536
0.00392535
0.00504639
0.00622036
0.00731709
0.00843071
0.00950662
0.010563
0.0116978
0.0128623
0.0140312
0.0153262
0.0167034
0.0181145
0.0195922
0.0211335
0.0227208
0.0243656
0.0260804
0.0278346
0.0296716
0.0315748
0.0335619
0.0355761
0.0376846
0.0398514
0.0421115
0.0444495
0.0468503
0.0493565
0.0519012
0.0545923
0.0573203
0.0602105
0.0631676
0.0662236
0.0694393
0.0726515
0.0761156
0.0795319
0.0829214
0.0865641
0.00308187
0.00469713
0.00466323
0.00382514
0.00288465
0.00223004
0.00202671
0.00240994
0.00312882
0.00398975
0.00509074
0.00626735
0.00735915
0.00846998
0.00955167
0.0106028
0.0117309
0.0128948
0.0140586
0.0153448
0.0167168
0.0181261
0.0196029
0.021143
0.02273
0.0243747
0.0260893
0.0278432
0.0296792
0.0315803
0.0335659
0.0355799
0.0376887
0.0398551
0.0421146
0.0444523
0.0468532
0.0493596
0.0519049
0.0545971
0.0573251
0.0602149
0.063172
0.0662279
0.0694443
0.0726562
0.0761212
0.079539
0.0829306
0.0865771
0.00317639
0.00481624
0.00478385
0.00394728
0.00300925
0.00235865
0.0021302
0.00248431
0.00321006
0.00405866
0.00513557
0.00631401
0.0074032
0.00850914
0.00959671
0.0106439
0.0117642
0.012927
0.0140865
0.015365
0.0167314
0.018138
0.0196137
0.0211528
0.0227396
0.0243842
0.0260983
0.0278519
0.0296873
0.0315859
0.0335698
0.0355838
0.0376932
0.0398591
0.0421179
0.0444551
0.0468563
0.0493631
0.0519088
0.054602
0.05733
0.0602196
0.0631767
0.0662324
0.0694494
0.072661
0.076127
0.0795463
0.0829399
0.0865903
0.00326648
0.0049294
0.00489802
0.00406328
0.00312484
0.00248135
0.00223546
0.00255452
0.00328702
0.00413152
0.0051814
0.00635997
0.00744979
0.00854871
0.00964094
0.0106853
0.0117976
0.0129597
0.0141155
0.0153861
0.0167466
0.0181504
0.0196251
0.0211631
0.0227492
0.0243939
0.0261079
0.0278608
0.0296953
0.0315921
0.0335743
0.0355878
0.0376976
0.0398634
0.0421217
0.0444583
0.0468594
0.0493667
0.0519129
0.0546072
0.057335
0.0602244
0.0631816
0.0662372
0.0694546
0.072666
0.076133
0.079554
0.0829495
0.0866036
0.00335088
0.0050365
0.00500453
0.00417299
0.00323256
0.00259541
0.00234154
0.00262277
0.00335784
0.00420676
0.00522976
0.00640537
0.00749781
0.0085883
0.0096846
0.0107277
0.0118309
0.0129924
0.0141453
0.015408
0.0167628
0.0181632
0.0196367
0.0211743
0.0227595
0.0244034
0.0261175
0.0278703
0.0297037
0.0315983
0.0335791
0.0355922
0.0377021
0.0398676
0.0421254
0.0444619
0.0468631
0.0493706
0.0519171
0.0546124
0.0573402
0.0602295
0.0631867
0.066242
0.0694602
0.0726713
0.0761392
0.0795617
0.0829592
0.0866171
0.00342801
0.00513758
0.00510323
0.00427597
0.00333294
0.00269899
0.00244709
0.00269095
0.00342163
0.00428277
0.00528098
0.0064493
0.00754679
0.00862879
0.00972785
0.0107713
0.0118645
0.013024
0.0141751
0.0154311
0.0167807
0.0181768
0.0196481
0.0211856
0.0227705
0.0244137
0.0261273
0.0278796
0.0297123
0.0316049
0.0335841
0.0355969
0.0377072
0.0398723
0.0421292
0.0444653
0.0468669
0.0493749
0.0519218
0.0546178
0.0573455
0.0602348
0.063192
0.0662471
0.0694659
0.0726768
0.0761456
0.0795698
0.082969
0.0866307
0.00349641
0.00523232
0.00519438
0.00437026
0.0034269
0.00279157
0.00254944
0.00276072
0.00347822
0.00435753
0.00533554
0.0064919
0.00759645
0.00867059
0.00976995
0.0108149
0.0118988
0.0130557
0.0142052
0.0154542
0.0167993
0.0181918
0.0196602
0.0211973
0.0227815
0.0244239
0.0261378
0.0278895
0.0297207
0.0316116
0.0335896
0.0356017
0.0377122
0.0398773
0.0421338
0.0444692
0.0468706
0.0493791
0.0519266
0.0546237
0.0573511
0.0602402
0.0631975
0.0662524
0.0694718
0.0726824
0.0761521
0.0795782
0.0829791
0.0866443
0.00355521
0.00531983
0.00527872
0.00445453
0.00351458
0.0028737
0.00264473
0.00283262
0.00352869
0.0044285
0.00539394
0.00653457
0.00764581
0.00871285
0.00981099
0.0108587
0.0119332
0.0130872
0.0142362
0.0154778
0.0168179
0.0182077
0.0196729
0.0212098
0.0227936
0.0244342
0.0261478
0.0278997
0.02973
0.0316186
0.0335953
0.035607
0.0377175
0.0398823
0.0421382
0.0444737
0.0468751
0.0493837
0.0519313
0.0546293
0.0573569
0.0602461
0.0632033
0.0662578
0.0694779
0.0726883
0.0761589
0.0795866
0.0829893
0.0866581
0.00360262
0.00539789
0.00535646
0.00452772
0.00359539
0.00294684
0.00273037
0.00290597
0.00357457
0.00449382
0.00545535
0.00657756
0.00769447
0.00875603
0.00985132
0.0109025
0.011968
0.0131177
0.0142668
0.0155025
0.0168379
0.0182245
0.0196857
0.021222
0.0228063
0.0244456
0.0261583
0.0279095
0.0297389
0.0316262
0.0336015
0.0356124
0.037723
0.0398877
0.0421429
0.0444779
0.0468796
0.0493889
0.0519367
0.0546353
0.0573626
0.0602519
0.0632094
0.0662636
0.0694843
0.0726944
0.076166
0.0795954
0.0829996
0.086672
0.00363904
0.00546428
0.00542732
0.00458918
0.00366688
0.00301181
0.00280433
0.00297989
0.00361781
0.00455173
0.0055184
0.00662132
0.00774261
0.00880046
0.00989051
0.0109453
0.012003
0.0131478
0.0142973
0.0155272
0.0168584
0.0182432
0.0196998
0.0212341
0.0228188
0.024457
0.0261695
0.0279203
0.029748
0.0316334
0.0336081
0.0356185
0.0377288
0.0398934
0.0421481
0.0444828
0.0468841
0.0493938
0.0519423
0.0546418
0.057369
0.0602581
0.0632154
0.0662694
0.0694909
0.0727008
0.0761731
0.0796044
0.0830102
0.0866859
0.00366569
0.00551717
0.00549073
0.00464045
0.00372678
0.00306877
0.00286557
0.00305136
0.00366092
0.00460179
0.00558085
0.00666667
0.00779012
0.00884544
0.00992878
0.010987
0.0120376
0.0131771
0.0143277
0.0155524
0.016879
0.0182629
0.0197159
0.0212472
0.0228314
0.0244685
0.0261799
0.0279304
0.0297581
0.0316418
0.0336148
0.0356246
0.037735
0.0398994
0.0421535
0.044488
0.0468893
0.0493993
0.0519478
0.054648
0.0573754
0.0602648
0.0632222
0.0662755
0.0694975
0.0727073
0.0761806
0.0796137
0.0830209
0.0866999
0.00368128
0.00555354
0.00554337
0.00468139
0.00377383
0.00311857
0.00291408
0.00311688
0.00370525
0.00464545
0.00564167
0.00671294
0.00783586
0.00889103
0.00996658
0.0110278
0.0120723
0.0132056
0.014357
0.0155775
0.0169002
0.0182832
0.019733
0.0212614
0.0228449
0.0244813
0.0261913
0.0279399
0.0297668
0.0316501
0.0336226
0.0356314
0.0377414
0.0399056
0.0421593
0.0444935
0.0468944
0.0494052
0.0519541
0.0546547
0.0573818
0.0602714
0.0632289
0.066282
0.0695048
0.0727142
0.0761881
0.079623
0.0830318
0.086714
0.00368605
0.00557306
0.00558143
0.00471121
0.00380564
0.00315947
0.00295069
0.00317312
0.00375068
0.00468365
0.00569993
0.00676102
0.0078798
0.00893623
0.0100033
0.011067
0.0121072
0.0132341
0.0143862
0.0156022
0.0169212
0.0183043
0.0197511
0.0212755
0.0228575
0.0244946
0.0262043
0.027951
0.0297767
0.0316582
0.0336296
0.0356383
0.0377483
0.0399121
0.0421653
0.0444994
0.0469001
0.0494113
0.0519604
0.0546617
0.0573888
0.0602784
0.0632358
0.0662884
0.069512
0.0727214
0.0761961
0.0796327
0.0830427
0.086728
0.00367983
0.00557567
0.00560236
0.00473034
0.00382231
0.00318893
0.00297714
0.00321802
0.00379564
0.00471749
0.00575316
0.00681068
0.00792323
0.00898079
0.0100379
0.011103
0.0121412
0.0132625
0.0144163
0.0156284
0.0169431
0.0183258
0.0197704
0.021291
0.0228696
0.0245064
0.0262164
0.027961
0.0297868
0.0316685
0.0336384
0.0356457
0.0377553
0.0399189
0.0421716
0.0445054
0.0469059
0.0494179
0.0519673
0.0546688
0.057396
0.0602858
0.0632433
0.0662953
0.0695194
0.0727285
0.076204
0.0796426
0.083054
0.0867422
0.00366006
0.00555977
0.00560133
0.00473473
0.00382295
0.00320519
0.0029945
0.00325129
0.00383981
0.00474983
0.00580142
0.00686042
0.00796505
0.00902508
0.0100715
0.011135
0.0121728
0.0132884
0.0144449
0.0156551
0.0169667
0.0183496
0.0197912
0.0213081
0.0228831
0.0245191
0.0262293
0.027971
0.0297951
0.031677
0.0336472
0.0356544
0.0377634
0.0399263
0.0421786
0.044512
0.0469118
0.0494245
0.0519742
0.0546763
0.0574035
0.0602934
0.063251
0.0663025
0.0695274
0.0727363
0.0762122
0.0796525
0.0830651
0.0867561
0.00362554
0.00552644
0.00557722
0.00472075
0.00380643
0.00320483
0.00300188
0.00327181
0.00388054
0.00478275
0.00584537
0.00691044
0.0080055
0.00906764
0.0101051
0.0111652
0.0122036
0.0133128
0.0144717
0.0156806
0.0169886
0.0183731
0.0198135
0.0213265
0.0228968
0.0245317
0.0262434
0.0279829
0.0298052
0.0316864
0.0336556
0.0356621
0.0377711
0.0399339
0.042186
0.0445192
0.0469186
0.0494319
0.0519815
0.0546838
0.0574111
0.0603012
0.0632589
0.0663098
0.0695353
0.0727442
0.0762209
0.0796631
0.0830767
0.08677
0.00356822
0.00547141
0.00552756
0.00468466
0.00377176
0.00318598
0.00299892
0.00328197
0.00391609
0.00481647
0.00588495
0.00695886
0.00804399
0.00910692
0.0101367
0.0111914
0.0122336
0.0133381
0.014499
0.0157086
0.0170118
0.0183961
0.0198348
0.0213449
0.0229114
0.0245437
0.0262564
0.0279945
0.029815
0.0316965
0.0336663
0.0356718
0.0377791
0.0399412
0.0421932
0.0445262
0.046925
0.0494394
0.0519894
0.0546919
0.0574193
0.0603093
0.0632671
0.0663174
0.0695436
0.0727522
0.0762293
0.0796734
0.0830884
0.0867852
0.00348525
0.00539012
0.00544923
0.00462202
0.00371759
0.00314713
0.00298269
0.00328169
0.003945
0.00485223
0.00592162
0.00700447
0.0080807
0.00914204
0.0101662
0.011213
0.0122594
0.0133616
0.0145244
0.0157374
0.0170371
0.0184208
0.0198579
0.0213636
0.0229257
0.0245558
0.0262694
0.028007
0.0298255
0.0317058
0.0336761
0.0356822
0.0377889
0.0399502
0.0422016
0.0445339
0.0469319
0.0494468
0.0519967
0.0546994
0.0574272
0.0603173
0.0632751
0.0663248
0.0695516
0.0727603
0.0762378
0.0796836
0.0830993
0.0867973
0.00337587
0.00527741
0.00533841
0.00452977
0.00364501
0.00309421
0.00295876
0.00327774
0.00396885
0.00488977
0.00595677
0.00704579
0.00811518
0.00917117
0.0101921
0.0112323
0.0122831
0.0133853
0.014549
0.0157663
0.0170626
0.018444
0.0198811
0.0213839
0.0229414
0.0245675
0.0262812
0.0280197
0.0298369
0.031716
0.0336874
0.0356931
0.0377982
0.0399593
0.0422113
0.0445436
0.0469411
0.0494572
0.0520071
0.0547098
0.0574376
0.0603275
0.0632853
0.0663342
0.0695616
0.0727697
0.0762477
0.0796953
0.0831125
0.0868143
0.00321835
0.00511406
0.00517056
0.00438164
0.00353206
0.00301561
0.00292323
0.00327697
0.00399758
0.00493388
0.00599515
0.00708443
0.00814697
0.00919505
0.0102139
0.0112483
0.0123029
0.013409
0.0145738
0.0157959
0.0170904
0.018467
0.0199019
0.0214015
0.0229554
0.0245786
0.0262912
0.0280306
0.0298466
0.0317232
0.0336957
0.0357028
0.0378062
0.039966
0.0422176
0.0445491
0.046946
0.0494628
0.0520128
0.0547159
0.0574442
0.0603342
0.0632922
0.0663407
0.0695686
0.072777
0.0762552
0.0797044
0.0831222
0.0868247
0.00303962
0.00491381
0.00495817
0.00418264
0.00337079
0.00289751
0.00285952
0.00326299
0.00402034
0.00497863
0.00603712
0.00712153
0.00817658
0.00921515
0.0102334
0.0112658
0.0123241
0.013437
0.0146046
0.0158319
0.0171263
0.0184972
0.0199308
0.0214279
0.0229767
0.0245953
0.0263065
0.0280485
0.0298646
0.0317378
0.0337106
0.0357184
0.0378202
0.0399797
0.0422316
0.0445628
0.046959
0.0494766
0.0520262
0.0547289
0.0574573
0.0603467
0.0633047
0.0663521
0.0695803
0.0727882
0.0762667
0.0797176
0.0831366
0.0868427
0.00284705
0.00467726
0.00470674
0.00395676
0.00318864
0.00276654
0.00278922
0.00324699
0.00403525
0.00500545
0.00605525
0.00712637
0.00817209
0.00920372
0.0102251
0.0112623
0.0123279
0.0134516
0.0146231
0.0158541
0.0171487
0.018512
0.0199426
0.0214391
0.022986
0.024602
0.0263103
0.0280547
0.0298717
0.0317418
0.0337158
0.035726
0.0378259
0.0399842
0.042236
0.0445669
0.0469631
0.0494817
0.0520315
0.0547348
0.0574637
0.0603531
0.0633113
0.0663584
0.069587
0.0727951
0.0762736
0.0797261
0.0831458
0.0868528
0.00247987
0.00431304
0.00438294
0.00369667
0.00301773
0.00268975
0.00279775
0.00331859
0.00412993
0.00509347
0.00611947
0.00716296
0.00819331
0.00921935
0.010244
0.0112876
0.0123582
0.0134907
0.0146661
0.015898
0.0171929
0.0185486
0.0199746
0.0214687
0.0230115
0.0246238
0.0263294
0.0280761
0.0298947
0.0317599
0.0337325
0.0357442
0.0378429
0.0400004
0.0422517
0.0445821
0.0469776
0.0494964
0.0520454
0.0547483
0.0574775
0.0603661
0.0633243
0.0663702
0.0695992
0.0728068
0.0762854
0.0797393
0.08316
0.0868697
0.00177656
0.0035161
0.00364681
0.00311839
0.00263171
0.00247619
0.00271477
0.00331671
0.00415495
0.00510836
0.00611205
0.00713107
0.00815136
0.00918261
0.0102188
0.0112797
0.0123626
0.0135053
0.0146859
0.015918
0.0172135
0.0185632
0.0199839
0.0214789
0.0230226
0.024632
0.0263332
0.0280821
0.0299038
0.0317667
0.0337394
0.0357531
0.0378508
0.0400074
0.0422583
0.0445889
0.0469851
0.0495049
0.052054
0.0547575
0.0574869
0.0603749
0.0633333
0.0663785
0.0696075
0.0728152
0.0762936
0.079749
0.0831706
0.0868826
0.0019772
0.00325387
0.00319977
0.00275444
0.00245074
0.00245856
0.00280362
0.00343141
0.00424251
0.00515057
0.0061165
0.0071124
0.00812867
0.00917199
0.0102201
0.0112956
0.0123894
0.0135372
0.0147226
0.0159532
0.0172471
0.0185933
0.0200063
0.0214982
0.0230424
0.0246497
0.026348
0.028099
0.0299226
0.0317817
0.033752
0.0357669
0.0378651
0.0400212
0.0422706
0.0446008
0.0469966
0.0495159
0.0520643
0.0547678
0.0574978
0.0603854
0.0633438
0.0663883
0.0696174
0.072825
0.0763031
0.07976
0.0831815
0.0868933
-0.000377457
0.00144895
0.00204607
0.00218963
0.00231661
0.00257651
0.0029994
0.00358483
0.00431956
0.00516476
0.00609359
0.00707507
0.00809358
0.009154
0.0102197
0.0113143
0.0124237
0.0135736
0.0147604
0.0159893
0.0172795
0.0186241
0.0200304
0.0215196
0.023068
0.0246711
0.0263634
0.0281158
0.0299418
0.0318001
0.0337694
0.0357839
0.0378819
0.0400376
0.0422855
0.0446162
0.0470131
0.049533
0.0520811
0.0547848
0.0575143
0.0604005
0.0633588
0.0664019
0.0696307
0.0728372
0.076315
0.0797728
0.083196
0.0869132
-0.00215987
-0.00125392
4.23091e-05
0.00119139
0.00205449
0.00266491
0.00317262
0.00371262
0.00435656
0.00512272
0.00600599
0.00697977
0.00801216
0.0090981
0.0101869
0.0113005
0.0124269
0.0135811
0.0147713
0.0160014
0.0172876
0.0186338
0.0200348
0.0215195
0.0230737
0.024677
0.0263664
0.0281219
0.0299492
0.031806
0.0337734
0.0357878
0.0378878
0.0400438
0.0422894
0.0446201
0.0470177
0.0495368
0.0520845
0.0547887
0.057519
0.0604051
0.0633637
0.0664067
0.0696357
0.0728431
0.0763207
0.0797801
0.0832033
0.0869183
-0.00327613
-0.00103903
0.000396935
0.0013839
0.00212221
0.00272371
0.00328058
0.0038405
0.00446728
0.0051978
0.00603631
0.00698336
0.00800811
0.00910285
0.0102094
0.0113379
0.0124799
0.0136349
0.0148233
0.0160521
0.0173301
0.0186762
0.0200727
0.0215507
0.0231108
0.0247106
0.0263932
0.0281497
0.0299772
0.0318339
0.0338007
0.0358124
0.0379122
0.0400691
0.0423123
0.0446439
0.0470428
0.049562
0.0521092
0.054813
0.0575423
0.0604263
0.0633845
0.0664255
0.0696538
0.0728592
0.0763361
0.0797957
0.0832207
0.0869427
-0.00419547
-0.00297136
-0.0012734
0.000331119
0.00161336
0.00255303
0.00326051
0.00385835
0.00447256
0.00518043
0.00599051
0.00692086
0.00794288
0.00904396
0.0101668
0.0113071
0.0124653
0.0136291
0.0148208
0.0160562
0.017329
0.0186774
0.0200743
0.0215447
0.0231107
0.0247129
0.0263914
0.0281513
0.029979
0.031835
0.0338023
0.0358122
0.0379136
0.0400721
0.0423131
0.0446442
0.0470442
0.0495629
0.0521096
0.054814
0.0575441
0.0604282
0.0633867
0.0664279
0.0696561
0.0728626
0.0763394
0.0798007
0.0832256
0.0869446
-0.00560533
-0.00274355
-0.000762502
0.000657291
0.00172374
0.00256824
0.00327487
0.00389426
0.00451946
0.00522918
0.00603342
0.0069526
0.00796919
0.00906576
0.0101908
0.0113339
0.0124954
0.0136634
0.0148535
0.016092
0.0173644
0.0187111
0.0201121
0.021579
0.0231457
0.0247495
0.0264231
0.028182
0.0300103
0.0318657
0.0338333
0.0358415
0.0379403
0.0401004
0.0423407
0.0446723
0.0470731
0.0495925
0.0521389
0.0548421
0.057571
0.0604527
0.0634104
0.0664493
0.0696764
0.0728804
0.0763556
0.0798171
0.0832447
0.0869716
)
;

boundaryField
{
    zeroGradientPlanes
    {
        type            zeroGradient;
    }
    inlet
    {
        type            zeroGradient;
    }
    plate
    {
        type            zeroGradient;
    }
    frontAndBack
    {
        type            empty;
    }
}


// ************************************************************************* //
