/*--------------------------------*- C++ -*----------------------------------*\
| =========                 |                                                 |
| \\      /  F ield         | OpenFOAM: The Open Source CFD Toolbox           |
|  \\    /   O peration     | Version:  v2012                                 |
|   \\  /    A nd           | Website:  www.openfoam.com                      |
|    \\/     M anipulation  |                                                 |
\*---------------------------------------------------------------------------*/
FoamFile
{
    version     2.0;
    format      ascii;
    class       volScalarField;
    location    "2";
    object      p;
}
// * * * * * * * * * * * * * * * * * * * * * * * * * * * * * * * * * * * * * //

dimensions      [0 2 -2 0 0 0 0];


internalField   nonuniform List<scalar> 
7000
(
1.01886e-10
0.00374163
0.00901168
0.00590811
0.00173101
0.0104607
0.00452334
0.0034939
0.00178519
0.00174562
0.00140483
0.00389444
0.00239271
0.00453907
0.00376275
0.0051634
0.00516821
0.00666072
0.00751408
0.00981438
3.88248e-06
0.00375065
0.00898365
0.00590169
0.00184319
0.0103643
0.00453091
0.00346287
0.0018083
0.00174778
0.00141129
0.00389819
0.00239826
0.00456009
0.0037674
0.00515788
0.00517624
0.00664917
0.00752073
0.00970416
9.4377e-06
0.00376147
0.0089491
0.00589704
0.00189285
0.0102752
0.00454521
0.00342806
0.0018328
0.00176028
0.00142696
0.00389372
0.00241344
0.00454705
0.00378574
0.00513486
0.00519502
0.00662077
0.00752698
0.00953024
1.61416e-05
0.00377072
0.00891464
0.00589362
0.00193807
0.0101801
0.00455657
0.00341064
0.0018543
0.00178809
0.00145244
0.00387799
0.00243955
0.00451748
0.00381189
0.00509869
0.0052153
0.00658223
0.00752326
0.00933851
2.51501e-05
0.00377891
0.00887784
0.0058918
0.00198331
0.0100751
0.00456501
0.00341126
0.00187199
0.00182954
0.00148572
0.00385178
0.00247386
0.00447465
0.00383858
0.00505544
0.00523487
0.00653851
0.00750872
0.0091543
3.76559e-05
0.00378565
0.00883842
0.00589184
0.00203046
0.0099604
0.00457297
0.00342694
0.00188646
0.00187979
0.00152388
0.00381746
0.0025125
0.00442428
0.00386711
0.00500872
0.0052535
0.00649146
0.00748473
0.00898409
5.43484e-05
0.00379056
0.00879731
0.00589326
0.00208079
0.00983774
0.00458224
0.00345333
0.00189878
0.0019342
0.00156513
0.00377771
0.00255356
0.00437095
0.00389645
0.00495987
0.00527057
0.00644148
0.00745215
0.00882443
7.5441e-05
0.00379402
0.00875549
0.0058951
0.00213494
0.00970981
0.00459379
0.00348547
0.00191042
0.0019895
0.00160931
0.0037344
0.00259646
0.00431685
0.00392609
0.00490919
0.00528507
0.00638886
0.00741055
0.00866997
0.00010076
0.00379683
0.00871365
0.00589624
0.00219299
0.00957906
0.0046081
0.00351929
0.00192256
0.00204358
0.00165698
0.00368835
0.00264114
0.00426273
0.00395614
0.0048569
0.00529599
0.00633403
0.00735913
0.00851776
0.000129837
0.00379971
0.00867195
0.00589578
0.00225464
0.00944736
0.00462527
0.00355204
0.00193578
0.00209509
0.00170864
0.00363979
0.00268757
0.00420896
0.0039865
0.00480379
0.0053026
0.00627766
0.00729799
0.00836732
0.000162056
0.00380313
0.00863017
0.00589319
0.00231937
0.00931587
0.00464505
0.00358201
0.00195037
0.00214318
0.00176445
0.00358881
0.00273539
0.00415576
0.00401677
0.00475135
0.0053043
0.00622068
0.00722845
0.00821925
0.000196811
0.00380727
0.00858788
0.00588837
0.00238663
0.00918496
0.004667
0.00360833
0.00196666
0.00218729
0.00182436
0.00353561
0.00278392
0.00410345
0.0040463
0.00470132
0.00530052
0.00616403
0.00715225
0.00807405
0.000233608
0.00381218
0.00854458
0.00588152
0.00245595
0.00905444
0.00469059
0.00363069
0.0019853
0.00222703
0.00188814
0.00348062
0.00283233
0.00405266
0.00407409
0.004655
0.00529086
0.00610831
0.00707082
0.00793179
0.00027211
0.00381778
0.0084999
0.00587296
0.00252698
0.00892382
0.00471541
0.0036491
0.00200706
0.00226216
0.00195552
0.00342441
0.00287966
0.00400424
0.00409876
0.00461305
0.00527515
0.00605352
0.00698518
0.00779222
0.00031211
0.00382405
0.00845357
0.00586306
0.0025995
0.00879264
0.00474122
0.00366376
0.00203262
0.0022926
0.00202609
0.00336775
0.00292488
0.0039592
0.00411896
0.00457568
0.00525331
0.00599898
0.00689614
0.00765499
0.000353491
0.00383096
0.00840544
0.00585215
0.0026734
0.00866056
0.00476797
0.00367485
0.00206253
0.00231845
0.00209928
0.00331161
0.00296682
0.00391859
0.00413379
0.00454282
0.00522538
0.00594344
0.00680438
0.00751981
0.000396168
0.00383852
0.00835545
0.00584057
0.00274863
0.00852742
0.00479572
0.00368256
0.00209717
0.00233997
0.00217428
0.0032572
0.00300422
0.00388329
0.0041429
0.00451406
0.00519181
0.00588525
0.00671002
0.00738653
0.000440055
0.00384676
0.00830365
0.00582867
0.00282516
0.00839312
0.00482455
0.00368705
0.00213672
0.0023577
0.00225008
0.00320587
0.00303575
0.00385382
0.00414604
0.00448848
0.00515377
0.00582299
0.00661241
0.00725494
0.000485057
0.00385566
0.0082501
0.00581674
0.00290293
0.00825757
0.00485452
0.00368849
0.00218115
0.00237246
0.00232548
0.0031591
0.0030603
0.0038302
0.00414285
0.00446446
0.00511279
0.00575646
0.00651063
0.00712429
0.000531084
0.00386518
0.00819495
0.00580498
0.00298187
0.00812064
0.0048856
0.00368708
0.00223026
0.00238527
0.00239899
0.00311835
0.0030773
0.00381188
0.00413254
0.00443956
0.00506975
0.00568649
0.00640467
0.0069936
0.000578079
0.00387524
0.00813831
0.00579351
0.00306183
0.00798226
0.00491768
0.00368301
0.00228358
0.0023974
0.00246899
0.00308471
0.00308671
0.00379776
0.00411147
0.00441128
0.00502397
0.00561345
0.00629551
0.00686287
0.00062604
0.00388574
0.0080803
0.00578225
0.00314269
0.00784237
0.00495064
0.00367649
0.0023404
0.00241036
0.00253394
0.00305879
0.00308857
0.00378654
0.00406587
0.00437837
0.00497473
0.0055362
0.00618322
0.0067334
0.000675018
0.00389658
0.00802103
0.00577108
0.00322432
0.00770102
0.00498435
0.00366785
0.00239968
0.00242558
0.00259253
0.00304106
0.00308307
0.00377704
0.00402637
0.00433999
0.00492277
0.00545458
0.00606637
0.00660556
0.000725107
0.00390762
0.0079606
0.00575982
0.00330662
0.00755837
0.00501866
0.00365751
0.00246025
0.00244449
0.00264365
0.00303149
0.00307116
0.00376806
0.0039973
0.00429414
0.00486798
0.00537138
0.00594499
0.00647774
0.000776421
0.00391877
0.00789912
0.0057483
0.00338948
0.0074147
0.00505334
0.00364593
0.00252079
0.00246867
0.0026866
0.00302956
0.0030541
0.00375726
0.00397242
0.00424025
0.00480776
0.00528975
0.00582211
0.00634836
0.000829071
0.00392992
0.00783675
0.00573635
0.00347281
0.00727039
0.00508817
0.0036339
0.00257974
0.00249915
0.00272125
0.00303449
0.00303311
0.00374166
0.00395651
0.00417953
0.00473947
0.00521053
0.00570148
0.00621778
0.000883161
0.00394097
0.00777365
0.0057239
0.00355644
0.00712587
0.00512293
0.00362246
0.00263553
0.00253636
0.00274766
0.00304519
0.00301031
0.00371914
0.00396036
0.00411394
0.0046612
0.00513205
0.00558589
0.00608794
0.000938789
0.00395182
0.00770997
0.00571092
0.00364016
0.00698168
0.0051572
0.00361248
0.00268697
0.0025808
0.00276616
0.00306021
0.00298754
0.00368771
0.00395466
0.00404683
0.00457317
0.00505145
0.00547629
0.00595979
0.000996046
0.00396236
0.00764587
0.00569738
0.00372372
0.00683845
0.00519026
0.00360498
0.00273291
0.00263277
0.00277757
0.00307789
0.00296602
0.0036464
0.00394086
0.00398015
0.00447921
0.00496896
0.00537471
0.00583248
0.00105499
0.00397252
0.00758149
0.0056833
0.00380671
0.00669695
0.00522123
0.00360099
0.00277249
0.00269218
0.0027827
0.00309662
0.0029469
0.0035966
0.00391294
0.00391099
0.00437465
0.00488774
0.00529228
0.00570651
0.0011157
0.00398217
0.00751691
0.00566882
0.00388863
0.00655808
0.00524918
0.00360097
0.00280487
0.00275897
0.00278372
0.00311356
0.00293289
0.00353869
0.00387078
0.00383305
0.00425827
0.004802
0.00523389
0.00558679
0.00117819
0.00399124
0.0074521
0.00565402
0.00396892
0.00642272
0.00527328
0.0036056
0.00282933
0.00283101
0.00278553
0.00312376
0.00292815
0.00347302
0.00382494
0.00376169
0.00413417
0.00469285
0.00514637
0.00548404
0.00124252
0.0039997
0.00738698
0.00563897
0.00404709
0.00629148
0.00529262
0.00361561
0.00284702
0.00290356
0.00279178
0.00312318
0.00293319
0.0034004
0.00378025
0.00369287
0.00400027
0.00454195
0.00502999
0.00540559
0.00130887
0.00400725
0.00732174
0.00562371
0.00412314
0.006164
0.00530659
0.00363093
0.00286053
0.00297767
0.00280338
0.00311145
0.00294593
0.00332513
0.00373652
0.00363865
0.00386459
0.0043776
0.00485878
0.00534169
0.00137706
0.00401405
0.00725597
0.00560887
0.00419581
0.00604247
0.00531471
0.00365161
0.00286547
0.00305591
0.00282218
0.00309321
0.00295784
0.00325809
0.00364819
0.00353144
0.00372583
0.00423334
0.00475064
0.00527895
0.00144706
0.00402027
0.0071893
0.0055947
0.00426403
0.00592871
0.00531542
0.00367888
0.00285623
0.00313273
0.00285067
0.00306991
0.00296243
0.003188
0.00353201
0.00339181
0.00358025
0.00409853
0.00471279
0.00521512
0.00151943
0.00402524
0.00712226
0.00558096
0.00432942
0.00581805
0.00530953
0.00371104
0.0028744
0.00320022
0.00288866
0.00303956
0.00295789
0.00310416
0.003428
0.003328
0.00346857
0.00395417
0.00451815
0.00515196
0.00159366
0.0040294
0.00705398
0.00556919
0.00438981
0.00571474
0.00529751
0.003748
0.00287353
0.00326782
0.00293382
0.00300531
0.00294279
0.00301755
0.00330379
0.0032187
0.00334784
0.00382247
0.00441352
0.00508935
0.00166967
0.0040332
0.00698376
0.00555957
0.00444429
0.00562157
0.00527741
0.00379052
0.00283152
0.0033311
0.00298865
0.00296419
0.00291864
0.00294367
0.00314391
0.00306265
0.0032163
0.00369872
0.00441561
0.00502685
0.00174837
0.00403564
0.00691225
0.00555119
0.00449668
0.00552872
0.00525315
0.00383261
0.00284222
0.00337082
0.00305184
0.00291652
0.00288784
0.00287027
0.00305122
0.00299441
0.00309738
0.00352673
0.00415973
0.00496671
0.00182874
0.00403805
0.00683797
0.00554626
0.0045436
0.00544239
0.00522611
0.00387516
0.00284899
0.00340076
0.00311628
0.00286905
0.00284719
0.00280816
0.00294931
0.00286425
0.00293512
0.00337007
0.00403377
0.00490886
0.00191093
0.00404059
0.0067605
0.00554449
0.00458518
0.00536507
0.0051934
0.00392129
0.00283429
0.00342663
0.00318012
0.00282409
0.00279441
0.00275842
0.00283083
0.00271646
0.00272022
0.00321732
0.00404881
0.00484754
0.00199581
0.00404208
0.00668071
0.00554409
0.00462668
0.00528586
0.00515934
0.00396564
0.00283546
0.00343692
0.00324376
0.00278409
0.00273245
0.00270269
0.00273225
0.00259938
0.00262651
0.00303268
0.00376402
0.00478636
0.00208195
0.00404482
0.00659661
0.0055476
0.00466411
0.00520977
0.00512586
0.0040078
0.00284325
0.0034299
0.00330461
0.00275452
0.002661
0.00264327
0.00265044
0.00247934
0.00248616
0.00282132
0.00356475
0.00473778
0.00216998
0.00404838
0.00650878
0.00555257
0.00470046
0.00513825
0.00508737
0.00405326
0.00284004
0.00340929
0.00336326
0.0027363
0.00258047
0.00259265
0.00257153
0.00235861
0.00232225
0.00264112
0.00343962
0.00468455
0.00226018
0.00405219
0.00641734
0.00555806
0.00473956
0.00506456
0.00504509
0.00410177
0.00283717
0.00337579
0.00341596
0.00272891
0.00249753
0.00252215
0.00249813
0.00224425
0.00216619
0.0024922
0.00330545
0.00462431
0.00235141
0.00405795
0.00632163
0.0055649
0.00477907
0.00499175
0.00500142
0.00414818
0.00284145
0.00332706
0.00345697
0.00273674
0.00241875
0.00243287
0.00242668
0.00214077
0.00201843
0.00234067
0.00318082
0.00456595
0.00244416
0.00406536
0.00622292
0.00556932
0.00482234
0.00492291
0.00494963
0.00419337
0.00285281
0.00326168
0.0034875
0.0027596
0.00234324
0.00232624
0.00234969
0.00205622
0.00188471
0.00219797
0.00305362
0.00451043
0.00253814
0.0040747
0.00612067
0.00557153
0.00487032
0.00485487
0.00488978
0.00423844
0.0028634
0.00318343
0.00350337
0.00279206
0.00227619
0.00220982
0.0022671
0.00199077
0.00176594
0.00205291
0.00292865
0.00445504
0.00263291
0.00408611
0.00601646
0.00557016
0.00492051
0.0047919
0.00482473
0.00427749
0.0028619
0.0030979
0.00350237
0.00283359
0.00222485
0.00209061
0.0021693
0.00192929
0.0016621
0.00191405
0.00280671
0.00440358
0.00272844
0.00410005
0.00591134
0.00556271
0.00497397
0.00473602
0.00475082
0.00430871
0.00290005
0.00300875
0.003481
0.00287897
0.0021874
0.00197165
0.00204963
0.0018668
0.00158407
0.00179556
0.00269187
0.00435217
0.00282442
0.00411674
0.00580552
0.00554911
0.00502854
0.00468714
0.00466992
0.00433276
0.00295033
0.0029156
0.0034355
0.00292485
0.00217041
0.00185665
0.00191376
0.00180452
0.00152877
0.00169627
0.00258608
0.00429481
0.00292071
0.00413602
0.00570099
0.00552768
0.0050819
0.00464827
0.00458429
0.00434605
0.00300898
0.0028266
0.00337099
0.00297046
0.00216663
0.00175082
0.00176831
0.00173072
0.0014871
0.0016235
0.00249323
0.00423573
0.00301702
0.00415831
0.00559829
0.00549779
0.00513304
0.00461951
0.00449491
0.0043467
0.00307514
0.00274833
0.00328662
0.00300113
0.00217527
0.00166289
0.00162249
0.00164214
0.00145803
0.00157992
0.00241437
0.00417324
0.00311317
0.00418353
0.00549884
0.00545882
0.00518017
0.00460167
0.00440469
0.00433435
0.00314721
0.00268199
0.00318216
0.00301555
0.00219731
0.00159964
0.00148208
0.00153426
0.001426
0.00154915
0.00234997
0.00412569
0.0032089
0.00421177
0.00540369
0.00541053
0.00522159
0.00459427
0.00431539
0.0043089
0.00322128
0.00263127
0.00306481
0.00301307
0.00222882
0.0015553
0.00134535
0.0014084
0.00138065
0.00152928
0.0023279
0.00410897
0.0033038
0.00424332
0.00531386
0.0053538
0.0052523
0.0045953
0.00422973
0.00427126
0.00329411
0.00259986
0.00294036
0.00298829
0.00226038
0.00152346
0.00122299
0.00127861
0.00132354
0.00153004
0.0023445
0.00410133
0.00339757
0.00427863
0.00523066
0.00528882
0.00527235
0.00460295
0.00414962
0.00422256
0.00336299
0.00258812
0.00281355
0.00293919
0.00228654
0.00150784
0.00112442
0.00114745
0.00125762
0.00153564
0.00236577
0.0041012
0.00349006
0.00431704
0.00515474
0.00521745
0.00527939
0.00461365
0.00407666
0.00416535
0.0034255
0.00259506
0.00269
0.00286665
0.00230701
0.00150797
0.001044
0.0010205
0.00118277
0.00152302
0.0023861
0.00412658
0.00358107
0.00436156
0.00508722
0.00514083
0.00527093
0.00462443
0.00401313
0.0041022
0.00347924
0.00261853
0.00257589
0.00277462
0.0023174
0.00151623
0.000981586
0.000904653
0.0010949
0.00149597
0.00241437
0.00416889
0.00367043
0.0044069
0.00502883
0.00506096
0.00524591
0.00463276
0.00396058
0.00403521
0.00352166
0.00265503
0.00247758
0.00266712
0.00231087
0.00152955
0.000938823
0.000800711
0.00100295
0.00146559
0.00243745
0.00420921
0.00375832
0.00445023
0.00498016
0.00497969
0.00520108
0.00464025
0.00392039
0.00396548
0.0035494
0.0026999
0.00239847
0.00254877
0.00228556
0.00154595
0.000912623
0.000712698
0.000914708
0.00142615
0.00244313
0.00424351
0.00384449
0.00449301
0.00494012
0.00489724
0.00514496
0.00464802
0.00389249
0.00389388
0.00356046
0.00274755
0.00233962
0.00242662
0.00224083
0.00156023
0.000900401
0.000642373
0.000829293
0.00137541
0.00243553
0.00427349
0.00392886
0.00453442
0.00490713
0.00481784
0.0050803
0.00465195
0.00387407
0.00382219
0.00355585
0.00279282
0.00230013
0.0023073
0.00217701
0.00156839
0.000899648
0.000587448
0.00074746
0.00131863
0.00242142
0.00429894
0.00401144
0.00457384
0.00488051
0.0047443
0.00500756
0.00464807
0.00386335
0.00375331
0.00353769
0.00283162
0.00227662
0.00219646
0.00209786
0.00156683
0.000905454
0.000545964
0.000673025
0.00126144
0.00240436
0.00432027
0.00409205
0.00461115
0.00485973
0.00467748
0.00492742
0.00463497
0.00385908
0.00368914
0.00350797
0.00286135
0.00226519
0.00209871
0.00200871
0.00155149
0.000913915
0.000518683
0.0006092
0.0012053
0.00238324
0.00433715
0.00417071
0.0046462
0.00484374
0.00461804
0.00484235
0.00461169
0.00385862
0.003631
0.00346965
0.00288121
0.00226225
0.00201569
0.00191434
0.00152121
0.000922943
0.000504192
0.000555093
0.00114879
0.00235699
0.00435113
0.00424743
0.00467884
0.00483154
0.00456643
0.00475488
0.00457786
0.00385942
0.00357969
0.00342529
0.00289115
0.00226395
0.00194594
0.00181907
0.00147816
0.000928605
0.000498742
0.000510978
0.00109403
0.00232751
0.00436328
0.0043222
0.00470912
0.00482211
0.00452278
0.004667
0.0045338
0.00385896
0.00353484
0.00337708
0.00289184
0.0022677
0.00188787
0.00172699
0.00142471
0.000926444
0.00049999
0.00047842
0.00104356
0.00229495
0.00437135
0.00439503
0.00473714
0.0048145
0.00448678
0.00458079
0.00448043
0.00385485
0.00349572
0.0033273
0.00288407
0.00227132
0.00183997
0.00163982
0.00136263
0.000914544
0.000506075
0.00045804
0.000999948
0.00226063
0.00437393
0.00446591
0.00476292
0.0048079
0.00445792
0.00449805
0.004419
0.00384559
0.00346153
0.00327708
0.00286798
0.00227307
0.001801
0.00155815
0.00129476
0.000893414
0.000513753
0.000449229
0.00096646
0.00222722
0.00437106
0.00453481
0.00478671
0.00480152
0.00443543
0.00442022
0.00435104
0.00383002
0.00343068
0.00322687
0.00284482
0.00227238
0.0017701
0.00148305
0.00122425
0.000863018
0.000517834
0.000448914
0.000943592
0.0021975
0.00436542
0.00460161
0.00480879
0.00479496
0.00441793
0.00434809
0.00427873
0.00380756
0.00340118
0.00317759
0.00281643
0.00226827
0.00174562
0.00141531
0.00115262
0.000823249
0.00051512
0.000453815
0.00093127
0.00217556
0.00436011
0.00466617
0.00482944
0.00478789
0.00440516
0.00428231
0.00420395
0.00377796
0.00337182
0.00312967
0.00278344
0.00225952
0.00172604
0.0013555
0.00108099
0.000775783
0.000504446
0.000460405
0.000929043
0.00216341
0.00435593
0.00472834
0.004849
0.00477991
0.00439423
0.0042233
0.00412865
0.00374135
0.00334129
0.00308281
0.00274652
0.00224574
0.00170925
0.00130383
0.00101164
0.000722997
0.00048473
0.000464819
0.000933725
0.00215994
0.0043544
0.00478803
0.00486764
0.00477091
0.00438509
0.00417094
0.00405426
0.00369858
0.00330855
0.00303659
0.00270637
0.00222701
0.00169307
0.00125927
0.000946202
0.000666957
0.000456664
0.000463945
0.000940673
0.00216296
0.00435613
0.00484505
0.00488564
0.00476106
0.00437651
0.00412481
0.00398198
0.0036508
0.00327308
0.00299052
0.00266293
0.0022035
0.00167665
0.00122025
0.000884783
0.000608955
0.000421238
0.000455576
0.000946099
0.00216928
0.00435964
0.00489926
0.00490311
0.00475054
0.00436764
0.00408406
0.00391313
0.00359939
0.00323384
0.00294439
0.00261671
0.00217431
0.00165889
0.00118601
0.000827776
0.000549475
0.000378391
0.000437914
0.000946158
0.00217454
0.00436319
0.00495052
0.0049202
0.00473956
0.0043579
0.00404796
0.00384823
0.00354542
0.00319032
0.00289773
0.00256898
0.00213906
0.00163783
0.00115489
0.000775706
0.000489851
0.000329329
0.000410197
0.000937308
0.00217462
0.00436411
0.00499866
0.00493692
0.00472862
0.00434675
0.00401549
0.00378778
0.00349026
0.00314239
0.00284901
0.0025206
0.00209803
0.00161176
0.00112475
0.000727717
0.000431424
0.000275607
0.000372745
0.000917908
0.00216691
0.00436003
0.0050437
0.00495325
0.00471782
0.00433426
0.00398556
0.00373129
0.00343561
0.00309141
0.0027967
0.00247177
0.00205106
0.00157838
0.00109363
0.000683165
0.000375443
0.000218857
0.000326342
0.000886626
0.0021482
0.00434814
0.0050855
0.00496912
0.00470764
0.00432028
0.0039573
0.00367819
0.00338195
0.00303935
0.00274008
0.00242226
0.00200064
0.00153563
0.00105688
0.000638761
0.000321644
0.000161206
0.000273729
0.000844497
0.00211751
0.00432631
0.00512408
0.00498437
0.00469856
0.00430523
0.00392996
0.00362809
0.00332901
0.00298721
0.00267841
0.00237083
0.00195107
0.001486
0.00101199
0.000589238
0.000265928
0.000101069
0.000215563
0.000793097
0.00207567
0.00429407
0.00515943
0.00499898
0.00469034
0.00428913
0.00390353
0.0035811
0.00327597
0.00293603
0.00261234
0.0023131
0.00190206
0.00143309
0.000961402
0.000533724
0.000205012
3.56584e-05
0.000150075
0.000731798
0.0020221
0.00425048
0.00519162
0.00501279
0.00468333
0.00427242
0.00387725
0.00353709
0.00322235
0.00288656
0.0025459
0.00224642
0.00185031
0.00137776
0.000905103
0.000472281
0.000137686
-3.65878e-05
7.57124e-05
0.00065922
0.00195522
0.00419328
0.00522062
0.00502576
0.00467753
0.00425565
0.00385089
0.00349572
0.00316747
0.00283679
0.00248242
0.00217254
0.00179318
0.00132065
0.000843715
0.000405185
6.41483e-05
-0.000116123
-8.71084e-06
0.000573346
0.00187188
0.00411804
0.00524652
0.00503774
0.00467291
0.00423921
0.00382395
0.00345715
0.00311267
0.00278403
0.00242297
0.00209436
0.00172731
0.00126049
0.000778671
0.000333735
-1.45669e-05
-0.000200702
-0.000100596
0.000475612
0.00177143
0.00402087
0.0052695
0.00504885
0.00466891
0.00422445
0.00379733
0.00341927
0.00305784
0.00272657
0.00236724
0.00201719
0.00165247
0.00119425
0.000708025
0.000255872
-0.000100923
-0.0002926
-0.000198873
0.000370729
0.00165992
0.00390564
0.00528943
0.00505947
0.00466417
0.00421061
0.0037724
0.00338305
0.00300379
0.00266252
0.00231064
0.00194474
0.0015729
0.00112152
0.000630554
0.000169084
-0.000199786
-0.000399404
-0.000312043
0.000252917
0.00153716
0.00377645
0.00530531
0.00506998
0.00466313
0.00419801
0.00374741
0.00334747
0.00295299
0.00259478
0.00224776
0.00187486
0.0014899
0.00104222
0.000547432
7.51806e-05
-0.000309327
-0.000521503
-0.000443265
0.000114341
0.00139271
0.00362777
0.00531454
0.00507798
0.00466136
0.0041877
0.00372217
0.0033085
0.00290323
0.00252918
0.0021811
0.00180555
0.00140551
0.000956569
0.000458179
-2.61621e-05
-0.00043019
-0.000660915
-0.000595868
-4.86351e-05
0.00122119
0.00345107
0.00534108
0.00509233
0.00466872
0.00418728
0.00370064
0.00326655
0.00284923
0.00246669
0.00211775
0.00174383
0.00132839
0.000870901
0.000365781
-0.000134254
-0.000562074
-0.000820343
-0.000780698
-0.00025056
0.00100935
0.00323372
0.00530773
0.00510073
0.004679
0.0041844
0.00367938
0.00321764
0.00278988
0.00240493
0.00205854
0.00169816
0.00128454
0.000814961
0.000290157
-0.00023864
-0.00070308
-0.00100581
-0.00101027
-0.000518498
0.000705812
0.00289603
0.00534777
0.00511246
0.00469346
0.00417783
0.00364
0.003138
0.00269542
0.00231828
0.00199173
0.00167086
0.00128792
0.0008332
0.000319187
-0.00020102
-0.000673404
-0.00101605
-0.00109453
-0.000712546
0.000390003
0.00245327
0.00529508
0.00513152
0.00469364
0.00424474
0.00371117
0.00310186
0.002562
0.0021733
0.00180839
0.00147429
0.00106554
0.000607055
0.000103296
-0.000363713
-0.000732302
-0.000922057
-0.000857738
-0.000377114
0.000766843
0.00281455
0.00542123
0.00509038
0.00466318
0.00413751
0.0035887
0.00311391
0.0027113
0.0023897
0.00209455
0.00178074
0.00134585
0.000814446
0.000183901
-0.000530983
-0.00127254
-0.00192656
-0.00231813
-0.00223453
-0.00125913
0.000529097
0.00563566
0.00500735
0.00449426
0.00400431
0.00352977
0.00289128
0.00228636
0.00183372
0.00152752
0.00128102
0.000960768
0.000591534
0.00038291
0.000491598
0.00099028
0.00180102
0.00273542
0.00350399
0.00359131
0.00297153
0.00561659
0.00502087
0.00447824
0.00404034
0.00372131
0.00342127
0.00305868
0.00268824
0.00232301
0.00180695
0.001143
0.000334507
-0.000585178
-0.00156105
-0.00253268
-0.00341453
-0.00404853
-0.00420568
-0.00361326
-0.00200062
0.00577794
0.00497347
0.00441483
0.00397264
0.00361185
0.00310149
0.00255001
0.0019396
0.00143814
0.00116706
0.000847246
0.000376986
-3.90298e-05
-0.000249507
-0.000147928
0.000270192
0.000907924
0.00148348
0.00160523
0.00090195
0.00577347
0.0049497
0.00437904
0.00403404
0.00388613
0.00374785
0.00352882
0.00321167
0.00279495
0.00208584
0.00102469
-0.000361775
-0.00198175
-0.0036822
-0.00525602
-0.0065157
-0.00729295
-0.0074084
-0.0066449
-0.00481042
0.0122326
0.00155945
-0.00229912
-0.00117102
0.000572618
0.00206096
0.00344267
0.00474251
0.00584312
0.00671187
0.00760632
0.00876454
0.0100039
0.0110521
0.0119572
0.0128579
0.0136556
0.0144284
0.0155763
0.0168979
0.0180926
0.0193116
0.0205855
0.021793
0.0230471
0.0244138
0.0258062
0.027226
0.02875
0.0303711
0.0319934
0.0336572
0.0353636
0.0371835
0.0390519
0.0410537
0.0430824
0.0451579
0.0473104
0.0495076
0.051836
0.0541704
0.0566417
0.059115
0.0617087
0.0644238
0.0671187
0.0700335
0.0725958
0.0753
0.0120143
0.00161937
-0.00225487
-0.00115437
0.000580793
0.0020661
0.00344641
0.00474557
0.00584583
0.00671423
0.00760828
0.00876618
0.0100054
0.0110534
0.0119584
0.012859
0.0136566
0.0144292
0.015577
0.0168986
0.0180932
0.0193122
0.020586
0.0217934
0.0230475
0.0244142
0.0258065
0.0272263
0.0287502
0.0303714
0.0319937
0.0336574
0.0353638
0.0371837
0.039052
0.0410539
0.0430825
0.045158
0.0473105
0.0495078
0.0518361
0.0541705
0.0566418
0.0591151
0.0617088
0.0644239
0.0671188
0.0700335
0.0725958
0.0753
0.0117422
0.00170897
-0.00218602
-0.00113146
0.000590918
0.00207196
0.00345031
0.00474853
0.00584832
0.00671636
0.00761003
0.00876768
0.0100068
0.0110547
0.0119595
0.01286
0.0136575
0.0144299
0.0155776
0.0168992
0.0180938
0.0193127
0.0205865
0.0217938
0.0230478
0.0244145
0.0258068
0.0272265
0.0287505
0.0303716
0.0319939
0.0336576
0.035364
0.0371838
0.0390522
0.041054
0.0430827
0.0451581
0.0473107
0.0495079
0.0518362
0.0541706
0.0566419
0.0591152
0.0617089
0.064424
0.0671188
0.0700336
0.0725959
0.0753001
0.0114921
0.00182828
-0.00208412
-0.00109457
0.000606734
0.00208046
0.00345545
0.00475199
0.00585097
0.00671861
0.00761192
0.00876927
0.0100082
0.011056
0.0119607
0.012861
0.0136584
0.0144306
0.0155782
0.0168999
0.0180944
0.0193132
0.0205869
0.0217943
0.0230482
0.0244148
0.0258071
0.0272268
0.0287507
0.0303718
0.0319941
0.0336578
0.0353642
0.037184
0.0390524
0.0410542
0.0430828
0.0451583
0.0473108
0.049508
0.0518363
0.0541707
0.056642
0.0591153
0.061709
0.064424
0.0671189
0.0700337
0.0725959
0.0753001
0.0112613
0.00196789
-0.00195442
-0.00104252
0.000630208
0.00209305
0.00346274
0.00475648
0.00585412
0.00672126
0.00761423
0.00877115
0.0100097
0.0110574
0.011962
0.0128622
0.0136594
0.0144313
0.0155789
0.0169007
0.018095
0.0193137
0.0205875
0.0217947
0.0230485
0.0244152
0.0258075
0.0272271
0.028751
0.030372
0.0319943
0.033658
0.0353643
0.0371842
0.0390525
0.0410543
0.043083
0.0451584
0.0473109
0.0495081
0.0518364
0.0541708
0.0566421
0.0591154
0.0617091
0.0644241
0.067119
0.0700337
0.072596
0.0753002
0.0110331
0.00211648
-0.00180914
-0.000979907
0.000660339
0.00210978
0.00347238
0.00476223
0.00585797
0.00672455
0.00761717
0.0087734
0.0100113
0.0110589
0.0119634
0.0128636
0.0136605
0.0144321
0.0155797
0.0169015
0.0180957
0.0193143
0.020588
0.0217952
0.023049
0.0244156
0.0258078
0.0272274
0.0287512
0.0303723
0.0319946
0.0336582
0.0353645
0.0371844
0.0390527
0.0410545
0.0430831
0.0451586
0.047311
0.0495082
0.0518366
0.0541709
0.0566422
0.0591155
0.0617091
0.0644242
0.0671191
0.0700338
0.0725962
0.0753003
0.0108
0.00226791
-0.0016556
-0.000911261
0.000694849
0.00212967
0.00348398
0.00476915
0.00586265
0.00672868
0.00762094
0.00877609
0.010013
0.0110603
0.0119649
0.0128651
0.0136619
0.0144331
0.0155806
0.0169025
0.0180964
0.0193149
0.0205887
0.0217958
0.0230494
0.024416
0.0258082
0.0272277
0.0287516
0.0303726
0.0319948
0.0336584
0.0353647
0.0371846
0.0390529
0.0410547
0.0430833
0.0451587
0.0473112
0.0495084
0.0518367
0.054171
0.0566423
0.0591156
0.0617092
0.0644243
0.0671192
0.070034
0.0725964
0.0753005
0.0105612
0.00242026
-0.00149593
-0.000838696
0.000732017
0.00215165
0.00349693
0.00477693
0.0058681
0.00673373
0.00762561
0.00877929
0.0100147
0.0110616
0.0119664
0.0128667
0.0136636
0.0144345
0.0155819
0.0169037
0.0180973
0.0193156
0.0205894
0.0217965
0.02305
0.0244166
0.0258087
0.0272281
0.0287519
0.030373
0.0319951
0.0336587
0.035365
0.0371848
0.0390531
0.0410549
0.0430835
0.0451589
0.0473113
0.0495085
0.0518368
0.0541712
0.0566424
0.0591157
0.0617093
0.0644244
0.0671193
0.0700341
0.0725966
0.0753007
0.0103181
0.00257329
-0.00132995
-0.000762728
0.000770922
0.00217503
0.00351081
0.00478531
0.00587415
0.0067396
0.00763115
0.00878301
0.0100164
0.0110628
0.0119678
0.0128683
0.0136653
0.0144362
0.0155837
0.0169052
0.0180982
0.0193164
0.0205902
0.0217972
0.0230507
0.0244172
0.0258092
0.0272286
0.0287523
0.0303733
0.0319955
0.033659
0.0353652
0.037185
0.0390533
0.0410551
0.0430837
0.045159
0.0473115
0.0495087
0.051837
0.0541713
0.0566426
0.0591158
0.0617094
0.0644245
0.0671194
0.0700342
0.0725969
0.075301
0.0100731
0.00272698
-0.00115725
-0.000683427
0.000811072
0.00219942
0.00352544
0.00479415
0.00588063
0.00674609
0.00763741
0.00878717
0.0100182
0.0110638
0.0119689
0.0128697
0.0136671
0.0144383
0.0155859
0.0169071
0.0180992
0.0193171
0.020591
0.021798
0.0230514
0.0244179
0.0258099
0.0272292
0.0287528
0.0303738
0.0319959
0.0336593
0.0353655
0.0371852
0.0390535
0.0410553
0.0430839
0.0451592
0.0473117
0.0495088
0.0518371
0.0541715
0.0566427
0.0591159
0.0617096
0.0644247
0.0671195
0.0700344
0.0725974
0.0753013
0.00982852
0.0028808
-0.000978117
-0.000600956
0.000852119
0.0022246
0.00354075
0.00480346
0.00588744
0.00675301
0.0076442
0.00879171
0.01002
0.0110647
0.0119698
0.0128708
0.0136687
0.0144404
0.0155888
0.0169096
0.0181006
0.0193179
0.0205917
0.0217987
0.0230522
0.0244187
0.0258107
0.0272298
0.0287534
0.0303743
0.0319964
0.0336597
0.0353658
0.0371855
0.0390537
0.0410555
0.0430841
0.0451594
0.0473119
0.049509
0.0518373
0.0541716
0.0566429
0.0591161
0.0617097
0.0644248
0.0671197
0.0700347
0.0725979
0.0753017
0.00958634
0.0030338
-0.000793289
-0.000515526
0.00089379
0.00225041
0.00355674
0.00481327
0.00589458
0.00676023
0.00765136
0.00879652
0.0100219
0.0110654
0.0119706
0.0128715
0.0136699
0.0144425
0.015592
0.0169127
0.0181022
0.0193186
0.0205923
0.0217994
0.0230531
0.0244196
0.0258116
0.0272307
0.0287541
0.0303749
0.0319969
0.0336602
0.0353662
0.0371858
0.039054
0.0410558
0.0430843
0.0451596
0.0473121
0.0495092
0.0518375
0.0541718
0.056643
0.0591163
0.0617099
0.064425
0.0671199
0.0700349
0.0725985
0.0753023
0.00934811
0.00318494
-0.000603493
-0.000427228
0.000935894
0.00227673
0.00357344
0.00482366
0.00590206
0.00676771
0.00765882
0.00880157
0.0100237
0.0110661
0.0119711
0.012872
0.0136707
0.0144443
0.0155954
0.0169164
0.0181042
0.0193195
0.0205928
0.0218
0.0230539
0.0244206
0.0258126
0.0272316
0.0287549
0.0303756
0.0319975
0.0336608
0.0353667
0.0371862
0.0390542
0.041056
0.0430846
0.0451598
0.0473123
0.0495094
0.0518377
0.054172
0.0566433
0.0591165
0.06171
0.0644252
0.0671201
0.0700352
0.0725993
0.0753029
0.00911486
0.00333344
-0.000409195
-0.000335957
0.000978342
0.00230344
0.00359085
0.00483467
0.00590992
0.00677546
0.00766656
0.00880685
0.0100255
0.0110665
0.0119715
0.0128722
0.0136711
0.0144457
0.0155987
0.0169204
0.0181066
0.0193203
0.0205931
0.0218004
0.0230546
0.0244215
0.0258136
0.0272327
0.0287559
0.0303764
0.0319982
0.0336615
0.0353673
0.0371867
0.0390546
0.0410563
0.0430848
0.04516
0.0473125
0.0495096
0.0518379
0.0541722
0.0566435
0.0591167
0.0617103
0.0644254
0.0671203
0.0700356
0.0726002
0.0753037
0.0088872
0.00347876
-0.00021061
-0.000241434
0.00102113
0.00233048
0.00360901
0.00484637
0.00591823
0.0067835
0.00767459
0.00881237
0.0100273
0.0110667
0.0119716
0.0128722
0.0136712
0.0144466
0.0156016
0.0169245
0.0181091
0.0193212
0.0205933
0.0218007
0.0230553
0.0244225
0.0258147
0.0272338
0.0287571
0.0303772
0.0319988
0.0336622
0.035368
0.0371873
0.0390549
0.0410566
0.0430851
0.0451603
0.0473127
0.0495098
0.0518381
0.0541725
0.0566437
0.059117
0.0617105
0.0644257
0.0671206
0.070036
0.0726014
0.0753047
0.0086655
0.00362058
-7.78389e-06
-0.000143232
0.00106433
0.00235776
0.00362793
0.00485882
0.00592705
0.00679188
0.00768293
0.00881815
0.010029
0.0110667
0.0119715
0.0128721
0.0136711
0.0144472
0.015604
0.0169286
0.0181118
0.0193222
0.0205934
0.0218008
0.0230558
0.0244234
0.0258157
0.027235
0.0287583
0.0303782
0.0319995
0.033663
0.0353689
0.037188
0.0390554
0.0410569
0.0430853
0.0451605
0.0473129
0.04951
0.0518383
0.0541727
0.056644
0.0591173
0.0617109
0.0644261
0.067121
0.0700366
0.0726027
0.0753058
0.00844999
0.00375859
0.000199348
-4.08072e-05
0.00110806
0.00238521
0.00364762
0.00487208
0.00593643
0.00680062
0.00769159
0.00882418
0.0100308
0.0110663
0.0119712
0.0128718
0.0136709
0.0144477
0.0156058
0.0169323
0.0181145
0.019323
0.0205933
0.0218008
0.0230564
0.0244243
0.0258168
0.0272363
0.0287597
0.0303793
0.0320002
0.0336637
0.0353699
0.0371889
0.0390559
0.0410572
0.0430856
0.0451608
0.0473131
0.0495102
0.0518385
0.0541729
0.0566443
0.0591177
0.0617112
0.0644265
0.0671214
0.0700371
0.0726042
0.0753071
0.00824094
0.00389257
0.000410891
6.64694e-05
0.00115245
0.00241274
0.00366809
0.00488619
0.00594639
0.00680971
0.00770059
0.00883048
0.0100327
0.0110657
0.0119707
0.0128715
0.0136708
0.0144482
0.0156071
0.0169355
0.018117
0.0193239
0.0205931
0.0218008
0.0230569
0.0244253
0.0258178
0.0272375
0.0287611
0.0303805
0.0320009
0.0336644
0.0353708
0.0371899
0.0390565
0.0410575
0.0430859
0.045161
0.0473134
0.0495104
0.0518387
0.0541731
0.0566446
0.059118
0.0617117
0.0644269
0.0671219
0.0700378
0.072606
0.0753086
0.0080386
0.00402227
0.000626928
0.000179273
0.00119767
0.00244025
0.00368928
0.00490118
0.00595696
0.00681916
0.00770993
0.0088371
0.0100347
0.0110648
0.01197
0.0128713
0.0136711
0.0144492
0.0156081
0.0169382
0.0181194
0.0193247
0.0205929
0.0218007
0.0230576
0.0244263
0.025819
0.0272387
0.0287625
0.0303817
0.0320016
0.033665
0.0353718
0.0371911
0.0390572
0.0410578
0.0430861
0.0451613
0.0473137
0.0495107
0.0518389
0.0541733
0.0566449
0.0591184
0.0617122
0.0644275
0.0671225
0.0700386
0.0726079
0.0753103
0.00784309
0.00414745
0.000847445
0.000298292
0.00124394
0.00246761
0.00371114
0.00491706
0.00596815
0.00682895
0.00771962
0.00884408
0.0100371
0.0110638
0.0119691
0.0128712
0.0136719
0.0144509
0.0156091
0.0169403
0.0181217
0.0193255
0.0205926
0.0218008
0.0230584
0.0244274
0.0258201
0.02724
0.0287638
0.030383
0.0320023
0.0336656
0.0353727
0.0371923
0.039058
0.0410581
0.0430863
0.0451615
0.0473139
0.0495109
0.0518391
0.0541735
0.0566451
0.0591188
0.0617127
0.0644281
0.0671231
0.0700394
0.0726101
0.0753122
0.00765463
0.0042678
0.00107226
0.000424191
0.00129149
0.0024947
0.00373356
0.00493386
0.00597999
0.00683908
0.00772965
0.0088515
0.0100398
0.0110629
0.0119683
0.0128713
0.0136737
0.014454
0.0156107
0.0169422
0.0181239
0.0193264
0.0205925
0.0218011
0.0230594
0.0244286
0.0258214
0.0272414
0.0287652
0.0303842
0.032003
0.0336662
0.0353736
0.0371935
0.0390589
0.0410585
0.0430865
0.0451618
0.0473142
0.0495112
0.0518394
0.0541736
0.0566454
0.0591192
0.0617133
0.0644287
0.0671239
0.0700403
0.0726124
0.0753142
0.00747383
0.00438302
0.00130096
0.000557554
0.00134064
0.00252136
0.00375642
0.00495156
0.00599248
0.00684958
0.00774004
0.00885947
0.0100431
0.0110622
0.0119675
0.0128717
0.0136765
0.0144588
0.0156132
0.0169438
0.0181261
0.0193275
0.0205924
0.0218015
0.0230606
0.0244299
0.0258228
0.0272429
0.0287666
0.0303853
0.0320037
0.0336668
0.0353745
0.0371946
0.0390597
0.0410588
0.0430867
0.045162
0.0473145
0.0495115
0.0518396
0.0541738
0.0566456
0.0591196
0.0617139
0.0644294
0.0671246
0.0700414
0.072615
0.0753164
0.00730147
0.00449295
0.00153294
0.000698879
0.00139177
0.00254746
0.00377956
0.0049702
0.00600567
0.00686049
0.00775082
0.00886805
0.010047
0.0110619
0.011967
0.0128725
0.0136805
0.0144656
0.015617
0.0169452
0.0181281
0.0193286
0.0205924
0.0218022
0.0230622
0.0244312
0.0258242
0.0272445
0.028768
0.0303863
0.0320044
0.0336675
0.0353755
0.0371957
0.0390606
0.0410592
0.0430869
0.0451622
0.0473149
0.0495118
0.0518399
0.0541739
0.0566458
0.0591199
0.0617145
0.0644302
0.0671255
0.0700425
0.0726178
0.0753188
0.00713774
0.00459754
0.00176746
0.000848552
0.00144538
0.00257291
0.00380281
0.00498977
0.00601962
0.00687186
0.00776199
0.00887727
0.0100515
0.0110621
0.0119668
0.0128737
0.0136855
0.0144743
0.0156223
0.0169468
0.0181302
0.0193298
0.0205926
0.0218032
0.023064
0.0244326
0.0258257
0.0272464
0.0287695
0.0303872
0.0320051
0.0336682
0.0353765
0.0371968
0.0390615
0.0410595
0.0430871
0.0451625
0.0473152
0.0495121
0.0518401
0.0541741
0.056646
0.0591203
0.0617152
0.064431
0.0671264
0.0700437
0.0726207
0.0753213
0.00698213
0.00469674
0.00200364
0.00100682
0.00150205
0.00259766
0.00382599
0.00501027
0.00603439
0.00688373
0.00777354
0.00888708
0.0100566
0.0110626
0.0119668
0.0128752
0.0136914
0.0144848
0.0156289
0.0169483
0.0181322
0.019331
0.0205927
0.0218044
0.0230661
0.024434
0.0258273
0.0272485
0.0287711
0.030388
0.0320057
0.033669
0.0353777
0.0371979
0.0390625
0.0410599
0.0430873
0.0451628
0.0473155
0.0495124
0.0518404
0.0541743
0.0566463
0.0591207
0.0617158
0.0644319
0.0671274
0.0700449
0.0726238
0.0753239
0.00683417
0.00479056
0.00224054
0.00117381
0.00156245
0.00262168
0.00384885
0.00503168
0.00605008
0.00689613
0.00778549
0.00889744
0.0100623
0.0110635
0.0119671
0.012877
0.013698
0.0144967
0.0156367
0.01695
0.0181341
0.0193323
0.0205929
0.0218057
0.0230684
0.0244355
0.025829
0.0272507
0.0287729
0.0303888
0.0320064
0.0336698
0.035379
0.0371989
0.0390635
0.0410603
0.0430875
0.045163
0.0473159
0.0495127
0.0518407
0.0541744
0.0566465
0.0591211
0.0617165
0.0644327
0.0671284
0.0700463
0.0726271
0.0753267
0.00669394
0.00487921
0.00247708
0.00134946
0.0016274
0.00264502
0.00387108
0.00505394
0.00606674
0.00690912
0.00779785
0.0089083
0.0100684
0.0110648
0.0119676
0.0128791
0.0137051
0.0145096
0.0156453
0.0169517
0.0181361
0.0193337
0.0205931
0.0218073
0.0230708
0.024437
0.0258307
0.0272531
0.0287748
0.0303896
0.032007
0.0336708
0.0353805
0.0372001
0.0390646
0.0410607
0.0430878
0.0451634
0.0473162
0.0495131
0.051841
0.0541746
0.0566468
0.0591215
0.0617173
0.0644336
0.0671294
0.0700476
0.0726306
0.0753296
0.00656179
0.00496326
0.00271203
0.00153343
0.00169788
0.00266789
0.00389239
0.00507689
0.00608442
0.00692274
0.00781067
0.00891963
0.010075
0.0110664
0.0119683
0.0128814
0.0137125
0.0145233
0.0156544
0.0169534
0.018138
0.019335
0.0205934
0.021809
0.0230734
0.0244386
0.0258326
0.0272557
0.0287767
0.0303904
0.0320077
0.0336719
0.035382
0.0372013
0.0390658
0.0410613
0.043088
0.0451637
0.0473166
0.0495134
0.0518412
0.0541748
0.0566471
0.059122
0.061718
0.0644345
0.0671305
0.0700491
0.0726341
0.0753327
0.00643746
0.00504334
0.00294406
0.00172505
0.00177488
0.00269072
0.00391259
0.00510043
0.00610318
0.00693705
0.00782393
0.00893141
0.010082
0.0110682
0.0119693
0.012884
0.0137203
0.0145373
0.0156638
0.0169552
0.01814
0.0193364
0.0205936
0.0218108
0.023076
0.0244403
0.0258345
0.0272584
0.0287788
0.0303914
0.0320085
0.0336731
0.0353836
0.0372026
0.0390671
0.0410619
0.0430883
0.0451641
0.0473171
0.0495138
0.0518415
0.054175
0.0566474
0.0591226
0.0617188
0.0644354
0.0671316
0.0700506
0.0726379
0.0753359
0.00632133
0.00511998
0.00317182
0.00192316
0.00185907
0.00271388
0.00393147
0.00512446
0.00612318
0.00695213
0.00783764
0.00894359
0.0100893
0.0110703
0.0119706
0.0128869
0.0137282
0.0145516
0.0156734
0.0169571
0.018142
0.0193378
0.0205939
0.0218126
0.0230787
0.0244421
0.0258365
0.0272611
0.0287809
0.0303924
0.0320093
0.0336744
0.0353853
0.0372041
0.0390685
0.0410625
0.0430886
0.0451645
0.0473175
0.0495142
0.0518418
0.0541751
0.0566477
0.0591232
0.0617197
0.0644363
0.0671328
0.0700522
0.0726417
0.0753393
0.00621676
0.00519415
0.0033942
0.00212674
0.00195113
0.00273753
0.00394847
0.00514856
0.00614442
0.00696814
0.00785191
0.00895622
0.010097
0.0110727
0.0119722
0.0128901
0.0137364
0.0145661
0.0156831
0.0169591
0.0181441
0.0193393
0.0205942
0.0218146
0.0230815
0.0244439
0.0258385
0.0272639
0.0287831
0.0303935
0.0320102
0.0336758
0.035387
0.0372056
0.03907
0.0410633
0.043089
0.045165
0.047318
0.0495146
0.0518421
0.0541753
0.0566481
0.0591239
0.0617207
0.0644373
0.067134
0.0700538
0.0726458
0.0753428
0.00613078
0.00526789
0.00361017
0.00233497
0.00205239
0.00276268
0.0039634
0.00517217
0.00616661
0.00698499
0.00786675
0.00896935
0.0101051
0.0110754
0.011974
0.0128935
0.0137448
0.0145807
0.0156929
0.0169612
0.0181462
0.0193408
0.0205945
0.0218166
0.0230843
0.0244458
0.0258407
0.0272668
0.0287854
0.0303946
0.0320111
0.0336772
0.0353888
0.0372073
0.0390715
0.0410641
0.0430893
0.0451655
0.0473185
0.049515
0.0518424
0.0541754
0.0566485
0.0591246
0.0617216
0.0644383
0.0671352
0.0700556
0.07265
0.0753465
0.00606862
0.00534374
0.0038193
0.00254641
0.00216326
0.00279061
0.00397684
0.00519551
0.00619
0.00700277
0.00788204
0.00898283
0.0101136
0.0110785
0.0119761
0.0128969
0.0137534
0.0145953
0.0157027
0.0169634
0.0181485
0.0193424
0.0205949
0.0218187
0.0230872
0.0244478
0.0258429
0.0272697
0.0287877
0.0303959
0.0320121
0.0336788
0.0353906
0.037209
0.0390732
0.0410649
0.0430897
0.045166
0.047319
0.0495154
0.0518428
0.0541756
0.0566489
0.0591254
0.0617227
0.0644393
0.0671366
0.0700573
0.0726543
0.0753503
0.00602735
0.00542233
0.00402146
0.00276016
0.00228399
0.00282154
0.00398832
0.00521822
0.00621484
0.007022
0.00789822
0.00899687
0.0101224
0.0110818
0.0119786
0.012901
0.0137624
0.01461
0.0157127
0.0169659
0.0181509
0.019344
0.0205954
0.0218208
0.0230901
0.0244498
0.0258453
0.0272727
0.0287901
0.0303972
0.0320132
0.0336804
0.0353925
0.0372108
0.0390749
0.0410658
0.0430901
0.0451665
0.0473195
0.0495159
0.0518431
0.0541758
0.0566494
0.0591262
0.0617238
0.0644404
0.0671379
0.0700592
0.0726588
0.0753543
0.00599764
0.00550253
0.00421514
0.00297467
0.00241513
0.00285673
0.00399756
0.00523901
0.00624027
0.00704234
0.00791518
0.00901157
0.0101318
0.0110856
0.0119814
0.0129055
0.0137715
0.0146249
0.0157228
0.0169686
0.0181535
0.0193458
0.020596
0.021823
0.0230931
0.024452
0.0258477
0.0272758
0.0287925
0.0303986
0.0320144
0.0336821
0.0353944
0.0372128
0.0390766
0.0410667
0.0430906
0.0451671
0.0473201
0.0495164
0.0518435
0.0541759
0.0566499
0.059127
0.0617249
0.0644415
0.0671394
0.0700612
0.0726634
0.0753585
0.00597961
0.00558612
0.00439981
0.00318738
0.00255576
0.00289736
0.00400551
0.00525811
0.00626612
0.0070635
0.00793249
0.00902649
0.0101414
0.0110897
0.0119845
0.0129103
0.013781
0.0146398
0.015733
0.0169714
0.0181562
0.0193476
0.0205966
0.0218251
0.0230962
0.0244542
0.0258502
0.027279
0.0287951
0.0304001
0.0320156
0.0336839
0.0353964
0.0372147
0.0390784
0.0410677
0.0430911
0.0451677
0.0473207
0.0495169
0.0518439
0.0541761
0.0566504
0.0591279
0.0617261
0.0644427
0.0671409
0.0700632
0.0726682
0.0753629
0.00597814
0.00567661
0.00457776
0.00339766
0.0027055
0.00294431
0.00401249
0.00527539
0.00629296
0.00708658
0.0079512
0.00904232
0.0101517
0.0110943
0.011988
0.0129155
0.0137907
0.0146548
0.0157433
0.0169746
0.018159
0.0193496
0.0205973
0.0218274
0.0230993
0.0244566
0.0258528
0.0272823
0.0287977
0.0304017
0.0320169
0.0336857
0.0353985
0.0372168
0.0390802
0.0410687
0.0430916
0.0451683
0.0473213
0.0495174
0.0518443
0.0541763
0.0566509
0.0591288
0.0617273
0.064444
0.0671426
0.0700654
0.0726732
0.0753674
0.00598724
0.00577265
0.00474818
0.00360374
0.00286358
0.00299932
0.0040192
0.0052902
0.00631994
0.00711118
0.00797101
0.00905886
0.0101625
0.0110993
0.0119919
0.012921
0.0138008
0.0146699
0.0157539
0.016978
0.018162
0.0193516
0.0205981
0.0218297
0.0231025
0.0244591
0.0258555
0.0272856
0.0288004
0.0304033
0.0320182
0.0336876
0.0354006
0.0372189
0.0390821
0.0410697
0.0430921
0.045169
0.047322
0.0495179
0.0518448
0.0541766
0.0566515
0.0591298
0.0617286
0.0644453
0.0671442
0.0700676
0.0726783
0.0753722
0.00600752
0.0058747
0.0049117
0.00380412
0.00302837
0.00306352
0.00402646
0.0053021
0.00634581
0.00713615
0.00799113
0.00907552
0.0101736
0.0111047
0.0119961
0.0129269
0.013811
0.0146851
0.0157646
0.0169816
0.0181651
0.0193537
0.020599
0.021832
0.0231058
0.0244616
0.0258583
0.027289
0.0288032
0.030405
0.0320197
0.0336896
0.0354028
0.0372211
0.0390841
0.0410708
0.0430927
0.0451696
0.0473226
0.0495185
0.0518452
0.0541769
0.0566521
0.0591308
0.06173
0.0644466
0.067146
0.0700699
0.0726836
0.0753771
0.00604994
0.00598705
0.00507334
0.0039997
0.00319927
0.00313728
0.00403479
0.00531109
0.00637101
0.00716285
0.00801327
0.00909372
0.0101858
0.0111109
0.0120008
0.0129333
0.0138216
0.0147004
0.0157754
0.0169855
0.0181683
0.019356
0.0206
0.0218345
0.0231092
0.0244643
0.0258612
0.0272926
0.0288061
0.0304067
0.0320212
0.0336916
0.0354051
0.0372234
0.039086
0.0410719
0.0430932
0.0451703
0.0473233
0.049519
0.0518457
0.0541771
0.0566527
0.0591318
0.0617314
0.0644481
0.0671479
0.0700724
0.0726891
0.0753823
0.006103
0.0061075
0.00523175
0.00418678
0.00337247
0.00322126
0.00404636
0.00531848
0.00639573
0.00719098
0.00803685
0.00911274
0.0101984
0.0111175
0.0120059
0.0129399
0.0138326
0.0147159
0.0157866
0.0169898
0.0181717
0.0193583
0.0206012
0.021837
0.0231127
0.0244671
0.0258643
0.0272962
0.0288091
0.0304086
0.0320227
0.0336937
0.0354075
0.0372257
0.0390881
0.0410731
0.0430939
0.0451711
0.047324
0.0495196
0.0518462
0.0541774
0.0566534
0.0591328
0.0617328
0.0644495
0.0671498
0.0700749
0.0726947
0.0753876
0.0061641
0.0062336
0.00538496
0.00436414
0.00354677
0.00331639
0.00406209
0.00532302
0.00641761
0.00721858
0.00806073
0.00913202
0.0102114
0.0111244
0.0120112
0.012947
0.0138438
0.0147314
0.0157978
0.0169942
0.0181753
0.0193608
0.0206025
0.0218396
0.0231162
0.02447
0.0258675
0.0273
0.0288122
0.0304105
0.0320244
0.0336959
0.0354099
0.0372281
0.0390901
0.0410743
0.0430945
0.0451718
0.0473248
0.0495203
0.0518468
0.0541778
0.0566541
0.0591339
0.0617343
0.0644511
0.0671519
0.0700775
0.0727005
0.0753932
0.00625011
0.00636884
0.0055404
0.00453649
0.00372229
0.00342143
0.00408162
0.00532484
0.00643721
0.00724686
0.00808657
0.00915332
0.0102261
0.0111325
0.0120173
0.0129545
0.0138553
0.014747
0.0158091
0.0169989
0.018179
0.0193634
0.0206039
0.0218423
0.0231199
0.024473
0.0258707
0.0273038
0.0288154
0.0304126
0.0320261
0.0336982
0.0354124
0.0372306
0.0390923
0.0410756
0.0430952
0.0451726
0.0473256
0.0495209
0.0518474
0.0541781
0.0566548
0.0591351
0.0617359
0.0644527
0.067154
0.0700803
0.0727064
0.075399
0.00634861
0.00651183
0.00569878
0.00470145
0.00389442
0.00353566
0.00410811
0.00532724
0.00645615
0.00727568
0.00811359
0.00917572
0.0102414
0.0111408
0.0120236
0.0129624
0.0138671
0.0147628
0.0158208
0.017004
0.0181829
0.0193662
0.0206054
0.0218452
0.0231237
0.0244762
0.0258741
0.0273078
0.0288187
0.0304147
0.0320279
0.0337005
0.035415
0.0372331
0.0390945
0.0410769
0.0430959
0.0451735
0.0473264
0.0495216
0.051848
0.0541785
0.0566556
0.0591362
0.0617375
0.0644544
0.0671562
0.0700832
0.0727125
0.075405
0.00643956
0.0066558
0.00585592
0.00485798
0.00406346
0.00365976
0.00414281
0.00532912
0.0064717
0.00730267
0.00814052
0.00919889
0.0102577
0.0111501
0.0120306
0.0129708
0.0138793
0.0147787
0.0158325
0.0170093
0.018187
0.0193691
0.0206071
0.0218481
0.0231275
0.0244794
0.0258777
0.0273119
0.0288221
0.0304169
0.0320298
0.033703
0.0354177
0.0372357
0.0390968
0.0410783
0.0430967
0.0451744
0.0473272
0.0495223
0.0518486
0.054179
0.0566564
0.0591375
0.0617393
0.0644561
0.0671585
0.0700862
0.0727187
0.0754113
0.00652396
0.00679978
0.00601492
0.00501175
0.00422976
0.0037901
0.00418342
0.00533014
0.0064846
0.00732886
0.00816856
0.00922397
0.0102759
0.0111605
0.0120381
0.0129795
0.0138917
0.0147946
0.0158444
0.0170149
0.0181912
0.0193722
0.020609
0.0218512
0.0231315
0.0244829
0.0258813
0.027316
0.0288256
0.0304193
0.0320318
0.0337055
0.0354205
0.0372384
0.0390991
0.0410797
0.0430975
0.0451753
0.0473281
0.049523
0.0518493
0.0541794
0.0566573
0.0591388
0.061741
0.064458
0.067161
0.0700893
0.0727251
0.0754178
0.00660559
0.00694535
0.0061787
0.00516237
0.00438901
0.0039245
0.00423246
0.00533397
0.00649714
0.00735483
0.00819696
0.00925
0.0102951
0.0111716
0.0120459
0.0129886
0.0139045
0.0148107
0.0158566
0.0170209
0.0181957
0.0193754
0.0206111
0.0218544
0.0231356
0.0244864
0.0258851
0.0273203
0.0288292
0.0304217
0.0320339
0.0337081
0.0354234
0.0372412
0.0391015
0.0410812
0.0430984
0.0451762
0.047329
0.0495238
0.05185
0.0541799
0.0566583
0.0591401
0.0617429
0.0644599
0.0671635
0.0700926
0.0727316
0.0754245
0.00668635
0.0070922
0.00634391
0.00530897
0.00454272
0.00406473
0.00429144
0.00534056
0.00650788
0.00737871
0.00822429
0.00927655
0.0103159
0.0111842
0.0120548
0.0129983
0.0139176
0.0148268
0.0158689
0.0170271
0.0182004
0.0193789
0.0206133
0.0218577
0.0231398
0.0244901
0.0258891
0.0273248
0.028833
0.0304243
0.0320362
0.0337108
0.0354263
0.0372441
0.039104
0.0410827
0.0430993
0.0451772
0.04733
0.0495246
0.0518508
0.0541804
0.0566593
0.0591415
0.0617449
0.0644619
0.0671662
0.070096
0.0727383
0.0754315
0.00676628
0.00723753
0.0065095
0.00545617
0.004693
0.00420736
0.00435759
0.00534919
0.00651737
0.00740133
0.0082512
0.00930421
0.0103387
0.0111984
0.0120641
0.0130081
0.0139309
0.0148431
0.0158814
0.0170337
0.0182053
0.0193825
0.0206157
0.0218612
0.0231441
0.024494
0.0258931
0.0273293
0.0288369
0.030427
0.0320385
0.0337135
0.0354294
0.037247
0.0391065
0.0410843
0.0431002
0.0451782
0.047331
0.0495254
0.0518516
0.054181
0.0566603
0.0591429
0.0617469
0.0644639
0.0671689
0.0700995
0.0727451
0.0754388
0.00684529
0.00738097
0.00667731
0.00560441
0.00483665
0.00434936
0.00443131
0.00536179
0.00652721
0.00742341
0.00827739
0.0093321
0.0103629
0.0112138
0.0120743
0.0130185
0.0139446
0.0148596
0.0158941
0.0170406
0.0182104
0.0193863
0.0206184
0.0218648
0.0231485
0.024498
0.0258974
0.027334
0.0288409
0.0304298
0.032041
0.0337164
0.0354325
0.03725
0.0391091
0.041086
0.0431012
0.0451793
0.047332
0.0495263
0.0518524
0.0541816
0.0566614
0.0591444
0.061749
0.0644661
0.0671718
0.0701032
0.0727521
0.0754463
0.00691968
0.007523
0.006845
0.00575149
0.00497443
0.00449182
0.00451333
0.00537869
0.00653717
0.00744458
0.00830209
0.00935959
0.0103886
0.0112313
0.0120857
0.0130295
0.0139586
0.014876
0.0159069
0.0170478
0.0182159
0.0193903
0.0206212
0.0218686
0.0231531
0.0245021
0.0259017
0.0273388
0.0288451
0.0304328
0.0320436
0.0337194
0.0354357
0.0372532
0.0391118
0.0410878
0.0431023
0.0451804
0.0473331
0.0495272
0.0518534
0.0541822
0.0566626
0.0591459
0.0617512
0.0644684
0.0671749
0.070107
0.0727592
0.075454
0.00698807
0.00766305
0.00701094
0.00589948
0.00510842
0.00463333
0.00460193
0.00539981
0.00654785
0.00746552
0.00832551
0.00938659
0.0104159
0.0112508
0.0120982
0.0130408
0.0139728
0.0148926
0.01592
0.0170554
0.0182215
0.0193945
0.0206242
0.0218725
0.0231578
0.0245064
0.0259063
0.0273437
0.0288493
0.0304359
0.0320463
0.0337225
0.0354391
0.0372564
0.0391146
0.0410896
0.0431034
0.0451816
0.0473342
0.0495281
0.0518543
0.0541829
0.0566639
0.0591476
0.0617535
0.0644707
0.067178
0.0701111
0.0727664
0.075462
0.00704985
0.00779991
0.00717526
0.00604855
0.00523809
0.00477261
0.004697
0.00542579
0.00655951
0.00748663
0.00834782
0.00941263
0.0104443
0.011272
0.0121118
0.013053
0.0139875
0.0149094
0.0159332
0.0170633
0.0182275
0.019399
0.0206275
0.0218766
0.0231627
0.0245109
0.025911
0.0273488
0.0288538
0.0304391
0.0320492
0.0337257
0.0354425
0.0372597
0.0391175
0.0410915
0.0431046
0.0451828
0.0473354
0.0495291
0.0518553
0.0541836
0.0566652
0.0591493
0.0617559
0.0644732
0.0671813
0.0701153
0.0727738
0.0754703
0.00710265
0.00793357
0.00733757
0.00619884
0.00536497
0.00490934
0.00479742
0.00545617
0.00657222
0.00750868
0.00836933
0.00943707
0.0104733
0.0112955
0.0121272
0.0130659
0.0140024
0.0149261
0.0159465
0.0170715
0.0182337
0.0194036
0.020631
0.0218809
0.0231677
0.0245156
0.0259159
0.027354
0.0288583
0.0304425
0.0320522
0.033729
0.0354461
0.0372631
0.0391204
0.0410935
0.0431058
0.0451841
0.0473367
0.0495302
0.0518564
0.0541844
0.0566666
0.059151
0.0617584
0.0644758
0.0671847
0.0701196
0.0727813
0.0754789
0.00715221
0.00806394
0.0074981
0.00635059
0.00548844
0.0050414
0.00490249
0.00549188
0.00658662
0.00753197
0.00839007
0.00945961
0.0105028
0.0113211
0.0121441
0.0130794
0.0140176
0.014943
0.0159601
0.0170801
0.0182402
0.0194086
0.0206347
0.0218854
0.0231729
0.0245204
0.0259209
0.0273594
0.028863
0.0304461
0.0320553
0.0337325
0.0354497
0.0372666
0.0391234
0.0410955
0.0431071
0.0451854
0.047338
0.0495313
0.0518576
0.0541853
0.0566681
0.0591528
0.061761
0.0644785
0.0671882
0.0701242
0.072789
0.0754877
0.00719136
0.00818696
0.00765564
0.00650209
0.00560909
0.00516981
0.00501272
0.00553293
0.00660187
0.00755629
0.00841086
0.00948045
0.0105323
0.0113486
0.0121625
0.013094
0.0140336
0.0149602
0.0159737
0.0170888
0.018247
0.0194138
0.0206387
0.0218901
0.0231783
0.0245255
0.0259262
0.027365
0.0288679
0.0304498
0.0320587
0.033736
0.0354535
0.0372702
0.0391266
0.0410976
0.0431085
0.0451868
0.0473393
0.0495324
0.0518588
0.0541862
0.0566697
0.0591548
0.0617637
0.0644813
0.0671918
0.0701289
0.0727967
0.0754967
0.00721382
0.00830301
0.00781073
0.00665519
0.00572942
0.00529365
0.00512568
0.00557863
0.00661807
0.00758252
0.00843272
0.00949924
0.0105609
0.0113778
0.0121831
0.0131097
0.01405
0.0149773
0.0159874
0.0170979
0.0182541
0.0194193
0.020643
0.021895
0.0231838
0.0245307
0.0259316
0.0273707
0.0288729
0.0304537
0.0320622
0.0337397
0.0354573
0.0372739
0.0391298
0.0410999
0.04311
0.0451882
0.0473407
0.0495336
0.0518601
0.0541871
0.0566713
0.0591568
0.0617665
0.0644843
0.0671956
0.0701339
0.0728046
0.0755061
0.00723544
0.00841498
0.00796374
0.00680906
0.00584778
0.00541104
0.00524099
0.00563047
0.00663581
0.00761044
0.00845577
0.00951606
0.0105886
0.0114089
0.0122056
0.0131263
0.0140669
0.0149949
0.0160014
0.0171073
0.0182614
0.0194251
0.0206476
0.0219001
0.0231896
0.0245361
0.0259372
0.0273766
0.0288781
0.0304577
0.0320658
0.0337435
0.0354613
0.0372777
0.0391331
0.0411022
0.0431115
0.0451897
0.0473422
0.0495348
0.0518615
0.0541881
0.0566731
0.0591588
0.0617694
0.0644874
0.0671995
0.0701391
0.0728126
0.0755157
0.00726434
0.00852
0.00811188
0.00696227
0.00596607
0.00552364
0.00535824
0.0056883
0.00665435
0.00763926
0.00848073
0.00953157
0.0106147
0.011441
0.0122298
0.0131441
0.0140847
0.0150129
0.0160155
0.0171168
0.018269
0.0194311
0.0206524
0.0219054
0.0231955
0.0245418
0.0259431
0.0273826
0.0288834
0.030462
0.0320697
0.0337474
0.0354654
0.0372817
0.0391366
0.0411046
0.0431131
0.0451913
0.0473437
0.0495361
0.0518629
0.0541892
0.0566749
0.059161
0.0617724
0.0644906
0.0672036
0.0701444
0.0728208
0.0755255
0.00729689
0.0086175
0.00825559
0.00711634
0.00608562
0.00563022
0.0054749
0.00575205
0.00667399
0.00766883
0.00850827
0.00954611
0.0106387
0.011474
0.0122562
0.0131633
0.0141032
0.0150311
0.0160298
0.0171267
0.018277
0.0194374
0.0206575
0.021911
0.0232017
0.0245477
0.0259491
0.0273889
0.028889
0.0304664
0.0320737
0.0337515
0.0354696
0.0372857
0.0391401
0.0411071
0.0431148
0.045193
0.0473454
0.0495375
0.0518644
0.0541904
0.0566769
0.0591633
0.0617756
0.064494
0.0672078
0.07015
0.0728291
0.0755356
0.00733577
0.00871135
0.00839468
0.00726897
0.00620533
0.00573091
0.0055903
0.00582214
0.00669524
0.00769873
0.00853868
0.00956052
0.0106607
0.0115076
0.0122844
0.0131836
0.0141224
0.01505
0.0160446
0.0171367
0.018285
0.019444
0.020663
0.0219168
0.0232081
0.0245538
0.0259554
0.0273953
0.0288946
0.030471
0.0320779
0.0337558
0.0354739
0.0372899
0.0391438
0.0411098
0.0431167
0.0451947
0.0473471
0.049539
0.0518661
0.0541916
0.056679
0.0591657
0.0617788
0.0644976
0.0672121
0.0701558
0.0728375
0.075546
0.007385
0.00880287
0.00852677
0.00741899
0.00632732
0.00582705
0.00570253
0.00589817
0.00671875
0.00772844
0.008572
0.00957547
0.0106803
0.0115409
0.0123144
0.0132053
0.0141425
0.0150696
0.0160596
0.017147
0.0182933
0.0194509
0.0206687
0.0219229
0.0232147
0.0245601
0.0259619
0.0274019
0.0289005
0.0304758
0.0320824
0.0337601
0.0354784
0.0372942
0.0391475
0.0411125
0.0431186
0.0451965
0.0473488
0.0495405
0.0518678
0.054193
0.0566812
0.0591682
0.0617822
0.0645014
0.0672166
0.0701619
0.0728461
0.0755566
0.00744274
0.00889267
0.00865228
0.00756618
0.00645129
0.00591841
0.00581015
0.00598027
0.0067452
0.00775703
0.00860787
0.00959166
0.0106978
0.0115738
0.012346
0.0132285
0.0141632
0.0150897
0.0160752
0.0171575
0.0183018
0.019458
0.0206748
0.0219293
0.0232215
0.0245667
0.0259687
0.0274088
0.0289065
0.0304808
0.032087
0.0337647
0.0354829
0.0372986
0.0391515
0.0411153
0.0431206
0.0451984
0.0473507
0.0495421
0.0518696
0.0541944
0.0566835
0.0591709
0.0617857
0.0645053
0.0672212
0.0701681
0.0728548
0.0755674
0.00750533
0.00898218
0.00877139
0.00770799
0.00657656
0.00600712
0.00591245
0.00606697
0.006775
0.00778421
0.00864614
0.00961013
0.0107134
0.0116057
0.0123791
0.0132531
0.0141847
0.0151104
0.0160914
0.0171685
0.0183105
0.0194654
0.0206811
0.0219359
0.0232287
0.0245736
0.0259756
0.0274158
0.0289128
0.0304861
0.0320919
0.0337694
0.0354877
0.0373032
0.0391555
0.0411183
0.0431227
0.0452004
0.0473527
0.0495438
0.0518715
0.0541959
0.0566859
0.0591737
0.0617894
0.0645094
0.0672259
0.0701746
0.0728637
0.0755784
0.00757035
0.00907171
0.00888369
0.00784342
0.00670369
0.00609428
0.00600744
0.00615675
0.00680943
0.00781033
0.00868622
0.00963116
0.0107275
0.0116362
0.0124131
0.0132791
0.0142071
0.0151318
0.0161083
0.0171798
0.0183194
0.0194729
0.0206876
0.0219428
0.0232361
0.0245808
0.0259829
0.027423
0.0289192
0.0304916
0.0320969
0.0337742
0.0354925
0.0373079
0.0391596
0.0411214
0.0431249
0.0452025
0.0473547
0.0495456
0.0518736
0.0541976
0.0566885
0.0591766
0.0617931
0.0645137
0.0672308
0.0701813
0.0728727
0.0755897
0.00763629
0.00916093
0.0089903
0.00797193
0.00683099
0.00618026
0.00609487
0.0062489
0.00684935
0.00783506
0.00872711
0.00965513
0.0107408
0.0116652
0.0124478
0.0133064
0.0142303
0.0151538
0.0161258
0.0171917
0.0183286
0.0194807
0.0206945
0.0219499
0.0232438
0.0245882
0.0259905
0.0274305
0.0289257
0.0304973
0.0321023
0.0337792
0.0354975
0.0373127
0.0391639
0.0411246
0.0431273
0.0452048
0.0473568
0.0495474
0.0518757
0.0541993
0.0566912
0.0591796
0.061797
0.0645182
0.0672358
0.0701883
0.0728819
0.0756012
0.00770294
0.00924958
0.00909235
0.00809214
0.00695672
0.00626713
0.00617531
0.00634122
0.00689481
0.00785848
0.00876809
0.00968266
0.0107537
0.0116924
0.0124828
0.0133351
0.0142543
0.0151763
0.0161441
0.0172041
0.0183381
0.0194887
0.0207016
0.0219572
0.0232516
0.0245959
0.0259984
0.0274383
0.0289326
0.0305031
0.0321078
0.0337845
0.0355027
0.0373177
0.0391683
0.041128
0.0431298
0.0452071
0.0473591
0.0495495
0.051878
0.0542011
0.056694
0.0591829
0.0618011
0.0645229
0.067241
0.0701954
0.0728912
0.0756129
0.00776987
0.00933697
0.00918979
0.00820368
0.00707996
0.00635589
0.00624859
0.00643123
0.00694618
0.0078817
0.00880828
0.00971349
0.0107672
0.0117179
0.012518
0.0133648
0.0142791
0.0151993
0.016163
0.0172174
0.018348
0.0194968
0.0207089
0.0219649
0.0232598
0.024604
0.0260065
0.0274462
0.0289396
0.0305093
0.0321135
0.0337899
0.035508
0.0373229
0.0391729
0.0411314
0.0431324
0.0452095
0.0473614
0.0495516
0.0518804
0.0542031
0.056697
0.0591863
0.0618052
0.0645279
0.0672463
0.0702028
0.0729008
0.0756248
0.00783545
0.00942204
0.00928329
0.00830739
0.00719897
0.00644641
0.00631548
0.00651735
0.00700346
0.00790551
0.00884683
0.00974732
0.0107817
0.0117417
0.0125527
0.0133954
0.014305
0.0152229
0.0161823
0.0172314
0.0183585
0.0195052
0.0207164
0.0219729
0.0232683
0.0246123
0.026015
0.0274544
0.0289469
0.0305158
0.0321195
0.0337954
0.0355134
0.0373282
0.0391776
0.0411351
0.0431352
0.0452121
0.0473639
0.0495537
0.0518829
0.0542053
0.0567001
0.0591898
0.0618095
0.0645331
0.0672519
0.0702104
0.0729105
0.0756369
0.00789794
0.00950425
0.00937362
0.00840375
0.00731145
0.0065387
0.00637775
0.00659778
0.00706571
0.00793064
0.00888304
0.00978402
0.0107981
0.0117639
0.012587
0.0134267
0.0143316
0.0152473
0.016202
0.0172458
0.0183697
0.0195142
0.0207241
0.0219808
0.023277
0.024621
0.0260238
0.0274628
0.0289543
0.0305224
0.0321258
0.0338013
0.035519
0.0373336
0.0391825
0.041139
0.0431382
0.0452148
0.0473665
0.0495561
0.0518855
0.0542076
0.0567035
0.0591936
0.0618139
0.0645385
0.0672576
0.0702183
0.0729204
0.0756491
0.00795575
0.0095827
0.00946004
0.00849334
0.00741613
0.00663219
0.00643695
0.00667078
0.00713171
0.00795838
0.00891635
0.00982273
0.0108171
0.0117847
0.0126204
0.0134585
0.0143587
0.0152722
0.0162224
0.0172608
0.0183816
0.0195233
0.0207321
0.0219893
0.023286
0.02463
0.026033
0.0274716
0.028962
0.0305294
0.0321322
0.0338074
0.0355249
0.0373392
0.0391874
0.0411429
0.0431413
0.0452177
0.0473692
0.0495586
0.0518883
0.05421
0.0567069
0.0591975
0.0618186
0.0645441
0.0672634
0.0702263
0.0729305
0.0756616
0.00800789
0.00965598
0.0095414
0.00857726
0.00751259
0.00672543
0.00649455
0.00673552
0.00719974
0.00798997
0.00894684
0.00986218
0.010839
0.0118047
0.0126527
0.0134905
0.0143863
0.0152977
0.0162433
0.0172764
0.0183943
0.0195331
0.02074
0.0219979
0.0232954
0.0246391
0.0260424
0.0274807
0.02897
0.0305366
0.0321389
0.0338136
0.0355309
0.0373451
0.0391927
0.041147
0.0431445
0.0452206
0.0473721
0.0495612
0.0518912
0.0542126
0.0567105
0.0592016
0.0618233
0.06455
0.0672695
0.0702346
0.0729407
0.0756742
0.00805246
0.00972341
0.00961709
0.00865632
0.0076003
0.00681647
0.00655236
0.00679171
0.00726733
0.00802618
0.00897477
0.0099013
0.0108641
0.0118245
0.0126839
0.0135226
0.0144141
0.0153239
0.0162646
0.0172921
0.0184079
0.0195439
0.0207482
0.0220063
0.0233051
0.0246489
0.0260521
0.0274899
0.0289783
0.0305441
0.0321459
0.0338201
0.035537
0.0373511
0.039198
0.0411514
0.043148
0.0452237
0.047375
0.049564
0.0518943
0.0542154
0.0567144
0.059206
0.0618282
0.0645561
0.0672757
0.0702431
0.0729512
0.0756869
0.0080876
0.0097847
0.00968683
0.00873055
0.0076792
0.00690293
0.00661153
0.00684021
0.00733182
0.00806733
0.00900112
0.00993901
0.0108924
0.0118446
0.0127137
0.013555
0.014442
0.0153503
0.0162866
0.0173079
0.0184219
0.0195557
0.020757
0.0220151
0.0233147
0.0246587
0.0260624
0.0274995
0.0289867
0.0305519
0.0321532
0.0338269
0.0355434
0.0373572
0.0392035
0.0411559
0.0431517
0.0452271
0.0473781
0.0495668
0.0518975
0.0542183
0.0567184
0.0592106
0.0618333
0.0645624
0.0672821
0.0702517
0.0729619
0.0756999
0.00811389
0.00983906
0.00974958
0.00879965
0.0077505
0.00698245
0.00667178
0.00688276
0.00739064
0.00811295
0.00902748
0.00997423
0.010923
0.0118656
0.012742
0.013587
0.0144701
0.0153768
0.0163092
0.0173242
0.0184362
0.0195684
0.0207664
0.0220241
0.023325
0.0246687
0.0260724
0.0275095
0.0289957
0.0305599
0.0321606
0.0338339
0.0355499
0.0373637
0.0392092
0.0411606
0.0431555
0.0452306
0.0473816
0.0495699
0.0519008
0.0542214
0.0567226
0.0592153
0.0618385
0.0645691
0.0672887
0.0702605
0.0729728
0.075713
0.00813191
0.0098858
0.00980477
0.00886279
0.00781543
0.00705357
0.00673209
0.00692142
0.00744187
0.00816162
0.00905514
0.0100064
0.0109556
0.0118882
0.0127689
0.0136183
0.0144983
0.0154037
0.0163325
0.0173405
0.0184507
0.019582
0.0207763
0.0220331
0.0233356
0.0246796
0.0260829
0.0275192
0.0290047
0.0305684
0.0321684
0.0338412
0.0355567
0.0373703
0.0392151
0.0411656
0.0431596
0.0452341
0.047385
0.0495732
0.0519045
0.0542248
0.056727
0.0592203
0.061844
0.0645759
0.0672956
0.0702696
0.0729838
0.0757261
0.00814258
0.00992504
0.00985307
0.00891801
0.00787413
0.00711609
0.0067905
0.00695826
0.00748451
0.00821093
0.00908562
0.0100354
0.0109888
0.0119133
0.0127947
0.0136483
0.0145261
0.0154303
0.0163565
0.0173576
0.0184652
0.0195965
0.0207874
0.0220421
0.023346
0.0246906
0.0260941
0.0275298
0.0290139
0.0305768
0.0321765
0.0338489
0.0355637
0.0373771
0.0392212
0.0411708
0.043164
0.0452379
0.0473885
0.0495765
0.0519083
0.0542285
0.0567318
0.0592255
0.0618495
0.0645829
0.0673026
0.0702789
0.0729952
0.0757394
0.00814787
0.0099565
0.00989524
0.00896449
0.00792589
0.00716994
0.00684449
0.00699484
0.00751913
0.00825796
0.00911994
0.010062
0.0110209
0.0119407
0.0128206
0.0136773
0.0145534
0.0154563
0.0163805
0.0173756
0.0184801
0.0196116
0.0207996
0.0220518
0.0233566
0.0247017
0.026105
0.0275406
0.029024
0.0305856
0.0321845
0.0338567
0.035571
0.0373842
0.0392276
0.0411762
0.0431685
0.0452419
0.0473925
0.0495801
0.0519121
0.0542322
0.0567366
0.0592311
0.0618554
0.0645903
0.0673099
0.0702882
0.0730066
0.0757529
0.00814849
0.00997861
0.00993098
0.00900266
0.00797021
0.007215
0.00689099
0.00703158
0.0075479
0.00829999
0.00915756
0.0100879
0.0110512
0.0119698
0.0128465
0.0137051
0.0145801
0.0154821
0.0164045
0.0173936
0.0184952
0.0196276
0.0208132
0.022062
0.0233673
0.0247132
0.0261162
0.0275511
0.0290339
0.0305953
0.0321935
0.0338649
0.0355783
0.0373914
0.039234
0.0411818
0.0431733
0.045246
0.0473965
0.049584
0.0519164
0.0542362
0.0567416
0.0592366
0.0618615
0.0645979
0.0673175
0.0702979
0.0730182
0.0757664
0.0081451
0.00999054
0.00995835
0.00903171
0.00800622
0.00725312
0.00692813
0.00706624
0.00757292
0.0083358
0.00919739
0.0101139
0.0110787
0.0120003
0.0128731
0.0137314
0.0146058
0.0155076
0.0164287
0.0174121
0.01851
0.0196434
0.0208283
0.0220736
0.023378
0.0247247
0.026128
0.0275622
0.0290438
0.0306042
0.0322025
0.033874
0.0355864
0.037399
0.0392407
0.0411875
0.0431783
0.0452503
0.0474007
0.049588
0.0519208
0.0542406
0.0567471
0.0592425
0.0618676
0.0646057
0.0673252
0.0703077
0.0730301
0.0757801
0.00813786
0.00999228
0.00997556
0.00905084
0.00803084
0.00728477
0.00695754
0.00709663
0.00759472
0.00836433
0.0092382
0.0101425
0.0111032
0.01203
0.0129007
0.0137567
0.0146299
0.0155325
0.0164532
0.0174312
0.0185255
0.0196591
0.0208435
0.0220864
0.0233894
0.0247364
0.0261399
0.0275736
0.0290545
0.0306139
0.0322112
0.0338826
0.0355946
0.0374072
0.0392479
0.0411938
0.0431836
0.0452546
0.0474051
0.0495922
0.0519254
0.0542451
0.0567526
0.059249
0.0618742
0.0646137
0.0673331
0.0703174
0.0730421
0.0757939
0.00812529
0.00998353
0.00998074
0.00906106
0.00804241
0.00730622
0.00697904
0.00712282
0.00761573
0.00838496
0.00927544
0.0101744
0.0111271
0.0120588
0.0129286
0.013781
0.014652
0.0155558
0.016478
0.0174511
0.0185417
0.0196758
0.0208596
0.0220998
0.0234006
0.0247478
0.0261523
0.0275854
0.029065
0.030624
0.0322213
0.0338919
0.0356025
0.037415
0.0392551
0.0412004
0.0431894
0.0452596
0.0474099
0.0495966
0.0519302
0.0542499
0.0567584
0.0592552
0.0618809
0.0646222
0.0673414
0.0703276
0.0730542
0.0758076
0.00810547
0.00996447
0.00997062
0.00906094
0.00804253
0.00731602
0.00699034
0.00714143
0.00763831
0.00840245
0.00930751
0.0102069
0.0111492
0.0120858
0.0129575
0.0138055
0.0146722
0.0155774
0.0165025
0.0174713
0.0185579
0.0196927
0.020877
0.0221154
0.0234127
0.0247582
0.0261642
0.0275978
0.0290761
0.030634
0.0322311
0.0339021
0.0356118
0.0374234
0.0392622
0.0412067
0.0431949
0.0452644
0.047415
0.0496016
0.0519355
0.054255
0.0567645
0.059262
0.0618877
0.0646305
0.0673498
0.0703379
0.0730667
0.0758216
0.00807641
0.00993548
0.00994352
0.00904671
0.00803064
0.00731426
0.00699263
0.00714891
0.00765794
0.00841931
0.00933701
0.0102419
0.0111711
0.0121079
0.012984
0.0138298
0.0146912
0.0155973
0.0165277
0.0174925
0.0185745
0.01971
0.0208941
0.0221317
0.0234266
0.0247694
0.0261759
0.0276099
0.029087
0.0306443
0.0322414
0.033912
0.035621
0.0374326
0.0392705
0.041214
0.0432009
0.0452692
0.0474199
0.0496063
0.0519408
0.0542606
0.0567709
0.0592692
0.0618951
0.0646394
0.0673584
0.0703481
0.0730789
0.0758356
0.00803451
0.00989593
0.0099002
0.00901617
0.00800483
0.00729862
0.00698708
0.00714714
0.00767214
0.00843322
0.00936042
0.0102785
0.0111977
0.0121296
0.0130075
0.0138518
0.0147075
0.0156135
0.0165519
0.0175151
0.0185921
0.0197285
0.0209127
0.0221487
0.0234407
0.0247804
0.0261879
0.0276233
0.0290985
0.030654
0.0322517
0.0339228
0.0356303
0.0374412
0.0392783
0.0412215
0.0432077
0.0452749
0.0474257
0.0496115
0.0519463
0.054266
0.0567774
0.0592764
0.0619024
0.0646485
0.0673675
0.0703589
0.0730916
0.0758493
0.00797321
0.00984189
0.00984096
0.0089671
0.00796446
0.00726792
0.00697245
0.00713791
0.00768182
0.00844678
0.00937695
0.0103096
0.0112241
0.0121511
0.0130314
0.0138753
0.0147238
0.0156267
0.0165737
0.0175372
0.018609
0.0197467
0.0209316
0.022167
0.0234567
0.0247917
0.0261987
0.0276367
0.0291115
0.0306651
0.0322624
0.0339337
0.0356405
0.0374507
0.0392864
0.0412285
0.0432138
0.0452802
0.0474315
0.0496173
0.0519526
0.0542723
0.0567844
0.0592841
0.0619101
0.0646576
0.0673765
0.0703694
0.0731044
0.0758635
0.00788483
0.00976473
0.0097618
0.00889606
0.00790774
0.00722201
0.00694778
0.00712301
0.00768691
0.00846253
0.00939246
0.0103375
0.0112478
0.0121657
0.0130477
0.0138964
0.0147428
0.0156415
0.0165966
0.0175625
0.0186274
0.0197649
0.0209504
0.0221838
0.0234722
0.024804
0.0262094
0.0276495
0.029124
0.0306759
0.0322739
0.0339459
0.0356511
0.0374605
0.0392953
0.0412367
0.0432206
0.0452858
0.0474372
0.0496225
0.0519584
0.0542785
0.0567916
0.0592921
0.0619182
0.0646672
0.067386
0.0703803
0.0731172
0.0758781
0.00776886
0.00965824
0.00965623
0.00879617
0.00782847
0.00715891
0.00691187
0.00710425
0.00768821
0.00848057
0.00940879
0.0103642
0.0112742
0.0121797
0.0130572
0.0139081
0.0147557
0.0156523
0.0166169
0.0175898
0.0186495
0.0197856
0.020972
0.0222029
0.0234886
0.0248165
0.0262197
0.0276624
0.0291378
0.0306872
0.0322843
0.0339578
0.0356627
0.0374709
0.0393044
0.041245
0.0432281
0.0452923
0.0474439
0.0496286
0.0519648
0.0542846
0.0567983
0.0592996
0.0619255
0.064676
0.0673949
0.0703907
0.0731297
0.0758908
0.00763108
0.0095228
0.00952132
0.00866189
0.00771795
0.00707404
0.00686187
0.00708279
0.00768815
0.00850106
0.00942696
0.010387
0.0112987
0.0121932
0.0130662
0.0139193
0.014769
0.0156615
0.016632
0.0176138
0.0186696
0.0198037
0.0209924
0.0222214
0.0235058
0.0248311
0.0262306
0.0276749
0.0291521
0.0307
0.0322966
0.0339707
0.0356745
0.0374819
0.0393145
0.0412542
0.0432359
0.0452993
0.0474514
0.0496359
0.051973
0.0542933
0.0568079
0.0593098
0.0619356
0.0646874
0.0674061
0.0704028
0.0731435
0.0759071
0.00747195
0.00935435
0.00935346
0.00849463
0.00757478
0.00696484
0.0067939
0.00705431
0.00768582
0.00852362
0.00944938
0.0104079
0.0113201
0.0122028
0.0130698
0.0139266
0.0147847
0.0156772
0.0166503
0.0176407
0.018693
0.0198215
0.0210104
0.0222364
0.0235179
0.0248417
0.0262383
0.0276842
0.0291638
0.0307099
0.0323054
0.0339814
0.0356849
0.0374905
0.0393219
0.041261
0.0432418
0.0453044
0.0474567
0.0496404
0.0519776
0.0542979
0.0568132
0.0593162
0.0619418
0.0646952
0.0674141
0.0704122
0.0731548
0.0759179
0.00728209
0.00914152
0.00914032
0.00829088
0.0074022
0.00683727
0.00671358
0.00701959
0.00767866
0.00853936
0.00946669
0.0104192
0.0113331
0.0122081
0.0130701
0.0139303
0.0147983
0.0156947
0.0166717
0.0176743
0.0187277
0.0198504
0.0210392
0.0222629
0.0235418
0.0248634
0.0262555
0.0277013
0.0291839
0.0307289
0.0323221
0.033998
0.0357011
0.0375057
0.0393358
0.0412734
0.0432529
0.0453148
0.0474674
0.0496506
0.0519889
0.0543094
0.0568252
0.0593284
0.0619538
0.0647081
0.0674267
0.0704254
0.0731697
0.0759356
0.00704573
0.00887105
0.00886597
0.00804142
0.00720812
0.00670869
0.0066409
0.00699522
0.00768044
0.00855573
0.00947669
0.0104116
0.0113194
0.0121873
0.0130473
0.0139162
0.0147993
0.0157023
0.0166786
0.0176898
0.0187448
0.01986
0.0210476
0.0222703
0.0235475
0.0248698
0.0262597
0.0277055
0.0291912
0.0307365
0.0323285
0.0340059
0.0357087
0.037512
0.0393414
0.0412785
0.0432572
0.0453188
0.0474713
0.0496539
0.0519926
0.0543136
0.0568303
0.0593349
0.0619599
0.0647158
0.0674346
0.0704346
0.0731803
0.0759454
0.00666007
0.00846816
0.0084975
0.00774635
0.00700566
0.00660519
0.00662006
0.00703571
0.00774596
0.00862119
0.00952518
0.0104329
0.0113289
0.0121903
0.0130493
0.0139263
0.0148243
0.0157379
0.0167148
0.0177324
0.0187899
0.0198961
0.0210792
0.0222999
0.023574
0.0248943
0.0262811
0.0277255
0.0292136
0.0307589
0.0323476
0.0340241
0.0357271
0.03753
0.0393574
0.0412924
0.04327
0.0453309
0.0474836
0.0496655
0.0520051
0.0543258
0.0568424
0.0593471
0.0619719
0.0647284
0.0674472
0.0704473
0.073195
0.0759625
0.00601454
0.00770567
0.00777111
0.00717009
0.00661406
0.00638348
0.00652958
0.00702269
0.0077517
0.00861259
0.00949683
0.010383
0.011274
0.0121428
0.0130143
0.013908
0.0148216
0.0157451
0.0167212
0.0177431
0.0188059
0.0199072
0.0210874
0.0223085
0.0235828
0.024904
0.0262895
0.0277326
0.0292222
0.0307695
0.0323579
0.0340337
0.0357357
0.0375381
0.0393652
0.0412992
0.0432762
0.0453368
0.0474891
0.0496703
0.052011
0.0543326
0.0568505
0.0593563
0.0619805
0.0647382
0.0674569
0.070458
0.0732064
0.0759741
0.00615116
0.00740829
0.00730244
0.00679287
0.00642028
0.00635107
0.00660939
0.0071367
0.00783761
0.0086491
0.00949889
0.0103617
0.011244
0.0121204
0.0130048
0.0139136
0.0148426
0.0157791
0.0167572
0.0177772
0.0188405
0.0199354
0.0211082
0.0223273
0.0236006
0.02492
0.0263046
0.0277476
0.0292378
0.0307862
0.0323729
0.0340472
0.0357497
0.0375531
0.0393785
0.0413098
0.0432866
0.0453473
0.0474993
0.0496798
0.0520207
0.054342
0.0568591
0.0593655
0.0619894
0.0647479
0.0674666
0.0704684
0.0732181
0.0759857
0.00380197
0.00558252
0.00613542
0.00621297
0.0062572
0.00643721
0.00678095
0.0072746
0.00789942
0.00863915
0.00945101
0.0103045
0.0111927
0.0120903
0.0129982
0.0139237
0.0148627
0.0158059
0.0167851
0.0178037
0.0188702
0.0199648
0.0211334
0.0223514
0.0236265
0.0249453
0.0263279
0.0277689
0.0292577
0.0308076
0.0323948
0.0340665
0.0357658
0.0375695
0.0393946
0.0413239
0.0433001
0.0453601
0.0475112
0.0496908
0.0520332
0.0543551
0.0568738
0.0593805
0.0620038
0.0647627
0.0674809
0.0704826
0.0732328
0.0760033
0.0020329
0.00290428
0.00414925
0.00522748
0.00599318
0.00651442
0.00694265
0.00739966
0.0079459
0.00860456
0.00936826
0.0102103
0.0111053
0.0120255
0.0129595
0.0139057
0.0148608
0.015816
0.0167994
0.017814
0.0188783
0.0199717
0.0211348
0.0223512
0.0236282
0.0249469
0.0263301
0.027773
0.0292617
0.0308126
0.0324009
0.0340711
0.0357704
0.0375766
0.0394008
0.0413273
0.0433038
0.0453645
0.0475151
0.0496945
0.0520372
0.0543591
0.0568769
0.0593845
0.0620076
0.0647674
0.067486
0.0704886
0.0732405
0.0760093
0.00091554
0.00310289
0.0044782
0.00538765
0.00605053
0.00658112
0.00704552
0.00751218
0.00803872
0.00865541
0.0093765
0.0101994
0.011091
0.0120226
0.0129761
0.0139373
0.0149028
0.0158614
0.016846
0.0178576
0.0189202
0.0200148
0.021174
0.0223874
0.0236669
0.0249848
0.0263649
0.0278062
0.0292921
0.0308424
0.0324322
0.0340999
0.0357939
0.0376008
0.0394247
0.0413485
0.0433242
0.0453839
0.0475337
0.049712
0.0520561
0.0543784
0.0568977
0.059405
0.0620272
0.0647868
0.0675044
0.0705064
0.0732577
0.0760304
-2.04852e-06
0.00117745
0.00280949
0.00434342
0.00555767
0.0064142
0.00701384
0.00752258
0.00804727
0.00863883
0.00932854
0.0101375
0.0110255
0.0119605
0.0129282
0.0139048
0.0148872
0.0158561
0.0168461
0.0178586
0.0189184
0.0200147
0.0211714
0.022382
0.0236639
0.0249825
0.0263624
0.0278061
0.0292921
0.0308415
0.0324334
0.0341007
0.0357934
0.0376025
0.0394272
0.0413486
0.0433247
0.0453853
0.0475345
0.0497126
0.0520569
0.0543792
0.0568978
0.059406
0.0620281
0.0647884
0.0675065
0.0705095
0.0732623
0.0760326
-0.00137191
0.00143763
0.00334401
0.00468628
0.00567166
0.00642143
0.00701476
0.00754661
0.00808782
0.00868041
0.00936226
0.0101643
0.0110498
0.0119807
0.012949
0.0139279
0.0149134
0.0158855
0.016878
0.017894
0.0189551
0.0200535
0.021212
0.0224209
0.0237039
0.0250234
0.0264006
0.0278421
0.0293266
0.0308747
0.0324665
0.0341341
0.0358218
0.0376295
0.0394546
0.0413745
0.043349
0.0454081
0.0475571
0.0497341
0.0520793
0.0544022
0.0569219
0.0594296
0.0620505
0.0648101
0.0675266
0.0705285
0.0732812
0.0760557
)
;

boundaryField
{
    zeroGradientPlanes
    {
        type            zeroGradient;
    }
    inlet
    {
        type            zeroGradient;
    }
    plate
    {
        type            zeroGradient;
    }
    frontAndBack
    {
        type            empty;
    }
}


// ************************************************************************* //
