/*--------------------------------*- C++ -*----------------------------------*\
| =========                 |                                                 |
| \\      /  F ield         | OpenFOAM: The Open Source CFD Toolbox           |
|  \\    /   O peration     | Version:  v2012                                 |
|   \\  /    A nd           | Website:  www.openfoam.com                      |
|    \\/     M anipulation  |                                                 |
\*---------------------------------------------------------------------------*/
FoamFile
{
    version     2.0;
    format      ascii;
    class       volScalarField;
    location    "9";
    object      p;
}
// * * * * * * * * * * * * * * * * * * * * * * * * * * * * * * * * * * * * * //

dimensions      [0 2 -2 0 0 0 0];


internalField   nonuniform List<scalar> 
7000
(
6.73991e-11
-0.00340989
-0.00245557
0.00403423
-0.000434758
0.00115976
0.000725545
0.00414
0.00497977
0.006642
0.00778174
0.00941918
0.0100311
0.0119261
0.0135919
0.0164494
0.0189109
0.0224454
0.0258847
0.0323679
-3.69855e-06
-0.00339994
-0.00244693
0.0039924
-0.000413944
0.00115333
0.000731799
0.00415626
0.00495294
0.00664531
0.00777352
0.00941977
0.0100308
0.0119213
0.0135951
0.0164299
0.0189248
0.0224017
0.0259146
0.0321022
-8.1085e-06
-0.00338809
-0.00243943
0.00393645
-0.000400057
0.00114764
0.000743915
0.00416624
0.00492293
0.00665156
0.00775848
0.00942537
0.0100255
0.0119185
0.013592
0.0164055
0.0189317
0.0223412
0.0259307
0.0316497
-1.2927e-05
-0.00337596
-0.00243267
0.00388255
-0.000379671
0.0011477
0.000762736
0.00416567
0.00489706
0.00665463
0.00773853
0.0094331
0.0100166
0.011915
0.0135858
0.0163761
0.0189336
0.0222732
0.0259081
0.0311798
-1.88604e-05
-0.00336269
-0.00242268
0.00383242
-0.000358983
0.00115388
0.000789051
0.00415507
0.00487545
0.006651
0.00771374
0.00943894
0.0100075
0.0119072
0.0135819
0.0163395
0.0189372
0.0221928
0.0258533
0.0307327
-2.61793e-05
-0.00334727
-0.00240813
0.00378582
-0.000338252
0.0011652
0.00082227
0.00413633
0.00485665
0.00664127
0.00768616
0.00944231
0.010001
0.0118947
0.013582
0.0162964
0.0189425
0.0220989
0.0257736
0.0303084
-3.48086e-05
-0.00332903
-0.00238897
0.00374288
-0.000317561
0.00118001
0.000860643
0.00411239
0.00483985
0.00662825
0.00765846
0.00944383
0.00999835
0.0118774
0.0135866
0.016247
0.0189469
0.0219941
0.0256701
0.0298981
-4.44732e-05
-0.00330742
-0.00236532
0.00370294
-0.000297139
0.00119656
0.000902585
0.0040864
0.00482468
0.00661438
0.00763203
0.00944352
0.00999983
0.0118553
0.0135951
0.0161914
0.0189484
0.0218806
0.0255415
0.0294948
-5.47782e-05
-0.0032821
-0.00233745
0.00366471
-0.000277224
0.00121344
0.000947341
0.00406037
0.00481072
0.00660065
0.00760711
0.00944074
0.0100049
0.0118278
0.0136063
0.01613
0.0189448
0.02176
0.0253861
0.0290945
-6.5326e-05
-0.00325295
-0.00230578
0.00362701
-0.000257982
0.00122973
0.00099466
0.00403519
0.00479776
0.00658694
0.00758342
0.00943446
0.0100126
0.0117944
0.0136193
0.0160632
0.0189336
0.0216333
0.0252036
0.0286942
-7.58247e-05
-0.00322013
-0.00227077
0.00358895
-0.000239455
0.00124486
0.00104445
0.00401103
0.00478597
0.00657283
0.00756063
0.00942358
0.0100224
0.0117545
0.0136326
0.0159921
0.0189122
0.021501
0.0249945
0.0282914
-8.61327e-05
-0.00318402
-0.00223276
0.00354994
-0.000221544
0.0012585
0.00109663
0.00398778
0.00477559
0.00655783
0.00753858
0.00940718
0.0100336
0.0117083
0.0136449
0.0159178
0.0188782
0.0213633
0.02476
0.0278832
-9.62391e-05
-0.00314509
-0.00219211
0.0035096
-0.000203875
0.00127047
0.00115102
0.00396521
0.00476671
0.00654154
0.00751733
0.00938468
0.010046
0.0116561
0.0136548
0.0158415
0.0188292
0.0212202
0.0245019
0.0274673
-0.000106214
-0.00310383
-0.00214911
0.00346762
-0.00018604
0.00128056
0.00120747
0.0039431
0.00475917
0.00652353
0.00749718
0.00935588
0.0100592
0.0115987
0.0136604
0.0157646
0.0187634
0.0210708
0.024222
0.027042
-0.000116155
-0.00306068
-0.00210407
0.00342384
-0.000167596
0.00128862
0.00126581
0.0039212
0.00475264
0.00650334
0.00747856
0.00932093
0.0100726
0.0115371
0.0136597
0.0156879
0.0186797
0.0209139
0.0239224
0.0266061
-0.000126158
-0.00301601
-0.0020572
0.00337809
-0.000148133
0.0012945
0.00132596
0.0038993
0.00474678
0.00648051
0.00746178
0.00928019
0.0100856
0.011473
0.0136506
0.0156121
0.0185781
0.0207476
0.0236048
0.026159
-0.000136294
-0.00297013
-0.00200868
0.00333032
-0.000127306
0.00129809
0.00138783
0.0038772
0.00474131
0.00645467
0.00744703
0.0092343
0.0100969
0.0114078
0.0136317
0.015537
0.0184588
0.0205702
0.023271
0.0257005
-0.00014661
-0.0029233
-0.00195865
0.00328047
-0.00010483
0.00129933
0.00145131
0.00385472
0.00473601
0.00642557
0.00743433
0.00918416
0.0101051
0.0113429
0.0136017
0.0154619
0.0183225
0.0203802
0.0229226
0.0252309
-0.000157125
-0.00287572
-0.00190719
0.00322856
-8.04738e-05
0.00129817
0.0015163
0.0038317
0.0047307
0.0063931
0.00742347
0.00913096
0.0101086
0.0112791
0.0135597
0.0153856
0.0181699
0.0201763
0.0225612
0.0247506
-0.00016784
-0.00282757
-0.0018544
0.00317461
-5.40521e-05
0.0012946
0.00158264
0.00380808
0.00472519
0.00635722
0.00741384
0.00907608
0.0101058
0.0112171
0.0135058
0.0153065
0.0180019
0.0199574
0.0221882
0.0242604
-0.000178731
-0.00277894
-0.0018003
0.00311866
-2.54303e-05
0.00128862
0.00165011
0.00378388
0.00471929
0.00631812
0.00740435
0.00902083
0.0100959
0.0111569
0.01344
0.015223
0.0178191
0.0197222
0.021805
0.0237619
-0.000189761
-0.00272989
-0.00174489
0.00306077
5.4741e-06
0.00128024
0.00171851
0.00375922
0.00471265
0.00627635
0.0073938
0.00896614
0.0100783
0.0110981
0.0133631
0.0151333
0.0176227
0.0194699
0.0214122
0.0232566
-0.00020088
-0.00268042
-0.00168815
0.00300099
3.87097e-05
0.00126951
0.00178762
0.00373439
0.00470471
0.00623268
0.00738101
0.00891282
0.0100523
0.0110398
0.0132754
0.0150344
0.0174139
0.0192016
0.0210103
0.0227455
-0.000212031
-0.00263052
-0.00163004
0.00293941
7.43112e-05
0.00125651
0.00185713
0.00370987
0.00469484
0.00618802
0.00736491
0.00886153
0.0100177
0.0109805
0.0131792
0.0149237
0.0171903
0.01892
0.0206022
0.0222288
-0.000223149
-0.00258015
-0.00157051
0.00287611
0.000112316
0.00124142
0.0019266
0.00368626
0.00468231
0.00614334
0.00734457
0.00881229
0.00997489
0.0109165
0.0130777
0.0148039
0.0169484
0.0186217
0.0201924
0.0217098
-0.000234168
-0.00252929
-0.00150951
0.00281118
0.000152737
0.00122455
0.00199544
0.00366451
0.00466626
0.0060993
0.00731929
0.00876397
0.00992572
0.0108459
0.012966
0.0146784
0.0166926
0.0183016
0.0197802
0.0211921
-0.000245022
-0.00247794
-0.00144704
0.00274473
0.000195564
0.00120628
0.00206288
0.00364557
0.00464588
0.00605646
0.00728852
0.00871575
0.00987056
0.0107702
0.0128416
0.0145412
0.0164277
0.0179658
0.0193643
0.0206731
-0.000255635
-0.0024261
-0.0013831
0.00267689
0.000240835
0.00118706
0.00212809
0.00363017
0.00462049
0.00601519
0.00725235
0.00866689
0.0098112
0.0106849
0.0127086
0.0143913
0.0161499
0.0176131
0.0189665
0.020157
-0.00026592
-0.00237382
-0.00131764
0.00260778
0.000288382
0.00116758
0.00219009
0.00361883
0.00458963
0.00597526
0.00721185
0.00861499
0.00974983
0.0105874
0.0125647
0.0142329
0.0158774
0.0172353
0.0184873
0.0196637
-0.000275821
-0.00232111
-0.00125081
0.00253769
0.000337893
0.00114847
0.00224805
0.00361215
0.00455281
0.0059368
0.00716656
0.00856083
0.00968103
0.010489
0.0123942
0.0140553
0.0155926
0.0168629
0.0179335
0.0191431
-0.000285197
-0.00226804
-0.00118261
0.00246672
0.000389198
0.00113068
0.00230066
0.0036107
0.00450985
0.00589929
0.00711824
0.00849958
0.00961052
0.0103817
0.0122143
0.0138573
0.0152895
0.0164937
0.0176753
0.0186217
-0.000294007
-0.00221457
-0.00111309
0.00239506
0.000441579
0.00111525
0.00234711
0.00361485
0.00446073
0.00586099
0.00707057
0.00842644
0.00954051
0.0102611
0.0120342
0.0136599
0.0149943
0.0160878
0.0171402
0.01812
-0.000302234
-0.00216083
-0.00104264
0.00232338
0.000494327
0.00110209
0.00238761
0.00362373
0.00440711
0.00581979
0.00702373
0.00834494
0.00946167
0.0101452
0.011781
0.0134373
0.0146632
0.0156932
0.0167497
0.0176243
-0.000309484
-0.00210708
-0.000971076
0.00225166
0.000547414
0.00109217
0.00242102
0.00363573
0.00435027
0.00577483
0.00697996
0.00824947
0.00938261
0.0100163
0.01158
0.0132082
0.0143849
0.0152003
0.0161623
0.0171438
-0.000315974
-0.00205296
-0.000898791
0.00218027
0.000599254
0.00108694
0.00244678
0.0036538
0.00428708
0.00572579
0.00693924
0.00814722
0.00928809
0.00989589
0.0113639
0.0129156
0.0140848
0.0147637
0.0156815
0.0166508
-0.000321741
-0.0019988
-0.000826403
0.00211032
0.000648725
0.00108637
0.00246514
0.00367936
0.00422129
0.00566891
0.00689999
0.00804351
0.00917079
0.00974935
0.0109896
0.0126132
0.0136459
0.0145135
0.0153142
0.0161301
-0.000325987
-0.00194503
-0.000753548
0.00204169
0.000697424
0.0010895
0.00247662
0.00363172
0.00416268
0.00560123
0.00686473
0.00792644
0.00905039
0.00963029
0.0108035
0.0123019
0.0133299
0.0140048
0.0146916
0.0156537
-0.000329293
-0.00189092
-0.000681323
0.0019752
0.000742555
0.00109823
0.0024805
0.00365526
0.00410203
0.00552437
0.00682973
0.00781076
0.00890246
0.00950151
0.0106436
0.0119822
0.0129761
0.0135992
0.0142273
0.0151606
-0.000331686
-0.00183681
-0.000610443
0.0019123
0.000782523
0.00111269
0.00247831
0.00369547
0.00404239
0.00543768
0.00678945
0.00769886
0.00873177
0.00928391
0.0103364
0.0116481
0.0126112
0.0132653
0.0139385
0.0146491
-0.000332007
-0.00178314
-0.000540209
0.00185228
0.000821854
0.00112854
0.0024739
0.00369856
0.00400089
0.00533413
0.00674511
0.0075813
0.00855999
0.00914847
0.0100755
0.0112913
0.0122433
0.0127642
0.0132675
0.0141895
-0.000331371
-0.00172876
-0.000472543
0.00179615
0.00085638
0.00114995
0.00246321
0.00371207
0.00395748
0.00522411
0.00669445
0.00747041
0.00835849
0.00892397
0.0097935
0.0109367
0.0118446
0.0123462
0.012819
0.0137162
-0.000329774
-0.0016739
-0.000408322
0.00174521
0.000884181
0.00117723
0.00244823
0.00373043
0.00391505
0.00511464
0.00662914
0.00734308
0.00812814
0.00870931
0.00950926
0.0105844
0.0114197
0.0120165
0.0126396
0.0132361
-0.000325523
-0.00161928
-0.00034553
0.00169796
0.000914577
0.00120096
0.00243576
0.00371749
0.00389025
0.00498799
0.00654981
0.0072447
0.00790655
0.0084773
0.00923558
0.0102048
0.0110111
0.0114717
0.0118967
0.01279
-0.000320801
-0.00156306
-0.00028773
0.00165587
0.000939206
0.00122939
0.00241885
0.00371197
0.00385959
0.00486027
0.00645442
0.00712484
0.00768238
0.00822931
0.00893407
0.00982444
0.0105769
0.011004
0.0114258
0.012352
-0.000314909
-0.00150575
-0.000235599
0.00161932
0.000956761
0.00126176
0.00239884
0.00371254
0.00382545
0.00473335
0.00633606
0.0069941
0.00745718
0.00796595
0.00860447
0.00943899
0.0101022
0.0106621
0.011295
0.0119005
-0.000305933
-0.00144826
-0.000184429
0.00158557
0.000985073
0.00128197
0.00238483
0.0036856
0.003803
0.00459474
0.00620629
0.00689803
0.00723861
0.007677
0.00828519
0.00902506
0.00962746
0.0100627
0.0105109
0.0114746
-0.000297431
-0.00138827
-0.000140523
0.00155599
0.00101027
0.00130113
0.0023691
0.00365313
0.00378076
0.00445251
0.00605983
0.00679146
0.00702285
0.00737455
0.00793022
0.00860123
0.00912536
0.0094602
0.00998944
0.0111582
-0.000287042
-0.00132688
-0.000101135
0.00153019
0.00103152
0.00132213
0.00234617
0.00362301
0.00375645
0.004309
0.00588957
0.00667004
0.00681421
0.00706833
0.00754902
0.008177
0.00862973
0.00895077
0.00955921
0.0107895
-0.000274783
-0.00126398
-6.54144e-05
0.0015056
0.00106207
0.00133979
0.00231703
0.00358122
0.0037312
0.00416722
0.00569918
0.00653555
0.0066119
0.00675866
0.00715395
0.00774259
0.00817781
0.0085019
0.00910501
0.0103556
-0.000262144
-0.00119903
-3.59563e-05
0.00148169
0.00108609
0.0013562
0.00228304
0.0035282
0.00370593
0.00403015
0.00548655
0.00638318
0.00641523
0.00645253
0.00675095
0.00730569
0.00774946
0.00805724
0.00863687
0.00992231
-0.000247641
-0.00113272
-7.03853e-06
0.00145597
0.00111696
0.00137428
0.00224402
0.00346353
0.00367886
0.00389696
0.00525696
0.00621253
0.00622093
0.00615163
0.0063496
0.00686089
0.00731467
0.00761889
0.00819143
0.00951253
-0.000231983
-0.00106486
9.02775e-06
0.00142654
0.00115104
0.00139354
0.00219987
0.00338773
0.00364704
0.00377146
0.00501592
0.00601798
0.00602229
0.00585894
0.00595328
0.00640325
0.00687028
0.00720009
0.00778791
0.00911981
-0.000214719
-0.000996163
3.48255e-05
0.00139423
0.00117997
0.00141357
0.00215485
0.00330175
0.0036065
0.00365375
0.00476481
0.00579692
0.00582058
0.00557676
0.00556583
0.00593888
0.00641755
0.00679565
0.00740495
0.00874078
-0.00019599
-0.000926311
5.98668e-05
0.00135704
0.00120615
0.00143656
0.00210903
0.00320355
0.00355521
0.00354533
0.00450847
0.0055506
0.00561245
0.00530199
0.00518916
0.00547294
0.00595332
0.00639003
0.00704573
0.00838121
-0.000175552
-0.000855841
8.43521e-05
0.00131617
0.0012274
0.00145974
0.00206367
0.00309699
0.00349201
0.00344388
0.00424986
0.00527987
0.00539266
0.00503255
0.00482601
0.00501186
0.00548215
0.00598124
0.00669244
0.008038
-0.000153274
-0.000784845
0.0001085
0.00127223
0.0012414
0.00148157
0.00202083
0.00298336
0.00341378
0.00334696
0.00399592
0.00498814
0.00515838
0.00476515
0.00447541
0.00456281
0.00500661
0.00555877
0.00634037
0.00770645
-0.000129152
-0.000713208
0.000131993
0.00122741
0.00124594
0.00149786
0.00197946
0.00286398
0.00332018
0.00325361
0.00375151
0.00467579
0.00490454
0.00449887
0.00413846
0.00413056
0.00453205
0.00512385
0.00597349
0.00738047
-0.000104028
-0.000640747
0.000154912
0.00118156
0.00124626
0.00150807
0.00194485
0.00273871
0.00321087
0.00315817
0.00351725
0.00434691
0.00462985
0.00423212
0.00381275
0.00371519
0.00406194
0.00467499
0.00559095
0.00705402
-7.69303e-05
-0.000568451
0.000178697
0.00113257
0.00121257
0.00151255
0.00191684
0.00261436
0.00308915
0.0030588
0.00329563
0.0040082
0.00433233
0.00396093
0.00349651
0.00331539
0.00359632
0.00421964
0.00519413
0.00672409
-4.67631e-05
-0.000496918
0.000204412
0.00108236
0.00121058
0.00150499
0.00185963
0.00249065
0.00296306
0.00295624
0.00308882
0.00366602
0.00401114
0.00368263
0.00318611
0.00293131
0.00314271
0.00376618
0.00479172
0.00638611
-1.65033e-05
-0.000425165
0.000230878
0.00103333
0.00112337
0.00147612
0.00180475
0.00237275
0.00283096
0.00284579
0.00289472
0.00332763
0.00366925
0.00339228
0.00287836
0.00256412
0.00270469
0.00331474
0.00437786
0.00603474
1.55278e-05
-0.000354244
0.00025737
0.000985415
0.0010751
0.00144102
0.00175548
0.00225489
0.00268835
0.00272031
0.00270755
0.0029978
0.0033083
0.00308724
0.002574
0.0022102
0.00227987
0.00286379
0.00395627
0.00567964
4.96479e-05
-0.000285269
0.000282941
0.000937833
0.00102453
0.0013985
0.00170387
0.00213525
0.00253432
0.00257939
0.00252533
0.00268255
0.00293536
0.00276683
0.00226968
0.00186614
0.00186997
0.00242016
0.00353641
0.00532467
8.48413e-05
-0.000218772
0.000305954
0.000892626
0.000971125
0.00134736
0.0016464
0.0020133
0.00237199
0.00242461
0.00234434
0.00238439
0.00255833
0.002428
0.00196014
0.00153144
0.00147691
0.0019878
0.00311991
0.00496677
0.000121248
-0.000155119
0.000325958
0.000849758
0.00091541
0.00128738
0.00158259
0.00189063
0.00220337
0.00225509
0.00215796
0.0021014
0.00218284
0.00207074
0.00164294
0.00120606
0.00110087
0.00156865
0.00270747
0.00460762
0.0001585
-9.45221e-05
0.000342955
0.000809088
0.000857497
0.00121872
0.00151127
0.00176642
0.00202917
0.00207174
0.00196297
0.00183042
0.00181586
0.0017018
0.00131712
0.000887007
0.000741445
0.00116566
0.00230122
0.00424754
0.000196382
-3.68206e-05
0.000356777
0.000769589
0.000798578
0.00114202
0.00143172
0.0016406
0.0018516
0.001877
0.00175715
0.00156752
0.00146135
0.00132705
0.000979121
0.000568612
0.000397391
0.000780771
0.00190431
0.00388789
0.000234579
1.77028e-05
0.000367294
0.000731164
0.000738932
0.00105746
0.00134309
0.00151219
0.00167123
0.00167263
0.00154009
0.00130859
0.00111939
0.00095133
0.000629833
0.000248162
6.69405e-05
0.000415456
0.00152117
0.00353089
0.000272786
6.91495e-05
0.000374465
0.000693095
0.000678623
0.000965942
0.00124445
0.00138001
0.00148942
0.00146142
0.00131222
0.00104985
0.000788892
0.000579625
0.000273017
-7.70528e-05
-0.000254259
6.86325e-05
0.00115447
0.00317909
0.000310646
0.000117507
0.000378199
0.00065478
0.000617966
0.00086877
0.00113556
0.00124345
0.00130639
0.00124498
0.00107463
0.000789264
0.000468237
0.000214145
-8.83229e-05
-0.000408652
-0.000570318
-0.000262119
0.000805835
0.0028364
0.000347954
0.000162665
0.000378511
0.000615687
0.000556891
0.000766412
0.0010167
0.00110128
0.00112146
0.0010253
0.000829267
0.000525256
0.000155199
-0.000144561
-0.000450469
-0.00074553
-0.000884346
-0.000579973
0.000474996
0.00250482
0.000384457
0.000204718
0.000375443
0.000574959
0.000495235
0.000659937
0.000888466
0.000952234
0.000934104
0.00080374
0.000577348
0.000256818
-0.00015138
-0.000495541
-0.000810273
-0.00108668
-0.00119947
-0.000888774
0.000159125
0.00218391
0.000419769
0.000243513
0.000369078
0.000532224
0.000432648
0.000551033
0.000751717
0.000795312
0.000743403
0.000580931
0.000321114
-1.61346e-05
-0.000452629
-0.000838654
-0.00116708
-0.00143134
-0.0015171
-0.00119216
-0.000146127
0.00187238
0.000453574
0.000279089
0.000359452
0.000486979
0.00036891
0.000439814
0.000607112
0.000630366
0.000548722
0.000357068
6.27877e-05
-0.000293841
-0.00075047
-0.00117449
-0.00152042
-0.00177715
-0.00183752
-0.00149411
-0.000444905
0.00156891
0.000485557
0.000311373
0.000346779
0.000438681
0.00030346
0.000327037
0.000455934
0.000457592
0.000349164
0.00013143
-0.00019605
-0.000575475
-0.00104684
-0.00150337
-0.00186864
-0.00212224
-0.00216188
-0.00179769
-0.000740077
0.00127136
0.000515464
0.000340259
0.000331074
0.000387214
0.000235774
0.000212929
0.000299605
0.000277403
0.00014394
-9.65714e-05
-0.000454082
-0.000859535
-0.00134327
-0.00182564
-0.00221101
-0.00246628
-0.00249033
-0.00210446
-0.00103518
0.000976448
0.000542929
0.000365724
0.000312683
0.000332125
0.000166636
9.79448e-05
0.000139395
9.04557e-05
-6.70163e-05
-0.000327678
-0.000711538
-0.00114435
-0.00164019
-0.00214248
-0.00254808
-0.00280848
-0.00282157
-0.00241593
-0.00133328
0.000682404
0.00056771
0.000387587
0.000291735
0.000273496
9.26542e-05
-1.80784e-05
-2.31461e-05
-0.000102217
-0.000284109
-0.00056259
-0.000969307
-0.00142862
-0.00193736
-0.00245541
-0.00288003
-0.00314779
-0.00315466
-0.00273261
-0.00163505
0.000388105
0.000589493
0.000405837
0.000268533
0.000211086
1.49306e-05
-0.000135101
-0.000187256
-0.000299284
-0.000507092
-0.000801485
-0.00122792
-0.00171235
-0.00223454
-0.00276521
-0.00320696
-0.00348414
-0.00348922
-0.0030541
-0.00194137
9.19167e-05
0.000608066
0.000420224
0.000243318
0.00014527
-6.70615e-05
-0.000253277
-0.000352356
-0.000499378
-0.000735563
-0.00104456
-0.00148744
-0.00199566
-0.00253173
-0.00307262
-0.00352922
-0.00381744
-0.00382426
-0.00338013
-0.0022535
-0.000207671
0.000623251
0.000430723
0.000216087
7.62464e-05
-0.00015326
-0.000372722
-0.00051798
-0.000700732
-0.000969095
-0.00129264
-0.00174745
-0.00227885
-0.0028296
-0.00337903
-0.00384748
-0.00414673
-0.00415784
-0.00370895
-0.00257078
-0.000511528
0.000634843
0.000437091
0.000187191
4.497e-06
-0.000244019
-0.000493403
-0.000684047
-0.000902011
-0.00120562
-0.00154656
-0.00200837
-0.00256155
-0.00312865
-0.00368614
-0.00416354
-0.00447249
-0.00448941
-0.00403908
-0.00289216
-0.000819921
0.000642827
0.000439309
0.000156408
-6.92596e-05
-0.000339022
-0.000615606
-0.000850826
-0.00110242
-0.00144271
-0.00180684
-0.00227115
-0.00284217
-0.00342752
-0.00399453
-0.00447919
-0.00479619
-0.00481944
-0.00437001
-0.00321734
-0.00113359
0.000647037
0.00043722
0.00012398
-0.000144381
-0.000437869
-0.000739145
-0.00101818
-0.00130214
-0.00167774
-0.0020733
-0.00253864
-0.00312112
-0.0037255
-0.00430429
-0.00479636
-0.00511957
-0.0051485
-0.00470099
-0.00354478
-0.00145122
0.000647411
0.000430888
8.97921e-05
-0.00021975
-0.000539874
-0.000864031
-0.00118588
-0.00150244
-0.00190795
-0.0023418
-0.00281271
-0.00339941
-0.00402115
-0.00461442
-0.00511642
-0.0054456
-0.00547942
-0.00503423
-0.00387615
-0.00177479
0.000643728
0.000420683
5.3669e-05
-0.000295492
-0.000643859
-0.000989148
-0.00135266
-0.00170528
-0.00213415
-0.00260795
-0.00309261
-0.00367867
-0.00431368
-0.00492229
-0.00543724
-0.00577431
-0.00581374
-0.00537179
-0.00421368
-0.00210696
0.000635823
0.000406548
1.70557e-05
-0.000370053
-0.000750918
-0.00111625
-0.00151727
-0.00191115
-0.00235987
-0.00286906
-0.00337602
-0.00396046
-0.00460406
-0.0052267
-0.00575629
-0.00610324
-0.00615029
-0.00571258
-0.00455605
-0.00244768
0.000624231
0.000387577
-2.16443e-05
-0.000439568
-0.000852728
-0.00124244
-0.00167749
-0.00211697
-0.00258694
-0.00312504
-0.00366111
-0.00424685
-0.00489548
-0.00553027
-0.00607587
-0.00643592
-0.00649235
-0.00605933
-0.0049032
-0.00279169
0.00060808
0.000366828
-6.77955e-05
-0.000516396
-0.000958846
-0.00137113
-0.001836
-0.00232272
-0.00281811
-0.00337614
-0.0039431
-0.00453514
-0.00518606
-0.00583043
-0.00639233
-0.00676948
-0.00683953
-0.00641682
-0.00526602
-0.00315581
0.000585149
0.000350408
-8.56165e-05
-0.000565168
-0.00104852
-0.00150083
-0.00199698
-0.00253075
-0.00305638
-0.00362606
-0.00421978
-0.00482325
-0.00547586
-0.00612755
-0.006704
-0.0071001
-0.00718678
-0.00677832
-0.00563973
-0.00354049
0.000561363
0.000283038
-0.000166982
-0.000627942
-0.00111104
-0.00159774
-0.00213816
-0.00272189
-0.00328619
-0.00386499
-0.00447731
-0.00509892
-0.00575971
-0.00642162
-0.00701431
-0.00743142
-0.00753736
-0.00714489
-0.00601736
-0.00392428
0.000528812
0.00033374
-0.000159316
-0.000700958
-0.00126186
-0.0017874
-0.00235493
-0.00295917
-0.00353625
-0.00410705
-0.00472323
-0.00536229
-0.00603925
-0.00671928
-0.00733504
-0.00777687
-0.00790188
-0.00752197
-0.00640264
-0.00431604
0.000446057
0.000169947
-0.000188895
-0.000620893
-0.00113954
-0.00176778
-0.00250468
-0.00320142
-0.00380167
-0.00435828
-0.00496765
-0.00562153
-0.00631825
-0.00702426
-0.00767347
-0.0081569
-0.00831919
-0.00797198
-0.00688144
-0.00481893
0.000497137
0.000280477
-0.0002353
-0.000854329
-0.00148461
-0.00207777
-0.00269235
-0.00330425
-0.00389525
-0.00447392
-0.00509576
-0.00576042
-0.00646089
-0.00716881
-0.00783249
-0.00836636
-0.00862829
-0.00840576
-0.0074426
-0.00550311
0.000435462
0.000216177
-0.000323492
-0.000811484
-0.0014045
-0.00214503
-0.00287525
-0.00351692
-0.00416369
-0.0047725
-0.00543143
-0.00611044
-0.00680367
-0.00745029
-0.00799882
-0.00836864
-0.00847786
-0.00815928
-0.00717409
-0.00526232
0.000549736
0.000190008
-0.000388601
-0.00101741
-0.00165918
-0.00227168
-0.00285742
-0.00341687
-0.00402594
-0.00466208
-0.00536512
-0.00611981
-0.00693424
-0.00781868
-0.00873588
-0.00956226
-0.0101103
-0.0101434
-0.0093943
-0.00768723
0.000738185
5.53015e-05
-0.000573538
-0.00122676
-0.00183225
-0.00255805
-0.00327771
-0.00385471
-0.00444549
-0.00514011
-0.00584801
-0.00649294
-0.00688882
-0.00693801
-0.00660616
-0.00597046
-0.00520676
-0.00461746
-0.00457632
-0.00536433
0.000695615
8.54003e-05
-0.000577829
-0.00115514
-0.00168362
-0.00221582
-0.00273247
-0.00330742
-0.00399253
-0.00479766
-0.00571695
-0.00674287
-0.00787056
-0.00904841
-0.01022
-0.0112753
-0.0120562
-0.0123463
-0.0118769
-0.0104023
0.000849588
1.59566e-05
-0.000687916
-0.00130284
-0.00181367
-0.0024788
-0.00323057
-0.0040856
-0.00488874
-0.00547883
-0.00606518
-0.00677033
-0.00742602
-0.00786186
-0.00793722
-0.00766733
-0.00718433
-0.00677281
-0.00680644
-0.00763939
0.000821205
-1.91083e-05
-0.000697182
-0.00120841
-0.00157428
-0.00197754
-0.00241165
-0.00296814
-0.00371245
-0.00471724
-0.00600558
-0.00761027
-0.00944105
-0.0113321
-0.0130795
-0.0145157
-0.0154651
-0.015738
-0.015113
-0.0134002
0.0424703
0.0160381
0.00528434
0.00293241
0.00182355
0.000712863
-0.000256526
-0.000972008
-0.00149975
-0.00208
-0.00284462
-0.00359397
-0.00414804
-0.00465971
-0.00527096
-0.00591868
-0.00651
-0.00716959
-0.00798219
-0.00868811
-0.00922808
-0.00982947
-0.0104483
-0.0110457
-0.0116974
-0.0123987
-0.0130912
-0.013817
-0.0146033
-0.0153763
-0.0161649
-0.0169547
-0.0178373
-0.0187676
-0.019741
-0.0206817
-0.0216215
-0.022627
-0.02371
-0.0248732
-0.0260145
-0.0272444
-0.0285134
-0.0298789
-0.0313306
-0.0327757
-0.034375
-0.0359381
-0.0377213
-0.0397144
0.0414842
0.0160851
0.00532926
0.00295179
0.00183314
0.000718394
-0.000252706
-0.000969034
-0.00149724
-0.00207778
-0.00284267
-0.00359232
-0.00414662
-0.00465842
-0.00526979
-0.00591765
-0.00650909
-0.00716877
-0.00798147
-0.0086875
-0.00922754
-0.00982898
-0.0104478
-0.0110453
-0.011697
-0.0123983
-0.0130909
-0.0138167
-0.014603
-0.0153761
-0.0161647
-0.0169544
-0.0178371
-0.0187673
-0.0197408
-0.0206815
-0.0216213
-0.0226268
-0.0237098
-0.0248731
-0.0260144
-0.0272443
-0.0285133
-0.0298788
-0.0313305
-0.0327756
-0.0343749
-0.035938
-0.0377212
-0.0397144
0.0406664
0.0161842
0.00539654
0.00297467
0.0018446
0.000724751
-0.000248825
-0.000966231
-0.00149492
-0.00207574
-0.00284093
-0.00359088
-0.00414537
-0.00465727
-0.00526875
-0.00591674
-0.00650828
-0.00716802
-0.00798084
-0.00868698
-0.00922705
-0.00982854
-0.0104474
-0.011045
-0.0116967
-0.012398
-0.0130906
-0.0138164
-0.0146028
-0.0153759
-0.0161645
-0.0169542
-0.0178369
-0.0187672
-0.0197406
-0.0206814
-0.0216211
-0.0226267
-0.0237097
-0.024873
-0.0260143
-0.0272442
-0.0285132
-0.0298788
-0.0313305
-0.0327755
-0.0343749
-0.0359379
-0.0377212
-0.0397144
0.0399287
0.0163064
0.00548908
0.00300689
0.00186185
0.000734439
-0.000243511
-0.00096287
-0.00149239
-0.00207362
-0.00283913
-0.00358939
-0.00414407
-0.0046561
-0.00526771
-0.00591581
-0.00650743
-0.00716724
-0.00798021
-0.00868647
-0.00922655
-0.00982809
-0.0104471
-0.0110446
-0.0116963
-0.0123977
-0.0130904
-0.0138162
-0.0146025
-0.0153756
-0.0161643
-0.016954
-0.0178367
-0.018767
-0.0197405
-0.0206812
-0.021621
-0.0226265
-0.0237095
-0.0248728
-0.0260141
-0.0272441
-0.0285131
-0.0298787
-0.0313304
-0.0327754
-0.0343748
-0.0359379
-0.0377212
-0.0397145
0.0391866
0.0164322
0.00560046
0.00304881
0.00188682
0.000749557
-0.000235336
-0.000958192
-0.00148927
-0.00207118
-0.00283704
-0.00358762
-0.0041426
-0.00465484
-0.00526659
-0.00591479
-0.00650647
-0.00716635
-0.0079795
-0.0086859
-0.00922599
-0.00982759
-0.0104466
-0.0110442
-0.011696
-0.0123974
-0.0130901
-0.0138159
-0.0146023
-0.0153754
-0.0161641
-0.0169538
-0.0178365
-0.0187668
-0.0197403
-0.0206811
-0.0216208
-0.0226264
-0.0237094
-0.0248727
-0.026014
-0.027244
-0.028513
-0.0298786
-0.0313303
-0.0327754
-0.0343747
-0.0359378
-0.0377211
-0.0397146
0.0384262
0.0165564
0.00572224
0.00309648
0.00191812
0.000770375
-0.000223591
-0.000951708
-0.00148539
-0.00206834
-0.00283453
-0.00358541
-0.00414084
-0.00465347
-0.0052654
-0.00591365
-0.00650535
-0.0071653
-0.00797867
-0.00868522
-0.00922533
-0.00982702
-0.0104462
-0.0110438
-0.0116956
-0.0123971
-0.0130898
-0.0138156
-0.014602
-0.0153752
-0.0161639
-0.0169536
-0.0178363
-0.0187666
-0.0197401
-0.0206809
-0.0216207
-0.0226262
-0.0237092
-0.0248726
-0.0260139
-0.0272439
-0.0285129
-0.0298785
-0.0313302
-0.0327753
-0.0343746
-0.0359377
-0.0377211
-0.0397147
0.0376514
0.0166774
0.00584949
0.0031463
0.00195291
0.000795577
-0.000208459
-0.000943284
-0.00148066
-0.0020651
-0.00283151
-0.0035826
-0.0041387
-0.00465197
-0.00526414
-0.0059124
-0.00650407
-0.00716407
-0.00797764
-0.00868436
-0.00922452
-0.00982636
-0.0104456
-0.0110433
-0.0116951
-0.0123967
-0.0130894
-0.0138153
-0.0146017
-0.0153749
-0.0161636
-0.0169534
-0.0178361
-0.0187664
-0.0197399
-0.0206807
-0.0216205
-0.022626
-0.0237091
-0.0248724
-0.0260138
-0.0272437
-0.0285128
-0.0298784
-0.0313301
-0.0327752
-0.0343746
-0.0359376
-0.037721
-0.0397148
0.0368673
0.0167933
0.00598045
0.0031967
0.00198907
0.000823447
-0.000190741
-0.000933149
-0.00147518
-0.00206151
-0.00282799
-0.00357913
-0.00413608
-0.00465028
-0.00526282
-0.00591105
-0.00650265
-0.00716263
-0.00797637
-0.00868325
-0.00922353
-0.00982557
-0.010445
-0.0110427
-0.0116946
-0.0123963
-0.013089
-0.0138149
-0.0146014
-0.0153746
-0.0161634
-0.0169532
-0.0178359
-0.0187662
-0.0197398
-0.0206806
-0.0216203
-0.0226259
-0.0237089
-0.0248723
-0.0260136
-0.0272436
-0.0285126
-0.0298782
-0.03133
-0.0327751
-0.0343745
-0.0359375
-0.037721
-0.039715
0.0360765
0.0169028
0.00611509
0.00324741
0.00202555
0.000852742
-0.000171315
-0.000921698
-0.00146906
-0.0020577
-0.00282409
-0.00357502
-0.00413294
-0.00464835
-0.0052614
-0.00590963
-0.00650113
-0.00716102
-0.00797481
-0.00868181
-0.00922228
-0.00982463
-0.0104442
-0.011042
-0.0116941
-0.0123958
-0.0130886
-0.0138145
-0.0146011
-0.0153743
-0.0161631
-0.0169529
-0.0178356
-0.0187661
-0.0197396
-0.0206804
-0.0216201
-0.0226257
-0.0237088
-0.0248721
-0.0260135
-0.0272435
-0.0285125
-0.0298781
-0.0313299
-0.032775
-0.0343743
-0.0359374
-0.0377209
-0.0397151
0.0352812
0.0170048
0.00625389
0.00329864
0.00206198
0.000882802
-0.00015081
-0.000909299
-0.00146246
-0.00205374
-0.00281996
-0.0035704
-0.00412929
-0.00464616
-0.00525987
-0.00590816
-0.0064996
-0.00715934
-0.007973
-0.00868001
-0.00922071
-0.00982349
-0.0104434
-0.0110413
-0.0116934
-0.0123952
-0.0130881
-0.0138141
-0.0146007
-0.015374
-0.0161627
-0.0169526
-0.0178354
-0.0187658
-0.0197394
-0.0206802
-0.02162
-0.0226255
-0.0237086
-0.024872
-0.0260133
-0.0272433
-0.0285123
-0.029878
-0.0313298
-0.0327748
-0.0343742
-0.0359372
-0.0377207
-0.0397153
0.0344832
0.0170985
0.00639724
0.00335062
0.00209818
0.000913314
-0.000129589
-0.000896215
-0.00145545
-0.00204966
-0.0028157
-0.00356543
-0.00412522
-0.00464371
-0.00525821
-0.00590661
-0.0064981
-0.00715769
-0.00797105
-0.00867787
-0.00921878
-0.00982212
-0.0104424
-0.0110405
-0.0116927
-0.0123946
-0.0130875
-0.0138135
-0.0146002
-0.0153736
-0.0161624
-0.0169522
-0.0178351
-0.0187656
-0.0197392
-0.02068
-0.0216198
-0.0226253
-0.0237084
-0.0248718
-0.0260131
-0.0272431
-0.0285122
-0.0298778
-0.0313296
-0.0327747
-0.0343741
-0.035937
-0.0377205
-0.0397156
0.0336843
0.0171832
0.00654529
0.00340357
0.00213401
0.000944091
-0.000107853
-0.000882611
-0.00144808
-0.00204547
-0.00281136
-0.00356023
-0.00412082
-0.00464103
-0.00525643
-0.005905
-0.00649664
-0.00715615
-0.00796908
-0.00867544
-0.0092165
-0.00982047
-0.0104413
-0.0110397
-0.011692
-0.0123939
-0.0130868
-0.0138129
-0.0145996
-0.0153731
-0.016162
-0.0169519
-0.0178347
-0.0187653
-0.019739
-0.0206799
-0.0216196
-0.0226252
-0.0237082
-0.0248717
-0.026013
-0.0272429
-0.028512
-0.0298776
-0.0313294
-0.0327745
-0.0343739
-0.0359368
-0.0377202
-0.0397158
0.0328865
0.0172581
0.00669806
0.00345776
0.00216937
0.000974979
-8.57348e-05
-0.000868606
-0.00144037
-0.00204115
-0.00280694
-0.0035549
-0.00411617
-0.00463817
-0.00525454
-0.00590333
-0.00649523
-0.00715478
-0.00796719
-0.00867285
-0.00921389
-0.00981856
-0.01044
-0.0110388
-0.0116913
-0.0123932
-0.0130861
-0.0138122
-0.0145989
-0.0153726
-0.0161617
-0.0169515
-0.0178343
-0.0187649
-0.0197387
-0.0206797
-0.0216194
-0.022625
-0.0237081
-0.0248715
-0.0260128
-0.0272427
-0.0285117
-0.0298774
-0.0313292
-0.0327743
-0.0343737
-0.0359365
-0.0377199
-0.039716
0.0320914
0.0173222
0.00685556
0.00351361
0.00220423
0.00100583
-6.33414e-05
-0.000854291
-0.00143236
-0.00203668
-0.00280242
-0.00354947
-0.00411132
-0.00463514
-0.00525258
-0.00590162
-0.00649387
-0.00715361
-0.00796544
-0.00867022
-0.00921103
-0.0098164
-0.0104385
-0.0110379
-0.0116906
-0.0123924
-0.0130854
-0.0138114
-0.0145981
-0.0153719
-0.0161613
-0.0169511
-0.0178338
-0.0187644
-0.0197383
-0.0206795
-0.0216193
-0.0226248
-0.0237079
-0.0248713
-0.0260126
-0.0272426
-0.0285115
-0.0298771
-0.031329
-0.032774
-0.0343734
-0.0359361
-0.0377194
-0.0397162
0.0313006
0.0173745
0.00701781
0.00357163
0.00223859
0.00103653
-4.07541e-05
-0.000839728
-0.00142406
-0.00203203
-0.00279778
-0.00354395
-0.0041063
-0.00463197
-0.00525055
-0.00589989
-0.00649255
-0.00715263
-0.00796384
-0.00866761
-0.00920798
-0.00981403
-0.0104369
-0.011037
-0.0116899
-0.0123917
-0.0130847
-0.0138107
-0.0145973
-0.0153711
-0.0161608
-0.0169508
-0.0178333
-0.0187639
-0.0197379
-0.0206793
-0.0216191
-0.0226246
-0.0237077
-0.0248712
-0.0260125
-0.0272424
-0.0285113
-0.0298768
-0.0313287
-0.0327737
-0.0343731
-0.0359357
-0.0377189
-0.0397163
0.0305152
0.0174143
0.00718473
0.00363231
0.00227245
0.00106694
-1.80282e-05
-0.000824946
-0.00141552
-0.00202719
-0.00279301
-0.00353831
-0.00410113
-0.00462865
-0.00524845
-0.00589815
-0.00649128
-0.00715187
-0.00796235
-0.00866509
-0.00920484
-0.00981154
-0.0104352
-0.011036
-0.0116892
-0.012391
-0.0130839
-0.0138099
-0.0145963
-0.0153701
-0.0161603
-0.0169506
-0.0178328
-0.0187632
-0.0197373
-0.020679
-0.0216189
-0.0226245
-0.0237075
-0.024871
-0.0260123
-0.0272423
-0.0285111
-0.0298766
-0.0313284
-0.0327733
-0.0343727
-0.0359352
-0.0377182
-0.0397165
0.0297363
0.0174407
0.00735607
0.00369617
0.00230578
0.00109694
4.79816e-06
-0.000809941
-0.00140677
-0.00202213
-0.00278808
-0.00353253
-0.00409579
-0.00462517
-0.00524628
-0.00589639
-0.00649008
-0.0071513
-0.00796091
-0.00866266
-0.00920165
-0.00980896
-0.0104333
-0.0110349
-0.0116886
-0.0123903
-0.0130831
-0.0138091
-0.0145954
-0.0153691
-0.0161597
-0.0169504
-0.0178324
-0.0187624
-0.0197366
-0.0206786
-0.0216188
-0.0226244
-0.0237073
-0.0248708
-0.0260122
-0.0272422
-0.0285109
-0.0298763
-0.031328
-0.0327729
-0.0343723
-0.0359345
-0.0377173
-0.0397165
0.028965
0.017453
0.00753144
0.00376369
0.00233853
0.00112637
2.76921e-05
-0.000794684
-0.00139782
-0.00201685
-0.00278301
-0.0035266
-0.00409027
-0.00462153
-0.00524402
-0.0058946
-0.00648893
-0.00715087
-0.00795944
-0.00866028
-0.00919846
-0.00980635
-0.0104315
-0.0110339
-0.011688
-0.0123896
-0.0130822
-0.0138083
-0.0145944
-0.015368
-0.016159
-0.0169503
-0.0178321
-0.0187616
-0.0197357
-0.0206782
-0.0216187
-0.0226243
-0.0237072
-0.0248706
-0.0260121
-0.0272421
-0.0285108
-0.029876
-0.0313277
-0.0327724
-0.0343717
-0.0359338
-0.0377163
-0.0397165
0.0282021
0.0174503
0.00771026
0.00383536
0.00237066
0.00115505
5.06158e-05
-0.000779133
-0.00138864
-0.00201132
-0.00277781
-0.0035205
-0.00408456
-0.00461773
-0.00524167
-0.00589276
-0.00648784
-0.00715049
-0.00795781
-0.00865785
-0.00919529
-0.00980373
-0.0104296
-0.0110327
-0.0116874
-0.0123889
-0.0130814
-0.0138076
-0.0145934
-0.0153668
-0.0161583
-0.0169503
-0.0178319
-0.0187609
-0.0197347
-0.0206777
-0.0216185
-0.0226242
-0.023707
-0.0248704
-0.0260119
-0.0272421
-0.0285107
-0.0298758
-0.0313273
-0.0327719
-0.0343711
-0.0359329
-0.0377151
-0.0397165
0.0274484
0.0174318
0.0078918
0.00391165
0.00240213
0.00118278
7.35167e-05
-0.000763247
-0.00137921
-0.00200556
-0.00277249
-0.00351423
-0.00407865
-0.00461377
-0.00523921
-0.00589086
-0.00648682
-0.00715005
-0.00795589
-0.00865525
-0.00919218
-0.00980115
-0.0104277
-0.0110316
-0.0116868
-0.0123882
-0.0130805
-0.0138068
-0.0145924
-0.0153657
-0.0161575
-0.0169503
-0.0178317
-0.0187602
-0.0197337
-0.020677
-0.0216184
-0.0226242
-0.0237068
-0.0248702
-0.0260117
-0.027242
-0.0285107
-0.0298757
-0.0313269
-0.0327713
-0.0343704
-0.035932
-0.0377138
-0.0397163
0.0267048
0.0173969
0.00807521
0.00399306
0.00243299
0.00120931
9.63128e-05
-0.000746996
-0.00136947
-0.00199954
-0.00276705
-0.00350778
-0.00407253
-0.00460965
-0.00523665
-0.00588889
-0.00648586
-0.00714941
-0.00795353
-0.00865231
-0.0091891
-0.00979861
-0.0104259
-0.0110304
-0.0116862
-0.0123873
-0.0130797
-0.0138059
-0.0145913
-0.0153646
-0.0161567
-0.0169504
-0.0178316
-0.0187595
-0.0197326
-0.0206764
-0.0216183
-0.0226242
-0.0237067
-0.0248699
-0.0260115
-0.027242
-0.0285107
-0.0298756
-0.0313266
-0.0327707
-0.0343696
-0.0359309
-0.0377123
-0.0397161
0.0259723
0.0173449
0.00825953
0.00408005
0.00246337
0.00123443
0.000118873
-0.000730378
-0.00135938
-0.00199326
-0.00276149
-0.00350117
-0.00406618
-0.00460537
-0.00523398
-0.00588684
-0.00648492
-0.00714853
-0.00795061
-0.0086489
-0.00918605
-0.00979612
-0.010424
-0.0110292
-0.0116855
-0.0123864
-0.0130788
-0.0138051
-0.0145902
-0.0153636
-0.016156
-0.0169505
-0.0178314
-0.0187588
-0.0197316
-0.0206756
-0.0216181
-0.0226243
-0.0237066
-0.0248697
-0.0260112
-0.0272419
-0.0285107
-0.0298756
-0.0313263
-0.0327701
-0.0343688
-0.0359297
-0.0377106
-0.0397159
0.0252517
0.0172754
0.00844362
0.00417306
0.0024935
0.0012579
0.000141022
-0.000713419
-0.00134887
-0.00198672
-0.00275579
-0.0034944
-0.00405962
-0.00460092
-0.00523123
-0.00588472
-0.00648399
-0.00714738
-0.0079471
-0.00864493
-0.00918301
-0.00979369
-0.0104222
-0.0110281
-0.0116848
-0.0123854
-0.013078
-0.0138042
-0.0145891
-0.0153624
-0.0161553
-0.0169506
-0.0178313
-0.0187582
-0.0197305
-0.0206748
-0.021618
-0.0226244
-0.0237065
-0.0248695
-0.026011
-0.0272419
-0.0285108
-0.0298756
-0.031326
-0.0327695
-0.034368
-0.0359284
-0.0377087
-0.0397155
0.0245432
0.0171881
0.00862629
0.00427246
0.00252368
0.00127949
0.00016255
-0.000696155
-0.00133792
-0.00197991
-0.00274994
-0.00348749
-0.00405286
-0.00459631
-0.00522841
-0.00588251
-0.006483
-0.007146
-0.00794301
-0.0086404
-0.00917997
-0.00979129
-0.0104204
-0.0110269
-0.0116839
-0.0123843
-0.0130772
-0.0138033
-0.0145879
-0.0153612
-0.0161546
-0.0169506
-0.0178312
-0.0187575
-0.0197295
-0.020674
-0.0216178
-0.0226245
-0.0237065
-0.0248692
-0.0260107
-0.0272418
-0.0285108
-0.0298756
-0.0313258
-0.0327689
-0.0343671
-0.035927
-0.0377068
-0.0397151
0.023847
0.0170829
0.00880627
0.00437853
0.00255432
0.00129898
0.000183167
-0.000678655
-0.00132648
-0.00197282
-0.00274393
-0.00348044
-0.0040459
-0.00459155
-0.00522555
-0.00588024
-0.00648192
-0.00714443
-0.00793839
-0.00863536
-0.00917691
-0.0097889
-0.0104185
-0.0110257
-0.0116829
-0.0123831
-0.0130764
-0.0138024
-0.0145866
-0.0153599
-0.0161539
-0.0169506
-0.017831
-0.0187567
-0.0197284
-0.0206731
-0.0216176
-0.0226246
-0.0237064
-0.024869
-0.0260105
-0.0272418
-0.0285109
-0.0298756
-0.0313254
-0.0327683
-0.0343661
-0.0359256
-0.0377047
-0.0397147
0.0231646
0.0169596
0.0089821
0.00449148
0.00258602
0.00131626
0.000202555
-0.000661052
-0.00131457
-0.00196547
-0.00273776
-0.00347326
-0.00403877
-0.00458662
-0.00522264
-0.00587787
-0.00648072
-0.00714271
-0.00793336
-0.0086299
-0.00917381
-0.00978649
-0.0104166
-0.0110244
-0.0116818
-0.0123818
-0.0130755
-0.0138015
-0.0145853
-0.0153585
-0.0161532
-0.0169505
-0.0178307
-0.0187558
-0.0197272
-0.0206721
-0.0216174
-0.0226247
-0.0237063
-0.0248688
-0.0260103
-0.0272417
-0.028511
-0.0298756
-0.0313251
-0.0327677
-0.0343652
-0.0359242
-0.0377025
-0.0397142
0.0224966
0.0168187
0.00915201
0.00461109
0.00261937
0.00133125
0.000220397
-0.000643472
-0.00130217
-0.00195785
-0.00273143
-0.00346595
-0.00403147
-0.00458156
-0.00521967
-0.0058754
-0.00647938
-0.00714088
-0.007928
-0.00862411
-0.00917067
-0.00978402
-0.0104145
-0.0110232
-0.0116806
-0.0123804
-0.0130745
-0.0138005
-0.0145839
-0.015357
-0.0161524
-0.0169503
-0.0178304
-0.0187549
-0.0197261
-0.020671
-0.0216172
-0.0226248
-0.0237062
-0.0248685
-0.0260101
-0.0272417
-0.0285112
-0.0298755
-0.0313247
-0.0327669
-0.0343642
-0.0359227
-0.0377003
-0.0397137
0.0218437
0.0166609
0.00931456
0.00473695
0.0026551
0.00134398
0.000236279
-0.000626148
-0.00128932
-0.00194995
-0.00272493
-0.00345849
-0.00402399
-0.00457634
-0.00521665
-0.00587283
-0.00647789
-0.00713897
-0.00792237
-0.00861806
-0.00916748
-0.00978147
-0.0104124
-0.0110219
-0.0116793
-0.012379
-0.0130735
-0.0137995
-0.0145824
-0.0153553
-0.0161516
-0.01695
-0.0178301
-0.0187539
-0.0197248
-0.0206699
-0.0216169
-0.0226248
-0.023706
-0.0248682
-0.0260099
-0.0272418
-0.0285113
-0.0298754
-0.0313242
-0.0327662
-0.0343632
-0.0359212
-0.0376979
-0.0397131
0.0212088
0.0164877
0.00946874
0.00486889
0.00269422
0.00135478
0.000249981
-0.000609272
-0.00127605
-0.00194179
-0.00271833
-0.00345091
-0.00401635
-0.00457093
-0.0052135
-0.00587014
-0.00647628
-0.00713694
-0.00791654
-0.00861178
-0.00916421
-0.00977882
-0.0104102
-0.0110205
-0.0116778
-0.0123775
-0.0130724
-0.0137984
-0.0145809
-0.0153537
-0.0161506
-0.0169496
-0.0178296
-0.0187528
-0.0197234
-0.0206686
-0.0216165
-0.0226249
-0.0237059
-0.0248678
-0.0260097
-0.0272418
-0.0285114
-0.0298753
-0.0313235
-0.0327653
-0.0343621
-0.0359196
-0.0376955
-0.0397125
0.0205868
0.0162985
0.00961161
0.00500504
0.00273705
0.00136366
0.000261091
-0.000593045
-0.00126229
-0.00193325
-0.00271158
-0.00344323
-0.00400858
-0.00456539
-0.00521023
-0.00586732
-0.00647454
-0.00713491
-0.00791052
-0.00860532
-0.00916087
-0.00977605
-0.0104079
-0.0110191
-0.0116763
-0.012376
-0.0130712
-0.0137973
-0.0145793
-0.0153519
-0.0161496
-0.0169491
-0.0178291
-0.0187516
-0.0197219
-0.0206673
-0.0216161
-0.0226249
-0.0237057
-0.0248675
-0.0260095
-0.027242
-0.0285116
-0.0298751
-0.0313228
-0.0327643
-0.034361
-0.035918
-0.037693
-0.0397118
0.0199827
0.0160962
0.0097425
0.00514479
0.00278468
0.00137103
0.000269084
-0.000578091
-0.00124827
-0.00192431
-0.00270459
-0.00343534
-0.00400062
-0.0045597
-0.00520686
-0.0058644
-0.00647268
-0.00713281
-0.00790434
-0.00859867
-0.00915744
-0.00977318
-0.0104054
-0.0110177
-0.0116747
-0.0123744
-0.0130699
-0.0137961
-0.0145776
-0.0153502
-0.0161484
-0.0169486
-0.0178286
-0.0187504
-0.0197204
-0.0206658
-0.0216156
-0.022625
-0.0237055
-0.024867
-0.0260093
-0.0272421
-0.0285117
-0.0298749
-0.0313221
-0.0327632
-0.0343598
-0.0359164
-0.0376905
-0.0397112
0.0194018
0.0158822
0.00986034
0.00528724
0.00283795
0.00137793
0.000274212
-0.000564578
-0.00123421
-0.0019152
-0.00269762
-0.0034274
-0.00399247
-0.00455377
-0.00520328
-0.00586135
-0.00647071
-0.00713063
-0.007898
-0.00859183
-0.0091539
-0.00977019
-0.0104029
-0.0110162
-0.0116731
-0.0123727
-0.0130686
-0.0137949
-0.0145759
-0.0153484
-0.0161472
-0.0169481
-0.017828
-0.0187491
-0.0197188
-0.0206643
-0.0216151
-0.022625
-0.0237052
-0.0248666
-0.0260091
-0.0272423
-0.0285119
-0.0298746
-0.0313212
-0.0327621
-0.0343585
-0.0359147
-0.0376878
-0.0397105
0.0188386
0.0156563
0.00996185
0.00542912
0.00289618
0.00138411
0.000275988
-0.000552698
-0.00121976
-0.00190543
-0.00269046
-0.00341945
-0.0039843
-0.00454778
-0.00519962
-0.00585823
-0.00646865
-0.00712841
-0.00789155
-0.00858484
-0.00915025
-0.00976709
-0.0104002
-0.0110147
-0.0116714
-0.0123709
-0.0130672
-0.0137935
-0.0145741
-0.0153465
-0.0161459
-0.0169475
-0.0178273
-0.0187478
-0.0197171
-0.0206628
-0.0216146
-0.022625
-0.0237049
-0.0248661
-0.0260088
-0.0272425
-0.028512
-0.0298743
-0.0313203
-0.0327609
-0.0343572
-0.035913
-0.0376851
-0.0397097
0.0183097
0.0154265
0.0100512
0.00557254
0.00296149
0.00139095
0.000274217
-0.000543283
-0.0012054
-0.00189502
-0.00268283
-0.00341125
-0.00397592
-0.0045416
-0.00519585
-0.00585501
-0.00646645
-0.00712607
-0.00788496
-0.00857769
-0.0091465
-0.00976388
-0.0103975
-0.0110131
-0.0116697
-0.0123691
-0.0130658
-0.0137922
-0.0145722
-0.0153446
-0.0161445
-0.0169468
-0.0178266
-0.0187465
-0.0197154
-0.0206612
-0.0216141
-0.022625
-0.0237046
-0.0248655
-0.0260086
-0.0272427
-0.0285122
-0.029874
-0.0313193
-0.0327596
-0.0343558
-0.0359112
-0.0376823
-0.0397089
0.0177857
0.0151871
0.0101227
0.00571254
0.00303285
0.00139956
0.000269565
-0.000536719
-0.00119175
-0.00188445
-0.00267521
-0.00340299
-0.00396725
-0.00453509
-0.00519182
-0.00585166
-0.00646415
-0.00712365
-0.00787827
-0.0085704
-0.0091426
-0.00976058
-0.0103947
-0.0110114
-0.0116679
-0.0123671
-0.0130643
-0.0137908
-0.0145703
-0.0153427
-0.0161431
-0.0169462
-0.0178259
-0.0187451
-0.0197136
-0.0206595
-0.0216135
-0.0226249
-0.0237042
-0.0248649
-0.0260083
-0.0272429
-0.0285123
-0.0298737
-0.0313183
-0.0327583
-0.0343543
-0.0359093
-0.0376794
-0.039708
0.0172628
0.0149364
0.0101725
0.0058452
0.00310776
0.00140909
0.000261452
-0.000533195
-0.00117839
-0.00187314
-0.00266738
-0.00339495
-0.00395884
-0.00452873
-0.00518789
-0.00584835
-0.00646179
-0.0071212
-0.00787158
-0.00856303
-0.00913858
-0.00975718
-0.0103919
-0.0110097
-0.011666
-0.0123651
-0.0130627
-0.0137893
-0.0145682
-0.0153407
-0.0161416
-0.0169454
-0.0178251
-0.0187436
-0.0197117
-0.0206579
-0.0216129
-0.0226249
-0.0237039
-0.0248643
-0.026008
-0.0272431
-0.0285124
-0.0298733
-0.0313172
-0.0327569
-0.0343528
-0.0359074
-0.0376764
-0.0397071
0.0167979
0.0146967
0.0102156
0.00597677
0.00318973
0.00142241
0.00025084
-0.000533357
-0.00116609
-0.00186113
-0.00265878
-0.00338654
-0.00395011
-0.00452206
-0.00518378
-0.00584488
-0.00645925
-0.00711856
-0.00786477
-0.00855558
-0.00913444
-0.00975369
-0.0103889
-0.0110079
-0.0116641
-0.0123631
-0.0130611
-0.0137877
-0.0145662
-0.0153386
-0.0161401
-0.0169447
-0.0178243
-0.0187422
-0.0197098
-0.0206562
-0.0216123
-0.0226248
-0.0237035
-0.0248637
-0.0260077
-0.0272434
-0.0285125
-0.0298729
-0.0313161
-0.0327555
-0.0343512
-0.0359055
-0.0376733
-0.0397061
0.016321
0.01445
0.01024
0.00609827
0.00327483
0.00144015
0.000238487
-0.000537688
-0.0011557
-0.00184894
-0.00264986
-0.00337791
-0.00394099
-0.00451498
-0.00517938
-0.00584126
-0.0064566
-0.00711584
-0.00785794
-0.00854803
-0.00913013
-0.00975008
-0.0103859
-0.011006
-0.0116621
-0.0123609
-0.0130595
-0.0137861
-0.014564
-0.0153364
-0.0161386
-0.0169439
-0.0178234
-0.0187407
-0.0197079
-0.0206544
-0.0216116
-0.0226248
-0.0237031
-0.0248631
-0.0260074
-0.0272436
-0.0285126
-0.0298725
-0.0313149
-0.032754
-0.0343495
-0.0359034
-0.0376702
-0.039705
0.0158261
0.014191
0.0102402
0.00620497
0.00335859
0.0014611
0.000224303
-0.000546113
-0.00114714
-0.00183645
-0.00264081
-0.00336975
-0.00393252
-0.00450839
-0.00517533
-0.00583786
-0.00645396
-0.00711311
-0.00785121
-0.0085405
-0.00912573
-0.00974642
-0.0103829
-0.0110041
-0.0116601
-0.0123587
-0.0130578
-0.0137845
-0.0145618
-0.0153343
-0.016137
-0.0169431
-0.0178225
-0.0187391
-0.0197059
-0.0206527
-0.0216109
-0.0226247
-0.0237027
-0.0248624
-0.026007
-0.0272438
-0.0285126
-0.0298721
-0.0313138
-0.0327525
-0.0343478
-0.0359013
-0.0376669
-0.0397039
0.0154173
0.0139582
0.0102419
0.00630832
0.00344607
0.00148901
0.000210684
-0.000558517
-0.00114128
-0.00182377
-0.00263069
-0.00336098
-0.0039235
-0.00450121
-0.00517091
-0.00583416
-0.00645107
-0.00711014
-0.00784437
-0.00853293
-0.00912122
-0.00974265
-0.0103797
-0.011002
-0.011658
-0.0123565
-0.013056
-0.0137827
-0.0145595
-0.015332
-0.0161353
-0.0169422
-0.0178216
-0.0187375
-0.0197039
-0.0206509
-0.0216102
-0.0226246
-0.0237023
-0.0248617
-0.0260067
-0.027244
-0.0285127
-0.0298717
-0.0313125
-0.0327509
-0.0343459
-0.0358991
-0.0376635
-0.0397027
0.0149835
0.0137189
0.0102267
0.00639688
0.0035309
0.00152202
0.000197279
-0.000575609
-0.00113888
-0.00181123
-0.00261982
-0.00335169
-0.00391405
-0.00449368
-0.00516618
-0.00583027
-0.00644802
-0.00710704
-0.00783754
-0.00852528
-0.0091165
-0.00973874
-0.0103765
-0.0109999
-0.0116559
-0.0123541
-0.0130541
-0.0137809
-0.0145571
-0.0153297
-0.0161336
-0.0169413
-0.0178206
-0.0187358
-0.0197018
-0.020649
-0.0216095
-0.0226245
-0.0237019
-0.0248611
-0.0260063
-0.0272442
-0.0285127
-0.0298712
-0.0313113
-0.0327493
-0.034344
-0.0358969
-0.0376601
-0.0397014
0.0145181
0.0134646
0.0101862
0.00646417
0.00360781
0.001558
0.000184332
-0.000597108
-0.00114052
-0.00179976
-0.00260903
-0.00334296
-0.00390558
-0.00448698
-0.00516213
-0.00582691
-0.00644518
-0.00710405
-0.00783089
-0.00851773
-0.00911176
-0.00973483
-0.0103732
-0.0109977
-0.0116537
-0.0123517
-0.0130522
-0.013779
-0.0145547
-0.0153273
-0.0161319
-0.0169404
-0.0178196
-0.0187341
-0.0196996
-0.0206471
-0.0216087
-0.0226244
-0.0237014
-0.0248604
-0.0260059
-0.0272444
-0.0285127
-0.0298708
-0.0313099
-0.0327476
-0.034342
-0.0358946
-0.0376565
-0.0397
0.0141742
0.0132513
0.0101546
0.00652862
0.00368555
0.00160282
0.000176418
-0.000621057
-0.00114627
-0.00178942
-0.00259738
-0.00333343
-0.00389626
-0.00447934
-0.00515733
-0.00582288
-0.00644187
-0.00710071
-0.00782408
-0.00851016
-0.0091069
-0.00973077
-0.0103698
-0.0109954
-0.0116513
-0.0123493
-0.0130502
-0.0137771
-0.0145522
-0.0153248
-0.0161301
-0.0169394
-0.0178186
-0.0187324
-0.0196974
-0.0206451
-0.0216079
-0.0226242
-0.023701
-0.0248597
-0.0260055
-0.0272446
-0.0285127
-0.0298702
-0.0313085
-0.0327459
-0.03434
-0.0358922
-0.0376529
-0.0396986
0.0138104
0.0130294
0.0101049
0.00657596
0.00375522
0.00165048
0.000171209
-0.000648461
-0.00115651
-0.00178014
-0.00258475
-0.00332288
-0.00388647
-0.00447159
-0.00515251
-0.00581895
-0.00643854
-0.00709726
-0.00781729
-0.00850249
-0.0091018
-0.00972657
-0.0103663
-0.010993
-0.0116489
-0.0123467
-0.0130481
-0.013775
-0.0145496
-0.0153223
-0.0161282
-0.0169383
-0.0178175
-0.0187306
-0.0196952
-0.0206431
-0.021607
-0.0226241
-0.0237005
-0.024859
-0.0260051
-0.0272448
-0.0285127
-0.0298697
-0.0313071
-0.0327441
-0.0343378
-0.0358898
-0.0376492
-0.039697
0.0134095
0.0127919
0.0100314
0.00660067
0.00381088
0.00169682
0.000168259
-0.000678954
-0.00117225
-0.00177409
-0.00257299
-0.00331292
-0.00387767
-0.00446474
-0.00514844
-0.00581562
-0.00643547
-0.00709397
-0.00781074
-0.008495
-0.00909678
-0.00972242
-0.0103628
-0.0109906
-0.0116465
-0.0123442
-0.0130459
-0.0137729
-0.014547
-0.0153197
-0.0161263
-0.0169372
-0.0178163
-0.0187287
-0.0196929
-0.0206411
-0.0216061
-0.0226239
-0.0237
-0.0248582
-0.0260047
-0.0272449
-0.0285126
-0.0298691
-0.0313056
-0.0327422
-0.0343355
-0.0358872
-0.0376454
-0.0396954
0.0131423
0.0125952
0.00996647
0.00662357
0.00386362
0.00174835
0.000172787
-0.000709382
-0.00119266
-0.0017713
-0.00256162
-0.00330231
-0.00386775
-0.00445667
-0.00514336
-0.00581136
-0.00643176
-0.00709024
-0.007804
-0.00848751
-0.0090916
-0.00971808
-0.0103592
-0.010988
-0.011644
-0.0123415
-0.0130437
-0.0137707
-0.0145442
-0.015317
-0.0161244
-0.0169361
-0.0178151
-0.0187268
-0.0196905
-0.020639
-0.0216052
-0.0226237
-0.0236994
-0.0248575
-0.0260042
-0.0272451
-0.0285125
-0.0298685
-0.0313041
-0.0327402
-0.0343332
-0.0358846
-0.0376416
-0.0396936
0.0129143
0.0124001
0.0098894
0.0066335
0.00390574
0.00179799
0.000181748
-0.000740211
-0.00121708
-0.0017706
-0.00254972
-0.00329037
-0.00385702
-0.00444861
-0.00513877
-0.00580787
-0.00642849
-0.0070866
-0.00779735
-0.00847993
-0.00908623
-0.00971365
-0.0103555
-0.0109854
-0.0116414
-0.0123387
-0.0130413
-0.0137684
-0.0145414
-0.0153143
-0.0161223
-0.0169348
-0.0178138
-0.0187248
-0.0196881
-0.0206368
-0.0216042
-0.0226234
-0.0236989
-0.0248568
-0.0260037
-0.0272452
-0.0285124
-0.0298679
-0.0313025
-0.0327382
-0.0343307
-0.0358819
-0.0376376
-0.0396917
0.0126366
0.012193
0.00979787
0.0066273
0.00393273
0.001841
0.000194209
-0.000770092
-0.00124574
-0.00177451
-0.00254031
-0.0032798
-0.00384727
-0.00444105
-0.00513448
-0.00580444
-0.00642502
-0.0070828
-0.0077908
-0.00847257
-0.00908098
-0.00970926
-0.0103517
-0.0109827
-0.0116387
-0.0123359
-0.0130389
-0.0137661
-0.0145386
-0.0153115
-0.0161202
-0.0169335
-0.0178125
-0.0187228
-0.0196856
-0.0206346
-0.0216032
-0.0226232
-0.0236983
-0.024856
-0.0260032
-0.0272453
-0.0285122
-0.0298672
-0.0313008
-0.0327362
-0.0343281
-0.0358792
-0.0376336
-0.0396897
0.0123385
0.0119918
0.00970657
0.00661529
0.00395083
0.00188012
0.000211346
-0.00079872
-0.00127937
-0.00178371
-0.00253324
-0.00326919
-0.00383622
-0.00443197
-0.00512915
-0.0058006
-0.00642148
-0.00707899
-0.0077843
-0.00846524
-0.00907554
-0.0097047
-0.0103479
-0.0109799
-0.0116359
-0.012333
-0.0130364
-0.0137636
-0.0145356
-0.0153086
-0.016118
-0.0169322
-0.0178111
-0.0187207
-0.0196831
-0.0206324
-0.0216022
-0.0226229
-0.0236977
-0.0248552
-0.0260027
-0.0272453
-0.028512
-0.0298665
-0.0312991
-0.032734
-0.0343255
-0.0358763
-0.0376295
-0.0396876
0.0120394
0.0117949
0.00961233
0.00659706
0.00395897
0.0019111
0.000229688
-0.000825744
-0.00131527
-0.00179521
-0.00252655
-0.003258
-0.00382446
-0.00442266
-0.00512433
-0.00579763
-0.00641839
-0.00707511
-0.00777775
-0.00845786
-0.00907004
-0.00970011
-0.010344
-0.0109769
-0.011633
-0.0123301
-0.0130338
-0.013761
-0.0145325
-0.0153056
-0.0161158
-0.0169307
-0.0178096
-0.0187185
-0.0196805
-0.0206301
-0.0216011
-0.0226225
-0.0236971
-0.0248545
-0.0260022
-0.0272454
-0.0285118
-0.0298658
-0.0312973
-0.0327318
-0.0343227
-0.0358734
-0.0376254
-0.0396854
0.0117331
0.0115949
0.00951366
0.00657165
0.00395585
0.00193282
0.000250697
-0.000847677
-0.00135174
-0.00181053
-0.00252359
-0.00324953
-0.00381408
-0.00441345
-0.0051191
-0.00579416
-0.00641481
-0.007071
-0.00777135
-0.00845075
-0.00906459
-0.00969548
-0.01034
-0.0109739
-0.0116301
-0.012327
-0.013031
-0.0137583
-0.0145294
-0.0153026
-0.0161134
-0.0169292
-0.0178081
-0.0187163
-0.0196778
-0.0206278
-0.0215999
-0.0226222
-0.0236964
-0.0248537
-0.0260016
-0.0272454
-0.0285115
-0.029865
-0.0312955
-0.0327295
-0.0343198
-0.0358704
-0.0376212
-0.039683
0.0114138
0.0113893
0.00941015
0.00653943
0.0039449
0.00194782
0.000272796
-0.000867371
-0.00139211
-0.00183143
-0.00252422
-0.00324239
-0.00380295
-0.00440254
-0.00511272
-0.00579077
-0.00641188
-0.00706734
-0.00776513
-0.00844358
-0.00905895
-0.00969075
-0.0103359
-0.0109708
-0.011627
-0.0123238
-0.0130282
-0.0137556
-0.0145262
-0.0152995
-0.016111
-0.0169276
-0.0178065
-0.018714
-0.0196751
-0.0206254
-0.0215987
-0.0226218
-0.0236958
-0.0248529
-0.026001
-0.0272454
-0.0285112
-0.0298642
-0.0312936
-0.0327272
-0.0343168
-0.0358672
-0.037617
-0.0396806
0.0110841
0.0111778
0.00930349
0.00650405
0.00392821
0.00195221
0.000290255
-0.000886301
-0.00143378
-0.00185464
-0.00252631
-0.0032362
-0.00379218
-0.00439154
-0.00510666
-0.00578793
-0.00640901
-0.00706332
-0.00775876
-0.00843655
-0.00905343
-0.00968605
-0.0103318
-0.0109676
-0.0116239
-0.0123206
-0.0130253
-0.0137527
-0.0145229
-0.0152963
-0.0161085
-0.0169259
-0.0178048
-0.0187116
-0.0196723
-0.0206229
-0.0215975
-0.0226214
-0.0236951
-0.024852
-0.0260004
-0.0272454
-0.0285108
-0.0298633
-0.0312916
-0.0327247
-0.0343137
-0.035864
-0.0376127
-0.0396779
0.0107503
0.010961
0.00919439
0.0064641
0.00390206
0.00194397
0.000304495
-0.000900627
-0.0014747
-0.00188062
-0.00253148
-0.00323308
-0.00378346
-0.00438068
-0.00509964
-0.00578425
-0.00640586
-0.00705951
-0.00775287
-0.0084298
-0.00904785
-0.00968126
-0.0103277
-0.0109643
-0.0116206
-0.0123173
-0.0130223
-0.0137497
-0.0145195
-0.015293
-0.0161059
-0.0169242
-0.0178031
-0.0187092
-0.0196695
-0.0206204
-0.0215962
-0.0226209
-0.0236943
-0.0248512
-0.0259997
-0.0272453
-0.0285104
-0.0298624
-0.0312895
-0.0327222
-0.0343105
-0.0358607
-0.0376083
-0.0396752
0.0104177
0.0107397
0.00908013
0.00641603
0.0038685
0.00192731
0.000316159
-0.000912479
-0.00151691
-0.00191057
-0.00253996
-0.00323278
-0.00377587
-0.00436876
-0.00509138
-0.00578065
-0.00640342
-0.00705603
-0.00774697
-0.00842298
-0.00904222
-0.00967647
-0.0103235
-0.0109609
-0.0116172
-0.0123139
-0.0130192
-0.0137466
-0.014516
-0.0152896
-0.0161032
-0.0169224
-0.0178013
-0.0187066
-0.0196666
-0.0206179
-0.0215949
-0.0226204
-0.0236936
-0.0248504
-0.025999
-0.0272452
-0.0285099
-0.0298614
-0.0312874
-0.0327196
-0.0343072
-0.0358573
-0.0376039
-0.0396723
0.010093
0.010513
0.00895766
0.00636203
0.00383142
0.00190206
0.000321168
-0.000923829
-0.00155996
-0.00194357
-0.00255063
-0.00323441
-0.00376975
-0.00435718
-0.00508312
-0.0057771
-0.00640077
-0.00705228
-0.00774123
-0.00841654
-0.00903673
-0.0096716
-0.0103192
-0.0109574
-0.0116138
-0.0123104
-0.0130159
-0.0137434
-0.0145124
-0.0152862
-0.0161005
-0.0169204
-0.0177994
-0.0187041
-0.0196636
-0.0206153
-0.0215935
-0.0226198
-0.0236928
-0.0248495
-0.0259983
-0.027245
-0.0285093
-0.0298604
-0.0312852
-0.0327169
-0.0343038
-0.0358537
-0.0375995
-0.0396693
0.00978032
0.0102801
0.00882761
0.00630354
0.00379021
0.00186736
0.000318917
-0.000934292
-0.00160318
-0.00197934
-0.00256305
-0.00323846
-0.00376664
-0.00434656
-0.00507393
-0.0057726
-0.00639797
-0.0070489
-0.00773594
-0.00841029
-0.00903119
-0.00966676
-0.0103149
-0.0109539
-0.0116102
-0.0123067
-0.0130126
-0.0137401
-0.0145087
-0.0152826
-0.0160976
-0.0169184
-0.0177974
-0.0187014
-0.0196606
-0.0206126
-0.0215921
-0.0226193
-0.0236919
-0.0248487
-0.0259975
-0.0272448
-0.0285087
-0.0298593
-0.0312829
-0.0327141
-0.0343003
-0.0358501
-0.037595
-0.0396661
0.00948182
0.0100448
0.00869069
0.0062389
0.00374392
0.00182334
0.000308174
-0.000944446
-0.00164573
-0.00201758
-0.00257792
-0.00324567
-0.00376656
-0.00433622
-0.00506365
-0.00576785
-0.00639553
-0.00704564
-0.00773069
-0.0084042
-0.00902584
-0.00966198
-0.0103105
-0.0109502
-0.0116066
-0.0123031
-0.0130091
-0.0137366
-0.0145049
-0.015279
-0.0160946
-0.0169163
-0.0177953
-0.0186987
-0.0196575
-0.0206099
-0.0215906
-0.0226186
-0.0236911
-0.0248478
-0.0259967
-0.0272446
-0.028508
-0.0298582
-0.0312806
-0.0327112
-0.0342967
-0.0358463
-0.0375904
-0.0396628
0.00919766
0.0098079
0.00854419
0.00616611
0.00369253
0.00177134
0.000289367
-0.000954352
-0.001688
-0.00205976
-0.00259571
-0.0032547
-0.00376875
-0.00432724
-0.00505349
-0.00576296
-0.00639287
-0.00704224
-0.00772575
-0.00839858
-0.00902063
-0.00965713
-0.0103061
-0.0109465
-0.0116028
-0.0122992
-0.0130055
-0.013733
-0.0145011
-0.0152753
-0.0160915
-0.016914
-0.0177932
-0.0186959
-0.0196543
-0.0206072
-0.021589
-0.0226179
-0.0236901
-0.0248469
-0.0259958
-0.0272443
-0.0285073
-0.0298569
-0.0312781
-0.0327081
-0.034293
-0.0358424
-0.0375859
-0.0396594
0.00892234
0.00957077
0.00838815
0.00608468
0.00363725
0.00171361
0.000261902
-0.000966298
-0.00173075
-0.00210541
-0.0026151
-0.00326496
-0.00377446
-0.00432062
-0.00504295
-0.00575706
-0.00638989
-0.00703907
-0.0077212
-0.00839318
-0.00901547
-0.00965239
-0.0103018
-0.0109427
-0.0115989
-0.0122953
-0.0130019
-0.0137293
-0.0144971
-0.0152715
-0.0160883
-0.0169117
-0.017791
-0.018693
-0.019651
-0.0206043
-0.0215874
-0.0226172
-0.0236892
-0.024846
-0.0259949
-0.0272439
-0.0285064
-0.0298556
-0.0312756
-0.032705
-0.0342892
-0.0358384
-0.0375812
-0.0396558
0.00865458
0.00933654
0.00822286
0.0059942
0.0035783
0.00164993
0.000223793
-0.000981588
-0.00177255
-0.00215337
-0.00263693
-0.0032774
-0.0037837
-0.00431592
-0.00503203
-0.00575083
-0.00638715
-0.00703592
-0.00771664
-0.00838807
-0.00901073
-0.00964781
-0.0102974
-0.0109387
-0.0115949
-0.0122913
-0.012998
-0.0137255
-0.014493
-0.0152676
-0.0160851
-0.0169093
-0.0177887
-0.01869
-0.0196477
-0.0206015
-0.0215857
-0.0226164
-0.0236882
-0.024845
-0.025994
-0.0272435
-0.0285055
-0.0298543
-0.031273
-0.0327018
-0.0342853
-0.0358343
-0.0375766
-0.0396521
0.00839544
0.00910538
0.00804805
0.00589324
0.00351404
0.00158042
0.000175412
-0.00100016
-0.00181305
-0.0022048
-0.00266259
-0.00329115
-0.00379532
-0.00431384
-0.00502182
-0.00574443
-0.00638423
-0.00703253
-0.00771232
-0.00838354
-0.00900622
-0.00964319
-0.0102929
-0.0109348
-0.0115909
-0.0122871
-0.012994
-0.0137215
-0.0144889
-0.0152636
-0.0160816
-0.0169067
-0.0177863
-0.018687
-0.0196443
-0.0205985
-0.021584
-0.0226155
-0.0236871
-0.0248441
-0.025993
-0.027243
-0.0285045
-0.0298528
-0.0312703
-0.0326984
-0.0342814
-0.03583
-0.0375719
-0.0396482
0.00813883
0.00887514
0.00786446
0.0057811
0.00344404
0.00150673
0.000117563
-0.00102341
-0.00185305
-0.0022596
-0.00269145
-0.00330555
-0.00380981
-0.00431535
-0.00501244
-0.00573727
-0.006381
-0.00702936
-0.00770821
-0.00837912
-0.00900186
-0.00963884
-0.0102886
-0.0109308
-0.0115866
-0.0122829
-0.01299
-0.0137174
-0.0144846
-0.0152595
-0.0160781
-0.0169041
-0.0177838
-0.0186838
-0.0196408
-0.0205955
-0.0215822
-0.0226146
-0.023686
-0.0248431
-0.0259919
-0.0272425
-0.0285035
-0.0298512
-0.0312676
-0.032695
-0.0342773
-0.0358257
-0.0375671
-0.0396442
0.00788002
0.00864657
0.00767503
0.00565815
0.00336737
0.00142977
5.07001e-05
-0.00105351
-0.00189288
-0.00231651
-0.00272405
-0.00332154
-0.00382687
-0.00432004
-0.00500393
-0.00572983
-0.00637796
-0.00702633
-0.00770396
-0.00837495
-0.00899813
-0.00963482
-0.0102843
-0.0109268
-0.0115823
-0.0122785
-0.0129857
-0.0137132
-0.0144802
-0.0152553
-0.0160745
-0.0169013
-0.0177812
-0.0186806
-0.0196373
-0.0205924
-0.0215803
-0.0226136
-0.0236849
-0.0248421
-0.0259908
-0.0272418
-0.0285023
-0.0298495
-0.0312647
-0.0326914
-0.0342731
-0.0358212
-0.0375623
-0.0396401
0.00762076
0.00842179
0.0074804
0.00552268
0.00328239
0.00134976
-2.53525e-05
-0.00109178
-0.00193224
-0.0023752
-0.00276137
-0.00333916
-0.00384544
-0.0043279
-0.00499732
-0.00572265
-0.0063748
-0.00702313
-0.00769988
-0.00837127
-0.00899462
-0.00963083
-0.0102801
-0.0109227
-0.011578
-0.0122739
-0.0129813
-0.0137088
-0.0144758
-0.0152509
-0.0160706
-0.0168984
-0.0177785
-0.0186773
-0.0196337
-0.0205893
-0.0215784
-0.0226126
-0.0236837
-0.0248411
-0.0259896
-0.0272411
-0.028501
-0.0298478
-0.0312618
-0.0326876
-0.0342689
-0.0358165
-0.0375574
-0.0396359
0.00735911
0.00819742
0.0072794
0.00537546
0.00318905
0.0012667
-0.000109539
-0.00113838
-0.00197182
-0.00243567
-0.00280328
-0.00335835
-0.00386566
-0.0043395
-0.00499311
-0.00571546
-0.00637125
-0.00702019
-0.00769599
-0.00836761
-0.00899136
-0.00962721
-0.0102761
-0.0109187
-0.0115734
-0.0122692
-0.0129768
-0.0137043
-0.0144712
-0.0152465
-0.0160667
-0.0168954
-0.0177757
-0.0186739
-0.01963
-0.0205861
-0.0215764
-0.0226115
-0.0236824
-0.0248399
-0.0259884
-0.0272403
-0.0284997
-0.0298459
-0.0312589
-0.0326838
-0.0342646
-0.0358118
-0.0375525
-0.0396315
0.00709205
0.00797205
0.00707538
0.00521918
0.00308568
0.00117978
-0.00019989
-0.00119441
-0.00201321
-0.00249708
-0.00284996
-0.00338003
-0.00388737
-0.00435438
-0.00499101
-0.00570854
-0.00636798
-0.00701773
-0.00769207
-0.00836393
-0.00898867
-0.00962403
-0.010272
-0.0109146
-0.0115689
-0.0122644
-0.0129721
-0.0136997
-0.0144665
-0.015242
-0.0160628
-0.0168922
-0.0177727
-0.0186704
-0.0196262
-0.0205828
-0.0215744
-0.0226103
-0.0236811
-0.0248388
-0.025987
-0.0272395
-0.0284983
-0.0298439
-0.0312558
-0.0326798
-0.0342602
-0.0358069
-0.0375475
-0.039627
0.00681795
0.00774613
0.00686949
0.00505299
0.00297058
0.00108908
-0.000295381
-0.00126107
-0.00205754
-0.00255875
-0.00290137
-0.00340469
-0.00391002
-0.00437199
-0.0049918
-0.00570288
-0.00636483
-0.00701529
-0.00768838
-0.00836039
-0.00898608
-0.00962119
-0.0102683
-0.0109106
-0.0115644
-0.0122596
-0.0129672
-0.0136949
-0.0144618
-0.0152373
-0.0160586
-0.016889
-0.0177697
-0.0186668
-0.0196223
-0.0205795
-0.0215723
-0.022609
-0.0236798
-0.0248377
-0.0259857
-0.0272385
-0.0284967
-0.0298417
-0.0312526
-0.0326757
-0.0342557
-0.035802
-0.0375424
-0.0396224
0.00653605
0.0075179
0.00666064
0.00487838
0.00284494
0.000993534
-0.000395742
-0.00133807
-0.00210555
-0.00262045
-0.0029572
-0.00343281
-0.00393393
-0.00439239
-0.0049958
-0.00569843
-0.00636142
-0.00701301
-0.00768531
-0.00835713
-0.00898352
-0.00961855
-0.010265
-0.0109067
-0.0115596
-0.0122545
-0.0129622
-0.01369
-0.0144569
-0.0152325
-0.0160543
-0.0168855
-0.0177666
-0.0186631
-0.0196183
-0.020576
-0.02157
-0.0226077
-0.0236783
-0.0248364
-0.0259842
-0.0272374
-0.028495
-0.0298394
-0.0312494
-0.0326714
-0.0342511
-0.0357969
-0.0375372
-0.0396177
0.00624668
0.00728543
0.00644953
0.00469805
0.00270849
0.00089071
-0.00049948
-0.00142445
-0.00215922
-0.0026824
-0.00301729
-0.00346479
-0.00395889
-0.0044154
-0.00500272
-0.00569542
-0.00635869
-0.0070112
-0.00768252
-0.00835393
-0.00898122
-0.00961629
-0.0102617
-0.0109029
-0.011555
-0.0122492
-0.012957
-0.013685
-0.0144519
-0.0152276
-0.0160499
-0.0168819
-0.0177633
-0.0186594
-0.0196143
-0.0205726
-0.0215677
-0.0226062
-0.0236769
-0.0248351
-0.0259827
-0.0272363
-0.0284933
-0.029837
-0.0312461
-0.032667
-0.0342464
-0.0357917
-0.037532
-0.0396128
0.00595033
0.00704777
0.00623683
0.00451241
0.00256097
0.000779899
-0.000605808
-0.00151988
-0.00222021
-0.0027446
-0.00308075
-0.00350122
-0.00398528
-0.00444061
-0.00501279
-0.00569443
-0.00635679
-0.00700953
-0.00767996
-0.00835103
-0.00897896
-0.00961434
-0.0102589
-0.010899
-0.0115503
-0.0122442
-0.0129516
-0.0136797
-0.0144469
-0.0152226
-0.0160454
-0.0168783
-0.0177599
-0.0186554
-0.0196102
-0.0205691
-0.0215654
-0.0226046
-0.0236752
-0.0248338
-0.0259811
-0.027235
-0.0284914
-0.0298345
-0.0312427
-0.0326624
-0.0342417
-0.0357864
-0.0375267
-0.0396079
0.00564873
0.00680453
0.00602183
0.00432185
0.00240411
0.000660257
-0.000715548
-0.00162346
-0.0022891
-0.00280709
-0.00314711
-0.00354306
-0.00401359
-0.00446727
-0.00502579
-0.00569581
-0.00635575
-0.00700823
-0.00767808
-0.00834865
-0.00897649
-0.00961219
-0.0102567
-0.0108957
-0.0115453
-0.0122387
-0.0129463
-0.0136744
-0.0144416
-0.0152174
-0.0160408
-0.0168744
-0.0177564
-0.0186515
-0.0196058
-0.0205653
-0.021563
-0.0226031
-0.0236736
-0.0248323
-0.0259794
-0.0272336
-0.0284894
-0.0298318
-0.0312393
-0.0326578
-0.0342368
-0.035781
-0.0375213
-0.0396028
0.00534495
0.00655525
0.00580352
0.00412763
0.00223977
0.000530407
-0.000829394
-0.00173348
-0.00236714
-0.00287115
-0.00321585
-0.00359006
-0.00404357
-0.00449569
-0.00504194
-0.0056993
-0.0063561
-0.00700759
-0.00767649
-0.00834689
-0.00897438
-0.00960999
-0.0102545
-0.0108926
-0.0115406
-0.012233
-0.0129406
-0.0136692
-0.0144363
-0.015212
-0.016036
-0.0168704
-0.0177527
-0.0186474
-0.0196016
-0.0205616
-0.0215603
-0.0226013
-0.023672
-0.0248309
-0.0259776
-0.0272321
-0.0284873
-0.029829
-0.0312357
-0.032653
-0.0342319
-0.0357755
-0.0375157
-0.0395977
0.00504143
0.00630003
0.00558171
0.00392948
0.00206862
0.000390318
-0.000948223
-0.00184853
-0.00245499
-0.00293853
-0.00328571
-0.00364161
-0.00407629
-0.00452592
-0.00506108
-0.00570502
-0.00635788
-0.00700794
-0.00767527
-0.00834577
-0.00897265
-0.0096075
-0.0102524
-0.0108897
-0.0115359
-0.0122277
-0.0129349
-0.0136634
-0.0144309
-0.0152067
-0.0160311
-0.0168662
-0.017749
-0.0186432
-0.0195972
-0.0205579
-0.0215577
-0.0225994
-0.0236701
-0.0248293
-0.0259758
-0.0272305
-0.0284851
-0.029826
-0.031232
-0.0326481
-0.0342268
-0.03577
-0.0375102
-0.0395924
0.00473967
0.00603988
0.00535616
0.00372623
0.00189119
0.000240693
-0.0010735
-0.00196771
-0.00255212
-0.00300994
-0.00335614
-0.00369847
-0.00411278
-0.00455724
-0.00508271
-0.00571349
-0.00636126
-0.00700928
-0.00767465
-0.00834515
-0.00897129
-0.00960485
-0.0102504
-0.0108874
-0.011531
-0.0122218
-0.0129295
-0.013658
-0.014425
-0.015201
-0.0160263
-0.0168618
-0.0177449
-0.0186389
-0.0195926
-0.0205539
-0.021555
-0.0225976
-0.0236682
-0.0248275
-0.0259737
-0.0272289
-0.0284828
-0.0298228
-0.0312283
-0.0326431
-0.0342217
-0.0357643
-0.0375045
-0.039587
0.00444088
0.00577521
0.00512628
0.00351806
0.00170813
8.22707e-05
-0.00120675
-0.00209085
-0.00265781
-0.00308675
-0.0034271
-0.00376
-0.0041529
-0.0045896
-0.00510718
-0.005725
-0.00636674
-0.00701164
-0.00767406
-0.00834516
-0.0089709
-0.00960216
-0.0102481
-0.0108853
-0.0115266
-0.0122156
-0.0129235
-0.0136527
-0.0144196
-0.0151951
-0.016021
-0.0168573
-0.0177409
-0.0186345
-0.019588
-0.0205499
-0.0215521
-0.0225955
-0.0236664
-0.0248259
-0.0259716
-0.0272269
-0.0284803
-0.0298196
-0.0312245
-0.0326379
-0.0342164
-0.0357586
-0.0374987
-0.0395815
0.00414593
0.00550628
0.00489172
0.00330455
0.00151914
-8.32203e-05
-0.00134896
-0.00221839
-0.00277047
-0.00317126
-0.00349929
-0.00382442
-0.0041974
-0.00462331
-0.00513362
-0.00573935
-0.00637434
-0.00701593
-0.00767439
-0.0083453
-0.00897103
-0.00959946
-0.0102455
-0.0108837
-0.0115224
-0.0122095
-0.0129175
-0.0136468
-0.0144137
-0.0151896
-0.0160159
-0.0168524
-0.0177365
-0.01863
-0.0195833
-0.0205459
-0.0215491
-0.0225933
-0.0236642
-0.024824
-0.0259696
-0.027225
-0.0284776
-0.0298161
-0.0312206
-0.0326327
-0.0342111
-0.0357528
-0.0374928
-0.0395759
0.00385455
0.00523374
0.00465153
0.00308488
0.0013234
-0.000254875
-0.00150023
-0.0023509
-0.00288846
-0.00326378
-0.0035731
-0.00389106
-0.00424731
-0.00465942
-0.00516152
-0.00575595
-0.00638414
-0.00702222
-0.00767597
-0.00834574
-0.0089714
-0.00959693
-0.0102425
-0.0108821
-0.0115188
-0.0122032
-0.0129116
-0.0136413
-0.0144073
-0.0151833
-0.0160109
-0.0168477
-0.017732
-0.0186253
-0.0195785
-0.0205417
-0.021546
-0.0225911
-0.0236621
-0.0248219
-0.0259672
-0.027223
-0.0284751
-0.0298125
-0.0312164
-0.0326272
-0.0342057
-0.035747
-0.0374869
-0.0395703
0.00356637
0.00495848
0.00440502
0.00285952
0.00111988
-0.000433265
-0.00165966
-0.00248993
-0.00301149
-0.00336393
-0.00364918
-0.00395871
-0.0043021
-0.00469806
-0.00519119
-0.00577569
-0.00639653
-0.00703012
-0.00767821
-0.00834695
-0.00897293
-0.0095945
-0.0102384
-0.0108801
-0.0115156
-0.0121972
-0.0129055
-0.013636
-0.0144015
-0.0151769
-0.0160049
-0.0168424
-0.0177276
-0.0186207
-0.0195736
-0.0205375
-0.0215428
-0.0225887
-0.0236599
-0.0248199
-0.0259648
-0.0272207
-0.0284721
-0.0298089
-0.0312124
-0.0326218
-0.0342
-0.035741
-0.0374808
-0.0395645
0.00328031
0.00468079
0.00415149
0.00262861
0.000907927
-0.000618484
-0.00182567
-0.00263644
-0.00313883
-0.00347152
-0.00373021
-0.00402659
-0.0043606
-0.00474001
-0.00522216
-0.00579803
-0.00641145
-0.00704009
-0.00768202
-0.00834856
-0.00897491
-0.00959306
-0.0102342
-0.0108772
-0.0115124
-0.0121912
-0.0128993
-0.0136307
-0.0143955
-0.0151711
-0.0159997
-0.0168366
-0.0177222
-0.0186156
-0.0195687
-0.0205333
-0.0215396
-0.0225863
-0.0236575
-0.0248176
-0.0259623
-0.0272184
-0.0284691
-0.0298048
-0.0312082
-0.0326163
-0.0341945
-0.035735
-0.0374746
-0.0395586
0.00299397
0.00440107
0.00389001
0.00239093
0.000687684
-0.000811875
-0.00199809
-0.00279042
-0.00326953
-0.00358485
-0.00381762
-0.00409498
-0.0044219
-0.00478638
-0.00525498
-0.00582205
-0.00642897
-0.00705268
-0.00768698
-0.00835025
-0.00897703
-0.00959231
-0.0102305
-0.0108741
-0.0115093
-0.0121852
-0.0128926
-0.0136251
-0.0143893
-0.0151645
-0.0159942
-0.0168317
-0.0177175
-0.0186104
-0.0195632
-0.0205286
-0.0215359
-0.0225838
-0.0236552
-0.0248153
-0.0259597
-0.0272159
-0.0284661
-0.0298008
-0.0312037
-0.0326105
-0.0341887
-0.0357291
-0.0374685
-0.0395526
0.00270527
0.00411972
0.0036204
0.00214538
0.000460209
-0.00101447
-0.0021774
-0.00295223
-0.00340468
-0.00370173
-0.00391089
-0.00416476
-0.00448537
-0.00483694
-0.00528965
-0.00584837
-0.00644946
-0.00706798
-0.00769334
-0.00835194
-0.00897939
-0.00959158
-0.010226
-0.0108706
-0.0115071
-0.0121805
-0.0128861
-0.013619
-0.014383
-0.0151579
-0.0159879
-0.0168254
-0.0177124
-0.0186057
-0.0195584
-0.0205242
-0.0215321
-0.0225809
-0.0236525
-0.0248128
-0.0259571
-0.0272134
-0.0284628
-0.0297966
-0.0311994
-0.0326048
-0.0341828
-0.0357228
-0.0374622
-0.0395466
0.00241174
0.00383589
0.00334252
0.00188997
0.000225164
-0.00122662
-0.00236296
-0.00312123
-0.00354592
-0.00382098
-0.00400916
-0.00423613
-0.00454948
-0.00489262
-0.00532789
-0.00587623
-0.00647175
-0.00708565
-0.00770214
-0.00835456
-0.00898166
-0.00959116
-0.0102214
-0.0108656
-0.0115037
-0.0121762
-0.0128807
-0.0136137
-0.0143771
-0.0151515
-0.0159818
-0.0168191
-0.0177063
-0.0185997
-0.0195531
-0.0205199
-0.0215287
-0.0225784
-0.0236498
-0.02481
-0.025954
-0.0272106
-0.0284595
-0.0297923
-0.0311949
-0.032599
-0.034177
-0.0357168
-0.0374557
-0.0395404
0.00211224
0.00354853
0.00305816
0.00162327
-1.9156e-05
-0.00144876
-0.00255521
-0.00329569
-0.00369356
-0.00394296
-0.00411245
-0.00431015
-0.00461198
-0.00495121
-0.00537112
-0.00590749
-0.00649665
-0.00710595
-0.00771259
-0.00835685
-0.00898374
-0.00959124
-0.0102173
-0.0108608
-0.0114998
-0.0121712
-0.0128745
-0.0136077
-0.0143713
-0.0151456
-0.0159756
-0.016813
-0.0177011
-0.0185941
-0.0195473
-0.0205147
-0.0215245
-0.0225756
-0.0236473
-0.0248074
-0.0259512
-0.0272076
-0.0284558
-0.0297877
-0.0311902
-0.032593
-0.0341709
-0.0357107
-0.0374495
-0.0395342
0.00180379
0.00325443
0.00276767
0.0013451
-0.00027359
-0.0016812
-0.00275576
-0.00347412
-0.00384628
-0.00406657
-0.00421913
-0.0043896
-0.00467457
-0.00501012
-0.00541637
-0.00594054
-0.00652458
-0.0071299
-0.00772654
-0.00836038
-0.00898534
-0.00959142
-0.0102127
-0.0108552
-0.0114962
-0.0121675
-0.0128694
-0.0136011
-0.0143642
-0.0151391
-0.0159692
-0.0168061
-0.017695
-0.0185886
-0.0195424
-0.0205102
-0.0215203
-0.0225724
-0.023644
-0.0248043
-0.0259482
-0.0272049
-0.0284523
-0.0297831
-0.0311854
-0.032587
-0.0341648
-0.0357043
-0.0374429
-0.0395281
0.0014832
0.0029487
0.00246823
0.0010544
-0.000538954
-0.00192361
-0.00296554
-0.00365638
-0.00400322
-0.00419105
-0.00432643
-0.00447415
-0.0047398
-0.00507242
-0.00546723
-0.00597494
-0.00655072
-0.00715293
-0.00774143
-0.0083651
-0.00898712
-0.00959192
-0.0102088
-0.0108495
-0.0114915
-0.0121629
-0.0128651
-0.0135956
-0.0143577
-0.0151326
-0.0159624
-0.0167993
-0.0176889
-0.0185823
-0.0195366
-0.0205054
-0.0215163
-0.0225697
-0.0236411
-0.0248011
-0.0259447
-0.0272014
-0.0284484
-0.0297783
-0.0311806
-0.0325809
-0.0341587
-0.0356982
-0.0374363
-0.0395216
0.00114983
0.00262737
0.00215576
0.000748864
-0.000818736
-0.00217648
-0.00318473
-0.00384243
-0.00416312
-0.00431686
-0.00443252
-0.00456074
-0.00480602
-0.00513638
-0.00552625
-0.00601844
-0.00658214
-0.00717808
-0.00775692
-0.00836866
-0.00898645
-0.00959128
-0.0102045
-0.010844
-0.0114877
-0.0121584
-0.0128602
-0.0135896
-0.0143507
-0.0151264
-0.0159557
-0.0167917
-0.0176822
-0.0185763
-0.0195312
-0.0205003
-0.0215117
-0.0225667
-0.0236382
-0.0247983
-0.0259418
-0.0271983
-0.0284445
-0.0297732
-0.0311755
-0.0325746
-0.0341522
-0.0356917
-0.0374296
-0.0395147
0.00080783
0.00228938
0.00182852
0.000428503
-0.00111402
-0.00243948
-0.0034101
-0.00402789
-0.00432124
-0.00444173
-0.00453615
-0.00464901
-0.00487387
-0.0051986
-0.00558563
-0.00606441
-0.0066166
-0.00720689
-0.00777667
-0.0083757
-0.00898644
-0.00958998
-0.0101998
-0.0108377
-0.0114829
-0.0121538
-0.0128562
-0.0135843
-0.0143432
-0.015119
-0.0159487
-0.0167846
-0.0176753
-0.0185693
-0.0195253
-0.0204953
-0.0215074
-0.0225635
-0.0236348
-0.0247949
-0.0259386
-0.0271953
-0.0284412
-0.0297691
-0.0311714
-0.0325693
-0.0341467
-0.0356863
-0.0374235
-0.0395096
0.000442703
0.00192443
0.00147575
8.58031e-05
-0.00143195
-0.00271859
-0.00364499
-0.00421418
-0.00447493
-0.00456226
-0.00463503
-0.00473816
-0.00494589
-0.00526345
-0.00564883
-0.00611395
-0.00664956
-0.00723163
-0.00779454
-0.00838274
-0.00898694
-0.00958992
-0.0101968
-0.0108332
-0.0114793
-0.0121487
-0.0128513
-0.0135787
-0.0143359
-0.0151114
-0.0159405
-0.0167758
-0.0176673
-0.0185619
-0.0195184
-0.0204888
-0.0215015
-0.0225592
-0.0236304
-0.0247904
-0.0259338
-0.0271901
-0.0284353
-0.0297621
-0.0311645
-0.0325615
-0.0341389
-0.0356786
-0.0374158
-0.0395008
5.07952e-05
0.00152939
0.00109061
-0.000283298
-0.00177357
-0.00301549
-0.00389106
-0.00440475
-0.0046276
-0.00468192
-0.00473061
-0.00482603
-0.00502066
-0.00533027
-0.0057146
-0.00616937
-0.00668766
-0.00725698
-0.00781118
-0.00838809
-0.00898436
-0.00958704
-0.0101933
-0.0108297
-0.0114778
-0.0121471
-0.0128497
-0.0135761
-0.0143312
-0.0151064
-0.015936
-0.0167712
-0.0176625
-0.0185572
-0.019515
-0.0204861
-0.0214991
-0.0225578
-0.0236287
-0.0247888
-0.0259326
-0.0271888
-0.0284338
-0.0297595
-0.0311619
-0.0325576
-0.0341347
-0.0356744
-0.0374108
-0.0394974
-0.000349016
0.00110328
0.000666743
-0.000681629
-0.00213298
-0.00331944
-0.00413593
-0.00458971
-0.00477293
-0.00480068
-0.00482848
-0.00491812
-0.00510253
-0.00540196
-0.00578099
-0.0062236
-0.00672232
-0.00727662
-0.00782338
-0.00839011
-0.00897746
-0.00957836
-0.0101834
-0.0108194
-0.0114681
-0.0121363
-0.0128395
-0.0135661
-0.0143199
-0.0150937
-0.015923
-0.016759
-0.0176509
-0.0185462
-0.0195046
-0.0204766
-0.0214905
-0.0225509
-0.0236216
-0.024782
-0.0259254
-0.0271815
-0.028426
-0.0297509
-0.0311535
-0.0325487
-0.0341257
-0.0356659
-0.0374021
-0.0394871
-0.000768284
0.000637599
0.000193764
-0.00111979
-0.00251642
-0.00363025
-0.00437457
-0.00476331
-0.00490405
-0.00491105
-0.00492822
-0.00502164
-0.00520562
-0.00549742
-0.00586885
-0.00629838
-0.00677431
-0.00730714
-0.00784485
-0.00840305
-0.00898262
-0.00958298
-0.0101882
-0.0108243
-0.0114737
-0.0121408
-0.0128422
-0.013567
-0.0143197
-0.0150922
-0.015921
-0.0167572
-0.0176486
-0.0185437
-0.0195033
-0.0204758
-0.0214899
-0.0225509
-0.0236213
-0.0247818
-0.0259255
-0.0271811
-0.0284252
-0.0297487
-0.0311513
-0.0325451
-0.0341221
-0.035662
-0.0373977
-0.0394844
-0.00130227
9.07103e-05
-0.000329038
-0.00157526
-0.00287806
-0.00389067
-0.00454483
-0.00486407
-0.00496803
-0.00497048
-0.00499139
-0.00509568
-0.00528333
-0.0055664
-0.00592569
-0.00634165
-0.00679844
-0.00731186
-0.00784191
-0.00839385
-0.0089671
-0.0095667
-0.0101726
-0.0108098
-0.0114597
-0.0121269
-0.0128285
-0.0135535
-0.0143068
-0.0150771
-0.0159054
-0.0167439
-0.0176362
-0.0185312
-0.0194914
-0.0204653
-0.0214807
-0.0225431
-0.0236133
-0.0247743
-0.0259178
-0.0271733
-0.0284176
-0.0297405
-0.0311434
-0.032537
-0.0341136
-0.0356543
-0.0373893
-0.0394746
-0.00217026
-0.000862134
-0.00123105
-0.0023181
-0.00342323
-0.00425481
-0.00476842
-0.00500084
-0.0050733
-0.00508397
-0.00511714
-0.00523142
-0.00541862
-0.00568598
-0.00602293
-0.00641577
-0.00684785
-0.00733735
-0.00785913
-0.00840753
-0.00897537
-0.00957347
-0.0101781
-0.0108149
-0.0114642
-0.0121304
-0.0128285
-0.0135506
-0.0143053
-0.0150744
-0.0159002
-0.0167394
-0.0176323
-0.018527
-0.0194879
-0.0204628
-0.0214785
-0.0225413
-0.0236114
-0.0247728
-0.0259163
-0.027171
-0.0284145
-0.029736
-0.0311389
-0.0325315
-0.0341083
-0.0356487
-0.0373838
-0.0394698
-0.0021778
-0.00131341
-0.00184912
-0.00285692
-0.00377374
-0.00443451
-0.00483007
-0.00501877
-0.0051038
-0.00515221
-0.00521189
-0.00533583
-0.00551904
-0.00576805
-0.00608277
-0.00645684
-0.00687295
-0.00734431
-0.00785603
-0.00840152
-0.00896647
-0.00956408
-0.0101697
-0.0108072
-0.0114568
-0.012124
-0.0128212
-0.0135414
-0.0142981
-0.0150658
-0.0158892
-0.016731
-0.0176254
-0.0185188
-0.0194792
-0.0204559
-0.0214726
-0.0225359
-0.023606
-0.0247681
-0.0259118
-0.0271664
-0.0284108
-0.0297316
-0.0311348
-0.0325268
-0.0341033
-0.035644
-0.0373786
-0.0394653
-0.00464186
-0.00324441
-0.00313049
-0.00353143
-0.00401789
-0.00444063
-0.00475878
-0.00497922
-0.00513307
-0.00524453
-0.00534095
-0.00547109
-0.0056399
-0.00586052
-0.00614383
-0.00649205
-0.00688874
-0.00734406
-0.00784937
-0.00839606
-0.00896025
-0.00955586
-0.0101599
-0.0107963
-0.0114456
-0.0121132
-0.0128075
-0.0135244
-0.014285
-0.0150536
-0.0158734
-0.016716
-0.0176134
-0.018507
-0.0194675
-0.0204462
-0.0214637
-0.0225276
-0.0235979
-0.0247612
-0.0259047
-0.0271586
-0.028402
-0.0297215
-0.031125
-0.0325167
-0.0340937
-0.0356346
-0.0373692
-0.0394544
-0.00655697
-0.00610053
-0.00529734
-0.00466452
-0.00439495
-0.00446963
-0.00470367
-0.00495474
-0.00517926
-0.00535908
-0.00549593
-0.00563025
-0.00578054
-0.00597119
-0.00622377
-0.00654853
-0.00692901
-0.00736965
-0.00786354
-0.0084076
-0.00897144
-0.00956556
-0.0101693
-0.0108046
-0.0114526
-0.0121213
-0.0128133
-0.0135263
-0.0142884
-0.0150568
-0.0158728
-0.0167165
-0.0176162
-0.0185078
-0.0194665
-0.0204471
-0.0214657
-0.0225291
-0.0235994
-0.0247628
-0.0259062
-0.0271596
-0.028404
-0.0297228
-0.0311263
-0.0325175
-0.0340937
-0.0356347
-0.0373681
-0.039455
-0.0077492
-0.00594868
-0.00499133
-0.00455766
-0.00442773
-0.00449044
-0.00467376
-0.00491253
-0.00515534
-0.00536937
-0.0055458
-0.00569841
-0.00584521
-0.00601816
-0.00624707
-0.00655003
-0.00691338
-0.00734521
-0.00783472
-0.00838167
-0.00894896
-0.00954212
-0.0101463
-0.0107795
-0.0114273
-0.0120975
-0.0127879
-0.0134983
-0.0142643
-0.0150361
-0.0158492
-0.0166924
-0.0175964
-0.0184893
-0.0194474
-0.0204308
-0.0214503
-0.0225145
-0.0235853
-0.0247503
-0.0258936
-0.0271464
-0.02839
-0.0297076
-0.0311118
-0.032503
-0.0340803
-0.0356214
-0.0373557
-0.0394402
-0.00876591
-0.00795802
-0.00676003
-0.00570651
-0.00500627
-0.00471965
-0.00476267
-0.00496503
-0.0052076
-0.00543381
-0.00563566
-0.00580347
-0.00594877
-0.00611172
-0.00632311
-0.00660937
-0.00695549
-0.00737563
-0.00785462
-0.00839593
-0.00896407
-0.00955491
-0.0101598
-0.0107919
-0.011437
-0.0121094
-0.0127983
-0.0135049
-0.0142711
-0.0150443
-0.0158549
-0.0166969
-0.0176034
-0.0184954
-0.0194511
-0.0204356
-0.0214562
-0.0225196
-0.0235904
-0.0247555
-0.0258987
-0.0271511
-0.0283954
-0.0297124
-0.0311166
-0.0325073
-0.0340839
-0.0356246
-0.0373578
-0.0394443
-0.010189
-0.00776441
-0.00628593
-0.00540216
-0.0049191
-0.00474083
-0.00479415
-0.00497858
-0.00520647
-0.00542634
-0.00563096
-0.00580571
-0.00595128
-0.00611356
-0.00632156
-0.00660325
-0.00694388
-0.00735939
-0.00783658
-0.0083749
-0.00894296
-0.00953151
-0.0101345
-0.0107654
-0.0114086
-0.0120807
-0.0127708
-0.0134761
-0.0142439
-0.0150203
-0.015831
-0.0166715
-0.0175799
-0.0184751
-0.0194307
-0.0204166
-0.0214383
-0.0225034
-0.0235744
-0.0247412
-0.0258846
-0.0271361
-0.0283799
-0.0296955
-0.0311008
-0.032492
-0.0340699
-0.0356105
-0.037344
-0.0394279
)
;

boundaryField
{
    zeroGradientPlanes
    {
        type            zeroGradient;
    }
    inlet
    {
        type            zeroGradient;
    }
    plate
    {
        type            zeroGradient;
    }
    frontAndBack
    {
        type            empty;
    }
}


// ************************************************************************* //
