/*--------------------------------*- C++ -*----------------------------------*\
| =========                 |                                                 |
| \\      /  F ield         | OpenFOAM: The Open Source CFD Toolbox           |
|  \\    /   O peration     | Version:  v2012                                 |
|   \\  /    A nd           | Website:  www.openfoam.com                      |
|    \\/     M anipulation  |                                                 |
\*---------------------------------------------------------------------------*/
FoamFile
{
    version     2.0;
    format      ascii;
    class       volScalarField;
    location    "3.8";
    object      p;
}
// * * * * * * * * * * * * * * * * * * * * * * * * * * * * * * * * * * * * * //

dimensions      [0 2 -2 0 0 0 0];


internalField   nonuniform List<scalar> 
7000
(
3.02328e-11
0.00407539
-0.00135781
0.00356109
0.00743837
0.00919159
0.00643486
0.0102254
0.010569
0.0113638
0.0120431
0.013831
0.0151634
0.0166872
0.0158742
0.017966
0.0177524
0.0206532
0.0221257
0.0280438
-1.13436e-07
0.0040893
-0.00134828
0.00353804
0.00744612
0.00919631
0.00643111
0.010228
0.0105551
0.0113539
0.0120466
0.0138418
0.0151717
0.0166857
0.0158901
0.0179569
0.017777
0.0206274
0.0221318
0.0277216
1.53089e-06
0.00410247
-0.00134062
0.003513
0.00746483
0.00919923
0.00642853
0.01022
0.0105286
0.0113503
0.0120506
0.0138728
0.0151803
0.0166844
0.0159165
0.0179377
0.0178185
0.0205749
0.0221363
0.0273005
5.08253e-06
0.00411078
-0.00133611
0.00351466
0.00749465
0.0091989
0.00643345
0.010194
0.0104991
0.0113583
0.0120502
0.0139195
0.0151872
0.0166806
0.0159498
0.0179126
0.0178733
0.0205091
0.0221412
0.0268563
1.09701e-05
0.00411433
-0.00132961
0.00354439
0.00753409
0.00919491
0.00645079
0.0101514
0.0104685
0.0113712
0.0120501
0.0139755
0.0151955
0.0166718
0.0159879
0.0178844
0.0179374
0.0204412
0.0221393
0.0264316
1.9475e-05
0.00411329
-0.00131848
0.00359467
0.00757964
0.00918758
0.00648279
0.0100971
0.0104367
0.0113867
0.0120567
0.0140362
0.0152078
0.0166563
0.01603
0.0178535
0.0180083
0.0203757
0.0221307
0.0260399
3.03473e-05
0.00410805
-0.00130163
0.00365838
0.00762598
0.00917762
0.00652831
0.0100367
0.0104051
0.0114054
0.0120731
0.0140988
0.0152249
0.0166333
0.0160751
0.0178193
0.018084
0.0203143
0.0221156
0.0256811
4.29057e-05
0.0040995
-0.0012782
0.00372916
0.00766725
0.00916552
0.00658412
0.00997585
0.0103745
0.0114272
0.0120995
0.0141609
0.0152458
0.0166024
0.0161218
0.0177817
0.0181617
0.0202567
0.0220936
0.0253515
5.63951e-05
0.00408892
-0.0012474
0.00380207
0.00769865
0.00915128
0.00664681
0.00991726
0.0103439
0.0114502
0.0121335
0.0142195
0.0152683
0.0165631
0.0161686
0.0177409
0.018238
0.0202031
0.0220637
0.0250469
7.031e-05
0.00407778
-0.00120847
0.00387456
0.00771713
0.00913459
0.00671399
0.00986123
0.0103116
0.0114721
0.0121717
0.0142715
0.0152901
0.0165147
0.0162139
0.0176975
0.0183098
0.0201531
0.0220241
0.0247641
8.44778e-05
0.00406742
-0.00115973
0.00394624
0.00772119
0.00911508
0.0067846
0.00980699
0.0102773
0.0114905
0.01221
0.0143126
0.0153089
0.0164572
0.0162563
0.0176525
0.018374
0.0201064
0.0219727
0.0244995
9.89569e-05
0.00405886
-0.00109973
0.00401787
0.0077105
0.00909254
0.00685856
0.00975441
0.0102419
0.0115036
0.0122454
0.0143404
0.015323
0.0163906
0.0162951
0.0176072
0.0184281
0.0200619
0.0219085
0.0242494
0.000113896
0.00405261
-0.00102717
0.00409042
0.00768564
0.00906691
0.0069364
0.00970445
0.0102077
0.0115112
0.012276
0.0143533
0.0153317
0.0163154
0.0163293
0.0175632
0.0184702
0.0200183
0.0218308
0.02401
0.000129439
0.00404874
-0.000941637
0.00416439
0.00764811
0.00903821
0.00701863
0.00965885
0.0101772
0.0115138
0.0123015
0.0143509
0.0153353
0.0162332
0.0163576
0.0175218
0.0184991
0.0199737
0.0217397
0.023778
0.000145694
0.00404697
-0.000843788
0.00423966
0.0076002
0.00900653
0.00710547
0.00961925
0.0101527
0.0115129
0.0123228
0.0143341
0.0153345
0.0161458
0.0163786
0.0174836
0.0185142
0.0199262
0.0216354
0.0235496
0.000162732
0.00404691
-0.000735154
0.00431572
0.00754464
0.00897199
0.00719674
0.0095864
0.0101353
0.0115095
0.0123417
0.0143048
0.0153308
0.0160557
0.0163912
0.0174491
0.0185156
0.019874
0.0215188
0.0233217
0.000180599
0.00404815
-0.000617634
0.00439198
0.00748422
0.00893474
0.00729199
0.00956009
0.010125
0.0115042
0.0123597
0.0142654
0.0153236
0.0159654
0.0163941
0.0174182
0.0185041
0.0198153
0.0213908
0.0230917
0.000199335
0.00405036
-0.000493049
0.0044679
0.00742139
0.00889487
0.00739061
0.00953946
0.0101209
0.0114968
0.0123783
0.0142184
0.0153132
0.0158773
0.0163866
0.01739
0.0184802
0.0197484
0.0212526
0.0228586
0.000218982
0.00405332
-0.000362879
0.00454307
0.00735814
0.00885246
0.00749195
0.00952335
0.0101219
0.011487
0.0123983
0.0141664
0.0152994
0.0157934
0.0163684
0.0173633
0.0184451
0.019672
0.0211048
0.0226216
0.000239592
0.00405687
-0.0002282
0.00461722
0.00729601
0.00880753
0.00759543
0.00951061
0.0101268
0.0114743
0.0124199
0.014112
0.015281
0.0157148
0.0163391
0.0173365
0.0184004
0.0195854
0.0209476
0.0223804
0.000261226
0.00406091
-8.97468e-05
0.00469011
0.00723611
0.00876013
0.00770048
0.00950022
0.0101346
0.0114588
0.0124426
0.0140571
0.0152574
0.0156425
0.0162991
0.0173077
0.0183477
0.0194883
0.0207818
0.022135
0.000283963
0.00406539
5.20111e-05
0.00476154
0.00717928
0.00871028
0.00780656
0.0094914
0.0101444
0.0114408
0.0124654
0.0140032
0.0152275
0.0155763
0.0162495
0.0172746
0.0182871
0.0193804
0.020608
0.0218862
0.00030789
0.00407027
0.000196813
0.00483132
0.00712612
0.00865806
0.00791315
0.00948357
0.0101557
0.0114206
0.0124866
0.0139516
0.0151909
0.0155152
0.0161921
0.0172348
0.0182181
0.0192625
0.0204275
0.0216344
0.000333106
0.00407556
0.00034457
0.00489926
0.00707705
0.00860352
0.00801979
0.00947645
0.0101675
0.011399
0.0125048
0.0139033
0.0151473
0.0154573
0.0161279
0.0171875
0.0181408
0.0191343
0.0202406
0.0213805
0.000359713
0.00408124
0.000495328
0.0049652
0.00703236
0.00854679
0.00812601
0.00947004
0.0101788
0.0113774
0.012519
0.0138583
0.0150967
0.0154006
0.0160577
0.0171322
0.0180556
0.0189953
0.0200475
0.0211253
0.000387826
0.0040873
0.000649207
0.005029
0.00699213
0.00848811
0.00823138
0.00946454
0.0101885
0.0113568
0.0125283
0.0138164
0.0150392
0.0153433
0.0159825
0.0170669
0.0179618
0.0188478
0.0198486
0.020869
0.000417561
0.00409374
0.000806297
0.00509053
0.00695648
0.00842766
0.00833539
0.00946068
0.0101955
0.011338
0.0125321
0.013777
0.0149763
0.015283
0.0159028
0.0169931
0.0178564
0.0186926
0.0196481
0.0206082
0.000449051
0.0041005
0.00096671
0.00514959
0.00692556
0.0083658
0.00843726
0.00945935
0.0101989
0.0113217
0.01253
0.0137385
0.0149102
0.0152186
0.0158165
0.0169122
0.0177457
0.0185218
0.0194457
0.0203506
0.000482458
0.00410754
0.00113051
0.00520607
0.00689927
0.00830312
0.00853624
0.00946112
0.0101978
0.0113082
0.0125228
0.0136997
0.014841
0.0151518
0.0157213
0.0168179
0.0176427
0.0183352
0.0192124
0.0201026
0.000517899
0.00411485
0.00129763
0.00525989
0.00687769
0.00823998
0.00863149
0.00946721
0.0101911
0.0112975
0.012511
0.0136602
0.014767
0.0150824
0.0156198
0.0167098
0.0175238
0.0181585
0.018989
0.0198354
0.000555581
0.0041223
0.00146815
0.00531087
0.00686086
0.00817733
0.00872155
0.00947861
0.0101787
0.0112886
0.0124963
0.013618
0.0146909
0.0150085
0.0155114
0.0165882
0.0173934
0.0179741
0.0188431
0.0195654
0.000595673
0.00412987
0.00164198
0.00535908
0.00684805
0.0081165
0.00880542
0.0094954
0.0101611
0.0112805
0.0124807
0.0135701
0.0146155
0.0149308
0.0153967
0.0164569
0.0172611
0.017768
0.0182494
0.0193048
0.000638246
0.00413755
0.00181888
0.00540474
0.00683929
0.00805757
0.00888314
0.00951768
0.0101384
0.011272
0.0124666
0.0135143
0.0145397
0.0148513
0.015278
0.016312
0.017089
0.0175694
0.0183173
0.0190448
0.000683744
0.00414499
0.00199906
0.00544771
0.00683439
0.00800174
0.00895359
0.0095452
0.0101124
0.0112601
0.0124563
0.0134516
0.0144637
0.0147706
0.015152
0.0161641
0.0169305
0.017332
0.0178367
0.0188024
0.000732155
0.00415245
0.00218216
0.00548826
0.0068318
0.00795105
0.00901517
0.00957943
0.0100819
0.0112453
0.0124483
0.0133881
0.0143715
0.0146943
0.0150147
0.0159695
0.0167618
0.0171415
0.0175791
0.0185484
0.00078352
0.00415983
0.0023675
0.00552742
0.00683099
0.00790536
0.00906863
0.0096201
0.0100478
0.011227
0.0124422
0.0133215
0.0142702
0.0146104
0.0148633
0.0157597
0.0165554
0.017025
0.0176064
0.0182771
0.000838669
0.00416653
0.00255565
0.00556454
0.00683284
0.00786561
0.00911437
0.0096612
0.0100186
0.0111983
0.0124411
0.0132512
0.0141625
0.0145288
0.0147307
0.0155634
0.0163553
0.0167329
0.0171679
0.0180584
0.000897323
0.00417325
0.00274557
0.00560068
0.00683444
0.0078337
0.00915138
0.00970678
0.00998788
0.0111638
0.0124398
0.0131865
0.0140327
0.0144274
0.0145825
0.015353
0.0161466
0.0165911
0.0169506
0.017829
0.000959364
0.00417994
0.00293593
0.00563804
0.00683441
0.00780858
0.00918148
0.0097571
0.00995672
0.0111231
0.0124358
0.0131277
0.0138928
0.0142522
0.0144144
0.0151271
0.0159058
0.0165436
0.0170008
0.0175803
0.00102611
0.0041858
0.00312788
0.00567502
0.00683599
0.00778905
0.00920732
0.00980001
0.00994103
0.0110673
0.012434
0.0130666
0.013744
0.0141905
0.0142797
0.0149158
0.0156725
0.0161327
0.0165295
0.0173835
0.00109684
0.00419181
0.00331948
0.00571399
0.00683508
0.00777682
0.00922714
0.00984573
0.00992207
0.0110121
0.0124247
0.01301
0.0135979
0.0139801
0.0141226
0.0146945
0.0154156
0.0158944
0.0163279
0.0171909
0.00117171
0.00419789
0.00350915
0.00575707
0.00683102
0.00777058
0.00924315
0.00989445
0.00990009
0.0109577
0.0124027
0.0129463
0.0133917
0.0137848
0.0139464
0.0144603
0.0150931
0.0158047
0.0164067
0.016979
0.00125205
0.00420371
0.00369793
0.00580164
0.00682949
0.00776635
0.00925955
0.00993195
0.00989682
0.0108888
0.0123754
0.0129027
0.013248
0.013651
0.0138004
0.0142326
0.0148583
0.0153962
0.0158969
0.01682
0.00133659
0.00421059
0.00388321
0.00585032
0.00682748
0.00776527
0.00927412
0.00996673
0.00989678
0.0108119
0.0123355
0.0128632
0.0130876
0.0134261
0.0136173
0.013985
0.0145124
0.0150325
0.0156792
0.0167185
0.0014263
0.00421817
0.00406415
0.00590454
0.0068239
0.00776756
0.00928682
0.0100021
0.00989287
0.0107298
0.0122796
0.0128202
0.0129336
0.0132323
0.0134135
0.0137512
0.0141927
0.0147327
0.0154965
0.01657
0.0015217
0.0042267
0.00424095
0.00596197
0.00682328
0.00777113
0.00929734
0.0100354
0.00989049
0.0106409
0.0122058
0.0127765
0.012793
0.0130268
0.0132302
0.0135329
0.0139394
0.0144648
0.0152078
0.0163923
0.00162197
0.00423723
0.00441136
0.00602406
0.00682657
0.00777393
0.00930506
0.0100668
0.00989054
0.0105448
0.0121121
0.0127345
0.0126644
0.0128162
0.0130079
0.0133211
0.0136907
0.0141517
0.0149676
0.0162127
0.00172809
0.00424979
0.00457536
0.00609033
0.00683338
0.00777669
0.00931021
0.0100934
0.00989485
0.0104432
0.0120002
0.01269
0.0125486
0.0126046
0.0127761
0.0131048
0.0134676
0.0138902
0.0146704
0.016023
0.0018398
0.00426511
0.00473231
0.00615882
0.00684675
0.00778102
0.00930953
0.0101142
0.00990388
0.0103393
0.0118694
0.0126387
0.0124463
0.0124001
0.0125342
0.0128755
0.0132451
0.0136393
0.0144195
0.0158309
0.001957
0.00428345
0.00488156
0.00622967
0.00686763
0.00778604
0.00930225
0.0101299
0.00991679
0.0102366
0.0117202
0.0125768
0.0123564
0.0122087
0.0122844
0.0126298
0.0130241
0.0134148
0.0142064
0.0156396
0.00208004
0.00430523
0.00502376
0.0063004
0.00689501
0.00779448
0.00928887
0.0101369
0.00993296
0.0101394
0.0115545
0.0124992
0.0122782
0.0120317
0.0120341
0.0123632
0.012809
0.0132289
0.0139859
0.0154536
0.00220866
0.00433109
0.00515845
0.00636987
0.00692958
0.00780826
0.00926779
0.0101328
0.0099524
0.0100532
0.0113734
0.0124015
0.0122086
0.0118714
0.0117903
0.0120821
0.0125763
0.0130417
0.0138216
0.0152853
0.00234293
0.00436124
0.00528596
0.00643786
0.0069694
0.00782758
0.00924071
0.0101178
0.00997309
0.00997923
0.0111805
0.0122811
0.0121435
0.0117278
0.0115594
0.0117933
0.0123298
0.0128719
0.0136667
0.0151347
0.00248277
0.00439629
0.00540677
0.00650263
0.00701296
0.00785434
0.00920968
0.0100906
0.00999096
0.00991946
0.0109831
0.0121366
0.0120769
0.0115965
0.0113455
0.0115061
0.012063
0.0126856
0.0135468
0.0150081
0.00262805
0.00443651
0.00552103
0.0065643
0.00705835
0.00788801
0.00917629
0.0100509
0.0100037
0.00987554
0.0107875
0.0119658
0.0120025
0.0114755
0.0111509
0.011232
0.0117866
0.0124915
0.0134178
0.0148974
0.00277864
0.00448223
0.00562921
0.00662263
0.00710305
0.00792767
0.00914364
0.0100002
0.0100081
0.00984569
0.0105985
0.0117682
0.0119166
0.0113667
0.0109762
0.0109753
0.0115015
0.0122689
0.0132873
0.0147979
0.0029343
0.00453386
0.00573172
0.00667824
0.00714549
0.00797182
0.00911342
0.00994036
0.0100023
0.00982667
0.0104228
0.0115491
0.0118153
0.0112672
0.0108159
0.0107331
0.0112148
0.0120335
0.0131319
0.014702
0.00309475
0.00459178
0.00582908
0.00673134
0.00718377
0.00801739
0.00908774
0.00987476
0.00998535
0.00981395
0.0102661
0.0113145
0.011692
0.0111729
0.0106657
0.0105077
0.0109344
0.0117821
0.0129624
0.0146004
0.00325973
0.00465618
0.00592224
0.00678208
0.00721658
0.00806087
0.00906717
0.00980724
0.0099572
0.00980289
0.0101305
0.0110699
0.0115423
0.01108
0.0105274
0.0103036
0.0106647
0.0115217
0.0127659
0.0144846
0.00342875
0.00472739
0.00601168
0.0068319
0.00724368
0.00809829
0.00905103
0.00974156
0.00991931
0.00978948
0.0100162
0.0108234
0.011364
0.0109855
0.0104037
0.0101181
0.0104058
0.0112545
0.0125516
0.0143551
0.00360105
0.00480582
0.00609767
0.00688171
0.00726432
0.00812546
0.00904117
0.00968073
0.00987302
0.00976893
0.00991988
0.0105844
0.0111595
0.0108847
0.0102909
0.00994807
0.0101605
0.0109862
0.0123246
0.014214
0.00377664
0.00489059
0.00618157
0.00693144
0.00727601
0.00814389
0.00903794
0.00962568
0.00981978
0.00973714
0.00983698
0.0103629
0.0109352
0.0107673
0.0101839
0.00979444
0.00993375
0.0107224
0.0120908
0.0140637
0.00395516
0.00498112
0.00626381
0.00698012
0.0072812
0.00815454
0.00903878
0.00957678
0.00976126
0.00969286
0.00976198
0.010163
0.010696
0.0106274
0.0100808
0.0096587
0.00972795
0.0104689
0.0118552
0.0139037
0.00413587
0.00507729
0.00634361
0.00702926
0.00728353
0.00815556
0.00903992
0.00953409
0.00970032
0.00963784
0.00968827
0.00998508
0.010452
0.0104659
0.00997688
0.00953607
0.00954167
0.0102306
0.0116212
0.0137351
0.00431856
0.00517844
0.00642054
0.00708059
0.00728519
0.00814538
0.00903806
0.00949755
0.00964056
0.00957495
0.00961003
0.00982659
0.0102126
0.010284
0.00986413
0.00942115
0.00937625
0.0100125
0.0113953
0.013564
0.00450283
0.00528405
0.00649431
0.00713429
0.00728875
0.00812439
0.00902978
0.00946605
0.00958342
0.00950659
0.0095241
0.00968271
0.00998409
0.0100854
0.00973953
0.0093136
0.00923226
0.00981632
0.0111831
0.0133944
0.00468818
0.00539389
0.00656464
0.00718981
0.00729708
0.00809415
0.00901183
0.00943738
0.0095298
0.00943591
0.0094308
0.00954907
0.0097707
0.00987723
0.0096019
0.00920833
0.00910403
0.00964116
0.0109876
0.013229
0.00487411
0.00550779
0.00663161
0.00724625
0.00731204
0.00805694
0.00898215
0.00940875
0.00947994
0.00936623
0.00933202
0.00942027
0.0095737
0.00966599
0.00944914
0.00909881
0.00898838
0.00948763
0.010811
0.0130708
0.00506015
0.0056256
0.00669546
0.00730237
0.00733442
0.00801576
0.00893978
0.00937719
0.00943297
0.0093001
0.00923019
0.00929157
0.00939117
0.00945606
0.00928294
0.00898367
0.00888306
0.00935401
0.0106536
0.0129209
0.00524574
0.00574703
0.00675679
0.00735689
0.007364
0.00797396
0.0088851
0.00933964
0.00938769
0.00923857
0.00912858
0.00916075
0.00921931
0.00925206
0.00910914
0.0088612
0.00878269
0.00923725
0.010514
0.01278
0.0054304
0.00587182
0.00681612
0.0074088
0.00739999
0.00793456
0.00881944
0.00929352
0.00934297
0.00918133
0.00903004
0.00902782
0.00905541
0.00905814
0.00893179
0.00872858
0.00868264
0.00913339
0.0103903
0.0126496
0.00561359
0.00599966
0.0068741
0.00745728
0.00744106
0.00789975
0.00874499
0.00923743
0.00929547
0.0091268
0.00893721
0.00889458
0.00889691
0.0088743
0.00875379
0.00858698
0.00857889
0.00903707
0.0102809
0.0125296
0.00579477
0.00613014
0.00693142
0.00750182
0.00748559
0.00787102
0.00866468
0.00917076
0.00924158
0.00907279
0.00885206
0.00876368
0.00874084
0.00869813
0.00857893
0.00843966
0.00846842
0.00894345
0.0101817
0.0124181
0.00597347
0.0062629
0.00698871
0.00754208
0.00753184
0.00784909
0.00858149
0.00909384
0.00917991
0.00901729
0.00877431
0.0086378
0.00858601
0.00852732
0.00840946
0.00828988
0.00835045
0.00884737
0.0100869
0.0123135
0.0061492
0.00639735
0.00704658
0.00757818
0.00757799
0.00783387
0.00849813
0.00900791
0.00910985
0.00895702
0.00870175
0.00851978
0.00843367
0.0083601
0.00824517
0.0081402
0.00822546
0.0087449
0.00999165
0.0122126
0.00632157
0.00653289
0.00710544
0.00761037
0.00762249
0.00782486
0.00841699
0.00891459
0.00903128
0.00888934
0.00863146
0.00841094
0.00828569
0.00819483
0.00808345
0.00799181
0.00809619
0.00863555
0.00989205
0.0121118
0.00649019
0.00666883
0.00716582
0.00763905
0.00766396
0.00782099
0.00833954
0.00881597
0.0089452
0.00881335
0.00855993
0.00831039
0.00814409
0.00803111
0.00792188
0.00784512
0.00796582
0.00852087
0.0097871
0.0120088
0.00665466
0.00680447
0.0072279
0.00766477
0.00770159
0.00782101
0.00826699
0.00871388
0.00885231
0.00872939
0.00848343
0.00821606
0.00801116
0.00787061
0.00775948
0.00769788
0.00783402
0.00840214
0.0096769
0.011902
0.00681458
0.00693922
0.00729188
0.00768798
0.00773456
0.00782339
0.00820009
0.00861032
0.00875368
0.00863859
0.00839935
0.00812418
0.00788734
0.00771616
0.00759663
0.00754689
0.00769859
0.00827895
0.0095613
0.0117909
0.00696972
0.00707236
0.00735775
0.00770943
0.00776244
0.00782665
0.00813877
0.00850697
0.0086497
0.00854224
0.00830725
0.00803025
0.00777041
0.00756945
0.00743535
0.00739223
0.00755867
0.00815107
0.00944085
0.0116748
0.00711975
0.0072033
0.00742535
0.00772945
0.00778508
0.00782951
0.0080827
0.00840552
0.0085407
0.00844109
0.00820848
0.00793099
0.00765633
0.00742878
0.00727689
0.00723512
0.00741444
0.00801904
0.00931641
0.0115544
0.00726448
0.00733128
0.0074945
0.00774883
0.00780259
0.0078307
0.00803076
0.00830734
0.00842803
0.00833512
0.00810486
0.00782503
0.00754122
0.00729205
0.00712169
0.0070761
0.00726479
0.0078812
0.0091869
0.0114296
0.00740365
0.00745574
0.00756463
0.00776788
0.00781552
0.00782963
0.00798158
0.00821326
0.00831346
0.00822328
0.00799747
0.00771331
0.00742231
0.00715669
0.00696899
0.00691586
0.00710935
0.00773586
0.00905004
0.0112981
0.0075372
0.00757617
0.00763534
0.00778691
0.007824
0.00782581
0.00793374
0.00812316
0.00819971
0.00810504
0.00788572
0.00759776
0.00729872
0.00701959
0.00681634
0.00675456
0.006949
0.00758284
0.00890436
0.0111577
0.00766487
0.0076922
0.00770607
0.00780626
0.00782828
0.00781932
0.00788665
0.00803526
0.00808871
0.00798186
0.00776744
0.00747893
0.00717152
0.00687988
0.0066617
0.00659049
0.00678307
0.0074215
0.00874887
0.0110072
0.00778621
0.00780323
0.00777663
0.00782644
0.00782852
0.00780977
0.00784036
0.00794777
0.00798073
0.00785675
0.00764124
0.00735478
0.00704099
0.006738
0.00650446
0.0064222
0.00661047
0.0072511
0.00858268
0.0108448
0.007901
0.00790884
0.00784574
0.00784784
0.00782591
0.00779648
0.00779496
0.00785927
0.00787463
0.00773385
0.00750867
0.00722264
0.00690444
0.00659252
0.00634403
0.00624915
0.00643012
0.0070703
0.00840495
0.0106705
0.00800915
0.00800948
0.0079133
0.00786944
0.00782057
0.00777887
0.00775084
0.00776957
0.00776703
0.007616
0.00737468
0.00708476
0.00676159
0.00644111
0.00617845
0.00606894
0.00623883
0.00687469
0.00821116
0.01048
0.0081097
0.00810388
0.00797985
0.00789334
0.00781373
0.00775557
0.00770658
0.00768017
0.00765426
0.0075004
0.00724325
0.00694368
0.0066141
0.00628513
0.0060081
0.00588174
0.00603854
0.00666655
0.00799913
0.0102675
0.00820232
0.00819182
0.00804283
0.00791795
0.00780737
0.00772916
0.0076615
0.00759352
0.00753696
0.00738247
0.00711469
0.00680103
0.00646089
0.00612155
0.00583077
0.00568671
0.00582651
0.00644132
0.00776785
0.0100352
0.00828928
0.00827544
0.00810428
0.00794203
0.00779548
0.0076928
0.00761148
0.00751026
0.00742034
0.00726294
0.00699009
0.0066611
0.00630539
0.00595131
0.00564566
0.00548219
0.00560271
0.00620006
0.00751419
0.00977442
0.00835892
0.00836161
0.00817539
0.00797342
0.00778771
0.00765052
0.0075478
0.00743197
0.00730978
0.0071432
0.00686978
0.00652895
0.0061533
0.0057775
0.00544943
0.00526391
0.00536611
0.00594991
0.00725046
0.00949726
0.00840152
0.00841878
0.00824934
0.00800448
0.0077792
0.00761757
0.00748809
0.00731
0.00716128
0.00699712
0.00673308
0.00638398
0.00598687
0.005579
0.00521452
0.00499489
0.00507385
0.00562977
0.00690315
0.00912865
0.0085086
0.00849948
0.0082822
0.00801734
0.00774056
0.00755101
0.00743979
0.00737105
0.00716241
0.00696596
0.00671284
0.00637672
0.00598152
0.00556175
0.00515842
0.00486778
0.00482518
0.00525125
0.00640218
0.00851215
0.00850152
0.00855282
0.00830306
0.00811384
0.00787681
0.00750576
0.00716998
0.00698533
0.00685492
0.00669037
0.00643193
0.00610257
0.00572754
0.00540349
0.00516782
0.00507131
0.00519427
0.00570912
0.00686091
0.00891766
0.00864996
0.00856475
0.0083491
0.00801271
0.00769936
0.00750979
0.00743675
0.00731827
0.00713111
0.00691469
0.00661483
0.00620482
0.0056604
0.00500611
0.00433954
0.00377795
0.00348831
0.00368686
0.00462547
0.00653317
0.00893867
0.00851333
0.00819029
0.00784721
0.00760438
0.00729815
0.00699813
0.00686978
0.00670227
0.0064186
0.00613376
0.00590768
0.0058888
0.00614925
0.00674945
0.00762479
0.00860116
0.00938067
0.00960413
0.00894464
0.00891493
0.00856759
0.00820614
0.00793973
0.00775916
0.00764347
0.00758813
0.00745151
0.00721936
0.00688049
0.00640084
0.0057229
0.00485788
0.00390938
0.00300423
0.00223429
0.00172254
0.00166523
0.00232994
0.00396809
0.00912093
0.00855678
0.00815205
0.00786587
0.00771364
0.00746906
0.00717626
0.0067491
0.00634133
0.00615837
0.00601114
0.00571211
0.00541771
0.0053152
0.00551259
0.00599912
0.00667942
0.00728368
0.00743523
0.00677475
0.00911093
0.00854329
0.00817142
0.00795737
0.00790966
0.00791907
0.00795563
0.00784014
0.00755055
0.00701891
0.00618255
0.00495942
0.00341902
0.00176721
0.000256686
-0.000919422
-0.00160831
-0.00164487
-0.000818769
0.00105999
0.0343247
0.0167543
0.00999052
0.01059
0.0118829
0.0124537
0.0129036
0.0136018
0.0143929
0.0151426
0.0157858
0.0163706
0.0171597
0.0180887
0.0189299
0.0197629
0.0206629
0.0215547
0.02235
0.0230825
0.0239848
0.0250411
0.0261062
0.0272849
0.0284736
0.0295229
0.0306276
0.031903
0.0331897
0.0345484
0.0359437
0.0373506
0.0387783
0.0403147
0.0419292
0.0435872
0.0453205
0.0470739
0.0489466
0.0508408
0.0528785
0.0549209
0.0570301
0.059233
0.0613968
0.0637839
0.0659803
0.0684086
0.0704701
0.0722192
0.0337556
0.0168023
0.0100335
0.0106077
0.0118926
0.0124596
0.0129076
0.0136049
0.0143955
0.0151448
0.0157877
0.0163722
0.0171609
0.0180899
0.0189309
0.0197638
0.0206637
0.0215555
0.0223508
0.0230832
0.0239854
0.0250416
0.0261067
0.0272854
0.028474
0.0295234
0.030628
0.0319033
0.03319
0.0345486
0.035944
0.0373508
0.0387785
0.0403149
0.0419293
0.0435874
0.0453207
0.047074
0.0489467
0.0508409
0.0528787
0.054921
0.0570302
0.0592331
0.0613969
0.063784
0.0659804
0.0684086
0.0704701
0.0722192
0.0331823
0.0168868
0.0101031
0.0106302
0.0119036
0.0124663
0.0129118
0.0136079
0.0143979
0.0151469
0.0157894
0.0163736
0.017162
0.0180909
0.0189318
0.0197647
0.0206645
0.0215562
0.0223514
0.0230838
0.0239859
0.0250422
0.0261072
0.0272858
0.0284745
0.0295237
0.0306283
0.0319036
0.0331903
0.0345489
0.0359442
0.037351
0.0387787
0.0403151
0.0419295
0.0435875
0.0453208
0.0470742
0.0489468
0.050841
0.0528788
0.0549211
0.0570303
0.0592331
0.061397
0.063784
0.0659805
0.0684087
0.0704701
0.0722192
0.0326439
0.0170038
0.0102082
0.0106641
0.0119191
0.0124757
0.0129175
0.0136116
0.0144007
0.0151492
0.0157913
0.0163751
0.0171633
0.018092
0.0189328
0.0197655
0.0206653
0.0215569
0.0223521
0.0230844
0.0239864
0.0250427
0.0261077
0.0272862
0.0284749
0.0295241
0.0306286
0.0319039
0.0331906
0.0345491
0.0359444
0.0373512
0.0387789
0.0403153
0.0419297
0.0435877
0.045321
0.0470743
0.0489469
0.0508411
0.0528789
0.0549212
0.0570304
0.0592332
0.0613971
0.0637841
0.0659805
0.0684088
0.0704702
0.0722192
0.0321247
0.0171409
0.0103428
0.01071
0.0119403
0.0124894
0.0129259
0.0136169
0.0144042
0.0151519
0.0157938
0.0163771
0.0171648
0.0180932
0.0189338
0.0197664
0.0206661
0.0215577
0.0223528
0.023085
0.023987
0.0250432
0.0261082
0.0272867
0.0284754
0.0295245
0.0306289
0.0319042
0.0331908
0.0345494
0.0359446
0.0373514
0.0387791
0.0403154
0.0419298
0.0435878
0.0453211
0.0470744
0.0489471
0.0508412
0.052879
0.0549213
0.0570305
0.0592333
0.0613972
0.0637842
0.0659806
0.0684089
0.0704703
0.0722192
0.0316111
0.0172855
0.0104939
0.0107636
0.0119661
0.0125071
0.0129376
0.0136242
0.0144089
0.0151554
0.0157969
0.0163799
0.0171669
0.0180946
0.0189349
0.0197674
0.020667
0.0215585
0.0223536
0.0230856
0.0239875
0.0250438
0.0261087
0.0272872
0.0284759
0.0295249
0.0306292
0.0319045
0.0331912
0.0345497
0.0359449
0.0373516
0.0387793
0.0403156
0.04193
0.043588
0.0453213
0.0470746
0.0489472
0.0508413
0.0528791
0.0549214
0.0570306
0.0592334
0.0613972
0.0637843
0.0659807
0.068409
0.0704705
0.0722192
0.0311006
0.0174308
0.0106537
0.0108212
0.0119944
0.0125278
0.012952
0.0136334
0.0144147
0.0151597
0.0158009
0.0163835
0.0171696
0.0180963
0.0189361
0.0197684
0.020668
0.0215594
0.0223545
0.0230863
0.0239881
0.0250445
0.0261093
0.0272877
0.0284765
0.0295254
0.0306296
0.0319049
0.0331915
0.03455
0.0359452
0.0373519
0.0387795
0.0403158
0.0419302
0.0435882
0.0453214
0.0470747
0.0489473
0.0508415
0.0528792
0.0549216
0.0570307
0.0592335
0.0613973
0.0637844
0.0659808
0.0684091
0.0704707
0.0722192
0.0305956
0.017575
0.0108201
0.0108814
0.0120241
0.0125503
0.0129684
0.0136444
0.0144216
0.0151647
0.0158057
0.0163882
0.0171731
0.0180984
0.0189374
0.0197696
0.020669
0.0215603
0.0223554
0.0230872
0.0239888
0.0250451
0.0261099
0.0272882
0.0284771
0.029526
0.03063
0.0319053
0.0331919
0.0345503
0.0359455
0.0373522
0.0387797
0.040316
0.0419304
0.0435883
0.0453216
0.0470749
0.0489475
0.0508416
0.0528794
0.0549217
0.0570308
0.0592336
0.0613974
0.0637845
0.0659809
0.0684092
0.070471
0.0722192
0.0300978
0.0177179
0.0109931
0.0109444
0.0120546
0.0125739
0.0129861
0.0136566
0.0144295
0.0151703
0.0158112
0.0163938
0.0171775
0.0181009
0.0189389
0.0197707
0.02067
0.0215612
0.0223564
0.0230882
0.0239897
0.0250459
0.0261104
0.0272888
0.0284778
0.0295266
0.0306305
0.0319058
0.0331924
0.0345508
0.0359459
0.0373525
0.03878
0.0403163
0.0419306
0.0435885
0.0453218
0.047075
0.0489476
0.0508418
0.0528795
0.0549218
0.0570309
0.0592338
0.0613975
0.0637846
0.065981
0.0684094
0.0704713
0.0722193
0.0296076
0.0178597
0.0111735
0.0110103
0.0120858
0.0125984
0.0130046
0.0136696
0.014438
0.0151764
0.0158171
0.0164001
0.0171826
0.0181039
0.0189405
0.0197719
0.0206709
0.0215619
0.0223575
0.0230895
0.0239909
0.025047
0.0261111
0.0272893
0.0284785
0.0295272
0.030631
0.0319063
0.0331928
0.0345512
0.0359464
0.037353
0.0387803
0.0403166
0.0419309
0.0435888
0.045322
0.0470752
0.0489478
0.0508419
0.0528797
0.054922
0.0570311
0.0592339
0.0613977
0.0637847
0.0659812
0.0684097
0.0704718
0.0722194
0.0291243
0.0179996
0.0113612
0.0110795
0.0121175
0.0126235
0.0130239
0.0136832
0.0144469
0.0151828
0.0158234
0.0164068
0.0171883
0.0181073
0.0189423
0.0197731
0.0206718
0.0215625
0.0223583
0.0230908
0.0239925
0.0250484
0.0261118
0.0272896
0.0284791
0.0295279
0.0306316
0.0319069
0.0331934
0.0345517
0.0359469
0.0373534
0.0387807
0.0403169
0.0419312
0.043589
0.0453223
0.0470754
0.048948
0.0508421
0.0528798
0.0549221
0.0570312
0.059234
0.0613978
0.0637849
0.0659814
0.06841
0.0704724
0.0722195
0.0286469
0.018136
0.011555
0.0111516
0.0121495
0.0126491
0.0130438
0.0136972
0.0144563
0.0151895
0.01583
0.0164139
0.0171944
0.0181111
0.0189442
0.0197744
0.0206726
0.021563
0.022359
0.0230921
0.0239943
0.0250502
0.0261127
0.0272899
0.0284795
0.0295285
0.0306323
0.0319076
0.033194
0.0345523
0.0359475
0.037354
0.0387812
0.0403173
0.0419315
0.0435893
0.0453225
0.0470757
0.0489482
0.0508423
0.05288
0.0549223
0.0570314
0.0592342
0.061398
0.0637851
0.0659816
0.0684103
0.0704731
0.0722197
0.0281746
0.018267
0.0117532
0.011226
0.0121817
0.0126752
0.0130642
0.0137117
0.0144658
0.0151964
0.0158367
0.0164212
0.0172008
0.0181152
0.0189463
0.0197756
0.0206734
0.0215633
0.0223595
0.0230933
0.0239963
0.0250525
0.026114
0.0272901
0.0284797
0.029529
0.030633
0.0319083
0.0331947
0.0345529
0.0359481
0.0373546
0.0387818
0.0403178
0.041932
0.0435897
0.0453229
0.0470759
0.0489484
0.0508425
0.0528802
0.0549225
0.0570316
0.0592344
0.0613981
0.0637853
0.0659818
0.0684108
0.070474
0.07222
0.0277069
0.0183909
0.0119544
0.0113026
0.0122137
0.0127016
0.0130852
0.0137265
0.0144756
0.0152035
0.0158435
0.0164287
0.0172074
0.0181195
0.0189484
0.0197769
0.0206742
0.0215636
0.0223597
0.0230941
0.0239983
0.0250551
0.0261155
0.0272902
0.0284797
0.0295293
0.0306336
0.0319091
0.0331954
0.0345535
0.0359487
0.0373553
0.0387825
0.0403184
0.0419324
0.0435901
0.0453233
0.0470763
0.0489487
0.0508427
0.0528804
0.0549227
0.0570318
0.0592346
0.0613983
0.0637855
0.0659821
0.0684113
0.0704751
0.0722204
0.0272437
0.0185064
0.0121574
0.0113811
0.0122455
0.0127282
0.0131068
0.0137416
0.0144855
0.0152107
0.0158506
0.0164364
0.0172143
0.018124
0.0189507
0.0197781
0.020675
0.0215638
0.0223597
0.0230947
0.024
0.0250578
0.0261173
0.0272902
0.0284793
0.0295294
0.0306341
0.03191
0.0331962
0.0345542
0.0359493
0.0373559
0.0387833
0.0403192
0.041933
0.0435906
0.0453237
0.0470767
0.048949
0.0508429
0.0528806
0.0549229
0.057032
0.0592348
0.0613986
0.0637858
0.0659825
0.068412
0.0704763
0.0722209
0.0267851
0.0186125
0.0123619
0.0114621
0.012277
0.0127549
0.013129
0.0137571
0.0144956
0.0152179
0.0158577
0.0164443
0.0172214
0.0181287
0.018953
0.0197793
0.0206758
0.0215639
0.0223596
0.0230951
0.0240015
0.0250605
0.0261193
0.0272901
0.0284787
0.0295291
0.0306345
0.0319108
0.0331971
0.034555
0.0359499
0.0373566
0.0387841
0.0403201
0.0419337
0.0435911
0.0453242
0.0470771
0.0489494
0.0508432
0.0528808
0.0549231
0.0570322
0.059235
0.0613988
0.0637861
0.0659829
0.0684127
0.0704778
0.0722215
0.0263313
0.0187089
0.0125684
0.011546
0.0123083
0.0127815
0.013152
0.0137732
0.0145058
0.0152254
0.0158651
0.0164524
0.0172288
0.0181337
0.0189555
0.0197804
0.0206766
0.021564
0.0223594
0.0230953
0.0240028
0.0250629
0.0261212
0.02729
0.0284776
0.0295286
0.0306348
0.0319117
0.033198
0.0345558
0.0359505
0.0373572
0.0387849
0.0403211
0.0419345
0.0435917
0.0453248
0.0470777
0.0489498
0.0508435
0.052881
0.0549233
0.0570324
0.0592353
0.0613991
0.0637865
0.0659834
0.0684136
0.0704796
0.0722222
0.025883
0.0187955
0.0127771
0.0116338
0.0123395
0.0128079
0.0131756
0.0137897
0.0145164
0.015233
0.0158726
0.0164608
0.0172365
0.0181389
0.0189582
0.0197816
0.0206773
0.0215641
0.0223592
0.0230955
0.0240038
0.025065
0.0261231
0.0272897
0.0284762
0.029528
0.030635
0.0319126
0.0331989
0.0345567
0.0359512
0.0373577
0.0387857
0.0403221
0.0419354
0.0435924
0.0453254
0.0470783
0.0489503
0.0508438
0.0528813
0.0549235
0.0570326
0.0592355
0.0613994
0.0637869
0.0659839
0.0684146
0.0704815
0.0722231
0.025441
0.0188722
0.0129884
0.0117261
0.0123707
0.0128341
0.0131998
0.0138069
0.0145272
0.0152409
0.0158804
0.0164693
0.0172444
0.0181443
0.018961
0.0197828
0.020678
0.0215642
0.022359
0.0230957
0.0240049
0.0250668
0.0261248
0.0272893
0.0284745
0.0295272
0.0306352
0.0319135
0.0331999
0.0345576
0.0359519
0.0373582
0.0387865
0.0403232
0.0419365
0.0435931
0.045326
0.047079
0.048951
0.0508442
0.0528815
0.0549237
0.0570329
0.0592357
0.0613997
0.0637873
0.0659845
0.0684157
0.0704838
0.0722242
0.0250062
0.018939
0.0132024
0.0118235
0.0124022
0.0128599
0.0132246
0.0138247
0.0145386
0.0152491
0.0158884
0.016478
0.0172526
0.01815
0.018964
0.0197842
0.0206788
0.0215642
0.0223588
0.0230962
0.024006
0.0250684
0.0261264
0.0272889
0.0284725
0.0295263
0.0306356
0.0319144
0.0332009
0.0345584
0.0359526
0.0373587
0.0387873
0.0403243
0.0419375
0.0435938
0.0453267
0.0470797
0.0489516
0.0508447
0.0528818
0.0549239
0.0570331
0.059236
0.0614
0.0637877
0.0659852
0.068417
0.0704863
0.0722253
0.0245794
0.0189957
0.0134187
0.0119265
0.0124341
0.0128852
0.0132497
0.0138432
0.0145503
0.0152576
0.0158967
0.016487
0.0172611
0.018156
0.0189672
0.0197856
0.0206795
0.0215642
0.0223587
0.0230969
0.0240075
0.0250699
0.026128
0.0272886
0.0284704
0.0295255
0.0306361
0.0319154
0.0332019
0.0345592
0.0359533
0.0373593
0.0387881
0.0403253
0.0419386
0.0435946
0.0453273
0.0470804
0.0489524
0.0508452
0.0528821
0.0549241
0.0570333
0.0592362
0.0614003
0.0637882
0.0659859
0.0684183
0.070489
0.0722267
0.0241618
0.0190422
0.0136367
0.0120358
0.0124667
0.0129097
0.0132752
0.0138623
0.0145627
0.0152666
0.0159054
0.0164963
0.0172699
0.0181623
0.0189707
0.0197872
0.0206803
0.0215643
0.0223588
0.0230982
0.0240094
0.0250714
0.0261296
0.0272885
0.0284683
0.0295249
0.0306369
0.0319165
0.0332029
0.03456
0.0359539
0.0373598
0.038789
0.0403264
0.0419397
0.0435954
0.045328
0.0470811
0.0489532
0.0508458
0.0528824
0.0549242
0.0570335
0.0592364
0.0614006
0.0637886
0.0659867
0.0684198
0.070492
0.0722282
0.0237541
0.0190783
0.0138559
0.0121518
0.0125002
0.0129332
0.0133008
0.0138821
0.0145756
0.0152761
0.0159144
0.0165059
0.017279
0.0181688
0.0189743
0.0197891
0.0206812
0.0215643
0.022359
0.0231001
0.0240119
0.0250731
0.0261314
0.0272886
0.0284663
0.0295245
0.0306381
0.0319177
0.0332039
0.0345608
0.0359545
0.0373604
0.0387901
0.0403274
0.0419408
0.0435962
0.0453287
0.0470819
0.048954
0.0508465
0.0528827
0.0549244
0.0570337
0.0592367
0.0614009
0.0637891
0.0659875
0.0684213
0.0704951
0.0722298
0.023357
0.0191039
0.0140754
0.012275
0.0125352
0.0129558
0.0133264
0.0139026
0.0145891
0.015286
0.0159239
0.0165158
0.0172884
0.0181757
0.0189781
0.0197911
0.0206822
0.0215644
0.0223593
0.0231026
0.0240151
0.0250751
0.0261333
0.027289
0.0284646
0.0295245
0.0306397
0.031919
0.033205
0.0345615
0.0359549
0.037361
0.0387913
0.0403285
0.0419418
0.043597
0.0453294
0.0470827
0.0489548
0.0508472
0.0528831
0.0549245
0.0570339
0.0592369
0.0614012
0.0637896
0.0659883
0.068423
0.0704985
0.0722315
0.0229715
0.019119
0.0142941
0.0124056
0.012572
0.0129772
0.0133517
0.0139236
0.0146033
0.0152965
0.0159337
0.0165261
0.0172982
0.0181828
0.0189822
0.0197933
0.0206832
0.0215645
0.0223597
0.0231057
0.0240189
0.0250773
0.0261353
0.0272895
0.0284632
0.0295248
0.0306417
0.0319205
0.0332062
0.0345623
0.0359552
0.0373616
0.0387926
0.0403296
0.0419427
0.0435977
0.0453302
0.0470835
0.0489557
0.0508479
0.0528835
0.0549247
0.0570341
0.0592372
0.0614016
0.0637901
0.0659892
0.0684247
0.0705021
0.0722333
0.0225984
0.0191238
0.0145111
0.0125439
0.0126112
0.0129974
0.0133765
0.0139453
0.0146181
0.0153074
0.0159439
0.0165368
0.0173083
0.0181903
0.0189865
0.0197957
0.0206845
0.0215647
0.0223603
0.0231094
0.0240233
0.0250798
0.0261375
0.0272902
0.0284619
0.0295255
0.0306442
0.031922
0.0332074
0.0345631
0.0359555
0.0373623
0.0387941
0.0403309
0.0419437
0.0435986
0.045331
0.0470843
0.0489566
0.0508486
0.0528839
0.0549248
0.0570343
0.0592374
0.061402
0.0637907
0.0659901
0.0684265
0.0705059
0.0722352
0.022238
0.0191186
0.0147251
0.0126898
0.0126535
0.0130164
0.0134006
0.0139673
0.0146337
0.0153189
0.0159545
0.0165479
0.0173187
0.018198
0.0189911
0.0197984
0.0206858
0.0215649
0.0223611
0.0231136
0.0240282
0.0250824
0.0261397
0.027291
0.0284608
0.0295265
0.0306469
0.0319236
0.0332086
0.034564
0.0359557
0.037363
0.0387957
0.0403322
0.0419447
0.0435994
0.0453318
0.0470852
0.0489576
0.0508494
0.0528843
0.054925
0.0570346
0.0592377
0.0614024
0.0637912
0.0659911
0.0684284
0.0705099
0.0722373
0.0218918
0.019104
0.0149351
0.0128431
0.0126995
0.0130344
0.0134237
0.0139898
0.0146499
0.015331
0.0159654
0.0165593
0.0173296
0.0182061
0.0189959
0.0198012
0.0206873
0.0215653
0.0223619
0.0231182
0.0240335
0.0250852
0.026142
0.0272919
0.0284598
0.0295277
0.0306499
0.0319253
0.03321
0.034565
0.035956
0.0373638
0.0387974
0.0403336
0.0419457
0.0436003
0.0453327
0.0470861
0.0489585
0.0508502
0.0528848
0.0549252
0.0570348
0.059238
0.0614028
0.0637918
0.0659922
0.0684303
0.070514
0.0722394
0.0215624
0.019081
0.0151398
0.0130033
0.0127503
0.0130515
0.0134455
0.0140124
0.014667
0.0153437
0.0159767
0.0165711
0.0173408
0.0182145
0.019001
0.0198041
0.020689
0.0215657
0.0223629
0.0231232
0.0240392
0.0250881
0.0261442
0.0272928
0.0284589
0.0295292
0.030653
0.031927
0.0332114
0.0345661
0.0359562
0.0373647
0.0387992
0.0403352
0.0419468
0.0436013
0.0453336
0.0470871
0.0489596
0.050851
0.0528853
0.0549254
0.0570351
0.0592383
0.0614032
0.0637925
0.0659933
0.0684324
0.0705183
0.0722417
0.0212449
0.01905
0.0153377
0.0131694
0.0128064
0.0130681
0.0134657
0.014035
0.0146849
0.0153572
0.0159886
0.0165832
0.0173523
0.0182231
0.0190063
0.0198073
0.0206909
0.0215663
0.022364
0.0231284
0.0240451
0.0250912
0.0261465
0.0272937
0.028458
0.0295307
0.0306563
0.0319288
0.0332128
0.0345672
0.0359566
0.0373656
0.038801
0.0403368
0.0419479
0.0436023
0.0453345
0.0470881
0.0489606
0.0508519
0.0528858
0.0549256
0.0570354
0.0592387
0.0614036
0.0637931
0.0659945
0.0684345
0.0705229
0.072244
0.0209419
0.0190124
0.0155276
0.0133404
0.0128686
0.0130846
0.0134842
0.0140573
0.0147033
0.0153712
0.0160008
0.0165958
0.0173643
0.0182322
0.0190119
0.0198106
0.020693
0.021567
0.0223652
0.0231338
0.0240513
0.0250944
0.0261488
0.0272946
0.0284572
0.0295323
0.0306596
0.0319307
0.0332144
0.0345685
0.035957
0.0373666
0.0388028
0.0403385
0.0419491
0.0436034
0.0453355
0.0470892
0.0489617
0.0508528
0.0528864
0.0549259
0.0570358
0.059239
0.0614041
0.0637938
0.0659957
0.0684367
0.0705276
0.0722465
0.0206589
0.0189702
0.0157087
0.0135153
0.0129375
0.0131015
0.0135008
0.0140791
0.0147226
0.015386
0.0160134
0.0166086
0.0173766
0.0182415
0.0190178
0.0198141
0.0206952
0.0215678
0.0223665
0.0231394
0.0240577
0.0250977
0.0261511
0.0272955
0.0284563
0.029534
0.030663
0.0319326
0.033216
0.0345697
0.0359575
0.0373677
0.0388047
0.0403402
0.0419504
0.0436045
0.0453366
0.0470902
0.0489629
0.0508538
0.052887
0.0549262
0.0570362
0.0592394
0.0614046
0.0637946
0.0659971
0.068439
0.0705325
0.072249
0.0203925
0.0189249
0.0158802
0.013693
0.0130137
0.0131194
0.0135153
0.0140998
0.0147424
0.0154018
0.0160267
0.0166219
0.0173893
0.0182511
0.0190238
0.0198178
0.0206975
0.0215687
0.022368
0.0231451
0.0240642
0.0251011
0.0261534
0.0272965
0.0284555
0.0295358
0.0306665
0.0319346
0.0332176
0.0345711
0.0359581
0.0373688
0.0388067
0.040342
0.0419518
0.0436058
0.0453377
0.0470914
0.0489641
0.0508547
0.0528876
0.0549265
0.0570366
0.0592398
0.0614051
0.0637954
0.0659985
0.0684414
0.0705375
0.0722517
0.0201499
0.0188788
0.0160418
0.0138726
0.0130979
0.0131395
0.0135279
0.0141193
0.0147626
0.0154184
0.0160406
0.0166356
0.0174025
0.0182612
0.0190301
0.0198216
0.0207001
0.0215697
0.0223696
0.023151
0.0240708
0.0251046
0.0261559
0.0272975
0.0284548
0.0295375
0.03067
0.0319367
0.0332194
0.0345725
0.0359588
0.03737
0.0388087
0.0403439
0.0419532
0.043607
0.0453388
0.0470926
0.0489653
0.0508557
0.0528883
0.0549268
0.057037
0.0592402
0.0614056
0.0637962
0.0659999
0.0684439
0.0705429
0.0722546
0.0199131
0.0188308
0.0161918
0.0140513
0.0131894
0.0131621
0.0135388
0.0141373
0.0147831
0.015436
0.016055
0.0166496
0.0174159
0.0182716
0.0190368
0.0198257
0.0207029
0.0215709
0.0223713
0.0231569
0.0240776
0.0251083
0.0261584
0.0272985
0.028454
0.0295393
0.0306735
0.0319389
0.0332212
0.0345739
0.0359595
0.0373712
0.0388108
0.0403459
0.0419547
0.0436084
0.04534
0.0470938
0.0489666
0.0508568
0.0528889
0.0549271
0.0570375
0.0592407
0.0614062
0.0637971
0.0660015
0.0684465
0.0705484
0.0722575
0.0196807
0.0187817
0.0163301
0.0142278
0.0132874
0.0131875
0.0135477
0.0141531
0.0148036
0.0154544
0.0160703
0.016664
0.0174297
0.0182823
0.0190435
0.0198299
0.0207058
0.0215723
0.0223731
0.0231629
0.0240845
0.025112
0.026161
0.0272995
0.0284534
0.0295412
0.0306771
0.0319411
0.0332231
0.0345754
0.0359602
0.0373726
0.0388129
0.0403478
0.0419562
0.0436097
0.0453412
0.047095
0.0489679
0.0508578
0.0528896
0.0549275
0.0570379
0.0592411
0.0614068
0.063798
0.0660031
0.0684492
0.0705541
0.0722607
0.0194802
0.0187386
0.0164603
0.0144027
0.0133934
0.0132181
0.0135558
0.0141666
0.0148237
0.0154739
0.0160865
0.016679
0.017444
0.0182934
0.0190507
0.0198344
0.0207089
0.0215738
0.0223751
0.023169
0.0240914
0.0251159
0.0261637
0.0273006
0.0284528
0.0295431
0.0306807
0.0319433
0.033225
0.034577
0.035961
0.0373739
0.038815
0.0403499
0.0419578
0.0436112
0.0453425
0.0470963
0.0489692
0.0508589
0.0528903
0.0549278
0.0570384
0.0592416
0.0614074
0.0637989
0.0660049
0.068452
0.0705601
0.0722639
0.0192802
0.0186965
0.0165795
0.0145722
0.0135046
0.0132536
0.0135634
0.0141778
0.0148432
0.0154944
0.0161036
0.0166945
0.0174588
0.0183051
0.0190583
0.0198391
0.0207122
0.0215755
0.0223772
0.0231752
0.0240985
0.0251199
0.0261665
0.0273017
0.0284523
0.0295451
0.0306843
0.0319457
0.0332271
0.0345786
0.0359618
0.0373753
0.0388173
0.040352
0.0419595
0.0436126
0.0453438
0.0470977
0.0489707
0.05086
0.0528911
0.0549282
0.057039
0.0592421
0.0614081
0.0637999
0.0660067
0.068455
0.0705662
0.0722674
0.0190788
0.0186549
0.0166873
0.0147344
0.0136187
0.0132941
0.0135705
0.014186
0.0148612
0.0155153
0.0161216
0.0167105
0.0174737
0.0183168
0.0190657
0.0198438
0.0207156
0.0215772
0.0223793
0.0231814
0.0241056
0.0251241
0.0261694
0.0273029
0.0284518
0.0295471
0.030688
0.0319481
0.0332292
0.0345803
0.0359627
0.0373768
0.0388196
0.0403542
0.0419612
0.0436141
0.0453452
0.0470991
0.0489721
0.0508612
0.0528918
0.0549286
0.0570395
0.0592427
0.0614088
0.063801
0.0660086
0.068458
0.0705726
0.072271
0.0189224
0.0186251
0.0167906
0.0148926
0.0137384
0.0133426
0.0135795
0.0141921
0.0148779
0.015537
0.0161409
0.0167271
0.017489
0.018329
0.0190736
0.019849
0.0207194
0.0215793
0.0223817
0.0231877
0.0241127
0.0251283
0.0261724
0.0273042
0.0284515
0.0295491
0.0306918
0.0319506
0.0332314
0.034582
0.0359636
0.0373784
0.038822
0.0403564
0.0419629
0.0436157
0.0453466
0.0471006
0.0489736
0.0508624
0.0528926
0.0549291
0.0570401
0.0592433
0.0614095
0.0638021
0.0660106
0.0684612
0.0705792
0.0722747
0.0187699
0.0185967
0.0168844
0.015042
0.0138591
0.0133976
0.0135905
0.014196
0.0148926
0.0155592
0.0161614
0.0167448
0.0175052
0.018342
0.0190821
0.0198544
0.0207234
0.0215815
0.0223842
0.023194
0.02412
0.0251327
0.0261756
0.0273055
0.0284512
0.0295512
0.0306955
0.0319532
0.0332337
0.0345838
0.0359646
0.03738
0.0388244
0.0403587
0.0419648
0.0436173
0.0453481
0.0471021
0.0489752
0.0508637
0.0528934
0.0549295
0.0570407
0.0592439
0.0614103
0.0638033
0.0660127
0.0684645
0.0705861
0.0722787
0.0186141
0.0185675
0.0169669
0.0151797
0.0139775
0.0134573
0.0136028
0.0141967
0.0149041
0.0155808
0.0161829
0.0167631
0.0175214
0.0183549
0.0190904
0.0198597
0.0207274
0.0215838
0.0223868
0.0232003
0.0241273
0.0251372
0.0261788
0.0273069
0.0284511
0.0295534
0.0306994
0.0319559
0.033236
0.0345857
0.0359656
0.0373816
0.0388269
0.0403611
0.0419667
0.043619
0.0453497
0.0471036
0.0489768
0.0508649
0.0528943
0.05493
0.0570414
0.0592445
0.0614111
0.0638045
0.0660149
0.0684679
0.0705931
0.0722828
0.0185284
0.0185549
0.017049
0.0153128
0.0140972
0.013525
0.0136201
0.0141967
0.0149134
0.015602
0.0162053
0.0167821
0.0175381
0.0183682
0.0190993
0.0198657
0.0207319
0.0215865
0.0223896
0.0232067
0.0241346
0.0251418
0.0261821
0.0273083
0.028451
0.0295557
0.0307033
0.0319586
0.0332385
0.0345877
0.0359668
0.0373834
0.0388295
0.0403636
0.0419686
0.0436208
0.0453513
0.0471052
0.0489784
0.0508663
0.0528951
0.0549305
0.057042
0.0592452
0.0614119
0.0638058
0.0660173
0.0684715
0.0706004
0.0722872
0.0184751
0.0185504
0.0171272
0.0154388
0.0142153
0.0135989
0.0136425
0.0141965
0.0149198
0.0156222
0.0162289
0.0168028
0.017556
0.0183825
0.0191087
0.0198717
0.0207364
0.0215893
0.0223925
0.0232133
0.0241421
0.0251466
0.0261855
0.0273098
0.028451
0.029558
0.0307072
0.0319615
0.033241
0.0345897
0.035968
0.0373852
0.0388322
0.0403661
0.0419707
0.0436226
0.045353
0.0471069
0.0489801
0.0508676
0.0528961
0.054931
0.0570427
0.0592459
0.0614128
0.0638071
0.0660197
0.0684752
0.0706079
0.0722917
0.0184052
0.0185434
0.017198
0.0155547
0.014328
0.0136749
0.0136687
0.0141951
0.014923
0.0156409
0.0162532
0.0168245
0.0175743
0.0183966
0.0191179
0.0198778
0.0207412
0.0215924
0.0223956
0.0232197
0.0241495
0.0251514
0.026189
0.0273114
0.0284512
0.0295603
0.0307112
0.0319644
0.0332436
0.0345918
0.0359693
0.0373871
0.0388349
0.0403687
0.0419728
0.0436244
0.0453547
0.0471086
0.0489819
0.050869
0.052897
0.0549316
0.0570435
0.0592466
0.0614138
0.0638086
0.0660223
0.068479
0.0706156
0.0722965
0.0183355
0.0185398
0.0172658
0.015664
0.0144361
0.0137532
0.0137001
0.0141952
0.014924
0.0156573
0.0162769
0.0168466
0.0175931
0.0184114
0.0191278
0.0198844
0.0207463
0.0215957
0.0223988
0.0232262
0.024157
0.0251564
0.0261926
0.0273131
0.0284514
0.0295628
0.0307152
0.0319674
0.0332463
0.0345941
0.0359706
0.037389
0.0388377
0.0403714
0.041975
0.0436264
0.0453565
0.0471104
0.0489837
0.0508705
0.052898
0.0549322
0.0570442
0.0592474
0.0614148
0.0638101
0.066025
0.068483
0.0706236
0.0723015
0.0182685
0.0185397
0.0173322
0.0157686
0.01454
0.0138331
0.013737
0.014197
0.0149222
0.015671
0.0163006
0.0168703
0.0176137
0.0184274
0.0191381
0.0198911
0.0207514
0.0215992
0.0224023
0.0232329
0.0241646
0.0251616
0.0261963
0.0273148
0.0284517
0.0295653
0.0307193
0.0319705
0.0332491
0.0345964
0.0359721
0.0373911
0.0388406
0.0403742
0.0419772
0.0436284
0.0453584
0.0471123
0.0489856
0.050872
0.052899
0.0549328
0.057045
0.0592482
0.0614159
0.0638117
0.0660279
0.0684872
0.0706317
0.0723067
0.0182004
0.0185421
0.017397
0.0158689
0.0146396
0.013913
0.0137783
0.0142009
0.014919
0.0156833
0.0163245
0.0168949
0.0176349
0.0184436
0.0191485
0.0198979
0.020757
0.0216031
0.022406
0.0232394
0.0241721
0.0251668
0.0262001
0.0273166
0.0284522
0.0295679
0.0307235
0.0319737
0.033252
0.0345988
0.0359737
0.0373932
0.0388436
0.040377
0.0419796
0.0436304
0.0453604
0.0471142
0.0489876
0.0508736
0.0529001
0.0549335
0.0570459
0.059249
0.061417
0.0638133
0.0660309
0.0684915
0.0706401
0.0723122
0.0181251
0.0185446
0.0174602
0.0159657
0.0147346
0.0139912
0.0138242
0.0142087
0.0149155
0.0156931
0.0163467
0.0169191
0.0176568
0.0184609
0.01916
0.0199052
0.0207626
0.0216071
0.0224098
0.023246
0.0241797
0.0251722
0.0262039
0.0273185
0.0284528
0.0295705
0.0307277
0.031977
0.033255
0.0346013
0.0359753
0.0373955
0.0388467
0.04038
0.041982
0.0436326
0.0453624
0.0471162
0.0489896
0.0508752
0.0529013
0.0549342
0.0570468
0.0592499
0.0614182
0.0638151
0.066034
0.068496
0.0706487
0.0723179
0.0180388
0.018546
0.0175219
0.0160584
0.0148251
0.0140677
0.013874
0.0142198
0.0149103
0.0156997
0.0163672
0.0169438
0.0176802
0.0184796
0.0191718
0.0199124
0.0207682
0.0216113
0.022414
0.0232528
0.0241873
0.0251777
0.0262079
0.0273205
0.0284535
0.0295733
0.0307319
0.0319803
0.0332581
0.0346038
0.0359771
0.0373978
0.0388498
0.040383
0.0419845
0.0436348
0.0453646
0.0471182
0.0489917
0.0508768
0.0529024
0.0549349
0.0570477
0.0592509
0.0614195
0.0638169
0.0660372
0.0685006
0.0706575
0.0723239
0.0179428
0.0185452
0.0175822
0.0161484
0.0149126
0.0141416
0.0139257
0.0142333
0.0149046
0.0157048
0.016387
0.0169684
0.017704
0.018499
0.0191843
0.0199201
0.0207743
0.021616
0.0224183
0.0232595
0.0241949
0.0251833
0.026212
0.0273226
0.0284544
0.0295761
0.0307362
0.0319838
0.0332613
0.0346065
0.035979
0.0374002
0.0388531
0.0403861
0.0419871
0.0436371
0.0453668
0.0471203
0.0489939
0.0508785
0.0529037
0.0549357
0.0570487
0.0592519
0.0614209
0.0638189
0.0660407
0.0685054
0.0706665
0.0723301
0.0178363
0.0185407
0.0176422
0.0162362
0.0149961
0.014211
0.0139783
0.0142511
0.0149003
0.0157088
0.016405
0.0169918
0.017728
0.0185197
0.0191982
0.0199283
0.0207804
0.0216207
0.0224227
0.0232663
0.0242026
0.0251891
0.0262162
0.0273248
0.0284554
0.0295791
0.0307406
0.0319874
0.0332647
0.0346093
0.035981
0.0374027
0.0388564
0.0403893
0.0419898
0.0436395
0.045369
0.0471225
0.0489961
0.0508803
0.0529049
0.0549365
0.0570497
0.0592529
0.0614223
0.0638209
0.0660442
0.0685104
0.0706758
0.0723367
0.0177226
0.0185323
0.0177011
0.0163202
0.0150756
0.014277
0.0140327
0.0142734
0.0148968
0.0157106
0.016421
0.017014
0.0177526
0.018542
0.019213
0.0199367
0.0207865
0.0216256
0.0224274
0.0232731
0.0242102
0.0251949
0.0262205
0.0273272
0.0284566
0.0295822
0.030745
0.0319911
0.0332681
0.0346123
0.0359831
0.0374053
0.0388598
0.0403926
0.0419926
0.043642
0.0453714
0.0471248
0.0489984
0.0508821
0.0529063
0.0549373
0.0570508
0.059254
0.0614238
0.0638231
0.066048
0.0685156
0.0706852
0.0723435
0.017608
0.0185183
0.0177572
0.0164013
0.015153
0.0143402
0.014087
0.0142985
0.0148934
0.0157113
0.0164363
0.0170354
0.0177767
0.0185651
0.0192289
0.0199457
0.020793
0.0216308
0.0224323
0.0232799
0.0242178
0.0252009
0.0262249
0.0273297
0.028458
0.0295853
0.0307495
0.031995
0.0332717
0.0346153
0.0359854
0.0374081
0.0388633
0.0403961
0.0419955
0.0436446
0.0453739
0.0471271
0.0490008
0.050884
0.0529077
0.0549382
0.0570519
0.0592552
0.0614254
0.0638253
0.0660518
0.068521
0.0706948
0.0723506
0.0174975
0.0184978
0.0178101
0.0164802
0.0152287
0.0143997
0.0141398
0.0143266
0.0148916
0.0157114
0.0164506
0.0170549
0.0177996
0.0185892
0.0192466
0.0199555
0.0207996
0.0216361
0.0224373
0.0232868
0.0242254
0.025207
0.0262294
0.0273323
0.0284595
0.0295886
0.0307541
0.0319989
0.0332754
0.0346184
0.0359878
0.0374109
0.0388669
0.0403996
0.0419985
0.0436473
0.0453765
0.0471295
0.0490033
0.050886
0.0529091
0.0549392
0.0570531
0.0592564
0.0614271
0.0638277
0.0660559
0.0685266
0.0707046
0.072358
0.0173986
0.018472
0.0178592
0.0165573
0.0153026
0.0144549
0.0141905
0.014358
0.0148915
0.0157105
0.0164639
0.017073
0.0178216
0.0186142
0.0192656
0.019966
0.0208064
0.0216417
0.0224426
0.0232936
0.024233
0.0252132
0.0262341
0.0273351
0.0284613
0.029592
0.0307588
0.0320029
0.0332793
0.0346217
0.0359903
0.0374139
0.0388707
0.0404032
0.0420016
0.0436501
0.0453791
0.047132
0.0490058
0.050888
0.0529107
0.0549402
0.0570543
0.0592577
0.0614289
0.0638303
0.0660601
0.0685324
0.0707147
0.0723657
0.0173163
0.0184428
0.0179034
0.0166311
0.0153733
0.0145062
0.014239
0.0143925
0.014893
0.0157083
0.0164769
0.0170902
0.0178418
0.0186392
0.0192861
0.0199774
0.0208137
0.0216475
0.0224479
0.0233004
0.0242405
0.0252195
0.0262389
0.027338
0.0284632
0.0295955
0.0307635
0.0320071
0.0332833
0.0346251
0.035993
0.037417
0.0388745
0.0404069
0.0420048
0.0436529
0.0453819
0.0471346
0.0490085
0.0508901
0.0529122
0.0549413
0.0570556
0.0592591
0.0614307
0.0638329
0.0660645
0.0685384
0.0707249
0.0723737
0.0172498
0.0184119
0.0179402
0.0167
0.0154429
0.0145559
0.014285
0.014429
0.0148959
0.0157049
0.0164898
0.0171065
0.0178597
0.0186641
0.0193084
0.0199902
0.0208213
0.0216535
0.0224534
0.0233072
0.024248
0.0252259
0.0262439
0.0273411
0.0284654
0.0295992
0.0307684
0.0320115
0.0332874
0.0346287
0.0359958
0.0374203
0.0388784
0.0404107
0.0420081
0.0436559
0.0453848
0.0471372
0.0490112
0.0508922
0.0529139
0.0549424
0.057057
0.0592606
0.0614327
0.0638357
0.066069
0.0685446
0.0707353
0.0723821
0.0171991
0.0183823
0.0179687
0.0167647
0.0155122
0.0146028
0.0143257
0.0144665
0.0149013
0.0157006
0.0165025
0.0171224
0.0178755
0.0186884
0.0193321
0.020004
0.0208293
0.0216598
0.0224592
0.023314
0.0242554
0.0252324
0.026249
0.0273444
0.0284677
0.029603
0.0307733
0.0320159
0.0332916
0.0346323
0.0359988
0.0374236
0.0388824
0.0404147
0.0420115
0.043659
0.0453878
0.04714
0.049014
0.0508944
0.0529157
0.0549436
0.0570585
0.0592621
0.0614348
0.0638387
0.0660737
0.068551
0.0707459
0.0723907
0.0171617
0.0183555
0.0179885
0.0168232
0.0155793
0.014647
0.0143619
0.0145058
0.0149097
0.0156947
0.0165146
0.0171385
0.0178892
0.0187113
0.0193569
0.0200193
0.0208379
0.0216665
0.0224651
0.0233206
0.0242627
0.0252389
0.0262542
0.0273478
0.0284703
0.029607
0.0307784
0.0320205
0.0332961
0.0346362
0.0360019
0.0374272
0.0388866
0.0404187
0.0420151
0.0436623
0.0453908
0.0471428
0.0490169
0.0508967
0.0529175
0.0549449
0.05706
0.0592638
0.0614369
0.0638418
0.0660786
0.0685577
0.0707567
0.0723997
0.017133
0.0183326
0.0179991
0.016874
0.0156448
0.0146906
0.0143935
0.014545
0.0149208
0.0156872
0.0165259
0.0171553
0.0179008
0.0187323
0.0193827
0.0200362
0.0208472
0.0216735
0.0224713
0.0233274
0.02427
0.0252454
0.0262595
0.0273514
0.0284732
0.0296111
0.0307835
0.0320253
0.0333006
0.0346401
0.0360052
0.0374308
0.0388909
0.0404229
0.0420188
0.0436656
0.045394
0.0471458
0.0490199
0.0508991
0.0529194
0.0549462
0.0570616
0.0592655
0.0614392
0.0638451
0.0660837
0.0685646
0.0707676
0.072409
0.0171077
0.0183143
0.0180019
0.0169155
0.0157075
0.0147338
0.0144194
0.0145829
0.0149354
0.0156787
0.0165358
0.0171733
0.0179109
0.0187509
0.0194091
0.0200546
0.0208572
0.0216809
0.0224778
0.0233341
0.024277
0.0252519
0.026265
0.0273553
0.0284763
0.0296155
0.0307888
0.0320302
0.0333054
0.0346443
0.0360087
0.0374346
0.0388953
0.0404272
0.0420226
0.0436691
0.0453974
0.0471488
0.049023
0.0509015
0.0529214
0.0549477
0.0570632
0.0592674
0.0614416
0.0638486
0.0660889
0.0685717
0.0707788
0.0724187
0.0170798
0.0183012
0.0179977
0.0169461
0.0157664
0.0147779
0.0144403
0.0146182
0.0149538
0.0156692
0.0165436
0.0171924
0.01792
0.0187669
0.0194354
0.0200745
0.020868
0.0216887
0.0224846
0.0233407
0.0242839
0.0252585
0.0262705
0.0273594
0.0284796
0.02962
0.0307942
0.0320353
0.0333102
0.0346486
0.0360124
0.0374386
0.0388998
0.0404317
0.0420266
0.0436726
0.0454008
0.0471519
0.0490262
0.0509041
0.0529234
0.0549492
0.0570649
0.0592693
0.0614442
0.0638523
0.0660943
0.0685791
0.0707902
0.0724286
0.0170466
0.0182925
0.0179879
0.0169657
0.0158204
0.014823
0.0144563
0.0146494
0.0149757
0.0156597
0.0165488
0.0172127
0.0179288
0.0187802
0.019461
0.0200959
0.02088
0.0216969
0.0224917
0.0233476
0.0242908
0.025265
0.0262761
0.0273636
0.0284832
0.0296247
0.0307998
0.0320405
0.0333153
0.034653
0.0360163
0.0374428
0.0389044
0.0404362
0.0420306
0.0436764
0.0454044
0.0471552
0.0490295
0.0509067
0.0529256
0.0549508
0.0570668
0.0592714
0.0614468
0.0638561
0.0660999
0.0685867
0.0708018
0.0724389
0.0170052
0.0182859
0.0179754
0.0169746
0.0158671
0.0148692
0.0144689
0.0146756
0.015001
0.0156507
0.0165506
0.0172339
0.0179381
0.0187905
0.0194854
0.0201184
0.0208931
0.0217056
0.0224992
0.0233545
0.0242974
0.0252713
0.0262819
0.027368
0.0284871
0.0296296
0.0308056
0.032046
0.0333205
0.0346577
0.0360203
0.0374471
0.0389093
0.0404409
0.0420349
0.0436802
0.0454081
0.0471585
0.049033
0.0509094
0.0529279
0.0549525
0.0570687
0.0592737
0.0614496
0.0638602
0.0661057
0.0685945
0.0708135
0.0724496
0.0169524
0.0182802
0.0179625
0.0169729
0.0159044
0.0149167
0.0144794
0.0146949
0.0150285
0.0156431
0.0165488
0.0172553
0.0179482
0.0187983
0.0195082
0.0201418
0.0209074
0.0217149
0.0225069
0.0233615
0.0243041
0.0252777
0.0262875
0.0273726
0.0284912
0.0296347
0.0308115
0.0320516
0.0333259
0.0346625
0.0360246
0.0374516
0.0389142
0.0404458
0.0420393
0.0436842
0.0454119
0.047162
0.0490365
0.0509122
0.0529302
0.0549544
0.0570707
0.0592761
0.0614525
0.0638645
0.0661117
0.0686026
0.0708255
0.0724605
0.0168875
0.0182727
0.0179495
0.0169621
0.0159312
0.0149642
0.014489
0.0147066
0.0150572
0.0156384
0.0165433
0.017276
0.0179602
0.0188041
0.0195287
0.0201655
0.020923
0.0217249
0.0225149
0.0233688
0.0243109
0.0252839
0.0262932
0.0273774
0.0284956
0.0296401
0.0308176
0.0320574
0.0333315
0.0346675
0.0360291
0.0374562
0.0389193
0.0404508
0.0420438
0.0436884
0.0454159
0.0471656
0.0490401
0.0509151
0.0529327
0.0549563
0.0570728
0.0592786
0.0614555
0.063869
0.0661178
0.0686109
0.0708376
0.0724718
0.01681
0.0182597
0.0179378
0.0169454
0.0159462
0.0150096
0.0144994
0.0147111
0.0150854
0.0156369
0.0165343
0.0172953
0.017974
0.0188084
0.0195467
0.0201893
0.0209398
0.0217357
0.022523
0.0233761
0.0243177
0.0252902
0.026299
0.0273824
0.0285002
0.0296456
0.0308239
0.0320635
0.0333372
0.0346727
0.0360338
0.0374611
0.0389245
0.0404559
0.0420485
0.0436927
0.0454201
0.0471693
0.0490439
0.0509181
0.0529353
0.0549584
0.057075
0.0592813
0.0614587
0.0638736
0.0661242
0.0686195
0.07085
0.0724834
0.0167206
0.0182402
0.0179283
0.0169245
0.0159485
0.0150511
0.0145121
0.0147082
0.0151111
0.0156392
0.0165225
0.0173122
0.0179895
0.0188118
0.0195623
0.0202122
0.0209573
0.0217476
0.0225316
0.0233833
0.0243248
0.0252966
0.0263045
0.0273874
0.0285052
0.0296514
0.0308304
0.0320698
0.0333432
0.0346781
0.0360387
0.0374662
0.0389299
0.0404612
0.0420534
0.0436972
0.0454243
0.0471732
0.0490477
0.0509211
0.052938
0.0549606
0.0570773
0.0592841
0.061462
0.0638785
0.0661308
0.0686283
0.0708626
0.0724953
0.0166221
0.0182123
0.0179192
0.0169012
0.0159388
0.0150863
0.0145275
0.0146991
0.0151323
0.0156454
0.0165086
0.0173255
0.0180067
0.0188151
0.0195754
0.0202341
0.0209755
0.0217604
0.0225406
0.0233907
0.0243319
0.025303
0.0263101
0.0273926
0.0285104
0.0296575
0.0308371
0.0320763
0.0333493
0.0346837
0.0360439
0.0374714
0.0389355
0.0404667
0.0420585
0.0437018
0.0454287
0.0471772
0.0490518
0.0509244
0.0529408
0.0549629
0.0570797
0.0592871
0.0614655
0.0638837
0.0661375
0.0686373
0.0708753
0.0725076
0.0165167
0.018174
0.0179089
0.0168781
0.0159182
0.0151124
0.0145457
0.0146854
0.0151475
0.0156548
0.0164936
0.0173349
0.0180254
0.0188188
0.0195859
0.0202547
0.0209939
0.0217742
0.0225501
0.0233979
0.0243393
0.0253098
0.0263156
0.0273977
0.0285158
0.0296638
0.0308441
0.032083
0.0333555
0.0346896
0.0360493
0.0374768
0.0389412
0.0404723
0.0420637
0.0437066
0.0454333
0.0471813
0.0490558
0.0509277
0.0529438
0.0549654
0.0570822
0.0592903
0.0614691
0.0638891
0.0661445
0.0686466
0.0708883
0.0725201
0.016406
0.0181247
0.017896
0.0168565
0.0158887
0.0151274
0.0145655
0.0146685
0.0151556
0.0156668
0.0164786
0.01734
0.0180443
0.0188236
0.0195945
0.0202735
0.0210121
0.0217889
0.0225602
0.0234047
0.0243467
0.0253172
0.0263212
0.0274027
0.0285214
0.0296703
0.0308513
0.0320901
0.0333621
0.0346955
0.0360549
0.0374825
0.0389472
0.0404781
0.0420691
0.0437116
0.045438
0.0471856
0.04906
0.0509312
0.0529469
0.0549681
0.0570849
0.0592937
0.0614729
0.0638946
0.0661517
0.0686561
0.0709014
0.072533
0.016293
0.0180653
0.0178777
0.0168365
0.0158527
0.0151297
0.0145856
0.0146501
0.0151554
0.0156802
0.0164649
0.0173403
0.0180629
0.0188296
0.0196015
0.0202904
0.0210297
0.0218042
0.0225714
0.0234115
0.0243536
0.025325
0.0263274
0.0274078
0.0285271
0.0296771
0.0308586
0.0320972
0.0333689
0.034702
0.0360608
0.0374884
0.0389533
0.0404841
0.0420747
0.0437168
0.0454429
0.04719
0.0490645
0.0509348
0.0529501
0.0549709
0.0570877
0.0592973
0.0614769
0.0639005
0.0661591
0.0686658
0.0709148
0.0725461
0.0161812
0.0179968
0.0178516
0.016817
0.0158127
0.0151186
0.0146039
0.0146321
0.015147
0.0156933
0.0164528
0.0173363
0.0180804
0.0188372
0.0196069
0.0203053
0.0210465
0.0218199
0.0225834
0.0234184
0.0243604
0.0253329
0.0263337
0.0274131
0.0285331
0.0296841
0.0308661
0.0321045
0.0333758
0.0347086
0.0360671
0.0374945
0.0389596
0.0404902
0.0420805
0.0437221
0.0454479
0.0471946
0.049069
0.0509385
0.0529535
0.0549738
0.0570905
0.059301
0.0614811
0.0639065
0.0661668
0.0686757
0.0709283
0.0725596
0.0160712
0.0179211
0.0178168
0.0167959
0.0157705
0.0150945
0.0146176
0.0146154
0.0151305
0.0157042
0.0164429
0.0173283
0.018096
0.0188463
0.0196118
0.0203182
0.021062
0.0218356
0.0225963
0.0234255
0.0243669
0.0253414
0.0263405
0.027418
0.0285391
0.0296917
0.030874
0.0321121
0.0333829
0.0347153
0.0360735
0.0375009
0.0389662
0.0404966
0.0420865
0.0437277
0.0454532
0.0471994
0.0490736
0.0509424
0.052957
0.054977
0.0570936
0.059305
0.0614854
0.0639128
0.0661747
0.0686859
0.070942
0.0725733
0.0159638
0.0178398
0.0177725
0.0167714
0.0157282
0.0150582
0.0146232
0.0146007
0.015107
0.0157112
0.016436
0.0173169
0.0181086
0.0188569
0.0196162
0.020329
0.021076
0.0218508
0.0226101
0.0234332
0.024373
0.02535
0.0263482
0.0274233
0.0285448
0.0296994
0.0308823
0.0321199
0.0333903
0.0347225
0.03608
0.0375073
0.038973
0.0405033
0.0420927
0.0437334
0.0454585
0.0472043
0.0490784
0.0509464
0.0529607
0.0549803
0.0570969
0.0593092
0.06149
0.0639193
0.0661828
0.0686963
0.070956
0.0725873
0.0158582
0.0177535
0.0177177
0.0167412
0.0156864
0.0150113
0.0146177
0.0145882
0.0150784
0.0157125
0.0164316
0.0173032
0.0181174
0.0188687
0.0196208
0.0203377
0.0210882
0.0218653
0.0226241
0.0234415
0.024379
0.0253585
0.0263565
0.0274292
0.0285506
0.0297069
0.0308905
0.032128
0.033398
0.03473
0.0360871
0.0375141
0.0389798
0.04051
0.0420992
0.0437394
0.0454642
0.0472094
0.0490832
0.0509505
0.0529645
0.0549837
0.0571002
0.0593136
0.0614948
0.063926
0.0661912
0.0687068
0.07097
0.0726016
0.0157527
0.0176632
0.0176534
0.0167019
0.0156437
0.0149575
0.0145994
0.0145757
0.0150468
0.0157073
0.016429
0.0172876
0.0181216
0.0188811
0.0196261
0.020345
0.0210986
0.0218788
0.0226383
0.02345
0.0243848
0.0253671
0.0263655
0.0274355
0.0285566
0.0297149
0.0308989
0.0321358
0.0334057
0.0347378
0.0360945
0.0375213
0.0389873
0.0405169
0.0421057
0.0437455
0.0454701
0.0472148
0.0490884
0.0509549
0.0529685
0.0549874
0.0571037
0.0593182
0.0614997
0.063933
0.0661998
0.0687176
0.0709843
0.0726161
0.015646
0.017569
0.0175808
0.0166521
0.0155977
0.0148997
0.0145685
0.0145602
0.0150129
0.0156943
0.0164278
0.0172725
0.0181206
0.0188929
0.0196326
0.0203507
0.021107
0.0218911
0.0226527
0.0234592
0.0243905
0.0253753
0.0263749
0.0274429
0.0285627
0.0297227
0.0309079
0.0321441
0.0334133
0.0347457
0.0361021
0.0375287
0.0389949
0.0405245
0.0421127
0.0437517
0.0454759
0.0472202
0.0490936
0.0509595
0.0529728
0.0549913
0.0571075
0.059323
0.0615049
0.0639401
0.0662086
0.0687286
0.0709987
0.0726309
0.0155356
0.0174693
0.0174999
0.0165926
0.0155462
0.0148378
0.0145255
0.0145404
0.0149783
0.0156726
0.0164256
0.0172599
0.0181153
0.0189028
0.0196401
0.0203552
0.021113
0.021902
0.022667
0.0234691
0.0243968
0.0253834
0.0263844
0.0274509
0.0285694
0.0297304
0.0309167
0.032153
0.0334217
0.0347538
0.0361097
0.0375362
0.0390026
0.0405319
0.04212
0.0437585
0.0454822
0.0472258
0.0490988
0.050964
0.0529772
0.0549955
0.0571114
0.0593281
0.0615104
0.0639475
0.0662177
0.0687397
0.0710132
0.0726459
0.0154211
0.0173638
0.0174091
0.0165222
0.0154872
0.0147713
0.0144708
0.0145137
0.0149459
0.0156449
0.0164191
0.0172484
0.0181062
0.0189106
0.0196492
0.020359
0.0211163
0.0219109
0.0226811
0.0234793
0.0244032
0.025392
0.0263943
0.0274595
0.0285764
0.0297381
0.0309255
0.0321616
0.0334301
0.0347627
0.0361182
0.0375441
0.0390106
0.0405396
0.0421271
0.0437652
0.0454888
0.0472319
0.0491045
0.0509689
0.0529816
0.0549996
0.0571154
0.0593334
0.061516
0.0639551
0.0662271
0.0687511
0.0710278
0.0726611
0.0153021
0.0172528
0.0173086
0.0164399
0.0154188
0.0147001
0.0144059
0.0144757
0.0149141
0.0156153
0.0164089
0.0172383
0.0180927
0.0189133
0.0196597
0.0203636
0.0211173
0.0219174
0.0226947
0.0234904
0.0244101
0.0254003
0.0264042
0.027469
0.0285844
0.0297457
0.0309341
0.0321707
0.0334385
0.0347712
0.0361269
0.0375527
0.0390192
0.0405477
0.0421348
0.043772
0.0454952
0.0472378
0.0491102
0.0509742
0.0529866
0.0550042
0.0571197
0.0593388
0.0615218
0.0639628
0.0662366
0.0687625
0.0710426
0.0726765
0.0151762
0.0171349
0.0171986
0.0163451
0.0153396
0.0146236
0.014334
0.0144256
0.014878
0.0155832
0.0163955
0.0172324
0.018079
0.0189092
0.019668
0.0203684
0.0211161
0.0219214
0.0227078
0.023502
0.0244177
0.0254095
0.0264143
0.0274786
0.0285932
0.0297536
0.0309421
0.0321797
0.0334477
0.0347802
0.0361354
0.0375613
0.039028
0.0405563
0.0421428
0.0437793
0.0455022
0.0472439
0.0491159
0.0509793
0.0529915
0.0550091
0.0571244
0.0593447
0.061528
0.0639707
0.0662464
0.0687741
0.0710573
0.0726922
0.0150414
0.0170081
0.0170779
0.0162366
0.0152482
0.0145391
0.0142563
0.0143664
0.0148367
0.0155481
0.0163754
0.0172274
0.0180692
0.0189024
0.0196747
0.0203729
0.0211115
0.0219213
0.0227197
0.0235144
0.0244256
0.0254192
0.0264256
0.0274889
0.0286028
0.0297621
0.0309501
0.0321886
0.0334566
0.0347893
0.0361448
0.0375704
0.0390369
0.0405649
0.042151
0.0437867
0.0455095
0.0472506
0.0491221
0.0509848
0.0529966
0.0550138
0.0571289
0.0593507
0.0615345
0.0639791
0.0662565
0.068786
0.0710722
0.0727078
0.0148956
0.0168699
0.0169461
0.0161143
0.0151434
0.0144443
0.0141715
0.0142996
0.0147906
0.0155131
0.0163496
0.017217
0.0180591
0.0188923
0.0196805
0.0203819
0.0211071
0.021917
0.0227289
0.0235266
0.0244335
0.0254286
0.0264369
0.0274996
0.0286133
0.0297716
0.0309582
0.0321979
0.0334666
0.0347986
0.0361538
0.0375797
0.0390463
0.0405737
0.0421592
0.0437943
0.0455168
0.0472572
0.0491284
0.0509907
0.0530022
0.0550192
0.0571338
0.0593568
0.0615409
0.0639873
0.0662667
0.0687979
0.0710872
0.0727236
0.0147365
0.0167161
0.0167997
0.0159757
0.0150233
0.0143384
0.0140792
0.014227
0.01474
0.0154795
0.016324
0.0172037
0.0180478
0.0188746
0.0196766
0.0203902
0.0211058
0.0219132
0.022739
0.0235405
0.0244415
0.0254379
0.0264484
0.0275092
0.0286228
0.0297812
0.0309662
0.0322065
0.033477
0.0348094
0.0361641
0.0375895
0.0390561
0.0405832
0.0421679
0.0438019
0.0455242
0.0472638
0.0491346
0.0509966
0.0530077
0.0550246
0.0571392
0.0593635
0.0615479
0.0639959
0.0662771
0.0688099
0.0711021
0.0727395
0.0145642
0.0165446
0.016635
0.0158172
0.0148836
0.0142181
0.0139771
0.0141487
0.0146847
0.0154463
0.016301
0.0171902
0.0180407
0.018858
0.0196637
0.020391
0.0211001
0.0219039
0.0227478
0.0235584
0.0244531
0.025449
0.0264623
0.0275205
0.0286324
0.0297907
0.0309738
0.0322143
0.0334864
0.0348194
0.0361743
0.0376001
0.0390667
0.0405931
0.0421771
0.0438102
0.0455322
0.0472708
0.0491411
0.0510026
0.0530133
0.0550299
0.0571442
0.0593699
0.061555
0.0640048
0.066288
0.0688224
0.0711174
0.0727563
0.0143751
0.0163524
0.0164486
0.0156382
0.0147238
0.0140825
0.0138651
0.0140655
0.0146253
0.0154112
0.0162782
0.0171721
0.018032
0.0188442
0.0196488
0.0203916
0.0210969
0.0218906
0.0227493
0.0235733
0.0244637
0.02546
0.0264776
0.0275335
0.0286434
0.0298025
0.0309836
0.032223
0.0334968
0.0348306
0.0361846
0.0376099
0.039077
0.0406033
0.0421864
0.0438186
0.0455405
0.0472782
0.049148
0.0510091
0.0530192
0.0550358
0.0571497
0.0593764
0.0615616
0.0640128
0.0662979
0.0688337
0.0711314
0.0727707
0.0141628
0.0161331
0.0162326
0.0154331
0.0145407
0.0139295
0.0137429
0.0139793
0.0145661
0.0153767
0.0162587
0.0171524
0.0180181
0.0188275
0.0196261
0.0203852
0.0210976
0.0218826
0.0227525
0.0235901
0.0244743
0.0254676
0.0264901
0.0275441
0.0286514
0.0298125
0.0309935
0.0322323
0.0335078
0.0348435
0.0361979
0.0376224
0.0390891
0.0406149
0.0421971
0.0438282
0.0455497
0.0472865
0.0491559
0.0510167
0.0530264
0.0550429
0.0571566
0.0593848
0.0615707
0.0640234
0.0663104
0.0688475
0.0711478
0.0727893
0.0139264
0.015882
0.0159815
0.0151984
0.0143343
0.0137595
0.013611
0.0138902
0.0145074
0.0153408
0.0162404
0.0171331
0.0180014
0.0188119
0.0196018
0.0203717
0.0210965
0.0218755
0.0227545
0.0236104
0.0244917
0.0254795
0.0265046
0.0275555
0.0286583
0.0298198
0.0309999
0.0322372
0.0335137
0.0348514
0.0362059
0.0376299
0.0390973
0.0406231
0.0422044
0.0438348
0.0455562
0.0472921
0.0491611
0.0510219
0.0530308
0.0550474
0.0571608
0.0593898
0.061576
0.0640301
0.0663191
0.0688577
0.0711603
0.072802
0.0136531
0.0155839
0.0156795
0.0149217
0.0140989
0.0135738
0.0134753
0.0138044
0.014455
0.0153048
0.0162167
0.0171075
0.0179736
0.0187873
0.0195728
0.020354
0.0210992
0.0218759
0.0227568
0.0236298
0.0245119
0.0254948
0.0265244
0.0275745
0.0286732
0.0298361
0.0310174
0.0322532
0.0335298
0.0348699
0.0362249
0.0376466
0.0391132
0.0406387
0.0422189
0.0438477
0.0455686
0.0473033
0.049172
0.0510322
0.0530404
0.0550569
0.05717
0.0594003
0.0615871
0.0640421
0.0663329
0.0688724
0.0711774
0.0728217
0.0133461
0.0152348
0.0153216
0.0145981
0.0138296
0.0133716
0.0133382
0.0137241
0.0144102
0.0152706
0.0161875
0.0170721
0.0179284
0.0187433
0.0195261
0.0203152
0.0210856
0.0218689
0.0227503
0.0236399
0.0245244
0.0254982
0.0265284
0.0275781
0.0286726
0.029836
0.0310195
0.0322552
0.0335315
0.0348743
0.0362312
0.0376524
0.0391191
0.0406449
0.0422245
0.0438528
0.0455734
0.0473074
0.0491758
0.0510362
0.0530438
0.0550606
0.0571734
0.0594047
0.0615919
0.0640485
0.0663413
0.0688823
0.0711893
0.0728336
0.0129472
0.0148182
0.0149214
0.0142561
0.013576
0.0132161
0.0132682
0.0137144
0.0144295
0.0152848
0.0161905
0.0170627
0.0179046
0.0187211
0.0195081
0.0203033
0.0210982
0.0218905
0.0227653
0.0236674
0.0245585
0.0255241
0.0265532
0.0276031
0.0286931
0.0298552
0.0310405
0.0322753
0.0335493
0.0348938
0.0362523
0.0376705
0.0391359
0.0406618
0.0422406
0.0438672
0.045587
0.0473199
0.0491879
0.0510477
0.0530543
0.055071
0.0571835
0.0594155
0.0616032
0.0640601
0.0663547
0.0688962
0.0712054
0.0728524
0.0121564
0.013958
0.0141208
0.0136076
0.0131199
0.0129426
0.0131327
0.0136575
0.0143981
0.0152392
0.0161253
0.0169869
0.0178212
0.018646
0.0194486
0.0202568
0.0210805
0.0218915
0.0227604
0.0236691
0.0245678
0.0255246
0.026552
0.0276061
0.0286946
0.0298557
0.0310451
0.0322828
0.0335548
0.0349006
0.0362629
0.0376809
0.0391447
0.0406702
0.0422489
0.0438748
0.0455937
0.0473258
0.0491936
0.0510532
0.0530591
0.0550763
0.0571886
0.0594216
0.0616101
0.0640687
0.0663651
0.0689078
0.0712185
0.0728663
0.0122721
0.0136116
0.0136075
0.0131697
0.0128651
0.0128566
0.0131583
0.0137171
0.0144388
0.015238
0.0160892
0.0169376
0.0177707
0.018607
0.0194283
0.0202462
0.0210874
0.0219151
0.0227783
0.0236899
0.0245985
0.0255487
0.0265688
0.0276242
0.0287106
0.0298675
0.0310585
0.0322979
0.0335667
0.0349124
0.0362775
0.0376938
0.0391559
0.0406821
0.0422611
0.0438857
0.0456037
0.0473355
0.0492033
0.0510627
0.0530675
0.0550845
0.0571962
0.0594296
0.0616182
0.0640768
0.0663746
0.0689183
0.0712303
0.0728788
0.00988987
0.0117725
0.012407
0.0125729
0.012696
0.0129231
0.0132979
0.0138207
0.0144722
0.0152098
0.0160174
0.016851
0.017691
0.0185467
0.0193964
0.0202336
0.0210928
0.0219385
0.0227969
0.0237027
0.0246181
0.0255647
0.0265796
0.0276406
0.028729
0.0298825
0.0310765
0.0323208
0.0335867
0.0349307
0.0362999
0.0377163
0.0391748
0.0406988
0.0422781
0.0439015
0.0456176
0.047348
0.0492156
0.0510741
0.0530778
0.0550951
0.0572064
0.0594406
0.0616302
0.0640901
0.0663897
0.0689335
0.0712473
0.072899
0.00804693
0.00898623
0.0103273
0.0115249
0.0123948
0.0129618
0.0134159
0.0139039
0.0144803
0.0151494
0.0159121
0.0167358
0.0175924
0.0184719
0.0193494
0.0202055
0.0210771
0.0219395
0.0228002
0.0237026
0.0246257
0.025572
0.0265782
0.0276406
0.0287314
0.0298805
0.0310754
0.0323237
0.0335876
0.0349304
0.0363025
0.0377196
0.0391768
0.0407016
0.0422825
0.0439053
0.0456204
0.0473512
0.0492188
0.0510773
0.0530803
0.055098
0.0572091
0.0594436
0.0616334
0.0640932
0.0663941
0.0689391
0.071254
0.0729052
0.00692757
0.00921452
0.0106933
0.0116828
0.0124101
0.0129938
0.0135047
0.0140019
0.0145506
0.0151804
0.0159001
0.0167016
0.0175611
0.0184517
0.0193489
0.0202252
0.021109
0.0219834
0.0228438
0.0237343
0.0246577
0.0256049
0.0266036
0.0276687
0.0287636
0.0299091
0.0311049
0.032358
0.0336201
0.0349592
0.0363338
0.0377519
0.0392051
0.0407259
0.042307
0.0439286
0.0456412
0.0473703
0.0492374
0.0510948
0.0530964
0.0551142
0.0572245
0.0594595
0.0616502
0.0641109
0.066413
0.0689576
0.071274
0.0729291
0.0059588
0.0072467
0.00897313
0.010583
0.0118753
0.0128058
0.0134589
0.0139897
0.0145321
0.0151462
0.0158401
0.0166249
0.0174873
0.018385
0.0192942
0.020186
0.0210821
0.0219696
0.0228392
0.0237274
0.0246531
0.0256055
0.0265977
0.0276613
0.0287613
0.0299037
0.0310984
0.0323554
0.0336171
0.0349545
0.0363303
0.0377503
0.0392029
0.0407236
0.0423063
0.0439282
0.0456399
0.0473694
0.0492368
0.0510944
0.0530954
0.0551136
0.0572239
0.059459
0.0616498
0.0641105
0.0664135
0.0689594
0.0712762
0.0729302
0.00456889
0.00747981
0.00948957
0.0109266
0.0119972
0.0128147
0.0134564
0.0140052
0.0145606
0.015179
0.015869
0.0166443
0.0175047
0.0184026
0.0193123
0.0202086
0.0211081
0.0219993
0.0228722
0.0237581
0.0246814
0.0256375
0.0266295
0.0276922
0.0287956
0.0299386
0.0311322
0.0323915
0.0336539
0.0349885
0.0363644
0.0377851
0.0392359
0.0407524
0.0423339
0.0439551
0.0456652
0.0473926
0.049259
0.0511156
0.0531148
0.0551329
0.0572422
0.0594776
0.0616693
0.0641301
0.066434
0.0689792
0.0712977
0.072956
)
;

boundaryField
{
    zeroGradientPlanes
    {
        type            zeroGradient;
    }
    inlet
    {
        type            zeroGradient;
    }
    plate
    {
        type            zeroGradient;
    }
    frontAndBack
    {
        type            empty;
    }
}


// ************************************************************************* //
