/*--------------------------------*- C++ -*----------------------------------*\
| =========                 |                                                 |
| \\      /  F ield         | OpenFOAM: The Open Source CFD Toolbox           |
|  \\    /   O peration     | Version:  v2012                                 |
|   \\  /    A nd           | Website:  www.openfoam.com                      |
|    \\/     M anipulation  |                                                 |
\*---------------------------------------------------------------------------*/
FoamFile
{
    version     2.0;
    format      ascii;
    class       volScalarField;
    location    "7.9";
    object      p;
}
// * * * * * * * * * * * * * * * * * * * * * * * * * * * * * * * * * * * * * //

dimensions      [0 2 -2 0 0 0 0];


internalField   nonuniform List<scalar> 
7000
(
3.26831e-10
0.0010773
0.00113191
0.000803924
0.00207179
0.00275978
0.00194869
0.00192585
-0.00249743
0.000519295
-0.0042147
-0.00221152
-0.00382438
-0.00241733
-0.00410789
-0.00268249
-0.00342688
-0.00220654
-0.00206905
-0.000568888
-4.95083e-07
0.00107807
0.0011322
0.000805914
0.00207248
0.00274048
0.00196394
0.00189107
-0.00247854
0.000501869
-0.00420036
-0.00220523
-0.00381646
-0.00241097
-0.00409847
-0.00267129
-0.0034113
-0.0022101
-0.00205434
-0.000634659
-1.09198e-06
0.00107918
0.00113281
0.000808531
0.0020696
0.00271478
0.00197296
0.00184977
-0.00246261
0.000478845
-0.00417004
-0.00220252
-0.0037968
-0.00241397
-0.00407105
-0.00268064
-0.00337326
-0.00223531
-0.00203547
-0.000745911
-1.65977e-06
0.00108023
0.00113369
0.000810275
0.00206738
0.00268388
0.00196948
0.0018065
-0.00244714
0.000453927
-0.00412472
-0.0022064
-0.00376691
-0.00242964
-0.00403014
-0.00271465
-0.00332205
-0.00227733
-0.00202407
-0.000877146
-2.23569e-06
0.00108118
0.00113495
0.00081167
0.00206751
0.00264734
0.00195765
0.00176502
-0.00242803
0.000427699
-0.0040666
-0.00221866
-0.00373076
-0.00245668
-0.00398469
-0.00276119
-0.00327564
-0.00232609
-0.00202028
-0.00100551
-2.83981e-06
0.00108212
0.00113674
0.000813198
0.00206938
0.0026058
0.00194105
0.00172703
-0.00240412
0.000399341
-0.00399964
-0.00223964
-0.00369161
-0.00249214
-0.0039389
-0.00281282
-0.00323194
-0.00237491
-0.00202318
-0.00112187
-3.47764e-06
0.0010831
0.00113917
0.000814901
0.00207258
0.00256009
0.00192216
0.00169203
-0.00237577
0.000367926
-0.00392711
-0.00226778
-0.00365039
-0.00253244
-0.00389331
-0.00286625
-0.0031931
-0.00242198
-0.00203358
-0.00122884
-4.15536e-06
0.00108416
0.00114224
0.000816861
0.00207695
0.0025109
0.00190285
0.00165883
-0.00234375
0.000332817
-0.00385037
-0.00230114
-0.00360678
-0.00257523
-0.00384789
-0.0029199
-0.00315908
-0.00246728
-0.00205303
-0.00133243
-4.87934e-06
0.00108532
0.00114597
0.000819223
0.00208212
0.00245875
0.00188417
0.00162613
-0.00230856
0.00029365
-0.00376952
-0.00233853
-0.00356034
-0.0026195
-0.00380258
-0.0029724
-0.00312996
-0.00251134
-0.00208215
-0.00143627
-5.65343e-06
0.00108661
0.00115033
0.000822031
0.00208753
0.00240402
0.00186653
0.00159284
-0.00227043
0.000250235
-0.00368431
-0.00237945
-0.00351097
-0.00266469
-0.00375768
-0.00302243
-0.00310628
-0.00255422
-0.00211985
-0.00154065
-6.47842e-06
0.00108801
0.00115523
0.00082521
0.00209256
0.00234706
0.00184987
0.00155804
-0.00222939
0.000202499
-0.0035947
-0.00242365
-0.00345894
-0.00271024
-0.00371392
-0.0030687
-0.00308803
-0.00259535
-0.00216398
-0.00164433
-7.35318e-06
0.00108952
0.00116055
0.000828633
0.00209669
0.00228815
0.00183396
0.00152091
-0.00218535
0.00015044
-0.00350091
-0.00247084
-0.00340492
-0.0027553
-0.00367219
-0.00310999
-0.00307541
-0.00263401
-0.00221231
-0.00174629
-8.27574e-06
0.0010911
0.00116616
0.000832177
0.00209959
0.00222755
0.0018185
0.00148077
-0.00213817
9.41103e-05
-0.00340333
-0.00252049
-0.00335001
-0.00279862
-0.00363349
-0.00314516
-0.00306802
-0.00266986
-0.00226328
-0.00184625
-9.24386e-06
0.00109275
0.00117197
0.000835763
0.00210121
0.0021655
0.00180325
0.00143706
-0.0020877
3.36488e-05
-0.00330248
-0.0025719
-0.00329556
-0.00283871
-0.00359893
-0.00317335
-0.00306485
-0.00270312
-0.00231583
-0.00194411
-1.02552e-05
0.00109445
0.00117795
0.000839351
0.00210177
0.00210225
0.00178811
0.0013894
-0.0020339
-3.07229e-05
-0.00319898
-0.00262411
-0.00324306
-0.0028741
-0.00356956
-0.00319429
-0.00306466
-0.00273411
-0.00236895
-0.00203949
-1.1306e-05
0.00109617
0.00118408
0.000842933
0.00210171
0.00203807
0.00177313
0.00133755
-0.0019768
-9.87278e-05
-0.00309361
-0.00267591
-0.00319407
-0.00290351
-0.00354614
-0.00320844
-0.0030663
-0.00276306
-0.00242156
-0.00213154
-1.23906e-05
0.0010979
0.00119037
0.0008465
0.00210148
0.00197325
0.00175853
0.00128139
-0.00191647
-0.000169958
-0.00298736
-0.00272586
-0.00315021
-0.00292599
-0.00352891
-0.0032167
-0.00306887
-0.00279054
-0.00247261
-0.00221896
-1.35007e-05
0.00109961
0.00119682
0.000850011
0.00210142
0.00190803
0.00174453
0.00122094
-0.00185316
-0.000243759
-0.00288154
-0.00277231
-0.00311312
-0.00294129
-0.0035176
-0.00322048
-0.00307178
-0.00281781
-0.0025215
-0.00229987
-1.46251e-05
0.00110129
0.00120345
0.000853391
0.00210166
0.00184259
0.00173131
0.00115642
-0.00178723
-0.00031925
-0.0027776
-0.00281341
-0.0030839
-0.00294971
-0.00351172
-0.00322164
-0.00307439
-0.00284646
-0.00256926
-0.00237271
-1.57489e-05
0.00110289
0.00121026
0.000856542
0.00210217
0.00177697
0.00171891
0.00108827
-0.00171921
-0.000395358
-0.00267727
-0.00284732
-0.00306307
-0.00295168
-0.00351055
-0.00322273
-0.00307584
-0.00287687
-0.00261777
-0.002438
-1.68538e-05
0.00110439
0.0012173
0.000859363
0.00210283
0.00171112
0.00170722
0.00101704
-0.00164969
-0.000470797
-0.00258241
-0.00287264
-0.00305095
-0.00294768
-0.0035126
-0.0032267
-0.00307664
-0.0029082
-0.00266748
-0.00249763
-1.79179e-05
0.00110573
0.00122465
0.000861766
0.00210349
0.00164495
0.00169601
0.000943421
-0.00157943
-0.000544094
-0.00249477
-0.00288829
-0.00304766
-0.00293903
-0.00351587
-0.00323509
-0.00307777
-0.00294079
-0.00271889
-0.00255297
-1.89157e-05
0.00110684
0.00123239
0.000863678
0.00210405
0.00157833
0.00168498
0.000868089
-0.00150941
-0.000613471
-0.00241584
-0.00289395
-0.00305271
-0.00292761
-0.00351877
-0.00324838
-0.00307924
-0.00297514
-0.00277351
-0.0026055
-1.98157e-05
0.00110768
0.0012406
0.000865037
0.00210451
0.00151122
0.00167377
0.000791831
-0.00144093
-0.000677232
-0.00234655
-0.00288995
-0.00306524
-0.00291515
-0.00351982
-0.00326692
-0.00308162
-0.00301111
-0.00283179
-0.00265651
-2.05812e-05
0.00110816
0.00124938
0.000865805
0.00210486
0.00144364
0.00166194
0.000715523
-0.00137518
-0.000734314
-0.00228769
-0.00287636
-0.00308436
-0.00290365
-0.00351726
-0.00329143
-0.00308599
-0.00304722
-0.00289356
-0.00270718
-2.11761e-05
0.0011082
0.00125878
0.000865969
0.00210514
0.00137564
0.00164896
0.000639922
-0.00131334
-0.000783375
-0.00224031
-0.00285388
-0.0031082
-0.00289549
-0.00350932
-0.00332361
-0.00309509
-0.00307871
-0.00295588
-0.00275983
-2.1555e-05
0.0011077
0.00126887
0.000865524
0.00210528
0.00130732
0.00163425
0.000566071
-0.00125698
-0.000823408
-0.0022041
-0.00282436
-0.0031344
-0.00289418
-0.00349431
-0.00336182
-0.00311464
-0.00310614
-0.00301155
-0.00281223
-2.16514e-05
0.00110656
0.00127971
0.000864472
0.00210523
0.00123884
0.0016171
0.000495065
-0.00120673
-0.000854713
-0.00217856
-0.00278892
-0.00316001
-0.00290257
-0.00347472
-0.00339976
-0.003143
-0.00313797
-0.00305688
-0.00286047
-2.14151e-05
0.00110468
0.0012913
0.000862823
0.00210489
0.00117048
0.00159674
0.000427638
-0.00116337
-0.000876103
-0.00216382
-0.0027501
-0.00318233
-0.00291965
-0.00345537
-0.00343528
-0.00316928
-0.00317213
-0.00313127
-0.00290637
-2.07924e-05
0.00110196
0.00130367
0.000860613
0.00210384
0.00110283
0.00157208
0.000365197
-0.0011285
-0.000887673
-0.00215745
-0.00271044
-0.00320149
-0.0029446
-0.00343604
-0.00347458
-0.00320623
-0.00319695
-0.0031739
-0.00295368
-1.96584e-05
0.00109824
0.00131686
0.000857929
0.00210171
0.00103645
0.00154241
0.000308305
-0.0011019
-0.000890929
-0.00215906
-0.00267103
-0.0032134
-0.00298013
-0.00341817
-0.00351589
-0.00325241
-0.00322
-0.00316017
-0.00299992
-1.80253e-05
0.00109348
0.0013307
0.000854921
0.00209817
0.000971938
0.00150714
0.000256826
-0.00108316
-0.000886037
-0.00216707
-0.00263849
-0.0032131
-0.00302476
-0.00340361
-0.00354916
-0.0032986
-0.00325094
-0.00325042
-0.00303805
-1.5802e-05
0.00108754
0.00134521
0.000851495
0.00209272
0.000910413
0.00146528
0.000211057
-0.00107227
-0.000875493
-0.00217294
-0.00261985
-0.00320373
-0.00307486
-0.00339246
-0.00357718
-0.0033714
-0.00330183
-0.00319382
-0.00305634
-1.26978e-05
0.00108016
0.00137734
0.000847734
0.002085
0.000852355
0.00141765
0.000170835
-0.00106866
-0.000860335
-0.00217733
-0.00260978
-0.00318942
-0.00312717
-0.00338833
-0.00359133
-0.00343528
-0.00339656
-0.00332012
-0.00305819
-8.97909e-06
0.00107158
0.00139224
0.000844709
0.00207366
0.000798534
0.00136161
0.00013879
-0.00107281
-0.000841563
-0.00218356
-0.00260411
-0.00316921
-0.00317929
-0.0034056
-0.0036277
-0.00348866
-0.00338195
-0.00334247
-0.00306796
-4.4243e-06
0.00106141
0.00140754
0.000842295
0.00205824
0.000749879
0.00129521
0.000112838
-0.00108259
-0.000822074
-0.00218324
-0.0026146
-0.00314399
-0.00323254
-0.00344126
-0.00366995
-0.0035466
-0.00324378
-0.00320222
-0.00307736
1.50936e-06
0.00104904
0.00142761
0.000839556
0.00203976
0.000706346
0.00126708
8.70159e-05
-0.00109244
-0.000806169
-0.00217429
-0.00263809
-0.00312625
-0.00327188
-0.00346969
-0.00369861
-0.00360065
-0.00351142
-0.00338883
-0.0030573
8.10796e-06
0.00103561
0.00144394
0.000839085
0.00201531
0.00067058
0.00118531
6.72967e-05
-0.00110569
-0.000792078
-0.00216435
-0.00266222
-0.00311379
-0.00332558
-0.0035138
-0.00372754
-0.00365078
-0.00355129
-0.00340809
-0.00304733
1.58457e-05
0.00102054
0.00145912
0.000841132
0.00198457
0.000640636
0.00109107
5.28206e-05
-0.00111921
-0.000782993
-0.00214921
-0.00269748
-0.00310016
-0.00339302
-0.0035748
-0.00376427
-0.00370682
-0.00340301
-0.0031981
-0.0030473
2.55169e-05
0.00100277
0.00147879
0.00084314
0.00195111
0.00061146
0.00101159
2.96751e-05
-0.00112359
-0.000783401
-0.00212955
-0.00274485
-0.00309815
-0.00341147
-0.00362294
-0.00380058
-0.00375282
-0.00365866
-0.00345872
-0.0030161
3.5854e-05
0.000984439
0.00149262
0.000849844
0.00190991
0.000592166
0.000919305
9.79777e-06
-0.00113
-0.000782975
-0.00210888
-0.00279354
-0.00311301
-0.00345681
-0.00368481
-0.00384016
-0.00379118
-0.00370849
-0.00348878
-0.00300301
4.75371e-05
0.000964921
0.00150232
0.000861502
0.00186172
0.000578934
0.000816912
-5.87627e-06
-0.0011369
-0.000785664
-0.0020828
-0.00285194
-0.00314368
-0.00350817
-0.00375565
-0.0038906
-0.00384691
-0.00353556
-0.00321583
-0.00300644
6.18035e-05
0.000942546
0.00151663
0.000872593
0.00181366
0.00055691
0.000730917
-3.61454e-05
-0.00113633
-0.000794076
-0.00205462
-0.00290974
-0.00317921
-0.00354484
-0.00380133
-0.00393775
-0.00389223
-0.00382141
-0.00355129
-0.00296836
7.63995e-05
0.000921003
0.00152069
0.000890836
0.00175727
0.000548658
0.000635262
-6.0679e-05
-0.00114225
-0.000805844
-0.00202174
-0.00296618
-0.00323971
-0.00359535
-0.00385439
-0.00398988
-0.00394497
-0.00389635
-0.00359209
-0.00294284
9.27661e-05
0.000898802
0.00151895
0.000914346
0.00169561
0.000545112
0.000534509
-8.15539e-05
-0.0011512
-0.000823364
-0.00198922
-0.00301926
-0.00330509
-0.00365571
-0.00392752
-0.00407206
-0.00415041
-0.00372715
-0.00327125
-0.00294259
0.000112104
0.000874166
0.00152099
0.000935762
0.00164021
0.000516097
0.000458825
-0.000123766
-0.00115082
-0.000851477
-0.00195935
-0.00306719
-0.00334972
-0.00365463
-0.0039876
-0.00417831
-0.00411181
-0.00402756
-0.00368239
-0.00289495
0.00013131
0.000851712
0.00150931
0.000963423
0.00158208
0.000495654
0.000380202
-0.000165692
-0.00115329
-0.000891448
-0.00193043
-0.00309663
-0.00339736
-0.00367185
-0.00405624
-0.00430618
-0.0043247
-0.00422873
-0.00374336
-0.00279286
0.000153277
0.000828812
0.00149376
0.00099363
0.0015229
0.000478378
0.000296429
-0.000203488
-0.00116343
-0.000936143
-0.00190422
-0.00311551
-0.00345855
-0.00371087
-0.00411966
-0.00442155
-0.0044788
-0.00432869
-0.00378248
-0.00274291
0.000177126
0.000805443
0.00147491
0.00102317
0.00146895
0.000453239
0.000215261
-0.000246295
-0.00117856
-0.00098639
-0.00188177
-0.00312598
-0.00352754
-0.00375782
-0.00417022
-0.00452422
-0.00459076
-0.0044045
-0.00384306
-0.00271416
0.000201666
0.000783906
0.00144686
0.00105278
0.00141867
0.000428988
0.000135779
-0.000296532
-0.00119478
-0.00104093
-0.00186486
-0.00312818
-0.00360034
-0.00381691
-0.00421778
-0.00460888
-0.00468747
-0.00449088
-0.00388853
-0.00267967
0.000228629
0.000763069
0.00141461
0.00107972
0.00137204
0.000404103
5.6905e-05
-0.00035022
-0.00121333
-0.00110059
-0.00185585
-0.00312629
-0.00367
-0.0038824
-0.00425887
-0.00467993
-0.00477072
-0.00455729
-0.00392004
-0.00263283
0.0002568
0.000743188
0.00137785
0.00110255
0.00132955
0.00037897
-2.01e-05
-0.000408243
-0.0012365
-0.00116495
-0.00185302
-0.00311565
-0.00373047
-0.00395868
-0.00430561
-0.0047424
-0.004849
-0.00461384
-0.00392204
-0.00259162
0.000286528
0.000724691
0.00133707
0.00112017
0.00129031
0.000354176
-9.58018e-05
-0.000470337
-0.00126116
-0.00123034
-0.00185835
-0.00310226
-0.00378744
-0.00404564
-0.00435163
-0.00477851
-0.00491048
-0.00466464
-0.00394883
-0.00256095
0.000317651
0.000707808
0.00129237
0.00113166
0.00125255
0.000329842
-0.000168289
-0.000532984
-0.00128712
-0.00130018
-0.00187655
-0.00308729
-0.00383176
-0.00413044
-0.00439771
-0.00481135
-0.00498064
-0.00472391
-0.00395004
-0.00251207
0.000350165
0.00069254
0.00124494
0.0011364
0.00121623
0.000307019
-0.000238364
-0.000598231
-0.00131745
-0.00137101
-0.00190086
-0.0030694
-0.00386164
-0.00421592
-0.00445919
-0.00484862
-0.0050171
-0.00474401
-0.00395399
-0.00247115
0.000383771
0.000679378
0.00119528
0.00113342
0.00117963
0.000286734
-0.000305373
-0.000665028
-0.00135032
-0.00144013
-0.00193241
-0.00305769
-0.0038825
-0.00429704
-0.00452821
-0.00487167
-0.00503971
-0.00477899
-0.003976
-0.00244198
0.000418354
0.000668678
0.0011435
0.00112406
0.00114136
0.00026776
-0.000367317
-0.000731249
-0.00138598
-0.00150981
-0.00197167
-0.00305345
-0.00389364
-0.0043656
-0.00459944
-0.00489887
-0.00506521
-0.0048139
-0.00399105
-0.00238944
0.000452897
0.000661207
0.00108713
0.00110772
0.0011015
0.000240287
-0.000425639
-0.000796281
-0.0014222
-0.00157919
-0.00201551
-0.00305504
-0.00389737
-0.00442153
-0.00467793
-0.00493224
-0.00509236
-0.00482988
-0.00396206
-0.00232813
0.000487813
0.000656649
0.00100398
0.00108128
0.00105843
0.000211115
-0.000477144
-0.000860757
-0.00145618
-0.00164458
-0.00205962
-0.00306283
-0.0039011
-0.0044654
-0.00475703
-0.00497051
-0.00509896
-0.00481479
-0.00394003
-0.00228764
0.00052382
0.000654618
0.000953485
0.00104664
0.00101476
0.000215064
-0.000552326
-0.000926044
-0.00148668
-0.00170512
-0.00210324
-0.00307664
-0.0039086
-0.0044956
-0.00482698
-0.00501451
-0.00510687
-0.00480851
-0.00392705
-0.0022456
0.000558225
0.000657494
0.000902101
0.00100356
0.000964954
0.000103046
-0.000620605
-0.000990376
-0.00151273
-0.00176177
-0.00214666
-0.00309314
-0.00392108
-0.00451533
-0.00488481
-0.00506357
-0.0051251
-0.00481211
-0.00390826
-0.00218184
0.000591759
0.000664398
0.000852079
0.000952011
0.000908739
7.11998e-05
-0.000681935
-0.00105328
-0.00153796
-0.0018169
-0.00219089
-0.00310936
-0.00393849
-0.00452992
-0.00493267
-0.00511249
-0.00515086
-0.0048117
-0.00386831
-0.00211311
0.000624609
0.000673765
0.000803691
0.000892272
0.000847885
4.57946e-05
-0.000737093
-0.00111857
-0.00156665
-0.0018721
-0.00223684
-0.00312288
-0.00395905
-0.0045444
-0.00497466
-0.00515496
-0.00517121
-0.00480508
-0.00383294
-0.00205248
0.000655623
0.000685397
0.000757174
0.000824667
0.000784498
2.25691e-05
-0.000787432
-0.00118825
-0.00160006
-0.0019261
-0.00228502
-0.00313315
-0.00398007
-0.0045602
-0.00496756
-0.00518488
-0.00518753
-0.00480411
-0.00380728
-0.0019933
0.000684821
0.000698388
0.000712742
0.000752561
0.000717983
-8.06158e-08
-0.000833229
-0.00126069
-0.00163765
-0.00197878
-0.00233694
-0.00314034
-0.00399716
-0.00458125
-0.00499274
-0.00521063
-0.0052029
-0.00480529
-0.00378161
-0.00193207
0.000711817
0.000712111
0.000671985
0.000676838
0.000646099
-2.38802e-05
-0.000872751
-0.00133347
-0.00167993
-0.00202884
-0.00239178
-0.00314744
-0.00400881
-0.00460758
-0.00501613
-0.00523297
-0.00521243
-0.00479979
-0.00375461
-0.00187429
0.000736406
0.000726029
0.000635395
0.000598753
0.000568666
-5.03103e-05
-0.000905912
-0.00140462
-0.00172725
-0.00207607
-0.00245002
-0.00315886
-0.00401319
-0.00461712
-0.00503745
-0.00525104
-0.00521711
-0.0047915
-0.00372909
-0.00181996
0.000758555
0.000739481
0.000603082
0.000519996
0.00048575
-8.09845e-05
-0.000933058
-0.00147236
-0.00178059
-0.00212205
-0.00250967
-0.00317553
-0.00401173
-0.00463733
-0.00506006
-0.00527151
-0.00522386
-0.00478202
-0.0037014
-0.00176654
0.000778224
0.000751869
0.000575038
0.000442101
0.000397718
-0.00011736
-0.000955078
-0.001535
-0.00183986
-0.00216793
-0.0025681
-0.00319915
-0.00400776
-0.00464914
-0.00508068
-0.00529399
-0.00523314
-0.00477144
-0.00367225
-0.00171498
0.000795407
0.00076275
0.000550983
0.000366318
0.000305357
-0.000160738
-0.000973418
-0.00159044
-0.00190376
-0.00221512
-0.00262398
-0.00323025
-0.00400326
-0.00465227
-0.00509558
-0.00531595
-0.00524633
-0.00476448
-0.00364501
-0.00166435
0.000810186
0.000771708
0.00053038
0.000293721
0.000209796
-0.000211618
-0.000989976
-0.00163789
-0.00197026
-0.00226534
-0.00267714
-0.00326501
-0.00400394
-0.00465091
-0.00510416
-0.00533511
-0.00526264
-0.00476221
-0.00361966
-0.00161355
0.00082266
0.000778439
0.000512533
0.000225083
0.000112557
-0.000270071
-0.00100705
-0.00167734
-0.00203667
-0.00231986
-0.00272836
-0.00330468
-0.00401171
-0.00464899
-0.00510712
-0.00534809
-0.00527782
-0.00476368
-0.00359812
-0.00156643
0.000832946
0.000782727
0.0004966
0.000161062
1.52041e-05
-0.000335862
-0.00102811
-0.00170936
-0.00210068
-0.00237937
-0.00277987
-0.00334564
-0.00402569
-0.00464862
-0.00510567
-0.00535391
-0.0052898
-0.00476872
-0.00358451
-0.00152726
0.000841194
0.000784421
0.00048179
0.000101948
-8.10137e-05
-0.000408376
-0.00105499
-0.00173524
-0.00216034
-0.00244357
-0.00283125
-0.00338623
-0.00404418
-0.00465241
-0.00510395
-0.00535533
-0.00529864
-0.00477689
-0.00357888
-0.00149564
0.000847517
0.000783464
0.000467383
4.77188e-05
-0.000174816
-0.000486599
-0.00108799
-0.00175704
-0.0022139
-0.00251067
-0.0028851
-0.00342653
-0.00406594
-0.00466162
-0.00510561
-0.0053555
-0.00530429
-0.00478454
-0.00357668
-0.00146978
0.000852036
0.000779871
0.000452654
-1.86789e-06
-0.000265064
-0.000568954
-0.00112836
-0.00177716
-0.00226004
-0.00257875
-0.0029428
-0.0034683
-0.00409041
-0.00467597
-0.0051123
-0.00535679
-0.00530672
-0.00478841
-0.0035747
-0.00144905
0.000854816
0.00077375
0.000437136
-4.72514e-05
-0.000351154
-0.000654009
-0.00117621
-0.00179813
-0.00229867
-0.00264553
-0.00300449
-0.00351233
-0.00411675
-0.00469412
-0.00512484
-0.00536152
-0.00530793
-0.00478893
-0.00357204
-0.00143312
0.000855899
0.000765284
0.000420369
-8.88809e-05
-0.000432563
-0.000740224
-0.0012307
-0.00182268
-0.00233149
-0.00270957
-0.00307011
-0.0035599
-0.00414484
-0.00471429
-0.00514325
-0.00537229
-0.00531163
-0.00478836
-0.00356806
-0.00142023
0.000855292
0.000754711
0.000402048
-0.00012738
-0.000509019
-0.00082607
-0.00129055
-0.00185315
-0.00236061
-0.00276891
-0.00313865
-0.00361263
-0.00417651
-0.00473577
-0.00516644
-0.00539071
-0.00532168
-0.00479066
-0.00356462
-0.00140941
0.000852985
0.000742243
0.000382069
-0.000163454
-0.000580318
-0.000910604
-0.00135469
-0.00189059
-0.00238872
-0.0028225
-0.00320843
-0.00367046
-0.00421377
-0.00475943
-0.0051924
-0.00541638
-0.00534095
-0.00480059
-0.00356613
-0.00140242
0.000848999
0.00072822
0.000360313
-0.000197899
-0.000646538
-0.000993152
-0.00142185
-0.00193489
-0.00241882
-0.00287067
-0.00327733
-0.00373283
-0.00425809
-0.00478678
-0.00521957
-0.00544626
-0.00536807
-0.00481944
-0.00357567
-0.00140356
0.000843224
0.000712805
0.000337132
-0.000231294
-0.000707818
-0.00107288
-0.00149045
-0.00198516
-0.00245447
-0.00291556
-0.00334444
-0.0037998
-0.00431157
-0.00482196
-0.00524985
-0.00547904
-0.00539958
-0.00484457
-0.00359175
-0.00141209
0.000835738
0.000696095
0.000312719
-0.000264123
-0.000764743
-0.00114925
-0.00155929
-0.00203921
-0.00249678
-0.00295996
-0.00340907
-0.00386918
-0.00437259
-0.00486813
-0.00528822
-0.00551912
-0.00543943
-0.00487958
-0.00361765
-0.00142843
0.000826464
0.000678671
0.000287008
-0.000296423
-0.000817871
-0.00122212
-0.00162864
-0.00209673
-0.00254603
-0.00300698
-0.00347155
-0.00393901
-0.00443701
-0.00492207
-0.00533448
-0.00556692
-0.00548937
-0.0049276
-0.00365816
-0.00145884
0.000815316
0.000659235
0.000261269
-0.00032843
-0.000867543
-0.00129046
-0.00169753
-0.00215715
-0.0026019
-0.00305984
-0.00353475
-0.00401091
-0.00450689
-0.00498527
-0.00538936
-0.00562105
-0.00554573
-0.00498503
-0.00371148
-0.00150419
0.00080219
0.000641724
0.000235585
-0.000359529
-0.000914659
-0.00135509
-0.00176594
-0.00222078
-0.00266328
-0.00311943
-0.00360051
-0.00408501
-0.00458173
-0.00505832
-0.00545683
-0.00568679
-0.00561248
-0.00505284
-0.0037768
-0.0015623
0.000787178
0.000616549
0.000209958
-0.000388991
-0.000957547
-0.00141438
-0.00183206
-0.00228646
-0.00272839
-0.00318556
-0.00367185
-0.00416304
-0.00466101
-0.00513878
-0.00553657
-0.00576719
-0.00569537
-0.00513775
-0.00386076
-0.00164094
0.000769783
0.000603643
0.000184908
-0.000417732
-0.000997011
-0.00146948
-0.00189596
-0.00235438
-0.00279655
-0.00325464
-0.00374611
-0.0042437
-0.00474333
-0.00522368
-0.00562412
-0.005859
-0.0057921
-0.00523829
-0.00396265
-0.00174095
0.000750695
0.000569649
0.000152758
-0.000449891
-0.00104061
-0.00152693
-0.00196462
-0.00243189
-0.00287735
-0.00333244
-0.00382493
-0.00432967
-0.00483353
-0.00531811
-0.00572412
-0.00596582
-0.00590577
-0.00535686
-0.00408506
-0.00186257
0.00073727
0.000571965
0.000151288
-0.000452037
-0.00105546
-0.00157056
-0.00202949
-0.00251297
-0.00296609
-0.0034182
-0.00390679
-0.00441863
-0.00493068
-0.00541962
-0.00583306
-0.00608502
-0.0060365
-0.00549853
-0.00423564
-0.00202093
0.000683462
0.000507218
9.20058e-05
-0.000485663
-0.00107088
-0.00159394
-0.00207735
-0.00258462
-0.00304988
-0.00349802
-0.00397952
-0.00449267
-0.005018
-0.00551779
-0.00594422
-0.00621108
-0.00617886
-0.00565728
-0.00440569
-0.00219618
0.00070562
0.000550157
0.000134204
-0.000491934
-0.00114685
-0.00171328
-0.00220172
-0.00270698
-0.00317049
-0.00360185
-0.00407212
-0.00458736
-0.00511968
-0.00563014
-0.00607361
-0.00635787
-0.0063432
-0.00583785
-0.00459734
-0.00238942
0.000576464
0.000432247
0.000122236
-0.000379807
-0.000978309
-0.00165161
-0.00227833
-0.00281173
-0.0032728
-0.00369926
-0.00416097
-0.0046854
-0.00523426
-0.0057739
-0.0062458
-0.00656345
-0.00658574
-0.00611405
-0.00490665
-0.00272997
0.000694163
0.000529534
8.61669e-05
-0.000567989
-0.00124189
-0.00185304
-0.00236682
-0.00284118
-0.00328197
-0.00369133
-0.00414032
-0.00465997
-0.00521209
-0.00575985
-0.00624907
-0.00660929
-0.00670722
-0.00633928
-0.00525393
-0.00321295
0.000576408
0.000481553
3.20898e-05
-0.000506979
-0.00112417
-0.00183685
-0.00246285
-0.00296493
-0.00345732
-0.00389467
-0.00437214
-0.00489555
-0.00543664
-0.00591076
-0.00627434
-0.00646336
-0.00640439
-0.00593539
-0.00481929
-0.00279339
0.000744433
0.000473294
-2.75408e-06
-0.000654821
-0.0013097
-0.00189351
-0.00236253
-0.00276602
-0.00320822
-0.00367419
-0.0041869
-0.004766
-0.00543011
-0.00616248
-0.00691272
-0.00757033
-0.0079647
-0.00786916
-0.00701357
-0.00516143
0.000907984
0.000346444
-0.000192258
-0.000846661
-0.00144713
-0.00213431
-0.0027235
-0.00311475
-0.00352261
-0.00407266
-0.00461243
-0.005057
-0.00525309
-0.00511846
-0.0045996
-0.00377902
-0.00284881
-0.00211013
-0.00192891
-0.0026352
0.000897447
0.000390062
-0.000164529
-0.000738222
-0.00124333
-0.00173001
-0.00214239
-0.00258239
-0.00308188
-0.00369052
-0.00439514
-0.00523442
-0.00619047
-0.0072075
-0.00819075
-0.00906388
-0.0096834
-0.00983524
-0.00924026
-0.00764487
0.00103545
0.000333003
-0.00026313
-0.000879463
-0.00136531
-0.0019488
-0.00257551
-0.00326488
-0.00386112
-0.00427072
-0.00469122
-0.00521139
-0.00565233
-0.00587379
-0.00577733
-0.0053562
-0.0047145
-0.00414154
-0.00402934
-0.00474579
0.00103026
0.0003129
-0.000263485
-0.000737593
-0.00104865
-0.0014072
-0.00173856
-0.00215156
-0.00269898
-0.00352558
-0.00461696
-0.00600413
-0.00762896
-0.00934268
-0.0109172
-0.0121637
-0.0129321
-0.0130499
-0.0122993
-0.010485
0.00104655
-0.0073241
-0.0100552
-0.00841925
-0.00640831
-0.00466997
-0.00297429
-0.00152155
-0.000405715
0.000597074
0.00171556
0.0028912
0.00384148
0.00457741
0.00544999
0.00659328
0.00778348
0.00887931
0.00992685
0.0110844
0.0123342
0.0135682
0.0148229
0.0161595
0.0175421
0.0189508
0.0204225
0.02195
0.0235581
0.025246
0.0270149
0.0287642
0.0305571
0.0324473
0.0344049
0.0364163
0.0384721
0.0406493
0.0428449
0.0451688
0.0475076
0.0499796
0.0525274
0.0551555
0.0579475
0.060664
0.0636198
0.0665297
0.0691381
0.0722117
0.000923028
-0.00725345
-0.010008
-0.00840178
-0.00639967
-0.00466454
-0.00297027
-0.00151812
-0.00040266
0.000599726
0.00171782
0.00289317
0.00384324
0.00457888
0.00545117
0.00659428
0.00778436
0.00888009
0.00992754
0.011085
0.0123347
0.0135687
0.0148234
0.0161599
0.0175425
0.0189511
0.0204228
0.0219503
0.0235583
0.0252462
0.0270151
0.0287644
0.0305573
0.0324475
0.0344051
0.0364165
0.0384722
0.0406494
0.042845
0.045169
0.0475077
0.0499797
0.0525275
0.0551556
0.0579476
0.0606641
0.0636199
0.0665298
0.0691381
0.0722117
0.000729344
-0.00716159
-0.00993474
-0.00837728
-0.00638908
-0.00465837
-0.00296611
-0.0015149
-0.000399939
0.00060208
0.00171988
0.00289502
0.00384489
0.0045802
0.0054522
0.00659519
0.00778518
0.00888081
0.00992815
0.0110855
0.0123352
0.0135692
0.0148238
0.0161602
0.0175428
0.0189514
0.0204231
0.0219506
0.0235586
0.0252464
0.0270153
0.0287646
0.0305575
0.0324477
0.0344052
0.0364166
0.0384724
0.0406496
0.0428451
0.0451691
0.0475079
0.0499798
0.0525276
0.0551556
0.0579477
0.0606641
0.06362
0.0665298
0.0691382
0.0722117
0.000538369
-0.0070451
-0.00982558
-0.00833754
-0.00637282
-0.00464942
-0.0029607
-0.00151136
-0.000397234
0.000604436
0.00172201
0.00289698
0.00384664
0.00458159
0.00545328
0.00659616
0.00778607
0.00888156
0.00992877
0.011086
0.0123357
0.0135696
0.0148242
0.0161606
0.0175431
0.0189517
0.0204234
0.0219509
0.0235588
0.0252466
0.0270156
0.0287648
0.0305576
0.0324478
0.0344054
0.0364168
0.0384725
0.0406497
0.0428452
0.0451692
0.047508
0.0499799
0.0525277
0.0551557
0.0579478
0.0606642
0.06362
0.0665299
0.0691383
0.0722117
0.000363316
-0.0069065
-0.00968559
-0.0082814
-0.00634909
-0.00463622
-0.00295301
-0.00150697
-0.000394305
0.000606968
0.00172437
0.00289919
0.00384866
0.00458323
0.00545458
0.00659734
0.00778713
0.00888243
0.00992947
0.0110866
0.0123363
0.0135701
0.0148246
0.016161
0.0175435
0.0189521
0.0204237
0.0219511
0.023559
0.0252469
0.0270158
0.0287651
0.0305578
0.032448
0.0344055
0.0364169
0.0384726
0.0406498
0.0428454
0.0451693
0.0475081
0.04998
0.0525278
0.0551558
0.0579479
0.0606643
0.0636201
0.06653
0.0691384
0.0722118
0.000196815
-0.00675604
-0.00952888
-0.00821413
-0.0063192
-0.00461887
-0.00294268
-0.00150136
-0.000390945
0.00060975
0.00172697
0.00290162
0.00385098
0.00458523
0.00545623
0.00659884
0.00778842
0.00888346
0.00993029
0.0110873
0.0123369
0.0135707
0.0148251
0.0161615
0.0175439
0.0189524
0.020424
0.0219514
0.0235593
0.0252471
0.027016
0.0287653
0.030558
0.0324482
0.0344057
0.0364171
0.0384728
0.04065
0.0428455
0.0451694
0.0475082
0.0499802
0.0525279
0.0551559
0.057948
0.0606644
0.0636202
0.0665301
0.0691385
0.0722118
3.10079e-05
-0.00660207
-0.00936435
-0.00814063
-0.00628555
-0.00459855
-0.00293005
-0.00149437
-0.000386909
0.000612912
0.0017298
0.0029042
0.00385354
0.00458764
0.00545835
0.00660076
0.00779004
0.00888474
0.0099313
0.0110881
0.0123376
0.0135713
0.0148257
0.016162
0.0175444
0.0189528
0.0204243
0.0219517
0.0235596
0.0252474
0.0270163
0.0287655
0.0305582
0.0324484
0.0344059
0.0364173
0.0384729
0.0406501
0.0428456
0.0451696
0.0475083
0.0499803
0.052528
0.055156
0.0579481
0.0606645
0.0636203
0.0665302
0.0691387
0.0722119
-0.000137374
-0.00644757
-0.00919437
-0.008063
-0.00624976
-0.00457645
-0.00291578
-0.00148613
-0.000382056
0.000616589
0.00173288
0.00290684
0.00385623
0.00459041
0.00546098
0.00660318
0.00779203
0.0088863
0.00993256
0.0110892
0.0123385
0.0135721
0.0148264
0.0161626
0.017545
0.0189533
0.0204248
0.0219521
0.0235599
0.0252477
0.0270166
0.0287658
0.0305584
0.0324486
0.0344061
0.0364175
0.0384731
0.0406503
0.0428458
0.0451697
0.0475084
0.0499804
0.0525281
0.0551561
0.0579482
0.0606646
0.0636204
0.0665304
0.069139
0.072212
-0.000308258
-0.00629228
-0.00901832
-0.00798167
-0.00621263
-0.00455331
-0.00290044
-0.00147693
-0.000376431
0.000620819
0.00173622
0.00290948
0.00385893
0.00459341
0.00546408
0.00660613
0.00779443
0.00888817
0.00993411
0.0110904
0.0123395
0.013573
0.0148272
0.0161634
0.0175456
0.0189539
0.0204252
0.0219525
0.0235602
0.025248
0.0270169
0.028766
0.0305587
0.0324488
0.0344063
0.0364177
0.0384733
0.0406504
0.0428459
0.0451698
0.0475086
0.0499805
0.0525282
0.0551562
0.0579483
0.0606647
0.0636205
0.0665306
0.0691394
0.0722121
-0.000479888
-0.00613544
-0.00883542
-0.00789655
-0.00617447
-0.00452948
-0.00288436
-0.00146705
-0.000370206
0.000625524
0.0017398
0.00291206
0.00386152
0.00459648
0.00546752
0.00660957
0.00779725
0.00889036
0.00993596
0.0110919
0.0123407
0.013574
0.0148282
0.0161643
0.0175465
0.0189547
0.0204258
0.0219529
0.0235606
0.0252483
0.0270172
0.0287663
0.0305589
0.032449
0.0344066
0.0364179
0.0384735
0.0406506
0.0428461
0.04517
0.0475087
0.0499806
0.0525284
0.0551564
0.0579484
0.0606649
0.0636207
0.0665308
0.0691398
0.0722124
-0.000650293
-0.00597705
-0.00864561
-0.00780755
-0.00613541
-0.00450509
-0.00286768
-0.00145667
-0.000363561
0.000630571
0.00174354
0.00291457
0.00386392
0.00459945
0.00547112
0.00661342
0.00780045
0.00889282
0.00993807
0.0110937
0.0123421
0.0135752
0.0148293
0.0161653
0.0175475
0.0189555
0.0204266
0.0219535
0.023561
0.0252486
0.0270175
0.0287667
0.0305592
0.0324493
0.0344068
0.0364181
0.0384737
0.0406508
0.0428463
0.0451702
0.0475089
0.0499808
0.0525285
0.0551565
0.0579486
0.060665
0.0636208
0.066531
0.0691404
0.0722127
-0.000818136
-0.00581779
-0.00844923
-0.0077145
-0.00609548
-0.00448023
-0.00285042
-0.00144586
-0.000356606
0.000635853
0.00174738
0.00291696
0.0038661
0.00460223
0.00547474
0.00661758
0.00780399
0.0088955
0.00994038
0.0110958
0.0123437
0.0135765
0.0148305
0.0161665
0.0175486
0.0189566
0.0204275
0.0219542
0.0235615
0.025249
0.0270179
0.028767
0.0305595
0.0324496
0.0344071
0.0364184
0.0384739
0.0406511
0.0428465
0.0451704
0.047509
0.0499809
0.0525286
0.0551566
0.0579487
0.0606652
0.063621
0.0665313
0.0691412
0.0722131
-0.00098268
-0.00565839
-0.00824652
-0.00761714
-0.00605473
-0.00445498
-0.00283261
-0.00143463
-0.000349382
0.000641322
0.00175126
0.00291918
0.00386802
0.00460481
0.00547828
0.00662193
0.00780782
0.00889836
0.00994284
0.011098
0.0123455
0.013578
0.014832
0.0161679
0.0175498
0.0189578
0.0204286
0.0219551
0.0235621
0.0252494
0.0270182
0.0287674
0.0305599
0.0324499
0.0344073
0.0364186
0.0384742
0.0406513
0.0428468
0.0451706
0.0475092
0.0499811
0.0525288
0.0551568
0.0579489
0.0606653
0.0636212
0.0665317
0.0691421
0.0722136
-0.00114328
-0.00549935
-0.00803764
-0.00751521
-0.00601323
-0.00442948
-0.00281423
-0.00142294
-0.000341885
0.000646976
0.00175517
0.0029212
0.00386963
0.0046072
0.00548174
0.00662638
0.00781189
0.00890137
0.00994538
0.0111003
0.0123475
0.0135796
0.0148335
0.0161694
0.0175511
0.018959
0.0204299
0.0219562
0.0235628
0.0252498
0.0270186
0.0287678
0.0305602
0.0324502
0.0344076
0.0364189
0.0384745
0.0406516
0.0428471
0.0451709
0.0475095
0.0499812
0.0525289
0.0551569
0.057949
0.0606655
0.0636214
0.0665321
0.0691431
0.0722143
-0.00129909
-0.00534116
-0.00782287
-0.0074085
-0.00597102
-0.00440386
-0.00279531
-0.00141078
-0.000334097
0.000652839
0.00175916
0.00292306
0.00387091
0.00460944
0.00548516
0.00663083
0.00781611
0.00890451
0.009948
0.0111028
0.0123496
0.0135813
0.0148352
0.016171
0.0175525
0.0189604
0.0204313
0.0219575
0.0235637
0.0252502
0.0270189
0.0287682
0.0305607
0.0324505
0.0344079
0.0364192
0.0384748
0.0406519
0.0428474
0.0451712
0.0475097
0.0499815
0.0525291
0.0551571
0.0579492
0.0606658
0.0636217
0.0665326
0.0691444
0.0722152
-0.00144896
-0.00518447
-0.00760288
-0.00729691
-0.00592817
-0.00437828
-0.00277588
-0.0013981
-0.000325987
0.00065895
0.00176325
0.00292479
0.00387193
0.00461166
0.00548867
0.00663524
0.00782037
0.00890773
0.00995069
0.0111052
0.0123517
0.0135831
0.0148369
0.0161727
0.0175539
0.0189617
0.0204327
0.021959
0.0235647
0.0252507
0.0270191
0.0287685
0.0305611
0.0324509
0.0344082
0.0364195
0.0384751
0.0406522
0.0428477
0.0451715
0.0475101
0.0499817
0.0525293
0.0551573
0.0579494
0.060666
0.0636219
0.0665331
0.0691459
0.0722162
-0.00159154
-0.00503008
-0.00737871
-0.00718053
-0.00588471
-0.00435289
-0.002756
-0.00138487
-0.000317515
0.000665361
0.00176752
0.00292648
0.00387277
0.0046141
0.00549252
0.0066396
0.00782456
0.00891098
0.00995347
0.0111078
0.012354
0.013585
0.0148387
0.0161745
0.0175555
0.018963
0.0204342
0.0219606
0.0235659
0.0252513
0.0270193
0.0287688
0.0305615
0.0324513
0.0344085
0.0364198
0.0384754
0.0406525
0.042848
0.0451719
0.0475104
0.0499821
0.0525296
0.0551575
0.0579496
0.0606662
0.0636222
0.0665337
0.0691477
0.0722174
-0.0017253
-0.00487875
-0.00715161
-0.00705952
-0.00584063
-0.0043278
-0.00273574
-0.00137108
-0.000308633
0.000672124
0.0017721
0.00292822
0.00387371
0.00461705
0.005497
0.00664399
0.00782859
0.00891421
0.00995636
0.0111104
0.0123562
0.0135869
0.0148405
0.0161763
0.0175571
0.0189643
0.0204357
0.0219623
0.0235672
0.0252519
0.0270195
0.028769
0.030562
0.0324518
0.0344088
0.03642
0.0384757
0.0406528
0.0428483
0.0451722
0.0475109
0.0499825
0.0525299
0.0551577
0.0579499
0.0606665
0.0636226
0.0665344
0.0691496
0.0722189
-0.00184867
-0.00473089
-0.00692263
-0.00693388
-0.0057958
-0.00430312
-0.00271515
-0.00135669
-0.000299287
0.000679297
0.00177707
0.00293014
0.00387488
0.00462084
0.00550248
0.00664856
0.00783239
0.00891739
0.00995938
0.0111132
0.0123585
0.0135889
0.0148424
0.0161782
0.0175587
0.0189657
0.0204372
0.0219639
0.0235686
0.0252526
0.0270197
0.0287692
0.0305624
0.0324523
0.0344091
0.0364203
0.0384761
0.0406531
0.0428486
0.0451726
0.0475113
0.0499829
0.0525302
0.055158
0.0579501
0.0606668
0.0636229
0.066535
0.0691518
0.0722205
-0.00196071
-0.00458657
-0.0066923
-0.0068033
-0.00574997
-0.00427888
-0.00269428
-0.00134164
-0.000289429
0.000686915
0.00178248
0.00293239
0.00387649
0.00462579
0.00550928
0.00665347
0.00783594
0.0089205
0.00996258
0.0111161
0.0123608
0.0135909
0.0148444
0.01618
0.0175604
0.018967
0.0204387
0.0219657
0.0235701
0.0252534
0.0270198
0.0287693
0.0305629
0.0324529
0.0344094
0.0364205
0.0384764
0.0406535
0.0428489
0.0451729
0.0475118
0.0499835
0.0525306
0.0551583
0.0579504
0.0606672
0.0636233
0.0665357
0.0691541
0.0722224
-0.00206165
-0.00444576
-0.00646064
-0.00666713
-0.00570279
-0.00425514
-0.00267315
-0.00132587
-0.000279014
0.000694988
0.00178837
0.00293501
0.00387867
0.00463208
0.00551759
0.00665889
0.00783925
0.00892354
0.00996597
0.0111192
0.012363
0.0135928
0.0148464
0.0161819
0.017562
0.0189683
0.0204404
0.0219674
0.0235716
0.0252542
0.02702
0.0287693
0.0305633
0.0324534
0.0344098
0.0364207
0.0384768
0.0406539
0.0428492
0.0451733
0.0475123
0.0499841
0.0525311
0.0551586
0.0579508
0.0606676
0.0636238
0.0665365
0.0691566
0.0722244
-0.00215214
-0.00430861
-0.00622744
-0.00652453
-0.00565382
-0.00423192
-0.00265179
-0.00130929
-0.000267995
0.000703518
0.00179476
0.00293808
0.00388149
0.00463975
0.00552743
0.0066649
0.00784238
0.00892653
0.00996959
0.0111225
0.0123653
0.0135948
0.0148485
0.0161838
0.0175637
0.0189697
0.0204421
0.0219691
0.0235731
0.025255
0.0270201
0.0287693
0.0305637
0.032454
0.0344102
0.036421
0.0384772
0.0406543
0.0428495
0.0451736
0.0475128
0.0499847
0.0525317
0.055159
0.0579511
0.060668
0.0636243
0.0665373
0.0691593
0.0722265
-0.00223276
-0.00417523
-0.00599255
-0.00637465
-0.00560258
-0.00420927
-0.00263025
-0.00129182
-0.000256319
0.0007125
0.00180165
0.00294161
0.00388491
0.00464865
0.00553863
0.00667153
0.00784541
0.00892951
0.00997344
0.011126
0.0123676
0.0135968
0.0148507
0.0161857
0.0175653
0.0189711
0.020444
0.0219708
0.0235747
0.0252559
0.0270203
0.0287693
0.0305642
0.0324546
0.0344105
0.0364212
0.0384775
0.0406547
0.0428498
0.0451739
0.0475133
0.0499853
0.0525322
0.0551594
0.0579515
0.0606684
0.0636248
0.0665381
0.0691621
0.0722288
-0.0023042
-0.00404578
-0.00575607
-0.00621675
-0.00554852
-0.00418725
-0.00260862
-0.00127337
-0.000243916
0.000721914
0.00180902
0.00294581
0.00388887
0.00465854
0.00555093
0.00667871
0.0078484
0.00893251
0.00997751
0.0111297
0.01237
0.0135989
0.014853
0.0161878
0.017567
0.0189725
0.020446
0.0219726
0.0235764
0.0252569
0.0270205
0.0287692
0.0305648
0.0324551
0.0344109
0.0364215
0.0384779
0.0406552
0.0428502
0.0451742
0.0475138
0.049986
0.0525329
0.0551598
0.0579518
0.0606689
0.0636254
0.066539
0.0691651
0.0722313
-0.00236671
-0.0039203
-0.00551846
-0.00605031
-0.00549097
-0.00416589
-0.00258706
-0.00125389
-0.000230712
0.000731761
0.00181683
0.00295006
0.00389328
0.00466913
0.00556404
0.00668637
0.00785143
0.00893557
0.00998177
0.0111336
0.0123725
0.013601
0.0148554
0.0161899
0.0175687
0.018974
0.0204482
0.0219745
0.0235782
0.0252579
0.0270207
0.0287692
0.0305654
0.0324556
0.0344113
0.0364218
0.0384784
0.0406556
0.0428505
0.0451746
0.0475143
0.0499867
0.0525335
0.0551602
0.0579522
0.0606694
0.063626
0.0665399
0.0691681
0.0722338
-0.00242118
-0.00379857
-0.00528035
-0.00587512
-0.00542922
-0.00414516
-0.00256575
-0.00123336
-0.000216636
0.000742066
0.00182505
0.00295463
0.00389804
0.00468019
0.0055777
0.00669442
0.00785457
0.00893875
0.00998622
0.0111377
0.0123752
0.0136031
0.0148578
0.0161922
0.0175704
0.0189756
0.0204504
0.0219764
0.02358
0.0252591
0.027021
0.0287693
0.0305661
0.0324562
0.0344116
0.0364221
0.0384788
0.040656
0.0428509
0.045175
0.0475149
0.0499874
0.0525342
0.0551607
0.0579526
0.0606699
0.0636267
0.0665409
0.0691713
0.0722365
-0.00246821
-0.00368051
-0.00504245
-0.00569105
-0.00536245
-0.00412506
-0.00254497
-0.00121178
-0.000201601
0.000752851
0.00183367
0.00295952
0.0039031
0.00469154
0.00559169
0.00670277
0.00785788
0.00894206
0.00999082
0.0111419
0.0123779
0.0136054
0.0148604
0.0161946
0.0175722
0.0189774
0.0204527
0.0219785
0.023582
0.0252603
0.0270213
0.0287694
0.0305669
0.0324567
0.034412
0.0364224
0.0384793
0.0406564
0.0428512
0.0451754
0.0475155
0.0499881
0.0525348
0.0551611
0.0579531
0.0606704
0.0636274
0.066542
0.0691745
0.0722393
-0.00250669
-0.0035657
-0.00480591
-0.0054983
-0.00528958
-0.00410541
-0.00252507
-0.00118926
-0.000185496
0.000764186
0.00184265
0.00296473
0.00390843
0.0047031
0.00560591
0.00671138
0.0078614
0.00894554
0.00999557
0.0111463
0.0123808
0.0136078
0.0148631
0.0161972
0.0175741
0.0189793
0.0204552
0.0219806
0.023584
0.0252615
0.0270217
0.0287696
0.0305678
0.0324572
0.0344123
0.0364228
0.0384798
0.0406569
0.0428516
0.0451758
0.0475161
0.0499888
0.0525355
0.0551616
0.0579535
0.0606709
0.0636282
0.0665431
0.0691779
0.0722423
-0.00253686
-0.00345321
-0.00457173
-0.00529745
-0.00520965
-0.0040859
-0.00250633
-0.00116591
-0.000168222
0.000776221
0.00185208
0.00297029
0.003914
0.00471483
0.00562032
0.00672024
0.00786516
0.00894921
0.0100005
0.0111508
0.0123839
0.0136103
0.014866
0.0161999
0.0175762
0.0189815
0.0204577
0.0219829
0.0235861
0.0252629
0.027022
0.0287698
0.0305688
0.0324578
0.0344127
0.0364233
0.0384804
0.0406573
0.042852
0.0451763
0.0475168
0.0499896
0.0525363
0.0551621
0.0579539
0.0606715
0.063629
0.0665442
0.0691815
0.0722454
-0.0025601
-0.00334252
-0.00434094
-0.00508908
-0.00512149
-0.0040661
-0.00248902
-0.00114197
-0.000149814
0.000788933
0.00186195
0.00297626
0.0039199
0.00472675
0.00563488
0.00672935
0.00786922
0.00895309
0.0100055
0.0111554
0.0123871
0.0136129
0.0148689
0.0162027
0.0175784
0.0189838
0.0204602
0.0219853
0.0235883
0.0252643
0.0270224
0.0287702
0.0305698
0.0324584
0.0344131
0.0364237
0.0384809
0.0406578
0.0428524
0.0451769
0.0475175
0.0499904
0.052537
0.0551627
0.0579544
0.060672
0.0636298
0.0665454
0.0691851
0.0722487
-0.00257552
-0.00323272
-0.0041148
-0.00487447
-0.00502422
-0.00404549
-0.00247346
-0.00111765
-0.000130112
0.000802458
0.00187224
0.00298261
0.00392615
0.00473893
0.00564962
0.0067387
0.00787357
0.00895722
0.0100107
0.0111602
0.0123904
0.0136156
0.014872
0.0162056
0.0175807
0.0189862
0.0204629
0.0219878
0.0235906
0.0252657
0.0270228
0.0287706
0.0305709
0.0324591
0.0344134
0.0364243
0.0384815
0.0406583
0.0428528
0.0451774
0.0475183
0.0499912
0.0525378
0.0551633
0.0579549
0.0606726
0.0636307
0.0665466
0.0691889
0.0722522
-0.00258095
-0.00312218
-0.00389343
-0.00465452
-0.0049172
-0.00402364
-0.00246001
-0.0010933
-0.000109045
0.000817077
0.00188317
0.00298942
0.00393276
0.00475137
0.00566456
0.00674833
0.00787826
0.00896159
0.010016
0.0111652
0.0123939
0.0136184
0.0148752
0.0162086
0.0175831
0.0189889
0.0204656
0.0219904
0.023593
0.0252672
0.0270232
0.0287712
0.030572
0.0324598
0.0344138
0.0364248
0.0384822
0.0406588
0.0428533
0.045178
0.047519
0.0499921
0.0525387
0.055164
0.0579554
0.0606733
0.0636316
0.0665479
0.0691929
0.0722558
-0.00257384
-0.00301028
-0.00367816
-0.00442994
-0.00479878
-0.00399919
-0.00244869
-0.00106955
-8.6984e-05
0.000832597
0.00189469
0.00299679
0.00393984
0.00476412
0.00567969
0.00675823
0.00788329
0.00896621
0.0100215
0.0111703
0.0123975
0.0136214
0.0148785
0.0162117
0.0175857
0.0189916
0.0204684
0.0219932
0.0235955
0.0252688
0.0270237
0.0287717
0.0305731
0.0324606
0.0344143
0.0364254
0.0384829
0.0406593
0.0428537
0.0451786
0.0475198
0.049993
0.0525396
0.0551647
0.057956
0.0606739
0.0636325
0.0665492
0.0691969
0.0722596
-0.0025521
-0.00289475
-0.00346943
-0.00420269
-0.00466902
-0.00397121
-0.0024392
-0.00104625
-6.35579e-05
0.000849296
0.00190685
0.00300475
0.00394751
0.00477732
0.00569512
0.00676844
0.00788869
0.00897113
0.0100272
0.0111756
0.0124013
0.0136245
0.0148819
0.0162149
0.0175884
0.0189945
0.0204714
0.0219961
0.023598
0.0252704
0.0270242
0.0287724
0.0305743
0.0324614
0.0344147
0.036426
0.0384836
0.0406598
0.0428542
0.0451793
0.0475207
0.049994
0.0525405
0.0551654
0.0579566
0.0606746
0.0636335
0.0665506
0.0692011
0.0722636
-0.00252726
-0.00277618
-0.00326655
-0.00397384
-0.00452817
-0.00393936
-0.00243196
-0.00102412
-3.89158e-05
0.000867441
0.0019199
0.00301327
0.00395561
0.00479085
0.00571083
0.00677903
0.00789449
0.00897634
0.0100331
0.0111811
0.0124053
0.0136278
0.0148854
0.0162182
0.0175912
0.0189975
0.0204744
0.021999
0.0236006
0.0252721
0.0270248
0.028773
0.0305756
0.0324622
0.0344152
0.0364266
0.0384843
0.0406604
0.0428548
0.0451799
0.0475216
0.0499949
0.0525415
0.0551662
0.0579572
0.0606754
0.0636346
0.066552
0.0692055
0.0722678
-0.00249771
-0.00265563
-0.00307139
-0.0037444
-0.00437489
-0.00390202
-0.0024271
-0.00100434
-1.40409e-05
0.000886538
0.0019337
0.00302243
0.00396428
0.00480474
0.00572675
0.00678988
0.00790061
0.00898177
0.0100392
0.0111867
0.0124093
0.0136311
0.014889
0.0162217
0.0175941
0.0190007
0.0204775
0.0220021
0.0236033
0.0252738
0.0270254
0.0287738
0.0305769
0.0324631
0.0344157
0.0364273
0.0384851
0.040661
0.0428553
0.0451806
0.0475225
0.049996
0.0525425
0.055167
0.0579579
0.0606761
0.0636357
0.0665535
0.06921
0.0722722
-0.0024477
-0.00252633
-0.0028818
-0.00351722
-0.00421097
-0.00385741
-0.00242258
-0.000985837
1.18566e-05
0.000907203
0.00194861
0.00303253
0.00397377
0.00481923
0.0057431
0.00680114
0.00790715
0.00898755
0.0100455
0.0111926
0.0124136
0.0136346
0.0148928
0.0162253
0.0175972
0.0190039
0.0204808
0.0220053
0.0236061
0.0252756
0.027026
0.0287745
0.0305782
0.032464
0.0344162
0.0364279
0.0384859
0.0406616
0.0428559
0.0451813
0.0475234
0.049997
0.0525436
0.0551678
0.0579586
0.060677
0.0636369
0.0665551
0.0692146
0.0722768
-0.00239679
-0.002391
-0.00269657
-0.00329307
-0.00403788
-0.00380493
-0.0024187
-0.000969505
3.83186e-05
0.000929547
0.00196478
0.00304333
0.00398371
0.00483406
0.0057598
0.00681289
0.00791417
0.00899366
0.010052
0.0111986
0.0124181
0.0136383
0.0148968
0.016229
0.0176003
0.0190072
0.0204841
0.0220086
0.023609
0.0252774
0.0270268
0.0287754
0.0305796
0.032465
0.0344167
0.0364286
0.0384867
0.0406623
0.0428565
0.0451821
0.0475244
0.0499981
0.0525447
0.0551687
0.0579594
0.0606778
0.0636381
0.0665567
0.0692193
0.0722816
-0.00234518
-0.00225245
-0.00251718
-0.00307235
-0.00385475
-0.00374305
-0.00241604
-0.000957265
6.33756e-05
0.000952434
0.0019818
0.00305486
0.00399427
0.00484926
0.00577669
0.00682483
0.00792142
0.00899994
0.0100587
0.0112048
0.0124227
0.0136421
0.0149008
0.0162328
0.0176036
0.0190107
0.0204876
0.022012
0.023612
0.0252794
0.0270275
0.0287762
0.030581
0.032466
0.0344173
0.0364294
0.0384876
0.040663
0.0428571
0.0451829
0.0475254
0.0499992
0.0525458
0.0551697
0.0579602
0.0606787
0.0636394
0.0665584
0.0692242
0.0722865
-0.00226373
-0.00209949
-0.00233885
-0.00285908
-0.00366564
-0.00366977
-0.00241036
-0.000946274
8.8656e-05
0.000977122
0.00200063
0.00306784
0.00400585
0.00486514
0.0057941
0.00683733
0.00792921
0.00900666
0.0100657
0.0112112
0.0124275
0.0136461
0.014905
0.0162368
0.0176071
0.0190142
0.0204912
0.0220155
0.023615
0.0252814
0.0270284
0.0287771
0.0305824
0.032467
0.0344179
0.0364301
0.0384885
0.0406637
0.0428578
0.0451837
0.0475264
0.0500004
0.052547
0.0551706
0.057961
0.0606796
0.0636408
0.0665601
0.0692292
0.0722918
-0.00218404
-0.0019381
-0.00216205
-0.00265409
-0.00347286
-0.00358509
-0.00240199
-0.000937473
0.000113354
0.00100314
0.002021
0.00308184
0.00401805
0.00488144
0.00581195
0.00685038
0.00793755
0.00901378
0.010073
0.011218
0.0124325
0.0136503
0.0149094
0.016241
0.0176106
0.0190179
0.0204949
0.0220191
0.0236182
0.0252834
0.0270293
0.0287781
0.0305839
0.0324681
0.0344186
0.0364309
0.0384894
0.0406645
0.0428585
0.0451846
0.0475275
0.0500016
0.0525483
0.0551716
0.0579619
0.0606805
0.0636422
0.066562
0.0692344
0.0722972
-0.0021076
-0.00177363
-0.00198863
-0.00245627
-0.00327533
-0.00348863
-0.00239219
-0.000933518
0.000134537
0.00102859
0.0020421
0.00309667
0.00403089
0.00489806
0.0058299
0.00686356
0.00794603
0.00902097
0.0100804
0.0112248
0.0124377
0.0136545
0.0149138
0.0162453
0.0176143
0.0190216
0.0204987
0.0220229
0.0236214
0.0252856
0.0270302
0.0287791
0.0305855
0.0324693
0.0344193
0.0364317
0.0384904
0.0406653
0.0428592
0.0451855
0.0475287
0.0500029
0.0525495
0.0551727
0.0579629
0.0606815
0.0636437
0.0665639
0.0692397
0.0723029
-0.00198343
-0.00159004
-0.00181073
-0.00226684
-0.00307712
-0.00337909
-0.00237516
-0.000929364
0.000155358
0.00105568
0.0020657
0.00311375
0.0040451
0.0049154
0.00584844
0.00687745
0.00795523
0.00902878
0.0100882
0.0112319
0.0124431
0.013659
0.0149185
0.0162497
0.0176181
0.0190255
0.0205027
0.0220267
0.0236248
0.0252878
0.0270313
0.0287801
0.030587
0.0324704
0.03442
0.0364326
0.0384914
0.0406661
0.04286
0.0451864
0.0475298
0.0500042
0.0525509
0.0551738
0.0579639
0.0606826
0.0636453
0.0665659
0.0692451
0.0723088
-0.00185621
-0.00139855
-0.00163468
-0.00208852
-0.00287963
-0.0032564
-0.00235093
-0.000925929
0.00017441
0.00108259
0.00209033
0.00313201
0.00406022
0.00493338
0.00586752
0.00689193
0.007965
0.00903699
0.0100963
0.0112393
0.0124488
0.0136638
0.0149234
0.0162544
0.0176222
0.0190295
0.0205068
0.0220307
0.0236283
0.0252901
0.0270324
0.0287812
0.0305887
0.0324716
0.0344208
0.0364335
0.0384925
0.040667
0.0428608
0.0451874
0.0475311
0.0500056
0.0525523
0.0551749
0.0579649
0.0606837
0.063647
0.066568
0.0692506
0.0723149
-0.00173627
-0.00120667
-0.00146229
-0.0019199
-0.00268466
-0.00312419
-0.00232216
-0.000925991
0.000188939
0.00110769
0.00211552
0.00315162
0.00407633
0.00495165
0.00588659
0.00690649
0.00797489
0.00904525
0.0101045
0.0112468
0.0124545
0.0136685
0.0149283
0.0162591
0.0176263
0.0190336
0.020511
0.0220348
0.0236318
0.0252925
0.0270336
0.0287824
0.0305904
0.0324729
0.0344216
0.0364344
0.0384936
0.0406679
0.0428617
0.0451884
0.0475323
0.050007
0.0525537
0.0551761
0.0579661
0.0606848
0.0636488
0.0665702
0.0692563
0.0723213
-0.00153657
-0.000990055
-0.00127887
-0.00175636
-0.00249517
-0.0029831
-0.00228346
-0.000923281
0.000203287
0.00113346
0.00214285
0.00317387
0.00409428
0.00497082
0.00590627
0.00692183
0.00798566
0.0090543
0.0101132
0.0112546
0.0124606
0.0136736
0.0149336
0.0162641
0.0176306
0.0190379
0.0205154
0.022039
0.0236355
0.025295
0.0270348
0.0287836
0.0305921
0.0324742
0.0344224
0.0364354
0.0384947
0.0406689
0.0428626
0.0451895
0.0475337
0.0500085
0.0525552
0.0551773
0.0579672
0.060686
0.0636507
0.0665725
0.069262
0.0723279
-0.00129773
-0.000760743
-0.0010931
-0.00159978
-0.00230807
-0.0028301
-0.00223316
-0.000917785
0.000216042
0.0011573
0.0021697
0.00319703
0.00411354
0.00499099
0.00592661
0.00693775
0.00799691
0.00906364
0.0101222
0.0112627
0.012467
0.013679
0.014939
0.0162692
0.017635
0.0190424
0.0205199
0.0220434
0.0236393
0.0252976
0.0270362
0.0287849
0.030594
0.0324756
0.0344234
0.0364364
0.0384959
0.0406699
0.0428636
0.0451906
0.047535
0.05001
0.0525568
0.0551786
0.0579685
0.0606872
0.0636527
0.0665749
0.0692679
0.0723348
-0.0010904
-0.000538071
-0.000905147
-0.00144571
-0.00212658
-0.00267369
-0.00217615
-0.000912054
0.000225546
0.00117881
0.00219662
0.00322217
0.00413481
0.00501195
0.00594699
0.00695374
0.00800844
0.00907329
0.0101314
0.0112711
0.0124735
0.0136844
0.0149445
0.0162745
0.0176397
0.019047
0.0205246
0.0220479
0.0236432
0.0253003
0.0270376
0.0287863
0.0305958
0.032477
0.0344243
0.0364375
0.0384972
0.040671
0.0428646
0.0451918
0.0475365
0.0500116
0.0525584
0.0551799
0.0579698
0.0606885
0.0636547
0.0665773
0.069274
0.072342
-0.000900657
-0.000311855
-0.000708266
-0.00129572
-0.00195644
-0.00251655
-0.00210963
-0.000901412
0.000235922
0.00120027
0.00222392
0.00324861
0.0041575
0.00503388
0.00596806
0.00697052
0.00802076
0.00908356
0.010141
0.0112796
0.0124803
0.0136902
0.0149503
0.01628
0.0176445
0.0190517
0.0205294
0.0220525
0.0236473
0.0253031
0.0270392
0.0287877
0.0305978
0.0324784
0.0344253
0.0364386
0.0384985
0.0406721
0.0428656
0.0451931
0.047538
0.0500132
0.0525601
0.0551813
0.0579712
0.0606898
0.0636569
0.0665799
0.0692801
0.0723494
-0.000719956
-8.60576e-05
-0.000509177
-0.00114793
-0.00179164
-0.0023538
-0.00203125
-0.000884839
0.000246505
0.00121966
0.0022496
0.0032755
0.00418212
0.00505762
0.00599023
0.00698787
0.00803343
0.0090941
0.0101509
0.0112886
0.0124874
0.0136962
0.0149563
0.0162857
0.0176495
0.0190566
0.0205344
0.0220574
0.0236514
0.0253059
0.0270408
0.0287892
0.0305998
0.03248
0.0344264
0.0364398
0.0384998
0.0406733
0.0428667
0.0451944
0.0475395
0.0500149
0.0525619
0.0551828
0.0579727
0.0606912
0.0636592
0.0665827
0.0692863
0.072357
-0.000556368
0.000129438
-0.000304221
-0.000993342
-0.00162979
-0.002191
-0.00194608
-0.000864586
0.000256382
0.00123752
0.0022751
0.00330421
0.00420898
0.00508265
0.00601274
0.00700549
0.00804665
0.00910527
0.0101613
0.0112978
0.0124948
0.0137023
0.0149625
0.0162917
0.0176548
0.0190617
0.0205396
0.0220623
0.0236557
0.0253089
0.0270425
0.0287907
0.0306018
0.0324815
0.0344276
0.036441
0.0385012
0.0406745
0.0428679
0.0451957
0.0475411
0.0500167
0.0525637
0.0551842
0.0579742
0.0606926
0.0636616
0.0665855
0.0692927
0.072365
-0.000416432
0.000339536
-8.89506e-05
-0.000834294
-0.00147634
-0.0020315
-0.00185394
-0.000838246
0.000268841
0.00125597
0.00230007
0.00333265
0.00423647
0.00510872
0.00603638
0.00702418
0.00806065
0.00911685
0.0101719
0.0113072
0.0125024
0.0137088
0.014969
0.0162978
0.0176601
0.0190669
0.0205449
0.0220674
0.0236601
0.025312
0.0270444
0.0287924
0.030604
0.0324832
0.0344288
0.0364423
0.0385027
0.0406758
0.0428691
0.0451971
0.0475428
0.0500185
0.0525656
0.0551858
0.0579759
0.0606942
0.0636641
0.0665885
0.0692991
0.0723732
-0.000282332
0.000548539
0.000129279
-0.000674177
-0.0013289
-0.00187349
-0.00175388
-0.000804681
0.000283656
0.00127306
0.00232278
0.00336081
0.00426593
0.00513704
0.00606145
0.00704349
0.00807489
0.00912866
0.0101829
0.0113171
0.0125104
0.0137155
0.0149755
0.0163041
0.0176658
0.0190724
0.0205504
0.0220726
0.0236646
0.0253153
0.0270464
0.0287941
0.0306062
0.0324849
0.0344301
0.0364436
0.0385042
0.0406772
0.0428704
0.0451986
0.0475445
0.0500204
0.0525676
0.0551874
0.0579776
0.0606957
0.0636667
0.0665916
0.0693057
0.0723817
-0.00014438
0.000750902
0.000346188
-0.000509671
-0.00118382
-0.00171708
-0.0016482
-0.00076598
0.000299639
0.00128981
0.00234538
0.00338995
0.00429683
0.00516643
0.00608716
0.00706345
0.00808991
0.00914123
0.0101943
0.0113272
0.0125185
0.0137224
0.0149825
0.0163108
0.0176717
0.019078
0.0205561
0.022078
0.0236693
0.0253186
0.0270485
0.028796
0.0306085
0.0324867
0.0344314
0.036445
0.0385058
0.0406786
0.0428718
0.0452002
0.0475463
0.0500223
0.0525696
0.0551891
0.0579794
0.0606974
0.0636695
0.0665949
0.0693124
0.0723904
-1.33898e-05
0.000943338
0.00056225
-0.000339349
-0.00104089
-0.00156444
-0.001539
-0.000721745
0.000319426
0.00130854
0.00236775
0.00341812
0.00432781
0.00519695
0.00611436
0.00708481
0.00810585
0.00915416
0.0102059
0.0113375
0.0125271
0.0137298
0.0149896
0.0163176
0.0176777
0.0190838
0.020562
0.0220837
0.0236742
0.0253221
0.0270507
0.0287979
0.0306108
0.0324886
0.0344329
0.0364465
0.0385074
0.0406801
0.0428732
0.0452018
0.0475482
0.0500243
0.0525718
0.0551909
0.0579813
0.0606991
0.0636723
0.0665983
0.0693191
0.0723994
0.000117152
0.00112939
0.00077667
-0.00016438
-0.000900248
-0.00141612
-0.00142596
-0.00067063
0.000343249
0.00132768
0.00238841
0.00344538
0.00435995
0.00522934
0.00614313
0.0071072
0.00812231
0.00916746
0.0102179
0.0113483
0.0125361
0.0137373
0.0149969
0.0163246
0.0176841
0.0190899
0.020568
0.0220894
0.0236791
0.0253258
0.027053
0.0287999
0.0306133
0.0324905
0.0344344
0.036448
0.0385091
0.0406817
0.0428747
0.0452035
0.0475501
0.0500265
0.052574
0.0551927
0.0579833
0.0607009
0.0636753
0.0666019
0.069326
0.0724087
0.000252099
0.00130866
0.000987273
1.42063e-05
-0.000760734
-0.00127106
-0.00130926
-0.000614279
0.000369361
0.0013477
0.00240939
0.00347292
0.00439287
0.0052626
0.00617279
0.00713058
0.00813976
0.00918163
0.0102305
0.0113592
0.0125451
0.013745
0.0150046
0.016332
0.0176907
0.0190962
0.0205743
0.0220953
0.0236843
0.0253296
0.0270555
0.028802
0.0306158
0.0324925
0.034436
0.0364496
0.0385109
0.0406833
0.0428763
0.0452053
0.0475522
0.0500286
0.0525763
0.0551946
0.0579855
0.0607028
0.0636784
0.0666056
0.069333
0.0724183
0.000377328
0.00147911
0.00119213
0.00019548
-0.000620994
-0.00112927
-0.00119088
-0.000553599
0.000399343
0.0013707
0.00243104
0.00349952
0.00442557
0.00529659
0.00620364
0.00715547
0.00815855
0.00919633
0.010243
0.0113703
0.0125546
0.0137534
0.0150125
0.0163395
0.0176975
0.0191026
0.0205807
0.0221015
0.0236896
0.0253335
0.0270581
0.0288042
0.0306184
0.0324947
0.0344377
0.0364514
0.0385128
0.0406851
0.042878
0.0452071
0.0475543
0.0500309
0.0525788
0.0551966
0.0579877
0.0607048
0.0636816
0.0666096
0.06934
0.0724281
0.000493659
0.00164401
0.00139042
0.000379211
-0.000480086
-0.000991714
-0.00107174
-0.000487589
0.000433605
0.00139565
0.00245238
0.00352522
0.00445851
0.00533176
0.00623596
0.00718173
0.00817817
0.00921148
0.0102561
0.011382
0.0125645
0.0137618
0.0150206
0.0163473
0.0177047
0.0191094
0.0205874
0.0221078
0.0236951
0.0253376
0.0270609
0.0288066
0.0306211
0.0324969
0.0344395
0.0364531
0.0385148
0.0406869
0.0428798
0.0452091
0.0475565
0.0500332
0.0525813
0.0551986
0.05799
0.0607069
0.063685
0.0666137
0.0693472
0.0724382
0.000616505
0.00180565
0.00158148
0.00056439
-0.000338473
-0.000858392
-0.000951398
-0.000416445
0.000470885
0.00142237
0.00247478
0.00355084
0.00449163
0.00536771
0.00626902
0.00720876
0.00819895
0.00922798
0.0102699
0.0113936
0.0125743
0.0137705
0.0150291
0.0163555
0.0177121
0.0191163
0.0205942
0.0221142
0.0237007
0.0253418
0.0270638
0.0288091
0.030624
0.0324992
0.0344414
0.036455
0.0385168
0.0406888
0.0428816
0.0452111
0.0475588
0.0500357
0.0525839
0.0552008
0.0579925
0.060709
0.0636884
0.066618
0.0693545
0.0724486
0.000743135
0.00196102
0.00176373
0.000748874
-0.000195369
-0.000728079
-0.000830964
-0.000341453
0.000511332
0.00145153
0.00249864
0.00357629
0.00452449
0.00540409
0.00630275
0.00723724
0.00822155
0.0092454
0.0102838
0.0114054
0.0125847
0.0137797
0.0150378
0.0163638
0.0177198
0.0191236
0.0206013
0.0221209
0.0237066
0.0253463
0.0270669
0.0288116
0.0306269
0.0325016
0.0344435
0.036457
0.038519
0.0406908
0.0428835
0.0452133
0.0475611
0.0500382
0.0525866
0.055203
0.0579951
0.0607113
0.063692
0.0666225
0.0693618
0.0724591
0.000862189
0.00211029
0.0019367
0.00093168
-4.95379e-05
-0.000601138
-0.000712115
-0.000262487
0.000555531
0.00148312
0.00252411
0.00360176
0.00455678
0.0054409
0.00633772
0.00726692
0.00824511
0.00926356
0.0102984
0.0114178
0.0125953
0.013789
0.0150467
0.0163725
0.0177279
0.0191311
0.0206086
0.0221278
0.0237126
0.0253509
0.0270701
0.0288143
0.0306299
0.0325041
0.0344456
0.0364591
0.0385213
0.040693
0.0428856
0.0452155
0.0475636
0.0500408
0.0525894
0.0552053
0.0579977
0.0607137
0.0636957
0.0666272
0.0693693
0.07247
0.000978203
0.00225724
0.00210104
0.00111191
9.86433e-05
-0.000477794
-0.000595297
-0.000179375
0.0006035
0.00151679
0.0025511
0.00362728
0.00458867
0.00547844
0.00637357
0.00729704
0.00826965
0.00928338
0.0103139
0.0114302
0.012606
0.0137987
0.0150559
0.0163815
0.0177363
0.0191389
0.0206161
0.0221349
0.0237188
0.0253557
0.0270735
0.0288172
0.0306331
0.0325067
0.0344478
0.0364613
0.0385236
0.0406952
0.0428877
0.0452179
0.0475662
0.0500436
0.0525924
0.0552078
0.0580006
0.0607163
0.0636996
0.0666322
0.0693769
0.0724811
0.00109619
0.00240222
0.00225657
0.00128695
0.000248606
-0.00035686
-0.000481146
-9.29206e-05
0.00065507
0.00155198
0.00257961
0.00365377
0.0046205
0.00551614
0.00640984
0.00732797
0.00829573
0.00930449
0.01033
0.0114429
0.012617
0.0138087
0.0150654
0.0163907
0.017745
0.019147
0.0206239
0.0221422
0.0237253
0.0253607
0.0270771
0.0288202
0.0306364
0.0325095
0.0344502
0.0364635
0.0385261
0.0406975
0.04289
0.0452204
0.0475688
0.0500464
0.0525954
0.0552103
0.0580035
0.0607189
0.0637036
0.0666373
0.0693846
0.0724924
0.00121246
0.00254436
0.00240374
0.00145498
0.000400478
-0.000237002
-0.000370726
-4.28122e-06
0.000710421
0.00158915
0.00261013
0.00368161
0.00465177
0.00555339
0.00644698
0.0073599
0.0083227
0.00932675
0.0103471
0.0114562
0.0126283
0.0138189
0.0150752
0.0164002
0.017754
0.0191554
0.0206319
0.0221496
0.0237319
0.0253659
0.0270809
0.0288234
0.0306398
0.0325123
0.0344528
0.036466
0.0385286
0.0407
0.0428924
0.045223
0.0475716
0.0500494
0.0525986
0.055213
0.0580066
0.0607217
0.0637077
0.0666427
0.0693924
0.0725039
0.00132396
0.0026845
0.0025443
0.00161508
0.000553479
-0.00011738
-0.000265098
8.53511e-05
0.000770152
0.00162844
0.00264208
0.00371038
0.00468257
0.00559073
0.00648532
0.00739243
0.00835005
0.00935047
0.0103656
0.0114698
0.0126398
0.0138294
0.0150851
0.01641
0.0177635
0.019164
0.0206402
0.0221574
0.0237388
0.0253713
0.0270848
0.0288267
0.0306433
0.0325153
0.0344554
0.0364686
0.0385314
0.0407025
0.0428949
0.0452257
0.0475745
0.0500524
0.0526019
0.0552158
0.0580098
0.0607247
0.063712
0.0666483
0.0694003
0.0725156
0.00143088
0.00282263
0.00267934
0.00176559
0.000705574
2.83717e-06
-0.000164414
0.000174788
0.000834432
0.00166986
0.00267489
0.00374055
0.00471382
0.00562805
0.0065241
0.00742549
0.00837816
0.00937528
0.0103852
0.0114841
0.0126515
0.0138401
0.0150952
0.01642
0.0177733
0.0191731
0.0206487
0.0221653
0.0237459
0.025377
0.0270889
0.0288302
0.030647
0.0325184
0.0344582
0.0364713
0.0385342
0.0407053
0.0428975
0.0452285
0.0475775
0.0500556
0.0526053
0.0552187
0.0580131
0.0607278
0.0637163
0.0666541
0.0694084
0.0725276
0.00153226
0.00295749
0.00280985
0.001906
0.000854877
0.000124776
-6.82379e-05
0.000262619
0.00090323
0.00171356
0.00270827
0.00377255
0.00474568
0.00566444
0.00656316
0.00745967
0.00840681
0.00940085
0.010406
0.0114992
0.0126636
0.0138511
0.0151056
0.0164303
0.0177834
0.0191826
0.0206575
0.0221734
0.0237531
0.0253828
0.0270933
0.0288338
0.0306509
0.0325217
0.0344612
0.0364741
0.0385371
0.0407082
0.0429003
0.0452315
0.0475806
0.050059
0.0526089
0.0552217
0.0580166
0.060731
0.0637209
0.0666601
0.0694166
0.0725397
0.001628
0.00308824
0.00293762
0.00203722
0.000998927
0.000248936
2.4903e-05
0.000346897
0.000975326
0.00175988
0.00274233
0.00380631
0.00477799
0.00570014
0.00660265
0.00749469
0.00843583
0.00942742
0.0104282
0.011515
0.012676
0.0138626
0.0151162
0.0164407
0.0177939
0.0191922
0.0206666
0.0221819
0.0237607
0.0253888
0.0270979
0.0288377
0.0306549
0.0325251
0.0344642
0.0364772
0.0385402
0.0407111
0.0429032
0.0452347
0.0475838
0.0500624
0.0526126
0.0552249
0.0580202
0.0607345
0.0637256
0.0666664
0.0694249
0.072552
0.00172016
0.0032141
0.00306317
0.00216016
0.00113507
0.000375056
0.000116737
0.000425331
0.00104938
0.00181068
0.00277696
0.00384062
0.00481122
0.00573581
0.0066424
0.00753046
0.00846552
0.00945439
0.0104514
0.011532
0.0126888
0.0138742
0.0151272
0.0164514
0.0178047
0.0192023
0.0206759
0.0221906
0.0237686
0.0253951
0.0271026
0.0288418
0.0306591
0.0325288
0.0344675
0.0364803
0.0385435
0.0407144
0.0429062
0.0452379
0.0475872
0.0500661
0.0526164
0.0552282
0.058024
0.060738
0.0637304
0.0666729
0.0694334
0.0725645
0.00180968
0.00333436
0.00318564
0.0022759
0.00126182
0.000501352
0.000208294
0.000497426
0.00112464
0.00186621
0.00281149
0.00387535
0.00484614
0.00577139
0.00668212
0.00756692
0.00849531
0.00948149
0.0104756
0.0115504
0.0127023
0.0138859
0.0151384
0.0164624
0.0178158
0.0192128
0.0206856
0.0221994
0.0237767
0.0254017
0.0271075
0.028846
0.0306634
0.0325326
0.034471
0.0364837
0.0385469
0.0407177
0.0429094
0.0452414
0.0475907
0.0500699
0.0526204
0.0552316
0.0580279
0.0607418
0.0637354
0.0666797
0.069442
0.0725771
0.00189494
0.00344793
0.00330361
0.00238607
0.00137852
0.000625003
0.000301805
0.000564289
0.00119849
0.0019256
0.0028465
0.00391115
0.00488257
0.00580605
0.00672141
0.00760409
0.00852579
0.00950918
0.0105007
0.0115698
0.0127164
0.013898
0.0151497
0.0164738
0.0178274
0.0192234
0.0206954
0.0222086
0.023785
0.0254085
0.0271128
0.0288506
0.0306678
0.0325365
0.0344746
0.0364873
0.0385504
0.0407212
0.0429128
0.0452451
0.0475943
0.0500738
0.0526246
0.0552353
0.058032
0.0607457
0.0637406
0.0666866
0.0694508
0.0725899
0.00197541
0.00355503
0.00341612
0.00249223
0.00148489
0.00074276
0.000398861
0.000626508
0.00126754
0.00198976
0.0028835
0.00394614
0.00492025
0.00584072
0.00676038
0.00764209
0.00855722
0.00953712
0.0105257
0.0115901
0.0127318
0.0139104
0.0151613
0.0164853
0.0178392
0.0192347
0.0207056
0.022218
0.0237936
0.0254154
0.0271182
0.0288554
0.0306727
0.0325406
0.0344784
0.0364909
0.0385542
0.0407249
0.0429163
0.0452488
0.0475982
0.0500779
0.0526288
0.055239
0.0580363
0.0607499
0.063746
0.0666938
0.0694597
0.0726028
0.00205094
0.00365618
0.00352223
0.00259433
0.00158219
0.000852114
0.00049894
0.000685564
0.00133002
0.00205812
0.00292281
0.00397946
0.0049595
0.00587638
0.00679908
0.00768019
0.00858841
0.00956527
0.0105515
0.0116114
0.0127482
0.0139234
0.015173
0.0164972
0.0178511
0.019246
0.0207163
0.0222277
0.0238024
0.0254227
0.0271238
0.0288603
0.0306776
0.0325451
0.0344825
0.0364948
0.038558
0.0407288
0.0429201
0.0452528
0.047602
0.0500822
0.0526334
0.0552429
0.0580407
0.0607542
0.0637515
0.0667013
0.0694688
0.0726158
0.00211986
0.0037512
0.00362048
0.00269106
0.00167242
0.000950797
0.000599568
0.000744635
0.00138503
0.00212796
0.00296538
0.00401204
0.0050001
0.00591217
0.00683711
0.00771878
0.0086195
0.00959362
0.0105779
0.0116334
0.0127656
0.013937
0.0151849
0.0165096
0.0178637
0.0192573
0.0207268
0.0222378
0.0238118
0.0254303
0.0271298
0.0288654
0.0306826
0.0325496
0.0344868
0.0364992
0.0385621
0.0407328
0.0429239
0.045257
0.0476062
0.0500867
0.052638
0.0552471
0.0580454
0.0607587
0.0637571
0.0667089
0.069478
0.0726289
0.00217945
0.00383951
0.00371092
0.0027815
0.0017572
0.00103715
0.000697579
0.000806442
0.00143202
0.00219684
0.00301267
0.00404323
0.00504082
0.00594877
0.00687417
0.0077582
0.00865147
0.00962191
0.0106039
0.0116555
0.0127846
0.0139517
0.0151967
0.0165222
0.0178768
0.0192694
0.0207377
0.0222477
0.0238212
0.0254382
0.0271361
0.0288711
0.0306881
0.0325543
0.034491
0.0365035
0.0385664
0.0407373
0.0429281
0.0452612
0.0476105
0.0500913
0.0526428
0.0552513
0.0580503
0.0607635
0.063763
0.0667168
0.0694873
0.0726422
0.00222733
0.0039191
0.00379423
0.00286419
0.00183743
0.00111198
0.00078909
0.000872118
0.00147227
0.00226237
0.0030649
0.00407324
0.00508083
0.00598684
0.00691063
0.00779769
0.00868354
0.0096502
0.0106306
0.0116776
0.0128041
0.0139678
0.0152091
0.0165349
0.0178902
0.0192814
0.0207491
0.0222583
0.0238307
0.0254461
0.0271427
0.0288769
0.0306938
0.0325595
0.0344958
0.0365079
0.0385707
0.0407417
0.0429325
0.0452659
0.0476149
0.0500961
0.0526478
0.0552557
0.0580552
0.0607684
0.0637692
0.0667249
0.0694968
0.0726554
0.0022642
0.00398837
0.00387013
0.0029373
0.00191284
0.0011778
0.000870566
0.000940885
0.00150783
0.00232154
0.0031217
0.00410385
0.00511982
0.0060259
0.00694614
0.00783723
0.00871544
0.00967793
0.0106583
0.0117001
0.0128237
0.0139848
0.0152221
0.0165481
0.0179044
0.0192938
0.0207599
0.022269
0.023841
0.0254546
0.0271493
0.0288829
0.0306996
0.0325648
0.0345009
0.0365131
0.0385754
0.0407464
0.0429368
0.0452706
0.0476198
0.0501013
0.052653
0.0552603
0.0580605
0.0607734
0.0637753
0.0667332
0.0695065
0.0726688
0.00229238
0.00404675
0.00393931
0.00299954
0.00198083
0.00123617
0.000939655
0.00101117
0.00154149
0.0023724
0.00318192
0.00413644
0.00515688
0.00606582
0.00698075
0.00787634
0.00874799
0.00970492
0.0106859
0.011723
0.0128441
0.0140033
0.0152351
0.0165609
0.0179192
0.0193071
0.0207715
0.0222795
0.023851
0.0254635
0.0271567
0.0288892
0.0307056
0.0325703
0.0345059
0.0365181
0.0385804
0.0407516
0.0429418
0.0452754
0.0476244
0.0501065
0.0526585
0.0552651
0.0580659
0.0607789
0.0637818
0.0667417
0.0695163
0.0726823
0.00231329
0.00409248
0.00400128
0.00305248
0.00203971
0.00128817
0.000994682
0.00107956
0.00157596
0.00241427
0.00324322
0.00417189
0.0051921
0.00610646
0.00701469
0.00791459
0.00878077
0.00973112
0.0107134
0.0117464
0.0128647
0.0140237
0.0152499
0.0165731
0.0179334
0.0193204
0.0207834
0.0222909
0.0238616
0.0254721
0.0271641
0.0288961
0.0307121
0.0325762
0.0345114
0.0365234
0.0385852
0.0407568
0.0429469
0.0452808
0.0476297
0.0501118
0.052664
0.0552701
0.0580716
0.0607844
0.0637885
0.0667505
0.0695262
0.0726957
0.00232508
0.00412238
0.00405138
0.00309608
0.00208814
0.00133541
0.00103785
0.0011424
0.0016128
0.00244789
0.00330247
0.0042105
0.00522556
0.00614752
0.00704817
0.00795176
0.00881376
0.00975606
0.0107407
0.0117704
0.0128848
0.0140447
0.0152668
0.0165868
0.0179482
0.019334
0.0207943
0.0223012
0.0238726
0.0254819
0.027172
0.0289031
0.0307189
0.0325824
0.0345173
0.0365292
0.0385905
0.0407622
0.0429519
0.045286
0.0476351
0.0501177
0.05267
0.0552752
0.0580774
0.0607902
0.0637952
0.0667594
0.0695364
0.0727092
0.00232849
0.00413705
0.00408753
0.00312894
0.00212163
0.00137565
0.00107008
0.00119573
0.00165302
0.0024759
0.00335815
0.00425286
0.00525696
0.00618768
0.00708166
0.00798761
0.00884732
0.00978031
0.0107667
0.0117947
0.0129051
0.014066
0.0152844
0.0166005
0.0179636
0.0193495
0.0208067
0.0223115
0.0238825
0.025491
0.0271804
0.0289107
0.0307259
0.0325889
0.0345235
0.0365352
0.038596
0.0407682
0.0429577
0.0452917
0.0476405
0.0501235
0.0526761
0.0552808
0.0580835
0.0607963
0.0638023
0.0667685
0.0695466
0.0727228
0.0023247
0.00413802
0.00410806
0.00315262
0.00214176
0.0014069
0.00109243
0.00123585
0.00169413
0.00249989
0.00340832
0.00429919
0.00528761
0.00622614
0.00711427
0.00802138
0.00888165
0.00980477
0.0107919
0.0118194
0.0129255
0.0140879
0.015304
0.0166143
0.017977
0.0193644
0.02082
0.0223231
0.0238943
0.025501
0.0271884
0.0289182
0.0307331
0.0325955
0.0345299
0.0365415
0.0386018
0.0407744
0.0429635
0.0452977
0.0476465
0.0501296
0.0526823
0.0552862
0.0580899
0.0608026
0.0638095
0.0667779
0.0695569
0.0727363
0.00230944
0.00412405
0.00410773
0.00316295
0.00214848
0.00142728
0.00110866
0.00126435
0.0017343
0.00252213
0.00345117
0.00434752
0.00531852
0.00626257
0.00714543
0.00805109
0.00891518
0.00982956
0.0108167
0.0118459
0.0129472
0.0141096
0.0153246
0.0166301
0.0179912
0.0193789
0.0208322
0.0223328
0.0239051
0.0255123
0.0271984
0.0289267
0.0307407
0.0326026
0.0345365
0.0365478
0.0386077
0.0407809
0.0429697
0.0453037
0.0476527
0.0501361
0.052689
0.0552921
0.0580962
0.0608091
0.0638169
0.0667874
0.0695675
0.0727499
0.00227922
0.00409534
0.00408587
0.0031563
0.0021391
0.00143164
0.00111683
0.00128046
0.00177138
0.00254609
0.00348811
0.00439691
0.00535076
0.00629722
0.0071763
0.00807723
0.00894602
0.0098529
0.0108386
0.011872
0.0129708
0.014133
0.0153468
0.0166468
0.0180054
0.0193945
0.0208465
0.0223435
0.023915
0.0255218
0.0272074
0.0289356
0.0307491
0.0326103
0.034544
0.0365547
0.0386137
0.0407875
0.042976
0.0453102
0.0476591
0.0501427
0.0526958
0.0552983
0.0581032
0.0608159
0.0638245
0.066797
0.0695779
0.0727633
0.00223359
0.0040511
0.00404203
0.00312962
0.00211562
0.00142102
0.00111718
0.00128517
0.00180104
0.00257116
0.00351907
0.0044449
0.00538396
0.00632873
0.0072069
0.00810163
0.00897631
0.00987764
0.0108588
0.0118962
0.0129937
0.0141555
0.01537
0.0166657
0.0180196
0.0194087
0.0208608
0.0223553
0.0239264
0.0255333
0.0272173
0.028944
0.0307569
0.032618
0.0345515
0.036562
0.0386205
0.0407948
0.0429828
0.0453167
0.0476658
0.0501496
0.052703
0.0553045
0.0581102
0.060823
0.0638324
0.066807
0.0695889
0.0727766
0.00216622
0.00398874
0.00397574
0.00307651
0.00207128
0.00139095
0.00110804
0.0012837
0.00182549
0.00259928
0.00354691
0.00449016
0.00541778
0.00635611
0.00723451
0.00812166
0.00900289
0.00990408
0.0108797
0.0119211
0.0130195
0.0141784
0.0153913
0.0166843
0.0180348
0.0194233
0.0208751
0.0223668
0.0239365
0.0255441
0.0272288
0.0289545
0.0307656
0.0326258
0.0345592
0.036569
0.0386268
0.040802
0.0429898
0.0453238
0.0476729
0.0501567
0.0527103
0.0553111
0.0581175
0.0608302
0.0638404
0.0668171
0.0695998
0.0727911
0.00207125
0.00390046
0.00388762
0.0030012
0.00200896
0.00133905
0.00108095
0.00127137
0.00184009
0.00262868
0.00357371
0.0045317
0.00545333
0.00638146
0.00726038
0.00814018
0.0090256
0.00993008
0.0109004
0.0119446
0.0130466
0.0142038
0.0154143
0.0167037
0.0180494
0.0194363
0.0208895
0.0223797
0.0239479
0.0255552
0.0272396
0.0289648
0.0307753
0.0326351
0.034568
0.0365769
0.0386339
0.0408095
0.0429966
0.0453304
0.0476798
0.0501635
0.0527174
0.0553174
0.0581244
0.0608373
0.0638479
0.0668266
0.06961
0.0728026
0.00194749
0.00377519
0.00376377
0.00289558
0.00193113
0.00128012
0.0010487
0.00125787
0.00184904
0.00265622
0.0035971
0.00456371
0.0054837
0.00639943
0.00727921
0.00815537
0.00904437
0.0099563
0.0109229
0.0119672
0.0130734
0.014229
0.0154363
0.0167243
0.0180664
0.0194496
0.0209025
0.0223922
0.0239589
0.0255665
0.0272523
0.0289765
0.0307848
0.0326443
0.0345777
0.0365861
0.0386427
0.0408194
0.0430061
0.0453398
0.0476891
0.0501727
0.0527268
0.0553259
0.0581333
0.0608461
0.0638575
0.066838
0.0696224
0.0728188
0.00178402
0.00360618
0.00358484
0.00272965
0.00180599
0.00119297
0.00100528
0.00125216
0.00187048
0.00269704
0.0036313
0.00459646
0.00551285
0.00641333
0.00729128
0.00816579
0.00905721
0.00997917
0.0109458
0.0119892
0.0131005
0.0142552
0.0154566
0.016741
0.0180804
0.019461
0.0209144
0.0224041
0.0239686
0.025575
0.0272615
0.0289859
0.0307928
0.0326515
0.0345844
0.0365918
0.0386477
0.040825
0.0430111
0.045345
0.0476948
0.0501783
0.0527327
0.0553311
0.0581393
0.0608523
0.063864
0.0668466
0.0696314
0.0728285
0.00160048
0.00340417
0.00336897
0.00251899
0.00163188
0.00106468
0.000931298
0.00123208
0.00188648
0.00273726
0.00367098
0.00463101
0.00554431
0.00643156
0.00730744
0.00818432
0.00907783
0.0100096
0.0109789
0.0120197
0.0131344
0.0142892
0.0154854
0.0167668
0.0181033
0.0194787
0.0209311
0.0224222
0.0239856
0.0255908
0.0272785
0.0290018
0.0308065
0.0326651
0.0345982
0.036605
0.0386605
0.0408383
0.0430237
0.0453572
0.0477067
0.0501896
0.0527442
0.0553415
0.0581499
0.0608628
0.063875
0.0668592
0.069645
0.0728458
0.00139331
0.00315912
0.0031117
0.00228251
0.00143864
0.000927452
0.000854634
0.00120852
0.00189011
0.00275059
0.00367727
0.00462493
0.00553275
0.00641217
0.0072889
0.00817395
0.00907456
0.0100203
0.0109982
0.0120367
0.0131526
0.0143084
0.0154982
0.0167755
0.0181123
0.0194859
0.0209372
0.0224296
0.0239919
0.0255953
0.0272846
0.0290092
0.0308123
0.0326701
0.0346027
0.036609
0.0386644
0.0408428
0.0430279
0.0453622
0.0477121
0.0501949
0.0527498
0.0553465
0.0581556
0.0608687
0.0638811
0.0668673
0.0696536
0.0728551
0.00101117
0.00278031
0.00277872
0.00201231
0.00125571
0.000842317
0.000856205
0.0012759
0.00198342
0.00283749
0.00374093
0.00465953
0.00555162
0.00642585
0.00730427
0.00819811
0.00910473
0.0100585
0.0110436
0.0120778
0.0131905
0.0143474
0.0155326
0.0168036
0.0181382
0.0195081
0.0209574
0.0224515
0.0240137
0.0256145
0.0273034
0.0290274
0.0308287
0.0326862
0.0346182
0.0366239
0.0386788
0.0408572
0.0430412
0.0453748
0.0477245
0.0502066
0.0527619
0.0553573
0.0581665
0.0608795
0.0638923
0.0668797
0.0696668
0.0728713
0.000311744
0.00198105
0.00204148
0.00143321
0.000865428
0.000625059
0.000766772
0.00126156
0.00199387
0.002838
0.0037229
0.00462191
0.00550698
0.0063881
0.00727582
0.0081847
0.00910557
0.0100705
0.0110657
0.0120984
0.0132053
0.0143641
0.0155462
0.0168114
0.0181474
0.0195176
0.0209638
0.0224584
0.0240215
0.0256211
0.027311
0.0290365
0.0308367
0.0326931
0.0346245
0.0366304
0.0386856
0.0408645
0.0430485
0.0453832
0.0477328
0.0502144
0.0527697
0.0553645
0.058174
0.0608869
0.0638999
0.0668892
0.0696769
0.0728833
0.000496023
0.00170712
0.00158147
0.001056
0.000674299
0.000601401
0.000855143
0.00137953
0.00208421
0.00288207
0.00372703
0.00459967
0.00547796
0.00637149
0.00727257
0.00819536
0.00912952
0.0100995
0.0111007
0.0121336
0.0132322
0.0143913
0.0155734
0.0168306
0.0181644
0.0195353
0.0209803
0.0224752
0.0240393
0.0256371
0.027325
0.02905
0.0308504
0.0327067
0.0346364
0.0366423
0.0386974
0.0408753
0.0430582
0.0453926
0.0477424
0.0502235
0.0527792
0.0553731
0.0581825
0.0608957
0.0639085
0.0668991
0.0696867
0.0728932
-0.00186175
-9.57744e-05
0.000430016
0.000491874
0.000534343
0.000709558
0.00104122
0.00152551
0.0021511
0.00288357
0.00369502
0.00456032
0.00544588
0.00635717
0.00727453
0.00821183
0.00916222
0.0101377
0.011141
0.0121741
0.0132622
0.0144191
0.0156029
0.016853
0.0181859
0.0195582
0.020999
0.0224917
0.0240573
0.0256548
0.0273424
0.0290673
0.0308674
0.0327224
0.0346506
0.0366571
0.0387129
0.0408908
0.0430733
0.0454087
0.0477577
0.0502375
0.0527928
0.0553854
0.058195
0.0609069
0.0639202
0.0669119
0.0697008
0.0729122
-0.00364069
-0.00281293
-0.0015839
-0.000506167
0.000273926
0.000791179
0.00120583
0.00165482
0.00219337
0.00284336
0.00360582
0.00445998
0.00535914
0.00629584
0.00723842
0.00819362
0.00916049
0.0101424
0.0111483
0.0121859
0.0132672
0.0144222
0.0156112
0.0168558
0.0181862
0.0195632
0.0210047
0.0224969
0.0240638
0.0256617
0.0273469
0.0290711
0.0308729
0.0327282
0.034654
0.036661
0.0387173
0.0408942
0.0430762
0.0454117
0.0477611
0.0502408
0.0527969
0.0553892
0.0581987
0.0609118
0.0639247
0.0669179
0.069707
0.0729165
-0.00475345
-0.00258516
-0.00122125
-0.00031687
0.000339728
0.000848891
0.00130783
0.00177694
0.00229786
0.00291305
0.00363464
0.00446323
0.00535717
0.00630327
0.00726327
0.00823165
0.00921144
0.0101988
0.0112023
0.0122399
0.0133114
0.0144591
0.0156515
0.0168911
0.0182181
0.0195969
0.0210356
0.0225236
0.0240906
0.0256893
0.0273734
0.0290956
0.0308977
0.0327522
0.0346757
0.0366841
0.0387411
0.0409177
0.0430989
0.0454349
0.0477829
0.0502609
0.0528161
0.0554068
0.058216
0.0609268
0.0639401
0.0669338
0.069724
0.0729399
-0.00567558
-0.0045263
-0.00290724
-0.00137747
-0.000168531
0.000680814
0.00128835
0.0017956
0.00230338
0.00289551
0.00358963
0.00439694
0.00528732
0.00624109
0.00721867
0.00820065
0.00919324
0.010191
0.0111977
0.0122421
0.0133119
0.0144547
0.0156524
0.0168905
0.0182136
0.0195962
0.0210366
0.0225241
0.0240908
0.025691
0.0273744
0.0290947
0.0308987
0.0327546
0.0346756
0.036684
0.0387421
0.0409177
0.0430987
0.0454351
0.0477836
0.0502616
0.0528174
0.0554081
0.0582172
0.0609293
0.0639422
0.0669374
0.0697277
0.0729408
-0.00707904
-0.00429233
-0.00238553
-0.00103955
-5.60563e-05
0.00069108
0.00129868
0.00183004
0.00235114
0.00294591
0.00363728
0.00443409
0.00531704
0.00626646
0.00724466
0.00822978
0.00922444
0.0102268
0.0112334
0.0122787
0.0133495
0.0144877
0.0156873
0.0169273
0.0182484
0.019631
0.0210706
0.0225551
0.0241213
0.0257212
0.0274052
0.0291238
0.0309259
0.0327821
0.0347023
0.0367113
0.0387698
0.040946
0.0431258
0.0454621
0.0478092
0.0502851
0.0528396
0.0554286
0.0582367
0.0609461
0.0639587
0.0669542
0.0697467
0.0729669
)
;

boundaryField
{
    zeroGradientPlanes
    {
        type            zeroGradient;
    }
    inlet
    {
        type            zeroGradient;
    }
    plate
    {
        type            zeroGradient;
    }
    frontAndBack
    {
        type            empty;
    }
}


// ************************************************************************* //
