/*--------------------------------*- C++ -*----------------------------------*\
| =========                 |                                                 |
| \\      /  F ield         | OpenFOAM: The Open Source CFD Toolbox           |
|  \\    /   O peration     | Version:  v2012                                 |
|   \\  /    A nd           | Website:  www.openfoam.com                      |
|    \\/     M anipulation  |                                                 |
\*---------------------------------------------------------------------------*/
FoamFile
{
    version     2.0;
    format      ascii;
    class       volScalarField;
    location    "0.8";
    object      p;
}
// * * * * * * * * * * * * * * * * * * * * * * * * * * * * * * * * * * * * * //

dimensions      [0 2 -2 0 0 0 0];


internalField   nonuniform List<scalar> 
7000
(
2.55683e-10
0.00530738
-0.00391546
0.000696605
0.00631288
-0.000198074
0.000903541
0.00571262
0.0017557
0.00084049
-0.00115387
0.000289611
-0.002438
-0.00110347
-0.00199598
-0.00127407
-0.00159348
-0.00099123
-0.000627832
0.000613681
6.2152e-06
0.00527543
-0.00389372
0.000708322
0.00627543
-0.000172915
0.000908924
0.00563371
0.00176482
0.000821065
-0.00113231
0.000278219
-0.00242583
-0.00110835
-0.00199345
-0.00127552
-0.00158937
-0.00099539
-0.000623691
0.000546852
1.16066e-05
0.00523562
-0.00386897
0.000720403
0.00623927
-0.000146339
0.000905659
0.00556973
0.00178124
0.000796264
-0.00110203
0.000258842
-0.00240055
-0.00112467
-0.00197685
-0.00128856
-0.00157204
-0.00101255
-0.000616919
0.000441176
1.49261e-05
0.00519233
-0.00384412
0.000734503
0.0062019
-0.000120987
0.000902019
0.00549995
0.00179056
0.000771399
-0.00107061
0.000233493
-0.00236902
-0.00114811
-0.00195258
-0.00130986
-0.00155072
-0.00103789
-0.000616858
0.000320127
1.69765e-05
0.00514635
-0.00381523
0.000750914
0.00615811
-9.2005e-05
0.00090021
0.00542082
0.00179214
0.000748549
-0.00103676
0.000201577
-0.00233314
-0.00117766
-0.00192652
-0.00133626
-0.00152986
-0.00106648
-0.000624989
0.000204257
1.82877e-05
0.005099
-0.00377917
0.000765384
0.0061064
-5.70974e-05
0.000900636
0.00533385
0.00179001
0.000728207
-0.000999507
0.000163076
-0.0022934
-0.00121324
-0.00189909
-0.00136587
-0.00150876
-0.00109612
-0.000640555
0.0001011
1.92511e-05
0.00505359
-0.00373399
0.000774405
0.00604715
-1.59203e-05
0.000903637
0.00524208
0.00178679
0.000709334
-0.000959368
0.000119785
-0.00225013
-0.00125323
-0.00186904
-0.00139762
-0.0014871
-0.00112702
-0.000663435
8.00909e-06
2.02129e-05
0.00501047
-0.00367892
0.000777312
0.0059818
3.05496e-05
0.000909141
0.0051479
0.00178374
0.00069013
-0.000916836
7.33348e-05
-0.00220367
-0.00129578
-0.00183634
-0.00143109
-0.00146651
-0.00115942
-0.000693971
-7.93994e-05
2.1393e-05
0.00496951
-0.00361424
0.000775179
0.005912
8.05026e-05
0.000916929
0.00505267
0.00178165
0.000668811
-0.000872154
2.49129e-05
-0.00215439
-0.00133994
-0.00180173
-0.00146593
-0.00144884
-0.00119231
-0.000732302
-0.000163363
2.28907e-05
0.00493009
-0.00354099
0.000769618
0.005839
0.000132029
0.000926579
0.004957
0.00178089
0.000644089
-0.000825389
-2.50206e-05
-0.00210271
-0.00138534
-0.00176579
-0.0015013
-0.00143515
-0.00122431
-0.000778053
-0.000244657
2.47352e-05
0.00489136
-0.00346061
0.000762112
0.00576348
0.000183713
0.000937921
0.00486092
0.0017814
0.000615282
-0.000776498
-7.63696e-05
-0.00204908
-0.00143162
-0.00172891
-0.00153596
-0.00142624
-0.00125455
-0.000830382
-0.000323924
2.69328e-05
0.00485254
-0.0033745
0.000753732
0.00568574
0.000234842
0.000949393
0.00476408
0.00178294
0.000582205
-0.000725421
-0.000129096
-0.00199396
-0.00147829
-0.00169181
-0.00156857
-0.00142308
-0.00128283
-0.000888212
-0.000402048
2.94936e-05
0.00481301
-0.00328381
0.000745114
0.00560592
0.000285255
0.000961075
0.00466604
0.00178525
0.000544967
-0.000672137
-0.000183107
-0.00193785
-0.00152471
-0.00165573
-0.00159792
-0.00142672
-0.00130948
-0.000950359
-0.000479889
3.24358e-05
0.00477235
-0.00318938
0.000736609
0.00552417
0.000335047
0.000973093
0.00456636
0.00178821
0.000503803
-0.000616682
-0.000238165
-0.00188147
-0.00157011
-0.00162214
-0.00162303
-0.00143798
-0.00133519
-0.00101555
-0.000558063
3.57833e-05
0.00473026
-0.00309174
0.000728402
0.00544066
0.000384381
0.000985342
0.00446475
0.00179183
0.000458974
-0.000559184
-0.000293808
-0.00182579
-0.00161351
-0.00159248
-0.00164326
-0.0014573
-0.00136091
-0.00108252
-0.00063692
3.95644e-05
0.00468652
-0.0029912
0.000720596
0.00535558
0.000433391
0.00099777
0.00436099
0.00179621
0.000410776
-0.000499949
-0.000349372
-0.00177196
-0.0016538
-0.00156804
-0.00165832
-0.00148459
-0.00138791
-0.0011502
-0.000716538
4.38105e-05
0.00464097
-0.00288799
0.000713259
0.00526911
0.000482146
0.00101037
0.00425497
0.0018015
0.000359525
-0.000439503
-0.000403904
-0.00172124
-0.00168982
-0.00154987
-0.00166836
-0.00151933
-0.00141764
-0.00121768
-0.000796665
4.85564e-05
0.00459349
-0.00278226
0.000706419
0.00518144
0.00053065
0.00102315
0.0041466
0.00180785
0.000305618
-0.000378622
-0.000456213
-0.00167495
-0.00172061
-0.00153865
-0.00167396
-0.00156059
-0.00145165
-0.00128438
-0.000876726
5.38403e-05
0.00454399
-0.00267415
0.000700032
0.00509273
0.000578861
0.00103615
0.00403584
0.00181535
0.000249564
-0.000318271
-0.000504967
-0.00163446
-0.00174542
-0.00153476
-0.00167616
-0.00160702
-0.00149127
-0.00135019
-0.000956031
5.97042e-05
0.00449244
-0.00256381
0.000693982
0.0050031
0.000626703
0.00104937
0.00392269
0.00182405
0.000191958
-0.000259574
-0.000548695
-0.001601
-0.00176384
-0.0015383
-0.00167651
-0.00165702
-0.0015373
-0.00141527
-0.00103388
6.61932e-05
0.00443881
-0.0024513
0.000688108
0.0049127
0.000674037
0.00106281
0.0038072
0.00183389
0.000133555
-0.000203889
-0.000585962
-0.00157553
-0.00177587
-0.00154881
-0.00167692
-0.00170924
-0.00159007
-0.00147995
-0.00110953
7.33552e-05
0.00438311
-0.0023367
0.000682238
0.00482163
0.000720685
0.00107645
0.00368954
0.0018446
7.52933e-05
-0.000152713
-0.000615485
-0.00155879
-0.00178217
-0.00156523
-0.00167935
-0.00176269
-0.00164949
-0.00154458
-0.0011823
8.12395e-05
0.00432534
-0.00222
0.000676205
0.00473001
0.000766494
0.00109021
0.00356993
0.00185579
1.83256e-05
-0.000107534
-0.00063629
-0.00155121
-0.00178385
-0.00158616
-0.00168555
-0.00181653
-0.0017151
-0.00160984
-0.00125168
8.98973e-05
0.00426548
-0.00210121
0.00066988
0.00463791
0.000811348
0.00110397
0.00344872
0.00186688
-3.6132e-05
-6.96911e-05
-0.000647687
-0.0015528
-0.00178246
-0.00161004
-0.00169698
-0.00187012
-0.00178603
-0.00167655
-0.00131766
9.93833e-05
0.00420352
-0.00198034
0.000663172
0.00454542
0.000855182
0.00111752
0.00332643
0.00187713
-8.69028e-05
-4.04808e-05
-0.000645789
-0.00156286
-0.00178007
-0.00163548
-0.0017148
-0.00192346
-0.00186075
-0.00174494
-0.00138073
0.000109754
0.00413942
-0.00185741
0.000656024
0.00445259
0.000897988
0.00113055
0.0032037
0.00188568
-0.000132843
-2.11044e-05
-0.000637024
-0.0015801
-0.00177906
-0.00166142
-0.00173973
-0.00197734
-0.00193737
-0.00181424
-0.00144159
0.000121067
0.00407314
-0.00173247
0.000648414
0.00435946
0.000939866
0.00114267
0.00308128
0.00189159
-0.000173062
-1.22196e-05
-0.000619686
-0.00160287
-0.00178164
-0.00168744
-0.0017721
-0.00203307
-0.00201423
-0.00188307
-0.00150073
0.000133387
0.00400463
-0.00160562
0.000640352
0.00426603
0.00098104
0.00115335
0.00295993
0.00189402
-0.000206924
-1.40571e-05
-0.000594951
-0.00162914
-0.00178927
-0.00171359
-0.00181228
-0.00209259
-0.00209048
-0.00194974
-0.00155798
0.000146776
0.00393383
-0.00147696
0.000631892
0.00417223
0.00102178
0.00116206
0.00284038
0.00189234
-0.000233994
-2.67623e-05
-0.000564091
-0.00165652
-0.00180308
-0.00174019
-0.00186028
-0.00215835
-0.00216699
-0.00201297
-0.00161222
0.000161302
0.00386071
-0.00134665
0.000623152
0.00407792
0.00106248
0.00116821
0.00272317
0.00188601
-0.000253886
-5.00899e-05
-0.000528978
-0.00168241
-0.00182414
-0.00176788
-0.00191519
-0.00223214
-0.00224603
-0.00207335
-0.00166154
0.000177031
0.00378521
-0.00121486
0.000614287
0.00398287
0.00110365
0.00117125
0.00260869
0.00187456
-0.000266555
-8.29144e-05
-0.000492442
-0.00170433
-0.00185281
-0.00179751
-0.00197581
-0.002315
-0.00233043
-0.00213345
-0.00170381
0.000194032
0.00370732
-0.0010818
0.000605516
0.00388676
0.00114584
0.00117085
0.0024972
0.00185794
-0.000272964
-0.000122898
-0.000457229
-0.00172075
-0.00188883
-0.00182935
-0.0020408
-0.00240835
-0.00242298
-0.00219635
-0.00173644
0.000212374
0.00362701
-0.000947749
0.000597154
0.00378919
0.00118948
0.00116678
0.00238874
0.0018364
-0.000273104
-0.00016756
-0.000424833
-0.00173107
-0.00193198
-0.00186363
-0.00210865
-0.00251221
-0.00252754
-0.00226573
-0.00175703
0.000232123
0.00354432
-0.000813019
0.000589601
0.00368971
0.00123493
0.00115898
0.00228322
0.00181022
-0.000271124
-0.000215578
-0.000396199
-0.00173602
-0.00198252
-0.00190232
-0.00217897
-0.00262532
-0.00264573
-0.00233786
-0.00176363
0.00025333
0.00345925
-0.000677971
0.000583363
0.00358776
0.0012825
0.00114741
0.00218045
0.00177992
-0.00026623
-0.000266198
-0.000370808
-0.00173732
-0.00204087
-0.00194947
-0.00225339
-0.00274372
-0.00277643
-0.00240915
-0.0017547
0.000276066
0.00337187
-0.000543019
0.000578997
0.0034829
0.00133221
0.00113251
0.00207966
0.0017466
-0.000259922
-0.000318976
-0.000348119
-0.0017359
-0.00210943
-0.00200893
-0.0023276
-0.0028593
-0.00291524
-0.00247984
-0.00173209
0.00030039
0.00328227
-0.000408729
0.000577098
0.00337477
0.00138397
0.00111496
0.0019797
0.00171173
-0.000252309
-0.000374282
-0.00032967
-0.00173125
-0.00218895
-0.00208323
-0.00239882
-0.00296443
-0.00305358
-0.00255139
-0.00170322
0.000326324
0.00319069
-0.00027576
0.000578278
0.00326308
0.00143768
0.0010951
0.00187955
0.00167646
-0.000242785
-0.000434295
-0.000318366
-0.00172256
-0.00227888
-0.00217222
-0.00246636
-0.00305314
-0.00318295
-0.00262651
-0.00167771
0.000353904
0.00309732
-0.000144811
0.000583132
0.00314782
0.00149262
0.00107491
0.00177689
0.00164141
-0.000230588
-0.000500702
-0.000316141
-0.00171009
-0.00237616
-0.00227331
-0.00253012
-0.00312178
-0.00329664
-0.00271268
-0.00166376
0.000383152
0.00300244
-1.67259e-05
0.000592278
0.00302919
0.00154787
0.00105646
0.00166971
0.00160664
-0.000214672
-0.000574164
-0.000326193
-0.00169388
-0.00247493
-0.00238221
-0.00259117
-0.00317152
-0.00339285
-0.00281128
-0.00166417
0.000414062
0.0029065
0.000107511
0.00060623
0.00290753
0.00160248
0.00104104
0.00155777
0.0015707
-0.000193083
-0.000654458
-0.000353386
-0.00167184
-0.00256746
-0.00249695
-0.00265378
-0.00320802
-0.00347184
-0.00291675
-0.00167646
0.000446631
0.00280998
0.000226971
0.000625352
0.00278337
0.00165497
0.00103139
0.00144099
0.00153089
-0.000164578
-0.000740883
-0.000400657
-0.0016416
-0.00264758
-0.00261913
-0.00272296
-0.00323785
-0.00353164
-0.00301698
-0.00169718
0.000480809
0.00271344
0.000340807
0.000649717
0.00265767
0.00170343
0.0010294
0.00131946
0.00148483
-0.000129666
-0.000831974
-0.000467588
-0.0016042
-0.00271205
-0.00274883
-0.00280152
-0.00326539
-0.00357013
-0.00310035
-0.00172305
0.000516517
0.00261748
0.000448212
0.000679251
0.00253177
0.00174587
0.0010353
0.00119514
0.00142936
-8.95419e-05
-0.000923106
-0.000553798
-0.00156404
-0.00275768
-0.00288286
-0.00289126
-0.00329346
-0.00358788
-0.00315999
-0.00174873
0.000553696
0.00252264
0.000548523
0.00071377
0.00240699
0.00178065
0.00104963
0.00106978
0.00136167
-4.4789e-05
-0.00101033
-0.000659145
-0.0015264
-0.00278143
-0.00301589
-0.00299308
-0.00332514
-0.00358944
-0.00319168
-0.00176696
0.000592259
0.00242946
0.000641212
0.000752763
0.00228496
0.00180655
0.00107134
0.000945402
0.00128067
2.36432e-06
-0.00108919
-0.00078108
-0.00149793
-0.00278314
-0.00314136
-0.00310635
-0.00336462
-0.0035808
-0.00319253
-0.0017707
0.000632066
0.00233854
0.000725825
0.000795455
0.00216748
0.00182292
0.00109824
0.000824397
0.00118569
4.88808e-05
-0.00115427
-0.000916213
-0.00148553
-0.0027651
-0.00325244
-0.00322981
-0.00341516
-0.0035654
-0.00316356
-0.0017563
0.000672983
0.00225042
0.00080211
0.000840817
0.00205601
0.00182917
0.00112897
0.00070826
0.00107574
9.28274e-05
-0.00120206
-0.00106152
-0.00149338
-0.00273119
-0.0033438
-0.00336015
-0.00347622
-0.00354792
-0.00311275
-0.00172313
0.000714842
0.00216553
0.000870069
0.000887803
0.00195132
0.00182601
0.00116168
0.000597948
0.0009518
0.000131606
-0.00123127
-0.00121214
-0.00152337
-0.00268829
-0.0034122
-0.0034904
-0.00354667
-0.00353766
-0.00305226
-0.0016696
0.000757533
0.0020843
0.000929877
0.000935105
0.00185387
0.00181443
0.00119487
0.000495081
0.000815619
0.000161421
-0.00124109
-0.00136212
-0.0015773
-0.00264461
-0.0034548
-0.00361266
-0.00362689
-0.00354122
-0.00298897
-0.00159695
0.00080092
0.00200724
0.00098195
0.000981173
0.00176355
0.00179519
0.0012274
0.000401383
0.000668525
0.000178782
-0.00123171
-0.00150649
-0.00165504
-0.00260661
-0.00347124
-0.00372169
-0.00371523
-0.00355746
-0.00292992
-0.00151309
0.000844802
0.00193473
0.00102679
0.0010248
0.00167963
0.00176923
0.00125825
0.00031838
0.000512943
0.000180514
-0.00120535
-0.00164049
-0.00175313
-0.00258018
-0.00346608
-0.0038126
-0.0038058
-0.00358432
-0.00288302
-0.00142778
0.000889041
0.00186714
0.00106486
0.00106498
0.00160149
0.00173714
0.0012864
0.000247612
0.000351829
0.000163825
-0.00116585
-0.00175931
-0.0018667
-0.00257098
-0.00344575
-0.00387981
-0.00389281
-0.00362139
-0.0028545
-0.00134786
0.000933399
0.00180486
0.0010968
0.0011008
0.00152862
0.00169928
0.00131049
0.000190301
0.000188904
0.000126747
-0.00111776
-0.00185874
-0.00199069
-0.00258245
-0.00341746
-0.0039213
-0.00397218
-0.00366689
-0.00284264
-0.00127689
0.000977531
0.00174835
0.00112327
0.0011316
0.00146053
0.0016553
0.00132918
0.00014705
2.79566e-05
6.85701e-05
-0.00106564
-0.00193648
-0.00212031
-0.00261505
-0.00338891
-0.00393842
-0.00403884
-0.00371571
-0.00284425
-0.00121704
0.001021
0.00169807
0.00114497
0.00115699
0.00139659
0.00160451
0.00134137
0.000117645
-0.000127077
-9.5068e-06
-0.00101478
-0.00199207
-0.00225008
-0.00266659
-0.00336686
-0.00393554
-0.00408869
-0.0037637
-0.00285437
-0.00116749
0.0010635
0.00165442
0.00116263
0.0011766
0.00133598
0.00154688
0.00134583
0.000101008
-0.000271928
-0.000105465
-0.00097092
-0.00202547
-0.00237444
-0.00273389
-0.00335667
-0.00392013
-0.00412031
-0.003806
-0.00286706
-0.00112499
0.00110491
0.00161749
0.00117707
0.00119014
0.00127797
0.00148251
0.00134107
9.57744e-05
-0.000402531
-0.000216494
-0.000938949
-0.00203802
-0.00248908
-0.00281348
-0.00336118
-0.00389931
-0.00413322
-0.00383763
-0.00287793
-0.00108692
0.00114504
0.00158728
0.00118926
0.00119741
0.00122175
0.00141138
0.00132576
0.000100621
-0.000515732
-0.000338703
-0.000922662
-0.0020327
-0.00259019
-0.00290195
-0.00338101
-0.00387851
-0.00412864
-0.00385573
-0.00288384
-0.00105048
0.00118393
0.00156311
0.00120014
0.00119916
0.00116627
0.00133367
0.00129915
0.000113096
-0.000610011
-0.000467352
-0.000924535
-0.00201346
-0.00267391
-0.00299537
-0.00341509
-0.00386257
-0.00411081
-0.00385851
-0.00288169
-0.00101337
0.00122183
0.00154336
0.00121029
0.00119746
0.00111085
0.00124969
0.00126047
0.000129792
-0.000684819
-0.000597103
-0.000945646
-0.00198569
-0.00273756
-0.00308915
-0.00346181
-0.00385561
-0.00408442
-0.00384465
-0.00286905
-0.000974343
0.00125897
0.00152686
0.00121975
0.00119362
0.0010555
0.00116035
0.00120962
0.000147227
-0.000741276
-0.000723417
-0.000985041
-0.00195518
-0.0027802
-0.00317834
-0.00351883
-0.00385972
-0.00405395
-0.0038152
-0.00284433
-0.000931634
0.00129531
0.00151318
0.00122826
0.00118799
0.00100081
0.00106748
0.00114778
0.000161942
-0.000782307
-0.000843298
-0.00103997
-0.0019268
-0.0028025
-0.00325785
-0.00358251
-0.0038756
-0.00402544
-0.00377472
-0.00280637
-0.000882533
0.00133053
0.00150214
0.00123546
0.0011804
0.000947953
0.000973238
0.00107648
0.000172007
-0.000810913
-0.000954975
-0.00110789
-0.00190481
-0.00280692
-0.00332355
-0.00364801
-0.00390281
-0.00400463
-0.00372815
-0.0027549
-0.00082534
0.00136431
0.00149378
0.00124104
0.00117035
0.000897824
0.000879456
0.000997083
0.000176215
-0.000829091
-0.00105715
-0.00118662
-0.00189291
-0.00279781
-0.00337295
-0.00370971
-0.00393848
-0.00399409
-0.00368058
-0.00269327
-0.000760757
0.00139629
0.00148806
0.00124512
0.00115755
0.000850492
0.000787363
0.000910886
0.000173328
-0.000838667
-0.00114889
-0.00127384
-0.00189378
-0.00278022
-0.00340554
-0.00376321
-0.00397776
-0.00399337
-0.00363743
-0.00262798
-0.000690454
0.00142616
0.00148486
0.0012481
0.00114185
0.000805681
0.000697667
0.000818988
0.000162784
-0.000841665
-0.00122959
-0.00136652
-0.00190863
-0.00275875
-0.00342363
-0.00380682
-0.00401559
-0.00400018
-0.00360287
-0.00256438
-0.000616587
0.00145401
0.00148374
0.00125005
0.00112337
0.000763239
0.000610991
0.000722396
0.000144214
-0.000840134
-0.00129851
-0.00146106
-0.00193804
-0.002738
-0.0034305
-0.00384057
-0.00404852
-0.00401139
-0.00357773
-0.00250683
-0.000542439
0.00148003
0.00148392
0.00125086
0.00110275
0.000722935
0.000528083
0.000622216
0.000117151
-0.00083616
-0.00135561
-0.00155379
-0.00198153
-0.00272185
-0.0034279
-0.00386515
-0.0040758
-0.00402433
-0.00356068
-0.00245742
-0.000471476
0.00150454
0.00148472
0.00124981
0.00108066
0.000684917
0.000449595
0.000519413
8.11776e-05
-0.000831626
-0.00140161
-0.00164136
-0.00203691
-0.00271373
-0.00341762
-0.00388156
-0.00409823
-0.00403694
-0.00354935
-0.00241671
-0.000406231
0.00152814
0.00148565
0.00124588
0.00105754
0.000649482
0.000375902
0.000415064
3.62448e-05
-0.000828206
-0.00143805
-0.00172141
-0.00210078
-0.00271658
-0.00340239
-0.00388991
-0.00411628
-0.00404854
-0.00354227
-0.00238404
-0.000347752
0.00155091
0.00148648
0.00123823
0.0010333
0.000616502
0.000307474
0.000310517
-1.74273e-05
-0.000827525
-0.00146692
-0.00179255
-0.00216874
-0.00273186
-0.00338609
-0.0038903
-0.00413007
-0.00405999
-0.00353934
-0.00235839
-0.000295552
0.00157273
0.00148723
0.00122708
0.0010075
0.000585651
0.000244679
0.00020721
-7.94634e-05
-0.00083108
-0.00149012
-0.00185441
-0.00223624
-0.00275961
-0.00337367
-0.00388395
-0.00413907
-0.0040713
-0.00353967
-0.00233811
-0.000248946
0.00159298
0.00148813
0.00121391
0.000979825
0.000556162
0.000187362
0.000106756
-0.000149046
-0.00084026
-0.0015095
-0.0019081
-0.00229992
-0.00279797
-0.00336946
-0.00387372
-0.00414243
-0.00408052
-0.00354159
-0.00232204
-0.000208245
0.00161101
0.00148942
0.00120045
0.000950203
0.000526639
0.000134902
1.06954e-05
-0.00022489
-0.000856337
-0.00152661
-0.00195553
-0.0023577
-0.00284272
-0.00337603
-0.00386398
-0.00414061
-0.00408605
-0.00354409
-0.00231014
-0.000173881
0.00162636
0.00149105
0.00118774
0.00091909
0.000496095
8.62308e-05
-8.00856e-05
-0.000305235
-0.000880144
-0.00154262
-0.00199851
-0.00240913
-0.00288927
-0.00339367
-0.00385908
-0.00413629
-0.00408805
-0.00354639
-0.00230168
-0.000145339
0.0016391
0.00149253
0.00117572
0.000887222
0.000464377
4.01756e-05
-0.000165531
-0.000388115
-0.000912075
-0.00155894
-0.00203862
-0.00245592
-0.00293432
-0.00342012
-0.00386181
-0.00413291
-0.00408757
-0.00354757
-0.00229526
-0.000121717
0.0016494
0.0014933
0.00116435
0.000855404
0.000431645
-4.04728e-06
-0.000245842
-0.000471942
-0.000952179
-0.00157725
-0.00207671
-0.00250035
-0.00297645
-0.00345204
-0.00387283
-0.00413325
-0.00408648
-0.00354762
-0.00229032
-0.000103026
0.0016575
0.00149315
0.0011529
0.000823949
0.000398035
-4.66662e-05
-0.000321188
-0.000555858
-0.00100018
-0.00159924
-0.00211253
-0.00254343
-0.00301595
-0.00348704
-0.00389202
-0.0041398
-0.00408768
-0.00354806
-0.00228745
-8.95103e-05
0.00166374
0.00149187
0.00114049
0.000792913
0.00036403
-8.77302e-05
-0.000391832
-0.000639279
-0.00105526
-0.00162659
-0.00214627
-0.00258537
-0.00305414
-0.00352406
-0.00391898
-0.00415416
-0.00409382
-0.00355079
-0.00228724
-8.11451e-05
0.00166817
0.00148952
0.00112699
0.000762376
0.000329878
-0.000127525
-0.00045783
-0.000721378
-0.00111605
-0.00166099
-0.00218
-0.00262649
-0.00309225
-0.0035624
-0.00395292
-0.00417716
-0.004107
-0.00355769
-0.00229045
-7.81731e-05
0.0016708
0.00148625
0.00111242
0.000732025
0.000295502
-0.000166522
-0.000519005
-0.000801347
-0.00118094
-0.00170308
-0.00221663
-0.00266734
-0.00313083
-0.00360117
-0.00399262
-0.00420961
-0.0041297
-0.00357176
-0.00229916
-8.13931e-05
0.00167163
0.00148217
0.00109695
0.000701627
0.000260694
-0.000204978
-0.000575584
-0.000879297
-0.0012487
-0.0017513
-0.00225855
-0.00270965
-0.00317067
-0.00363958
-0.00403539
-0.0042509
-0.00416387
-0.00359688
-0.00231733
-9.35245e-05
0.00167058
0.00147719
0.00108113
0.000671453
0.0002251
-0.000243425
-0.000627924
-0.000955345
-0.00131884
-0.00180264
-0.00230649
-0.00275678
-0.00321448
-0.00367969
-0.00407944
-0.00429804
-0.00420809
-0.00363387
-0.00234705
-0.000117204
0.00166771
0.00147116
0.00106544
0.000641861
0.000188304
-0.000283444
-0.000676932
-0.00102822
-0.00139107
-0.00185463
-0.00235767
-0.0028111
-0.00326672
-0.0037267
-0.00412773
-0.0043503
-0.00426134
-0.00368207
-0.00238803
-0.000151687
0.00166329
0.00146392
0.00104978
0.000613687
0.000150696
-0.000326963
-0.000724914
-0.00109722
-0.00146537
-0.00190626
-0.00240669
-0.00286861
-0.00332651
-0.00378229
-0.0041831
-0.00441132
-0.00432624
-0.00374629
-0.00244565
-0.000200905
0.00165759
0.00145538
0.00103395
0.000587429
0.000113619
-0.000373897
-0.000774481
-0.00116316
-0.00154324
-0.0019618
-0.00245352
-0.00292584
-0.00338896
-0.00384279
-0.00424295
-0.00447793
-0.00440085
-0.00382553
-0.00252394
-0.00027361
0.00165058
0.00144565
0.00101838
0.00056236
7.62282e-05
-0.000423137
-0.000825843
-0.00122384
-0.00162052
-0.0020241
-0.0025028
-0.00298624
-0.00345753
-0.00391154
-0.00430883
-0.0045477
-0.00447937
-0.00391359
-0.00261777
-0.000369176
0.00164218
0.00143499
0.00100391
0.000538947
3.75607e-05
-0.000476326
-0.000882249
-0.00128041
-0.00169114
-0.00208943
-0.00255452
-0.00304886
-0.00353261
-0.00399215
-0.00438725
-0.00462655
-0.00456397
-0.00400843
-0.00272386
-0.000484297
0.00163237
0.00142438
0.00099176
0.000515206
-3.22286e-06
-0.000530713
-0.000943745
-0.00133719
-0.00175526
-0.00215755
-0.00261235
-0.00311474
-0.00361345
-0.00408413
-0.00448195
-0.00472262
-0.00466525
-0.0041174
-0.00284186
-0.000612313
0.00161121
0.00141542
0.000984946
0.000491144
-5.21158e-05
-0.000587603
-0.00100584
-0.0013923
-0.00180953
-0.00222277
-0.00267594
-0.00318498
-0.00370058
-0.00418678
-0.00459481
-0.00484335
-0.00479521
-0.00425781
-0.00299085
-0.000761899
0.00160846
0.00141212
0.000985487
0.000468209
-0.000106713
-0.0006468
-0.00106779
-0.00144725
-0.00185605
-0.00227735
-0.00273508
-0.00325088
-0.00378439
-0.00428871
-0.00471433
-0.00498462
-0.00496382
-0.00445021
-0.0031953
-0.000965793
0.00156367
0.00140368
0.000978034
0.000431958
-0.000164848
-0.00070002
-0.001125
-0.00150591
-0.0019029
-0.00232594
-0.00277734
-0.00328754
-0.00382995
-0.00435894
-0.00481959
-0.00512985
-0.00515468
-0.00469439
-0.00349118
-0.00130622
0.00161185
0.00140984
0.00095834
0.000356286
-0.000236217
-0.000746657
-0.00118132
-0.00157759
-0.00197856
-0.00238033
-0.00280719
-0.00328216
-0.00378981
-0.00429838
-0.00475846
-0.00509519
-0.00517473
-0.00479079
-0.00369617
-0.00165082
0.00154208
0.00146269
0.000959263
0.00031147
-0.000288213
-0.00076533
-0.0012372
-0.0016649
-0.00212573
-0.00257363
-0.0030429
-0.0035117
-0.00400842
-0.00447784
-0.00486256
-0.00507558
-0.00502772
-0.00455159
-0.00341084
-0.00134482
0.00167457
0.00136768
0.000820374
0.000245786
-0.000297255
-0.000792621
-0.0012205
-0.00155183
-0.00188188
-0.00224693
-0.00267639
-0.00317657
-0.0037754
-0.00446512
-0.00520579
-0.0058822
-0.00630903
-0.00624794
-0.00542358
-0.0035969
0.00182542
0.00124229
0.000740076
0.000230424
-0.000285453
-0.000944855
-0.00161742
-0.00225442
-0.00276138
-0.00302263
-0.00318679
-0.00339158
-0.00353542
-0.00345063
-0.00300542
-0.00224284
-0.00133943
-0.000603022
-0.000407914
-0.00108948
0.00176752
0.00123261
0.000725018
0.000201462
-0.000263838
-0.000650412
-0.000923458
-0.00116672
-0.00154837
-0.00211206
-0.0028263
-0.00363103
-0.00451523
-0.0054756
-0.00646352
-0.00737926
-0.00804636
-0.00823365
-0.00765967
-0.00607512
0.00191745
0.00119069
0.000620547
0.000127831
-0.000265188
-0.000800353
-0.00141869
-0.00206455
-0.00260654
-0.00295177
-0.00324769
-0.00363693
-0.00400878
-0.00421667
-0.00411583
-0.00369269
-0.00305285
-0.00248572
-0.00238523
-0.00312073
0.00190539
0.00112871
0.000549546
0.000118523
-0.000100829
-0.000282734
-0.000449491
-0.000698748
-0.001147
-0.00188289
-0.00289938
-0.0042342
-0.005839
-0.00755424
-0.00915387
-0.0104435
-0.0112516
-0.0113956
-0.0106574
-0.00884746
0.00180333
-0.00618354
-0.0091739
-0.00734663
-0.00484471
-0.00291359
-0.00147358
-0.000357289
0.000610647
0.00170128
0.00293156
0.00406167
0.00508195
0.00617773
0.00733652
0.00843996
0.00951577
0.0106661
0.0118927
0.0130787
0.0142164
0.0154362
0.0167566
0.0181433
0.0195957
0.0210881
0.0226247
0.024205
0.0258054
0.0274661
0.0291934
0.0310477
0.0329524
0.0348809
0.0369014
0.0390515
0.0412516
0.0435438
0.0459692
0.048459
0.051042
0.0536707
0.0564488
0.0592897
0.0622777
0.065344
0.0685064
0.071805
0.075028
0.0785001
0.00171123
-0.00612221
-0.00913378
-0.00733151
-0.004836
-0.00290724
-0.00146866
-0.000353443
0.000613578
0.00170352
0.00293341
0.0040633
0.00508338
0.00617897
0.00733765
0.00844101
0.0095167
0.0106669
0.0118935
0.0130793
0.014217
0.0154367
0.0167571
0.0181437
0.0195961
0.0210885
0.022625
0.0242053
0.0258057
0.0274664
0.0291936
0.0310479
0.0329525
0.0348811
0.0369015
0.0390516
0.0412517
0.0435439
0.0459693
0.048459
0.0510421
0.0536707
0.0564488
0.0592897
0.0622778
0.065344
0.0685064
0.071805
0.075028
0.0785001
0.00155264
-0.00602806
-0.00906659
-0.00731083
-0.00482651
-0.00290082
-0.00146382
-0.000349671
0.000616433
0.00170568
0.00293516
0.00406481
0.00508466
0.00618008
0.00733867
0.00844194
0.00951754
0.0106676
0.0118941
0.0130799
0.0142175
0.0154371
0.0167575
0.018144
0.0195964
0.0210888
0.0226253
0.0242055
0.0258059
0.0274666
0.0291938
0.0310481
0.0329527
0.0348812
0.0369017
0.0390517
0.0412518
0.0435439
0.0459694
0.0484591
0.0510421
0.0536707
0.0564488
0.0592897
0.0622778
0.065344
0.0685064
0.0718051
0.0750281
0.0785001
0.00140732
-0.00589722
-0.00896354
-0.00727828
-0.00481372
-0.00289313
-0.00145826
-0.00034525
0.000619909
0.00170828
0.00293716
0.00406643
0.005086
0.00618123
0.0073397
0.00844289
0.00951837
0.0106684
0.0118948
0.0130806
0.0142181
0.0154376
0.0167579
0.0181444
0.0195967
0.021089
0.0226255
0.0242058
0.0258061
0.0274668
0.029194
0.0310482
0.0329528
0.0348813
0.0369018
0.0390518
0.0412519
0.043544
0.0459694
0.0484591
0.0510422
0.0536708
0.0564489
0.0592897
0.0622778
0.065344
0.0685064
0.0718051
0.0750281
0.0785002
0.00128388
-0.00573995
-0.00883078
-0.00723343
-0.00479655
-0.00288334
-0.00145149
-0.000339712
0.000624592
0.00171187
0.00293973
0.00406838
0.00508759
0.00618256
0.00734085
0.0084439
0.00951928
0.0106692
0.0118956
0.0130813
0.0142187
0.0154381
0.0167583
0.0181448
0.0195971
0.0210894
0.0226258
0.024206
0.0258064
0.027467
0.0291942
0.0310484
0.032953
0.0348815
0.0369019
0.0390519
0.041252
0.0435441
0.0459695
0.0484592
0.0510422
0.0536708
0.0564489
0.0592897
0.0622778
0.065344
0.0685065
0.0718051
0.0750282
0.0785003
0.00116567
-0.00557027
-0.00868106
-0.00718056
-0.00477588
-0.0028714
-0.00144342
-0.00033303
0.000630665
0.00171674
0.0029431
0.00407079
0.00508957
0.00618419
0.00734215
0.008445
0.00952028
0.0106702
0.0118965
0.0130821
0.0142194
0.0154386
0.0167588
0.0181453
0.0195975
0.0210898
0.0226261
0.0242063
0.0258067
0.0274673
0.0291944
0.0310486
0.0329532
0.0348816
0.036902
0.039052
0.0412521
0.0435442
0.0459696
0.0484592
0.0510423
0.0536708
0.0564489
0.0592898
0.0622778
0.0653441
0.0685065
0.0718051
0.0750282
0.0785004
0.00104371
-0.00539521
-0.00852161
-0.00712322
-0.00475308
-0.00285769
-0.00143419
-0.000325433
0.000637948
0.0017229
0.00294737
0.00407378
0.00509207
0.00618624
0.0073437
0.00844625
0.00952139
0.0106712
0.0118975
0.0130831
0.0142202
0.0154394
0.0167594
0.0181459
0.019598
0.0210902
0.0226265
0.0242066
0.025807
0.0274676
0.0291947
0.0310488
0.0329534
0.0348818
0.0369022
0.0390522
0.0412522
0.0435443
0.0459696
0.0484593
0.0510423
0.0536709
0.056449
0.0592898
0.0622778
0.0653441
0.0685065
0.0718052
0.0750284
0.0785006
0.000918023
-0.00521666
-0.00835501
-0.00706301
-0.00472907
-0.00284259
-0.00142396
-0.000317222
0.000646033
0.00173009
0.00295248
0.00407737
0.00509513
0.00618882
0.0073456
0.00844771
0.00952266
0.0106723
0.0118986
0.0130842
0.0142213
0.0154402
0.0167602
0.0181465
0.0195987
0.0210908
0.0226269
0.024207
0.0258073
0.0274679
0.029195
0.0310491
0.0329536
0.034882
0.0369024
0.0390524
0.0412523
0.0435444
0.0459698
0.0484594
0.0510424
0.053671
0.056449
0.0592899
0.0622779
0.0653441
0.0685065
0.0718052
0.0750286
0.0785008
0.000791318
-0.00503518
-0.00818196
-0.00700038
-0.00470429
-0.00282642
-0.00141289
-0.000308623
0.000654537
0.00173793
0.00295823
0.00408146
0.00509873
0.00619194
0.00734794
0.00844949
0.00952415
0.0106736
0.0118997
0.0130854
0.0142225
0.0154413
0.0167611
0.0181474
0.0195994
0.0210914
0.0226274
0.0242074
0.0258077
0.0274684
0.0291954
0.0310495
0.0329539
0.0348823
0.0369027
0.0390526
0.0412525
0.0435446
0.0459699
0.0484595
0.0510425
0.053671
0.0564491
0.0592899
0.0622779
0.0653442
0.0685065
0.0718053
0.0750288
0.0785011
0.000665532
-0.00485138
-0.00800244
-0.00693529
-0.00467895
-0.0028094
-0.00140106
-0.00029975
0.00066324
0.00174614
0.00296441
0.00408595
0.00510274
0.00619552
0.00735073
0.00845165
0.00952595
0.010675
0.0119009
0.0130867
0.0142239
0.0154426
0.0167622
0.0181484
0.0196004
0.0210922
0.022628
0.0242078
0.0258082
0.0274689
0.0291959
0.0310499
0.0329543
0.0348827
0.036903
0.0390529
0.0412528
0.0435448
0.0459701
0.0484597
0.0510427
0.0536712
0.0564492
0.05929
0.062278
0.0653443
0.0685066
0.0718053
0.0750291
0.0785015
0.000541496
-0.00466582
-0.0078161
-0.00686747
-0.00465313
-0.0027916
-0.00138847
-0.000290612
0.000672074
0.00175461
0.00297092
0.00409073
0.00510705
0.00619946
0.0073539
0.00845421
0.00952808
0.0106767
0.0119021
0.0130879
0.0142253
0.015444
0.0167635
0.0181496
0.0196015
0.0210931
0.0226287
0.0242083
0.0258087
0.0274696
0.0291966
0.0310505
0.0329548
0.0348832
0.0369035
0.0390533
0.0412531
0.043545
0.0459704
0.0484599
0.0510428
0.0536713
0.0564493
0.0592901
0.0622781
0.0653443
0.0685066
0.0718054
0.0750294
0.078502
0.000419581
-0.00447885
-0.00762254
-0.0067966
-0.00462692
-0.00277308
-0.00137503
-0.00028114
0.000681046
0.00176334
0.0029777
0.00409573
0.00511158
0.00620363
0.00735737
0.0084571
0.00953055
0.0106785
0.0119033
0.0130891
0.0142267
0.0154456
0.0167651
0.0181511
0.0196028
0.0210942
0.0226295
0.0242089
0.0258094
0.0274704
0.0291974
0.0310511
0.0329554
0.0348838
0.036904
0.0390537
0.0412535
0.0435454
0.0459706
0.0484602
0.0510431
0.0536715
0.0564495
0.0592903
0.0622782
0.0653445
0.0685067
0.0718055
0.0750299
0.0785025
0.000300122
-0.00429078
-0.00742147
-0.00672235
-0.00460039
-0.00275388
-0.00136069
-0.000271231
0.000690198
0.00177234
0.00298478
0.00410096
0.00511627
0.00620797
0.00736103
0.00846026
0.00953329
0.0106806
0.0119046
0.0130901
0.014228
0.0154472
0.0167668
0.0181528
0.0196044
0.0210955
0.0226304
0.0242096
0.0258101
0.0274713
0.0291983
0.0310519
0.032956
0.0348844
0.0369048
0.0390543
0.0412539
0.0435458
0.045971
0.0484605
0.0510434
0.0536718
0.0564497
0.0592904
0.0622784
0.0653446
0.0685068
0.0718057
0.0750304
0.0785032
0.000183455
-0.00410205
-0.00721277
-0.00664432
-0.00457362
-0.00273407
-0.00134538
-0.000260769
0.00069959
0.00178166
0.00299218
0.00410641
0.00512114
0.00621245
0.00736483
0.0084636
0.00953624
0.0106829
0.0119058
0.013091
0.0142292
0.0154487
0.0167686
0.0181546
0.0196061
0.0210969
0.0226314
0.0242103
0.0258108
0.0274723
0.0291995
0.0310528
0.0329568
0.0348852
0.0369056
0.0390551
0.0412545
0.0435463
0.0459714
0.0484609
0.0510437
0.0536721
0.05645
0.0592907
0.0622785
0.0653448
0.068507
0.0718059
0.075031
0.0785039
6.98702e-05
-0.0039132
-0.00699643
-0.00656206
-0.00454663
-0.00271372
-0.00132905
-0.000249658
0.000709285
0.00179133
0.00299993
0.00411212
0.00512621
0.00621708
0.00736872
0.00846707
0.00953934
0.0106853
0.0119071
0.0130918
0.0142303
0.0154502
0.0167705
0.0181567
0.019608
0.0210985
0.0226325
0.024211
0.0258116
0.0274735
0.0292007
0.0310539
0.0329576
0.0348861
0.0369066
0.039056
0.0412552
0.0435468
0.0459719
0.0484613
0.0510441
0.0536725
0.0564503
0.0592909
0.0622788
0.0653451
0.0685071
0.0718061
0.0750317
0.0785048
-4.03665e-05
-0.00372486
-0.00677248
-0.00647501
-0.00451942
-0.00269294
-0.00131169
-0.000237819
0.000719349
0.00180136
0.00300808
0.0041181
0.00513148
0.00622189
0.0073727
0.00847062
0.00954257
0.0106878
0.0119085
0.0130925
0.0142312
0.0154516
0.0167723
0.0181588
0.0196101
0.0211001
0.0226337
0.0242118
0.0258124
0.0274747
0.0292021
0.0310551
0.0329586
0.0348871
0.0369077
0.039057
0.041256
0.0435475
0.0459724
0.0484617
0.0510445
0.0536729
0.0564507
0.0592913
0.062279
0.0653454
0.0685074
0.0718063
0.0750326
0.0785057
-0.000146959
-0.00353764
-0.006541
-0.00638258
-0.00449197
-0.00267188
-0.00129331
-0.000225198
0.000729837
0.00181178
0.00301664
0.00412439
0.005137
0.00622689
0.00737677
0.00847423
0.00954589
0.0106903
0.0119098
0.013093
0.0142321
0.0154531
0.0167742
0.018161
0.0196123
0.0211019
0.022635
0.0242126
0.0258133
0.027476
0.0292037
0.0310565
0.0329596
0.0348881
0.0369089
0.0390582
0.041257
0.0435483
0.045973
0.0484622
0.0510449
0.0536734
0.0564511
0.0592916
0.0622793
0.0653457
0.0685076
0.0718067
0.0750335
0.0785068
-0.000249525
-0.00335219
-0.00630215
-0.00628407
-0.0044642
-0.00265068
-0.00127393
-0.000211759
0.000740798
0.00182263
0.00302567
0.00413102
0.00514279
0.00623213
0.00738098
0.00847789
0.00954932
0.010693
0.0119112
0.0130935
0.0142331
0.0154546
0.0167761
0.0181632
0.0196145
0.0211038
0.0226363
0.0242135
0.0258142
0.0274773
0.0292053
0.031058
0.0329608
0.0348892
0.0369102
0.0390595
0.0412581
0.0435491
0.0459737
0.0484627
0.0510454
0.0536739
0.0564516
0.059292
0.0622796
0.0653461
0.0685079
0.071807
0.0750346
0.0785079
-0.000347589
-0.00316917
-0.00605621
-0.00617878
-0.00443599
-0.00262952
-0.0012536
-0.000197471
0.000752276
0.00183395
0.00303521
0.00413805
0.00514885
0.00623763
0.00738538
0.0084816
0.00955285
0.0106958
0.0119126
0.013094
0.0142342
0.0154563
0.0167781
0.0181655
0.0196168
0.0211057
0.0226377
0.0242144
0.0258151
0.0274786
0.0292069
0.0310595
0.032962
0.0348904
0.0369115
0.0390608
0.0412593
0.0435501
0.0459744
0.0484633
0.0510459
0.0536744
0.0564521
0.0592925
0.06228
0.0653464
0.0685082
0.0718074
0.0750357
0.0785092
-0.000440585
-0.00298922
-0.00580354
-0.00606599
-0.00440716
-0.00260861
-0.00123239
-0.000182306
0.000764318
0.00184577
0.00304531
0.00414552
0.0051552
0.00624342
0.00739001
0.00848537
0.00955651
0.0106987
0.0119141
0.0130945
0.0142355
0.0154582
0.0167803
0.0181677
0.0196191
0.0211076
0.0226391
0.0242154
0.025816
0.02748
0.0292086
0.0310612
0.0329633
0.0348915
0.0369128
0.0390622
0.0412605
0.0435511
0.0459752
0.0484638
0.0510464
0.0536749
0.0564527
0.059293
0.0622803
0.0653469
0.0685086
0.0718079
0.075037
0.0785105
-0.000527879
-0.00281298
-0.00554465
-0.00594494
-0.00437748
-0.00258813
-0.00121039
-0.000166231
0.000776973
0.00185816
0.00305601
0.00415347
0.00516184
0.00624952
0.00739491
0.00848923
0.00956029
0.0107017
0.0119157
0.0130951
0.0142371
0.0154605
0.0167827
0.01817
0.0196214
0.0211096
0.0226406
0.0242164
0.025817
0.0274814
0.0292104
0.0310629
0.0329647
0.0348927
0.0369142
0.0390637
0.0412619
0.0435523
0.0459761
0.0484644
0.0510469
0.0536755
0.0564533
0.0592936
0.0622807
0.0653473
0.068509
0.0718084
0.0750383
0.0785119
-0.000608789
-0.00264103
-0.00528013
-0.0058149
-0.00434658
-0.00256828
-0.00118771
-0.00014921
0.000790289
0.00187115
0.00306735
0.00416194
0.0051688
0.00625595
0.00740013
0.00849322
0.00956422
0.0107049
0.0119173
0.0130958
0.0142389
0.0154631
0.0167852
0.0181723
0.0196238
0.0211117
0.0226422
0.0242174
0.025818
0.0274829
0.0292122
0.0310646
0.0329661
0.0348939
0.0369157
0.0390653
0.0412633
0.0435534
0.045977
0.048465
0.0510474
0.0536761
0.0564539
0.0592942
0.0622812
0.0653477
0.0685093
0.0718089
0.0750398
0.0785135
-0.000682558
-0.00247387
-0.0050107
-0.00567518
-0.00431406
-0.00254922
-0.00116448
-0.000131211
0.000804312
0.00188476
0.00307934
0.00417092
0.00517607
0.00626272
0.00740567
0.00849737
0.00956829
0.0107083
0.0119191
0.0130967
0.0142411
0.015466
0.016788
0.0181747
0.0196261
0.0211138
0.0226438
0.0242185
0.025819
0.0274844
0.0292142
0.0310665
0.0329675
0.0348952
0.0369172
0.0390669
0.0412648
0.0435547
0.0459779
0.0484657
0.0510479
0.0536766
0.0564546
0.0592948
0.0622816
0.0653482
0.0685097
0.0718095
0.0750413
0.0785151
-0.000748397
-0.00231184
-0.0047372
-0.00552516
-0.00427938
-0.00253109
-0.00114087
-0.000112209
0.000819087
0.00189901
0.00309198
0.00418042
0.00518368
0.00626985
0.00741152
0.00850171
0.00957253
0.0107118
0.011921
0.0130977
0.0142434
0.0154692
0.016791
0.0181772
0.0196285
0.0211159
0.0226455
0.0242196
0.0258201
0.027486
0.0292161
0.0310684
0.032969
0.0348965
0.0369187
0.0390686
0.0412663
0.043556
0.0459789
0.0484664
0.0510484
0.0536772
0.0564553
0.0592954
0.0622821
0.0653487
0.0685102
0.0718101
0.075043
0.0785168
-0.000805634
-0.00215517
-0.00446059
-0.00536431
-0.00424189
-0.00251401
-0.00111707
-9.2189e-05
0.000834666
0.00191391
0.00310525
0.0041904
0.00519166
0.00627734
0.00741769
0.00850627
0.00957694
0.0107155
0.0119229
0.0130989
0.014246
0.0154726
0.0167941
0.0181798
0.0196309
0.0211182
0.0226473
0.0242207
0.0258212
0.0274877
0.0292182
0.0310703
0.0329706
0.0348979
0.0369203
0.0390703
0.0412679
0.0435573
0.0459799
0.0484671
0.051049
0.0536779
0.056456
0.0592961
0.0622826
0.0653492
0.0685106
0.0718107
0.0750446
0.0785185
-0.000853687
-0.0020039
-0.00418193
-0.00519227
-0.00420081
-0.00249801
-0.00109334
-7.1159e-05
0.0008511
0.00192949
0.00311914
0.00420088
0.00520001
0.0062852
0.00742418
0.00851106
0.00958152
0.0107194
0.011925
0.0131002
0.0142487
0.0154762
0.0167974
0.0181826
0.0196335
0.0211205
0.0226492
0.0242219
0.0258223
0.0274894
0.0292204
0.0310724
0.0329722
0.0348993
0.036922
0.0390721
0.0412695
0.0435587
0.045981
0.0484678
0.0510496
0.0536785
0.0564567
0.0592968
0.0622831
0.0653497
0.068511
0.0718114
0.0750464
0.0785204
-0.000891954
-0.00185788
-0.00390244
-0.00500889
-0.00415523
-0.00248306
-0.00106992
-4.91533e-05
0.000868444
0.00194577
0.00313366
0.00421184
0.00520877
0.00629344
0.00743097
0.0085161
0.0095863
0.0107235
0.0119273
0.0131016
0.0142515
0.0154799
0.0168008
0.0181854
0.0196361
0.021123
0.0226511
0.0242232
0.0258235
0.0274912
0.0292226
0.0310745
0.0329739
0.0349007
0.0369237
0.039074
0.0412712
0.0435601
0.0459821
0.0484686
0.0510502
0.0536792
0.0564575
0.0592975
0.0622836
0.0653502
0.0685115
0.0718121
0.0750482
0.0785223
-0.000919723
-0.00171675
-0.00362348
-0.00481434
-0.00410408
-0.00246901
-0.0010471
-2.62346e-05
0.000886761
0.00196278
0.00314883
0.00422331
0.00521794
0.00630206
0.00743808
0.0085214
0.00959126
0.0107277
0.0119296
0.0131032
0.0142544
0.0154837
0.0168043
0.0181884
0.0196388
0.0211255
0.0226531
0.0242245
0.0258247
0.0274931
0.0292249
0.0310768
0.0329757
0.0349023
0.0369255
0.039076
0.041273
0.0435616
0.0459833
0.0484694
0.0510508
0.05368
0.0564583
0.0592982
0.0622842
0.0653508
0.068512
0.0718128
0.0750501
0.0785244
-0.000935969
-0.00157988
-0.00334649
-0.0046091
-0.00404621
-0.0024556
-0.00102517
-2.51702e-06
0.000906104
0.0019806
0.00316466
0.0042353
0.00522755
0.00631108
0.00744554
0.00852698
0.00959642
0.0107321
0.0119321
0.013105
0.0142574
0.0154876
0.0168079
0.0181915
0.0196416
0.0211282
0.0226553
0.0242258
0.025826
0.027495
0.0292273
0.0310791
0.0329775
0.0349038
0.0369274
0.039078
0.0412748
0.0435632
0.0459845
0.0484702
0.0510515
0.0536807
0.0564591
0.0592989
0.0622847
0.0653514
0.0685125
0.0718135
0.0750521
0.0785265
-0.000939173
-0.0014463
-0.00307296
-0.00439396
-0.00398042
-0.00244243
-0.00100441
2.18297e-05
0.000926511
0.00199928
0.00318118
0.00424784
0.00523761
0.00632051
0.00745334
0.00853284
0.00960179
0.0107367
0.0119347
0.0131068
0.0142605
0.0154916
0.0168116
0.0181947
0.0196445
0.021131
0.0226575
0.0242272
0.0258273
0.027497
0.0292298
0.0310815
0.0329795
0.0349055
0.0369293
0.0390801
0.0412767
0.0435648
0.0459857
0.0484711
0.0510522
0.0536815
0.05646
0.0592997
0.0622853
0.065352
0.0685131
0.0718143
0.0750541
0.0785286
-0.000927701
-0.00131497
-0.00280436
-0.00416986
-0.00390555
-0.00242899
-0.000985073
4.65921e-05
0.000948007
0.00201888
0.00319842
0.00426094
0.00524814
0.00633036
0.00746152
0.008539
0.00960738
0.0107415
0.0119375
0.0131088
0.0142637
0.0154957
0.0168154
0.0181981
0.0196476
0.0211339
0.0226598
0.0242287
0.0258287
0.0274991
0.0292323
0.0310841
0.0329814
0.0349072
0.0369313
0.0390823
0.0412786
0.0435665
0.045987
0.048472
0.0510529
0.0536823
0.0564609
0.0593005
0.0622859
0.0653526
0.0685137
0.0718151
0.0750562
0.0785309
-0.000900129
-0.00118483
-0.00254202
-0.00393786
-0.00382048
-0.00241459
-0.000967341
7.15063e-05
0.000970591
0.00203948
0.00321644
0.00427465
0.00525916
0.00634065
0.00747008
0.00854547
0.0096132
0.0107464
0.0119404
0.013111
0.014267
0.0155
0.0168194
0.0182015
0.0196508
0.0211369
0.0226622
0.0242302
0.0258301
0.0275013
0.029235
0.0310867
0.0329835
0.0349089
0.0369334
0.0390846
0.0412806
0.0435682
0.0459884
0.048473
0.0510537
0.0536832
0.0564618
0.0593013
0.0622866
0.0653533
0.0685143
0.0718159
0.0750583
0.0785333
-0.000855355
-0.00105479
-0.00228707
-0.00369913
-0.00372426
-0.00239842
-0.000951308
9.62785e-05
0.000994212
0.00206115
0.00323529
0.00428898
0.00527068
0.00635141
0.00747905
0.00855226
0.00961925
0.0107516
0.0119434
0.0131132
0.0142705
0.0155043
0.0168234
0.0182051
0.0196541
0.0211401
0.0226648
0.0242318
0.0258315
0.0275035
0.0292378
0.0310894
0.0329856
0.0349107
0.0369356
0.039087
0.0412827
0.04357
0.0459898
0.048474
0.0510545
0.0536841
0.0564628
0.0593022
0.0622872
0.065354
0.0685149
0.0718168
0.0750606
0.0785358
-0.0007933
-0.000923941
-0.00204043
-0.00345503
-0.00361612
-0.00237962
-0.000936998
0.000120572
0.00101877
0.00208397
0.00325506
0.00430397
0.00528273
0.00636264
0.00748844
0.00855937
0.00962556
0.010757
0.0119467
0.0131157
0.014274
0.0155088
0.0168276
0.0182089
0.0196576
0.0211434
0.0226674
0.0242334
0.025833
0.0275058
0.0292406
0.0310922
0.0329879
0.0349126
0.0369379
0.0390894
0.0412848
0.0435718
0.0459913
0.048475
0.0510553
0.053685
0.0564638
0.0593031
0.0622879
0.0653547
0.0685155
0.0718177
0.0750629
0.0785383
-0.000714609
-0.000791433
-0.00180274
-0.003207
-0.00349558
-0.00235724
-0.000924306
0.000144041
0.00104409
0.00210798
0.00327584
0.00431968
0.00529533
0.00637437
0.00749828
0.00856682
0.00963213
0.0107626
0.0119501
0.0131182
0.0142776
0.0155133
0.0168319
0.0182128
0.0196613
0.0211468
0.0226702
0.0242351
0.0258346
0.0275082
0.0292436
0.0310952
0.0329901
0.0349145
0.0369402
0.039092
0.041287
0.0435737
0.0459928
0.048476
0.0510561
0.053686
0.0564648
0.059304
0.0622886
0.0653554
0.0685162
0.0718187
0.0750652
0.078541
-0.000620573
-0.000656464
-0.00157437
-0.00295667
-0.00336255
-0.00233021
-0.000912906
0.000166402
0.00106993
0.00213319
0.00329772
0.00433616
0.00530849
0.00638661
0.00750857
0.00857464
0.00963897
0.0107684
0.0119537
0.0131209
0.0142814
0.015518
0.0168363
0.0182168
0.0196651
0.0211504
0.0226731
0.0242368
0.0258362
0.0275107
0.0292467
0.0310983
0.0329925
0.0349164
0.0369427
0.0390946
0.0412893
0.0435757
0.0459944
0.0484772
0.051057
0.053687
0.0564659
0.059305
0.0622894
0.0653562
0.068517
0.0718197
0.0750677
0.0785438
-0.000513674
-0.000518525
-0.00135529
-0.00270556
-0.00321731
-0.00229742
-0.000902322
0.000187417
0.00109599
0.00215959
0.00332083
0.0043535
0.00532224
0.00639936
0.00751934
0.00858283
0.00964611
0.0107745
0.0119575
0.0131238
0.0142853
0.0155228
0.0168408
0.0182209
0.019669
0.0211542
0.0226761
0.0242386
0.0258378
0.0275133
0.0292499
0.0311014
0.032995
0.0349185
0.0369452
0.0390974
0.0412916
0.0435777
0.045996
0.0484783
0.051058
0.0536881
0.056467
0.059306
0.0622902
0.065357
0.0685177
0.0718207
0.0750702
0.0785466
-0.000396529
-0.000377026
-0.00114475
-0.00245496
-0.00306052
-0.00225775
-0.000891899
0.000206912
0.0011219
0.0021871
0.00334526
0.00437179
0.00533662
0.00641266
0.00753061
0.00859141
0.00965355
0.0107809
0.0119614
0.0131268
0.0142893
0.0155277
0.0168455
0.0182253
0.0196732
0.0211581
0.0226792
0.0242405
0.0258395
0.0275159
0.0292532
0.0311048
0.0329975
0.0349206
0.0369478
0.0391002
0.041294
0.0435798
0.0459978
0.0484795
0.0510589
0.0536891
0.0564682
0.059307
0.062291
0.0653579
0.0685185
0.0718218
0.0750727
0.0785496
-0.00027078
-0.000230829
-0.000941671
-0.00220621
-0.00289345
-0.00221025
-0.000880809
0.000224853
0.00114731
0.00221558
0.00337114
0.00439115
0.00535168
0.00642649
0.00754239
0.0086004
0.00966131
0.0107874
0.0119656
0.01313
0.0142934
0.0155327
0.0168503
0.0182298
0.0196775
0.0211622
0.0226825
0.0242424
0.0258413
0.0275187
0.0292566
0.0311082
0.0330001
0.0349227
0.0369506
0.0391031
0.0412965
0.043582
0.0459995
0.0484808
0.0510599
0.0536903
0.0564694
0.0593081
0.0622919
0.0653587
0.0685194
0.0718229
0.0750754
0.0785527
-0.000137214
-7.89565e-05
-0.000745193
-0.00196071
-0.00271765
-0.00215406
-0.000868093
0.000241377
0.00117187
0.00224481
0.00339852
0.00441173
0.00536747
0.00644089
0.0075547
0.00860983
0.00966941
0.0107943
0.0119701
0.0131333
0.0142977
0.0155378
0.0168552
0.0182344
0.019682
0.0211664
0.0226859
0.0242444
0.0258431
0.0275216
0.0292602
0.0311118
0.0330028
0.0349249
0.0369534
0.0391062
0.0412991
0.0435842
0.0460014
0.0484821
0.051061
0.0536914
0.0564706
0.0593092
0.0622928
0.0653596
0.0685202
0.071824
0.0750781
0.0785559
2.15752e-06
7.86352e-05
-0.000554455
-0.00171954
-0.00253445
-0.00208839
-0.00085279
0.000256713
0.00119519
0.00227445
0.00342743
0.00443368
0.00538408
0.00645587
0.00756756
0.00861971
0.00967787
0.0108015
0.0119747
0.0131369
0.0143021
0.015543
0.0168602
0.0182393
0.0196867
0.0211709
0.0226895
0.0242465
0.025845
0.0275246
0.0292639
0.0311155
0.0330056
0.0349272
0.0369564
0.0391094
0.0413017
0.0435865
0.0460033
0.0484834
0.0510621
0.0536926
0.0564719
0.0593103
0.0622937
0.0653606
0.0685212
0.0718252
0.0750808
0.0785592
0.000142959
0.000241694
-0.000368247
-0.00148347
-0.00234522
-0.00201286
-0.000833983
0.000271273
0.00121702
0.00230411
0.00345787
0.00445715
0.0054016
0.00647145
0.00758097
0.00863006
0.00968669
0.0108089
0.0119796
0.0131406
0.0143067
0.0155484
0.0168654
0.0182443
0.0196917
0.0211755
0.0226932
0.0242486
0.025847
0.0275278
0.0292677
0.0311193
0.0330085
0.0349296
0.0369595
0.0391126
0.0413044
0.0435889
0.0460053
0.0484848
0.0510632
0.0536939
0.0564733
0.0593115
0.0622947
0.0653616
0.0685221
0.0718265
0.0750837
0.0785626
0.000280347
0.000410089
-0.000185379
-0.00125319
-0.00215138
-0.00192742
-0.000810726
0.000285694
0.00123723
0.00233336
0.00348973
0.00448229
0.00542015
0.00648767
0.00759495
0.0086409
0.0096959
0.0108167
0.0119848
0.0131445
0.0143113
0.0155539
0.0168708
0.0182495
0.0196968
0.0211803
0.0226971
0.0242508
0.025849
0.027531
0.0292717
0.0311233
0.0330115
0.034932
0.0369627
0.039116
0.0413072
0.0435914
0.0460074
0.0484863
0.0510644
0.0536952
0.0564747
0.0593128
0.0622957
0.0653626
0.0685232
0.0718278
0.0750866
0.0785662
0.000410506
0.000583295
-4.88156e-06
-0.001029
-0.00195416
-0.00183239
-0.000782225
0.000300695
0.00125577
0.00236173
0.00352282
0.00450922
0.00543988
0.00650458
0.00760952
0.00865224
0.00970552
0.0108248
0.0119902
0.0131486
0.0143162
0.0155595
0.0168763
0.018255
0.0197022
0.0211854
0.0227011
0.0242531
0.0258511
0.0275344
0.0292758
0.0311275
0.0330146
0.0349345
0.036966
0.0391195
0.04131
0.0435939
0.0460095
0.0484878
0.0510656
0.0536965
0.0564761
0.059314
0.0622967
0.0653637
0.0685242
0.0718291
0.0750895
0.0785698
0.000530956
0.000760393
0.000174281
-0.000810878
-0.0017547
-0.0017285
-0.000747897
0.000317121
0.00127278
0.00238877
0.00355688
0.00453806
0.00546095
0.00652227
0.00762471
0.0086641
0.00971554
0.0108332
0.011996
0.013153
0.0143211
0.0155652
0.0168819
0.0182606
0.0197079
0.0211906
0.0227053
0.0242554
0.0258533
0.0275379
0.0292801
0.0311318
0.0330178
0.0349371
0.0369695
0.0391232
0.041313
0.0435965
0.0460117
0.0484894
0.0510669
0.0536979
0.0564776
0.0593154
0.0622978
0.0653648
0.0685254
0.0718305
0.0750925
0.0785736
0.000640381
0.000940209
0.000353145
-0.000598607
-0.001554
-0.00161667
-0.000707287
0.000335902
0.00128863
0.00241411
0.00359154
0.00456884
0.00548352
0.00654082
0.00764054
0.00867649
0.00972599
0.010842
0.012002
0.0131575
0.0143262
0.0155711
0.0168877
0.0182665
0.0197138
0.0211961
0.0227096
0.0242579
0.0258556
0.0275416
0.0292845
0.0311363
0.0330211
0.0349397
0.0369731
0.039127
0.041316
0.0435992
0.0460141
0.048491
0.0510683
0.0536994
0.0564792
0.0593167
0.062299
0.065366
0.0685266
0.071832
0.0750956
0.0785775
0.000738809
0.00112147
0.000532558
-0.000391865
-0.00135284
-0.00149779
-0.000660085
0.000357937
0.00130387
0.00243747
0.00362634
0.00460152
0.00550772
0.00656033
0.00765707
0.00868944
0.00973688
0.0108511
0.0120083
0.0131623
0.0143315
0.0155771
0.0168937
0.0182726
0.0197199
0.0212018
0.0227141
0.0242603
0.0258579
0.0275454
0.0292891
0.0311409
0.0330245
0.0349425
0.0369768
0.0391308
0.0413191
0.0436021
0.0460165
0.0484927
0.0510696
0.0537009
0.0564808
0.0593182
0.0623002
0.0653672
0.0685278
0.0718335
0.0750988
0.0785815
0.000829001
0.0013032
0.000713275
-0.000190248
-0.00115196
-0.00137284
-0.000606304
0.000384005
0.00131912
0.00245864
0.0036608
0.00463599
0.00553372
0.00658096
0.00767437
0.00870296
0.0097482
0.0108606
0.0120149
0.0131674
0.0143369
0.0155832
0.0168999
0.018279
0.0197264
0.0212077
0.0227188
0.0242629
0.0258604
0.0275494
0.0292938
0.0311458
0.033028
0.0349453
0.0369807
0.0391349
0.0413223
0.043605
0.046019
0.0484945
0.0510711
0.0537025
0.0564825
0.0593196
0.0623015
0.0653685
0.0685291
0.0718351
0.0751019
0.0785856
0.000916059
0.00148447
0.000895823
6.59039e-06
-0.000952053
-0.00124273
-0.000546251
0.000414768
0.00133522
0.0024776
0.00369442
0.00467208
0.0055616
0.00660282
0.00769253
0.0087171
0.00975996
0.0108705
0.0120219
0.0131727
0.0143425
0.0155895
0.0169062
0.0182857
0.0197331
0.0212139
0.0227237
0.0242655
0.025863
0.0275536
0.0292987
0.0311508
0.0330316
0.0349482
0.0369848
0.039139
0.0413256
0.043608
0.0460216
0.0484963
0.0510726
0.0537041
0.0564842
0.0593212
0.0623028
0.0653698
0.0685305
0.0718367
0.0751052
0.0785899
0.00100421
0.00166433
0.00108037
0.000198968
-0.000753602
-0.00110814
-0.000480418
0.000450699
0.0013531
0.00249456
0.00372672
0.00470949
0.00559142
0.00662603
0.00771165
0.00873191
0.00977219
0.0108807
0.0120292
0.0131782
0.0143482
0.015596
0.0169127
0.0182926
0.0197401
0.0212203
0.0227288
0.0242682
0.0258657
0.0275579
0.0293038
0.031156
0.0330353
0.0349512
0.036989
0.0391433
0.041329
0.0436111
0.0460243
0.0484982
0.0510742
0.0537058
0.056486
0.0593227
0.0623042
0.0653712
0.0685319
0.0718384
0.0751085
0.0785943
0.00109662
0.00184232
0.00126673
0.000387214
-0.000556897
-0.000969546
-0.000409472
0.000491986
0.00137368
0.00250988
0.00375731
0.00474791
0.0056232
0.00665074
0.00773185
0.00874747
0.00978488
0.0108913
0.0120369
0.0131841
0.0143542
0.0156026
0.0169195
0.0182998
0.0197474
0.021227
0.022734
0.024271
0.0258685
0.0275624
0.029309
0.0311614
0.0330391
0.0349542
0.0369935
0.0391478
0.0413324
0.0436143
0.0460271
0.0485002
0.0510758
0.0537076
0.0564879
0.0593243
0.0623057
0.0653726
0.0685334
0.0718402
0.0751118
0.0785988
0.00119626
0.00201862
0.0014546
0.000571693
-0.00036224
-0.000827357
-0.000334175
0.000538626
0.00139788
0.00252409
0.00378584
0.00478695
0.00565686
0.00667702
0.00775327
0.00876387
0.00979807
0.0109023
0.0120449
0.0131902
0.0143603
0.0156094
0.0169264
0.0183073
0.0197551
0.0212339
0.0227395
0.0242738
0.0258715
0.0275671
0.0293145
0.031167
0.033043
0.0349574
0.036998
0.0391524
0.041336
0.0436176
0.04603
0.0485023
0.0510776
0.0537094
0.0564898
0.059326
0.0623072
0.0653741
0.068535
0.0718421
0.0751152
0.0786034
0.00130482
0.00219355
0.00164352
0.000752758
-0.000169973
-0.000681888
-0.000255232
0.000590374
0.00142651
0.00253783
0.00381211
0.00482617
0.00569224
0.00670493
0.007776
0.0087812
0.00981181
0.0109136
0.0120533
0.0131965
0.0143666
0.0156164
0.0169336
0.0183152
0.019763
0.0212411
0.0227451
0.0242768
0.0258746
0.0275719
0.0293201
0.0311728
0.0330471
0.0349607
0.0370028
0.0391571
0.0413396
0.043621
0.0460331
0.0485044
0.0510794
0.0537113
0.0564918
0.0593278
0.0623088
0.0653756
0.0685366
0.071844
0.0751187
0.0786081
0.00142179
0.00236732
0.00183273
0.000930564
1.9482e-05
-0.000533348
-0.000173112
0.000646753
0.00146018
0.00255184
0.00383602
0.00486519
0.00572916
0.0067345
0.00780017
0.00879961
0.00982615
0.0109253
0.0120619
0.0132032
0.0143731
0.0156236
0.016941
0.0183233
0.0197713
0.0212486
0.0227509
0.0242798
0.0258779
0.027577
0.0293259
0.0311788
0.0330512
0.0349641
0.0370078
0.039162
0.0413434
0.0436245
0.0460362
0.0485066
0.0510812
0.0537132
0.0564939
0.0593296
0.0623105
0.0653772
0.0685383
0.071846
0.0751222
0.078613
0.00154457
0.00254
0.00202151
0.00110531
0.000205707
-0.00038194
-8.81534e-05
0.000707086
0.00149937
0.00256699
0.00385772
0.00490366
0.00576739
0.00676568
0.00782588
0.00881922
0.00984118
0.0109373
0.012071
0.0132101
0.0143797
0.015631
0.0169487
0.0183319
0.01978
0.0212563
0.0227569
0.0242829
0.0258814
0.0275823
0.0293319
0.0311851
0.0330554
0.0349676
0.037013
0.039167
0.0413472
0.0436282
0.0460395
0.0485089
0.0510832
0.0537153
0.0564961
0.0593314
0.0623122
0.0653789
0.0685401
0.0718481
0.0751257
0.078618
0.00167027
0.00271173
0.0022093
0.00127723
0.000388313
-0.000227921
-6.02069e-07
0.000770503
0.00154424
0.00258417
0.00387747
0.00494129
0.00580666
0.00679837
0.00785317
0.00884014
0.00985697
0.0109498
0.0120803
0.0132172
0.0143866
0.0156386
0.0169566
0.0183408
0.019789
0.0212644
0.0227631
0.0242861
0.025885
0.0275877
0.0293381
0.0311916
0.0330598
0.0349712
0.0370184
0.0391722
0.0413511
0.043632
0.0460429
0.0485113
0.0510852
0.0537174
0.0564983
0.0593333
0.062314
0.0653806
0.068542
0.0718503
0.0751293
0.0786231
0.00179587
0.00288212
0.0023957
0.00144652
0.000566799
-7.1651e-05
8.95554e-05
0.000836203
0.00159479
0.00260425
0.00389561
0.00497778
0.00584668
0.00683243
0.00788207
0.00886253
0.00987366
0.0109627
0.01209
0.0132247
0.0143936
0.0156464
0.0169648
0.0183501
0.0197983
0.0212727
0.0227695
0.0242895
0.0258889
0.0275934
0.0293444
0.0311983
0.0330643
0.0349749
0.0370241
0.0391775
0.0413552
0.0436359
0.0460464
0.0485138
0.0510874
0.0537196
0.0565006
0.0593353
0.0623159
0.0653825
0.0685439
0.0718526
0.075133
0.0786283
0.00191841
0.00305053
0.00258059
0.00161337
0.00074067
8.64624e-05
0.000182513
0.000903416
0.0016508
0.00262806
0.0039126
0.00501295
0.00588723
0.00686766
0.00791255
0.00888648
0.00989134
0.010976
0.0121
0.0132323
0.0144008
0.0156545
0.0169734
0.0183599
0.0198081
0.0212813
0.0227761
0.0242929
0.025893
0.0275993
0.029351
0.0312053
0.0330689
0.0349787
0.03703
0.039183
0.0413593
0.04364
0.0460501
0.0485163
0.0510896
0.0537219
0.056503
0.0593373
0.0623179
0.0653844
0.0685459
0.071855
0.0751366
0.0786336
0.00203618
0.00321622
0.00276378
0.00177805
0.000909617
0.000245903
0.000278512
0.000971382
0.0017117
0.00265631
0.00392904
0.00504675
0.00592814
0.00690388
0.00794449
0.00891206
0.00991016
0.01099
0.0121104
0.0132402
0.0144082
0.0156627
0.0169822
0.0183701
0.0198182
0.0212902
0.0227828
0.0242965
0.0258974
0.0276054
0.0293578
0.0312126
0.0330736
0.0349827
0.0370361
0.0391886
0.0413635
0.0436442
0.0460539
0.048519
0.0510919
0.0537243
0.0565055
0.0593394
0.06232
0.0653863
0.068548
0.0718575
0.0751404
0.078639
0.00214814
0.00337822
0.0029451
0.0019409
0.00107331
0.000405895
0.000377901
0.00103963
0.0017768
0.00268953
0.00394548
0.00507913
0.00596918
0.00694087
0.00797777
0.00893932
0.0099302
0.0110045
0.0121211
0.0132483
0.0144157
0.0156712
0.0169914
0.0183808
0.0198288
0.0212994
0.0227897
0.0243002
0.025902
0.0276116
0.0293649
0.0312201
0.0330783
0.0349868
0.0370425
0.0391944
0.0413679
0.0436486
0.0460579
0.0485218
0.0510943
0.0537268
0.0565081
0.0593416
0.0623221
0.0653884
0.0685501
0.0718601
0.0751441
0.0786445
0.00225366
0.0035356
0.00312445
0.00210232
0.00123145
0.0005655
0.00048102
0.00110785
0.0018452
0.00272809
0.00396258
0.00511017
0.00601023
0.00697849
0.00801221
0.00896823
0.00995158
0.0110199
0.0121324
0.0132566
0.0144234
0.0156798
0.0170009
0.018392
0.0198397
0.0213089
0.0227968
0.0243041
0.025907
0.0276181
0.0293721
0.031228
0.0330832
0.0349911
0.0370491
0.0392003
0.0413723
0.0436531
0.046062
0.0485246
0.0510969
0.0537294
0.0565108
0.0593439
0.0623244
0.0653905
0.0685524
0.0718629
0.075148
0.0786501
0.00235271
0.00368733
0.0033014
0.00226274
0.00138412
0.000723763
0.000588108
0.00117587
0.00191581
0.00277219
0.00398108
0.00514007
0.0060512
0.00701661
0.00804765
0.00899874
0.00997434
0.011036
0.0121442
0.0132652
0.0144312
0.0156887
0.0170107
0.0184037
0.0198512
0.0213187
0.0228041
0.0243081
0.0259123
0.0276248
0.0293796
0.0312361
0.0330882
0.0349956
0.0370561
0.0392064
0.0413769
0.0436578
0.0460662
0.0485276
0.0510995
0.053732
0.0565136
0.0593462
0.0623267
0.0653927
0.0685547
0.0718657
0.0751518
0.0786558
0.00244581
0.00383275
0.00347548
0.00242251
0.00153151
0.000879496
0.000699218
0.0012439
0.00198761
0.00282188
0.00400163
0.00516896
0.00609197
0.00705508
0.0080839
0.00903077
0.00999851
0.0110531
0.0121566
0.0132741
0.0144391
0.0156978
0.0170209
0.018416
0.019863
0.0213289
0.0228115
0.0243123
0.025918
0.0276317
0.0293872
0.0312445
0.0330933
0.0350002
0.0370633
0.0392126
0.0413815
0.0436626
0.0460706
0.0485306
0.0511023
0.0537348
0.0565164
0.0593486
0.0623292
0.0653951
0.068557
0.0718687
0.0751558
0.0786616
0.00253371
0.00397135
0.00364604
0.00258178
0.00167392
0.00103151
0.00081417
0.00131238
0.00205961
0.00287683
0.00402488
0.00519713
0.00613251
0.00709379
0.00812084
0.00906426
0.0100241
0.0110711
0.0121698
0.0132832
0.0144472
0.0157071
0.0170314
0.0184287
0.0198753
0.0213394
0.022819
0.0243167
0.025924
0.0276387
0.0293952
0.0312533
0.0330984
0.035005
0.0370708
0.0392189
0.0413863
0.0436677
0.0460752
0.0485338
0.0511052
0.0537377
0.0565194
0.059351
0.0623317
0.0653975
0.0685595
0.0718718
0.0751598
0.0786674
0.00261786
0.00410289
0.00381209
0.00274039
0.00181184
0.00117888
0.000932589
0.00138177
0.00213089
0.00293658
0.00405137
0.00522491
0.0061729
0.0071326
0.00815818
0.00909913
0.0100511
0.01109
0.0121837
0.0132928
0.0144554
0.0157166
0.0170423
0.018442
0.019888
0.0213502
0.0228267
0.0243213
0.0259305
0.027646
0.0294034
0.0312623
0.0331037
0.0350101
0.0370786
0.0392254
0.0413913
0.0436729
0.0460799
0.048537
0.0511082
0.0537407
0.0565225
0.0593536
0.0623343
0.0654
0.068562
0.071875
0.0751638
0.0786733
0.00270078
0.00422754
0.00397256
0.0028981
0.00194596
0.00132072
0.0010538
0.00145265
0.00220071
0.00300051
0.00408158
0.00525247
0.00621323
0.00717157
0.00819564
0.00913526
0.0100795
0.0111099
0.0121985
0.0133029
0.0144638
0.0157263
0.0170536
0.0184558
0.0199011
0.0213614
0.0228345
0.0243262
0.0259374
0.0276534
0.0294118
0.0312717
0.033109
0.0350153
0.0370868
0.039232
0.0413963
0.0436784
0.0460848
0.0485404
0.0511114
0.0537439
0.0565256
0.0593562
0.0623371
0.0654027
0.0685645
0.0718783
0.0751679
0.0786793
0.00278462
0.0043458
0.00412656
0.00305456
0.00207703
0.00145617
0.00117678
0.00152568
0.00226844
0.00306767
0.00411608
0.00528011
0.00625341
0.00721091
0.00823309
0.00917237
0.0101094
0.0111306
0.0122141
0.0133137
0.0144725
0.015736
0.0170653
0.0184702
0.0199146
0.0213729
0.0228425
0.0243314
0.0259448
0.0276609
0.0294206
0.0312814
0.0331143
0.0350209
0.0370952
0.0392387
0.0414015
0.043684
0.0460898
0.0485439
0.0511147
0.0537471
0.0565289
0.059359
0.0623399
0.0654054
0.0685672
0.0718818
0.0751721
0.0786853
0.00287053
0.00445866
0.00427322
0.00320883
0.00220576
0.00158481
0.00130028
0.00160157
0.00233387
0.00313685
0.00415517
0.0053084
0.00629333
0.0072506
0.00827045
0.00921024
0.0101406
0.0111523
0.0122304
0.0133251
0.0144816
0.015746
0.0170774
0.0184853
0.0199284
0.0213847
0.0228507
0.024337
0.0259526
0.0276685
0.0294296
0.0312914
0.0331197
0.0350267
0.037104
0.0392455
0.0414068
0.0436899
0.046095
0.0485475
0.0511182
0.0537505
0.0565322
0.0593618
0.0623428
0.0654083
0.0685699
0.0718853
0.0751763
0.0786914
0.00295864
0.00456728
0.00441188
0.00335965
0.00233277
0.00170655
0.00142274
0.00168064
0.00239713
0.00320686
0.00419875
0.00533785
0.00633311
0.00729069
0.00830753
0.00924864
0.0101734
0.0111749
0.0122473
0.0133372
0.0144913
0.0157561
0.0170898
0.0185009
0.0199425
0.0213967
0.0228591
0.0243431
0.025961
0.0276761
0.029439
0.0313018
0.0331252
0.0350328
0.0371132
0.0392523
0.0414124
0.043696
0.0461004
0.0485512
0.0511218
0.0537541
0.0565357
0.0593647
0.0623458
0.0654113
0.0685727
0.0718891
0.0751806
0.0786975
0.00304787
0.00467228
0.00454213
0.00350569
0.00245845
0.00182155
0.00154244
0.00176306
0.00245853
0.00327662
0.00424663
0.00536882
0.00637277
0.00733147
0.00834442
0.00928701
0.0102074
0.0111987
0.0122648
0.0133497
0.0145018
0.0157666
0.0171026
0.018517
0.019957
0.0214089
0.0228675
0.0243497
0.0259699
0.0276838
0.0294487
0.0313125
0.0331307
0.0350394
0.0371226
0.0392593
0.0414181
0.0437023
0.0461059
0.0485551
0.0511256
0.0537577
0.0565392
0.0593678
0.062349
0.0654144
0.0685755
0.0718929
0.075185
0.0787036
0.00313669
0.00477398
0.00466384
0.00364546
0.00258287
0.00193053
0.00165772
0.00184875
0.00251867
0.00334496
0.0042985
0.00540181
0.00641215
0.00737287
0.00838153
0.00932521
0.0102421
0.0112238
0.0122831
0.0133627
0.0145129
0.0157776
0.0171159
0.0185337
0.0199718
0.0214213
0.0228759
0.0243571
0.0259794
0.0276915
0.0294588
0.0313235
0.0331362
0.0350463
0.0371323
0.0392663
0.0414239
0.0437089
0.0461116
0.048559
0.0511295
0.0537616
0.0565429
0.0593709
0.0623522
0.0654176
0.0685784
0.0718968
0.0751894
0.0787097
0.00322403
0.0048728
0.00477738
0.00377763
0.0027056
0.00203452
0.00176697
0.00193692
0.00257846
0.00341079
0.00435357
0.00543736
0.00645144
0.00741461
0.00841892
0.00936354
0.0102771
0.0112497
0.0123023
0.0133762
0.0145247
0.0157892
0.0171297
0.0185508
0.0199869
0.0214339
0.0228844
0.0243651
0.0259896
0.0276991
0.0294692
0.0313347
0.0331418
0.0350536
0.0371424
0.0392733
0.04143
0.0437157
0.0461174
0.0485631
0.0511337
0.0537655
0.0565466
0.0593742
0.0623555
0.0654209
0.0685814
0.0719009
0.0751939
0.0787159
0.00330837
0.00496844
0.00488324
0.00390107
0.00282542
0.00213452
0.00186914
0.00202623
0.00263898
0.00347351
0.00441075
0.00547579
0.00649091
0.00745664
0.00845641
0.00940196
0.0103125
0.0112762
0.0123222
0.0133903
0.0145372
0.0158015
0.0171441
0.0185681
0.0200023
0.0214467
0.0228928
0.0243739
0.0260005
0.0277067
0.02948
0.0313462
0.0331475
0.0350615
0.0371527
0.0392803
0.0414364
0.0437228
0.0461234
0.0485673
0.051138
0.0537696
0.0565504
0.0593776
0.0623589
0.0654244
0.0685845
0.0719051
0.0751986
0.0787221
0.00338773
0.00506018
0.00498181
0.00401506
0.00294073
0.00223135
0.00196391
0.00211485
0.00270103
0.00353306
0.00446885
0.00551721
0.00653076
0.00749903
0.00849409
0.00944027
0.0103481
0.0113033
0.0123428
0.0134051
0.0145503
0.0158145
0.0171595
0.0185857
0.0200176
0.0214597
0.0229013
0.0243836
0.0260121
0.0277143
0.0294912
0.0313579
0.0331533
0.03507
0.0371633
0.0392874
0.041443
0.0437302
0.0461295
0.0485717
0.0511425
0.0537739
0.0565543
0.0593811
0.0623625
0.065428
0.0685876
0.0719093
0.0752033
0.0787283
0.00346073
0.00514722
0.00507335
0.00411949
0.00304994
0.00232532
0.00205151
0.00220065
0.00276496
0.00358983
0.00452657
0.00556162
0.00657121
0.00754169
0.00853209
0.00947852
0.0103838
0.0113304
0.012364
0.013421
0.0145641
0.0158279
0.017176
0.0186039
0.0200329
0.0214729
0.0229098
0.0243941
0.0260242
0.027722
0.0295029
0.0313696
0.0331591
0.0350791
0.0371741
0.0392944
0.0414499
0.0437379
0.0461357
0.0485762
0.0511473
0.0537783
0.0565583
0.0593848
0.0623661
0.0654317
0.0685909
0.0719137
0.075208
0.0787344
0.00352654
0.00522863
0.0051578
0.00421454
0.00315149
0.00241616
0.00213291
0.00228161
0.00283048
0.0036447
0.00458254
0.00560858
0.00661256
0.00758433
0.00857043
0.00951673
0.0104197
0.0113575
0.0123849
0.013438
0.0145794
0.0158418
0.0171933
0.0186224
0.0200481
0.0214862
0.0229184
0.0244054
0.026037
0.0277299
0.0295152
0.0313812
0.0331651
0.0350889
0.0371851
0.0393014
0.0414572
0.0437459
0.046142
0.0485808
0.0511522
0.0537829
0.0565624
0.0593886
0.0623699
0.0654355
0.0685942
0.0719181
0.0752129
0.0787406
0.00358434
0.0053036
0.00523466
0.00430042
0.0032443
0.00250267
0.00220921
0.00235625
0.00289631
0.00369889
0.00463598
0.00565728
0.00665528
0.00762677
0.00860904
0.00955466
0.0104556
0.0113852
0.0124053
0.0134552
0.0145962
0.0158566
0.0172115
0.0186411
0.0200631
0.0214995
0.0229275
0.0244178
0.02605
0.0277379
0.0295281
0.0313927
0.0331713
0.0350995
0.0371961
0.0393083
0.0414648
0.0437542
0.0461484
0.0485857
0.0511574
0.0537876
0.0565665
0.0593925
0.0623737
0.0654394
0.0685975
0.0719227
0.0752179
0.0787467
0.00363297
0.0053714
0.00530342
0.00437696
0.00332788
0.00258321
0.00228118
0.00242414
0.00296056
0.00375317
0.00468679
0.00570674
0.00669968
0.00766892
0.0086479
0.00959232
0.0104909
0.0114134
0.0124256
0.0134727
0.0146144
0.0158725
0.0172306
0.0186603
0.0200779
0.0215124
0.0229369
0.0244315
0.0260632
0.0277462
0.0295417
0.0314039
0.0331777
0.035111
0.0372072
0.0393152
0.0414729
0.0437627
0.0461549
0.0485907
0.0511629
0.0537925
0.0565707
0.0593966
0.0623777
0.0654434
0.068601
0.0719273
0.0752229
0.0787529
0.00367182
0.00543158
0.00536396
0.00444343
0.00340168
0.00265606
0.00234902
0.00248576
0.00302148
0.00380781
0.00473504
0.00575568
0.00674613
0.00771076
0.00868645
0.00962999
0.0105255
0.0114417
0.0124457
0.0134902
0.0146342
0.0158899
0.0172502
0.0186793
0.020093
0.0215253
0.0229466
0.0244463
0.0260764
0.0277549
0.0295561
0.0314147
0.0331843
0.0351234
0.0372183
0.0393221
0.0414815
0.0437715
0.0461614
0.0485959
0.0511686
0.0537975
0.056575
0.0594008
0.0623817
0.0654476
0.0686045
0.0719319
0.075228
0.078759
0.00370036
0.0054831
0.00541648
0.0044993
0.00346544
0.00271955
0.00241154
0.0025419
0.00307764
0.00386279
0.00478171
0.00580262
0.00679429
0.00775296
0.00872413
0.00966737
0.0105593
0.0114702
0.0124661
0.0135074
0.0146547
0.0159095
0.0172712
0.0186975
0.0201077
0.0215383
0.0229571
0.0244623
0.0260894
0.0277638
0.0295714
0.0314251
0.0331914
0.0351367
0.0372292
0.0393289
0.0414905
0.0437806
0.046168
0.0486013
0.0511746
0.0538027
0.0565794
0.0594053
0.0623859
0.0654518
0.0686082
0.0719366
0.0752332
0.078765
0.00371828
0.00552409
0.00546063
0.00454405
0.00351896
0.00277316
0.00246697
0.00259287
0.00312799
0.00391707
0.00482821
0.00584706
0.00684294
0.00779581
0.00876077
0.00970408
0.0105923
0.0114983
0.0124872
0.0135253
0.0146751
0.0159305
0.0172941
0.0187153
0.0201219
0.021551
0.0229683
0.0244799
0.0261022
0.0277732
0.0295873
0.031435
0.0331991
0.035151
0.0372399
0.0393358
0.0415002
0.0437899
0.0461746
0.0486069
0.0511808
0.0538079
0.0565838
0.0594098
0.0623902
0.065456
0.0686119
0.0719414
0.0752385
0.0787711
0.00372605
0.00555298
0.00549536
0.00457648
0.00356089
0.00281689
0.00251412
0.00263886
0.00317193
0.00396888
0.00487543
0.00588943
0.00689129
0.00783942
0.00879583
0.00973926
0.0106246
0.0115259
0.0125085
0.0135448
0.0146958
0.015952
0.0173186
0.0187329
0.0201355
0.0215638
0.0229804
0.0244985
0.0261147
0.0277833
0.0296039
0.0314441
0.0332076
0.0351662
0.0372502
0.0393428
0.0415106
0.0437994
0.0461811
0.0486128
0.0511874
0.0538133
0.0565883
0.0594146
0.0623945
0.0654604
0.0686157
0.0719462
0.0752438
0.078777
0.00372321
0.00556807
0.0055197
0.00459619
0.00358896
0.00284977
0.00255189
0.00268031
0.00321013
0.00401624
0.00492333
0.0059302
0.00693834
0.00788435
0.00882996
0.00977156
0.0106554
0.011553
0.01253
0.0135668
0.0147174
0.0159732
0.0173444
0.0187508
0.0201482
0.0215762
0.0229942
0.0245183
0.0261267
0.0277942
0.0296206
0.0314529
0.0332174
0.035182
0.0372597
0.03935
0.0415217
0.0438091
0.0461877
0.048619
0.0511942
0.0538188
0.0565928
0.0594195
0.062399
0.0654648
0.0686196
0.071951
0.0752491
0.078783
0.00370811
0.00556635
0.0055309
0.00460357
0.00360164
0.00286992
0.00257836
0.00271687
0.00324485
0.00405871
0.00497103
0.00596952
0.00698239
0.00792943
0.00886433
0.00980171
0.0106844
0.0115787
0.0125506
0.0135915
0.0147417
0.0159938
0.0173697
0.0187697
0.0201612
0.0215876
0.0230089
0.024539
0.0261389
0.0278064
0.0296369
0.0314606
0.033229
0.0351989
0.0372685
0.0393574
0.0415335
0.0438187
0.0461941
0.0486255
0.0512013
0.0538243
0.0565974
0.0594247
0.0624036
0.0654692
0.0686236
0.0719558
0.0752545
0.0787888
0.00368145
0.00554604
0.00552446
0.00459746
0.00359879
0.00287654
0.00259109
0.00274508
0.00327647
0.00409742
0.00501967
0.00600918
0.00702294
0.00797231
0.00889722
0.00982909
0.010712
0.0116045
0.0125707
0.0136177
0.014769
0.0160148
0.0173927
0.0187884
0.0201755
0.0215995
0.0230248
0.0245595
0.0261506
0.0278207
0.0296528
0.0314673
0.0332424
0.0352163
0.0372763
0.0393653
0.0415464
0.0438286
0.0462005
0.0486324
0.0512087
0.0538299
0.0566021
0.0594299
0.0624082
0.0654737
0.0686277
0.0719606
0.0752598
0.0787946
0.00364132
0.00550661
0.00549698
0.00457558
0.00358009
0.0028708
0.00259185
0.00276275
0.00330233
0.0041295
0.00506744
0.00605118
0.00706222
0.00801392
0.00892882
0.00985228
0.0107357
0.0116294
0.0125915
0.0136457
0.0147994
0.0160374
0.0174127
0.0188057
0.020191
0.0216118
0.0230425
0.0245801
0.0261621
0.0278369
0.0296674
0.031473
0.0332584
0.0352343
0.0372826
0.0393734
0.0415602
0.0438384
0.046207
0.0486398
0.0512164
0.0538355
0.0566069
0.0594354
0.0624129
0.0654782
0.0686318
0.0719653
0.0752652
0.0788003
0.00357767
0.00544313
0.00544353
0.0045332
0.00354222
0.00285069
0.00258433
0.00277458
0.0033263
0.00415565
0.0051094
0.00609076
0.00709737
0.00805278
0.00896008
0.0098739
0.0107573
0.0116531
0.0126127
0.0136744
0.0148321
0.016063
0.0174302
0.0188203
0.0202081
0.0216256
0.0230613
0.0245996
0.0261738
0.0278559
0.0296809
0.0314774
0.0332769
0.035253
0.037288
0.0393821
0.0415747
0.0438478
0.0462131
0.0486475
0.0512244
0.0538412
0.0566119
0.0594412
0.0624178
0.0654828
0.0686362
0.0719711
0.0752705
0.078806
0.00348485
0.00535097
0.00535864
0.00446434
0.00348089
0.00280978
0.00256434
0.00278039
0.0033537
0.00418545
0.00515205
0.00613066
0.00712663
0.00808289
0.00898479
0.00988999
0.0107759
0.0116773
0.012637
0.0137048
0.0148649
0.0160907
0.0174463
0.0188321
0.0202259
0.021642
0.0230826
0.0246184
0.0261856
0.0278769
0.029693
0.0314819
0.0332983
0.0352716
0.0372919
0.0393916
0.0415902
0.0438572
0.0462192
0.0486555
0.0512323
0.0538464
0.0566165
0.0594467
0.0624224
0.0654871
0.0686403
0.0719755
0.0752758
0.0788115
0.00336314
0.00522769
0.00523641
0.00436126
0.00339378
0.00274731
0.00252993
0.00277517
0.00337739
0.00421699
0.00519661
0.0061768
0.00715873
0.00811018
0.00900535
0.00989983
0.0107884
0.0116981
0.0126627
0.0137364
0.0148969
0.0161191
0.01746
0.0188402
0.020243
0.0216599
0.0231052
0.0246361
0.0261992
0.0279004
0.0297029
0.0314868
0.0333236
0.035291
0.0372957
0.0394029
0.0416073
0.0438671
0.0462263
0.048665
0.0512414
0.0538527
0.0566222
0.0594532
0.0624276
0.0654918
0.0686448
0.0719805
0.0752811
0.0788169
0.00322172
0.00507452
0.00507331
0.00421384
0.00327298
0.0026612
0.00248376
0.00276504
0.00339943
0.00424788
0.00523473
0.00621844
0.0071877
0.00813337
0.00902563
0.00991179
0.0108043
0.0117226
0.012693
0.0137695
0.0149272
0.0161471
0.0174717
0.0188443
0.0202574
0.0216781
0.0231268
0.024649
0.026211
0.0279217
0.029707
0.0314895
0.0333484
0.0353062
0.0372954
0.0394126
0.0416224
0.0438742
0.0462311
0.0486729
0.0512486
0.053857
0.0566265
0.0594586
0.062432
0.0654958
0.0686489
0.0719848
0.0752861
0.0788221
0.0030632
0.00489086
0.00487181
0.00402396
0.00311598
0.00254701
0.00242038
0.00274744
0.00341944
0.00428101
0.00526877
0.00625278
0.00720757
0.00814323
0.00903505
0.00991845
0.0108217
0.0117544
0.0127343
0.0138122
0.0149642
0.0161828
0.0174919
0.0188552
0.020278
0.0217063
0.0231585
0.0246696
0.0262325
0.0279503
0.029715
0.0315003
0.0333823
0.0353267
0.0373
0.0394285
0.0416427
0.0438852
0.0462401
0.0486848
0.0512589
0.0538639
0.0566331
0.0594658
0.0624374
0.0655007
0.0686535
0.0719896
0.0752912
0.0788273
0.00285225
0.00465438
0.00462124
0.00379909
0.00294657
0.00243161
0.00235909
0.00273198
0.00343752
0.00431063
0.00528998
0.00626768
0.00720679
0.00812939
0.00902238
0.00990763
0.0108238
0.0117698
0.0127583
0.0138364
0.0149834
0.0162025
0.0174972
0.0188503
0.0202812
0.021722
0.023179
0.0246772
0.0262446
0.0279673
0.0297102
0.0315041
0.033409
0.035337
0.037297
0.039439
0.0416569
0.0438901
0.0462442
0.0486929
0.0512655
0.0538677
0.0566373
0.0594712
0.0624417
0.0655045
0.0686575
0.0719938
0.0752959
0.0788321
0.00245843
0.00424685
0.00425611
0.00351291
0.00276361
0.00234702
0.00235997
0.00278982
0.00351922
0.00439146
0.00534566
0.00630272
0.00722189
0.00813278
0.00903478
0.00993087
0.0108617
0.011817
0.01281
0.0138843
0.0150246
0.0162431
0.0175244
0.018866
0.0202985
0.0217539
0.0232184
0.024702
0.026272
0.027994
0.0297149
0.0315224
0.0334476
0.0353546
0.0373021
0.0394585
0.041678
0.0439006
0.0462543
0.048706
0.0512757
0.0538745
0.0566441
0.0594784
0.062447
0.0655091
0.0686621
0.0719982
0.0753006
0.0788369
0.00187244
0.00351927
0.00355316
0.00294462
0.00237867
0.00213581
0.00228671
0.00279343
0.0035408
0.00440489
0.00533134
0.00627059
0.00718028
0.00808875
0.00900603
0.00991895
0.0108654
0.0118294
0.0128306
0.0139054
0.0150438
0.0162625
0.0175329
0.018866
0.0202957
0.0217663
0.0232443
0.0247178
0.0262905
0.0280061
0.0297073
0.0315354
0.0334784
0.035362
0.0373014
0.0394736
0.0416927
0.0439053
0.0462604
0.0487161
0.051283
0.0538789
0.0566493
0.0594845
0.0624515
0.0655131
0.0686661
0.0720022
0.0753049
0.0788411
0.00201284
0.00325178
0.00312048
0.00259864
0.0022031
0.002119
0.00237718
0.00291013
0.00362546
0.00444631
0.00532763
0.0062442
0.00715808
0.00807985
0.00901758
0.00994693
0.0109011
0.0118654
0.0128685
0.0139386
0.015074
0.0162925
0.0175549
0.0188814
0.0203012
0.0217819
0.0232775
0.0247459
0.0263173
0.0280186
0.0297027
0.0315574
0.0335147
0.0353705
0.0373037
0.0394934
0.0417105
0.0439121
0.046269
0.0487279
0.0512912
0.053884
0.056655
0.0594906
0.062456
0.0655171
0.0686702
0.0720061
0.075309
0.0788454
-0.000366382
0.00138512
0.00194265
0.00200782
0.00205229
0.002231
0.00256933
0.00306134
0.00369778
0.00445672
0.0052936
0.00619239
0.007116
0.00805874
0.0090176
0.00996494
0.0109285
0.0118948
0.0129059
0.0139747
0.0151087
0.0163264
0.0175817
0.0189053
0.0203117
0.0217951
0.0233125
0.0247854
0.0263522
0.0280318
0.0297016
0.0315859
0.0335542
0.0353814
0.0373108
0.0395174
0.0417298
0.0439203
0.0462802
0.0487421
0.0513009
0.0538907
0.0566622
0.0594979
0.0624611
0.0655214
0.0686743
0.0720099
0.0753129
0.0788489
-0.00202175
-0.0011622
1.79064e-05
0.0010364
0.00180346
0.00232915
0.00274207
0.00318444
0.00372809
0.00441069
0.00520051
0.00609269
0.00704116
0.00801732
0.00900375
0.00996865
0.01094
0.011902
0.0129142
0.0139807
0.0151122
0.0163348
0.0175887
0.0189115
0.0203069
0.021785
0.023325
0.0248146
0.0263718
0.0280242
0.0296879
0.0316043
0.0335803
0.0353795
0.0373078
0.0395321
0.0417404
0.0439216
0.0462854
0.0487507
0.0513059
0.0538936
0.0566664
0.0595025
0.0624645
0.0655244
0.0686776
0.072013
0.0753161
0.0788525
-0.00319616
-0.00105628
0.000303134
0.00121276
0.00187455
0.00239536
0.00284861
0.00330538
0.00382643
0.0044694
0.00521928
0.00608234
0.00702841
0.00801573
0.0090241
0.0100098
0.0109933
0.0119556
0.0129627
0.0140285
0.0151539
0.0163767
0.0176321
0.01895
0.0203381
0.0218029
0.0233539
0.0248733
0.0264242
0.028039
0.0296959
0.0316437
0.0336247
0.0353969
0.0373234
0.0395626
0.0417643
0.0439346
0.0463012
0.0487681
0.051318
0.0539026
0.0566752
0.0595105
0.0624702
0.0655291
0.0686818
0.0720166
0.0753194
0.0788554
-0.00407957
-0.00293551
-0.00132158
0.000184411
0.00136958
0.0022249
0.00283381
0.00332952
0.00383638
0.00445273
0.00517953
0.00602084
0.00696012
0.0079559
0.0089824
0.00999226
0.0109902
0.0119579
0.0129606
0.0140252
0.0151506
0.0163737
0.0176366
0.0189533
0.0203371
0.0217934
0.0233434
0.0248906
0.0264508
0.0280317
0.0296752
0.0316535
0.0336454
0.0353937
0.037317
0.0395721
0.0417717
0.0439335
0.0463035
0.048774
0.0513211
0.0539042
0.0566778
0.0595136
0.0624725
0.065531
0.0686839
0.0720185
0.0753214
0.0788574
-0.00545129
-0.00268965
-0.000812769
0.000505594
0.00148057
0.00223944
0.00284639
0.00336251
0.00387959
0.00449575
0.00521725
0.00604719
0.00697603
0.00796885
0.00899712
0.010015
0.011021
0.0119944
0.012998
0.0140623
0.0151881
0.0164092
0.0176746
0.0189925
0.0203747
0.0218265
0.0233702
0.0249268
0.0265009
0.0280712
0.0296969
0.0316811
0.0336856
0.0354249
0.0373386
0.0395991
0.0417987
0.043953
0.0463206
0.0487917
0.0513357
0.0539155
0.0566874
0.0595221
0.0624791
0.0655362
0.0686883
0.0720219
0.0753243
0.0788599
)
;

boundaryField
{
    zeroGradientPlanes
    {
        type            zeroGradient;
    }
    inlet
    {
        type            zeroGradient;
    }
    plate
    {
        type            zeroGradient;
    }
    frontAndBack
    {
        type            empty;
    }
}


// ************************************************************************* //
