/*--------------------------------*- C++ -*----------------------------------*\
| =========                 |                                                 |
| \\      /  F ield         | OpenFOAM: The Open Source CFD Toolbox           |
|  \\    /   O peration     | Version:  v2012                                 |
|   \\  /    A nd           | Website:  www.openfoam.com                      |
|    \\/     M anipulation  |                                                 |
\*---------------------------------------------------------------------------*/
FoamFile
{
    version     2.0;
    format      ascii;
    class       volScalarField;
    location    "7.4";
    object      p;
}
// * * * * * * * * * * * * * * * * * * * * * * * * * * * * * * * * * * * * * //

dimensions      [0 2 -2 0 0 0 0];


internalField   nonuniform List<scalar> 
7000
(
-7.09744e-11
0.00155279
0.00124085
0.00117175
-0.000141278
0.00150713
0.000704457
-0.00101471
0.000401819
0.00227187
0.00658184
0.00921836
0.0116594
0.014356
0.0166368
0.0198307
0.0220849
0.0257877
0.029435
0.0359999
6.90052e-07
0.00155118
0.00123685
0.0011708
-0.000133651
0.00151081
0.000698872
-0.000923085
0.000410572
0.00227105
0.00658477
0.0092
0.0116661
0.0143322
0.0166377
0.0197834
0.0220898
0.0257303
0.0294614
0.0357015
1.66286e-06
0.00154803
0.00123176
0.00117079
-0.000124641
0.00151434
0.000693002
-0.000872456
0.000419008
0.00226579
0.00658296
0.00917376
0.0116711
0.0142947
0.0166301
0.0197305
0.0220805
0.0256576
0.0294621
0.0352151
2.91273e-06
0.00154535
0.00122661
0.00117133
-0.000115531
0.00151797
0.000686637
-0.000826977
0.000425577
0.0022576
0.00657875
0.00914457
0.0116696
0.0142531
0.0166158
0.0196747
0.022062
0.0255832
0.0294149
0.0347118
4.66419e-06
0.00154342
0.00122113
0.00117237
-0.000105717
0.00152182
0.000679259
-0.000783844
0.000432171
0.00224843
0.00657547
0.00911249
0.0116677
0.0142067
0.0166041
0.0196132
0.0220473
0.0254969
0.0293264
0.034227
7.00279e-06
0.00154187
0.00121535
0.00117415
-9.48338e-05
0.00152541
0.000670752
-0.000741218
0.000439566
0.00223881
0.00657315
0.00907813
0.0116676
0.0141561
0.0165958
0.0195458
0.022036
0.025394
0.0291896
0.0337613
9.88988e-06
0.00154054
0.00120957
0.00117682
-8.2689e-05
0.00152827
0.000661379
-0.000697999
0.000447797
0.0022287
0.00657173
0.00904165
0.0116684
0.0141012
0.0165886
0.0194736
0.022023
0.0252781
0.029052
0.0333071
1.3259e-05
0.00153944
0.00120405
0.0011805
-6.91187e-05
0.00153
0.000651535
-0.000653752
0.000457193
0.00221834
0.00657197
0.00900254
0.0116701
0.014042
0.0165818
0.0193975
0.0220042
0.0251522
0.0288868
0.0328589
1.70563e-05
0.00153863
0.00119888
0.00118527
-5.40405e-05
0.00153031
0.000641677
-0.000608183
0.000468574
0.00220811
0.00657454
0.0089603
0.0116723
0.0139784
0.0165746
0.0193177
0.0219769
0.0250172
0.0286927
0.0324135
2.1239e-05
0.00153812
0.00119403
0.00119108
-3.75158e-05
0.00152905
0.000632337
-0.000560963
0.000482919
0.00219837
0.00657969
0.00891476
0.0116746
0.013911
0.0165655
0.0192344
0.0219386
0.0248733
0.0284695
0.0319676
2.57589e-05
0.00153787
0.00118941
0.00119771
-1.97308e-05
0.00152626
0.000624142
-0.000511792
0.000501232
0.00218969
0.00658747
0.00886604
0.0116763
0.01384
0.0165526
0.0191478
0.0218868
0.0247199
0.0282183
0.0315176
3.05417e-05
0.00153779
0.00118491
0.00120486
-9.10183e-07
0.00152214
0.000617767
-0.000460415
0.000524558
0.00218323
0.00659777
0.00881429
0.0116767
0.0137658
0.0165336
0.0190563
0.0218191
0.024556
0.0279406
0.031061
3.54771e-05
0.00153777
0.00118054
0.00121219
1.87708e-05
0.00151702
0.00061381
-0.00040665
0.000553203
0.00218083
0.00661034
0.00875954
0.011675
0.0136889
0.0165071
0.0189636
0.0217342
0.0243802
0.0276382
0.0305956
4.04294e-05
0.00153771
0.00117637
0.0012194
3.9229e-05
0.00151129
0.000612735
-0.00035046
0.000590229
0.00218466
0.00662486
0.0087017
0.011671
0.01361
0.0164713
0.0188666
0.0216309
0.0241912
0.0273129
0.0301196
4.52624e-05
0.00153754
0.00117254
0.00122627
6.04798e-05
0.00150526
0.000614921
-0.000292014
0.000635206
0.00219669
0.00664115
0.00864075
0.0116642
0.01353
0.0164251
0.0187641
0.0215088
0.0239877
0.0269663
0.0296323
4.98681e-05
0.00153724
0.00116923
0.00123264
8.26292e-05
0.00149906
0.000620596
-0.000231676
0.00068817
0.002218
0.00665914
0.00857694
0.011654
0.0134497
0.0163674
0.0186554
0.0213674
0.0237681
0.0266002
0.0291331
5.41883e-05
0.00153677
0.00116661
0.00123845
0.000105827
0.00149263
0.000629777
-0.00017
0.000748576
0.00224844
0.00667874
0.00851089
0.0116396
0.0133702
0.0162978
0.0185408
0.0212063
0.0235314
0.0262166
0.0286222
5.82215e-05
0.00153614
0.00116478
0.00124368
0.000130219
0.00148582
0.000642399
-0.00010767
0.000815436
0.00228662
0.00669957
0.0084437
0.0116196
0.0132924
0.0162151
0.0184197
0.0210266
0.0232772
0.0258163
0.0280996
6.20137e-05
0.00153533
0.0011638
0.00124831
0.000155947
0.00147841
0.000658366
-4.53559e-05
0.00088766
0.00233038
0.0067209
0.008377
0.0115925
0.0132174
0.0161182
0.018291
0.0208295
0.0230053
0.0254002
0.0275662
6.5643e-05
0.00153431
0.0011637
0.00125234
0.000183142
0.00147016
0.000677519
1.6374e-05
0.000964257
0.00237752
0.00674184
0.00831254
0.0115564
0.0131456
0.016007
0.0181537
0.0206156
0.0227155
0.0249703
0.0270232
6.9202e-05
0.00153306
0.00116445
0.00125577
0.000211921
0.00146083
0.000699668
7.71041e-05
0.00104435
0.00242645
0.00676129
0.00825208
0.0115101
0.0130762
0.0158815
0.0180073
0.020385
0.0224068
0.0245281
0.0264726
7.27836e-05
0.00153152
0.00116606
0.00125859
0.000242392
0.00145024
0.00072457
0.000136618
0.00112715
0.00247637
0.00677799
0.00819704
0.0114524
0.0130086
0.0157422
0.0178509
0.0201386
0.0220786
0.0240747
0.0259162
7.6472e-05
0.00152962
0.00116854
0.00126075
0.000274655
0.00143822
0.000751955
0.000194828
0.00121193
0.00252725
0.00679072
0.00814825
0.0113823
0.0129418
0.0155906
0.0176825
0.0198776
0.021732
0.0236101
0.0253543
8.03407e-05
0.00152727
0.00117191
0.00126221
0.000308783
0.00142467
0.000781617
0.000251841
0.00129773
0.0025796
0.00679824
0.00810636
0.0112994
0.012874
0.0154276
0.0175002
0.0196031
0.021369
0.0231355
0.0247878
8.4454e-05
0.00152439
0.0011762
0.00126295
0.000344832
0.00140949
0.000813284
0.000308126
0.00138331
0.00263412
0.00679915
0.00807164
0.0112044
0.0128026
0.0152541
0.0173023
0.0193152
0.020992
0.0226526
0.0242171
8.88626e-05
0.00152087
0.00118148
0.00126293
0.000382819
0.00139276
0.000846543
0.000364261
0.00146742
0.0026916
0.00679221
0.00804329
0.0110984
0.012725
0.0150718
0.0170878
0.0190128
0.0206047
0.0221637
0.0236418
9.36074e-05
0.0015166
0.00118783
0.00126208
0.000422758
0.00137454
0.000881058
0.00042097
0.00154881
0.00275228
0.00677685
0.0080202
0.0109825
0.0126383
0.0148802
0.0168607
0.0186945
0.0202032
0.0216737
0.023065
9.87492e-05
0.00151144
0.00119535
0.00126035
0.000464653
0.00135493
0.000916386
0.000479145
0.00162671
0.00281591
0.00675225
0.00800111
0.0108595
0.0125409
0.0146777
0.0166199
0.0183667
0.0197865
0.0211753
0.0224907
0.000104333
0.00150529
0.00120408
0.00125776
0.00050833
0.00133435
0.00095175
0.00053967
0.0017001
0.00288291
0.00671892
0.00798349
0.0107311
0.0124322
0.0144664
0.0163584
0.0180375
0.0193667
0.0206526
0.0219116
0.000110386
0.00149805
0.00121408
0.00125432
0.000553627
0.00131319
0.000986061
0.000603789
0.00176777
0.00295284
0.00667801
0.00796689
0.0105962
0.0123111
0.0142421
0.0160833
0.0176956
0.0189354
0.0201417
0.021333
0.00011702
0.00148955
0.0012255
0.00125007
0.000600351
0.0012921
0.00101814
0.000671693
0.00183042
0.00302482
0.00662887
0.00794851
0.0104583
0.0121769
0.0140046
0.0157911
0.0173377
0.018506
0.0196421
0.0207495
0.000124204
0.00147973
0.00123826
0.00124518
0.000648072
0.00127195
0.00104764
0.000742877
0.00188819
0.00309794
0.00657499
0.00792167
0.0103175
0.0120318
0.0137613
0.0154795
0.0169686
0.0180782
0.0191063
0.020163
0.000132034
0.00146845
0.00125254
0.00123955
0.000696767
0.00125305
0.00107439
0.00081745
0.00194135
0.0031684
0.00652032
0.00788628
0.0101727
0.0118743
0.0135057
0.0151658
0.0165837
0.0176112
0.0185934
0.0196062
0.000140841
0.00145538
0.00126877
0.00123339
0.000745624
0.00123678
0.0010969
0.000895361
0.00199248
0.00323431
0.00646328
0.00784264
0.0100294
0.0117004
0.013244
0.0148341
0.0161938
0.0171531
0.0180082
0.0190386
0.000150232
0.00144091
0.00128551
0.00122795
0.000792841
0.0012247
0.00111453
0.000976716
0.0020365
0.00329878
0.00640478
0.00779068
0.00987921
0.0115199
0.0129705
0.0144639
0.0157816
0.0167112
0.0174931
0.0184709
0.000160466
0.00142468
0.0013036
0.00122259
0.000839161
0.00121628
0.00112875
0.00105884
0.00207666
0.00335955
0.00634434
0.00773231
0.00971652
0.0113323
0.012672
0.0140843
0.0153523
0.0162584
0.017057
0.0179303
0.000172238
0.00140598
0.00132536
0.00121711
0.000884204
0.00121216
0.00113959
0.00113908
0.00212767
0.00340433
0.00628357
0.00766583
0.00954646
0.0111285
0.0123783
0.0136927
0.0149328
0.0158152
0.0164535
0.0173635
0.000184669
0.00138599
0.00134451
0.00121465
0.000924497
0.00121426
0.0011463
0.00121949
0.00217225
0.00344553
0.00621964
0.00759077
0.00937033
0.0109022
0.0120722
0.0132955
0.014494
0.0153648
0.0159567
0.01682
0.000198182
0.00136412
0.00136409
0.00121413
0.000961561
0.00122077
0.00115067
0.00129722
0.00221214
0.00348454
0.00614578
0.00751135
0.00918436
0.0106556
0.0117437
0.0129009
0.0140292
0.0149003
0.0155926
0.0163157
0.000213833
0.0013392
0.00139282
0.00121472
0.000996384
0.00122999
0.00115553
0.00136576
0.00227694
0.00349859
0.0060669
0.00742253
0.0089866
0.010414
0.01143
0.012489
0.0135723
0.0144366
0.0149766
0.0157713
0.000230199
0.00131355
0.00140946
0.00122135
0.00102455
0.00124552
0.00115891
0.00143016
0.00233308
0.00351597
0.00598498
0.00732188
0.00877909
0.0101459
0.0110991
0.0120675
0.0131042
0.013964
0.0144986
0.0152642
0.000247648
0.0012866
0.00142069
0.00123192
0.00104872
0.00126422
0.00116219
0.00149027
0.00237764
0.00353834
0.00588983
0.00720996
0.00855469
0.00985996
0.0107447
0.0116581
0.0126171
0.0134789
0.0141953
0.014805
0.000268054
0.00125642
0.00146265
0.00124398
0.00107239
0.00128102
0.0011708
0.0015378
0.00245226
0.00354244
0.00578341
0.00708969
0.00832623
0.0095611
0.0104128
0.0112408
0.0121357
0.0129661
0.0135494
0.0142922
0.000288844
0.001227
0.00145873
0.0012652
0.00108998
0.00130228
0.0011791
0.00158296
0.00249834
0.00355329
0.00567748
0.0069531
0.0080877
0.00924693
0.0100621
0.0108056
0.0116495
0.0124497
0.0130482
0.0138194
0.000310989
0.00119695
0.00145625
0.00129086
0.00110616
0.00132271
0.00119049
0.00162339
0.00252525
0.00356636
0.00555627
0.00680638
0.00784774
0.00892718
0.00967932
0.0103594
0.0111213
0.0119387
0.0127713
0.0133964
0.000336701
0.00116438
0.00149099
0.00131622
0.00112726
0.0013322
0.00121397
0.00164939
0.00262317
0.00356117
0.00542288
0.00664868
0.00762489
0.0086466
0.00931805
0.00988823
0.0105537
0.0113401
0.0120879
0.0129254
0.000361824
0.0011345
0.00147031
0.00135004
0.00114821
0.0013384
0.00123889
0.00167177
0.00258481
0.00354767
0.00529126
0.00648172
0.00740191
0.00836105
0.00894692
0.00938031
0.00997954
0.0106859
0.0114531
0.0125307
0.00038995
0.00110402
0.00146307
0.00138665
0.00117054
0.00134385
0.00126106
0.00169023
0.0025828
0.00353659
0.00514914
0.00630667
0.00717159
0.00804939
0.00855488
0.00888625
0.00939149
0.0100522
0.0109469
0.0121613
0.00041986
0.00107365
0.00145254
0.00142393
0.0011982
0.00134439
0.00128087
0.00170602
0.00259432
0.00351491
0.00500474
0.00612728
0.00691945
0.00771543
0.00817602
0.00840891
0.00881457
0.00950421
0.010461
0.011708
0.000450313
0.00104569
0.00142821
0.00146178
0.00123095
0.0013434
0.00129723
0.00171563
0.00259358
0.00348902
0.00486408
0.00592844
0.00665087
0.00738116
0.00780276
0.00793618
0.00827809
0.00896689
0.00992487
0.01124
0.000483716
0.00101858
0.00140278
0.00149665
0.00126861
0.00134235
0.00130825
0.00171838
0.00258518
0.00345856
0.00471417
0.00571367
0.00638769
0.00704087
0.00741351
0.00748713
0.00775992
0.00840407
0.00939122
0.0108012
0.000517628
0.000993324
0.00137091
0.0015278
0.00131032
0.00134055
0.00131601
0.00171697
0.00256388
0.0034133
0.00456527
0.00550076
0.00611634
0.00667885
0.00701932
0.00706514
0.00725247
0.00784355
0.00887399
0.0103624
0.000553929
0.000969911
0.00133607
0.00155273
0.00135413
0.00134154
0.00132073
0.00170709
0.00253026
0.00336178
0.00442252
0.00527652
0.00582586
0.00631221
0.00663424
0.00665247
0.00674653
0.00729442
0.00836444
0.00992156
0.000591084
0.000948656
0.00129713
0.00157115
0.00139933
0.0013444
0.00132099
0.00169247
0.00248752
0.00329775
0.00427336
0.00504342
0.00553345
0.00595498
0.00624201
0.0062259
0.00625993
0.00677884
0.00785455
0.00946473
0.000629766
0.000929717
0.00125636
0.00158181
0.00144211
0.00135061
0.00132014
0.00167256
0.00243178
0.00321839
0.00412152
0.00481319
0.00524051
0.00558809
0.00582819
0.00580404
0.00580963
0.00627607
0.0073311
0.0090076
0.000670227
0.000913708
0.00121321
0.00158399
0.0014821
0.00135926
0.00131631
0.001647
0.00236845
0.00312733
0.00396545
0.00458214
0.00493712
0.00521048
0.0054143
0.00539843
0.00537367
0.00577834
0.00681861
0.00855485
0.000710841
0.000901286
0.00116795
0.0015778
0.00151761
0.0013697
0.0013108
0.00161505
0.002297
0.0030242
0.003802
0.00434823
0.00462948
0.00483668
0.00500684
0.00499019
0.00493515
0.00529385
0.00632209
0.0081065
0.000750487
0.000893181
0.00112016
0.00156447
0.00154495
0.00137876
0.00130798
0.00157902
0.00221694
0.00290844
0.00362757
0.00411265
0.00432557
0.00446376
0.00458927
0.00457031
0.00450698
0.00483704
0.00584736
0.00766377
0.000790279
0.000889055
0.00107387
0.00154249
0.00156205
0.00138325
0.00130569
0.0015425
0.00213284
0.00278234
0.003442
0.00387476
0.00402392
0.00408655
0.00416394
0.00415341
0.0040946
0.00440003
0.00538914
0.00722377
0.000830343
0.000889293
0.00103024
0.00150834
0.00157959
0.00138207
0.0012812
0.00150478
0.0020492
0.00265169
0.00324838
0.00363143
0.00372282
0.00371331
0.00374006
0.00373439
0.00368896
0.00397828
0.00494576
0.00679368
0.00086786
0.000895533
0.000986355
0.00146985
0.00158636
0.00136656
0.00125724
0.00146706
0.00196268
0.00251604
0.00304609
0.00337897
0.00342326
0.00334811
0.0033174
0.00330931
0.00328586
0.00356709
0.00452079
0.00637997
0.000903738
0.000906163
0.000946302
0.00142231
0.00157637
0.00135016
0.00123559
0.00142485
0.00186914
0.00237336
0.00283562
0.0031172
0.00312392
0.00298973
0.00289883
0.00287954
0.0028794
0.00316835
0.00411979
0.00598169
0.000937505
0.000921321
0.000911165
0.00136082
0.00155558
0.00133557
0.0012091
0.00137483
0.00176867
0.00222421
0.00262202
0.00284842
0.00282132
0.00263851
0.00248835
0.00244741
0.00247301
0.00278318
0.00373379
0.00559109
0.000968831
0.000939765
0.000879387
0.00129218
0.0015245
0.00131908
0.00117749
0.00131841
0.00166092
0.00207039
0.0024078
0.00257187
0.0025127
0.00229199
0.00208667
0.00201855
0.0020659
0.00239989
0.00335453
0.00521268
0.000997458
0.000959065
0.000852548
0.00121975
0.00148208
0.00129853
0.00114134
0.00125392
0.00154523
0.00190849
0.00219222
0.002291
0.00219732
0.00194758
0.00169594
0.00159649
0.00165576
0.00201589
0.00298417
0.0048468
0.00102331
0.000978807
0.000830964
0.00114402
0.00142792
0.00127262
0.00110051
0.00118231
0.00142102
0.00173617
0.00197659
0.0020115
0.00187552
0.00160335
0.00131582
0.00118317
0.00124514
0.00163093
0.0026195
0.00448898
0.00104631
0.000998072
0.000813879
0.00106661
0.00136298
0.00124033
0.0010551
0.00110386
0.00128994
0.00155284
0.00175784
0.00173544
0.00155034
0.001258
0.000942301
0.000778244
0.000837602
0.00124623
0.00225744
0.00413594
0.00106636
0.00101574
0.000800874
0.000989643
0.001288
0.00120006
0.00100501
0.00101785
0.0011521
0.00135786
0.00153273
0.00146536
0.00122703
0.000911195
0.000572671
0.000382037
0.000436034
0.00086192
0.00189454
0.00378526
0.00108347
0.00103133
0.000791598
0.000914063
0.00120336
0.00115034
0.000949548
0.000924471
0.00100917
0.00115329
0.00129908
0.00120138
0.000907907
0.000561625
0.000205177
-6.54867e-06
4.04394e-05
0.000476914
0.00152959
0.0034374
0.00109766
0.00104435
0.00078516
0.000840803
0.00110995
0.00109019
0.00088822
0.00082442
0.000862316
0.000941217
0.00105348
0.000939132
0.000594527
0.000211195
-0.000160293
-0.000389544
-0.000349906
9.39107e-05
0.00116534
0.00309275
0.00110905
0.00105436
0.000780533
0.000770727
0.00100914
0.00101851
0.000820928
0.000717888
0.00071111
0.000723796
0.000794339
0.000673949
0.000290324
-0.000134285
-0.000522913
-0.000767852
-0.000734815
-0.000284951
0.000802089
0.00274811
0.00111763
0.00106099
0.000776798
0.000704316
0.000902398
0.000934377
0.0007467
0.000604857
0.000555207
0.000504141
0.000522728
0.0004017
-4.14942e-06
-0.000471223
-0.000882374
-0.00114256
-0.00111598
-0.000661142
0.000438702
0.00240295
0.00112351
0.00106403
0.000772824
0.000641708
0.000791266
0.000837545
0.000664338
0.000485785
0.000394175
0.00028503
0.000242465
0.000118328
-0.000292991
-0.000799102
-0.00123845
-0.00151482
-0.00149518
-0.00103551
7.70881e-05
0.00206069
0.00112673
0.00106327
0.00076757
0.000582757
0.000677368
0.000728363
0.000572368
0.000361167
0.000227633
6.75526e-05
-4.24396e-05
-0.00017865
-0.000581886
-0.00111732
-0.0015882
-0.00188322
-0.00187167
-0.00140706
-0.000280969
0.00172104
0.00112739
0.0010586
0.000760137
0.000527027
0.000562162
0.000607709
0.000469931
0.000231191
5.51315e-05
-0.000148688
-0.000327791
-0.000488416
-0.000876556
-0.00142677
-0.0019283
-0.00224499
-0.00224371
-0.00177607
-0.000638206
0.00138101
0.00112557
0.00105002
0.000749644
0.000473833
0.000446864
0.000476707
0.000355969
9.58789e-05
-0.0001236
-0.000364764
-0.000609585
-0.000807568
-0.00118108
-0.00173142
-0.00225792
-0.00259854
-0.00261148
-0.00214447
-0.000996258
0.00104122
0.00112124
0.00103758
0.000736089
0.000422225
0.000332833
0.000337172
0.000229645
-4.51263e-05
-0.000308204
-0.00058219
-0.000885555
-0.00113177
-0.00149736
-0.00203666
-0.00257818
-0.00294285
-0.00297422
-0.00251173
-0.00135443
0.000702189
0.00111441
0.00102142
0.000716347
0.000371163
0.000220747
0.000190636
9.09174e-05
-0.000192238
-0.000498112
-0.000802494
-0.00115523
-0.00145601
-0.00182459
-0.0023469
-0.00289223
-0.00327736
-0.00332871
-0.00287511
-0.00171222
0.00036223
0.001105
0.00100159
0.000691692
0.000319825
0.000111366
3.9053e-05
-5.99334e-05
-0.000346214
-0.000692411
-0.00102737
-0.00141985
-0.00177613
-0.00215962
-0.00266578
-0.00320503
-0.00360333
-0.00367311
-0.00323131
-0.00206684
2.15518e-05
0.00109293
0.000978278
0.000661875
0.000267223
4.48524e-06
-0.000115569
-0.000222138
-0.000507963
-0.000890009
-0.00125727
-0.00168115
-0.00208938
-0.00249791
-0.00299468
-0.00352175
-0.00392467
-0.00400893
-0.00357946
-0.00241691
-0.000318243
0.0010781
0.000951764
0.00062701
0.000212378
-0.000100072
-0.000271467
-0.000394741
-0.000678363
-0.00108986
-0.00149214
-0.00194165
-0.00239474
-0.00283413
-0.00333025
-0.00384493
-0.00424622
-0.00434001
-0.00392215
-0.0027638
-0.000656941
0.00106039
0.000922221
0.000587159
0.000154563
-0.000202649
-0.000426758
-0.000575749
-0.000858625
-0.00129187
-0.00173116
-0.00220397
-0.00269411
-0.00316565
-0.00366768
-0.00417259
-0.00456867
-0.00466751
-0.00425912
-0.00310689
-0.000996642
0.00103972
0.00088986
0.000542597
9.31906e-05
-0.000303797
-0.000580314
-0.000761965
-0.00104878
-0.00149714
-0.00197191
-0.00246976
-0.00299132
-0.00349424
-0.0040067
-0.00450489
-0.00489312
-0.00499245
-0.00458991
-0.00344394
-0.00133486
0.00101607
0.000854964
0.000493658
2.78166e-05
-0.000404243
-0.000731667
-0.000950912
-0.00124745
-0.00170635
-0.00221236
-0.00273711
-0.00328645
-0.00381936
-0.00434691
-0.00484373
-0.00522401
-0.0053207
-0.0049211
-0.00377981
-0.00167152
0.000989081
0.000817713
0.000441385
-4.13137e-05
-0.000503994
-0.000880401
-0.00114159
-0.00145419
-0.00192225
-0.00245352
-0.00300472
-0.00357873
-0.0041384
-0.00468234
-0.00518241
-0.00555876
-0.00565417
-0.0052569
-0.00411939
-0.00201273
0.000958861
0.000778075
0.00038575
-0.00011445
-0.000603274
-0.00102548
-0.0013317
-0.00166587
-0.0021449
-0.00269678
-0.00327323
-0.00387147
-0.00445569
-0.00501606
-0.00552141
-0.00589547
-0.00598985
-0.00559455
-0.00446054
-0.00235667
0.000925128
0.000736426
0.000328796
-0.000189864
-0.000702304
-0.0011676
-0.00152115
-0.00188057
-0.00237339
-0.00294282
-0.00353984
-0.00416138
-0.0047706
-0.00535011
-0.00586447
-0.00623901
-0.00633242
-0.00593795
-0.00480677
-0.0027058
0.000888437
0.000692445
0.000267997
-0.000268105
-0.000799193
-0.00130344
-0.00170732
-0.00209682
-0.00260672
-0.00319341
-0.00380579
-0.00444586
-0.00507764
-0.00567807
-0.00620648
-0.00658729
-0.00668268
-0.00628998
-0.00516146
-0.00306365
0.000847745
0.000647818
0.000209839
-0.00034858
-0.000900291
-0.00144015
-0.00189441
-0.00231506
-0.00284135
-0.00344645
-0.00407333
-0.00472823
-0.00537947
-0.00600068
-0.00654578
-0.00693676
-0.00703898
-0.00665136
-0.00552654
-0.00343199
0.000801304
0.000599052
0.000155511
-0.000415883
-0.000987734
-0.00156714
-0.00207922
-0.00253805
-0.00307779
-0.00369846
-0.00433928
-0.00500768
-0.00567916
-0.00632304
-0.00688611
-0.00728841
-0.00739974
-0.00702402
-0.00591276
-0.00382859
0.000755198
0.000539544
7.5501e-05
-0.000492269
-0.00107305
-0.00168458
-0.00225711
-0.00276505
-0.00331329
-0.00393791
-0.00458765
-0.00526715
-0.00596009
-0.00663071
-0.0072173
-0.00763559
-0.00775518
-0.00738697
-0.00629113
-0.00423575
0.000703537
0.000526712
6.76225e-05
-0.000551583
-0.00118792
-0.00184367
-0.00246948
-0.00301517
-0.00356302
-0.00418407
-0.00483707
-0.00552083
-0.00623075
-0.00692929
-0.00755166
-0.00800132
-0.00813802
-0.00777067
-0.00666874
-0.00461162
0.000582688
0.000392272
2.37169e-05
-0.000516441
-0.00114697
-0.00191118
-0.00265905
-0.00325925
-0.00381173
-0.00442854
-0.00508565
-0.00577762
-0.00650046
-0.00722055
-0.00788154
-0.00838834
-0.00857954
-0.00825882
-0.007187
-0.00512581
0.000651522
0.000454893
-5.64194e-05
-0.000720154
-0.00141859
-0.00214194
-0.00282948
-0.00341035
-0.00394509
-0.00454685
-0.00522487
-0.00594409
-0.00668224
-0.00740477
-0.00805792
-0.00858551
-0.00886746
-0.00868294
-0.00775984
-0.00584922
0.000533247
0.000372197
-0.00013845
-0.000751124
-0.00141724
-0.00221856
-0.002991
-0.00363736
-0.00423507
-0.00484894
-0.0055503
-0.00626654
-0.00699653
-0.00769732
-0.0082888
-0.00866235
-0.00875968
-0.00843339
-0.0074709
-0.00557212
0.000648265
0.000337759
-0.000223845
-0.000918072
-0.00165777
-0.00235019
-0.00298473
-0.00355378
-0.00411799
-0.00477334
-0.00551726
-0.00628888
-0.00710415
-0.00796232
-0.00888433
-0.00975045
-0.0103322
-0.0103582
-0.0098742
-0.00808425
0.000814414
0.00017656
-0.000432998
-0.00116258
-0.00184183
-0.00265135
-0.00338358
-0.00395406
-0.00451941
-0.00523549
-0.00599616
-0.00670148
-0.00715951
-0.00725262
-0.00693073
-0.00628644
-0.00552464
-0.00499024
-0.00474404
-0.00565206
0.000771597
0.000207755
-0.000467805
-0.00114367
-0.00171536
-0.00229961
-0.00285786
-0.0034815
-0.00417942
-0.00497062
-0.00588736
-0.00692049
-0.00800836
-0.00916444
-0.0103543
-0.0114711
-0.0123288
-0.0126793
-0.0122268
-0.0107715
0.00090028
0.000117832
-0.000564011
-0.00126629
-0.00186417
-0.00257286
-0.00336824
-0.00423375
-0.00503385
-0.00563448
-0.00623117
-0.00694798
-0.00764341
-0.0081339
-0.00824363
-0.00796975
-0.00746112
-0.0070316
-0.0070737
-0.00794159
0.000867293
8.115e-05
-0.000602117
-0.00121874
-0.00163638
-0.00213691
-0.00254405
-0.00313608
-0.00389157
-0.00490047
-0.0061723
-0.00775318
-0.00956931
-0.0114641
-0.013222
-0.0146838
-0.0156788
-0.0160083
-0.0154356
-0.0137616
0.0464273
0.0169118
0.0048328
0.00351882
0.00372279
0.0030048
0.00161228
-0.000177552
-0.00250818
-0.00419521
-0.00430859
-0.00409936
-0.00455792
-0.00553324
-0.00671464
-0.00770064
-0.00841569
-0.00907458
-0.00973548
-0.0104767
-0.0113266
-0.0121281
-0.0129337
-0.0138424
-0.0147537
-0.0156262
-0.0165084
-0.0173401
-0.0182336
-0.0193024
-0.0203764
-0.0214266
-0.0224769
-0.0236463
-0.0248555
-0.0261162
-0.0274496
-0.0288317
-0.0302964
-0.0317092
-0.0332721
-0.0348003
-0.0364705
-0.0381619
-0.0398847
-0.0417844
-0.043596
-0.045702
-0.0473825
-0.0491076
0.0453739
0.0169542
0.00486939
0.00353456
0.0037328
0.00301217
0.00161812
-0.000172661
-0.00250431
-0.00419249
-0.00430635
-0.00409724
-0.00455607
-0.00553168
-0.00671336
-0.00769962
-0.00841482
-0.0090738
-0.00973479
-0.0104761
-0.0113261
-0.0121276
-0.0129333
-0.013842
-0.0147533
-0.0156258
-0.0165081
-0.0173398
-0.0182333
-0.0193021
-0.0203761
-0.0214263
-0.0224767
-0.0236461
-0.0248553
-0.026116
-0.0274494
-0.0288315
-0.0302963
-0.031709
-0.0332719
-0.0348002
-0.0364704
-0.0381618
-0.0398846
-0.0417844
-0.0435959
-0.045702
-0.0473824
-0.0491076
0.0445024
0.0170604
0.0049352
0.0035537
0.00374296
0.00301931
0.00162358
-0.000168154
-0.00250102
-0.00419042
-0.00430439
-0.00409511
-0.00455427
-0.00553024
-0.00671222
-0.00769876
-0.00841406
-0.00907311
-0.00973416
-0.0104755
-0.0113256
-0.0121271
-0.0129328
-0.0138416
-0.014753
-0.0156255
-0.0165078
-0.0173395
-0.018233
-0.0193019
-0.0203759
-0.0214261
-0.0224765
-0.023646
-0.0248552
-0.0261158
-0.0274493
-0.0288314
-0.0302962
-0.0317089
-0.0332718
-0.0348001
-0.0364703
-0.0381617
-0.0398845
-0.0417843
-0.0435958
-0.0457019
-0.0473824
-0.0491075
0.0437021
0.0172
0.00503349
0.00358006
0.00375491
0.00302709
0.00162934
-0.000163409
-0.0024977
-0.00418844
-0.00430228
-0.00409269
-0.00455225
-0.00552869
-0.00671103
-0.00769788
-0.00841327
-0.00907238
-0.00973352
-0.0104749
-0.0113251
-0.0121267
-0.0129324
-0.0138412
-0.0147526
-0.0156252
-0.0165075
-0.0173392
-0.0182327
-0.0193016
-0.0203757
-0.0214259
-0.0224763
-0.0236458
-0.024855
-0.0261157
-0.0274491
-0.0288313
-0.030296
-0.0317088
-0.0332717
-0.0348
-0.0364702
-0.0381616
-0.0398844
-0.0417842
-0.0435958
-0.0457019
-0.0473824
-0.0491074
0.0428928
0.0173491
0.00515525
0.00361278
0.00376886
0.0030358
0.00163563
-0.000158158
-0.00249393
-0.00418605
-0.00429963
-0.00408973
-0.00454986
-0.00552684
-0.00670959
-0.00769683
-0.00841235
-0.00907154
-0.00973278
-0.0104743
-0.0113245
-0.0121262
-0.012932
-0.0138408
-0.0147523
-0.0156248
-0.0165072
-0.0173389
-0.0182324
-0.0193014
-0.0203755
-0.0214257
-0.0224761
-0.0236456
-0.0248548
-0.0261155
-0.027449
-0.0288311
-0.0302959
-0.0317087
-0.0332716
-0.0347999
-0.0364701
-0.0381616
-0.0398843
-0.0417842
-0.0435957
-0.0457018
-0.0473825
-0.0491073
0.0420648
0.0175009
0.00529098
0.00364823
0.00378359
0.003045
0.00164222
-0.000152595
-0.00248973
-0.00418301
-0.00429618
-0.00408607
-0.00454698
-0.00552458
-0.00670776
-0.00769546
-0.00841119
-0.00907053
-0.00973193
-0.0104735
-0.0113239
-0.0121256
-0.0129315
-0.0138403
-0.0147519
-0.0156245
-0.0165069
-0.0173386
-0.0182321
-0.0193011
-0.0203752
-0.0214255
-0.0224759
-0.0236454
-0.0248546
-0.0261154
-0.0274488
-0.028831
-0.0302958
-0.0317086
-0.0332715
-0.0347998
-0.03647
-0.0381615
-0.0398842
-0.0417841
-0.0435956
-0.0457018
-0.0473825
-0.0491072
0.041224
0.017653
0.00543535
0.00368393
0.00379789
0.00305415
0.00164871
-0.000147116
-0.0024854
-0.00417938
-0.00429177
-0.00408154
-0.00454351
-0.00552185
-0.00670544
-0.00769366
-0.00840968
-0.00906927
-0.00973093
-0.0104727
-0.0113232
-0.012125
-0.0129309
-0.0138399
-0.0147515
-0.0156241
-0.0165065
-0.0173383
-0.0182318
-0.0193008
-0.020375
-0.0214252
-0.0224756
-0.0236451
-0.0248544
-0.0261152
-0.0274486
-0.0288308
-0.0302957
-0.0317084
-0.0332714
-0.0347997
-0.0364699
-0.0381614
-0.0398841
-0.041784
-0.0435956
-0.0457017
-0.0473826
-0.049107
0.0403752
0.0178032
0.00558637
0.0037189
0.00381111
0.00306287
0.00165483
-0.000142063
-0.00248143
-0.00417557
-0.00428645
-0.00407596
-0.00453935
-0.00551862
-0.00670258
-0.00769133
-0.00840772
-0.00906768
-0.00972972
-0.0104718
-0.0113224
-0.0121243
-0.0129302
-0.0138393
-0.0147511
-0.0156236
-0.0165062
-0.0173379
-0.0182314
-0.0193005
-0.0203748
-0.021425
-0.0224753
-0.0236449
-0.0248542
-0.026115
-0.0274484
-0.0288307
-0.0302955
-0.0317083
-0.0332713
-0.0347996
-0.0364698
-0.0381613
-0.039884
-0.0417839
-0.0435955
-0.0457017
-0.0473827
-0.0491069
0.0395209
0.0179499
0.00574389
0.00375316
0.00382295
0.00307092
0.00166038
-0.000137635
-0.0024782
-0.00417213
-0.0042805
-0.00406927
-0.00453435
-0.00551491
-0.00669928
-0.00768852
-0.00840527
-0.00906567
-0.00972827
-0.0104707
-0.0113215
-0.0121234
-0.0129294
-0.0138386
-0.0147505
-0.0156231
-0.0165058
-0.0173375
-0.0182309
-0.0193002
-0.0203745
-0.0214247
-0.0224751
-0.0236446
-0.0248539
-0.0261147
-0.0274482
-0.0288305
-0.0302953
-0.0317081
-0.0332711
-0.0347995
-0.0364697
-0.0381612
-0.0398839
-0.0417838
-0.0435954
-0.0457016
-0.0473829
-0.0491067
0.0386629
0.0180918
0.0059085
0.00378707
0.00383327
0.00307808
0.00166511
-0.000134016
-0.00247595
-0.00416956
-0.00427437
-0.00406158
-0.00452847
-0.00551074
-0.00669569
-0.00768535
-0.00840235
-0.0090632
-0.00972654
-0.0104694
-0.0113204
-0.0121224
-0.0129284
-0.0138377
-0.0147498
-0.0156226
-0.0165054
-0.017337
-0.0182305
-0.0192998
-0.0203742
-0.0214244
-0.0224748
-0.0236443
-0.0248537
-0.0261145
-0.027448
-0.0288303
-0.0302952
-0.031708
-0.033271
-0.0347993
-0.0364696
-0.038161
-0.0398838
-0.0417837
-0.0435953
-0.0457016
-0.047383
-0.0491065
0.0378029
0.0182281
0.0060808
0.00382104
0.00384194
0.00308415
0.00166868
-0.000131535
-0.00247488
-0.00416823
-0.00426852
-0.00405319
-0.00452176
-0.00550617
-0.00669195
-0.00768204
-0.00839908
-0.0090603
-0.00972448
-0.0104681
-0.0113193
-0.0121213
-0.0129273
-0.0138366
-0.0147488
-0.0156218
-0.016505
-0.0173366
-0.0182299
-0.0192994
-0.0203739
-0.0214242
-0.0224745
-0.023644
-0.0248534
-0.0261142
-0.0274477
-0.02883
-0.0302949
-0.0317078
-0.0332708
-0.0347992
-0.0364694
-0.0381609
-0.0398837
-0.0417835
-0.0435952
-0.0457015
-0.0473832
-0.0491062
0.0369427
0.0183582
0.00626113
0.00385544
0.00384882
0.00308891
0.00167072
-0.000130666
-0.00247522
-0.00416841
-0.00426343
-0.00404459
-0.00451444
-0.0055013
-0.00668817
-0.00767876
-0.00839564
-0.00905703
-0.00972211
-0.0104665
-0.011318
-0.0121201
-0.0129262
-0.0138353
-0.0147475
-0.0156209
-0.0165045
-0.0173362
-0.0182294
-0.019299
-0.0203736
-0.0214239
-0.0224742
-0.0236437
-0.0248531
-0.0261139
-0.0274474
-0.0288297
-0.0302947
-0.0317075
-0.0332706
-0.034799
-0.0364693
-0.0381608
-0.0398835
-0.0417834
-0.0435951
-0.0457014
-0.0473833
-0.049106
0.0360837
0.0184809
0.0064496
0.00389066
0.00385375
0.00309213
0.00167095
-0.000131861
-0.00247722
-0.0041703
-0.00425954
-0.00403635
-0.00450689
-0.00549631
-0.00668445
-0.00767561
-0.00839218
-0.00905351
-0.00971945
-0.0104649
-0.0113168
-0.012119
-0.0129251
-0.013834
-0.0147459
-0.0156196
-0.0165039
-0.0173358
-0.0182288
-0.0192985
-0.0203731
-0.0214235
-0.0224739
-0.0236435
-0.0248528
-0.0261136
-0.027447
-0.0288294
-0.0302944
-0.0317073
-0.0332703
-0.0347988
-0.0364691
-0.0381606
-0.0398834
-0.0417832
-0.043595
-0.0457012
-0.0473835
-0.0491057
0.0352275
0.0185952
0.0066462
0.00392716
0.00385659
0.00309356
0.00166912
-0.000135389
-0.00248092
-0.00417389
-0.00425727
-0.00402916
-0.00449961
-0.00549147
-0.00668088
-0.00767261
-0.00838877
-0.00904987
-0.00971658
-0.0104631
-0.0113155
-0.0121178
-0.012924
-0.0138326
-0.0147441
-0.0156179
-0.0165032
-0.0173355
-0.0182284
-0.0192979
-0.0203726
-0.0214231
-0.0224736
-0.0236432
-0.0248525
-0.0261132
-0.0274467
-0.028829
-0.030294
-0.0317069
-0.0332701
-0.0347986
-0.0364689
-0.0381604
-0.0398832
-0.041783
-0.0435948
-0.045701
-0.0473836
-0.0491053
0.0343754
0.0186995
0.00685079
0.00396552
0.00385723
0.00309303
0.00166511
-0.000141127
-0.00248586
-0.00417873
-0.00425682
-0.00402367
-0.00449314
-0.00548708
-0.00667754
-0.00766972
-0.00838544
-0.00904623
-0.0097136
-0.0104612
-0.0113141
-0.0121166
-0.0129229
-0.0138314
-0.0147423
-0.015616
-0.0165023
-0.0173353
-0.018228
-0.0192974
-0.0203719
-0.0214226
-0.0224734
-0.023643
-0.0248523
-0.0261129
-0.0274463
-0.0288285
-0.0302936
-0.0317065
-0.0332697
-0.0347983
-0.0364686
-0.0381602
-0.039883
-0.0417828
-0.0435946
-0.0457008
-0.0473838
-0.0491049
0.0335284
0.0187923
0.00706305
0.00400637
0.00385568
0.00309052
0.00165897
-0.000148845
-0.00249124
-0.0041836
-0.00425801
-0.00402037
-0.004488
-0.00548337
-0.00667446
-0.00766679
-0.00838214
-0.00904268
-0.00971063
-0.0104592
-0.0113128
-0.0121154
-0.0129219
-0.0138302
-0.0147405
-0.0156138
-0.0165013
-0.0173351
-0.0182278
-0.0192969
-0.0203712
-0.021422
-0.022473
-0.0236428
-0.024852
-0.0261127
-0.0274459
-0.0288281
-0.0302931
-0.0317061
-0.0332693
-0.0347979
-0.0364683
-0.03816
-0.0398828
-0.0417826
-0.0435944
-0.0457005
-0.0473839
-0.0491045
0.0326875
0.0188718
0.00728248
0.00405042
0.00385205
0.0030861
0.00165091
-0.000157915
-0.0025099
-0.0041866
-0.00426011
-0.00401953
-0.00448469
-0.00548055
-0.00667157
-0.00766355
-0.00837873
-0.00903926
-0.0097078
-0.0104573
-0.0113114
-0.0121141
-0.0129209
-0.0138291
-0.0147389
-0.0156116
-0.0165
-0.0173351
-0.0182278
-0.0192965
-0.0203704
-0.0214212
-0.0224727
-0.0236426
-0.0248519
-0.0261125
-0.0274456
-0.0288276
-0.0302925
-0.0317055
-0.0332689
-0.0347976
-0.036468
-0.0381597
-0.0398826
-0.0417823
-0.0435942
-0.0457002
-0.0473839
-0.049104
0.0318539
0.0189364
0.00750845
0.00409849
0.00384639
0.0030799
0.00164125
-0.000167311
-0.00251139
-0.00418543
-0.0042618
-0.00402102
-0.00448358
-0.00547871
-0.00666867
-0.00765965
-0.008375
-0.00903597
-0.00970519
-0.0104555
-0.0113099
-0.0121129
-0.0129197
-0.0138281
-0.0147374
-0.0156096
-0.0164987
-0.0173351
-0.018228
-0.0192963
-0.0203697
-0.0214203
-0.0224722
-0.0236425
-0.0248517
-0.0261123
-0.0274454
-0.0288272
-0.030292
-0.0317049
-0.0332683
-0.0347971
-0.0364676
-0.0381594
-0.0398823
-0.041782
-0.043594
-0.0456999
-0.0473839
-0.0491035
0.0310286
0.0189845
0.00774033
0.00415141
0.00383872
0.00307194
0.00163033
-0.000176106
-0.00250818
-0.00417748
-0.00426136
-0.00402441
-0.00448487
-0.0054779
-0.0066655
-0.00765467
-0.00837071
-0.00903276
-0.00970287
-0.0104537
-0.0113085
-0.0121116
-0.0129186
-0.013827
-0.0147359
-0.0156079
-0.0164975
-0.0173354
-0.0182284
-0.0192962
-0.0203689
-0.0214194
-0.0224717
-0.0236424
-0.0248516
-0.0261122
-0.0274451
-0.0288268
-0.0302914
-0.0317042
-0.0332677
-0.0347966
-0.0364672
-0.038159
-0.039882
-0.0417817
-0.0435937
-0.0456996
-0.0473839
-0.0491028
0.0302124
0.0190148
0.00797729
0.00420993
0.00382912
0.00306224
0.00161834
-0.000183766
-0.00249876
-0.00416031
-0.004257
-0.00402905
-0.00448857
-0.00547808
-0.0066618
-0.0076483
-0.00836566
-0.00902958
-0.00970086
-0.0104522
-0.011307
-0.0121103
-0.0129174
-0.0138259
-0.0147344
-0.0156064
-0.0164962
-0.0173358
-0.0182289
-0.0192962
-0.0203682
-0.0214184
-0.0224712
-0.0236423
-0.0248516
-0.0261121
-0.0274449
-0.0288265
-0.0302908
-0.0317035
-0.0332671
-0.034796
-0.0364667
-0.0381585
-0.0398816
-0.0417814
-0.0435935
-0.0456992
-0.0473839
-0.0491022
0.0294062
0.0190258
0.00821832
0.00427491
0.00381775
0.00305068
0.00160545
-0.000190056
-0.00248215
-0.00413243
-0.0042473
-0.00403426
-0.00449447
-0.00547916
-0.00665736
-0.00764037
-0.00835977
-0.00902638
-0.00969914
-0.0104507
-0.0113054
-0.012109
-0.0129163
-0.0138248
-0.0147326
-0.0156052
-0.016495
-0.0173363
-0.0182296
-0.0192963
-0.0203675
-0.0214174
-0.0224706
-0.0236422
-0.0248515
-0.026112
-0.0274447
-0.0288262
-0.0302903
-0.0317028
-0.0332664
-0.0347954
-0.0364661
-0.038158
-0.0398813
-0.041781
-0.0435932
-0.0456988
-0.0473839
-0.0491015
0.0286111
0.0190164
0.00846236
0.0043472
0.00380476
0.00303701
0.0015918
-0.000194908
-0.00245817
-0.00409361
-0.00423159
-0.00403949
-0.00450227
-0.00548101
-0.00665212
-0.00763094
-0.00835305
-0.00902311
-0.00969764
-0.0104495
-0.0113038
-0.0121078
-0.0129153
-0.0138235
-0.0147307
-0.0156041
-0.0164937
-0.0173369
-0.0182304
-0.0192964
-0.0203667
-0.0214164
-0.0224699
-0.0236421
-0.0248514
-0.0261118
-0.0274445
-0.0288259
-0.0302897
-0.0317021
-0.0332656
-0.0347947
-0.0364655
-0.0381575
-0.0398808
-0.0417806
-0.0435929
-0.0456984
-0.0473839
-0.0491008
0.0278277
0.0189858
0.0087083
0.00442762
0.00379035
0.00302095
0.00157746
-0.000198439
-0.00242742
-0.00404485
-0.00421002
-0.00404442
-0.0045116
-0.00548349
-0.00664613
-0.00762026
-0.00834563
-0.00901977
-0.00969629
-0.0104483
-0.0113022
-0.0121065
-0.0129143
-0.0138222
-0.0147285
-0.015603
-0.0164923
-0.0173375
-0.0182313
-0.0192965
-0.0203659
-0.0214155
-0.0224693
-0.0236421
-0.0248513
-0.0261117
-0.0274443
-0.0288256
-0.0302892
-0.0317013
-0.0332649
-0.0347941
-0.0364649
-0.0381569
-0.0398804
-0.0417802
-0.0435926
-0.045698
-0.0473839
-0.0491001
0.0270569
0.0189331
0.0089548
0.00451693
0.00377487
0.00300214
0.00156237
-0.00020094
-0.0023911
-0.00398808
-0.00418344
-0.00404893
-0.00452207
-0.00548649
-0.00663951
-0.00760861
-0.00833769
-0.00901632
-0.00969502
-0.0104473
-0.0113005
-0.0121051
-0.0129135
-0.0138207
-0.0147262
-0.0156019
-0.0164908
-0.017338
-0.0182321
-0.0192965
-0.020365
-0.0214146
-0.0224687
-0.023642
-0.0248512
-0.0261115
-0.0274441
-0.0288252
-0.0302885
-0.0317006
-0.0332641
-0.0347934
-0.0364642
-0.0381563
-0.0398798
-0.0417798
-0.0435922
-0.0456975
-0.047384
-0.0490994
0.0262994
0.0188578
0.00920023
0.00461576
0.00375886
0.00298028
0.00154632
-0.000202801
-0.0023507
-0.00392559
-0.0041531
-0.00405305
-0.0045333
-0.00548989
-0.00663245
-0.00759633
-0.00832939
-0.00901278
-0.00969376
-0.0104463
-0.0112987
-0.0121037
-0.0129126
-0.0138191
-0.0147236
-0.0156005
-0.0164889
-0.0173382
-0.0182328
-0.0192963
-0.020364
-0.0214138
-0.0224681
-0.0236419
-0.024851
-0.0261114
-0.0274438
-0.0288247
-0.0302878
-0.0316998
-0.0332633
-0.0347927
-0.0364636
-0.0381556
-0.0398793
-0.0417793
-0.0435919
-0.0456971
-0.0473841
-0.0490988
0.0255557
0.0187596
0.00944283
0.00472465
0.003743
0.0029551
0.00152901
-0.000204351
-0.00230771
-0.00385964
-0.00412028
-0.00405684
-0.00454497
-0.00549354
-0.00662511
-0.00758368
-0.00832086
-0.00900912
-0.00969245
-0.0104454
-0.0112969
-0.0121022
-0.0129117
-0.0138172
-0.0147209
-0.0155989
-0.0164867
-0.0173382
-0.0182335
-0.0192959
-0.0203627
-0.0214129
-0.0224676
-0.0236418
-0.0248508
-0.0261112
-0.0274435
-0.0288242
-0.030287
-0.0316991
-0.0332626
-0.0347919
-0.0364629
-0.0381549
-0.0398787
-0.0417788
-0.0435915
-0.0456967
-0.0473842
-0.0490981
0.0248262
0.018638
0.00968056
0.00484389
0.003728
0.00292639
0.00151004
-0.000205806
-0.00226335
-0.00379214
-0.00408609
-0.00406034
-0.00455676
-0.00549732
-0.00661763
-0.00757085
-0.00831219
-0.00900534
-0.00969108
-0.0104444
-0.011295
-0.0121006
-0.0129108
-0.0138152
-0.0147181
-0.0155969
-0.0164842
-0.017338
-0.018234
-0.0192952
-0.0203613
-0.0214121
-0.0224672
-0.0236417
-0.0248505
-0.026111
-0.0274432
-0.0288235
-0.0302861
-0.0316983
-0.0332618
-0.0347912
-0.0364622
-0.0381542
-0.0398781
-0.0417783
-0.0435911
-0.0456963
-0.0473844
-0.0490975
0.0241134
0.0184936
0.00991119
0.00497329
0.0037148
0.00289412
0.00148903
-0.000207403
-0.00221851
-0.00372436
-0.00405131
-0.00406359
-0.00456847
-0.00550112
-0.00661008
-0.00755794
-0.00830343
-0.00900143
-0.00968962
-0.0104434
-0.0112931
-0.0120989
-0.0129097
-0.0138129
-0.0147152
-0.0155946
-0.0164814
-0.0173374
-0.0182345
-0.0192944
-0.0203597
-0.0214112
-0.0224668
-0.0236415
-0.0248502
-0.0261108
-0.0274428
-0.0288227
-0.0302851
-0.0316974
-0.033261
-0.0347904
-0.0364614
-0.0381535
-0.0398775
-0.0417778
-0.0435907
-0.0456958
-0.0473847
-0.0490968
0.023419
0.0183283
0.0101331
0.00511249
0.00370453
0.00285843
0.00146568
-0.000209361
-0.0021738
-0.0036571
-0.00401642
-0.00406657
-0.00457995
-0.00550488
-0.00660249
-0.007545
-0.00829458
-0.00899739
-0.00968805
-0.0104423
-0.0112912
-0.0120971
-0.0129085
-0.0138104
-0.0147121
-0.0155919
-0.0164784
-0.0173366
-0.0182348
-0.0192934
-0.0203579
-0.0214102
-0.0224665
-0.0236414
-0.0248499
-0.0261106
-0.0274425
-0.0288219
-0.030284
-0.0316966
-0.0332603
-0.0347897
-0.0364606
-0.0381528
-0.0398768
-0.0417772
-0.0435903
-0.0456954
-0.047385
-0.0490963
0.0227398
0.0181406
0.0103429
0.00526044
0.00369832
0.00281946
0.00143953
-0.000211905
-0.00212956
-0.00359077
-0.00398169
-0.00406923
-0.00459107
-0.0055085
-0.00659486
-0.00753205
-0.00828567
-0.00899323
-0.00968638
-0.0104412
-0.0112892
-0.0120952
-0.0129071
-0.0138077
-0.014709
-0.0155889
-0.0164752
-0.0173356
-0.0182351
-0.0192921
-0.0203559
-0.0214092
-0.0224663
-0.0236413
-0.0248496
-0.0261104
-0.0274421
-0.0288209
-0.0302828
-0.0316957
-0.0332595
-0.0347889
-0.0364598
-0.038152
-0.0398762
-0.0417766
-0.0435898
-0.0456949
-0.0473853
-0.0490957
0.0220769
0.0179327
0.0105388
0.00541603
0.00369736
0.00277765
0.00141018
-0.000215401
-0.0020859
-0.00352539
-0.00394722
-0.0040716
-0.00460183
-0.00551198
-0.00658714
-0.00751905
-0.00827666
-0.00898893
-0.0096846
-0.01044
-0.0112872
-0.0120933
-0.0129057
-0.0138049
-0.0147057
-0.0155857
-0.0164719
-0.0173344
-0.0182353
-0.0192908
-0.0203537
-0.0214081
-0.0224661
-0.0236411
-0.0248492
-0.0261102
-0.0274417
-0.0288199
-0.0302816
-0.0316947
-0.0332587
-0.0347881
-0.036459
-0.0381512
-0.0398755
-0.041776
-0.0435894
-0.0456945
-0.0473857
-0.0490952
0.0214342
0.0177077
0.0107192
0.00557783
0.00370258
0.00273363
0.00137757
-0.000220109
-0.00204312
-0.00346105
-0.00391299
-0.00407355
-0.00461217
-0.0055153
-0.00657936
-0.00750604
-0.00826756
-0.00898448
-0.00968271
-0.0104387
-0.0112851
-0.0120913
-0.0129042
-0.013802
-0.0147023
-0.0155823
-0.0164685
-0.0173331
-0.0182355
-0.0192893
-0.0203515
-0.0214069
-0.022466
-0.023641
-0.0248488
-0.0261099
-0.0274413
-0.0288189
-0.0302802
-0.0316937
-0.0332579
-0.0347872
-0.0364582
-0.0381504
-0.0398747
-0.0417754
-0.0435889
-0.0456941
-0.0473862
-0.0490947
0.020817
0.0174648
0.0108802
0.00574363
0.00371489
0.00268783
0.00134136
-0.000226237
-0.00200107
-0.00339769
-0.00387908
-0.0040751
-0.00462212
-0.00551845
-0.00657154
-0.00749304
-0.00825838
-0.00897991
-0.00968071
-0.0104374
-0.011283
-0.0120893
-0.0129026
-0.013799
-0.0146988
-0.0155786
-0.0164649
-0.0173316
-0.0182356
-0.0192877
-0.0203491
-0.0214057
-0.0224659
-0.0236409
-0.0248483
-0.0261097
-0.0274409
-0.0288178
-0.0302789
-0.0316926
-0.033257
-0.0347863
-0.0364573
-0.0381495
-0.039874
-0.0417747
-0.0435883
-0.0456937
-0.0473868
-0.0490943
0.020222
0.0172113
0.0110236
0.00591294
0.00373546
0.00264129
0.00130149
-0.00023436
-0.00195983
-0.00333495
-0.00384536
-0.00407634
-0.00463176
-0.00552142
-0.00656355
-0.00747996
-0.00824909
-0.00897521
-0.00967862
-0.0104361
-0.0112809
-0.0120872
-0.0129009
-0.0137959
-0.0146953
-0.0155749
-0.0164613
-0.0173301
-0.0182357
-0.0192861
-0.0203467
-0.0214044
-0.0224657
-0.0236407
-0.0248479
-0.0261094
-0.0274404
-0.0288167
-0.0302775
-0.0316916
-0.0332561
-0.0347854
-0.0364564
-0.0381486
-0.0398732
-0.0417741
-0.0435878
-0.0456933
-0.0473874
-0.0490938
0.019635
0.016943
0.0111449
0.00608224
0.00376424
0.00259476
0.00125797
-0.000245165
-0.00192028
-0.00327321
-0.00381169
-0.00407693
-0.00464093
-0.00552431
-0.00655558
-0.00746691
-0.00823966
-0.00897031
-0.00967638
-0.0104346
-0.0112787
-0.012085
-0.0128991
-0.0137928
-0.0146916
-0.015571
-0.0164576
-0.0173285
-0.0182358
-0.0192843
-0.0203441
-0.0214031
-0.0224656
-0.0236405
-0.0248474
-0.0261091
-0.0274399
-0.0288155
-0.030276
-0.0316904
-0.0332552
-0.0347844
-0.0364554
-0.0381477
-0.0398723
-0.0417734
-0.0435872
-0.0456929
-0.0473881
-0.0490934
0.0190619
0.0166593
0.0112407
0.0062487
0.00380097
0.00254862
0.00121071
-0.000258588
-0.00188203
-0.0032124
-0.00377837
-0.00407719
-0.00464987
-0.00552713
-0.00654766
-0.00745392
-0.00823021
-0.00896533
-0.00967407
-0.0104331
-0.0112764
-0.0120828
-0.0128973
-0.0137896
-0.0146878
-0.015567
-0.0164538
-0.0173268
-0.0182358
-0.0192826
-0.0203415
-0.0214017
-0.0224655
-0.0236404
-0.0248469
-0.0261088
-0.0274394
-0.0288143
-0.0302745
-0.0316893
-0.0332542
-0.0347834
-0.0364544
-0.0381467
-0.0398715
-0.0417727
-0.0435866
-0.0456925
-0.0473889
-0.0490931
0.0185149
0.0163777
0.0113202
0.00641366
0.00384645
0.0025049
0.0011608
-0.000275051
-0.00184548
-0.00315233
-0.00374506
-0.00407702
-0.00465855
-0.00552976
-0.0065395
-0.00744085
-0.00822065
-0.00896023
-0.00967166
-0.0104316
-0.0112742
-0.0120805
-0.0128953
-0.0137863
-0.0146839
-0.015563
-0.0164499
-0.017325
-0.0182357
-0.0192808
-0.0203389
-0.0214002
-0.0224654
-0.0236402
-0.0248464
-0.0261084
-0.0274388
-0.0288131
-0.030273
-0.031688
-0.0332532
-0.0347823
-0.0364534
-0.0381457
-0.0398706
-0.0417719
-0.043586
-0.0456921
-0.0473897
-0.0490928
0.0179731
0.0160864
0.0113751
0.00657072
0.00389872
0.0024645
0.00110839
-0.000295553
-0.00181222
-0.00309368
-0.00371153
-0.00407591
-0.00466669
-0.00553232
-0.00653145
-0.00742783
-0.00821093
-0.00895488
-0.00966904
-0.0104299
-0.0112718
-0.0120781
-0.0128933
-0.0137829
-0.01468
-0.0155588
-0.0164459
-0.0173232
-0.0182356
-0.0192789
-0.0203362
-0.0213988
-0.0224652
-0.02364
-0.0248459
-0.0261081
-0.0274382
-0.0288118
-0.0302714
-0.0316868
-0.0332522
-0.0347812
-0.0364523
-0.0381447
-0.0398697
-0.0417712
-0.0435853
-0.0456918
-0.0473906
-0.0490925
0.0174394
0.0157837
0.0114022
0.0067159
0.00395578
0.00242762
0.00105361
-0.000319546
-0.00178123
-0.00303621
-0.00367847
-0.00407474
-0.00467485
-0.00553496
-0.00652359
-0.00741496
-0.00820129
-0.00894955
-0.00966643
-0.0104283
-0.0112694
-0.0120757
-0.0128913
-0.0137795
-0.014676
-0.0155545
-0.0164418
-0.0173214
-0.0182354
-0.0192771
-0.0203334
-0.0213972
-0.0224651
-0.0236398
-0.0248453
-0.0261077
-0.0274376
-0.0288105
-0.0302697
-0.0316855
-0.0332511
-0.0347801
-0.0364512
-0.0381436
-0.0398687
-0.0417704
-0.0435847
-0.0456915
-0.0473916
-0.0490923
0.016937
0.0154952
0.0114179
0.00685428
0.00401835
0.00239686
0.000998773
-0.00034703
-0.00175364
-0.00298044
-0.00364528
-0.00407277
-0.00468256
-0.00553731
-0.00651547
-0.00740201
-0.00819156
-0.00894407
-0.00966368
-0.0104265
-0.011267
-0.0120731
-0.0128892
-0.0137761
-0.0146719
-0.0155502
-0.0164377
-0.0173194
-0.0182352
-0.0192751
-0.0203306
-0.0213957
-0.0224648
-0.0236396
-0.0248448
-0.0261073
-0.027437
-0.0288091
-0.0302681
-0.0316841
-0.03325
-0.0347789
-0.0364501
-0.0381425
-0.0398677
-0.0417696
-0.0435839
-0.0456912
-0.0473927
-0.0490921
0.0164411
0.0152005
0.0114095
0.0069776
0.00408285
0.00237169
0.000943577
-0.00037908
-0.00173083
-0.00292691
-0.00361179
-0.00406956
-0.00468951
-0.00553953
-0.00650742
-0.00738909
-0.00818163
-0.0089383
-0.00966068
-0.0104246
-0.0112645
-0.0120705
-0.0128869
-0.0137725
-0.0146677
-0.0155457
-0.0164334
-0.0173174
-0.0182349
-0.0192732
-0.0203278
-0.0213941
-0.0224646
-0.0236393
-0.0248442
-0.0261069
-0.0274363
-0.0288077
-0.0302663
-0.0316827
-0.0332488
-0.0347777
-0.0364489
-0.0381413
-0.0398667
-0.0417688
-0.0435832
-0.0456909
-0.0473938
-0.0490919
0.015952
0.0148971
0.0113731
0.00708119
0.00414606
0.0023514
0.000888346
-0.000414696
-0.00171166
-0.00287549
-0.00357898
-0.00406642
-0.00469676
-0.00554213
-0.00649987
-0.00737651
-0.00817196
-0.0089327
-0.0096578
-0.0104228
-0.011262
-0.0120679
-0.0128846
-0.013769
-0.0146635
-0.0155412
-0.0164291
-0.0173154
-0.0182345
-0.0192712
-0.0203249
-0.0213925
-0.0224643
-0.0236391
-0.0248435
-0.0261064
-0.0274356
-0.0288063
-0.0302645
-0.0316813
-0.0332476
-0.0347765
-0.0364477
-0.0381401
-0.0398656
-0.0417679
-0.0435823
-0.0456906
-0.0473951
-0.0490918
0.0155076
0.0146198
0.0113327
0.00717558
0.00421006
0.00234013
0.000837312
-0.000452575
-0.00169796
-0.002828
-0.00354636
-0.00406196
-0.00470298
-0.00554411
-0.00649189
-0.00736381
-0.00816216
-0.00892688
-0.0096547
-0.0104209
-0.0112594
-0.0120652
-0.0128823
-0.0137654
-0.0146591
-0.0155366
-0.0164248
-0.0173133
-0.018234
-0.0192692
-0.0203219
-0.0213908
-0.022464
-0.0236388
-0.0248429
-0.0261059
-0.0274348
-0.0288048
-0.0302627
-0.0316798
-0.0332464
-0.0347751
-0.0364464
-0.0381389
-0.0398645
-0.041767
-0.0435815
-0.0456904
-0.0473964
-0.0490917
0.0150849
0.0143394
0.0112685
0.00725008
0.00427033
0.00233204
0.000788248
-0.000494344
-0.00169025
-0.00278402
-0.00351371
-0.00405612
-0.0047084
-0.00554608
-0.00648414
-0.00735117
-0.00815214
-0.00892077
-0.00965135
-0.0104188
-0.0112568
-0.0120623
-0.0128798
-0.0137617
-0.0146547
-0.0155319
-0.0164203
-0.0173112
-0.0182335
-0.0192671
-0.0203189
-0.0213891
-0.0224636
-0.0236384
-0.0248422
-0.0261054
-0.027434
-0.0288033
-0.0302608
-0.0316783
-0.033245
-0.0347738
-0.0364451
-0.0381376
-0.0398633
-0.0417662
-0.0435806
-0.0456903
-0.0473978
-0.0490916
0.0146687
0.0140484
0.0111772
0.00730163
0.00432444
0.00232552
0.000741486
-0.000538317
-0.00168724
-0.00274369
-0.00348264
-0.00405035
-0.00471397
-0.0055485
-0.00647706
-0.00733907
-0.00814256
-0.00891495
-0.00964821
-0.0104168
-0.0112542
-0.0120595
-0.0128773
-0.013758
-0.0146502
-0.0155272
-0.0164158
-0.017309
-0.0182329
-0.019265
-0.0203159
-0.0213873
-0.0224632
-0.0236381
-0.0248415
-0.0261049
-0.0274331
-0.0288017
-0.0302588
-0.0316766
-0.0332437
-0.0347724
-0.0364437
-0.0381363
-0.0398621
-0.0417652
-0.0435797
-0.0456901
-0.0473993
-0.0490916
0.0143235
0.0137888
0.0110856
0.00734357
0.00437522
0.00236492
0.000701395
-0.000582295
-0.00168959
-0.00270951
-0.00345283
-0.00404294
-0.00471783
-0.00554991
-0.0064695
-0.00732686
-0.00813284
-0.00890888
-0.00964481
-0.0104147
-0.0112515
-0.0120566
-0.0128747
-0.0137542
-0.0146456
-0.0155224
-0.0164112
-0.0173066
-0.0182322
-0.0192628
-0.0203128
-0.0213855
-0.0224627
-0.0236377
-0.0248407
-0.0261043
-0.0274322
-0.0288
-0.0302568
-0.031675
-0.0332423
-0.0347709
-0.0364423
-0.0381349
-0.0398608
-0.0417643
-0.0435787
-0.04569
-0.0474009
-0.0490916
0.01405
0.0135399
0.010977
0.00736671
0.00441693
0.00236419
0.000663226
-0.000628323
-0.0016977
-0.00268032
-0.00342408
-0.0040345
-0.00472094
-0.00555156
-0.00646254
-0.00731495
-0.00812302
-0.00890257
-0.00964121
-0.0104125
-0.0112488
-0.0120535
-0.0128719
-0.0137504
-0.0146409
-0.0155174
-0.0164066
-0.0173043
-0.0182314
-0.0192606
-0.0203097
-0.0213836
-0.0224622
-0.0236373
-0.0248399
-0.0261037
-0.0274312
-0.0287983
-0.0302548
-0.0316733
-0.0332408
-0.0347694
-0.0364409
-0.0381335
-0.0398595
-0.0417634
-0.0435777
-0.04569
-0.0474026
-0.0490917
0.0137522
0.0132775
0.0108503
0.00737032
0.0044472
0.00236314
0.00062951
-0.000672483
-0.00171703
-0.00265704
-0.00339901
-0.00402652
-0.00472339
-0.00555282
-0.00645575
-0.00730344
-0.00811357
-0.00889654
-0.0096378
-0.0104103
-0.0112461
-0.0120505
-0.0128691
-0.0137465
-0.0146362
-0.0155125
-0.0164019
-0.0173018
-0.0182306
-0.0192583
-0.0203065
-0.0213816
-0.0224616
-0.0236368
-0.0248391
-0.026103
-0.0274302
-0.0287966
-0.0302527
-0.0316715
-0.0332392
-0.0347678
-0.0364393
-0.0381321
-0.0398581
-0.0417624
-0.0435766
-0.0456899
-0.0474044
-0.0490918
0.0134191
0.0130199
0.0107207
0.00736175
0.00446944
0.00236236
0.000601334
-0.000715548
-0.00173463
-0.00264045
-0.0033765
-0.00401742
-0.00472415
-0.00555327
-0.006449
-0.0072923
-0.00810432
-0.00889045
-0.0096342
-0.0104081
-0.0112433
-0.0120474
-0.0128664
-0.0137427
-0.0146314
-0.0155075
-0.0163972
-0.0172993
-0.0182296
-0.019256
-0.0203033
-0.0213796
-0.0224609
-0.0236363
-0.0248382
-0.0261023
-0.0274292
-0.0287948
-0.0302505
-0.0316696
-0.0332376
-0.0347662
-0.0364378
-0.0381306
-0.0398567
-0.0417614
-0.0435755
-0.04569
-0.0474062
-0.0490919
0.013098
0.0127705
0.0105848
0.0073401
0.00448124
0.00235728
0.000570712
-0.000758346
-0.00175564
-0.00262875
-0.00335678
-0.00400881
-0.00472459
-0.00555358
-0.00644254
-0.00728145
-0.00809504
-0.00888418
-0.00963048
-0.0104058
-0.0112407
-0.0120443
-0.0128634
-0.0137387
-0.0146264
-0.0155023
-0.0163924
-0.0172967
-0.0182285
-0.0192536
-0.0203
-0.0213776
-0.0224602
-0.0236357
-0.0248373
-0.0261016
-0.0274281
-0.0287929
-0.0302483
-0.0316677
-0.033236
-0.0347645
-0.0364361
-0.038129
-0.0398552
-0.0417604
-0.0435743
-0.04569
-0.0474082
-0.0490921
0.0127771
0.0125192
0.0104425
0.00730483
0.00448018
0.0023471
0.000546058
-0.000797405
-0.00177941
-0.00262388
-0.00334242
-0.0040014
-0.00472386
-0.00555272
-0.00643569
-0.00727073
-0.00808604
-0.00887817
-0.0096269
-0.0104035
-0.0112378
-0.012041
-0.0128603
-0.0137346
-0.0146215
-0.0154972
-0.0163875
-0.017294
-0.0182273
-0.0192511
-0.0202967
-0.0213755
-0.0224594
-0.0236351
-0.0248363
-0.0261008
-0.0274269
-0.028791
-0.030246
-0.0316657
-0.0332343
-0.0347628
-0.0364344
-0.0381274
-0.0398536
-0.0417593
-0.0435731
-0.0456901
-0.0474103
-0.0490923
0.0124499
0.0122682
0.0102932
0.00725718
0.00446973
0.00233275
0.000521677
-0.00083568
-0.00180641
-0.00262481
-0.00333125
-0.00399384
-0.0047222
-0.00555143
-0.00642906
-0.00726058
-0.00807749
-0.00887224
-0.00962313
-0.010401
-0.0112351
-0.0120379
-0.0128573
-0.0137306
-0.0146164
-0.0154919
-0.0163826
-0.0172912
-0.018226
-0.0192486
-0.0202933
-0.0213733
-0.0224586
-0.0236344
-0.0248353
-0.0260999
-0.0274256
-0.028789
-0.0302436
-0.0316637
-0.0332325
-0.034761
-0.0364326
-0.0381257
-0.039852
-0.0417583
-0.0435719
-0.0456903
-0.0474125
-0.0490926
0.0121207
0.0120163
0.0101373
0.00719954
0.00445005
0.00231153
0.000495462
-0.000871408
-0.00183426
-0.00262982
-0.00332433
-0.00398852
-0.00472095
-0.00554979
-0.00642225
-0.00725053
-0.00806894
-0.00886624
-0.00961946
-0.0103988
-0.0112324
-0.0120347
-0.0128542
-0.0137265
-0.0146113
-0.0154866
-0.0163776
-0.0172883
-0.0182245
-0.0192461
-0.0202899
-0.0213711
-0.0224576
-0.0236337
-0.0248342
-0.026099
-0.0274243
-0.028787
-0.0302412
-0.0316616
-0.0332306
-0.0347591
-0.0364308
-0.038124
-0.0398503
-0.0417572
-0.0435706
-0.0456905
-0.0474148
-0.0490929
0.0117912
0.0117651
0.00997442
0.00713051
0.00441971
0.00228357
0.00046802
-0.000905318
-0.0018632
-0.00264093
-0.00332317
-0.00398524
-0.00471915
-0.0055473
-0.00641513
-0.00724054
-0.00806071
-0.00886074
-0.00961612
-0.0103965
-0.0112295
-0.0120313
-0.0128509
-0.0137224
-0.0146061
-0.0154811
-0.0163726
-0.0172853
-0.018223
-0.0192435
-0.0202865
-0.0213688
-0.0224566
-0.0236329
-0.0248331
-0.0260981
-0.0274229
-0.0287849
-0.0302387
-0.0316594
-0.0332287
-0.0347572
-0.0364289
-0.0381223
-0.0398485
-0.0417561
-0.0435693
-0.0456907
-0.0474172
-0.0490932
0.0114675
0.0115127
0.00980299
0.00705049
0.00438081
0.00225002
0.000437306
-0.000939791
-0.00189387
-0.00265627
-0.00332573
-0.00398344
-0.00471763
-0.00554481
-0.00640801
-0.00723078
-0.00805288
-0.00885536
-0.00961249
-0.0103939
-0.0112268
-0.0120282
-0.0128478
-0.0137182
-0.0146008
-0.0154756
-0.0163675
-0.0172823
-0.0182213
-0.0192408
-0.020283
-0.0213665
-0.0224555
-0.023632
-0.0248319
-0.026097
-0.0274214
-0.0287827
-0.0302361
-0.0316571
-0.0332267
-0.0347552
-0.0364269
-0.0381204
-0.0398467
-0.0417549
-0.0435679
-0.045691
-0.0474197
-0.0490936
0.0111402
0.0112584
0.00962461
0.00696022
0.00433321
0.0022097
0.000401877
-0.000974814
-0.00192481
-0.00267468
-0.00333289
-0.00398469
-0.00471691
-0.00554216
-0.0064008
-0.00722105
-0.00804494
-0.00884987
-0.0096091
-0.0103918
-0.0112242
-0.0120249
-0.0128444
-0.0137139
-0.0145956
-0.0154701
-0.0163624
-0.017279
-0.0182195
-0.019238
-0.0202795
-0.0213641
-0.0224543
-0.023631
-0.0248306
-0.0260959
-0.0274199
-0.0287804
-0.0302335
-0.0316548
-0.0332246
-0.0347531
-0.0364249
-0.0381186
-0.0398448
-0.0417538
-0.0435665
-0.0456914
-0.0474223
-0.049094
0.0108115
0.0110041
0.00943892
0.00685865
0.00427643
0.0021633
0.000362504
-0.00101083
-0.00195654
-0.00269712
-0.0033453
-0.00398886
-0.00471684
-0.00553971
-0.00639356
-0.00721097
-0.00803699
-0.008845
-0.00960629
-0.0103898
-0.0112215
-0.0120215
-0.0128411
-0.0137097
-0.0145902
-0.0154645
-0.0163571
-0.0172757
-0.0182175
-0.0192352
-0.020276
-0.0213616
-0.0224529
-0.02363
-0.0248293
-0.0260948
-0.0274182
-0.0287781
-0.0302308
-0.0316523
-0.0332224
-0.034751
-0.0364228
-0.0381166
-0.0398428
-0.0417526
-0.0435651
-0.0456917
-0.047425
-0.0490944
0.0104769
0.0107483
0.00924671
0.00674629
0.0042107
0.00211138
0.000318885
-0.00104989
-0.00199022
-0.00272259
-0.00336179
-0.00399598
-0.00471788
-0.00553756
-0.0063864
-0.0072011
-0.00802953
-0.00884039
-0.00960325
-0.0103875
-0.0112189
-0.0120184
-0.0128377
-0.0137054
-0.0145847
-0.0154588
-0.0163519
-0.0172723
-0.0182154
-0.0192323
-0.0202724
-0.0213591
-0.0224515
-0.0236289
-0.0248279
-0.0260935
-0.0274165
-0.0287757
-0.030228
-0.0316498
-0.0332202
-0.0347487
-0.0364206
-0.0381146
-0.0398408
-0.0417514
-0.0435636
-0.0456921
-0.0474279
-0.049095
0.0101351
0.0104914
0.00904876
0.00662268
0.00413554
0.00205369
0.000270218
-0.00109263
-0.00202537
-0.00275021
-0.00338248
-0.00400656
-0.00471999
-0.0055359
-0.00638016
-0.00719161
-0.00802161
-0.00883544
-0.00960052
-0.0103859
-0.0112166
-0.0120151
-0.0128342
-0.013701
-0.0145792
-0.015453
-0.0163466
-0.0172688
-0.0182131
-0.0192293
-0.0202688
-0.0213565
-0.02245
-0.0236277
-0.0248264
-0.0260922
-0.0274147
-0.0287732
-0.0302252
-0.0316472
-0.0332179
-0.0347464
-0.0364183
-0.0381126
-0.0398386
-0.0417502
-0.0435621
-0.0456926
-0.0474308
-0.0490955
0.00978959
0.0102328
0.00884559
0.0064883
0.00405082
0.00198994
0.000216984
-0.00113888
-0.0020626
-0.0027803
-0.00340718
-0.00402072
-0.00472397
-0.0055354
-0.00637453
-0.00718168
-0.00801324
-0.00883095
-0.00959842
-0.0103843
-0.0112141
-0.0120119
-0.0128308
-0.0136967
-0.0145737
-0.0154472
-0.0163412
-0.0172651
-0.0182107
-0.0192262
-0.0202651
-0.0213538
-0.0224484
-0.0236264
-0.0248249
-0.0260908
-0.0274128
-0.0287706
-0.0302223
-0.0316445
-0.0332154
-0.034744
-0.0364159
-0.0381105
-0.0398364
-0.0417489
-0.0435606
-0.045693
-0.0474338
-0.0490961
0.00944024
0.00997087
0.00863913
0.0063442
0.00395553
0.00191988
0.000159833
-0.00118949
-0.00210324
-0.00281268
-0.00343537
-0.00403889
-0.00472995
-0.00553533
-0.00636934
-0.00717231
-0.00800531
-0.00882661
-0.00959615
-0.0103828
-0.0112121
-0.012009
-0.0128274
-0.0136923
-0.0145681
-0.0154413
-0.0163357
-0.0172614
-0.0182081
-0.019223
-0.0202614
-0.0213511
-0.0224466
-0.023625
-0.0248232
-0.0260893
-0.0274108
-0.028768
-0.0302192
-0.0316417
-0.0332129
-0.0347415
-0.0364135
-0.0381083
-0.0398341
-0.0417476
-0.0435591
-0.0456935
-0.0474369
-0.0490968
0.00908532
0.0097049
0.00843012
0.00619057
0.00384915
0.00184325
9.84435e-05
-0.00124498
-0.00214753
-0.00284717
-0.00346682
-0.00406094
-0.00473771
-0.00553599
-0.00636582
-0.00716404
-0.00799697
-0.00882174
-0.00959414
-0.0103818
-0.0112103
-0.0120061
-0.012824
-0.0136878
-0.0145624
-0.0154353
-0.0163303
-0.0172575
-0.0182054
-0.0192198
-0.0202577
-0.0213483
-0.0224447
-0.0236235
-0.0248215
-0.0260877
-0.0274086
-0.0287652
-0.0302162
-0.0316388
-0.0332103
-0.034739
-0.036411
-0.038106
-0.0398318
-0.0417463
-0.0435576
-0.0456941
-0.0474401
-0.0490975
0.00872747
0.00943424
0.00821813
0.00602911
0.00373224
0.00175916
3.30286e-05
-0.00130494
-0.00219625
-0.00288428
-0.00350108
-0.00408667
-0.00474808
-0.00553807
-0.00636364
-0.00715633
-0.00798829
-0.00881691
-0.00959257
-0.010381
-0.0112087
-0.0120033
-0.0128206
-0.0136834
-0.0145567
-0.0154293
-0.0163247
-0.0172535
-0.0182024
-0.0192164
-0.0202539
-0.0213454
-0.0224427
-0.0236219
-0.0248197
-0.0260859
-0.0274064
-0.0287624
-0.030213
-0.0316358
-0.0332077
-0.0347363
-0.0364083
-0.0381037
-0.0398294
-0.0417449
-0.043556
-0.0456946
-0.0474433
-0.0490983
0.00837242
0.00915895
0.0080039
0.00586155
0.00360439
0.00166669
-3.61356e-05
-0.00136956
-0.00225044
-0.00292408
-0.00353736
-0.00411618
-0.00476177
-0.00554142
-0.0063623
-0.00714975
-0.00798014
-0.00881197
-0.00959089
-0.0103804
-0.0112074
-0.0120008
-0.0128173
-0.0136791
-0.014551
-0.0154231
-0.0163191
-0.0172494
-0.0181993
-0.019213
-0.0202502
-0.0213424
-0.0224406
-0.0236202
-0.0248178
-0.0260841
-0.0274041
-0.0287594
-0.0302097
-0.0316327
-0.0332049
-0.0347335
-0.0364056
-0.0381013
-0.0398268
-0.0417435
-0.0435545
-0.0456952
-0.0474466
-0.0490991
0.00802149
0.0088791
0.00778654
0.00568831
0.00346575
0.0015649
-0.000109456
-0.0014386
-0.00231006
-0.00296675
-0.00357596
-0.00414977
-0.00477873
-0.00554594
-0.00636221
-0.00714478
-0.0079724
-0.00880661
-0.00958913
-0.0103802
-0.0112065
-0.0119984
-0.0128141
-0.0136747
-0.0145452
-0.0154169
-0.0163135
-0.0172452
-0.018196
-0.0192094
-0.0202463
-0.0213394
-0.0224383
-0.0236183
-0.0248157
-0.0260822
-0.0274016
-0.0287564
-0.0302063
-0.0316294
-0.033202
-0.0347307
-0.0364028
-0.0380988
-0.0398243
-0.041742
-0.043553
-0.0456958
-0.04745
-0.0491
0.00767488
0.00859437
0.00756433
0.00551101
0.0033181
0.00145255
-0.000187672
-0.00151114
-0.00237533
-0.00301356
-0.00361725
-0.00418655
-0.0047985
-0.00555214
-0.00636371
-0.00714131
-0.00796512
-0.0088011
-0.00958742
-0.0103802
-0.0112059
-0.0119964
-0.012811
-0.0136703
-0.0145394
-0.0154107
-0.0163077
-0.0172408
-0.0181925
-0.0192058
-0.0202425
-0.0213363
-0.0224359
-0.0236164
-0.0248135
-0.0260801
-0.027399
-0.0287532
-0.0302029
-0.0316261
-0.033199
-0.0347277
-0.0363999
-0.0380962
-0.0398216
-0.0417406
-0.0435514
-0.0456964
-0.0474535
-0.049101
0.00733361
0.0083064
0.0073367
0.00533028
0.00316252
0.00132853
-0.000271352
-0.00158646
-0.0024472
-0.00306528
-0.00366003
-0.00422586
-0.00482203
-0.00556083
-0.0063665
-0.0071393
-0.00795916
-0.00879579
-0.00958533
-0.0103803
-0.0112058
-0.0119947
-0.012808
-0.0136661
-0.0145336
-0.0154043
-0.0163019
-0.0172363
-0.0181889
-0.019202
-0.0202386
-0.0213331
-0.0224333
-0.0236142
-0.0248113
-0.0260779
-0.0273962
-0.0287499
-0.0301994
-0.0316227
-0.033196
-0.0347246
-0.036397
-0.0380936
-0.0398189
-0.041739
-0.0435499
-0.045697
-0.047457
-0.0491021
0.00699838
0.00801633
0.00710263
0.00514536
0.00300033
0.00119312
-0.000361303
-0.00166478
-0.00252579
-0.0031216
-0.00370434
-0.00426868
-0.00484974
-0.00557189
-0.00637065
-0.00713873
-0.00795446
-0.0087907
-0.00958284
-0.0103805
-0.0112061
-0.0119933
-0.0128052
-0.013662
-0.0145278
-0.0153979
-0.0162961
-0.0172318
-0.0181851
-0.0191982
-0.0202346
-0.0213298
-0.0224306
-0.0236119
-0.0248089
-0.0260755
-0.0273934
-0.0287465
-0.0301957
-0.0316191
-0.0331928
-0.0347214
-0.0363939
-0.0380909
-0.039816
-0.0417375
-0.0435484
-0.0456977
-0.0474605
-0.0491032
0.00666988
0.00772568
0.00686141
0.00495545
0.00283414
0.00104669
-0.000460427
-0.0017455
-0.00260972
-0.00318375
-0.00375129
-0.00431461
-0.0048808
-0.00558522
-0.00637661
-0.00713945
-0.00795081
-0.00878648
-0.00958042
-0.0103804
-0.0112069
-0.0119923
-0.0128024
-0.0136579
-0.0145222
-0.0153915
-0.0162902
-0.017227
-0.018181
-0.0191942
-0.0202306
-0.0213264
-0.0224277
-0.0236095
-0.0248063
-0.026073
-0.0273904
-0.028743
-0.0301919
-0.0316153
-0.0331895
-0.0347181
-0.0363907
-0.038088
-0.0398131
-0.0417358
-0.0435468
-0.0456983
-0.047464
-0.0491043
0.00634755
0.00743612
0.0066132
0.004759
0.00266528
0.000889453
-0.000571042
-0.00182749
-0.00269813
-0.00325381
-0.00380094
-0.00436219
-0.00491505
-0.0056014
-0.00638478
-0.00714178
-0.00794877
-0.00878343
-0.00957775
-0.01038
-0.0112081
-0.0119918
-0.0127997
-0.0136539
-0.0145167
-0.0153851
-0.0162841
-0.0172221
-0.0181768
-0.0191902
-0.0202266
-0.0213229
-0.0224246
-0.0236069
-0.0248037
-0.0260703
-0.0273872
-0.0287394
-0.0301881
-0.0316115
-0.0331861
-0.0347146
-0.0363874
-0.0380852
-0.0398102
-0.0417342
-0.0435453
-0.045699
-0.0474676
-0.0491056
0.00602849
0.00714762
0.00635931
0.00455442
0.00249328
0.000723917
-0.000693787
-0.0019122
-0.00279052
-0.00333152
-0.00385316
-0.00441162
-0.00495311
-0.00562065
-0.00639565
-0.00714597
-0.00794771
-0.00878147
-0.00957535
-0.0103792
-0.0112095
-0.0119919
-0.0127973
-0.01365
-0.0145112
-0.0153787
-0.0162782
-0.0172171
-0.0181723
-0.0191859
-0.0202225
-0.0213193
-0.0224214
-0.0236041
-0.0248009
-0.0260675
-0.0273839
-0.0287355
-0.0301841
-0.0316075
-0.0331827
-0.034711
-0.036384
-0.0380821
-0.0398071
-0.0417325
-0.0435439
-0.0456996
-0.0474711
-0.0491069
0.005712
0.00686083
0.00610182
0.00434072
0.0023175
0.000553238
-0.000829841
-0.00200205
-0.00288527
-0.00341654
-0.00390901
-0.00446378
-0.00499542
-0.00564221
-0.00640863
-0.00715199
-0.00794746
-0.00878119
-0.00957394
-0.0103776
-0.0112111
-0.0119927
-0.0127949
-0.013646
-0.0145059
-0.0153722
-0.016272
-0.0172121
-0.0181678
-0.0191815
-0.0202182
-0.0213156
-0.0224181
-0.0236012
-0.0247979
-0.0260645
-0.0273805
-0.0287317
-0.03018
-0.0316033
-0.033179
-0.0347073
-0.0363806
-0.0380791
-0.039804
-0.0417307
-0.0435423
-0.0457003
-0.0474747
-0.0491083
0.00539868
0.00657571
0.00584204
0.00411715
0.00213686
0.000379347
-0.000979942
-0.00209866
-0.00298064
-0.00350966
-0.00396993
-0.00451717
-0.00504148
-0.00566652
-0.00642364
-0.00716041
-0.00794869
-0.00878248
-0.00957351
-0.0103754
-0.0112124
-0.0119945
-0.0127929
-0.0136418
-0.0145007
-0.015366
-0.0162658
-0.0172068
-0.0181631
-0.0191772
-0.0202139
-0.0213117
-0.0224145
-0.0235981
-0.0247948
-0.0260613
-0.0273768
-0.0287276
-0.0301758
-0.0315991
-0.0331752
-0.0347034
-0.036377
-0.038076
-0.0398008
-0.0417289
-0.0435408
-0.0457009
-0.0474783
-0.0491098
0.00508691
0.00629071
0.00558096
0.0038847
0.00194867
0.000203849
-0.00114256
-0.00220501
-0.00307579
-0.00361002
-0.00403704
-0.00457077
-0.00509065
-0.00569453
-0.00644171
-0.00717176
-0.0079506
-0.00878477
-0.00957497
-0.010373
-0.011213
-0.0119967
-0.0127914
-0.0136378
-0.0144956
-0.0153598
-0.0162596
-0.0172014
-0.0181581
-0.0191726
-0.0202097
-0.0213078
-0.0224107
-0.0235946
-0.0247915
-0.026058
-0.0273732
-0.0287233
-0.0301714
-0.0315947
-0.0331714
-0.0346994
-0.0363732
-0.0380727
-0.0397975
-0.0417272
-0.0435394
-0.0457015
-0.0474818
-0.0491113
0.00477585
0.00600473
0.00531906
0.0036454
0.00175075
2.71656e-05
-0.00131474
-0.00232409
-0.00317098
-0.00371524
-0.00411164
-0.00462602
-0.0051432
-0.00572561
-0.00646191
-0.00718652
-0.00795373
-0.00878768
-0.00957865
-0.0103711
-0.0112127
-0.0119993
-0.0127903
-0.0136336
-0.0144909
-0.0153538
-0.0162531
-0.0171959
-0.0181531
-0.0191678
-0.0202051
-0.0213038
-0.022407
-0.0235912
-0.0247879
-0.0260543
-0.0273692
-0.0287191
-0.030167
-0.0315901
-0.0331674
-0.0346953
-0.0363694
-0.0380693
-0.039794
-0.0417253
-0.0435379
-0.0457022
-0.0474852
-0.0491128
0.0044667
0.00571729
0.00505578
0.00340105
0.00154162
-0.000151744
-0.00149306
-0.00245742
-0.00326787
-0.00382358
-0.00419468
-0.00468357
-0.00519868
-0.00575984
-0.00648314
-0.00720456
-0.00795948
-0.00879131
-0.00958392
-0.01037
-0.0112117
-0.0120023
-0.01279
-0.0136289
-0.0144857
-0.0153485
-0.0162471
-0.0171902
-0.0181478
-0.0191631
-0.0202004
-0.0212994
-0.0224029
-0.0235876
-0.0247844
-0.0260505
-0.0273649
-0.0287144
-0.0301624
-0.0315854
-0.0331633
-0.0346909
-0.0363654
-0.0380659
-0.0397906
-0.0417233
-0.0435363
-0.0457027
-0.0474887
-0.0491145
0.00415948
0.00542832
0.0047896
0.00315326
0.00132092
-0.000335049
-0.00167431
-0.00260578
-0.00336877
-0.00393314
-0.00428635
-0.00474337
-0.00525618
-0.00579864
-0.00650622
-0.00722543
-0.00796755
-0.00879555
-0.00959118
-0.01037
-0.0112096
-0.0120051
-0.0127907
-0.0136247
-0.0144803
-0.0153427
-0.016241
-0.0171848
-0.0181426
-0.019158
-0.0201957
-0.021295
-0.0223984
-0.0235834
-0.0247805
-0.0260468
-0.0273609
-0.0287097
-0.0301575
-0.0315804
-0.0331591
-0.0346866
-0.0363613
-0.0380624
-0.039787
-0.0417214
-0.0435349
-0.0457032
-0.047492
-0.0491161
0.0038521
0.0051377
0.00451881
0.00290303
0.00109031
-0.00052623
-0.00185695
-0.00276764
-0.00347656
-0.00404195
-0.00438565
-0.00480692
-0.00531529
-0.00584188
-0.00653137
-0.00724936
-0.00797826
-0.00879986
-0.00960046
-0.0103726
-0.0112068
-0.0120067
-0.0127919
-0.0136208
-0.0144753
-0.0153375
-0.0162346
-0.0171787
-0.0181373
-0.0191531
-0.0201907
-0.0212905
-0.0223941
-0.0235793
-0.0247762
-0.0260423
-0.0273564
-0.028705
-0.0301528
-0.0315754
-0.0331545
-0.0346818
-0.0363571
-0.0380588
-0.0397834
-0.0417193
-0.0435334
-0.0457037
-0.0474953
-0.0491178
0.00354206
0.00484496
0.00424225
0.00265056
0.000851998
-0.000727902
-0.00204033
-0.00294039
-0.00359439
-0.00414961
-0.00449131
-0.00487602
-0.00537547
-0.00588892
-0.00655842
-0.00727605
-0.00799282
-0.00880443
-0.00961012
-0.0103776
-0.0112049
-0.0120076
-0.012793
-0.0136169
-0.0144694
-0.0153323
-0.0162293
-0.0171729
-0.0181314
-0.0191478
-0.0201858
-0.0212858
-0.0223894
-0.023575
-0.0247722
-0.0260379
-0.0273514
-0.0286996
-0.0301477
-0.0315705
-0.0331502
-0.0346772
-0.0363526
-0.038055
-0.0397796
-0.0417172
-0.0435319
-0.0457041
-0.0474985
-0.0491195
0.00322911
0.00455057
0.00395931
0.00239391
0.000607997
-0.000941299
-0.00222505
-0.0031212
-0.0037246
-0.00425653
-0.00460151
-0.00495094
-0.00543641
-0.00594032
-0.00658791
-0.00730495
-0.00801215
-0.00881027
-0.00961952
-0.0103837
-0.011203
-0.0120082
-0.0127952
-0.0136143
-0.0144636
-0.0153261
-0.0162233
-0.0171676
-0.0181261
-0.0191423
-0.0201803
-0.0212809
-0.0223845
-0.0235702
-0.0247676
-0.0260334
-0.0273469
-0.0286944
-0.0301422
-0.0315648
-0.0331453
-0.0346724
-0.0363483
-0.0380513
-0.0397757
-0.0417151
-0.0435304
-0.0457044
-0.0475015
-0.0491212
0.00291281
0.00425487
0.00367115
0.00213109
0.000360184
-0.00116626
-0.00241423
-0.00330673
-0.00386805
-0.00436461
-0.00471355
-0.00503226
-0.00549832
-0.00599513
-0.00662037
-0.00733546
-0.00803576
-0.00881852
-0.00963031
-0.0103923
-0.0112008
-0.0120057
-0.0127961
-0.013613
-0.0144591
-0.0153209
-0.0162177
-0.0171614
-0.0181201
-0.019137
-0.0201749
-0.0212755
-0.0223794
-0.0235653
-0.0247627
-0.0260283
-0.0273418
-0.0286891
-0.0301371
-0.0315594
-0.0331403
-0.0346671
-0.0363435
-0.0380475
-0.0397719
-0.0417129
-0.0435288
-0.0457047
-0.0475044
-0.0491228
0.00258905
0.00395493
0.00337801
0.00186028
0.000109154
-0.00140172
-0.0026101
-0.00349381
-0.00402361
-0.00447591
-0.00482606
-0.00512074
-0.00556212
-0.00605265
-0.00665598
-0.00736658
-0.00806306
-0.00882882
-0.00964084
-0.0104041
-0.0112026
-0.012003
-0.0127943
-0.0136101
-0.014454
-0.0153149
-0.0162131
-0.0171572
-0.0181142
-0.0191308
-0.0201693
-0.0212702
-0.0223739
-0.0235601
-0.0247578
-0.0260233
-0.0273365
-0.0286832
-0.0301313
-0.0315539
-0.0331355
-0.0346621
-0.0363386
-0.0380433
-0.0397677
-0.0417106
-0.0435273
-0.0457049
-0.0475073
-0.0491244
0.0022591
0.00364902
0.00308036
0.00157987
-0.000147107
-0.00164662
-0.00281566
-0.0036812
-0.00418923
-0.00459237
-0.00493715
-0.00521511
-0.00562847
-0.00611287
-0.00669584
-0.00739873
-0.00809442
-0.00884237
-0.00964991
-0.0104151
-0.0112052
-0.0120016
-0.0127945
-0.0136091
-0.014449
-0.015307
-0.0162062
-0.0171524
-0.0181094
-0.0191254
-0.0201635
-0.0212646
-0.0223684
-0.0235547
-0.0247523
-0.0260178
-0.0273312
-0.0286774
-0.0301255
-0.0315479
-0.03313
-0.0346567
-0.0363339
-0.0380395
-0.0397636
-0.0417081
-0.0435257
-0.045705
-0.0475099
-0.049126
0.00192583
0.0033363
0.00277891
0.00129048
-0.000409746
-0.0018978
-0.00303264
-0.00387041
-0.00436205
-0.00471631
-0.00504608
-0.00531351
-0.00569833
-0.00617501
-0.00674058
-0.00743221
-0.0081286
-0.00886019
-0.00965989
-0.0104272
-0.0112083
-0.0119971
-0.0127911
-0.0136089
-0.0144478
-0.0153016
-0.0162
-0.017147
-0.0181026
-0.0191186
-0.0201576
-0.021259
-0.0223626
-0.0235492
-0.024747
-0.0260122
-0.0273255
-0.0286711
-0.0301196
-0.031542
-0.0331245
-0.034651
-0.0363286
-0.0380352
-0.0397595
-0.0417058
-0.0435241
-0.0457048
-0.0475123
-0.0491275
0.00158608
0.00301294
0.00247002
0.000990933
-0.000681379
-0.002154
-0.0032605
-0.00406249
-0.00453837
-0.00484707
-0.00515256
-0.00541368
-0.00577209
-0.0062399
-0.00679153
-0.00746783
-0.00816522
-0.00888205
-0.00966884
-0.0104389
-0.0112151
-0.0119948
-0.0127858
-0.013605
-0.0144446
-0.0152958
-0.0161946
-0.0171442
-0.0180983
-0.0191117
-0.0201502
-0.0212524
-0.0223561
-0.023543
-0.0247412
-0.0260066
-0.0273201
-0.0286649
-0.0301134
-0.0315357
-0.0331188
-0.0346454
-0.0363233
-0.0380309
-0.039755
-0.0417031
-0.0435225
-0.0457047
-0.0475147
-0.049129
0.00124075
0.00267828
0.00215127
0.000680949
-0.000965277
-0.00241671
-0.00349862
-0.00425933
-0.00471634
-0.00498571
-0.00525774
-0.00551313
-0.00584829
-0.00630416
-0.00684667
-0.00750652
-0.00820433
-0.0089104
-0.00968016
-0.0104489
-0.0112208
-0.011992
-0.0127814
-0.0136033
-0.0144426
-0.0152889
-0.0161864
-0.017139
-0.0180939
-0.0191065
-0.0201443
-0.0212462
-0.0223496
-0.0235364
-0.0247345
-0.026
-0.0273138
-0.0286583
-0.0301072
-0.0315296
-0.033113
-0.0346396
-0.0363179
-0.0380265
-0.0397506
-0.0417003
-0.0435205
-0.0457041
-0.0475166
-0.0491304
0.000888333
0.00233079
0.00181933
0.000359518
-0.00126257
-0.00268646
-0.00374364
-0.00446023
-0.00489215
-0.0051295
-0.00536495
-0.00561389
-0.00593044
-0.00636971
-0.00690473
-0.00754696
-0.00824206
-0.00894185
-0.00969368
-0.0104589
-0.0112292
-0.0119905
-0.0127739
-0.0135989
-0.0144419
-0.0152854
-0.0161799
-0.0171336
-0.0180882
-0.0190989
-0.0201366
-0.02124
-0.0223438
-0.0235305
-0.0247286
-0.0259941
-0.0273076
-0.0286512
-0.0301004
-0.0315229
-0.0331069
-0.0346337
-0.0363125
-0.0380221
-0.0397461
-0.0416977
-0.0435189
-0.0457036
-0.0475181
-0.0491304
0.000524931
0.001967
0.00146862
2.24829e-05
-0.00157602
-0.00296658
-0.00399568
-0.00466702
-0.00506369
-0.00527227
-0.00547073
-0.00571065
-0.00601667
-0.00643993
-0.00696914
-0.00759345
-0.0082796
-0.00897496
-0.00970807
-0.0104641
-0.0112357
-0.0119915
-0.0127687
-0.0135943
-0.0144395
-0.0152808
-0.0161731
-0.0171284
-0.0180841
-0.0190929
-0.0201279
-0.0212314
-0.022336
-0.0235231
-0.0247217
-0.0259878
-0.0273018
-0.0286449
-0.0300945
-0.0315168
-0.033101
-0.034628
-0.0363072
-0.0380179
-0.0397419
-0.0416951
-0.0435174
-0.0457034
-0.0475203
-0.0491331
0.000148482
0.00158688
0.0010989
-0.000331664
-0.00190562
-0.00325784
-0.00425233
-0.004879
-0.00523413
-0.00541606
-0.00557996
-0.00580496
-0.00610532
-0.00651368
-0.00703629
-0.00764613
-0.00831917
-0.00901013
-0.00972705
-0.0104691
-0.0112395
-0.0119912
-0.0127616
-0.0135894
-0.0144393
-0.0152788
-0.0161669
-0.0171218
-0.0180788
-0.0190868
-0.0201204
-0.0212242
-0.0223287
-0.023515
-0.0247131
-0.025979
-0.0272929
-0.0286353
-0.0300856
-0.0315083
-0.033093
-0.0346204
-0.0363001
-0.038012
-0.0397362
-0.0416912
-0.0435144
-0.0457013
-0.04752
-0.0491307
-0.000262644
0.00117241
0.000699669
-0.000706989
-0.00224924
-0.00355566
-0.00450349
-0.00508061
-0.00539061
-0.00554758
-0.0056871
-0.00589914
-0.00619763
-0.00659374
-0.00710609
-0.00770217
-0.00835946
-0.00904453
-0.00974796
-0.0104736
-0.0112435
-0.0119956
-0.0127579
-0.0135833
-0.0144372
-0.0152781
-0.0161636
-0.0171171
-0.0180754
-0.0190825
-0.020113
-0.0212174
-0.0223237
-0.0235104
-0.0247089
-0.0259753
-0.0272893
-0.028631
-0.0300815
-0.0315038
-0.0330886
-0.0346161
-0.0362962
-0.0380091
-0.0397333
-0.0416897
-0.0435142
-0.045702
-0.0475229
-0.0491345
-0.000709296
0.000704167
0.000234104
-0.0011428
-0.00263273
-0.00387381
-0.00475667
-0.00527503
-0.00553372
-0.00566085
-0.00578132
-0.00598242
-0.00628282
-0.00667286
-0.00717406
-0.00775763
-0.00839642
-0.00907023
-0.00976204
-0.0104692
-0.0112352
-0.0119912
-0.0127485
-0.0135724
-0.0144306
-0.015272
-0.0161535
-0.0171047
-0.0180653
-0.0190735
-0.0201015
-0.0212051
-0.0223117
-0.0234979
-0.0246963
-0.0259629
-0.0272771
-0.0286185
-0.0300701
-0.0314929
-0.0330782
-0.0346066
-0.0362871
-0.0380015
-0.0397259
-0.0416842
-0.0435097
-0.0456983
-0.0475207
-0.0491303
-0.00111777
0.000236506
-0.000262911
-0.00162421
-0.00305945
-0.00422479
-0.00502815
-0.00547962
-0.0056905
-0.00579322
-0.00590638
-0.00610188
-0.00640077
-0.00678348
-0.0072664
-0.00783273
-0.00845111
-0.0091091
-0.00979158
-0.0104818
-0.0112416
-0.0120025
-0.012754
-0.013572
-0.0144336
-0.0152785
-0.0161569
-0.0171034
-0.0180646
-0.0190728
-0.020098
-0.0212016
-0.0223098
-0.0234959
-0.0246942
-0.0259607
-0.0272743
-0.0286148
-0.0300666
-0.0314889
-0.0330743
-0.034603
-0.0362839
-0.0379993
-0.0397239
-0.0416832
-0.0435101
-0.0456991
-0.0475232
-0.0491335
-0.00161599
-0.000274132
-0.000762103
-0.00207183
-0.00342195
-0.00448943
-0.00520031
-0.00558447
-0.00576101
-0.00585383
-0.00597699
-0.00618204
-0.00648387
-0.00686447
-0.00732987
-0.00787777
-0.00847715
-0.00911693
-0.00979268
-0.0104705
-0.0112223
-0.0119915
-0.0127439
-0.0135565
-0.0144192
-0.0152675
-0.0161442
-0.0170871
-0.0180502
-0.0190611
-0.0200838
-0.0211859
-0.0222949
-0.0234813
-0.0246803
-0.0259473
-0.0272616
-0.0286023
-0.0300552
-0.0314779
-0.0330637
-0.0345934
-0.0362746
-0.0379914
-0.0397162
-0.0416775
-0.0435053
-0.0456952
-0.0475205
-0.0491293
-0.00255024
-0.00128564
-0.00169546
-0.00283255
-0.00398157
-0.00486912
-0.00543534
-0.00572797
-0.00587284
-0.00596859
-0.00611045
-0.00632553
-0.0066193
-0.0069884
-0.00742917
-0.00795088
-0.00853036
-0.00914839
-0.00981634
-0.0104857
-0.0112257
-0.0119991
-0.0127533
-0.0135581
-0.0144209
-0.0152742
-0.0161479
-0.0170847
-0.018047
-0.019059
-0.0200807
-0.0211824
-0.0222915
-0.0234774
-0.0246762
-0.0259419
-0.0272549
-0.0285951
-0.0300485
-0.0314711
-0.0330573
-0.0345879
-0.0362696
-0.0379877
-0.0397129
-0.0416751
-0.0435042
-0.0456941
-0.0475204
-0.0491283
-0.00252672
-0.00173003
-0.00232145
-0.00337515
-0.00433924
-0.00506088
-0.0055248
-0.00577969
-0.00593304
-0.00605575
-0.00622149
-0.00644787
-0.00673124
-0.00708554
-0.0075029
-0.00799526
-0.0085568
-0.0091563
-0.00981688
-0.0104854
-0.0112147
-0.0119911
-0.0127533
-0.0135499
-0.0144079
-0.0152669
-0.0161404
-0.0170732
-0.0180363
-0.0190498
-0.0200699
-0.02117
-0.0222791
-0.023466
-0.0246667
-0.025933
-0.0272467
-0.0285873
-0.0300413
-0.0314636
-0.0330497
-0.0345809
-0.0362628
-0.0379819
-0.0397077
-0.0416713
-0.0435018
-0.0456919
-0.04752
-0.0491289
-0.00503692
-0.00368075
-0.00359849
-0.00404351
-0.0045781
-0.00505599
-0.00544442
-0.00573635
-0.00596699
-0.00615667
-0.00635133
-0.00657779
-0.00684121
-0.00717362
-0.00756836
-0.00803094
-0.0085754
-0.00915988
-0.0098114
-0.0104829
-0.0112026
-0.0119765
-0.0127498
-0.013542
-0.0143947
-0.0152604
-0.0161325
-0.0170598
-0.0180227
-0.0190372
-0.0200585
-0.0211595
-0.0222671
-0.0234533
-0.0246545
-0.0259187
-0.0272309
-0.0285716
-0.0300268
-0.0314498
-0.0330369
-0.0345698
-0.0362525
-0.0379737
-0.0397001
-0.0416651
-0.0434965
-0.0456868
-0.0475144
-0.0491191
-0.00690444
-0.00650661
-0.00577507
-0.00522143
-0.00499663
-0.00509797
-0.00539732
-0.00572967
-0.00603683
-0.00629843
-0.00652633
-0.00675351
-0.00699513
-0.00729657
-0.00766308
-0.00809194
-0.00861575
-0.009187
-0.00982776
-0.010503
-0.0112156
-0.0119828
-0.0127658
-0.0135514
-0.0143933
-0.0152642
-0.0161368
-0.0170594
-0.0180224
-0.0190365
-0.0200572
-0.0211574
-0.0222636
-0.0234506
-0.024654
-0.025918
-0.0272302
-0.0285716
-0.0300268
-0.031449
-0.0330358
-0.0345691
-0.0362515
-0.037973
-0.0396997
-0.0416651
-0.0434977
-0.0456876
-0.0475163
-0.0491236
-0.00813903
-0.00639402
-0.00547248
-0.00508262
-0.00501085
-0.00512553
-0.00537596
-0.00568854
-0.00600899
-0.00630903
-0.00657219
-0.0068168
-0.00705725
-0.00733927
-0.00768823
-0.00809476
-0.0086022
-0.00916597
-0.00979676
-0.0104787
-0.01119
-0.0119499
-0.0127454
-0.0135321
-0.0143664
-0.0152438
-0.0161166
-0.0170352
-0.0179996
-0.0190142
-0.0200369
-0.0211397
-0.0222434
-0.0234289
-0.0246337
-0.0258954
-0.0272064
-0.0285483
-0.0300051
-0.0314288
-0.033017
-0.0345525
-0.0362359
-0.0379598
-0.0396876
-0.041655
-0.0434884
-0.0456783
-0.0475057
-0.0491069
-0.00914401
-0.00840198
-0.00725545
-0.00625637
-0.00561141
-0.00537093
-0.00547276
-0.00574583
-0.00606505
-0.00638591
-0.00667421
-0.00693287
-0.00717657
-0.00744113
-0.00777156
-0.00815753
-0.008645
-0.00919978
-0.00981599
-0.0104972
-0.0112094
-0.0119578
-0.0127599
-0.0135469
-0.0143694
-0.0152502
-0.0161247
-0.0170387
-0.018004
-0.0190173
-0.0200389
-0.0211428
-0.0222448
-0.02343
-0.024637
-0.0258985
-0.0272088
-0.0285514
-0.0300081
-0.031431
-0.0330189
-0.0345546
-0.0362378
-0.0379619
-0.03969
-0.0416572
-0.0434915
-0.0456803
-0.047508
-0.0491119
-0.0106037
-0.00824012
-0.00681316
-0.00597075
-0.00552202
-0.00538447
-0.00549888
-0.00575759
-0.00606757
-0.00638521
-0.00667612
-0.00693545
-0.00718259
-0.00744687
-0.00777306
-0.00815682
-0.00863647
-0.00918841
-0.00979875
-0.0104753
-0.01119
-0.0119315
-0.0127332
-0.0135263
-0.0143444
-0.0152252
-0.016102
-0.0170136
-0.0179797
-0.0189946
-0.0200171
-0.0211236
-0.0222251
-0.0234073
-0.0246149
-0.0258748
-0.0271842
-0.0285267
-0.0299852
-0.0314101
-0.0329995
-0.0345375
-0.0362219
-0.0379484
-0.0396779
-0.041647
-0.0434825
-0.0456707
-0.0474953
-0.0490919
)
;

boundaryField
{
    zeroGradientPlanes
    {
        type            zeroGradient;
    }
    inlet
    {
        type            zeroGradient;
    }
    plate
    {
        type            zeroGradient;
    }
    frontAndBack
    {
        type            empty;
    }
}


// ************************************************************************* //
