/*--------------------------------*- C++ -*----------------------------------*\
| =========                 |                                                 |
| \\      /  F ield         | OpenFOAM: The Open Source CFD Toolbox           |
|  \\    /   O peration     | Version:  v2012                                 |
|   \\  /    A nd           | Website:  www.openfoam.com                      |
|    \\/     M anipulation  |                                                 |
\*---------------------------------------------------------------------------*/
FoamFile
{
    version     2.0;
    format      ascii;
    class       volScalarField;
    location    "4.4";
    object      p;
}
// * * * * * * * * * * * * * * * * * * * * * * * * * * * * * * * * * * * * * //

dimensions      [0 2 -2 0 0 0 0];


internalField   nonuniform List<scalar> 
7000
(
4.0389e-10
0.00136027
0.00106521
0.001252
0.00159095
0.000291279
0.00202686
0.00314866
0.000395287
0.00211828
-0.00316691
-0.000883659
-0.0038226
-0.00253325
-0.0035057
-0.00236519
-0.00232773
-0.00145937
-0.00113009
5.22199e-05
-5.5522e-07
0.0013637
0.00106553
0.00125362
0.00158445
0.000285611
0.00203301
0.00312874
0.000417447
0.00210456
-0.00314175
-0.000892546
-0.00380397
-0.00253056
-0.00350049
-0.00236331
-0.00232134
-0.00146182
-0.00112843
-1.56924e-05
-9.83272e-07
0.00136743
0.00106594
0.00125384
0.00157568
0.000282842
0.00203329
0.00310319
0.000438046
0.00208159
-0.0031051
-0.000912676
-0.003765
-0.00253742
-0.00347989
-0.00237228
-0.0023014
-0.00147861
-0.00112705
-0.000119986
-1.18467e-06
0.00137047
0.00106679
0.00125336
0.00157048
0.000282564
0.002029
0.00306736
0.000456575
0.00204439
-0.00306054
-0.000940067
-0.00371446
-0.00255534
-0.00344992
-0.00239065
-0.00227701
-0.00150469
-0.00113209
-0.000238896
-1.14381e-06
0.00137302
0.00106859
0.00125325
0.00156841
0.0002843
0.00202161
0.00302424
0.000475626
0.00199294
-0.00300587
-0.000975524
-0.00365594
-0.00258322
-0.0034161
-0.00241434
-0.00225225
-0.0015339
-0.00114445
-0.000353989
-8.31519e-07
0.0013753
0.00107156
0.00125327
0.0015687
0.000287599
0.00201264
0.00297611
0.000496054
0.00192981
-0.00294153
-0.00101956
-0.00359173
-0.00261875
-0.00337983
-0.00244056
-0.00222716
-0.0015637
-0.00116418
-0.000457747
-2.5971e-07
0.00137754
0.00107571
0.00125334
0.00157109
0.000292049
0.00200315
0.00292532
0.000518151
0.00185861
-0.00286927
-0.00107009
-0.00352317
-0.00265884
-0.00334135
-0.00246824
-0.00220201
-0.00159443
-0.00119137
-0.000552283
5.22413e-07
0.00137997
0.00108104
0.00125386
0.00157522
0.000297272
0.0019938
0.00287317
0.000541869
0.00178234
-0.00279056
-0.00112441
-0.00345114
-0.00270107
-0.00330135
-0.00249707
-0.00217843
-0.00162656
-0.00122615
-0.000641996
1.46125e-06
0.00138276
0.00108757
0.00125527
0.00158057
0.000302963
0.00198485
0.00282006
0.00056714
0.00170293
-0.00270625
-0.00118084
-0.00337622
-0.00274423
-0.0032607
-0.00252667
-0.00215833
-0.00165946
-0.00126852
-0.000729295
2.51681e-06
0.00138597
0.00109519
0.00125767
0.00158665
0.000308878
0.00197631
0.0027658
0.000593876
0.00162135
-0.00261682
-0.00123864
-0.00329866
-0.00278788
-0.00321988
-0.00255622
-0.00214294
-0.00169183
-0.00131803
-0.000814833
3.66405e-06
0.00138961
0.00110369
0.00126095
0.00159306
0.000314785
0.00196817
0.00270984
0.000621952
0.00153805
-0.00252271
-0.0012974
-0.00321863
-0.00283169
-0.00317909
-0.00258446
-0.00213295
-0.0017227
-0.00137374
-0.000898963
4.88548e-06
0.00139363
0.0011128
0.00126489
0.00159949
0.000320436
0.00196043
0.00265157
0.000651184
0.00145321
-0.00242442
-0.0013567
-0.00313639
-0.00287507
-0.00313857
-0.00260997
-0.00212888
-0.00175176
-0.00143452
-0.000982368
6.16385e-06
0.00139796
0.00112229
0.00126925
0.0016057
0.000325575
0.00195318
0.00259046
0.000681349
0.00136703
-0.00232264
-0.00141592
-0.00305228
-0.00291665
-0.00309879
-0.00263128
-0.00213112
-0.00177924
-0.00149898
-0.0010657
7.48255e-06
0.00140254
0.001132
0.00127384
0.00161151
0.00032999
0.00194654
0.0025262
0.000712247
0.00127972
-0.00221824
-0.00147417
-0.00296683
-0.00295379
-0.00306042
-0.00264683
-0.00213951
-0.00180563
-0.00156553
-0.00114909
8.83099e-06
0.00140733
0.00114191
0.00127852
0.00161688
0.000333554
0.00194065
0.00245872
0.000743759
0.00119154
-0.00211233
-0.00153036
-0.00288095
-0.0029846
-0.00302402
-0.0026551
-0.00215302
-0.00183141
-0.00163247
-0.00123212
1.02068e-05
0.00141232
0.00115201
0.00128324
0.00162186
0.000336242
0.00193564
0.00238821
0.000775859
0.00110278
-0.00200612
-0.00158325
-0.00279597
-0.00300703
-0.00299006
-0.00265485
-0.00216988
-0.00185682
-0.0016981
-0.00131395
1.16149e-05
0.00141747
0.00116233
0.00128796
0.0016266
0.000338105
0.00193152
0.00231503
0.000808609
0.00101385
-0.00190084
-0.00163165
-0.00271335
-0.00301958
-0.00295925
-0.00264562
-0.00218821
-0.00188205
-0.00176078
-0.00139337
1.30684e-05
0.00142277
0.0011729
0.00129268
0.00163126
0.000339225
0.00192825
0.00223961
0.000842084
0.000925234
-0.0017977
-0.00167444
-0.00263467
-0.00302151
-0.0029324
-0.00262793
-0.00220656
-0.00190753
-0.00181929
-0.00146909
1.45886e-05
0.0014282
0.00118373
0.00129738
0.001636
0.000339674
0.00192567
0.00216238
0.000876257
0.000837587
-0.00169778
-0.0017106
-0.00256165
-0.00301304
-0.00291015
-0.00260301
-0.00222409
-0.00193442
-0.0018732
-0.00153994
1.62032e-05
0.0014337
0.00119487
0.001302
0.0016409
0.000339511
0.00192359
0.00208374
0.000910961
0.000751614
-0.00160218
-0.0017391
-0.00249577
-0.0029951
-0.00289286
-0.00257265
-0.00223978
-0.00196457
-0.00192379
-0.00160509
1.79437e-05
0.00143924
0.00120639
0.00130651
0.00164605
0.000338769
0.00192179
0.00200402
0.000945842
0.000668159
-0.00151216
-0.00175914
-0.00243779
-0.00296874
-0.00288063
-0.00253986
-0.00225212
-0.0019983
-0.00197354
-0.00166526
1.98438e-05
0.00144477
0.00121837
0.00131085
0.00165148
0.000337444
0.00192007
0.00192356
0.000980325
0.000588268
-0.00142886
-0.0017704
-0.00238863
-0.00293475
-0.00287278
-0.00250882
-0.00226157
-0.00203404
-0.00202274
-0.00172225
2.19397e-05
0.00145022
0.00123093
0.00131494
0.00165728
0.00033552
0.0019182
0.0018427
0.00101371
0.000513157
-0.00135344
-0.00177259
-0.0023643
-0.00289474
-0.00286745
-0.00248179
-0.0022706
-0.00207249
-0.00207045
-0.00177551
2.42713e-05
0.00145553
0.00124418
0.00131869
0.00166353
0.000333056
0.00191594
0.00176179
0.00104495
0.00044436
-0.00128707
-0.00176548
-0.00233306
-0.00285121
-0.00286275
-0.00245875
-0.00227945
-0.00211537
-0.0021181
-0.00182396
2.68821e-05
0.00146063
0.00125825
0.001322
0.00167028
0.000330154
0.00191301
0.0016815
0.00107274
0.000383037
-0.00123028
-0.00174953
-0.00230931
-0.00280617
-0.00285746
-0.0024404
-0.0022875
-0.00216198
-0.0021663
-0.00186778
2.9818e-05
0.00146543
0.00127323
0.00132479
0.00167758
0.000326898
0.00190901
0.00160259
0.0010961
0.00032979
-0.00118382
-0.00172508
-0.00229288
-0.00276108
-0.00285056
-0.00242776
-0.00229434
-0.00221077
-0.00221551
-0.00190721
3.31325e-05
0.00146984
0.00128923
0.00132697
0.00168547
0.000323373
0.00190357
0.00152567
0.00111385
0.000285867
-0.00114848
-0.00169337
-0.002282
-0.00271625
-0.00284116
-0.002423
-0.0023009
-0.00225668
-0.00226414
-0.00194491
3.6899e-05
0.00147373
0.00130634
0.0013284
0.00169398
0.000319656
0.00189622
0.00145192
0.00112478
0.000251218
-0.00112301
-0.00165597
-0.00227536
-0.00267922
-0.00282788
-0.0024253
-0.00231169
-0.00229844
-0.00230721
-0.00198061
4.11807e-05
0.00147702
0.0013246
0.00132898
0.00170311
0.00031607
0.001886
0.00138234
0.00112867
0.000225712
-0.00110797
-0.00161301
-0.00227029
-0.00265139
-0.00281286
-0.00243135
-0.00232396
-0.00233817
-0.00234936
-0.00201195
4.60401e-05
0.00147958
0.00134407
0.00132867
0.00171263
0.000313245
0.00187193
0.00131769
0.00112431
0.000210447
-0.00110308
-0.00156845
-0.00226347
-0.0026298
-0.00279883
-0.00244384
-0.00234104
-0.00237334
-0.00237995
-0.00204095
5.16227e-05
0.00148122
0.00136483
0.00132748
0.00172228
0.000311541
0.00185344
0.00125863
0.00111145
0.000203642
-0.00110511
-0.0015247
-0.00225537
-0.00261256
-0.00278364
-0.00246361
-0.0023659
-0.00240733
-0.00239579
-0.00206682
5.79378e-05
0.00148195
0.00138675
0.00132551
0.00173174
0.000311485
0.0018299
0.00120508
0.00109081
0.000203594
-0.00111223
-0.00148355
-0.00224254
-0.00260392
-0.00276955
-0.00247942
-0.00239106
-0.00244332
-0.00243035
-0.00208652
6.50691e-05
0.00148157
0.00140994
0.00132281
0.00174071
0.000313614
0.00180092
0.00115692
0.00106274
0.000210292
-0.00112165
-0.00145311
-0.00221834
-0.00260484
-0.00276134
-0.00250145
-0.00241987
-0.00248145
-0.00245534
-0.00209649
7.33216e-05
0.00147974
0.00143459
0.00131944
0.00174886
0.00031866
0.00176598
0.00111457
0.00102855
0.000222583
-0.00113132
-0.00143124
-0.00218819
-0.0026132
-0.00275544
-0.00252076
-0.00245107
-0.00252284
-0.00252075
-0.00209665
8.24844e-05
0.00147687
0.00145995
0.00131614
0.00175466
0.000328134
0.00172359
0.00107881
0.000986521
0.000238616
-0.00113912
-0.00141253
-0.00216186
-0.00260499
-0.00275344
-0.00255758
-0.00248966
-0.00256193
-0.00254223
-0.00209129
9.27835e-05
0.00147256
0.00148625
0.00131313
0.00175825
0.000341143
0.00167469
0.00104766
0.000940324
0.000255301
-0.00114525
-0.00140301
-0.00213113
-0.00262727
-0.00276765
-0.00260126
-0.00253559
-0.00259447
-0.00250975
-0.00208187
0.000104697
0.00146605
0.00151427
0.00130995
0.0017602
0.00035766
0.00162123
0.00101965
0.000894435
0.000269549
-0.00114666
-0.00140596
-0.00209767
-0.0026014
-0.00278387
-0.00264376
-0.0025727
-0.0026265
-0.00257958
-0.00206489
0.00011764
0.00145863
0.00154202
0.00130836
0.00175714
0.000381039
0.00155979
0.000996503
0.000845083
0.000284436
-0.00114394
-0.00141393
-0.00207442
-0.00261356
-0.00280629
-0.00268714
-0.00261656
-0.00265209
-0.00258031
-0.0020427
0.000132034
0.00144966
0.00156987
0.00130896
0.00174993
0.000407952
0.00149354
0.000974257
0.000796448
0.000296813
-0.00114024
-0.00142656
-0.00205078
-0.00270406
-0.00284375
-0.0027342
-0.00266261
-0.00267158
-0.00250466
-0.00202293
0.00014855
0.00143808
0.00159912
0.00131037
0.00174135
0.000435795
0.00142765
0.000949335
0.000755512
0.000300827
-0.00113383
-0.00144678
-0.00202337
-0.0025731
-0.00287613
-0.00278431
-0.0026959
-0.00270859
-0.0026199
-0.00200067
0.000166117
0.00142607
0.00162611
0.00131571
0.00172555
0.000470735
0.00135634
0.000925799
0.000714421
0.000308302
-0.00112664
-0.00147682
-0.00200974
-0.00265057
-0.00291873
-0.00283542
-0.00274882
-0.00273803
-0.00261555
-0.00196666
0.000185605
0.00141253
0.00165155
0.00132505
0.00170512
0.000506761
0.00128483
0.000900676
0.000671133
0.000319122
-0.00111582
-0.00152363
-0.00201769
-0.00266345
-0.00296685
-0.00288706
-0.00281833
-0.00276137
-0.0024852
-0.00192811
0.000207619
0.00139666
0.00167689
0.00133595
0.00168577
0.000537798
0.00122049
0.000867964
0.000635781
0.000319792
-0.00109907
-0.00155901
-0.00201804
-0.00267179
-0.00300622
-0.00294999
-0.00288922
-0.00284686
-0.00263604
-0.00187343
0.000230697
0.00138133
0.00169756
0.00135185
0.00166058
0.000571294
0.00115817
0.000832628
0.000599901
0.000315834
-0.00107797
-0.00159907
-0.0020219
-0.00269381
-0.00304902
-0.00302237
-0.00297281
-0.0029438
-0.00269897
-0.00179402
0.000256255
0.00136488
0.00171498
0.00137168
0.00163363
0.000602598
0.00109746
0.000799233
0.000557275
0.000308707
-0.0010586
-0.00164268
-0.00203327
-0.00269812
-0.00309209
-0.00309209
-0.00305788
-0.00301567
-0.00270434
-0.00172512
0.000284192
0.00134746
0.00172934
0.00139422
0.00160817
0.000629264
0.0010402
0.000763635
0.000512935
0.000294062
-0.00103941
-0.00168094
-0.00205788
-0.00269578
-0.00312969
-0.0031599
-0.0031348
-0.00307063
-0.00270682
-0.0016535
0.000313644
0.00133075
0.00173826
0.00142011
0.00158283
0.000652809
0.000985306
0.000724945
0.000467374
0.000270937
-0.0010158
-0.00171959
-0.00208995
-0.00269102
-0.0031666
-0.00323258
-0.00320434
-0.00311138
-0.00267697
-0.00157411
0.000345822
0.0013138
0.00174326
0.00144675
0.00156228
0.000671094
0.000931001
0.000686609
0.000419083
0.000239859
-0.000993886
-0.00175235
-0.00212154
-0.00269414
-0.00320768
-0.00330006
-0.00324652
-0.00312649
-0.00265486
-0.00150336
0.000379943
0.00129739
0.00174347
0.00147388
0.00154529
0.000687809
0.000877764
0.00064324
0.000367405
0.000205529
-0.000968682
-0.00177993
-0.00216404
-0.00270325
-0.00323403
-0.00335011
-0.00327998
-0.00314489
-0.00263451
-0.0014341
0.000416125
0.00128164
0.00173926
0.00150048
0.00153216
0.000702786
0.000823415
0.000596597
0.000316806
0.000167033
-0.000947498
-0.00180453
-0.00220851
-0.00270888
-0.00324654
-0.00340519
-0.00332572
-0.00315378
-0.00259559
-0.00135752
0.000454798
0.00126647
0.00173177
0.00152485
0.00152274
0.000716024
0.000770774
0.000548246
0.000263464
0.000121385
-0.000930124
-0.00181656
-0.00225181
-0.00272296
-0.00326063
-0.00346048
-0.00335614
-0.003141
-0.00255859
-0.00128537
0.000495384
0.00125252
0.00172036
0.00154652
0.00151438
0.000730355
0.000719986
0.000495157
0.000207033
7.40375e-05
-0.000910181
-0.00182312
-0.00230366
-0.00274523
-0.0032609
-0.00349298
-0.00338345
-0.00314449
-0.00252611
-0.00120533
0.000538227
0.00123992
0.00170588
0.00156425
0.00150744
0.000744014
0.000670392
0.000442682
0.000151554
2.34464e-05
-0.000899605
-0.00182683
-0.00234664
-0.0027663
-0.00325234
-0.00352586
-0.00343176
-0.00315162
-0.00247501
-0.0011066
0.000583097
0.00122898
0.00168822
0.00157808
0.00150009
0.000757281
0.000625814
0.000390944
9.2934e-05
-3.3952e-05
-0.000894616
-0.00181918
-0.00237963
-0.00280145
-0.00325699
-0.00355652
-0.0034683
-0.00313801
-0.00240921
-0.00101553
0.000629828
0.00122
0.00166753
0.00158773
0.00149279
0.000770144
0.000583221
0.00033792
3.41942e-05
-9.08876e-05
-0.000892964
-0.00180977
-0.00241104
-0.00284543
-0.00325811
-0.00356178
-0.00348747
-0.00313119
-0.0023679
-0.000931382
0.000678271
0.00121367
0.00164404
0.00159242
0.00148412
0.000781473
0.000544324
0.000287001
-2.39233e-05
-0.00014967
-0.000898872
-0.00180099
-0.00243023
-0.00288641
-0.00326336
-0.00356226
-0.0035069
-0.00313598
-0.00232839
-0.000837141
0.000728258
0.00121021
0.00161842
0.00159268
0.00147284
0.000789991
0.0005105
0.000238889
-8.2545e-05
-0.000210094
-0.000909549
-0.00179368
-0.00243775
-0.00292469
-0.00327957
-0.00356126
-0.00351987
-0.00313518
-0.00228749
-0.000743513
0.000779036
0.00121058
0.00159035
0.00158826
0.00145882
0.000792916
0.000479196
0.000194636
-0.000137771
-0.000269425
-0.000922789
-0.00179079
-0.00243887
-0.00295569
-0.00330179
-0.0035622
-0.00352789
-0.00312822
-0.00224587
-0.00065484
0.000830589
0.00121487
0.00156106
0.00157766
0.0014426
0.000790784
0.000447424
0.000153661
-0.000186947
-0.000326412
-0.000937538
-0.00179273
-0.00243612
-0.00297606
-0.00332834
-0.00356737
-0.00352972
-0.00311388
-0.0022037
-0.00056964
0.000883307
0.00122223
0.00153467
0.00156111
0.00142537
0.000785515
0.000405515
0.000114618
-0.000228659
-0.000380106
-0.000951761
-0.00179834
-0.00243427
-0.00298459
-0.00335229
-0.0035735
-0.00353037
-0.00309764
-0.00215954
-0.000485766
0.000935747
0.00123411
0.00150935
0.00153843
0.00141574
0.000771541
0.000358735
7.7322e-05
-0.000261899
-0.000430375
-0.000964304
-0.00180529
-0.00243645
-0.00298314
-0.00336821
-0.00358185
-0.00353314
-0.00308204
-0.00211462
-0.000399818
0.000988374
0.00124953
0.00148446
0.00150957
0.0013648
0.000752939
0.000314609
4.29695e-05
-0.000290179
-0.000479893
-0.000977209
-0.00181062
-0.00244184
-0.00297457
-0.00337548
-0.00359072
-0.00353931
-0.00306923
-0.00206544
-0.000309481
0.00104119
0.00126714
0.00146105
0.00147543
0.00128894
0.000737324
0.000277101
8.35552e-06
-0.000317709
-0.000530647
-0.000990908
-0.00181128
-0.00244168
-0.0029655
-0.00337396
-0.00359442
-0.00354397
-0.00305679
-0.00201548
-0.000220112
0.00109322
0.00128696
0.00143579
0.00143696
0.00126417
0.000725515
0.000242346
-3.06776e-05
-0.000344822
-0.000580826
-0.00100719
-0.0018072
-0.0024545
-0.0029588
-0.00336406
-0.00358904
-0.00354422
-0.00304765
-0.00197192
-0.000133969
0.00114427
0.00130844
0.00141185
0.00139659
0.00123562
0.000714241
0.00020816
-7.34761e-05
-0.000371251
-0.000629384
-0.00102747
-0.00179688
-0.00246692
-0.00295815
-0.00335218
-0.0035769
-0.00353777
-0.00303909
-0.00193378
-5.14543e-05
0.00119387
0.00133132
0.00139031
0.00135436
0.00120169
0.000702546
0.000176907
-0.000118137
-0.000397066
-0.000674732
-0.00105325
-0.0017832
-0.00247422
-0.00296341
-0.00334184
-0.00355903
-0.00352249
-0.00302748
-0.00190002
2.58091e-05
0.00124178
0.00135542
0.00137127
0.00131015
0.00116503
0.000690713
0.000150095
-0.000163814
-0.000423759
-0.000716582
-0.0010855
-0.00176985
-0.00247127
-0.00296959
-0.0033346
-0.00353973
-0.00350044
-0.00300915
-0.00186633
9.80345e-05
0.00128785
0.00138029
0.00135505
0.0012652
0.00112435
0.000677418
0.000127453
-0.000209914
-0.000453273
-0.000753855
-0.0011214
-0.00175997
-0.00245784
-0.00297247
-0.00333172
-0.00352272
-0.00347341
-0.00298217
-0.00183014
0.000164702
0.00133196
0.00140552
0.00134195
0.00122056
0.00107944
0.000661022
0.000109013
-0.000254545
-0.000485877
-0.0007863
-0.00115846
-0.00175833
-0.00243683
-0.00296847
-0.00333048
-0.00350955
-0.003446
-0.00295048
-0.00179075
0.000230212
0.00137406
0.00143073
0.00133199
0.00117685
0.00103118
0.000640958
9.44792e-05
-0.000295886
-0.000521791
-0.000815229
-0.00119458
-0.00173392
-0.00241061
-0.00295588
-0.00332737
-0.00350068
-0.00342134
-0.00291565
-0.001745
0.000298554
0.00141411
0.00145552
0.00132502
0.00113483
0.000980399
0.000616512
8.25017e-05
-0.000332591
-0.000560996
-0.000842626
-0.00123003
-0.00174649
-0.00238646
-0.00293583
-0.00331921
-0.00349334
-0.00339952
-0.00287926
-0.00169513
0.000366824
0.00145217
0.0014795
0.00132073
0.00109432
0.000927802
0.000587152
7.15185e-05
-0.000363645
-0.000602528
-0.000870567
-0.00126238
-0.0017644
-0.00236789
-0.00291114
-0.00330425
-0.00348475
-0.00338146
-0.00284629
-0.0016473
0.000432965
0.00148828
0.00150242
0.00131877
0.00105727
0.000874293
0.00055285
5.99626e-05
-0.000388612
-0.000644923
-0.000900637
-0.00129096
-0.00178468
-0.00235654
-0.00288578
-0.00328321
-0.00347297
-0.00336643
-0.00281877
-0.00160346
0.00049721
0.00152251
0.00152406
0.00131866
0.00102339
0.000820825
0.000514136
4.63191e-05
-0.000408028
-0.000686113
-0.000933543
-0.00131636
-0.00180548
-0.00235267
-0.00286369
-0.00325875
-0.00345705
-0.00335185
-0.00279509
-0.00156398
0.000557518
0.00155495
0.00154431
0.00131977
0.000992797
0.000768344
0.000471708
2.92708e-05
-0.000423
-0.000724178
-0.000969525
-0.00134283
-0.00182539
-0.00235466
-0.00284743
-0.00323413
-0.00343709
-0.00333538
-0.00277383
-0.00153003
0.000611437
0.00158566
0.00156305
0.00132158
0.000965513
0.000717606
0.000426552
7.91016e-06
-0.000435111
-0.000757851
-0.00100825
-0.00136762
-0.00184377
-0.00236015
-0.00283789
-0.00321214
-0.00341465
-0.00331678
-0.002754
-0.00150111
0.000658649
0.00161468
0.00158023
0.00132363
0.0009414
0.000668912
0.000379684
-1.78579e-05
-0.000446447
-0.000786402
-0.00104861
-0.00139479
-0.0018612
-0.00236757
-0.00283463
-0.00319577
-0.00339325
-0.00329725
-0.00273439
-0.00147534
0.000699894
0.00164202
0.00159589
0.00132559
0.000920164
0.000622636
0.000331767
-4.77033e-05
-0.000458641
-0.000810215
-0.00108966
-0.00142541
-0.00187904
-0.00237565
-0.00283638
-0.00318726
-0.00337618
-0.0032783
-0.00271443
-0.00145109
0.000736073
0.00166769
0.00161005
0.00132715
0.000901476
0.000579174
0.000283718
-8.11541e-05
-0.00047349
-0.000829975
-0.00112975
-0.00146002
-0.00189907
-0.00238448
-0.00284143
-0.00318653
-0.00336572
-0.0032628
-0.00269577
-0.00142858
0.000767389
0.00169165
0.00162282
0.0013281
0.000884806
0.000538721
0.000236169
-0.000117539
-0.000492386
-0.000846867
-0.00116708
-0.00149852
-0.00192346
-0.00239578
-0.00284822
-0.00319194
-0.00336356
-0.00325403
-0.00268116
-0.00140913
0.000794135
0.00171391
0.00163431
0.00132831
0.000869688
0.000501109
0.000189551
-0.000156034
-0.000515599
-0.000862952
-0.0012003
-0.00153911
-0.00195303
-0.00241164
-0.00285728
-0.0032026
-0.00337026
-0.00325398
-0.00267346
-0.0013951
0.000815097
0.00173442
0.00164465
0.00132784
0.000855754
0.000466067
0.000144022
-0.000195781
-0.00054372
-0.000881139
-0.00123031
-0.00158035
-0.00198742
-0.00243366
-0.00286984
-0.00321685
-0.00338394
-0.00326252
-0.00267448
-0.00138892
0.000827796
0.00175315
0.00165379
0.00132671
0.000842545
0.000433639
0.000100056
-0.000236623
-0.000575661
-0.000904456
-0.00125948
-0.00162205
-0.0020272
-0.00246366
-0.00288892
-0.00323502
-0.00340317
-0.00327924
-0.00268546
-0.00139244
0.000831552
0.00177014
0.00166192
0.00132479
0.000829969
0.000403465
5.82918e-05
-0.000277323
-0.000610232
-0.000932417
-0.00128922
-0.00166284
-0.00207076
-0.00250246
-0.0029181
-0.00326021
-0.00342914
-0.00330462
-0.00270744
-0.00140797
0.000823231
0.00178516
0.00166896
0.00132272
0.000818162
0.000375321
1.82261e-05
-0.000318983
-0.0006479
-0.000965699
-0.00132176
-0.00170248
-0.00211479
-0.00254709
-0.0029585
-0.00329644
-0.00346506
-0.00333945
-0.00273964
-0.00143503
0.000802099
0.00179827
0.00167517
0.00132023
0.0008067
0.000349532
-1.93416e-05
-0.000360386
-0.000688056
-0.00100414
-0.00136122
-0.00174569
-0.00216
-0.00259375
-0.00300626
-0.00334419
-0.0035148
-0.00338923
-0.00278688
-0.00147681
0.000767416
0.00180912
0.00168091
0.0013175
0.000795557
0.0003229
-5.5893e-05
-0.000401923
-0.000729654
-0.00104472
-0.00140634
-0.00179634
-0.00221161
-0.00264533
-0.00305945
-0.00339932
-0.00357514
-0.00345416
-0.00285339
-0.00154041
0.000710409
0.00181762
0.00168701
0.0013237
0.000787016
0.000299634
-9.05606e-05
-0.000444186
-0.000775272
-0.00108724
-0.0014516
-0.00184962
-0.00227005
-0.00270722
-0.00312413
-0.00346568
-0.00364537
-0.00353025
-0.00293477
-0.00162318
0.000630741
0.00182486
0.00168388
0.0013084
0.000775216
0.000275176
-0.000124697
-0.000486641
-0.000826805
-0.00113769
-0.00149973
-0.00190288
-0.00232934
-0.00277293
-0.00319777
-0.00354618
-0.00373297
-0.00362523
-0.00303597
-0.00172871
0.000524722
0.00182875
0.00170558
0.00132541
0.000774421
0.000254549
-0.000159247
-0.000528055
-0.000880731
-0.00119555
-0.00155456
-0.00196036
-0.00239222
-0.00284025
-0.00327312
-0.00363283
-0.00383184
-0.00373597
-0.00315772
-0.00185949
0.000386034
0.00182355
0.0016579
0.00130428
0.000772718
0.0002436
-0.000192807
-0.000569343
-0.000936465
-0.00125786
-0.00161238
-0.0020205
-0.00246127
-0.00291666
-0.00335616
-0.00372835
-0.0039413
-0.00385927
-0.00329266
-0.00200561
0.000228936
0.0018373
0.00172339
0.00132276
0.000754305
0.000202942
-0.000242536
-0.00062239
-0.000996051
-0.00132727
-0.00167628
-0.00208657
-0.00253785
-0.0030037
-0.00345413
-0.00384162
-0.00407178
-0.00400779
-0.0034558
-0.00217727
5.66638e-05
0.00176695
0.00167833
0.00138174
0.000813476
0.000203559
-0.000280863
-0.000674999
-0.0010505
-0.00139136
-0.00174502
-0.00216348
-0.00262938
-0.00311065
-0.00358355
-0.00399686
-0.00426144
-0.00423059
-0.0037106
-0.00245887
-0.000242249
0.00185721
0.00171661
0.00131173
0.000734667
0.000155844
-0.000337886
-0.00073382
-0.00108929
-0.00140776
-0.00172634
-0.00212142
-0.00258435
-0.00307389
-0.00355669
-0.00399727
-0.00432008
-0.00438652
-0.0039899
-0.00287237
-0.000794898
0.00175907
0.0017062
0.00131491
0.000836992
0.000271903
-0.000371279
-0.000896816
-0.00128985
-0.00164945
-0.00196034
-0.0023482
-0.00279791
-0.00326363
-0.00366055
-0.00395122
-0.00407644
-0.00396438
-0.0034559
-0.00231419
-0.000273022
0.00189627
0.00167369
0.00131842
0.000749117
0.000129246
-0.000377726
-0.000741482
-0.00103155
-0.00135366
-0.00170538
-0.00214453
-0.00266744
-0.00327979
-0.00397262
-0.00468107
-0.0052979
-0.00564651
-0.00549544
-0.00458586
-0.00268301
0.00210877
0.0015827
0.00110174
0.00053947
-2.94163e-07
-0.000613339
-0.00109209
-0.00138313
-0.001707
-0.00214668
-0.00257122
-0.00293521
-0.0030546
-0.00284474
-0.00226227
-0.00139609
-0.00043347
0.000327199
0.000530849
-0.000151906
0.00209419
0.00161945
0.00113489
0.000635489
0.000219903
-0.000171909
-0.000490717
-0.000837876
-0.00123451
-0.00172958
-0.00234047
-0.00310362
-0.00401275
-0.00499127
-0.0059333
-0.00675986
-0.0073365
-0.007447
-0.00680815
-0.00516708
0.00224437
0.00157526
0.00104107
0.000516675
0.000107439
-0.000384285
-0.000897262
-0.00149694
-0.00202819
-0.00235062
-0.00265392
-0.00308055
-0.00345804
-0.00361933
-0.00345807
-0.00298372
-0.00230155
-0.00169738
-0.00155953
-0.00225202
0.00223896
0.00155389
0.00104116
0.000631809
0.000402261
0.000165255
-4.63696e-05
-0.000385617
-0.000855484
-0.001565
-0.00254406
-0.00385788
-0.00543558
-0.00710314
-0.0086331
-0.00984158
-0.0105761
-0.0106611
-0.00987522
-0.0080208
0.00125242
-0.00593938
-0.00846818
-0.00662946
-0.00419443
-0.00202372
-0.000198039
0.00127897
0.00255881
0.00383782
0.00516915
0.00640211
0.00748739
0.00865511
0.0099819
0.0113495
0.0126936
0.0140137
0.0153607
0.0168223
0.0183307
0.0198436
0.0214154
0.0230604
0.0247456
0.0264822
0.0282992
0.0301877
0.0321759
0.0342451
0.0363689
0.0384996
0.0407218
0.0430476
0.0454511
0.0479194
0.0504589
0.0531243
0.0558499
0.058704
0.0615982
0.0646406
0.0677721
0.0710484
0.0744359
0.077848
0.0814545
0.0850092
0.0885455
0.0923416
0.00117638
-0.0058758
-0.0084247
-0.00661302
-0.00418592
-0.002018
-0.000193518
0.0012828
0.00256205
0.0038405
0.00517139
0.00640403
0.00748901
0.00865645
0.00998304
0.0113505
0.0126945
0.0140145
0.0153614
0.0168229
0.0183313
0.0198441
0.0214159
0.0230608
0.0247459
0.0264825
0.0282996
0.030188
0.0321762
0.0342453
0.0363691
0.0384998
0.0407221
0.0430478
0.0454513
0.0479196
0.0504591
0.0531244
0.0558501
0.0587041
0.0615984
0.0646407
0.0677722
0.0710485
0.074436
0.077848
0.0814546
0.0850093
0.0885456
0.0923417
0.00102733
-0.00578208
-0.00835396
-0.00659028
-0.00417583
-0.00201182
-0.000189105
0.00128633
0.002565
0.00384298
0.00517349
0.00640583
0.00749048
0.00865764
0.00998407
0.0113514
0.0126952
0.0140151
0.015362
0.0168235
0.0183318
0.0198445
0.0214163
0.0230612
0.0247463
0.0264828
0.0282998
0.0301883
0.0321764
0.0342456
0.0363693
0.0385
0.0407222
0.0430479
0.0454515
0.0479197
0.0504592
0.0531246
0.0558502
0.0587042
0.0615985
0.0646408
0.0677723
0.0710486
0.0744361
0.0778481
0.0814547
0.0850094
0.0885456
0.0923417
0.000887811
-0.00565346
-0.00824683
-0.00655413
-0.00416087
-0.00200349
-0.000183953
0.00129005
0.00256809
0.00384566
0.0051758
0.00640778
0.00749205
0.00865891
0.00998519
0.0113524
0.0126961
0.0140159
0.0153626
0.016824
0.0183323
0.019845
0.0214167
0.0230615
0.0247466
0.0264831
0.0283001
0.0301885
0.0321767
0.0342458
0.0363696
0.0385002
0.0407224
0.0430481
0.0454516
0.0479199
0.0504593
0.0531247
0.0558503
0.0587044
0.0615986
0.0646409
0.0677724
0.0710487
0.0744361
0.0778482
0.0814548
0.0850094
0.0885457
0.0923418
0.000769595
-0.00549833
-0.00810926
-0.00650392
-0.00413962
-0.00199174
-0.000177283
0.00129431
0.00257156
0.0038488
0.00517856
0.00641011
0.00749392
0.00866044
0.00998654
0.0113535
0.012697
0.0140167
0.0153633
0.0168246
0.0183328
0.0198455
0.0214171
0.0230619
0.024747
0.0264835
0.0283004
0.0301888
0.0321769
0.034246
0.0363698
0.0385004
0.0407226
0.0430483
0.0454518
0.04792
0.0504595
0.0531248
0.0558504
0.0587045
0.0615987
0.064641
0.0677725
0.0710488
0.0744362
0.0778483
0.0814548
0.0850095
0.0885458
0.0923419
0.000657628
-0.00533041
-0.0079542
-0.00644437
-0.00411331
-0.00197654
-0.000168723
0.00129936
0.00257546
0.00385244
0.00518186
0.00641292
0.00749623
0.00866236
0.00998823
0.011355
0.0126982
0.0140176
0.0153641
0.0168253
0.0183335
0.019846
0.0214176
0.0230624
0.0247474
0.0264838
0.0283007
0.0301891
0.0321772
0.0342463
0.03637
0.0385006
0.0407228
0.0430485
0.0454519
0.0479202
0.0504596
0.053125
0.0558506
0.0587046
0.0615988
0.0646411
0.0677726
0.0710489
0.0744363
0.0778484
0.0814549
0.0850096
0.088546
0.092342
0.000542591
-0.00515696
-0.00778907
-0.00637959
-0.00408406
-0.00195873
-0.000158304
0.00130537
0.00257985
0.00385653
0.00518563
0.00641623
0.00749907
0.0086648
0.00999038
0.0113568
0.0126997
0.0140188
0.015365
0.0168261
0.0183342
0.0198467
0.0214182
0.0230629
0.0247479
0.0264842
0.0283011
0.0301894
0.0321775
0.0342465
0.0363703
0.0385008
0.040723
0.0430487
0.0454521
0.0479203
0.0504598
0.0531251
0.0558507
0.0587047
0.0615989
0.0646412
0.0677727
0.071049
0.0744365
0.0778485
0.081455
0.0850097
0.0885462
0.0923423
0.000423736
-0.00497981
-0.00761636
-0.00631151
-0.00405333
-0.00193925
-0.000146344
0.00131235
0.00258476
0.00386097
0.00518974
0.00641992
0.00750242
0.00866783
0.00999307
0.011359
0.0127015
0.0140202
0.0153662
0.016827
0.018335
0.0198474
0.0214189
0.0230636
0.0247484
0.0264847
0.0283015
0.0301898
0.0321778
0.0342468
0.0363706
0.0385011
0.0407232
0.0430489
0.0454523
0.0479205
0.0504599
0.0531253
0.0558508
0.0587049
0.0615991
0.0646413
0.0677729
0.0710491
0.0744366
0.0778486
0.0814551
0.0850099
0.0885464
0.0923425
0.000303347
-0.00479926
-0.00743663
-0.00624079
-0.00402188
-0.00191875
-0.00013323
0.0013202
0.00259014
0.00386567
0.00519403
0.00642385
0.00750617
0.00867141
0.00999632
0.0113617
0.0127036
0.014022
0.0153677
0.0168282
0.0183359
0.0198483
0.0214197
0.0230644
0.0247491
0.0264853
0.0283019
0.0301902
0.0321781
0.0342472
0.0363709
0.0385013
0.0407234
0.0430491
0.0454526
0.0479207
0.0504601
0.0531254
0.055851
0.058705
0.0615992
0.0646415
0.067773
0.0710492
0.0744367
0.0778487
0.0814553
0.08501
0.0885468
0.0923429
0.000183277
-0.00461587
-0.00725004
-0.00616749
-0.00398999
-0.00189757
-0.000119247
0.00132876
0.00259592
0.00387054
0.0051984
0.00642787
0.00751015
0.00867544
0.0100001
0.0113649
0.012706
0.014024
0.0153694
0.0168296
0.018337
0.0198492
0.0214207
0.0230653
0.02475
0.026486
0.0283025
0.0301906
0.0321785
0.0342475
0.0363712
0.0385016
0.0407237
0.0430493
0.0454528
0.0479209
0.0504603
0.0531256
0.0558512
0.0587052
0.0615993
0.0646416
0.0677731
0.0710494
0.0744368
0.0778488
0.0814554
0.0850102
0.0885472
0.0923434
6.43569e-05
-0.00443049
-0.00705659
-0.0060914
-0.00395778
-0.00187586
-0.000104533
0.00133789
0.00260201
0.00387554
0.00520281
0.00643189
0.00751422
0.00867975
0.0100044
0.0113684
0.0127087
0.0140264
0.0153715
0.0168313
0.0183382
0.0198503
0.0214218
0.0230663
0.024751
0.0264869
0.0283032
0.0301911
0.0321789
0.0342479
0.0363716
0.038502
0.040724
0.0430496
0.045453
0.0479212
0.0504605
0.0531258
0.0558514
0.0587053
0.0615995
0.0646417
0.0677732
0.0710495
0.074437
0.077849
0.0814556
0.0850105
0.0885477
0.0923439
-5.30765e-05
-0.00424392
-0.00685625
-0.00601223
-0.00392529
-0.00185369
-8.91116e-05
0.00134758
0.00260839
0.00388062
0.00520724
0.00643592
0.00751831
0.0086842
0.010009
0.0113723
0.0127117
0.0140288
0.0153738
0.0168332
0.0183397
0.0198516
0.021423
0.0230675
0.0247521
0.0264879
0.0283041
0.0301917
0.0321793
0.0342483
0.036372
0.0385023
0.0407243
0.0430499
0.0454533
0.0479214
0.0504608
0.0531261
0.0558516
0.0587055
0.0615996
0.0646419
0.0677734
0.0710496
0.0744371
0.0778492
0.0814557
0.0850108
0.0885484
0.0923446
-0.000168607
-0.00405689
-0.0066492
-0.00592975
-0.00389261
-0.00183111
-7.29543e-05
0.00135782
0.00261507
0.00388581
0.00521168
0.00643994
0.00752241
0.00868871
0.0100138
0.0113765
0.0127148
0.0140314
0.0153763
0.0168354
0.0183413
0.019853
0.0214243
0.0230688
0.0247533
0.0264891
0.0283051
0.0301925
0.0321798
0.0342486
0.0363724
0.0385027
0.0407247
0.0430502
0.0454536
0.0479217
0.050461
0.0531263
0.0558518
0.0587057
0.0615998
0.064642
0.0677735
0.0710498
0.0744373
0.0778494
0.081456
0.0850111
0.0885492
0.0923455
-0.000281529
-0.00387025
-0.00643588
-0.00584374
-0.00385981
-0.0018082
-5.60229e-05
0.00136867
0.00262209
0.00389112
0.00521615
0.00644395
0.00752657
0.00869328
0.0100187
0.011381
0.012718
0.0140341
0.0153789
0.0168377
0.0183431
0.0198545
0.0214258
0.0230701
0.0247546
0.0264905
0.0283064
0.0301934
0.0321804
0.034249
0.0363728
0.0385032
0.0407251
0.0430505
0.0454539
0.047922
0.0504613
0.0531266
0.0558521
0.058706
0.0616
0.0646422
0.0677737
0.0710499
0.0744375
0.0778496
0.0814562
0.0850116
0.0885502
0.0923465
-0.0003909
-0.00368489
-0.00621692
-0.00575394
-0.00382692
-0.00178505
-3.82898e-05
0.00138015
0.0026295
0.00389659
0.00522065
0.00644798
0.00753084
0.00869795
0.0100237
0.0113856
0.0127215
0.0140368
0.0153816
0.0168402
0.0183451
0.0198561
0.0214273
0.0230716
0.024756
0.0264919
0.0283078
0.0301946
0.0321811
0.0342494
0.0363731
0.0385036
0.0407255
0.0430509
0.0454542
0.0479223
0.0504616
0.0531269
0.0558524
0.0587063
0.0616003
0.0646424
0.0677738
0.0710501
0.0744376
0.0778498
0.0814564
0.085012
0.0885514
0.0923477
-0.000495702
-0.00350164
-0.00599289
-0.00565999
-0.00379395
-0.00176176
-1.97455e-05
0.00139233
0.00263732
0.0039023
0.00522524
0.00645206
0.00753531
0.00870283
0.0100287
0.0113902
0.012725
0.0140397
0.0153843
0.0168428
0.0183471
0.0198577
0.021429
0.0230731
0.0247573
0.0264933
0.0283093
0.0301959
0.0321818
0.0342498
0.0363734
0.0385041
0.040726
0.0430512
0.0454545
0.0479227
0.050462
0.0531272
0.0558527
0.0587066
0.0616006
0.0646427
0.067774
0.0710503
0.0744378
0.07785
0.0814567
0.0850126
0.0885528
0.0923491
-0.000594995
-0.00332113
-0.00576418
-0.00556137
-0.00376084
-0.00173845
-3.98425e-07
0.00140525
0.00264562
0.0039083
0.00522998
0.00645629
0.00754016
0.00870808
0.0100337
0.0113948
0.0127285
0.0140427
0.0153871
0.0168454
0.0183493
0.0198595
0.0214307
0.0230747
0.0247587
0.0264948
0.0283109
0.0301973
0.0321827
0.0342502
0.0363737
0.0385045
0.0407265
0.0430516
0.0454548
0.047923
0.0504623
0.0531275
0.055853
0.058707
0.061601
0.064643
0.0677743
0.0710505
0.074438
0.0778503
0.081457
0.0850132
0.0885543
0.0923508
-0.000688073
-0.00314377
-0.00553094
-0.00545741
-0.00372748
-0.00171528
1.9729e-05
0.00141897
0.00265445
0.00391467
0.00523494
0.00646079
0.00754559
0.00871393
0.0100389
0.0113993
0.0127321
0.0140457
0.0153901
0.0168481
0.0183514
0.0198613
0.0214324
0.0230764
0.0247602
0.0264962
0.0283125
0.0301989
0.0321837
0.0342506
0.0363739
0.0385049
0.0407271
0.0430521
0.045455
0.0479233
0.0504627
0.0531279
0.0558533
0.0587073
0.0616014
0.0646434
0.0677745
0.0710507
0.0744383
0.0778506
0.0814574
0.0850139
0.0885561
0.0923526
-0.000774586
-0.00296986
-0.00529309
-0.00534731
-0.00369372
-0.00169238
4.06048e-05
0.00143354
0.00266389
0.00392148
0.00524021
0.00646568
0.0075518
0.00872058
0.0100444
0.0114037
0.0127357
0.014049
0.0153932
0.0168508
0.0183536
0.0198632
0.0214343
0.0230781
0.0247616
0.0264977
0.0283142
0.0302005
0.0321847
0.034251
0.0363741
0.0385052
0.0407277
0.0430526
0.0454553
0.0479236
0.0504632
0.0531283
0.0558536
0.0587077
0.0616019
0.0646438
0.0677749
0.071051
0.0744385
0.0778509
0.0814577
0.0850146
0.0885581
0.0923547
-0.000854328
-0.00279966
-0.00505048
-0.00523017
-0.0036593
-0.00166992
6.21875e-05
0.00144901
0.00267398
0.0039288
0.00524584
0.00647105
0.00755896
0.0087282
0.0100502
0.011408
0.0127393
0.0140524
0.0153965
0.0168536
0.0183559
0.0198651
0.0214362
0.0230798
0.0247631
0.0264993
0.0283158
0.0302022
0.0321858
0.0342515
0.0363742
0.0385056
0.0407283
0.0430532
0.0454556
0.0479238
0.0504636
0.0531287
0.0558539
0.0587081
0.0616024
0.0646444
0.0677753
0.0710512
0.0744388
0.0778512
0.0814581
0.0850153
0.0885603
0.0923569
-0.000927221
-0.00263345
-0.00480299
-0.00510505
-0.00362391
-0.00164805
8.44238e-05
0.00146543
0.00268477
0.00393666
0.00525188
0.00647694
0.00756712
0.00873685
0.0100566
0.0114122
0.0127429
0.014056
0.0154001
0.0168565
0.0183581
0.0198671
0.0214381
0.0230816
0.0247647
0.0265009
0.0283175
0.030204
0.0321869
0.034252
0.0363744
0.0385059
0.0407289
0.0430538
0.0454559
0.0479241
0.050464
0.0531292
0.0558542
0.0587084
0.0616029
0.064645
0.0677757
0.0710515
0.0744391
0.0778516
0.0814586
0.0850161
0.0885626
0.0923593
-0.000993706
-0.0024716
-0.00455068
-0.0049711
-0.00358717
-0.00162691
0.00010724
0.00148284
0.0026963
0.00394509
0.00525835
0.00648338
0.00757622
0.00874649
0.0100634
0.0114164
0.0127466
0.0140598
0.0154038
0.0168596
0.0183604
0.0198691
0.0214402
0.0230834
0.0247662
0.0265026
0.0283193
0.0302058
0.0321881
0.0342525
0.0363745
0.0385062
0.0407295
0.0430544
0.0454562
0.0479243
0.0504645
0.0531296
0.0558546
0.0587087
0.0616034
0.0646456
0.0677762
0.0710518
0.0744394
0.077852
0.0814591
0.0850169
0.088565
0.0923619
-0.00105392
-0.00231463
-0.00429386
-0.00482751
-0.00354861
-0.00160663
0.000130537
0.00150129
0.0027086
0.00395409
0.00526526
0.00649031
0.00758613
0.00875697
0.0100708
0.0114207
0.0127503
0.0140637
0.0154077
0.0168627
0.0183627
0.0198712
0.0214423
0.0230852
0.0247679
0.0265043
0.0283211
0.0302076
0.0321894
0.0342531
0.0363747
0.0385065
0.0407301
0.043055
0.0454564
0.0479246
0.0504649
0.0531301
0.0558549
0.058709
0.061604
0.0646463
0.0677767
0.0710521
0.0744398
0.0778524
0.0814596
0.0850178
0.0885675
0.0923646
-0.0011071
-0.0021629
-0.00403312
-0.00467363
-0.00350771
-0.00158733
0.000154178
0.00152079
0.00272168
0.00396364
0.00527261
0.00649771
0.00759666
0.00876814
0.0100785
0.0114252
0.0127541
0.0140679
0.0154118
0.016866
0.0183651
0.0198734
0.0214445
0.023087
0.0247696
0.0265061
0.028323
0.0302095
0.0321907
0.0342537
0.0363749
0.0385068
0.0407308
0.0430556
0.0454567
0.0479249
0.0504654
0.0531306
0.0558553
0.0587093
0.0616045
0.064647
0.0677773
0.0710525
0.0744401
0.0778528
0.0814601
0.0850187
0.0885702
0.0923674
-0.00115285
-0.00201662
-0.00376923
-0.00450894
-0.00346378
-0.00156909
0.000177956
0.00154137
0.00273558
0.00397374
0.0052804
0.00650553
0.00760768
0.00877983
0.0100866
0.0114298
0.012758
0.0140722
0.0154161
0.0168694
0.0183676
0.0198757
0.0214469
0.023089
0.0247715
0.026508
0.028325
0.0302115
0.0321921
0.0342544
0.0363751
0.0385072
0.0407316
0.0430562
0.045457
0.0479252
0.0504659
0.0531311
0.0558556
0.0587097
0.061605
0.0646477
0.067778
0.0710528
0.0744404
0.0778533
0.0814607
0.0850197
0.088573
0.0923704
-0.00119056
-0.00187588
-0.00350324
-0.00433318
-0.003416
-0.00155188
0.00020165
0.00156301
0.00275036
0.00398443
0.00528866
0.00651374
0.00761905
0.00879194
0.0100951
0.0114346
0.0127621
0.0140767
0.0154205
0.016873
0.0183703
0.0198781
0.0214492
0.023091
0.0247734
0.02651
0.0283271
0.0302136
0.0321935
0.0342551
0.0363754
0.0385077
0.0407324
0.0430568
0.0454573
0.0479256
0.0504665
0.0531316
0.055856
0.05871
0.0616056
0.0646484
0.0677786
0.0710532
0.0744408
0.0778538
0.0814614
0.0850208
0.0885758
0.0923734
-0.00122022
-0.00174028
-0.00323611
-0.0041463
-0.00336355
-0.0015357
0.000225004
0.00158571
0.00276602
0.00399571
0.00529741
0.00652237
0.00763072
0.00880438
0.0101038
0.0114397
0.0127664
0.0140814
0.0154251
0.0168767
0.018373
0.0198806
0.0214517
0.0230931
0.0247754
0.026512
0.0283294
0.0302157
0.0321951
0.0342558
0.0363757
0.0385082
0.0407333
0.0430573
0.0454576
0.047926
0.0504671
0.0531321
0.0558564
0.0587104
0.0616062
0.0646491
0.0677793
0.0710535
0.0744412
0.0778543
0.0814621
0.0850218
0.0885788
0.0923766
-0.00124245
-0.00160977
-0.00296903
-0.00394833
-0.00330526
-0.00152045
0.000247634
0.0016094
0.00278267
0.0040076
0.00530664
0.00653141
0.00764268
0.00881715
0.0101128
0.0114451
0.0127709
0.0140862
0.0154299
0.0168805
0.0183759
0.0198832
0.0214543
0.0230954
0.0247776
0.0265142
0.0283317
0.030218
0.0321967
0.0342565
0.0363761
0.0385088
0.0407343
0.0430579
0.045458
0.0479265
0.0504677
0.0531326
0.0558568
0.0587108
0.0616069
0.0646498
0.06778
0.0710539
0.0744416
0.0778548
0.0814628
0.085023
0.0885818
0.09238
-0.00125589
-0.00148374
-0.00270359
-0.00373991
-0.00323987
-0.00150576
0.000269259
0.00163397
0.00280043
0.0040203
0.00531646
0.00654087
0.00765493
0.00883024
0.0101221
0.0114507
0.0127756
0.0140912
0.0154348
0.0168846
0.0183789
0.0198859
0.0214569
0.0230979
0.0247798
0.0265165
0.0283342
0.0302203
0.0321985
0.0342573
0.0363765
0.0385095
0.0407353
0.0430585
0.0454583
0.047927
0.0504684
0.0531331
0.0558572
0.0587112
0.0616076
0.0646506
0.0677808
0.0710544
0.074442
0.0778553
0.0814635
0.0850241
0.088585
0.0923835
-0.00126032
-0.00136117
-0.00244108
-0.00352165
-0.00316611
-0.00149124
0.000289539
0.00165915
0.00281923
0.00403377
0.00532693
0.00655086
0.00766753
0.00884365
0.0101317
0.0114567
0.0127807
0.0140964
0.0154399
0.0168887
0.0183821
0.0198887
0.0214597
0.0231004
0.0247821
0.0265189
0.0283367
0.0302227
0.0322003
0.0342582
0.0363769
0.0385102
0.0407364
0.0430591
0.0454587
0.0479275
0.0504691
0.0531337
0.0558576
0.0587117
0.0616083
0.0646514
0.0677815
0.0710549
0.0744424
0.0778559
0.0814643
0.0850253
0.0885883
0.0923871
-0.00125528
-0.00124102
-0.00218312
-0.00329474
-0.00308279
-0.00147643
0.000308189
0.00168486
0.00283921
0.00404808
0.005338
0.00656136
0.00768055
0.00885745
0.0101416
0.0114631
0.0127859
0.0141019
0.0154451
0.016893
0.0183854
0.0198916
0.0214626
0.0231031
0.0247845
0.0265215
0.0283394
0.0302252
0.0322022
0.0342591
0.0363773
0.038511
0.0407375
0.0430598
0.0454592
0.0479281
0.0504698
0.0531343
0.0558581
0.0587122
0.061609
0.0646523
0.0677824
0.0710554
0.0744428
0.0778565
0.0814651
0.0850265
0.0885917
0.0923909
-0.00123801
-0.00112106
-0.00193078
-0.00306072
-0.0029891
-0.00146069
0.000324953
0.00171082
0.00286052
0.00406349
0.00534983
0.00657239
0.00769397
0.00887161
0.010152
0.0114698
0.0127915
0.0141075
0.0154506
0.0168975
0.0183889
0.0198947
0.0214656
0.0231059
0.0247871
0.0265242
0.0283422
0.0302278
0.0322042
0.03426
0.0363777
0.0385118
0.0407387
0.0430605
0.0454596
0.0479287
0.0504706
0.0531349
0.0558586
0.0587128
0.0616098
0.0646532
0.0677833
0.071056
0.0744433
0.0778571
0.0814659
0.0850278
0.0885952
0.0923948
-0.00120777
-0.00100116
-0.00168483
-0.0028193
-0.00288313
-0.00144322
0.0003394
0.00173635
0.00288282
0.00407992
0.00536247
0.00658406
0.00770787
0.00888615
0.0101627
0.0114769
0.0127974
0.0141134
0.0154562
0.0169022
0.0183924
0.0198978
0.0214687
0.0231088
0.0247897
0.026527
0.0283451
0.0302305
0.0322063
0.034261
0.0363782
0.0385127
0.04074
0.0430612
0.0454601
0.0479294
0.0504714
0.0531355
0.0558591
0.0587133
0.0616106
0.0646541
0.0677842
0.0710566
0.0744438
0.0778577
0.0814668
0.0850291
0.0885989
0.0923989
-0.00116331
-0.000879491
-0.00144723
-0.00257279
-0.00276423
-0.00142247
0.000352211
0.00176167
0.0029064
0.00409755
0.00537601
0.00659646
0.00772239
0.00890119
0.0101739
0.0114843
0.0128036
0.0141195
0.015462
0.016907
0.0183962
0.0199011
0.021472
0.0231118
0.0247924
0.02653
0.0283482
0.0302332
0.0322085
0.034262
0.0363787
0.0385137
0.0407412
0.0430619
0.0454606
0.04793
0.0504723
0.0531362
0.0558596
0.0587139
0.0616115
0.0646551
0.0677853
0.0710572
0.0744443
0.0778584
0.0814678
0.0850304
0.0886027
0.0924032
-0.00110855
-0.000753891
-0.00121804
-0.00232364
-0.00263287
-0.00139814
0.00036295
0.00178618
0.00293113
0.00411654
0.00539051
0.00660947
0.0077374
0.00891667
0.0101855
0.0114923
0.0128102
0.0141259
0.0154681
0.016912
0.0184001
0.0199045
0.0214753
0.023115
0.0247953
0.0265331
0.0283513
0.030236
0.0322107
0.0342631
0.0363793
0.0385147
0.0407425
0.0430627
0.0454611
0.0479307
0.0504731
0.0531369
0.0558602
0.0587146
0.0616124
0.0646562
0.0677863
0.0710579
0.0744449
0.0778592
0.0814688
0.0850318
0.0886066
0.0924076
-0.00104645
-0.000625873
-0.000997061
-0.00207105
-0.00248798
-0.00136999
0.000370787
0.00180877
0.00295627
0.00413656
0.00540591
0.00662317
0.00775292
0.00893256
0.0101975
0.0115006
0.0128171
0.0141325
0.0154743
0.0169172
0.0184041
0.019908
0.0214788
0.0231182
0.0247982
0.0265364
0.0283546
0.0302389
0.032213
0.0342642
0.0363799
0.0385158
0.0407439
0.0430635
0.0454617
0.0479315
0.050474
0.0531376
0.0558608
0.0587153
0.0616133
0.0646573
0.0677874
0.0710587
0.0744455
0.0778599
0.0814698
0.0850333
0.0886106
0.0924122
-0.00096916
-0.000492179
-0.000786452
-0.00181897
-0.00232913
-0.00133406
0.00037865
0.00183045
0.00298245
0.00415832
0.00542277
0.00663792
0.00776919
0.00894901
0.01021
0.0115093
0.0128244
0.0141395
0.0154807
0.0169227
0.0184083
0.0199117
0.0214824
0.0231216
0.0248013
0.0265397
0.0283579
0.0302419
0.0322154
0.0342654
0.0363806
0.0385169
0.0407453
0.0430643
0.0454623
0.0479322
0.050475
0.0531384
0.0558614
0.058716
0.0616143
0.0646584
0.0677885
0.0710595
0.0744462
0.0778607
0.0814709
0.0850348
0.0886147
0.092417
-0.000881504
-0.000350954
-0.000584415
-0.0015691
-0.0021583
-0.0012904
0.000385776
0.00185034
0.00300905
0.00418145
0.00544084
0.00665344
0.00778603
0.00896603
0.0102231
0.0115186
0.0128321
0.0141467
0.0154874
0.0169283
0.0184128
0.0199155
0.0214862
0.0231252
0.0248045
0.0265432
0.0283614
0.030245
0.0322179
0.0342667
0.0363813
0.0385181
0.0407467
0.0430652
0.0454629
0.047933
0.0504759
0.0531392
0.0558621
0.0587167
0.0616153
0.0646595
0.0677897
0.0710603
0.0744469
0.0778616
0.0814721
0.0850364
0.088619
0.092422
-0.000787328
-0.000202864
-0.000387995
-0.00132061
-0.00197689
-0.00123988
0.000390799
0.00186684
0.00303465
0.00420524
0.00545986
0.00666968
0.00780337
0.0089834
0.0102366
0.0115282
0.0128401
0.0141541
0.0154943
0.0169341
0.0184173
0.0199194
0.0214901
0.0231288
0.0248078
0.0265468
0.028365
0.0302482
0.0322205
0.034268
0.036382
0.0385193
0.0407482
0.0430661
0.0454636
0.0479339
0.0504769
0.05314
0.0558627
0.0587175
0.0616163
0.0646607
0.0677909
0.0710612
0.0744476
0.0778625
0.0814733
0.085038
0.0886234
0.0924272
-0.00067237
-4.43173e-05
-0.000199499
-0.00107842
-0.00178498
-0.00117673
0.000399199
0.00188256
0.00306081
0.00423119
0.00548113
0.00668748
0.00782157
0.00900139
0.0102507
0.0115384
0.0128485
0.014162
0.0155015
0.0169402
0.018422
0.0199236
0.0214942
0.0231326
0.0248113
0.0265505
0.0283687
0.0302515
0.0322231
0.0342694
0.0363828
0.0385206
0.0407497
0.043067
0.0454643
0.0479347
0.050478
0.0531409
0.0558635
0.0587183
0.0616174
0.064662
0.0677922
0.0710621
0.0744484
0.0778634
0.0814746
0.0850397
0.0886279
0.0924326
-0.000543795
0.000120934
-1.89523e-05
-0.000842627
-0.00158435
-0.00110151
0.000409768
0.00189617
0.00308591
0.00425776
0.00550367
0.00670632
0.00784054
0.00902011
0.0102655
0.0115492
0.0128575
0.0141702
0.015509
0.0169465
0.0184271
0.0199279
0.0214985
0.0231366
0.0248149
0.0265543
0.0283725
0.030255
0.0322259
0.0342709
0.0363837
0.0385219
0.0407513
0.043068
0.045465
0.0479356
0.0504791
0.0531418
0.0558642
0.0587192
0.0616186
0.0646633
0.0677935
0.071063
0.0744492
0.0778643
0.081476
0.0850415
0.0886325
0.0924382
-0.000404366
0.000294638
0.000158472
-0.000614139
-0.00137964
-0.00101712
0.000420997
0.00190618
0.00310855
0.00428427
0.00552731
0.00672618
0.00786006
0.00903908
0.0102805
0.0115603
0.0128666
0.0141785
0.0155167
0.016953
0.0184322
0.0199323
0.0215028
0.0231406
0.0248186
0.0265582
0.0283764
0.0302585
0.0322287
0.0342724
0.0363846
0.0385233
0.0407529
0.0430691
0.0454658
0.0479365
0.0504802
0.0531428
0.055865
0.0587201
0.0616197
0.0646646
0.0677948
0.071064
0.0744501
0.0778653
0.0814774
0.0850433
0.0886373
0.092444
-0.000226043
0.000485234
0.000334298
-0.00039616
-0.00117141
-0.000918482
0.000439345
0.0019166
0.00313108
0.00431242
0.00555353
0.00674816
0.00788071
0.00905874
0.0102963
0.0115721
0.0128764
0.0141874
0.0155247
0.0169598
0.0184375
0.019937
0.0215074
0.0231449
0.0248225
0.0265622
0.0283805
0.0302622
0.0322316
0.0342741
0.0363856
0.0385247
0.0407546
0.0430702
0.0454666
0.0479375
0.0504813
0.0531438
0.0558659
0.058721
0.061621
0.064666
0.0677962
0.071065
0.074451
0.0778664
0.081479
0.0850452
0.0886422
0.09245
-2.75482e-05
0.00068379
0.000508796
-0.000183278
-0.000957111
-0.000805887
0.000463841
0.00192639
0.00315144
0.00433949
0.00558044
0.00677143
0.00790246
0.0090793
0.0103129
0.0115846
0.0128867
0.0141966
0.015533
0.0169669
0.0184432
0.0199419
0.0215122
0.0231493
0.0248265
0.0265664
0.0283846
0.030266
0.0322346
0.0342758
0.0363867
0.0385262
0.0407563
0.0430713
0.0454675
0.0479385
0.0504826
0.0531448
0.0558668
0.058722
0.0616222
0.0646675
0.0677977
0.0710661
0.074452
0.0778674
0.0814806
0.0850472
0.0886472
0.0924562
0.000160146
0.000888099
0.000687372
2.18415e-05
-0.000745213
-0.000684975
0.000493223
0.00193491
0.00316926
0.00436573
0.00560853
0.00679659
0.0079254
0.00910028
0.0103297
0.0115973
0.0128973
0.0142061
0.0155416
0.0169742
0.0184489
0.0199469
0.0215171
0.0231539
0.0248307
0.0265707
0.0283889
0.0302699
0.0322377
0.0342776
0.0363879
0.0385277
0.0407581
0.0430725
0.0454684
0.0479396
0.0504838
0.0531459
0.0558677
0.058723
0.0616235
0.064669
0.0677992
0.0710672
0.074453
0.0778686
0.0814823
0.0850493
0.0886523
0.0924626
0.000342766
0.00109937
0.000865833
0.000214658
-0.000537416
-0.000553863
0.000531096
0.00194549
0.00318682
0.00439203
0.00563792
0.0068235
0.00794957
0.00912205
0.0103472
0.0116109
0.0129085
0.0142161
0.0155505
0.0169817
0.018455
0.0199521
0.0215223
0.0231587
0.024835
0.0265751
0.0283934
0.0302739
0.0322409
0.0342794
0.0363892
0.0385293
0.04076
0.0430737
0.0454693
0.0479407
0.0504851
0.053147
0.0558687
0.0587241
0.0616249
0.0646706
0.0678008
0.0710683
0.0744541
0.0778697
0.0814841
0.0850515
0.0886576
0.0924693
0.000512935
0.00130766
0.0010464
0.00040422
-0.000328406
-0.000411878
0.000577943
0.00195849
0.00320307
0.0044164
0.00566691
0.00685171
0.00797544
0.0091451
0.0103656
0.0116249
0.0129201
0.0142264
0.0155598
0.0169896
0.0184613
0.0199576
0.0215276
0.0231636
0.0248395
0.0265798
0.028398
0.0302781
0.0322442
0.0342814
0.0363905
0.038531
0.0407619
0.043075
0.0454703
0.0479418
0.0504865
0.0531482
0.0558697
0.0587253
0.0616263
0.0646722
0.0678024
0.0710695
0.0744553
0.0778709
0.081486
0.0850537
0.0886629
0.0924762
0.000666031
0.00151726
0.00123754
0.000591976
-0.000123381
-0.000264237
0.000632364
0.00197365
0.00321824
0.00443968
0.00569678
0.00688218
0.00800321
0.00916911
0.0103845
0.0116395
0.0129324
0.0142373
0.0155694
0.0169978
0.0184678
0.0199633
0.0215332
0.0231688
0.0248442
0.0265845
0.0284027
0.0302824
0.0322477
0.0342835
0.0363919
0.0385327
0.0407639
0.0430764
0.0454714
0.047943
0.0504879
0.0531494
0.0558708
0.0587265
0.0616278
0.0646738
0.0678041
0.0710708
0.0744565
0.0778722
0.081488
0.0850561
0.0886684
0.0924834
0.000813673
0.00173204
0.00143558
0.000774175
7.60956e-05
-0.000111086
0.000695371
0.00199273
0.00323424
0.0044627
0.00572655
0.00691345
0.00803216
0.00919425
0.0104044
0.011655
0.0129452
0.0142485
0.0155793
0.0170062
0.0184747
0.0199692
0.021539
0.0231741
0.0248491
0.0265894
0.0284076
0.0302869
0.0322512
0.0342857
0.0363934
0.0385346
0.0407659
0.0430778
0.0454726
0.0479443
0.0504894
0.0531507
0.0558719
0.0587277
0.0616294
0.0646756
0.0678059
0.0710721
0.0744578
0.0778735
0.0814901
0.0850585
0.088674
0.0924908
0.000957438
0.00194473
0.00163662
0.000954022
0.000271938
4.70087e-05
0.000767265
0.00201681
0.00325075
0.00448388
0.00575501
0.00694552
0.00806312
0.00922114
0.0104253
0.0116708
0.0129583
0.0142601
0.0155897
0.0170151
0.0184818
0.0199753
0.0215449
0.0231796
0.0248542
0.0265945
0.0284126
0.0302915
0.0322549
0.034288
0.0363951
0.0385364
0.040768
0.0430793
0.0454738
0.0479456
0.0504909
0.0531521
0.0558731
0.058729
0.061631
0.0646774
0.0678077
0.0710735
0.0744592
0.0778749
0.0814923
0.0850611
0.0886797
0.0924984
0.00109453
0.00215364
0.00184316
0.00113379
0.000463305
0.000208284
0.000847015
0.00204517
0.00326793
0.00450446
0.00578343
0.00697899
0.00809579
0.00924925
0.010447
0.0116874
0.0129722
0.0142723
0.0156004
0.0170241
0.0184891
0.0199817
0.0215512
0.0231854
0.0248595
0.0265998
0.0284178
0.0302962
0.0322587
0.0342904
0.0363968
0.0385384
0.0407702
0.0430809
0.045475
0.047947
0.0504925
0.0531535
0.0558744
0.0587304
0.0616326
0.0646792
0.0678097
0.0710749
0.0744607
0.0778764
0.0814947
0.0850638
0.0886856
0.0925063
0.00123254
0.00235976
0.00205428
0.00131404
0.000650727
0.000371778
0.000933498
0.00207846
0.00328761
0.00452549
0.0058112
0.00701237
0.00812946
0.00927889
0.0104703
0.0117052
0.0129866
0.0142848
0.0156114
0.0170336
0.0184968
0.0199885
0.0215576
0.0231914
0.0248649
0.0266052
0.0284232
0.0303012
0.0322626
0.034293
0.0363987
0.0385405
0.0407725
0.0430825
0.0454764
0.0479484
0.0504941
0.053155
0.0558757
0.0587318
0.0616344
0.0646811
0.0678116
0.0710764
0.0744622
0.0778779
0.0814971
0.0850666
0.0886915
0.0925144
0.0013689
0.00255971
0.00226872
0.00149573
0.00083372
0.000535865
0.00102679
0.00211798
0.00331014
0.00454615
0.00583752
0.00704568
0.0081647
0.00931052
0.010495
0.0117236
0.0130015
0.0142977
0.0156229
0.0170435
0.0185048
0.0199953
0.0215642
0.0231976
0.0248706
0.0266109
0.0284288
0.0303063
0.0322666
0.0342957
0.0364006
0.0385426
0.0407749
0.0430843
0.0454778
0.0479499
0.0504958
0.0531566
0.0558771
0.0587334
0.0616362
0.0646831
0.0678137
0.071078
0.0744639
0.0778794
0.0814997
0.0850695
0.0886975
0.0925228
0.00149868
0.00275469
0.00248638
0.00167863
0.0010121
0.00070057
0.00112683
0.00216293
0.00333488
0.00456712
0.00586355
0.00707936
0.00820109
0.00934348
0.0105208
0.011743
0.0130172
0.0143114
0.0156348
0.0170535
0.018513
0.0200025
0.0215712
0.0232041
0.0248765
0.0266167
0.0284345
0.0303115
0.0322708
0.0342985
0.0364027
0.0385448
0.0407773
0.0430861
0.0454793
0.0479515
0.0504976
0.0531582
0.0558786
0.0587349
0.0616381
0.0646852
0.0678159
0.0710796
0.0744656
0.0778811
0.0815023
0.0850726
0.0887037
0.0925315
0.00163477
0.00294659
0.00270445
0.00186291
0.00118736
0.000865546
0.00123199
0.00221279
0.00336301
0.0045898
0.00588942
0.00711251
0.00823785
0.00937783
0.0105484
0.0117639
0.0130337
0.0143252
0.0156468
0.0170639
0.0185218
0.0200101
0.0215784
0.0232107
0.0248827
0.0266227
0.0284404
0.0303169
0.0322752
0.0343015
0.0364049
0.0385471
0.0407798
0.043088
0.0454809
0.0479531
0.0504995
0.0531599
0.0558802
0.0587366
0.06164
0.0646873
0.0678181
0.0710813
0.0744674
0.0778828
0.0815051
0.0850758
0.0887099
0.0925404
0.00177737
0.0031316
0.00292141
0.00205039
0.00135999
0.00102922
0.00134189
0.00226852
0.00339508
0.0046138
0.0059146
0.00714493
0.00827523
0.00941386
0.0105778
0.0117859
0.0130507
0.0143396
0.0156595
0.0170749
0.0185308
0.0200178
0.0215858
0.0232177
0.0248891
0.026629
0.0284465
0.0303225
0.0322797
0.0343046
0.0364073
0.0385496
0.0407824
0.0430899
0.0454826
0.0479549
0.0505015
0.0531617
0.0558818
0.0587383
0.0616421
0.0646895
0.0678204
0.0710831
0.0744694
0.0778846
0.0815081
0.0850791
0.0887163
0.0925495
0.0019213
0.00331119
0.00313784
0.00224073
0.00152903
0.00119094
0.00145644
0.00232948
0.00343041
0.00463955
0.0059401
0.00717718
0.00831316
0.00945101
0.0106085
0.0118092
0.0130689
0.0143548
0.0156725
0.0170859
0.01854
0.0200259
0.0215936
0.023225
0.0248958
0.0266354
0.0284528
0.0303283
0.0322843
0.0343079
0.0364098
0.0385521
0.0407852
0.043092
0.0454844
0.0479567
0.0505035
0.0531636
0.0558835
0.0587402
0.0616442
0.0646919
0.0678228
0.0710849
0.0744714
0.0778864
0.0815111
0.0850827
0.0887228
0.0925589
0.00206713
0.00348639
0.00335082
0.0024325
0.00169564
0.00135128
0.00157518
0.00239536
0.00346932
0.00466763
0.00596623
0.00720895
0.00835097
0.00948894
0.0106408
0.0118343
0.0130885
0.0143705
0.0156856
0.0170973
0.0185498
0.0200344
0.0216016
0.0232324
0.0249027
0.0266421
0.0284593
0.0303342
0.0322892
0.0343113
0.0364124
0.0385547
0.040788
0.0430942
0.0454862
0.0479586
0.0505056
0.0531655
0.0558853
0.0587421
0.0616464
0.0646942
0.0678253
0.0710869
0.0744736
0.0778884
0.0815143
0.0850863
0.0887294
0.0925686
0.00221407
0.00365655
0.00355892
0.00262678
0.00186112
0.00150906
0.00169684
0.00246596
0.00351191
0.00469832
0.00599324
0.00724023
0.00838857
0.00952782
0.0106748
0.0118609
0.0131088
0.0143868
0.0156994
0.0171091
0.0185598
0.0200431
0.0216099
0.0232403
0.0249099
0.026649
0.028466
0.0303404
0.0322942
0.0343149
0.0364152
0.0385575
0.0407909
0.0430965
0.0454882
0.0479606
0.0505078
0.0531676
0.0558872
0.0587441
0.0616487
0.0646967
0.067828
0.0710889
0.0744758
0.0778905
0.0815176
0.0850902
0.0887361
0.0925785
0.00236225
0.003823
0.00376187
0.00282306
0.00202505
0.00166326
0.00182095
0.00254163
0.00355838
0.00473165
0.00602129
0.00727125
0.00842621
0.00956754
0.0107099
0.0118888
0.0131306
0.0144043
0.0157136
0.017121
0.01857
0.0200522
0.0216185
0.0232483
0.0249175
0.0266562
0.0284729
0.0303467
0.0322994
0.0343187
0.0364181
0.0385603
0.0407939
0.0430989
0.0454903
0.0479627
0.0505102
0.0531697
0.0558892
0.0587462
0.061651
0.0646993
0.0678307
0.071091
0.0744782
0.0778927
0.081521
0.0850943
0.0887429
0.0925886
0.00251244
0.00398599
0.00395798
0.00301995
0.00218831
0.00181421
0.00194728
0.00262231
0.00360808
0.00476707
0.00605088
0.00730265
0.00846369
0.00960758
0.010746
0.0119183
0.013154
0.0144227
0.0157282
0.0171333
0.0185807
0.0200616
0.0216274
0.0232567
0.0249253
0.0266636
0.0284801
0.0303533
0.0323048
0.0343227
0.0364213
0.0385633
0.0407971
0.0431014
0.0454926
0.0479649
0.0505126
0.053172
0.0558913
0.0587484
0.0616535
0.0647019
0.0678335
0.0710932
0.0744807
0.077895
0.0815246
0.0850985
0.0887498
0.092599
0.00266286
0.00414531
0.00414607
0.0032166
0.0023517
0.00196146
0.00207434
0.00270716
0.00366104
0.00480527
0.00608277
0.00733446
0.0085005
0.00964789
0.0107833
0.0119492
0.0131787
0.0144421
0.0157436
0.0171461
0.0185916
0.0200713
0.0216365
0.0232654
0.0249334
0.0266713
0.0284874
0.03036
0.0323104
0.0343269
0.0364245
0.0385664
0.0408004
0.043104
0.0454949
0.0479672
0.0505151
0.0531744
0.0558935
0.0587507
0.0616561
0.0647047
0.0678364
0.0710955
0.0744833
0.0778974
0.0815283
0.0851029
0.0887569
0.0926097
0.00281224
0.00430204
0.00432565
0.00341186
0.00251594
0.00210493
0.00220107
0.00279649
0.00371799
0.00484607
0.00611638
0.00736662
0.008537
0.00968867
0.0108217
0.0119812
0.0132048
0.0144629
0.0157596
0.0171589
0.0186028
0.0200813
0.021646
0.0232744
0.0249419
0.0266793
0.028495
0.030367
0.0323163
0.0343313
0.0364279
0.0385697
0.0408038
0.0431068
0.0454974
0.0479696
0.0505178
0.0531768
0.0558959
0.0587531
0.0616588
0.0647076
0.0678395
0.071098
0.074486
0.0778999
0.0815321
0.0851076
0.0887641
0.0926205
0.00296196
0.0044574
0.0044962
0.00360421
0.00268172
0.00224471
0.0023263
0.00289008
0.00377866
0.00488877
0.00615194
0.00739997
0.00857351
0.00972963
0.0108607
0.0120142
0.0132323
0.014485
0.0157764
0.0171724
0.0186144
0.0200916
0.0216556
0.0232837
0.0249508
0.0266876
0.0285029
0.0303741
0.0323223
0.0343359
0.0364316
0.0385731
0.0408073
0.0431097
0.0455
0.0479722
0.0505205
0.0531795
0.0558983
0.0587557
0.0616616
0.0647106
0.0678427
0.0711005
0.0744889
0.0779026
0.081536
0.0851124
0.0887714
0.0926316
0.00311094
0.00461159
0.00465775
0.00379192
0.00284904
0.00238145
0.00244909
0.00298731
0.0038432
0.00493341
0.00618953
0.00743481
0.00860984
0.00977035
0.0109004
0.0120482
0.0132611
0.0145085
0.0157942
0.0171862
0.0186261
0.0201022
0.0216656
0.0232934
0.02496
0.0266962
0.028511
0.0303815
0.0323285
0.0343408
0.0364354
0.0385767
0.040811
0.0431127
0.0455028
0.0479749
0.0505234
0.0531822
0.0559009
0.0587583
0.0616645
0.0647137
0.0678459
0.0711032
0.0744919
0.0779054
0.0815401
0.0851175
0.0887789
0.0926429
0.0032575
0.00476594
0.0048116
0.00397262
0.0030172
0.0025163
0.00256838
0.00308693
0.00391174
0.0049801
0.00622914
0.00747125
0.00864607
0.00981102
0.0109411
0.0120831
0.0132908
0.0145335
0.015813
0.0172004
0.0186383
0.0201131
0.0216758
0.0233034
0.0249695
0.026705
0.0285194
0.0303892
0.0323351
0.0343458
0.0364394
0.0385805
0.0408149
0.0431158
0.0455057
0.0479777
0.0505264
0.053185
0.0559036
0.0587612
0.0616675
0.0647169
0.0678494
0.071106
0.074495
0.0779083
0.0815444
0.0851228
0.0887865
0.0926544
0.00339895
0.00492001
0.00495793
0.00414409
0.00318599
0.00265078
0.00268308
0.00318772
0.00398488
0.00502907
0.00627029
0.00750916
0.0086826
0.00985177
0.0109823
0.0121186
0.0133215
0.0145598
0.0158331
0.0172154
0.0186509
0.0201243
0.0216862
0.0233136
0.0249796
0.0267143
0.028528
0.0303971
0.0323419
0.0343511
0.0364436
0.0385844
0.0408189
0.0431192
0.0455087
0.0479807
0.0505296
0.0531881
0.0559064
0.0587641
0.0616706
0.0647203
0.0678529
0.071109
0.0744982
0.0779114
0.0815488
0.0851283
0.0887942
0.0926661
0.00353212
0.0050726
0.00509871
0.00430599
0.00335411
0.00278577
0.0027927
0.00328848
0.00406292
0.00507997
0.00631228
0.00754912
0.00871996
0.00989219
0.011024
0.0121551
0.013353
0.0145873
0.0158544
0.0172312
0.0186638
0.0201357
0.0216968
0.0233241
0.0249899
0.0267239
0.0285369
0.0304052
0.0323489
0.0343567
0.036448
0.0385885
0.040823
0.0431227
0.045512
0.0479838
0.0505329
0.0531912
0.0559094
0.0587672
0.0616739
0.0647238
0.0678566
0.071112
0.0745017
0.0779147
0.0815533
0.085134
0.0888021
0.092678
0.00365797
0.00522372
0.00523659
0.00445767
0.00351855
0.00292222
0.00289808
0.00338733
0.00414514
0.00513309
0.00635536
0.00759131
0.00875792
0.00993224
0.0110662
0.0121922
0.0133851
0.0146159
0.0158769
0.0172476
0.0186773
0.0201477
0.0217076
0.0233348
0.0250006
0.0267338
0.0285462
0.0304136
0.0323561
0.0343624
0.0364527
0.0385928
0.0408274
0.0431264
0.0455154
0.0479872
0.0505363
0.0531945
0.0559125
0.0587705
0.0616773
0.0647275
0.0678604
0.0711153
0.0745052
0.0779182
0.081558
0.0851399
0.0888102
0.0926901
0.00377649
0.00537115
0.00537197
0.00459885
0.00367678
0.00306109
0.00300048
0.00348198
0.00423094
0.00518959
0.00639897
0.00763493
0.00879689
0.00997235
0.0111088
0.0122299
0.0134179
0.0146454
0.0159007
0.0172652
0.0186913
0.02016
0.0217188
0.0233458
0.0250116
0.026744
0.0285557
0.0304223
0.0323638
0.0343684
0.0364575
0.0385974
0.0408319
0.0431302
0.045519
0.0479907
0.05054
0.053198
0.0559157
0.0587739
0.0616809
0.0647313
0.0678643
0.0711186
0.0745089
0.0779218
0.0815629
0.0851461
0.0888184
0.0927023
0.00388661
0.00551293
0.00550551
0.00473125
0.00382662
0.00320153
0.00310131
0.00357102
0.00431937
0.00524994
0.00644256
0.00767999
0.00883738
0.0100124
0.0111518
0.0122682
0.013451
0.0146756
0.0159257
0.0172839
0.0187058
0.0201725
0.0217303
0.0233572
0.025023
0.0267546
0.0285654
0.0304312
0.0323717
0.0343749
0.0364626
0.038602
0.0408366
0.0431343
0.0455228
0.0479944
0.0505437
0.0532017
0.0559192
0.0587775
0.0616845
0.0647353
0.0678685
0.0711222
0.0745128
0.0779256
0.081568
0.0851526
0.0888268
0.0927147
0.00399072
0.00564866
0.0056374
0.00485685
0.00396618
0.00334162
0.00320261
0.00365384
0.00440848
0.00531445
0.00648645
0.00772643
0.00887914
0.0100521
0.0111952
0.0123071
0.0134844
0.0147065
0.0159516
0.0173036
0.0187212
0.0201855
0.021742
0.0233689
0.0250348
0.0267655
0.0285756
0.0304404
0.0323798
0.0343814
0.0364681
0.0386071
0.0408415
0.0431385
0.0455268
0.0479983
0.0505477
0.0532055
0.0559228
0.0587813
0.0616883
0.0647394
0.0678727
0.071126
0.0745169
0.0779296
0.0815732
0.0851592
0.0888354
0.0927273
0.00409075
0.00577765
0.00576596
0.00497695
0.00409447
0.00347867
0.00330612
0.00373054
0.00449606
0.00538372
0.00653058
0.00777334
0.00892277
0.0100916
0.0112387
0.0123468
0.0135185
0.0147379
0.0159781
0.0173244
0.0187376
0.0201989
0.021754
0.0233808
0.0250469
0.0267769
0.028586
0.0304499
0.0323883
0.0343882
0.0364736
0.0386124
0.0408467
0.0431431
0.045531
0.0480023
0.0505519
0.0532096
0.0559266
0.0587852
0.0616923
0.0647438
0.0678771
0.0711298
0.0745212
0.0779338
0.0815786
0.0851661
0.0888441
0.09274
0.00418583
0.00589921
0.00588936
0.00509304
0.00421206
0.00360939
0.00341296
0.00380209
0.00457931
0.00545773
0.00657547
0.00781982
0.00896861
0.0101315
0.0112823
0.0123867
0.0135524
0.01477
0.0160054
0.0173461
0.018755
0.0202129
0.0217663
0.0233932
0.0250592
0.0267884
0.0285969
0.0304598
0.0323971
0.0343954
0.0364794
0.0386177
0.040852
0.0431479
0.0455355
0.0480066
0.0505561
0.0532138
0.0559306
0.0587894
0.0616965
0.0647484
0.0678818
0.0711338
0.0745255
0.0779382
0.0815842
0.0851732
0.088853
0.0927528
0.00427463
0.00601316
0.00600622
0.00520547
0.00432017
0.00373069
0.00352269
0.00387057
0.00465595
0.00553559
0.00662242
0.00786554
0.00901604
0.0101715
0.0113261
0.0124273
0.0135858
0.0148023
0.0160336
0.0173685
0.0187735
0.0202275
0.0217788
0.0234061
0.025072
0.0268
0.0286078
0.03047
0.0324063
0.0344028
0.0364856
0.0386234
0.0408574
0.0431528
0.0455402
0.0480113
0.0505607
0.0532182
0.0559347
0.0587937
0.0617008
0.0647531
0.0678866
0.0711382
0.0745302
0.0779427
0.08159
0.0851806
0.0888622
0.0927658
0.00435598
0.00612006
0.00611537
0.00531312
0.0044208
0.00384036
0.00363301
0.00393856
0.00472478
0.00561547
0.00667216
0.00791
0.00906504
0.0102116
0.0113696
0.0124693
0.0136194
0.0148345
0.016062
0.0173915
0.0187934
0.0202431
0.0217915
0.0234193
0.0250853
0.0268122
0.028619
0.0304802
0.0324157
0.0344107
0.0364922
0.0386295
0.0408633
0.043158
0.0455449
0.048016
0.0505656
0.053223
0.0559392
0.0587982
0.0617053
0.064758
0.0678915
0.0711426
0.0745351
0.0779476
0.081596
0.0851881
0.0888714
0.0927789
0.00442847
0.0062195
0.00621612
0.0054142
0.00451594
0.00393735
0.00374058
0.00400856
0.00478554
0.0056951
0.00672541
0.00795268
0.00911521
0.0102528
0.0114122
0.0125117
0.0136532
0.014867
0.016091
0.0174142
0.018814
0.0202602
0.0218047
0.0234329
0.0250989
0.0268244
0.0286307
0.030491
0.0324252
0.0344186
0.036499
0.0386358
0.0408695
0.0431637
0.0455502
0.0480209
0.0505704
0.053228
0.0559439
0.0588032
0.06171
0.0647631
0.0678967
0.0711472
0.0745401
0.0779526
0.0816023
0.085196
0.0888808
0.0927921
0.00449082
0.00631031
0.00630897
0.00550699
0.00460598
0.00402242
0.00384157
0.00408142
0.00483897
0.00577202
0.00678314
0.00799407
0.00916533
0.010295
0.0114544
0.0125548
0.0136863
0.0148989
0.0161214
0.0174376
0.0188348
0.0202781
0.0218184
0.0234471
0.0251134
0.0268368
0.0286422
0.030502
0.0324354
0.0344269
0.0365061
0.0386425
0.0408757
0.0431695
0.0455557
0.0480263
0.0505755
0.053233
0.0559486
0.0588081
0.0617151
0.0647685
0.0679021
0.071152
0.0745453
0.0779578
0.0816086
0.0852041
0.0888906
0.0928054
0.00454245
0.00639097
0.00639435
0.00558955
0.00469049
0.00409776
0.0039325
0.00415657
0.00488687
0.00584359
0.00684524
0.00803533
0.00921481
0.0103378
0.0114954
0.0125988
0.0137199
0.0149295
0.016152
0.0174618
0.0188566
0.0202973
0.0218323
0.023461
0.0251285
0.0268501
0.0286541
0.030513
0.0324457
0.0344358
0.0365136
0.0386493
0.0408823
0.0431756
0.0455614
0.0480319
0.0505811
0.0532386
0.0559538
0.0588132
0.0617201
0.0647741
0.0679078
0.0711571
0.0745509
0.0779633
0.0816152
0.0852122
0.0889004
0.0928188
0.00458476
0.00645998
0.00647186
0.00566087
0.00476743
0.00416468
0.00401071
0.00423296
0.00493163
0.00590724
0.00691054
0.00807763
0.0092635
0.010382
0.0115349
0.0126423
0.0137538
0.0149596
0.0161828
0.0174861
0.0188787
0.0203186
0.0218476
0.0234748
0.0251435
0.0268633
0.0286661
0.0305248
0.0324563
0.0344446
0.0365216
0.0386568
0.0408892
0.043182
0.0455675
0.0480376
0.0505866
0.0532444
0.0559593
0.0588189
0.0617255
0.0647797
0.0679134
0.0711623
0.0745567
0.077969
0.0816222
0.0852209
0.0889103
0.0928322
0.0046179
0.0065153
0.00654045
0.00572173
0.00483451
0.00422428
0.00407546
0.00430744
0.00497573
0.00596235
0.00697686
0.00812117
0.00931077
0.0104276
0.0115736
0.0126854
0.0137877
0.0149881
0.0162137
0.0175112
0.0189004
0.0203407
0.0218648
0.0234896
0.0251592
0.026877
0.0286776
0.0305359
0.0324676
0.0344542
0.0365298
0.0386645
0.0408966
0.0431888
0.0455738
0.0480438
0.0505925
0.0532503
0.0559649
0.0588245
0.0617314
0.064786
0.0679196
0.0711677
0.0745625
0.0779749
0.0816291
0.0852297
0.0889206
0.0928457
0.00464108
0.00655454
0.00659709
0.00577167
0.00488943
0.00427737
0.00412698
0.00437595
0.00502125
0.00601014
0.00704235
0.00816645
0.00935556
0.0104738
0.0116114
0.0127281
0.0138227
0.0150152
0.0162436
0.0175369
0.0189226
0.0203634
0.0218827
0.0235045
0.0251755
0.0268924
0.0286899
0.0305468
0.0324783
0.0344638
0.0365387
0.0386726
0.0409042
0.0431961
0.0455807
0.0480503
0.0505986
0.0532567
0.0559708
0.0588304
0.0617371
0.0647923
0.067926
0.0711736
0.0745688
0.0779811
0.0816364
0.0852385
0.0889308
0.0928594
0.00465549
0.00657835
0.00663864
0.0058099
0.00492987
0.00432264
0.00416659
0.00443487
0.00506798
0.00605134
0.0071054
0.0082151
0.00939825
0.0105192
0.0116478
0.0127688
0.0138587
0.0150421
0.0162731
0.0175629
0.0189448
0.020387
0.0219025
0.0235195
0.0251907
0.0269077
0.028703
0.0305587
0.0324902
0.0344737
0.0365472
0.038681
0.0409121
0.0432035
0.0455878
0.0480572
0.0506051
0.0532635
0.0559772
0.0588367
0.0617434
0.0647987
0.0679324
0.0711794
0.0745755
0.0779877
0.081644
0.0852479
0.0889413
0.0928729
0.00465834
0.00658623
0.00666247
0.0058357
0.00495539
0.00435769
0.00419635
0.00448263
0.00511478
0.00608769
0.00716358
0.00826648
0.00944001
0.0105641
0.0116823
0.012806
0.0138948
0.0150683
0.0163019
0.0175907
0.0189678
0.0204107
0.0219236
0.0235362
0.0252062
0.0269229
0.0287157
0.0305694
0.032502
0.0344851
0.0365571
0.0386898
0.0409203
0.0432113
0.0455952
0.0480641
0.0506118
0.0532706
0.0559839
0.0588432
0.06175
0.0648057
0.0679393
0.0711855
0.074582
0.0779943
0.0816517
0.0852573
0.0889521
0.0928866
0.00464706
0.00657637
0.00666442
0.00584565
0.00496477
0.00437972
0.00421697
0.00451837
0.00516065
0.00612242
0.00721639
0.00831926
0.00948056
0.010608
0.0117163
0.0128393
0.0139298
0.0150936
0.0163285
0.0176188
0.0189925
0.0204356
0.0219459
0.0235535
0.0252219
0.0269391
0.0287296
0.0305804
0.0325128
0.0344956
0.0365672
0.0386995
0.0409293
0.0432198
0.0456032
0.0480716
0.0506185
0.0532778
0.0559907
0.05885
0.0617568
0.0648129
0.0679466
0.0711921
0.0745893
0.0780013
0.0816595
0.0852669
0.0889628
0.0929002
0.00462198
0.00655004
0.00664329
0.00583586
0.00495655
0.0043859
0.00422843
0.00454154
0.00520237
0.00615706
0.00726414
0.00837308
0.00952054
0.0106491
0.0117495
0.0128696
0.0139642
0.0151191
0.016353
0.0176462
0.0190172
0.0204607
0.0219698
0.0235726
0.0252375
0.0269545
0.0287441
0.0305923
0.0325247
0.0345072
0.0365773
0.0387087
0.0409382
0.0432285
0.0456116
0.0480795
0.050626
0.0532857
0.0559979
0.058857
0.0617639
0.0648202
0.0679539
0.0711987
0.0745966
0.0780088
0.0816679
0.085277
0.0889739
0.0929138
0.00457546
0.0065035
0.00659791
0.00580345
0.00492972
0.00437418
0.00423014
0.00455495
0.00523898
0.00619235
0.00730684
0.00842574
0.00956024
0.0106868
0.0117809
0.0128953
0.0139963
0.0151461
0.016377
0.017674
0.0190436
0.0204854
0.0219929
0.0235922
0.0252542
0.0269703
0.0287587
0.0306043
0.0325361
0.0345191
0.0365894
0.0387194
0.0409475
0.0432374
0.0456202
0.0480873
0.0506333
0.0532937
0.0560056
0.0588645
0.0617714
0.0648279
0.0679616
0.0712057
0.0746041
0.0780161
0.0816762
0.0852871
0.0889853
0.0929285
0.00450193
0.00643094
0.00652492
0.00574433
0.00488189
0.00434181
0.00421873
0.00455917
0.00527005
0.00623027
0.00734684
0.0084758
0.0095996
0.0107206
0.0118106
0.0129181
0.0140243
0.0151728
0.0164002
0.0177012
0.0190718
0.0205119
0.0220168
0.0236119
0.02527
0.0269852
0.0287735
0.0306175
0.0325481
0.034531
0.0366012
0.0387308
0.0409582
0.0432476
0.0456298
0.0480961
0.0506412
0.0533019
0.0560132
0.0588718
0.0617789
0.0648354
0.0679691
0.0712124
0.0746116
0.0780237
0.0816843
0.0852968
0.0889958
0.0929404
0.00439511
0.00632343
0.0064191
0.00565582
0.00481408
0.00429314
0.00419611
0.00455686
0.00529425
0.00626768
0.00738364
0.00851996
0.00963609
0.0107485
0.0118356
0.0129375
0.0140492
0.0152002
0.016424
0.0177275
0.0191004
0.0205384
0.0220408
0.0236329
0.025287
0.0269991
0.0287869
0.0306301
0.0325598
0.0345432
0.0366143
0.0387426
0.0409687
0.0432583
0.0456405
0.0481061
0.0506509
0.0533125
0.0560231
0.0588815
0.0617885
0.0648451
0.0679789
0.0712213
0.0746208
0.0780327
0.0816943
0.0853085
0.0890087
0.092957
0.00424684
0.00616578
0.00626088
0.0055202
0.00471268
0.00422404
0.00416662
0.00456068
0.00532587
0.00631381
0.00742508
0.0085616
0.00967028
0.0107717
0.0118558
0.0129534
0.0140693
0.015227
0.0164498
0.0177544
0.0191301
0.0205657
0.0220633
0.0236516
0.0253027
0.0270126
0.0287998
0.0306422
0.0325701
0.0345528
0.0366251
0.0387529
0.0409773
0.0432664
0.045648
0.0481128
0.0506569
0.0533189
0.0560291
0.0588876
0.0617948
0.0648514
0.0679853
0.0712271
0.0746274
0.0780395
0.0817013
0.0853173
0.089018
0.0929672
0.00407207
0.00596748
0.00604877
0.00532176
0.0045528
0.00411186
0.00411136
0.00455584
0.00535649
0.00636405
0.00747209
0.00860385
0.00970459
0.0107942
0.0118757
0.0129722
0.0140927
0.0152592
0.0164831
0.0177876
0.0191663
0.0206006
0.0220937
0.0236779
0.0253251
0.0270314
0.0288183
0.0306613
0.0325878
0.0345698
0.0366429
0.0387695
0.0409924
0.0432817
0.0456631
0.0481269
0.0506706
0.053333
0.0560423
0.0589001
0.0618072
0.0648636
0.0679974
0.071238
0.0746385
0.0780504
0.081713
0.0853303
0.0890323
0.0929851
0.00388158
0.00573281
0.00580058
0.00508553
0.00435803
0.00397571
0.00403916
0.00453771
0.00536914
0.00638781
0.00748877
0.00860963
0.00970187
0.0107837
0.0118657
0.0129668
0.0140956
0.0152749
0.0165037
0.0178069
0.0191868
0.0206199
0.0221081
0.0236893
0.0253354
0.0270395
0.028825
0.0306688
0.0325943
0.0345756
0.0366508
0.0387776
0.0409985
0.0432875
0.0456687
0.0481321
0.0506756
0.0533385
0.0560476
0.0589059
0.0618131
0.0648695
0.0680036
0.0712437
0.0746448
0.0780568
0.0817196
0.0853389
0.0890414
0.092995
0.0035649
0.00541844
0.00550641
0.00484191
0.0042002
0.00391262
0.00405941
0.00461842
0.0054707
0.00647967
0.0075552
0.00864887
0.00972528
0.0108012
0.0118846
0.0129918
0.0141278
0.0153168
0.0165508
0.0178509
0.0192291
0.0206613
0.0221439
0.0237187
0.0253617
0.0270634
0.0288479
0.0306923
0.0326167
0.0345957
0.0366709
0.0387969
0.0410166
0.0433054
0.0456855
0.048148
0.050691
0.0533536
0.0560616
0.0589193
0.0618263
0.0648822
0.0680164
0.0712551
0.0746565
0.0780683
0.0817315
0.0853519
0.0890554
0.093012
0.00280643
0.00459063
0.00475826
0.00425968
0.00381276
0.00369981
0.00397747
0.00461728
0.00549603
0.00649422
0.00754791
0.00861971
0.00968738
0.0107681
0.0118609
0.0129821
0.0141319
0.0153324
0.0165733
0.0178707
0.0192451
0.0206781
0.022158
0.0237291
0.0253723
0.0270726
0.0288547
0.0306999
0.0326251
0.0346039
0.0366807
0.0388068
0.0410249
0.0433134
0.0456934
0.048156
0.0506991
0.0533621
0.05607
0.0589283
0.0618349
0.0648906
0.0680248
0.0712629
0.0746647
0.0780762
0.0817399
0.085362
0.0890663
0.0930249
0.00304783
0.00434584
0.00432192
0.00390135
0.00363381
0.00368391
0.00406918
0.00473578
0.00558628
0.00653858
0.00755343
0.00860112
0.00966443
0.0107568
0.0118623
0.0129968
0.0141589
0.0153663
0.0166129
0.017909
0.019277
0.0207093
0.0221862
0.0237498
0.0253912
0.0270922
0.0288738
0.0307188
0.0326433
0.0346204
0.036696
0.0388219
0.0410402
0.0433285
0.0457064
0.048169
0.0507119
0.0533739
0.0560809
0.058939
0.0618456
0.064901
0.0680353
0.0712723
0.0746741
0.0780858
0.0817493
0.0853726
0.089077
0.0930358
0.000683379
0.00255176
0.00318516
0.00335457
0.00351238
0.0038094
0.00427071
0.00489478
0.00566528
0.00655278
0.00753187
0.00856676
0.00963425
0.0107425
0.0118648
0.0130151
0.0141918
0.0154045
0.0166525
0.0179468
0.0193066
0.0207379
0.0222156
0.023774
0.0254144
0.0271143
0.0288928
0.0307371
0.0326625
0.0346401
0.0367159
0.0388405
0.041058
0.0433456
0.0457226
0.048186
0.050729
0.0533907
0.0560972
0.0589556
0.0618612
0.0649156
0.0680497
0.0712855
0.0746874
0.0780978
0.0817618
0.0853863
0.0890923
0.093056
-0.00108971
-0.000169567
0.00115762
0.002347
0.00325006
0.00389818
0.00444333
0.00502402
0.0057041
0.00651153
0.00744456
0.00847002
0.00955256
0.0106859
0.0118324
0.0130013
0.0141935
0.0154135
0.0166651
0.0179617
0.0193153
0.0207454
0.0222249
0.0237778
0.0254175
0.0271212
0.0289004
0.0307444
0.0326695
0.0346472
0.0367217
0.0388458
0.0410651
0.0433528
0.0457272
0.048191
0.0507345
0.0533951
0.0561014
0.05896
0.0618659
0.0649202
0.0680549
0.0712901
0.0746922
0.0781037
0.0817674
0.0853933
0.0890993
0.0930613
-0.00219174
7.92235e-05
0.00154883
0.00256213
0.00332814
0.00396275
0.00455459
0.00515529
0.00581838
0.00658864
0.00747653
0.0084746
0.00955171
0.0106937
0.0118566
0.0130399
0.0142446
0.0154694
0.0167191
0.0180141
0.0193591
0.0207842
0.0222662
0.0238148
0.025452
0.0271551
0.0289316
0.0307734
0.0326984
0.034677
0.0367511
0.0388724
0.0410913
0.0433788
0.0457514
0.0482166
0.0507601
0.0534199
0.0561253
0.0589839
0.0618881
0.064941
0.0680751
0.0713088
0.0747105
0.0781197
0.0817837
0.0854103
0.089118
0.0930865
-0.00312872
-0.00187496
-0.000145078
0.00149379
0.00281509
0.00379364
0.00453551
0.00517295
0.00582497
0.00657223
0.007431
0.00840995
0.00948569
0.010635
0.0118135
0.0130106
0.0142284
0.0154637
0.0167179
0.0180184
0.019361
0.0207829
0.0222684
0.0238144
0.0254499
0.0271564
0.0289339
0.0307759
0.0326997
0.0346794
0.0367535
0.0388731
0.041094
0.0433825
0.0457525
0.0482179
0.0507625
0.0534214
0.0561267
0.0589857
0.0618902
0.0649432
0.0680777
0.0713112
0.0747129
0.0781233
0.081787
0.0854152
0.0891228
0.0930887
-0.00453468
-0.0016323
0.000382594
0.0018365
0.00293815
0.00381538
0.0045539
0.00521103
0.00587336
0.00662181
0.00747501
0.00844282
0.00951221
0.0106581
0.0118373
0.0130379
0.0142588
0.0154983
0.016753
0.0180548
0.0193983
0.0208173
0.0223056
0.0238529
0.0254866
0.0271922
0.0289681
0.0308087
0.0327324
0.0347116
0.0367866
0.038904
0.0411228
0.0434122
0.0457816
0.0482474
0.0507918
0.0534507
0.0561547
0.0590131
0.0619159
0.064967
0.0681007
0.0713325
0.0747333
0.0781408
0.0818043
0.0854331
0.0891434
0.0931167
)
;

boundaryField
{
    zeroGradientPlanes
    {
        type            zeroGradient;
    }
    inlet
    {
        type            zeroGradient;
    }
    plate
    {
        type            zeroGradient;
    }
    frontAndBack
    {
        type            empty;
    }
}


// ************************************************************************* //
