/*--------------------------------*- C++ -*----------------------------------*\
| =========                 |                                                 |
| \\      /  F ield         | OpenFOAM: The Open Source CFD Toolbox           |
|  \\    /   O peration     | Version:  v2012                                 |
|   \\  /    A nd           | Website:  www.openfoam.com                      |
|    \\/     M anipulation  |                                                 |
\*---------------------------------------------------------------------------*/
FoamFile
{
    version     2.0;
    format      ascii;
    class       volScalarField;
    location    "10";
    object      p;
}
// * * * * * * * * * * * * * * * * * * * * * * * * * * * * * * * * * * * * * //

dimensions      [0 2 -2 0 0 0 0];


internalField   nonuniform List<scalar> 
7000
(
7.481e-11
-0.00301197
-0.000504012
0.00390972
-0.00180425
0.00234325
0.000133239
0.00424371
0.00462848
0.00614566
0.00793481
0.00925857
0.00991239
0.0121459
0.0134707
0.0165719
0.0184006
0.0219409
0.0251634
0.0312531
-2.2532e-06
-0.00299866
-0.000502296
0.0038734
-0.00173855
0.00233314
0.000144734
0.00424915
0.00461852
0.00615148
0.00792483
0.00926496
0.00990982
0.0121438
0.013477
0.0165568
0.0184169
0.0218999
0.0251963
0.0310026
-4.34612e-06
-0.00298334
-0.000505845
0.00382889
-0.00168798
0.00231995
0.000163501
0.00424884
0.00460626
0.00616354
0.00790904
0.00928071
0.00990304
0.012145
0.0134827
0.0165361
0.0184313
0.0218378
0.0252209
0.0305672
-6.3777e-06
-0.00296878
-0.000509794
0.00378653
-0.00164058
0.00230728
0.000189844
0.00424121
0.0045968
0.00617907
0.00788715
0.00929992
0.00989227
0.0121444
0.013487
0.0165092
0.0184425
0.0217665
0.0252122
0.0301124
-8.97856e-06
-0.00295384
-0.000510115
0.0037463
-0.0015933
0.00229567
0.000226307
0.00422603
0.00458915
0.00619397
0.00785928
0.00931804
0.00988068
0.0121391
0.0134928
0.0164749
0.0184546
0.0216834
0.0251755
0.0296814
-1.24182e-05
-0.00293742
-0.000505996
0.00370824
-0.00154521
0.00228527
0.000273101
0.00420296
0.00458208
0.00620678
0.00782898
0.00933406
0.00987161
0.0121286
0.0135019
0.0164335
0.0184675
0.0215892
0.025116
0.029276
-1.68011e-05
-0.00291867
-0.000497398
0.00367254
-0.0014961
0.00227585
0.00032826
0.00417364
0.0045759
0.00621844
0.00779956
0.00934788
0.00986667
0.012113
0.0135149
0.0163852
0.0184798
0.0214859
0.0250342
0.0288881
-2.21013e-05
-0.00289672
-0.000484298
0.00363851
-0.00144613
0.00226682
0.000389478
0.0041409
0.00457114
0.00622982
0.00777231
0.00935912
0.00986594
0.0120921
0.0135314
0.0163301
0.0184897
0.0213751
0.0249286
0.0285113
-2.81507e-05
-0.00287082
-0.00046703
0.00360498
-0.00139562
0.00225752
0.000455232
0.00410727
0.00456779
0.0062408
0.00774719
0.00936703
0.00986887
0.0120658
0.0135507
0.0162686
0.018495
0.0212581
0.024798
0.0281414
-3.46977e-05
-0.0028405
-0.00044627
0.00357093
-0.00134484
0.00224742
0.000524818
0.00407428
0.00456567
0.0062507
0.00772367
0.00937065
0.00987473
0.0120335
0.0135715
0.0162017
0.0184934
0.0211362
0.024642
0.0277754
-4.14989e-05
-0.00280572
-0.000422736
0.00353563
-0.00129393
0.00223613
0.000597947
0.0040426
0.00456475
0.00625885
0.00770129
0.00936907
0.00988294
0.0119951
0.0135929
0.0161306
0.0184827
0.0210096
0.0244607
0.0274106
-4.83807e-05
-0.00276674
-0.000397006
0.00349869
-0.00124283
0.00222343
0.000674387
0.0040124
0.00456513
0.0062647
0.00767993
0.0093616
0.00989317
0.0119509
0.0136133
0.0160566
0.0184607
0.0208787
0.024255
0.0270438
-5.52552e-05
-0.00272412
-0.000369503
0.0034599
-0.0011913
0.00220918
0.000753845
0.00398354
0.0045668
0.00626784
0.00765977
0.00934786
0.00990516
0.0119012
0.0136314
0.0159807
0.0184257
0.0207435
0.0240261
0.026672
-6.2102e-05
-0.00267845
-0.000340511
0.00341922
-0.00113904
0.00219328
0.000835985
0.00395573
0.00456964
0.00626798
0.00764127
0.00932776
0.00991849
0.0118472
0.0136454
0.0159041
0.0183758
0.0206034
0.0237759
0.0262926
-6.89374e-05
-0.00263031
-0.000310213
0.00337665
-0.00108572
0.00217564
0.00092048
0.00392861
0.00457348
0.0062649
0.00762489
0.00930143
0.00993254
0.0117901
0.0136537
0.0158277
0.0183098
0.0204569
0.0235062
0.0259041
-7.57875e-05
-0.0025802
-0.000278725
0.00333225
-0.00103107
0.00215622
0.00100707
0.00390184
0.00457816
0.00625846
0.00761096
0.00926926
0.00994633
0.0117311
0.0136545
0.0157519
0.0182275
0.0203022
0.0232187
0.0255057
-8.26706e-05
-0.00252852
-0.000246134
0.00328609
-0.000974839
0.00213501
0.00109554
0.00387512
0.00458351
0.00624859
0.00759965
0.00923195
0.00995847
0.0116718
0.0136464
0.0156764
0.0181293
0.0201376
0.0229146
0.0250969
-8.95893e-05
-0.00247562
-0.000212515
0.00323827
-0.00091681
0.00211201
0.0011857
0.00384818
0.00458946
0.00623527
0.00759087
0.00919049
0.00996732
0.0116134
0.0136283
0.0156004
0.0180161
0.0199617
0.022595
0.0246776
-9.65296e-05
-0.00242178
-0.000177932
0.00318893
-0.000856799
0.00208722
0.00127733
0.00382078
0.00459596
0.0062186
0.0075841
0.00914616
0.00997127
0.0115565
0.0135999
0.0155223
0.0178883
0.0197739
0.0222614
0.0242478
-0.000103464
-0.00236721
-0.000142436
0.00313817
-0.000794664
0.00206068
0.00137024
0.00379277
0.00460289
0.00619875
0.00757852
0.00909938
0.00996901
0.0115012
0.0135613
0.0154408
0.0177466
0.019573
0.0219154
0.0238083
-0.000110354
-0.00231202
-0.000106047
0.0030861
-0.000730317
0.0020324
0.00146418
0.00376415
0.00460997
0.00617604
0.00757302
0.00905508
0.00995948
0.0114476
0.0135129
0.0153541
0.0175915
0.0193585
0.0215579
0.0233601
-0.000117156
-0.00225626
-6.87547e-05
0.00303281
-0.000663715
0.00200243
0.00155892
0.00373514
0.00461679
0.00615111
0.00756623
0.00901273
0.00994211
0.0113945
0.0134555
0.0152606
0.0174231
0.0191301
0.0211902
0.0229043
-0.000123819
-0.00219993
-3.05245e-05
0.00297836
-0.000594856
0.00197084
0.00165417
0.00370604
0.00462279
0.00612503
0.00755672
0.00897298
0.00991677
0.0113406
0.01339
0.0151588
0.0172418
0.0188877
0.0208134
0.0224423
-0.00013029
-0.00214297
8.68872e-06
0.00292283
-0.000523754
0.00193777
0.00174964
0.00367735
0.00462727
0.00609894
0.00754327
0.00893611
0.00988354
0.0112846
0.0133175
0.0150464
0.017048
0.0186333
0.020428
0.0219745
-0.000136512
-0.00208533
4.89398e-05
0.00286627
-0.000450425
0.00190346
0.00184492
0.00364975
0.00462928
0.00607395
0.007525
0.0089021
0.00984283
0.0112244
0.0132405
0.0149221
0.016838
0.01837
0.0200379
0.0215008
-0.000142419
-0.002027
9.02847e-05
0.00280878
-0.000374932
0.0018683
0.0019395
0.00362422
0.00462773
0.00605079
0.00750145
0.00887075
0.00979622
0.0111559
0.0131589
0.0147911
0.0166071
0.0180931
0.01965
0.0210244
-0.000147949
-0.00196798
0.000132743
0.00275049
-0.000297371
0.0018327
0.00203269
0.00360182
0.00462178
0.00602984
0.0074724
0.00884115
0.00974596
0.0110788
0.013067
0.0146572
0.0163627
0.0177945
0.0192622
0.0205506
-0.000153025
-0.00190828
0.00017634
0.00269153
-0.000217762
0.00179715
0.00212373
0.00358335
0.00461072
0.00601159
0.00743815
0.00881051
0.00969374
0.0109929
0.0129651
0.0145116
0.0161117
0.0174826
0.0188691
0.0200781
-0.000157561
-0.001848
0.00022115
0.00263199
-0.000136307
0.0017625
0.00221166
0.00356948
0.00459396
0.00599621
0.00739943
0.00877627
0.00964035
0.0108959
0.0128553
0.0143559
0.0158538
0.017166
0.0184472
0.019603
-0.000161486
-0.00178717
0.000267074
0.0025722
-5.34729e-05
0.00172933
0.00229577
0.00356088
0.00457091
0.00598366
0.00735641
0.00874294
0.00958413
0.010793
0.0127248
0.0141934
0.0155857
0.0168333
0.0180495
0.0191296
-0.000164652
-0.00172593
0.000314131
0.0025122
3.06845e-05
0.00169848
0.00237478
0.00355843
0.00454131
0.00597315
0.00731039
0.0087185
0.00952856
0.0106811
0.0125823
0.0140148
0.0153023
0.0164926
0.017685
0.0186594
-0.000167008
-0.00166428
0.000362326
0.00245222
0.00011552
0.00167098
0.00244768
0.00356266
0.00450516
0.00596303
0.00726465
0.00868316
0.00947591
0.0105591
0.0124301
0.0138329
0.0150042
0.0161407
0.0172108
0.0181886
-0.000168513
-0.00160232
0.000411288
0.00239287
0.000200079
0.00164691
0.00251487
0.00357263
0.00446355
0.00595108
0.00722189
0.00858405
0.00942265
0.0104381
0.0122445
0.0136455
0.014702
0.0157463
0.0169024
0.0177511
-0.00016879
-0.00154038
0.000461197
0.00233394
0.000284959
0.00162733
0.00257529
0.00358756
0.0044177
0.00593642
0.00718254
0.00843534
0.00936942
0.01031
0.0120548
0.0134357
0.0144292
0.0153218
0.0163148
0.0173302
-0.000167997
-0.00147822
0.000511766
0.00227618
0.000367892
0.00161337
0.00262781
0.00360914
0.00436587
0.00591929
0.00714616
0.00839633
0.00930381
0.0101821
0.0118479
0.0131873
0.0141149
0.0149642
0.0158692
0.0168603
-0.000166075
-0.0014161
0.000562392
0.00222072
0.000447336
0.0016047
0.00267269
0.00363739
0.00431089
0.00589518
0.00711583
0.00830986
0.0092203
0.0100548
0.0116055
0.0129395
0.0137674
0.0146418
0.015648
0.0164006
-0.000162324
-0.00135451
0.000613333
0.00216685
0.000526666
0.00160099
0.00271186
0.00366525
0.00426007
0.00586015
0.00709219
0.00818157
0.00912678
0.00992551
0.0113781
0.0126608
0.0135018
0.0141482
0.0150114
0.0160135
-0.000157236
-0.00129268
0.000663814
0.00211602
0.000601609
0.00160367
0.00274322
0.00369726
0.0042071
0.00581786
0.00706868
0.00807618
0.00900875
0.00978005
0.0111348
0.0123728
0.013198
0.0137785
0.0145151
0.0155673
-0.000150758
-0.00123096
0.000713141
0.0020695
0.000670555
0.00161272
0.00276665
0.00373404
0.00415614
0.00576461
0.00704366
0.00798929
0.00887793
0.00960287
0.010868
0.0120869
0.0128165
0.0135703
0.0144233
0.0150788
-0.000141906
-0.0011699
0.00076162
0.00202593
0.000740068
0.00162503
0.00278841
0.00376192
0.00411862
0.00569304
0.00702011
0.00785396
0.00873601
0.00948116
0.0106208
0.0117742
0.0124941
0.0129947
0.0137191
0.0147048
-0.000131528
-0.00110826
0.000808026
0.0019874
0.000803747
0.00164309
0.00280385
0.00379132
0.00408007
0.00561676
0.00699022
0.00777666
0.00857691
0.00929127
0.0103655
0.0114491
0.0121627
0.0125448
0.0132562
0.0142681
-0.000119589
-0.00104628
0.000851557
0.0019549
0.000859667
0.00166734
0.00281306
0.00382142
0.004045
0.00553681
0.00694542
0.00753111
0.00836233
0.00909494
0.0100933
0.0111178
0.0117848
0.012448
0.0131229
0.013761
-0.000104822
-0.000984763
0.00089313
0.00192576
0.000918935
0.00169108
0.00282583
0.00383748
0.00402211
0.00543856
0.00689772
0.00748971
0.0081944
0.00888669
0.00983961
0.010807
0.0114102
0.0117909
0.012375
0.0134054
-8.87277e-05
-0.000921904
0.000930682
0.00190341
0.000971712
0.00171925
0.00283309
0.00385488
0.00399672
0.00533609
0.00683564
0.00737807
0.00799719
0.00866755
0.00956644
0.0104666
0.0110095
0.0113648
0.0119508
0.0130188
-7.08291e-05
-0.00085813
0.000963734
0.00188749
0.00101815
0.00175112
0.00283446
0.00387612
0.00397104
0.00522968
0.00675483
0.00724439
0.0077627
0.00843492
0.00925946
0.0100742
0.0105856
0.0111411
0.0118596
0.0125531
-4.98219e-05
-0.000794393
0.00099416
0.00187372
0.0010729
0.00177556
0.00284313
0.00388315
0.00395433
0.00511199
0.00667219
0.00722479
0.00758677
0.00818062
0.00897305
0.00975161
0.0101659
0.0105004
0.0110384
0.0121846
-2.79082e-05
-0.000728433
0.00101916
0.00186593
0.00112569
0.00179879
0.00284937
0.00388351
0.00394173
0.00498586
0.00657109
0.00711858
0.0073879
0.00789867
0.00864476
0.00927417
0.0096563
0.00994099
0.0106355
0.0119261
-3.66133e-06
-0.00066124
0.00103991
0.00186239
0.00117674
0.00182334
0.00284737
0.00388392
0.0039287
0.00485435
0.00644631
0.00702761
0.00718358
0.00761736
0.00828136
0.00889088
0.00920337
0.00951053
0.0102277
0.0115619
2.29667e-05
-0.000592758
0.00105674
0.00185998
0.00123301
0.00184622
0.00283907
0.00387745
0.00391792
0.00472195
0.00630038
0.00692603
0.00700062
0.00732945
0.00791508
0.00851412
0.00881158
0.00908411
0.00977305
0.0111625
5.09198e-05
-0.000522412
0.00106966
0.0018588
0.0012914
0.00186933
0.00282473
0.0038612
0.00391154
0.00459023
0.00613088
0.00681455
0.0068233
0.00700442
0.00754174
0.00813678
0.00842658
0.00865489
0.00933132
0.0107756
8.1289e-05
-0.00045072
0.0010806
0.00185594
0.00135146
0.00189514
0.00280357
0.0038348
0.00390776
0.00446067
0.00594319
0.00668973
0.00664938
0.00672294
0.00716421
0.00774432
0.00804784
0.00825531
0.00891083
0.0103986
0.000113545
-0.000377481
0.0010893
0.00185026
0.00141344
0.00192293
0.00277698
0.00379824
0.0039037
0.00433719
0.00573942
0.00654477
0.00647829
0.00645231
0.00678689
0.00733819
0.007669
0.00787963
0.00853113
0.0100324
0.000147934
-0.000303378
0.00109783
0.00184196
0.00147227
0.00195388
0.00274939
0.00375023
0.00389529
0.00422178
0.00552143
0.00637828
0.00630956
0.00619171
0.00641536
0.00691897
0.00728541
0.00752879
0.00817146
0.00967866
0.000184392
-0.000227944
0.0011061
0.00182901
0.00152864
0.00198923
0.00271952
0.00368984
0.00388183
0.0041168
0.00529221
0.00618894
0.00614005
0.00594011
0.00605286
0.0064914
0.0068903
0.00718577
0.00784842
0.00934474
0.000223078
-0.000151713
0.00111455
0.00181238
0.00158028
0.002027
0.00269006
0.00362015
0.00385947
0.0040202
0.0050564
0.00597669
0.00596552
0.00569714
0.00570207
0.00606259
0.0064885
0.00684966
0.00753778
0.00902773
0.000264096
-7.4728e-05
0.00112362
0.00179282
0.00162439
0.00206553
0.00266309
0.00354195
0.00382526
0.00393252
0.00482132
0.00574194
0.00577996
0.00545938
0.00536643
0.00564109
0.00607794
0.00650456
0.00724155
0.00872766
0.00030721
3.36915e-06
0.00113314
0.00177193
0.00166125
0.00210016
0.00263732
0.00345696
0.0037788
0.00385316
0.00459096
0.00548401
0.00558118
0.00522762
0.00504789
0.00523299
0.00566147
0.00614803
0.0069393
0.00844151
0.00035186
8.28261e-05
0.00114209
0.00175051
0.00168787
0.00213021
0.00261905
0.00336593
0.0037173
0.00377701
0.00436845
0.00520711
0.00536636
0.00499889
0.0047432
0.00483814
0.00524022
0.00577463
0.00663584
0.00816794
0.000398969
0.000162329
0.00115392
0.00172693
0.00169615
0.00215609
0.00260842
0.00327291
0.0036436
0.00370261
0.00415767
0.00491558
0.00513144
0.00477035
0.00445002
0.0044561
0.00482171
0.00539845
0.00632183
0.00789524
0.000449068
0.000241303
0.00120128
0.00170039
0.00171284
0.00217291
0.0025705
0.00317922
0.00356557
0.00363039
0.00396149
0.00461542
0.00487565
0.00453902
0.00416704
0.0040933
0.00441362
0.00501833
0.00599701
0.0076132
0.000500358
0.000320655
0.00121888
0.00167695
0.00171202
0.00217278
0.0025374
0.00308971
0.00348012
0.00355434
0.00377993
0.00431327
0.00459837
0.0043001
0.00389247
0.00374807
0.00401361
0.00463081
0.00565469
0.00732419
0.000553608
0.000399432
0.0012382
0.00165632
0.00169472
0.00216368
0.00251198
0.00300049
0.00338124
0.00346643
0.00360916
0.00401473
0.00430128
0.00405313
0.00362437
0.00341584
0.00362201
0.0042392
0.00530748
0.00703484
0.000609065
0.000476717
0.00125821
0.00163418
0.00167264
0.00214801
0.00248597
0.00290992
0.0032699
0.00336611
0.00344814
0.00372772
0.00398989
0.00379483
0.00335989
0.00309672
0.00324378
0.00385154
0.00495881
0.00674229
0.000666117
0.000552153
0.0012777
0.00161418
0.00164635
0.00212368
0.00245611
0.00281948
0.00315021
0.00325322
0.00329261
0.0034554
0.00366851
0.00351977
0.00309609
0.00279073
0.00287992
0.00346901
0.00460845
0.00644568
0.00072472
0.000625399
0.00129633
0.00159629
0.00161655
0.00209012
0.00242155
0.00273028
0.00302364
0.00312571
0.0031359
0.00319717
0.00334247
0.00322807
0.00283198
0.00249844
0.00253188
0.00309394
0.00425669
0.00614728
0.000784555
0.000696216
0.00131383
0.0015806
0.00158434
0.00204735
0.00238062
0.00264118
0.00289194
0.00298509
0.00297443
0.00295226
0.00302054
0.0029242
0.00256421
0.00221628
0.00219929
0.00272802
0.0039047
0.00584669
0.000845452
0.000764744
0.00132952
0.00156674
0.00155111
0.00199589
0.00233326
0.00255196
0.00275775
0.00283363
0.00280494
0.00271779
0.00270711
0.00260992
0.00228628
0.00194004
0.00188354
0.00237577
0.00355627
0.00554431
0.000907067
0.000830756
0.00134317
0.00155447
0.00151772
0.00193621
0.00227589
0.00246116
0.00262193
0.00267323
0.00262655
0.0024895
0.00240325
0.00229015
0.00199852
0.0016679
0.00158477
0.00204026
0.00321472
0.00524047
0.000969127
0.000894364
0.00135468
0.00154309
0.00148453
0.00186928
0.00220832
0.00236786
0.00248572
0.00250657
0.00243933
0.00226381
0.00210979
0.00197069
0.00170216
0.00139481
0.00129874
0.00172203
0.00288381
0.00493761
0.00103132
0.000955573
0.00136385
0.0015319
0.00145209
0.00179652
0.00213016
0.00227074
0.00234887
0.00233542
0.00224453
0.00203867
0.00182535
0.00165373
0.00139852
0.00111805
0.00102268
0.0014216
0.00256786
0.00463963
0.00109326
0.00101437
0.00137072
0.00152025
0.00142049
0.00171898
0.00204161
0.0021677
0.00221065
0.00216203
0.00204342
0.00181236
0.00154807
0.00134109
0.00109193
0.000837721
0.000752927
0.00113702
0.0022688
0.00434888
0.00115458
0.0010709
0.00137528
0.00150721
0.00138969
0.00163804
0.00194318
0.00205727
0.00207056
0.00198748
0.00183703
0.00158437
0.00127734
0.00103421
0.000784934
0.000552392
0.000485345
0.000865416
0.00198572
0.00406677
0.00121494
0.00112514
0.00137763
0.00149205
0.00135922
0.00155517
0.00183567
0.00193823
0.00192747
0.00181239
0.00162745
0.00135473
0.00101229
0.000732758
0.00047773
0.000262699
0.00021876
0.000603167
0.00171593
0.00379435
0.001274
0.00117708
0.00137779
0.00147433
0.00132868
0.00147113
0.00172022
0.00181039
0.00178
0.00163678
0.00141637
0.00112301
0.00075183
0.000436461
0.000171889
-2.88346e-05
-4.88418e-05
0.000345716
0.00145669
0.00353115
0.00133133
0.00122669
0.00137608
0.00145319
0.00129731
0.00138696
0.00159845
0.00167369
0.00162669
0.00146
0.00120526
0.000889503
0.00049515
0.000146238
-0.000130823
-0.000322115
-0.000320004
9.02374e-05
0.00120441
0.0032745
0.00138657
0.00127387
0.00137262
0.00142845
0.00126438
0.00130302
0.00147216
0.0015287
0.00146658
0.00128139
0.000994851
0.000654738
0.000241346
-0.000137459
-0.000430122
-0.000617063
-0.000594917
-0.000166101
0.00095426
0.00302193
0.0014395
0.00131861
0.00136767
0.00139972
0.00122918
0.00121955
0.00134284
0.00137652
0.00129931
0.0010994
0.000784819
0.000419639
-1.0299e-05
-0.000415229
-0.000725733
-0.000912144
-0.000873574
-0.000426135
0.000703791
0.00277218
0.00148977
0.00136065
0.00136159
0.00136716
0.00119057
0.00113646
0.00121215
0.001218
0.0011243
0.000913049
0.000574634
0.000185159
-0.000260148
-0.000687959
-0.00101715
-0.00120653
-0.00115617
-0.000690694
0.00045148
0.00252303
0.00153705
0.00139991
0.00135446
0.00133069
0.00114825
0.00105337
0.0010809
0.00105496
0.000941959
0.000721886
0.000363591
-4.90894e-05
-0.000508441
-0.000955956
-0.00130411
-0.00150029
-0.00144264
-0.000960765
0.000194968
0.00227279
0.00158105
0.0014361
0.0013466
0.0012906
0.00110142
0.00097036
0.000949738
0.000889175
0.000752944
0.000525292
0.000151031
-0.000283868
-0.000755766
-0.00121933
-0.00158627
-0.00179269
-0.00173241
-0.00123752
-6.75918e-05
0.00202
0.00162156
0.00146898
0.00133801
0.00124738
0.00104985
0.000886162
0.000819157
0.000722413
0.000557705
0.000322711
-6.29175e-05
-0.000519942
-0.00100378
-0.00147982
-0.0018633
-0.0020816
-0.00202332
-0.00151996
-0.000336974
0.0017624
0.00165836
0.0014983
0.00132887
0.00120137
0.000993293
0.000800917
0.000688918
0.000556481
0.000358459
0.000113259
-0.0002785
-0.0007572
-0.00125408
-0.00173998
-0.00213657
-0.00236674
-0.00231383
-0.00180636
-0.000612817
0.0014991
0.00169138
0.00152387
0.00131896
0.00115343
0.000931931
0.000713931
0.000558533
0.00039235
0.00015747
-0.000103772
-0.000496304
-0.000994041
-0.00150606
-0.00200129
-0.00240857
-0.00264979
-0.00260396
-0.00209586
-0.000894627
0.00122952
0.00172046
0.00154549
0.00130822
0.00110394
0.000866417
0.000625422
0.000427785
0.000229885
-4.27491e-05
-0.000328757
-0.000718649
-0.0012302
-0.00175908
-0.00226472
-0.00268137
-0.00293176
-0.00289344
-0.00238721
-0.00118114
0.000953948
0.00174541
0.00156299
0.00129656
0.00105418
0.000794919
0.000535055
0.000296447
6.79438e-05
-0.000238817
-0.000558731
-0.000947891
-0.00146608
-0.00201218
-0.00253049
-0.00295731
-0.0032156
-0.00318463
-0.00268187
-0.00147346
0.000670884
0.00176603
0.00157664
0.00128357
0.00100401
0.000724755
0.000444152
0.000164905
-9.57848e-05
-0.000430047
-0.000789212
-0.0011845
-0.00170291
-0.0022635
-0.00279595
-0.00323529
-0.00350267
-0.00347948
-0.00298145
-0.00177319
0.000377467
0.00178214
0.00158621
0.00127038
0.000954823
0.000645719
0.000351127
3.44531e-05
-0.000263207
-0.000619722
-0.00101712
-0.00142756
-0.00194275
-0.00251379
-0.00306048
-0.00351396
-0.00379169
-0.00377714
-0.00328442
-0.00207826
7.46271e-05
0.00179388
0.00159092
0.00125446
0.000910851
0.000577043
0.000258715
-9.2757e-05
-0.000431976
-0.000809897
-0.00124151
-0.00167531
-0.002188
-0.00276581
-0.00332592
-0.00379581
-0.00408628
-0.00408027
-0.00359268
-0.00238752
-0.000231618
0.00180086
0.00159309
0.00123645
0.000858321
0.000501233
0.000164622
-0.000218027
-0.000602116
-0.00100291
-0.00146078
-0.00192296
-0.00243691
-0.00301777
-0.00358887
-0.00407588
-0.00438319
-0.0043908
-0.00391264
-0.00271327
-0.00055995
0.00180067
0.00159541
0.00122977
0.000833992
0.000425569
5.63043e-05
-0.000353023
-0.000781574
-0.0012067
-0.00168048
-0.0021699
-0.00268949
-0.0032706
-0.00384982
-0.0043529
-0.0046794
-0.00470353
-0.00423982
-0.00305277
-0.000910324
0.00179803
0.00156033
0.00118444
0.00079764
0.000419239
5.08767e-06
-0.000455298
-0.000938603
-0.00140097
-0.00188675
-0.00239835
-0.00293187
-0.00351812
-0.00410774
-0.00462855
-0.00497654
-0.00502025
-0.00457284
-0.00339714
-0.00126107
0.00178749
0.00161708
0.00121296
0.000737722
0.000243401
-0.000173748
-0.000645163
-0.00115012
-0.00162373
-0.00210044
-0.00261779
-0.00316634
-0.00376547
-0.00437248
-0.00491674
-0.00528831
-0.00535038
-0.00491665
-0.00375115
-0.00162293
0.00172349
0.0014885
0.00119689
0.00084817
0.000436706
-9.75744e-05
-0.000754399
-0.0013675
-0.00187017
-0.00233051
-0.00284107
-0.00340216
-0.00401837
-0.00465094
-0.00522929
-0.00564186
-0.00573681
-0.00533381
-0.00419723
-0.00209384
0.00179534
0.00160726
0.00117429
0.000632271
7.27775e-05
-0.000414915
-0.000929764
-0.00144341
-0.00193098
-0.0024087
-0.00293322
-0.00350749
-0.00412823
-0.00476431
-0.00536322
-0.00583342
-0.0060357
-0.00575547
-0.00473995
-0.00275569
0.00174976
0.00156719
0.00110324
0.000695457
0.000201647
-0.000449811
-0.00109162
-0.00163486
-0.0021778
-0.00268658
-0.00325153
-0.00384235
-0.00445231
-0.00501392
-0.00548054
-0.00577981
-0.00582781
-0.00545497
-0.00442173
-0.00246679
0.00188014
0.00155528
0.00105583
0.000508457
-5.14281e-05
-0.000570204
-0.00105835
-0.00151723
-0.00201916
-0.00255095
-0.00315869
-0.00382921
-0.0045735
-0.00539962
-0.00625475
-0.00701346
-0.00749369
-0.00746179
-0.00665718
-0.00484301
0.00208406
0.00143413
0.000883947
0.000309582
-0.000205053
-0.000830284
-0.00145544
-0.00193528
-0.00242136
-0.00301791
-0.00362783
-0.00417462
-0.00447649
-0.00444693
-0.00404612
-0.00334849
-0.00253001
-0.001895
-0.00181217
-0.00262051
0.00205003
0.00147394
0.000886394
0.000393835
-5.09519e-05
-0.000497658
-0.000918604
-0.00139173
-0.00196347
-0.00265812
-0.00347883
-0.00442247
-0.00548316
-0.00660347
-0.00770706
-0.00869049
-0.00940347
-0.00963628
-0.00911973
-0.00760461
0.00221331
0.00141524
0.000788651
0.000258754
-0.000168276
-0.000737245
-0.0013876
-0.00214928
-0.00284674
-0.00333345
-0.00383295
-0.00445108
-0.00501337
-0.00535503
-0.00535975
-0.00503851
-0.00451136
-0.00405318
-0.00403757
-0.00482284
0.00219018
0.00138649
0.000782371
0.000356171
7.23343e-05
-0.000241211
-0.000576284
-0.00104424
-0.00167638
-0.00256764
-0.00376033
-0.00527844
-0.00703168
-0.00885497
-0.0105419
-0.0119161
-0.0128018
-0.0130129
-0.0123328
-0.0105737
0.0407883
0.0161422
0.00609371
0.00420121
0.00364299
0.00305902
0.00255725
0.0022433
0.00201251
0.00165525
0.00116618
0.000795816
0.000615467
0.000425231
0.000137427
-0.000155732
-0.000411577
-0.000808803
-0.00128677
-0.00153717
-0.00167492
-0.0018944
-0.00208125
-0.00225898
-0.00249906
-0.00273821
-0.00294866
-0.00319701
-0.00347813
-0.003721
-0.00396999
-0.00421983
-0.00454515
-0.00487553
-0.00522374
-0.00549435
-0.0057621
-0.00610034
-0.00647728
-0.00689169
-0.00725751
-0.00769663
-0.00813574
-0.00865172
-0.00921348
-0.00972394
-0.0103687
-0.0109469
-0.0118182
-0.0128316
0.039854
0.0161893
0.00613917
0.00421953
0.00365183
0.00306432
0.00256102
0.00224628
0.00201505
0.0016575
0.00116812
0.000797449
0.000616897
0.00042654
0.000138614
-0.000154689
-0.000410644
-0.000807956
-0.00128605
-0.00153656
-0.00167437
-0.00189391
-0.00208081
-0.00225858
-0.00249869
-0.00273788
-0.00294835
-0.00319672
-0.00347786
-0.00372075
-0.00396975
-0.00421961
-0.00454493
-0.00487532
-0.00522354
-0.00549417
-0.00576193
-0.00610017
-0.00647713
-0.00689156
-0.00725739
-0.00769651
-0.00813564
-0.00865162
-0.00921339
-0.00972386
-0.0103686
-0.0109468
-0.0118182
-0.0128317
0.0390569
0.0162816
0.00620774
0.0042427
0.00366264
0.00307029
0.00256483
0.00224912
0.0020174
0.00165954
0.00116983
0.000798885
0.000618175
0.000427717
0.000139669
-0.000153758
-0.000409791
-0.000807191
-0.00128544
-0.00153603
-0.00167387
-0.00189347
-0.00208043
-0.00225823
-0.00249837
-0.00273759
-0.00294808
-0.00319646
-0.00347762
-0.00372053
-0.00396954
-0.0042194
-0.00454474
-0.00487514
-0.00522337
-0.00549401
-0.00576177
-0.00610002
-0.00647699
-0.00689143
-0.00725727
-0.00769641
-0.00813554
-0.00865154
-0.00921331
-0.00972378
-0.0103686
-0.0109468
-0.0118182
-0.0128317
0.0383394
0.0163964
0.00630452
0.00427785
0.00367954
0.00307921
0.00256985
0.00225247
0.00201997
0.00166166
0.00117161
0.000800377
0.000619484
0.000428898
0.000140725
-0.00015281
-0.0004089
-0.000806402
-0.00128484
-0.00153551
-0.00167335
-0.00189302
-0.00208004
-0.00225786
-0.00249804
-0.0027373
-0.0029478
-0.0031962
-0.00347739
-0.00372032
-0.00396934
-0.0042192
-0.00454455
-0.00487496
-0.00522321
-0.00549386
-0.00576161
-0.00609988
-0.00647686
-0.00689131
-0.00725716
-0.00769631
-0.00813545
-0.00865145
-0.00921323
-0.00972371
-0.0103685
-0.0109467
-0.0118181
-0.0128317
0.037628
0.0165172
0.00642403
0.00432593
0.00370478
0.00309299
0.00257726
0.00225696
0.00202309
0.00166412
0.0011737
0.000802142
0.000620955
0.000430156
0.00014185
-0.000151761
-0.000407887
-0.000805507
-0.00128417
-0.00153491
-0.00167276
-0.00189252
-0.00207961
-0.00225746
-0.00249769
-0.00273699
-0.00294751
-0.00319592
-0.00347715
-0.00372009
-0.00396912
-0.004219
-0.00454435
-0.00487477
-0.00522303
-0.0054937
-0.00576145
-0.00609972
-0.00647671
-0.00689119
-0.00725704
-0.0076962
-0.00813535
-0.00865136
-0.00921315
-0.00972363
-0.0103684
-0.0109467
-0.0118181
-0.0128318
0.0369048
0.0166383
0.00655641
0.00438247
0.00373721
0.003112
0.00258759
0.00226289
0.00202687
0.00166702
0.00117627
0.000804342
0.000622658
0.000431491
0.000143037
-0.000150594
-0.000406713
-0.000804454
-0.00128337
-0.00153419
-0.00167207
-0.00189196
-0.00207912
-0.00225701
-0.0024973
-0.00273666
-0.0029472
-0.00319563
-0.00347688
-0.00371985
-0.00396889
-0.00421878
-0.00454415
-0.00487458
-0.00522286
-0.00549353
-0.00576128
-0.00609956
-0.00647656
-0.00689105
-0.00725691
-0.00769608
-0.00813524
-0.00865126
-0.00921306
-0.00972355
-0.0103684
-0.0109466
-0.011818
-0.0128319
0.036172
0.0167571
0.00669536
0.00444293
0.00377408
0.0031352
0.00260066
0.00227023
0.00203132
0.00167041
0.00117947
0.000807126
0.000624672
0.000432909
0.000144263
-0.000149323
-0.000405365
-0.000803194
-0.00128237
-0.00153329
-0.00167124
-0.00189129
-0.00207855
-0.00225649
-0.00249686
-0.00273629
-0.00294685
-0.00319531
-0.00347661
-0.00371959
-0.00396865
-0.00421855
-0.00454394
-0.00487439
-0.00522268
-0.00549336
-0.0057611
-0.00609939
-0.00647641
-0.00689091
-0.00725678
-0.00769595
-0.00813512
-0.00865115
-0.00921297
-0.00972346
-0.0103683
-0.0109465
-0.0118179
-0.012832
0.0354335
0.0168712
0.00683853
0.00450509
0.00381312
0.00316116
0.00261585
0.00227875
0.00203628
0.00167422
0.00118331
0.000810593
0.000627075
0.000434441
0.000145517
-0.000147986
-0.000403872
-0.000801703
-0.00128109
-0.00153212
-0.00167022
-0.0018905
-0.00207789
-0.00225589
-0.00249636
-0.00273587
-0.00294646
-0.00319496
-0.0034763
-0.0037193
-0.00396839
-0.00421831
-0.00454373
-0.0048742
-0.0052225
-0.00549319
-0.00576091
-0.00609921
-0.00647624
-0.00689076
-0.00725663
-0.00769581
-0.00813499
-0.00865103
-0.00921287
-0.00972335
-0.0103682
-0.0109464
-0.0118178
-0.0128322
0.0346918
0.0169794
0.00698565
0.00456839
0.00385314
0.00318883
0.00263255
0.00228815
0.0020416
0.0016783
0.00118772
0.000814743
0.000629916
0.000436133
0.000146813
-0.000146629
-0.00040231
-0.000800013
-0.00127949
-0.0015306
-0.00166895
-0.00188957
-0.00207712
-0.0022552
-0.00249578
-0.00273539
-0.00294603
-0.00319457
-0.00347596
-0.00371899
-0.0039681
-0.00421805
-0.00454351
-0.00487401
-0.00522232
-0.00549301
-0.00576072
-0.00609903
-0.00647607
-0.00689059
-0.00725646
-0.00769566
-0.00813485
-0.0086509
-0.00921276
-0.00972324
-0.0103681
-0.0109462
-0.0118176
-0.0128323
0.033948
0.0170806
0.00713704
0.00463293
0.00389364
0.00321757
0.0026503
0.0022982
0.00204717
0.00168255
0.00119252
0.00081948
0.000633184
0.000438015
0.000148178
-0.000145275
-0.000400774
-0.000798223
-0.00127757
-0.00152867
-0.00166736
-0.00188845
-0.00207625
-0.00225444
-0.00249513
-0.00273484
-0.00294552
-0.00319412
-0.00347558
-0.00371864
-0.00396777
-0.00421775
-0.00454326
-0.00487381
-0.00522213
-0.00549283
-0.00576052
-0.00609884
-0.00647589
-0.00689042
-0.00725629
-0.00769548
-0.00813468
-0.00865075
-0.00921263
-0.00972311
-0.0103679
-0.010946
-0.0118174
-0.0128325
0.0332035
0.0171742
0.00729285
0.00469883
0.00393434
0.00324702
0.00266884
0.00230879
0.00205298
0.00168691
0.00119757
0.000824662
0.000636823
0.000440087
0.000149634
-0.000143923
-0.000399338
-0.000796464
-0.00127545
-0.00152633
-0.00166541
-0.00188711
-0.00207527
-0.00225362
-0.00249441
-0.00273421
-0.00294495
-0.0031936
-0.00347513
-0.00371826
-0.00396742
-0.00421741
-0.00454298
-0.00487358
-0.00522194
-0.00549265
-0.00576031
-0.00609865
-0.00647571
-0.00689024
-0.0072561
-0.00769529
-0.0081345
-0.00865058
-0.00921249
-0.00972295
-0.0103678
-0.0109458
-0.0118171
-0.0128326
0.0324595
0.0172594
0.00745298
0.00476616
0.00397497
0.00327693
0.002688
0.00231985
0.00205902
0.00169138
0.00120277
0.000830153
0.000640762
0.000442323
0.000151178
-0.00014256
-0.00039804
-0.000794851
-0.00127325
-0.00152363
-0.00166308
-0.00188551
-0.00207418
-0.00225278
-0.00249365
-0.00273351
-0.00294431
-0.00319299
-0.0034746
-0.00371783
-0.00396705
-0.00421702
-0.00454263
-0.00487332
-0.00522174
-0.00549247
-0.00576011
-0.00609846
-0.00647553
-0.00689007
-0.0072559
-0.00769508
-0.00813428
-0.00865037
-0.00921231
-0.00972277
-0.0103676
-0.0109455
-0.0118167
-0.0128328
0.0317178
0.0173354
0.00761725
0.00483507
0.00401531
0.00330705
0.00270765
0.00233134
0.00206534
0.00169598
0.00120807
0.000835855
0.000644943
0.000444696
0.000152792
-0.000141186
-0.00039689
-0.000793454
-0.00127111
-0.00152068
-0.00166038
-0.00188365
-0.00207296
-0.00225194
-0.0024929
-0.00273277
-0.00294362
-0.00319232
-0.00347396
-0.00371734
-0.00396666
-0.00421661
-0.0045422
-0.00487297
-0.00522151
-0.00549229
-0.00575991
-0.00609826
-0.00647534
-0.00688989
-0.00725571
-0.00769486
-0.00813405
-0.00865013
-0.00921211
-0.00972256
-0.0103674
-0.0109452
-0.0118161
-0.0128329
0.0309799
0.0174011
0.00778552
0.0049058
0.00405517
0.00333713
0.00272767
0.00234321
0.00207194
0.00170072
0.00121347
0.00084171
0.000649333
0.000447186
0.000154454
-0.000139818
-0.000395888
-0.000792304
-0.00126912
-0.0015176
-0.00165739
-0.00188152
-0.00207161
-0.0022511
-0.00249217
-0.00273201
-0.00294288
-0.00319159
-0.00347322
-0.00371675
-0.00396627
-0.00421618
-0.00454169
-0.00487252
-0.00522123
-0.00549212
-0.00575971
-0.00609805
-0.00647515
-0.00688971
-0.00725552
-0.00769464
-0.00813379
-0.00864986
-0.00921186
-0.00972229
-0.0103671
-0.0109448
-0.0118155
-0.012833
0.0302474
0.0174559
0.00795772
0.00497874
0.00409444
0.00336695
0.00274796
0.00235544
0.00207885
0.00170563
0.00121901
0.000847693
0.000653921
0.00044979
0.000156153
-0.000138479
-0.000395035
-0.000791412
-0.00126729
-0.0015145
-0.00165418
-0.00187919
-0.00207013
-0.00225028
-0.0024915
-0.00273123
-0.00294212
-0.00319084
-0.00347239
-0.00371605
-0.00396588
-0.00421579
-0.00454112
-0.00487193
-0.00522087
-0.00549194
-0.00575953
-0.00609785
-0.00647494
-0.00688953
-0.00725534
-0.00769444
-0.00813352
-0.00864955
-0.00921156
-0.00972197
-0.0103668
-0.0109443
-0.0118147
-0.012833
0.0295215
0.0174989
0.00813375
0.00505432
0.00413307
0.00339633
0.00276845
0.002368
0.00208607
0.00171071
0.00122471
0.0008538
0.000658707
0.000452512
0.000157887
-0.000137187
-0.000394323
-0.000790773
-0.00126558
-0.00151146
-0.00165085
-0.00187671
-0.00206852
-0.00224947
-0.00249087
-0.00273047
-0.00294133
-0.00319009
-0.00347151
-0.00371523
-0.00396546
-0.00421546
-0.00454053
-0.0048712
-0.00522038
-0.00549174
-0.00575936
-0.00609765
-0.00647471
-0.00688934
-0.00725518
-0.00769426
-0.00813327
-0.00864922
-0.00921121
-0.00972159
-0.0103664
-0.0109438
-0.0118138
-0.012833
0.0288035
0.0175294
0.00831338
0.00513301
0.0041711
0.00342514
0.00278911
0.00238088
0.00209361
0.00171598
0.00123059
0.000860035
0.000663695
0.000455366
0.000159663
-0.000135947
-0.000393729
-0.000790357
-0.00126389
-0.00150852
-0.00164746
-0.00187416
-0.00206684
-0.00224866
-0.00249028
-0.00272971
-0.0029405
-0.00318934
-0.00347059
-0.00371429
-0.003965
-0.00421521
-0.00453996
-0.00487036
-0.00521975
-0.00549151
-0.00575923
-0.00609747
-0.00647447
-0.00688912
-0.00725502
-0.00769412
-0.00813304
-0.0086489
-0.00921083
-0.00972113
-0.0103659
-0.0109431
-0.0118127
-0.0128329
0.0280944
0.0175467
0.00849628
0.00521528
0.00420855
0.00345328
0.00280991
0.00239412
0.00210144
0.00172145
0.00123665
0.000866408
0.00066889
0.000458364
0.00016149
-0.00013475
-0.000393223
-0.00079008
-0.00126206
-0.00150567
-0.00164407
-0.00187157
-0.00206511
-0.00224784
-0.00248969
-0.00272895
-0.00293964
-0.0031886
-0.00346966
-0.00371329
-0.00396449
-0.00421505
-0.00453945
-0.00486943
-0.00521898
-0.00549123
-0.00575912
-0.00609732
-0.00647422
-0.00688888
-0.00725486
-0.00769402
-0.00813285
-0.00864859
-0.00921041
-0.00972061
-0.0103654
-0.0109423
-0.0118114
-0.0128327
0.0273948
0.0175503
0.00868195
0.00530162
0.00424552
0.00348062
0.00283081
0.00240775
0.00210957
0.00172711
0.00124288
0.00087293
0.000674297
0.000461515
0.00016338
-0.000133576
-0.000392773
-0.000789804
-0.00125987
-0.00150286
-0.00164073
-0.00186898
-0.00206336
-0.00224701
-0.00248908
-0.00272818
-0.00293875
-0.00318786
-0.00346872
-0.00371227
-0.00396392
-0.00421497
-0.00453899
-0.00486849
-0.00521808
-0.0054909
-0.00575904
-0.0060972
-0.00647396
-0.0068886
-0.00725468
-0.00769396
-0.00813271
-0.00864832
-0.00920998
-0.00972003
-0.0103647
-0.0109414
-0.0118099
-0.0128324
0.0267054
0.0175395
0.00886976
0.00539251
0.0042821
0.00350705
0.00285177
0.00242179
0.002118
0.001733
0.00124928
0.000879613
0.000679926
0.000464828
0.000165346
-0.0001324
-0.00039236
-0.000789358
-0.0012571
-0.00149996
-0.00163746
-0.00186641
-0.00206165
-0.00224616
-0.00248842
-0.00272738
-0.00293785
-0.00318712
-0.00346775
-0.00371127
-0.00396332
-0.00421496
-0.00453858
-0.00486756
-0.00521708
-0.00549051
-0.005759
-0.00609714
-0.0064737
-0.00688828
-0.00725447
-0.00769391
-0.00813263
-0.00864812
-0.00920955
-0.0097194
-0.010364
-0.0109403
-0.0118082
-0.0128321
0.0260271
0.0175138
0.00905897
0.00548843
0.00431843
0.0035324
0.00287271
0.00243628
0.00212673
0.00173912
0.00125582
0.000886468
0.000685787
0.000468306
0.0001674
-0.000131192
-0.000391981
-0.000788556
-0.00125354
-0.00149686
-0.00163428
-0.00186386
-0.00205998
-0.00224529
-0.00248768
-0.00272652
-0.00293698
-0.00318638
-0.00346674
-0.00371032
-0.00396271
-0.00421502
-0.00453819
-0.00486667
-0.00521602
-0.00549008
-0.00575898
-0.00609711
-0.00647344
-0.00688795
-0.00725423
-0.00769388
-0.0081326
-0.00864797
-0.00920914
-0.00971875
-0.0103632
-0.0109392
-0.0118063
-0.0128316
0.0253605
0.0174727
0.00924867
0.00558982
0.0043547
0.00355648
0.00289348
0.0024512
0.00213581
0.0017455
0.00126252
0.000893509
0.000691881
0.000471951
0.000169549
-0.00012993
-0.000391631
-0.000787291
-0.00124909
-0.00149342
-0.0016312
-0.00186134
-0.00205836
-0.00224439
-0.00248684
-0.00272558
-0.00293615
-0.00318563
-0.00346566
-0.00370941
-0.00396211
-0.00421511
-0.00453779
-0.00486581
-0.00521493
-0.0054896
-0.00575899
-0.00609712
-0.0064732
-0.00688759
-0.00725397
-0.00769385
-0.0081326
-0.00864789
-0.00920876
-0.00971809
-0.0103623
-0.0109379
-0.0118043
-0.0128311
0.0247062
0.017416
0.00943784
0.0056971
0.0043912
0.00357911
0.00291388
0.00246654
0.00214527
0.00175215
0.00126936
0.000900745
0.0006982
0.000475762
0.000171797
-0.000128595
-0.000391297
-0.000785519
-0.00124373
-0.00148956
-0.00162823
-0.00185882
-0.00205679
-0.00224348
-0.00248587
-0.00272453
-0.00293537
-0.00318486
-0.0034645
-0.00370851
-0.00396155
-0.0042152
-0.00453736
-0.00486497
-0.0052138
-0.00548907
-0.00575901
-0.00609715
-0.00647295
-0.00688722
-0.00725369
-0.00769382
-0.00813263
-0.00864784
-0.00920839
-0.00971742
-0.0103614
-0.0109365
-0.011802
-0.0128305
0.0240648
0.0173435
0.00962534
0.00581057
0.00442824
0.00360009
0.00293371
0.00248226
0.00215516
0.00175909
0.00127635
0.000908183
0.000704732
0.000479733
0.00017414
-0.00012719
-0.000390958
-0.000783248
-0.00123757
-0.00148524
-0.00162534
-0.0018563
-0.00205525
-0.00224254
-0.00248475
-0.00272336
-0.00293464
-0.00318406
-0.00346326
-0.00370756
-0.00396102
-0.00421527
-0.00453687
-0.00486412
-0.00521264
-0.00548848
-0.00575904
-0.00609721
-0.00647271
-0.00688685
-0.00725341
-0.00769378
-0.00813267
-0.00864781
-0.00920801
-0.00971674
-0.0103604
-0.010935
-0.0117996
-0.0128298
0.0234361
0.0172552
0.00980998
0.00593045
0.00446623
0.00361922
0.00295267
0.00249833
0.00216555
0.00176633
0.00128347
0.000915822
0.000711471
0.00048386
0.000176565
-0.000125734
-0.000390585
-0.000780521
-0.00123075
-0.00148048
-0.00162252
-0.00185376
-0.00205369
-0.00224157
-0.00248348
-0.00272205
-0.00293392
-0.00318321
-0.00346195
-0.00370654
-0.00396052
-0.00421528
-0.00453633
-0.00486321
-0.00521143
-0.00548782
-0.00575906
-0.00609726
-0.00647245
-0.00688647
-0.00725312
-0.00769375
-0.00813273
-0.00864776
-0.0092076
-0.00971605
-0.0103594
-0.0109335
-0.0117971
-0.012829
0.02282
0.0171512
0.00999042
0.00605684
0.00450576
0.00363637
0.00297044
0.00251462
0.00217647
0.00177389
0.00129073
0.000923663
0.000718417
0.00048815
0.000179068
-0.000124214
-0.000390137
-0.000777432
-0.00122344
-0.00147532
-0.00161973
-0.00185117
-0.00205209
-0.00224057
-0.00248206
-0.00272063
-0.0029332
-0.0031823
-0.00346057
-0.00370543
-0.00396001
-0.00421521
-0.00453572
-0.00486223
-0.00521014
-0.00548707
-0.00575906
-0.00609731
-0.00647217
-0.00688607
-0.00725285
-0.00769373
-0.00813279
-0.00864767
-0.00920712
-0.00971532
-0.0103584
-0.0109319
-0.0117944
-0.0128282
0.0222177
0.0170313
0.010165
0.00618956
0.00454746
0.00365154
0.00298673
0.00253102
0.00218794
0.00178174
0.00129811
0.000931703
0.000725561
0.000492596
0.000181648
-0.000122601
-0.000389582
-0.000774083
-0.00121579
-0.00146982
-0.00161695
-0.00184852
-0.00205041
-0.00223953
-0.0024805
-0.00271909
-0.00293244
-0.00318132
-0.00345911
-0.0037042
-0.00395947
-0.00421504
-0.00453507
-0.00486115
-0.00520876
-0.00548622
-0.00575903
-0.00609734
-0.00647187
-0.00688567
-0.00725258
-0.00769373
-0.00813285
-0.00864752
-0.00920656
-0.00971454
-0.0103574
-0.0109303
-0.0117917
-0.0128273
0.0216311
0.0168969
0.0103322
0.00632813
0.00459207
0.00366472
0.00300115
0.00254734
0.0022
0.00178994
0.00130564
0.000939959
0.00073291
0.000497198
0.000184288
-0.000120889
-0.000388904
-0.000770544
-0.00120791
-0.00146403
-0.00161414
-0.0018458
-0.00204862
-0.00223845
-0.00247882
-0.00271746
-0.00293161
-0.00318027
-0.00345758
-0.00370286
-0.0039589
-0.00421478
-0.00453438
-0.00485998
-0.00520727
-0.00548526
-0.00575897
-0.00609735
-0.00647153
-0.00688524
-0.00725233
-0.00769375
-0.0081329
-0.00864731
-0.00920589
-0.00971369
-0.0103563
-0.0109286
-0.0117888
-0.0128263
0.0210591
0.0167496
0.0104914
0.00647209
0.0046405
0.00367626
0.00301343
0.00256335
0.00221258
0.00179844
0.00131329
0.000948418
0.000740496
0.000502003
0.000187024
-0.000119049
-0.000388094
-0.000766861
-0.00119985
-0.00145798
-0.00161127
-0.00184299
-0.00204672
-0.0022373
-0.00247705
-0.00271574
-0.00293071
-0.00317914
-0.00345598
-0.00370144
-0.00395826
-0.00421443
-0.00453364
-0.00485871
-0.00520568
-0.0054842
-0.00575888
-0.00609734
-0.00647116
-0.0068848
-0.00725209
-0.00769381
-0.00813295
-0.00864703
-0.00920512
-0.00971275
-0.0103551
-0.0109269
-0.0117858
-0.0128253
0.0205006
0.0165883
0.0106397
0.00661998
0.00469324
0.00368629
0.0030233
0.00257891
0.00222581
0.00180736
0.00132107
0.000957031
0.000748252
0.00050696
0.000189848
-0.000117062
-0.000387147
-0.000763073
-0.00119166
-0.00145171
-0.00160833
-0.0018401
-0.00204471
-0.00223611
-0.0024752
-0.00271395
-0.00292972
-0.00317795
-0.00345431
-0.00369993
-0.00395756
-0.004214
-0.00453287
-0.00485735
-0.00520398
-0.00548304
-0.00575875
-0.0060973
-0.00647076
-0.00688433
-0.00725185
-0.00769389
-0.008133
-0.00864668
-0.00920423
-0.00971174
-0.0103539
-0.0109251
-0.0117827
-0.0128242
0.0199594
0.0164156
0.0107763
0.00677098
0.00475115
0.00369506
0.00303012
0.00259342
0.00223954
0.00181678
0.00132912
0.000965877
0.000756213
0.00051206
0.000192743
-0.000114936
-0.000386058
-0.000759182
-0.00118335
-0.00144524
-0.00160529
-0.00183712
-0.00204259
-0.00223485
-0.00247329
-0.00271208
-0.00292866
-0.00317669
-0.00345258
-0.00369835
-0.00395678
-0.00421349
-0.00453205
-0.00485591
-0.00520219
-0.00548179
-0.00575859
-0.00609724
-0.00647033
-0.00688383
-0.00725161
-0.00769399
-0.00813304
-0.00864627
-0.00920325
-0.00971064
-0.0103527
-0.0109233
-0.0117795
-0.0128231
0.0194355
0.0162341
0.0109008
0.006924
0.00481514
0.00370367
0.00303405
0.00260649
0.00225339
0.00182641
0.00133724
0.000974899
0.000764466
0.000517423
0.000195795
-0.000112642
-0.000384829
-0.000755199
-0.00117494
-0.00143859
-0.00160215
-0.00183405
-0.00204037
-0.00223353
-0.00247133
-0.00271015
-0.00292753
-0.00317537
-0.00345077
-0.00369672
-0.00395594
-0.00421292
-0.0045312
-0.0048544
-0.00520032
-0.00548047
-0.0057584
-0.00609716
-0.00646986
-0.0068833
-0.00725138
-0.00769412
-0.00813308
-0.00864581
-0.00920218
-0.00970947
-0.0103514
-0.0109214
-0.0117762
-0.0128219
0.018933
0.0160422
0.01101
0.00707658
0.00488486
0.00371227
0.00303497
0.00261824
0.00226786
0.00183669
0.00134551
0.000983907
0.000772753
0.000522854
0.00019889
-0.000110228
-0.000383473
-0.000751173
-0.00116646
-0.00143178
-0.00159889
-0.00183088
-0.00203808
-0.00223216
-0.00246932
-0.00270816
-0.00292632
-0.003174
-0.00344891
-0.00369504
-0.00395503
-0.00421229
-0.0045303
-0.00485282
-0.00519838
-0.00547909
-0.00575818
-0.00609707
-0.00646936
-0.00688275
-0.00725114
-0.00769427
-0.00813311
-0.0086453
-0.00920105
-0.00970823
-0.01035
-0.0109195
-0.0117728
-0.0128206
0.0184604
0.0158483
0.0111075
0.00722942
0.00496141
0.00372162
0.00303239
0.00262776
0.00228254
0.00184778
0.00135432
0.000993193
0.000781275
0.000528471
0.000202102
-0.000107663
-0.000381943
-0.000747005
-0.00115788
-0.00142483
-0.00159551
-0.00182762
-0.0020357
-0.00223072
-0.00246726
-0.0027061
-0.00292505
-0.00317258
-0.00344698
-0.00369332
-0.00395407
-0.00421162
-0.00452935
-0.00485118
-0.00519639
-0.00547766
-0.00575795
-0.00609695
-0.00646883
-0.00688217
-0.00725089
-0.00769443
-0.00813314
-0.00864477
-0.00919985
-0.00970694
-0.0103486
-0.0109175
-0.0117693
-0.0128193
0.0179908
0.015647
0.0111884
0.00737897
0.00504479
0.00373325
0.00302676
0.0026343
0.0022966
0.0018591
0.00136327
0.00100271
0.00079019
0.000534456
0.000205547
-0.000104957
-0.000380291
-0.000742753
-0.00114923
-0.00141773
-0.00159198
-0.00182426
-0.00203325
-0.00222921
-0.00246515
-0.00270399
-0.00292372
-0.0031711
-0.00344499
-0.00369155
-0.00395306
-0.00421091
-0.00452835
-0.00484948
-0.00519433
-0.00547619
-0.00575769
-0.00609683
-0.00646828
-0.00688157
-0.00725063
-0.00769459
-0.00813315
-0.0086442
-0.00919861
-0.00970558
-0.0103471
-0.0109154
-0.0117657
-0.0128178
0.0175282
0.0154362
0.0112503
0.00752189
0.00513271
0.00374686
0.0030182
0.0026382
0.00231062
0.00187107
0.00137228
0.00101191
0.000798841
0.000540303
0.000208888
-0.000102225
-0.000378522
-0.000738488
-0.00114059
-0.00141055
-0.00158831
-0.00182082
-0.00203074
-0.00222765
-0.00246299
-0.00270182
-0.00292233
-0.00316957
-0.00344295
-0.00368974
-0.003952
-0.00421017
-0.0045273
-0.00484774
-0.00519223
-0.00547468
-0.00575741
-0.00609669
-0.00646771
-0.00688095
-0.00725036
-0.00769476
-0.00813315
-0.00864361
-0.00919731
-0.00970417
-0.0103455
-0.0109133
-0.0117619
-0.0128163
0.0171254
0.0152373
0.0113049
0.00766131
0.00522672
0.00376426
0.00300706
0.00263857
0.00232392
0.00188402
0.00138218
0.00102153
0.000807892
0.000546454
0.00021242
-9.92642e-05
-0.000376503
-0.000734022
-0.00113186
-0.00140329
-0.00158451
-0.00181727
-0.00202815
-0.00222599
-0.00246077
-0.00269959
-0.00292087
-0.00316799
-0.00344085
-0.00368788
-0.00395089
-0.00420939
-0.00452621
-0.00484594
-0.00519008
-0.00547313
-0.00575711
-0.00609653
-0.00646712
-0.00688032
-0.00725009
-0.00769492
-0.00813313
-0.00864299
-0.00919597
-0.00970271
-0.0103438
-0.0109111
-0.011758
-0.0128147
0.0167043
0.0150327
0.0113427
0.00779164
0.00532481
0.00378673
0.002994
0.00263469
0.00233555
0.0018973
0.00139257
0.00103158
0.000817452
0.000553064
0.000216261
-9.61713e-05
-0.000374374
-0.000729489
-0.00112312
-0.0013959
-0.00158052
-0.00181362
-0.00202548
-0.00222426
-0.00245848
-0.00269729
-0.00291935
-0.00316634
-0.00343868
-0.00368596
-0.00394973
-0.00420858
-0.00452507
-0.0048441
-0.00518787
-0.00547154
-0.00575678
-0.00609636
-0.00646651
-0.00687966
-0.00724979
-0.00769508
-0.0081331
-0.00864235
-0.00919459
-0.00970119
-0.0103421
-0.0109088
-0.011754
-0.0128129
0.0162614
0.0148185
0.0113606
0.00790891
0.00542299
0.00381398
0.00297983
0.00262709
0.00234557
0.00191071
0.00140282
0.00104097
0.000826306
0.000559234
0.000219788
-9.32199e-05
-0.000372164
-0.000724981
-0.00111444
-0.00138848
-0.00157642
-0.00180989
-0.00202275
-0.00222246
-0.00245615
-0.00269495
-0.00291777
-0.00316465
-0.00343647
-0.003684
-0.00394854
-0.00420775
-0.00452389
-0.00484221
-0.00518561
-0.00546992
-0.00575643
-0.00609618
-0.00646589
-0.006879
-0.00724948
-0.00769523
-0.00813305
-0.00864168
-0.00919315
-0.00969962
-0.0103403
-0.0109064
-0.0117499
-0.0128111
0.015918
0.0146301
0.0113779
0.00801938
0.00552348
0.0038483
0.002966
0.00261544
0.00235324
0.00192475
0.00141439
0.00105113
0.000835886
0.000566003
0.000223712
-8.99299e-05
-0.000369653
-0.000720226
-0.00110567
-0.00138101
-0.00157217
-0.00180606
-0.00201993
-0.00222055
-0.00245373
-0.00269253
-0.00291612
-0.00316289
-0.00343419
-0.00368199
-0.00394729
-0.00420688
-0.00452266
-0.00484028
-0.0051833
-0.00546826
-0.00575605
-0.00609598
-0.00646524
-0.00687831
-0.00724916
-0.00769537
-0.00813297
-0.00864098
-0.00919167
-0.00969799
-0.0103384
-0.0109039
-0.0117456
-0.0128092
0.0155407
0.0144364
0.0113811
0.00811641
0.00562191
0.00388829
0.00295237
0.00259921
0.00235785
0.00193887
0.00142681
0.00106199
0.000846011
0.000573228
0.000227975
-8.64643e-05
-0.000366973
-0.00071536
-0.00109689
-0.00137339
-0.00156769
-0.00180209
-0.002017
-0.00221854
-0.00245122
-0.00269003
-0.00291438
-0.00316104
-0.00343183
-0.00367991
-0.00394598
-0.00420596
-0.00452138
-0.0048383
-0.00518094
-0.00546656
-0.00575564
-0.00609577
-0.00646459
-0.00687762
-0.00724881
-0.00769549
-0.00813287
-0.00864025
-0.00919013
-0.0096963
-0.0103364
-0.0109014
-0.0117412
-0.0128071
0.015116
0.0142312
0.0113647
0.00819486
0.00571412
0.0039334
0.00294019
0.00257887
0.00235866
0.00195183
0.00143884
0.00107201
0.000855043
0.000579636
0.000231578
-8.34325e-05
-0.000364361
-0.00071062
-0.00108823
-0.00136583
-0.00156318
-0.0017981
-0.00201403
-0.00221649
-0.00244869
-0.0026875
-0.00291259
-0.00315915
-0.00342943
-0.00367778
-0.00394463
-0.004205
-0.00452006
-0.00483626
-0.00517852
-0.00546482
-0.00575521
-0.00609554
-0.00646391
-0.00687691
-0.00724845
-0.0076956
-0.00813274
-0.00863949
-0.00918854
-0.00969454
-0.0103344
-0.0108987
-0.0117367
-0.012805
0.0148414
0.0140646
0.0113533
0.00826654
0.00580557
0.00398757
0.00293265
0.00255567
0.00235557
0.00196416
0.00145211
0.00108317
0.000865307
0.000587113
0.000236017
-7.9708e-05
-0.000361283
-0.000705554
-0.00107948
-0.00135821
-0.00155849
-0.00179395
-0.00201094
-0.00221429
-0.00244602
-0.00268489
-0.00291072
-0.00315717
-0.00342696
-0.00367558
-0.00394322
-0.004204
-0.00451868
-0.00483418
-0.00517605
-0.00546303
-0.00575474
-0.00609529
-0.00646322
-0.00687618
-0.00724807
-0.00769569
-0.00813258
-0.0086387
-0.00918689
-0.00969272
-0.0103322
-0.010896
-0.0117321
-0.0128027
0.0145312
0.0138908
0.0113281
0.0083232
0.00588939
0.00404535
0.00292818
0.00252935
0.00234863
0.00197577
0.00146632
0.00109535
0.000876016
0.000594747
0.000240485
-7.6071e-05
-0.000358115
-0.000700374
-0.0010707
-0.00135043
-0.00155358
-0.00178968
-0.00200772
-0.00221199
-0.00244328
-0.00268218
-0.00290874
-0.00315509
-0.00342439
-0.00367331
-0.00394173
-0.00420293
-0.00451724
-0.00483203
-0.00517352
-0.00546121
-0.00575424
-0.00609502
-0.0064625
-0.00687544
-0.00724766
-0.00769577
-0.0081324
-0.00863787
-0.00918518
-0.00969084
-0.0103299
-0.0108932
-0.0117274
-0.0128003
0.0141696
0.0137041
0.0112831
0.00835888
0.00596027
0.0041041
0.00292723
0.0025001
0.00233634
0.00198421
0.00147949
0.00110668
0.000885671
0.00060154
0.000244228
-7.29103e-05
-0.000355071
-0.000695376
-0.00106211
-0.00134279
-0.0015487
-0.00178542
-0.00200449
-0.00220967
-0.00244052
-0.00267945
-0.00290672
-0.00315298
-0.00342179
-0.00367098
-0.0039402
-0.00420182
-0.00451576
-0.00482983
-0.00517095
-0.00545934
-0.00575371
-0.00609473
-0.00646178
-0.00687469
-0.00724724
-0.00769583
-0.00813218
-0.00863701
-0.00918341
-0.00968888
-0.0103275
-0.0108902
-0.0117226
-0.0127977
0.0139711
0.0135571
0.0112443
0.0083905
0.00602692
0.00416825
0.0029333
0.00247021
0.00231943
0.00198992
0.00149269
0.00111915
0.000897021
0.000609833
0.000249148
-6.88266e-05
-0.000351428
-0.000689976
-0.00105342
-0.0013351
-0.00154362
-0.00178097
-0.0020011
-0.00220715
-0.0024376
-0.00267661
-0.00290458
-0.00315075
-0.00341908
-0.00366858
-0.0039386
-0.00420064
-0.00451421
-0.00482758
-0.00516831
-0.00545743
-0.00575314
-0.00609441
-0.00646102
-0.00687392
-0.00724678
-0.00769586
-0.00813192
-0.00863611
-0.00918157
-0.00968686
-0.0103251
-0.0108872
-0.0117176
-0.012795
0.0137927
0.0134119
0.0111977
0.00841158
0.00608329
0.00423167
0.00294482
0.00244052
0.00229947
0.00199418
0.00150635
0.00113269
0.000908877
0.000617984
0.000253472
-6.54767e-05
-0.000348039
-0.000684602
-0.00104474
-0.00132724
-0.00153835
-0.00177644
-0.00199761
-0.00220455
-0.00243461
-0.00267368
-0.00290233
-0.00314842
-0.0034163
-0.0036661
-0.0039369
-0.00419938
-0.00451259
-0.00482525
-0.00516562
-0.00545547
-0.00575253
-0.00609407
-0.00646025
-0.00687313
-0.00724631
-0.00769588
-0.00813163
-0.00863518
-0.00917967
-0.00968476
-0.0103225
-0.0108841
-0.0117126
-0.0127922
0.01356
0.0132567
0.011139
0.00841757
0.00612498
0.00429058
0.00296139
0.0024117
0.00227499
0.00199371
0.00151732
0.00114475
0.000920019
0.00062596
0.000257731
-6.1994e-05
-0.000344375
-0.000679153
-0.00103622
-0.0013196
-0.00153315
-0.00177189
-0.00199407
-0.00220189
-0.00243158
-0.00267071
-0.00290003
-0.00314603
-0.00341346
-0.00366355
-0.00393515
-0.00419808
-0.00451091
-0.00482287
-0.00516287
-0.00545348
-0.00575189
-0.00609371
-0.00645946
-0.00687233
-0.00724581
-0.00769587
-0.0081313
-0.0086342
-0.0091777
-0.00968258
-0.0103198
-0.0108809
-0.0117075
-0.0127892
0.0133214
0.013108
0.01108
0.00841783
0.00615741
0.00434611
0.00298255
0.00238326
0.00224565
0.00198881
0.00152664
0.00115732
0.000932928
0.000635681
0.000263023
-5.82192e-05
-0.000340693
-0.00067369
-0.00102773
-0.00131188
-0.00152772
-0.00176719
-0.00199042
-0.00219908
-0.00242841
-0.00266765
-0.00289761
-0.00314354
-0.00341052
-0.00366093
-0.00393333
-0.0041967
-0.00450917
-0.00482042
-0.00516007
-0.00545143
-0.0057512
-0.00609331
-0.00645864
-0.0068715
-0.00724527
-0.00769583
-0.00813093
-0.00863319
-0.00917566
-0.00968033
-0.010317
-0.0108776
-0.0117022
-0.012786
0.0130791
0.0129611
0.0110192
0.00841308
0.00617881
0.00439375
0.00300644
0.00235744
0.00221512
0.0019826
0.00153557
0.0011701
0.000946193
0.000645452
0.000267752
-5.51322e-05
-0.000337146
-0.000668057
-0.00101917
-0.00130408
-0.00152221
-0.00176244
-0.00198666
-0.00219617
-0.00242518
-0.00266449
-0.00289507
-0.00314093
-0.0034075
-0.00365823
-0.00393141
-0.00419523
-0.00450734
-0.0048179
-0.0051572
-0.00544933
-0.00575046
-0.00609288
-0.00645779
-0.00687066
-0.00724471
-0.00769577
-0.00813051
-0.00863212
-0.00917355
-0.00967799
-0.010314
-0.0108741
-0.0116969
-0.0127827
0.0128249
0.0128111
0.0109552
0.0084021
0.00618897
0.00443427
0.00303534
0.0023367
0.00218332
0.00197222
0.00154055
0.0011801
0.000958511
0.000655693
0.000273283
-5.14002e-05
-0.00033318
-0.000662381
-0.00101085
-0.00129648
-0.00151668
-0.0017576
-0.0019828
-0.00219313
-0.00242182
-0.00266125
-0.00289244
-0.00313823
-0.00340439
-0.00365545
-0.00392941
-0.0041937
-0.00450546
-0.00481533
-0.00515429
-0.00544719
-0.00574969
-0.00609242
-0.00645693
-0.00686981
-0.00724412
-0.00769568
-0.00813004
-0.00863102
-0.00917136
-0.00967557
-0.010311
-0.0108706
-0.0116915
-0.0127792
0.0125561
0.0126556
0.0108874
0.00838664
0.00619233
0.00446871
0.0030655
0.00231721
0.00214763
0.00195744
0.00154273
0.00118914
0.000971874
0.000667728
0.000279779
-4.79304e-05
-0.000329775
-0.000656985
-0.00100258
-0.00128873
-0.00151094
-0.00175268
-0.00197888
-0.00219
-0.00241839
-0.00265794
-0.00288971
-0.00313542
-0.0034012
-0.0036526
-0.00392734
-0.00419209
-0.0045035
-0.00481268
-0.00515131
-0.00544499
-0.00574886
-0.00609193
-0.00645603
-0.00686893
-0.00724349
-0.00769555
-0.00812952
-0.00862986
-0.00916909
-0.00967306
-0.0103078
-0.0108669
-0.011686
-0.0127756
0.0122747
0.0124946
0.0108184
0.00836994
0.00618843
0.00449147
0.00309254
0.00229967
0.00211138
0.00194118
0.00154375
0.00119703
0.000984745
0.000679828
0.000286057
-4.46939e-05
-0.000326128
-0.000651214
-0.000994304
-0.00128114
-0.00150526
-0.00174774
-0.00197485
-0.00218674
-0.00241488
-0.00265454
-0.00288684
-0.0031325
-0.00339793
-0.00364966
-0.00392516
-0.00419038
-0.00450146
-0.00480995
-0.00514827
-0.00544275
-0.00574798
-0.0060914
-0.0064551
-0.00686803
-0.00724282
-0.00769539
-0.00812894
-0.00862865
-0.00916674
-0.00967045
-0.0103045
-0.0108631
-0.0116804
-0.0127718
0.0119848
0.0123285
0.0107478
0.00834889
0.00617446
0.00450292
0.0031193
0.00228717
0.00207529
0.00192232
0.00154181
0.00120165
0.000995792
0.000692392
0.000293712
-4.05582e-05
-0.00032232
-0.000645783
-0.000986476
-0.00127367
-0.00149945
-0.00174269
-0.00197076
-0.00218337
-0.00241122
-0.00265102
-0.00288388
-0.00312947
-0.00339455
-0.00364661
-0.00392288
-0.00418859
-0.00449935
-0.00480716
-0.00514517
-0.00544045
-0.00574705
-0.00609084
-0.00645415
-0.00686711
-0.00724211
-0.00769519
-0.00812829
-0.00862739
-0.00916432
-0.00966775
-0.0103011
-0.0108592
-0.0116747
-0.0127678
0.0116911
0.0121574
0.0106717
0.00832119
0.00615438
0.00450669
0.0031446
0.00227701
0.00203765
0.00190027
0.00153718
0.00120366
0.0010061
0.000706238
0.000302409
-3.66627e-05
-0.000319008
-0.000640455
-0.000978581
-0.00126612
-0.00149357
-0.00173763
-0.00196656
-0.00217986
-0.00240749
-0.00264745
-0.00288078
-0.00312628
-0.00339106
-0.0036435
-0.00392053
-0.00418672
-0.00449715
-0.0048043
-0.00514201
-0.0054381
-0.00574606
-0.00609023
-0.00645316
-0.00686616
-0.00724136
-0.00769495
-0.00812758
-0.00862607
-0.0091618
-0.00966495
-0.0102976
-0.0108551
-0.011669
-0.0127636
0.0113999
0.0119786
0.0105888
0.00829034
0.00613103
0.00450112
0.00316481
0.00226832
0.00199907
0.00187577
0.0015311
0.00120386
0.00101484
0.000719783
0.000311298
-3.25012e-05
-0.000315271
-0.000634906
-0.000970962
-0.0012589
-0.00148774
-0.00173246
-0.00196226
-0.00217625
-0.00240365
-0.00264374
-0.00287754
-0.00312301
-0.00338753
-0.00364031
-0.00391805
-0.00418475
-0.00449487
-0.00480136
-0.00513879
-0.00543569
-0.00574502
-0.00608958
-0.00645213
-0.0068652
-0.00724056
-0.00769466
-0.00812681
-0.00862469
-0.00915921
-0.00966204
-0.0102939
-0.0108509
-0.0116632
-0.0127593
0.0111154
0.0117922
0.0105006
0.00825681
0.00610367
0.00448592
0.00317948
0.00226138
0.00196009
0.00184918
0.0015239
0.00120131
0.0010205
0.000732951
0.000321569
-2.73656e-05
-0.000311435
-0.000629702
-0.000963713
-0.00125176
-0.0014818
-0.00172727
-0.00195795
-0.00217253
-0.00239965
-0.00263995
-0.00287424
-0.00311963
-0.00338385
-0.00363699
-0.00391547
-0.00418268
-0.0044925
-0.00479833
-0.0051355
-0.00543323
-0.00574391
-0.00608888
-0.00645108
-0.00686421
-0.00723972
-0.00769432
-0.00812595
-0.00862323
-0.00915652
-0.00965902
-0.0102902
-0.0108466
-0.0116573
-0.0127547
0.0108434
0.0116016
0.0104062
0.00821843
0.00607161
0.00446094
0.00318737
0.00225633
0.00192167
0.0018203
0.0015147
0.00119582
0.00102358
0.00074625
0.000332881
-2.20965e-05
-0.000307793
-0.000624469
-0.000956497
-0.00124477
-0.001476
-0.00172209
-0.00195347
-0.00216865
-0.00239562
-0.00263611
-0.00287077
-0.00311604
-0.00338006
-0.00363358
-0.00391279
-0.00418051
-0.00449005
-0.00479523
-0.00513215
-0.00543071
-0.00574275
-0.00608814
-0.00644999
-0.00686319
-0.00723881
-0.00769392
-0.00812502
-0.00862171
-0.00915374
-0.00965588
-0.0102863
-0.0108421
-0.0116513
-0.01275
0.010582
0.011406
0.0103034
0.00817398
0.00603548
0.00442791
0.00318883
0.00225274
0.00188285
0.00178762
0.00150378
0.00118896
0.00102418
0.000758217
0.000344343
-1.64027e-05
-0.000303724
-0.000619046
-0.000949621
-0.00123818
-0.00147025
-0.00171685
-0.00194901
-0.00216474
-0.00239143
-0.00263206
-0.00286712
-0.00311237
-0.00337622
-0.00363009
-0.00390998
-0.00417824
-0.00448752
-0.00479206
-0.00512874
-0.00542813
-0.00574152
-0.00608735
-0.00644885
-0.00686214
-0.00723786
-0.00769347
-0.00812401
-0.00862012
-0.00915088
-0.00965262
-0.0102823
-0.0108374
-0.0116453
-0.0127451
0.0103312
0.0112093
0.0101923
0.00812305
0.0059969
0.00438868
0.0031824
0.00224855
0.00184357
0.00175198
0.0014922
0.00118074
0.00102106
0.000768379
0.000356712
-9.6555e-06
-0.000299414
-0.000613821
-0.000943065
-0.00123173
-0.0014645
-0.00171165
-0.00194452
-0.00216063
-0.00238703
-0.00262796
-0.00286344
-0.00310858
-0.00337224
-0.00362648
-0.00390707
-0.00417586
-0.00448489
-0.0047888
-0.00512525
-0.00542549
-0.00574021
-0.0060865
-0.00644768
-0.00686107
-0.00723685
-0.00769295
-0.00812291
-0.00861844
-0.00914793
-0.00964923
-0.0102782
-0.0108326
-0.0116392
-0.0127401
0.0100945
0.0110138
0.0100721
0.00806521
0.00595577
0.00434269
0.00316613
0.00224316
0.00180554
0.00171386
0.00147875
0.00117075
0.00101469
0.000777011
0.000369607
-2.56681e-06
-0.000295193
-0.000608461
-0.000936446
-0.00122555
-0.0014591
-0.00170652
-0.00193987
-0.00215645
-0.00238262
-0.00262375
-0.00285955
-0.00310461
-0.00336815
-0.00362277
-0.00390403
-0.00417335
-0.00448213
-0.00478544
-0.0051217
-0.00542279
-0.00573884
-0.0060856
-0.00644647
-0.00685996
-0.00723577
-0.00769237
-0.00812172
-0.00861667
-0.00914489
-0.00964572
-0.010274
-0.0108277
-0.0116331
-0.0127348
0.00986771
0.0108187
0.0099423
0.00799891
0.00591091
0.00429056
0.00314033
0.00223653
0.00176878
0.00167192
0.00146255
0.00116024
0.00100576
0.000783037
0.00038213
4.93338e-06
-0.000290625
-0.000602796
-0.000930089
-0.00121985
-0.00145382
-0.00170132
-0.0019352
-0.00215223
-0.00237808
-0.00261936
-0.00285549
-0.00310053
-0.003364
-0.00361892
-0.00390084
-0.00417075
-0.00447933
-0.00478201
-0.00511808
-0.00542003
-0.0057374
-0.00608463
-0.0064452
-0.00685881
-0.00723462
-0.00769171
-0.00812045
-0.00861481
-0.00914175
-0.00964207
-0.0102696
-0.0108226
-0.0116268
-0.0127294
0.00964443
0.0106236
0.00980396
0.00792348
0.00586202
0.00423396
0.00310546
0.0022272
0.00173285
0.00162653
0.00144407
0.00114943
0.000993808
0.000785828
0.000394404
1.33995e-05
-0.000285806
-0.000597313
-0.00092381
-0.00121418
-0.00144865
-0.00169636
-0.00193066
-0.00214786
-0.00237332
-0.0026149
-0.00285137
-0.00309627
-0.00335967
-0.00361498
-0.00389756
-0.00416804
-0.00447642
-0.00477849
-0.00511438
-0.00541719
-0.00573589
-0.0060836
-0.00644389
-0.00685762
-0.00723341
-0.00769098
-0.00811907
-0.00861286
-0.00913852
-0.00963826
-0.0102652
-0.0108174
-0.0116205
-0.0127238
0.00942335
0.0104312
0.0096594
0.00783846
0.00580834
0.00417416
0.00306138
0.00221283
0.00169798
0.00157875
0.00142237
0.00113775
0.000979514
0.000785724
0.000406092
2.22696e-05
-0.000281086
-0.000591843
-0.000917284
-0.00120874
-0.0014441
-0.00169161
-0.00192596
-0.00214341
-0.0023685
-0.00261027
-0.00284703
-0.00309188
-0.00335525
-0.00361092
-0.00389414
-0.00416518
-0.00447336
-0.00477488
-0.00511063
-0.00541428
-0.00573428
-0.00608251
-0.00644254
-0.00685639
-0.00723212
-0.00769016
-0.00811759
-0.0086108
-0.00913521
-0.00963432
-0.0102606
-0.010812
-0.0116141
-0.012718
0.00920645
0.0102422
0.00950771
0.00774197
0.00574882
0.00411134
0.00300756
0.00219242
0.00166473
0.0015287
0.00139656
0.00112547
0.000963785
0.000782364
0.000416166
3.12147e-05
-0.000275996
-0.00058616
-0.000910988
-0.00120363
-0.00143959
-0.00168687
-0.00192134
-0.00213896
-0.00236357
-0.00260546
-0.00284251
-0.0030874
-0.00335077
-0.00360667
-0.00389054
-0.00416224
-0.00447026
-0.00477115
-0.00510678
-0.00541133
-0.00573259
-0.00608134
-0.00644113
-0.00685512
-0.00723076
-0.00768924
-0.00811601
-0.00860862
-0.0091318
-0.00963024
-0.0102559
-0.0108064
-0.0116077
-0.0127121
0.00899032
0.0100532
0.00934898
0.00763526
0.00568308
0.00404567
0.00294529
0.00216564
0.00163245
0.00147655
0.00136668
0.00111233
0.000946492
0.000775451
0.000424382
4.0585e-05
-0.000270533
-0.000580763
-0.000904726
-0.00119843
-0.00143527
-0.00168247
-0.00191695
-0.00213446
-0.00235843
-0.00260053
-0.00283785
-0.0030827
-0.00334617
-0.00360238
-0.00388682
-0.00415912
-0.00446704
-0.00476737
-0.00510285
-0.00540828
-0.00573085
-0.00608009
-0.00643964
-0.00685379
-0.00722933
-0.00768824
-0.00811432
-0.00860634
-0.0091283
-0.00962598
-0.0102512
-0.0108007
-0.0116011
-0.0127059
0.00877235
0.00986473
0.00918683
0.0075195
0.00560907
0.00397734
0.0028762
0.00213056
0.00159988
0.00142323
0.00133221
0.00109763
0.000928158
0.00076552
0.000430743
4.9775e-05
-0.00026521
-0.000575663
-0.000898322
-0.00119319
-0.00143151
-0.00167834
-0.00191238
-0.00212993
-0.00235331
-0.00259544
-0.00283301
-0.00307787
-0.00334141
-0.00359794
-0.00388301
-0.00415586
-0.00446364
-0.00476348
-0.00509889
-0.00540515
-0.00572897
-0.00607878
-0.00643812
-0.00685239
-0.00722779
-0.00768715
-0.00811253
-0.00860392
-0.0091247
-0.00962156
-0.0102463
-0.0107948
-0.0115944
-0.0126997
0.00855121
0.00967724
0.00902099
0.00739339
0.00552564
0.00390661
0.00280071
0.00208589
0.00156654
0.00136958
0.00129311
0.00108098
0.000909273
0.000752771
0.000434368
5.81501e-05
-0.000259627
-0.000570539
-0.000892244
-0.00118791
-0.00142763
-0.00167456
-0.00190808
-0.00212535
-0.00234814
-0.00259027
-0.00282794
-0.00307288
-0.00333653
-0.00359326
-0.00387903
-0.00415258
-0.0044602
-0.00475941
-0.00509479
-0.00540199
-0.00572704
-0.00607734
-0.00643654
-0.00685096
-0.00722617
-0.00768592
-0.00811062
-0.00860138
-0.00912101
-0.009617
-0.0102412
-0.0107888
-0.0115877
-0.0126932
0.00832497
0.00948846
0.0088511
0.00725907
0.00543345
0.00383234
0.00271956
0.00203184
0.00153161
0.00131592
0.00124945
0.00106159
0.000889616
0.000737487
0.000435197
6.57155e-05
-0.000253641
-0.000565564
-0.000886689
-0.00118279
-0.0014237
-0.00167095
-0.00190421
-0.00212085
-0.00234263
-0.00258486
-0.00282277
-0.00306774
-0.00333156
-0.00358851
-0.00387484
-0.00414905
-0.0044567
-0.00475535
-0.00509057
-0.00539866
-0.00572503
-0.00607587
-0.00643487
-0.00684945
-0.00722449
-0.00768459
-0.00810857
-0.00859871
-0.00911724
-0.00961228
-0.0102361
-0.0107827
-0.0115809
-0.0126867
0.00809216
0.00929704
0.00867853
0.00711836
0.00533123
0.00375303
0.00263466
0.0019681
0.00149298
0.00126249
0.00120144
0.00103926
0.000869521
0.000719845
0.000433317
7.19353e-05
-0.000248092
-0.000560815
-0.000881405
-0.00117771
-0.00141988
-0.00166751
-0.00190028
-0.00211643
-0.00233722
-0.00257924
-0.00281738
-0.00306255
-0.00332648
-0.00358361
-0.00387056
-0.00414533
-0.00445294
-0.0047512
-0.00508641
-0.00539527
-0.00572282
-0.00607427
-0.00643317
-0.00684785
-0.00722269
-0.00768319
-0.00810643
-0.00859586
-0.00911334
-0.00960739
-0.0102309
-0.0107764
-0.0115739
-0.0126799
0.00785172
0.0091021
0.00850342
0.0069712
0.00521872
0.00366818
0.00254688
0.00189476
0.00144934
0.0012097
0.00114975
0.00101317
0.000848519
0.000700164
0.000428609
7.64248e-05
-0.000243103
-0.000556011
-0.000876344
-0.00117283
-0.00141588
-0.00166435
-0.00189672
-0.00211188
-0.00233185
-0.00257375
-0.00281167
-0.00305704
-0.00332132
-0.00357855
-0.00386613
-0.00414155
-0.00444909
-0.00474679
-0.00508207
-0.00539192
-0.00572061
-0.0060725
-0.00643133
-0.00684623
-0.00722081
-0.00768161
-0.00810417
-0.00859293
-0.00910935
-0.00960232
-0.0102255
-0.01077
-0.0115669
-0.012673
0.00760475
0.00890282
0.00832529
0.00681872
0.00509732
0.00357634
0.00245608
0.0018127
0.00139972
0.00115762
0.00109463
0.000982157
0.000826465
0.000679408
0.000421143
7.87773e-05
-0.000238681
-0.000551308
-0.000871855
-0.00116846
-0.00141157
-0.00166092
-0.00189388
-0.00210781
-0.00232596
-0.0025679
-0.00280609
-0.00305141
-0.00331586
-0.00357334
-0.00386156
-0.00413759
-0.00444522
-0.00474238
-0.00507752
-0.0053883
-0.00571835
-0.00607082
-0.00642943
-0.00684441
-0.00721881
-0.00767994
-0.00810174
-0.00858982
-0.0091053
-0.00959713
-0.01022
-0.0107634
-0.0115598
-0.012666
0.00735344
0.00869814
0.00814358
0.00666213
0.00496813
0.0034761
0.00236247
0.00172286
0.00134208
0.0011055
0.00103689
0.000946662
0.000803491
0.000657072
0.000410968
7.92702e-05
-0.000235512
-0.000546984
-0.00086764
-0.00116478
-0.00140745
-0.00165719
-0.00189089
-0.00210396
-0.00232033
-0.00256178
-0.00280015
-0.00304585
-0.00331039
-0.00356788
-0.00385682
-0.00413343
-0.00444113
-0.00473792
-0.00507308
-0.00538458
-0.00571575
-0.00606891
-0.00642758
-0.00684262
-0.00721666
-0.00767811
-0.00809922
-0.00858654
-0.0091011
-0.00959177
-0.0102145
-0.0107567
-0.0115525
-0.0126589
0.00709926
0.00848809
0.00795825
0.0065009
0.00483179
0.00336698
0.00226567
0.00162688
0.00127521
0.0010521
0.000978089
0.000906751
0.000778388
0.000633234
0.000398293
7.77433e-05
-0.000233844
-0.000543346
-0.00086349
-0.00116172
-0.00140353
-0.00165301
-0.001888
-0.00210024
-0.00231474
-0.00255594
-0.00279401
-0.00303977
-0.00330485
-0.00356246
-0.00385187
-0.00412905
-0.00443691
-0.00473325
-0.00506847
-0.00538095
-0.0057132
-0.00606676
-0.00642543
-0.00684078
-0.00721457
-0.00767616
-0.00809651
-0.00858312
-0.0090968
-0.00958621
-0.0102087
-0.01075
-0.0115452
-0.0126516
0.0068441
0.00827359
0.00776918
0.0063342
0.00468904
0.00324871
0.0021644
0.00152638
0.00119913
0.000996711
0.000918726
0.000861356
0.000750447
0.000608742
0.000383338
7.38047e-05
-0.000233581
-0.00054047
-0.000859687
-0.00115916
-0.00139998
-0.00164845
-0.00188523
-0.00209713
-0.00230876
-0.00254955
-0.00278827
-0.00303387
-0.00329876
-0.00355675
-0.00384697
-0.00412452
-0.00443252
-0.00472848
-0.00506366
-0.00537705
-0.00571063
-0.00606478
-0.00642323
-0.00683858
-0.0072122
-0.00767418
-0.00809375
-0.00857953
-0.0090924
-0.00958054
-0.0102028
-0.010743
-0.0115377
-0.0126442
0.00658999
0.00805446
0.0075762
0.00616218
0.00454047
0.00312179
0.00205725
0.00142189
0.00111379
0.000937732
0.000859245
0.000811265
0.000719743
0.000583412
0.000365891
6.72945e-05
-0.000235238
-0.000538305
-0.00085575
-0.00115739
-0.00139737
-0.00164363
-0.00188194
-0.00209423
-0.00230315
-0.00254279
-0.00278198
-0.00302815
-0.00329299
-0.00355074
-0.00384165
-0.0041198
-0.00442803
-0.00472363
-0.00505888
-0.00537306
-0.00570769
-0.00606254
-0.00642114
-0.00683655
-0.00720965
-0.00767182
-0.00809079
-0.00857587
-0.00908791
-0.00957471
-0.0101969
-0.010736
-0.0115301
-0.0126367
0.00633767
0.00783056
0.00737915
0.00598424
0.00438618
0.00298766
0.00194272
0.00131397
0.00102018
0.00087229
0.00079991
0.000758025
0.000685375
0.000557335
0.000346577
5.82102e-05
-0.000238985
-0.000537938
-0.000852279
-0.00115555
-0.0013953
-0.00163863
-0.00187832
-0.00209172
-0.00229773
-0.00253604
-0.00277556
-0.00302174
-0.00328693
-0.00354513
-0.00383635
-0.00411466
-0.00442334
-0.00471867
-0.00505391
-0.00536901
-0.00570475
-0.00606008
-0.00641868
-0.00683438
-0.00720729
-0.00766949
-0.00808756
-0.00857187
-0.00908331
-0.00956876
-0.0101908
-0.010729
-0.0115224
-0.012629
0.00608734
0.00760249
0.00717738
0.0057998
0.00422546
0.00284684
0.00181989
0.00120282
0.00092026
0.000799542
0.000740428
0.000702096
0.000645868
0.000529669
0.000326312
4.72551e-05
-0.000244979
-0.000539588
-0.000849683
-0.00115373
-0.00139353
-0.00163371
-0.00187402
-0.00208933
-0.00229286
-0.0025291
-0.00276926
-0.00301562
-0.00328014
-0.00353879
-0.0038312
-0.00410969
-0.00441846
-0.00471352
-0.00504881
-0.00536476
-0.00570169
-0.00605771
-0.00641619
-0.00683187
-0.00720452
-0.00766712
-0.00808447
-0.00856779
-0.00907846
-0.00956259
-0.0101845
-0.0107217
-0.0115147
-0.0126213
0.00583977
0.00737082
0.0069704
0.00560934
0.00405681
0.00269916
0.00168905
0.00108694
0.000814976
0.000719367
0.000680304
0.000644978
0.000601599
0.000500047
0.000304448
3.35451e-05
-0.000253288
-0.000542571
-0.000847563
-0.00115273
-0.00139282
-0.00162862
-0.0018686
-0.00208648
-0.0022884
-0.00252232
-0.00276281
-0.00300979
-0.00327392
-0.00353223
-0.00382503
-0.00410409
-0.00441361
-0.00470842
-0.00504372
-0.00536051
-0.00569843
-0.00605504
-0.00641363
-0.00682948
-0.00720167
-0.00766429
-0.00808102
-0.00856372
-0.00907374
-0.0095563
-0.0101781
-0.0107144
-0.0115068
-0.0126134
0.00559446
0.00713562
0.00675732
0.00541295
0.00387937
0.00254517
0.00155131
0.000964971
0.000705278
0.000630975
0.000617056
0.000588121
0.000553403
0.000467897
0.000281552
1.76073e-05
-0.000263823
-0.000547698
-0.000846852
-0.00115187
-0.00139263
-0.00162447
-0.0018627
-0.00208269
-0.00228376
-0.00251541
-0.00275627
-0.00300373
-0.0032675
-0.00352636
-0.00381948
-0.00409794
-0.00440793
-0.00470296
-0.00503848
-0.00535613
-0.00569517
-0.0060524
-0.00641086
-0.00682683
-0.00719881
-0.00766155
-0.00807735
-0.00855915
-0.00906877
-0.00955003
-0.0101716
-0.010707
-0.0114988
-0.0126054
0.00534922
0.00689708
0.00653668
0.00521008
0.00369322
0.00238352
0.00140677
0.000836782
0.000592724
0.000535553
0.000548761
0.000531802
0.000501847
0.00043165
0.000257563
4.28223e-07
-0.000277007
-0.000555351
-0.000846769
-0.00115085
-0.00139273
-0.00162114
-0.00185716
-0.00207855
-0.0022793
-0.0025085
-0.00274914
-0.00299743
-0.0032607
-0.00351968
-0.0038139
-0.00409262
-0.00440273
-0.00469724
-0.00503277
-0.00535131
-0.00569153
-0.00604963
-0.00640811
-0.00682414
-0.00719571
-0.00765859
-0.00807374
-0.00855464
-0.00906356
-0.00954336
-0.010165
-0.0106997
-0.0114908
-0.0125973
0.00510226
0.00665564
0.00630754
0.00499998
0.00349904
0.00221244
0.00125485
0.000701733
0.000477437
0.000435637
0.000474886
0.000475128
0.000448073
0.000391815
0.00023196
-1.91351e-05
-0.000293115
-0.000565611
-0.000847572
-0.00114953
-0.00139296
-0.00161757
-0.0018509
-0.00207423
-0.00227557
-0.00250257
-0.00274225
-0.00299075
-0.00325385
-0.00351295
-0.00380719
-0.00408594
-0.00439734
-0.00469212
-0.00502761
-0.00534668
-0.00568773
-0.00604642
-0.00640492
-0.00682125
-0.0071926
-0.00765547
-0.00806981
-0.00854997
-0.00905849
-0.00953673
-0.0101581
-0.0106921
-0.0114827
-0.0125893
0.00485125
0.00641093
0.00606925
0.00478074
0.00329678
0.00203185
0.00109614
0.000559094
0.000357779
0.000333048
0.000395823
0.000417911
0.000393257
0.000346991
0.000203829
-3.94205e-05
-0.000310791
-0.000578875
-0.000851021
-0.00114875
-0.00139298
-0.0016142
-0.0018441
-0.00206811
-0.00227088
-0.00249732
-0.00273639
-0.00298457
-0.00324705
-0.0035064
-0.00380098
-0.0040791
-0.00439072
-0.00468578
-0.00502202
-0.00534211
-0.00568422
-0.00604362
-0.00640176
-0.00681805
-0.00718911
-0.00765215
-0.00806581
-0.00854506
-0.00905315
-0.00953005
-0.0101514
-0.0106845
-0.0114744
-0.012581
0.00459415
0.00616229
0.00582276
0.00455015
0.00308503
0.0018413
0.000930733
0.000410048
0.000232555
0.000227658
0.000311787
0.000359997
0.000339888
0.000297809
0.000170631
-6.20922e-05
-0.000330303
-0.000594652
-0.000855668
-0.00114733
-0.00139329
-0.00161161
-0.00183759
-0.00206188
-0.00226525
-0.0024911
-0.00272986
-0.00297797
-0.00324053
-0.00350011
-0.00379442
-0.00407254
-0.0043851
-0.00467976
-0.0050158
-0.00533667
-0.00568001
-0.00604046
-0.00639863
-0.00681511
-0.00718575
-0.00764859
-0.00806148
-0.00853994
-0.00904766
-0.00952308
-0.0101443
-0.010677
-0.0114663
-0.0125727
0.00432791
0.0059071
0.00556857
0.00430746
0.00286286
0.0016402
0.00075771
0.000256312
0.000102808
0.000120756
0.000223104
0.000297977
0.000288266
0.000248727
0.000135174
-8.72758e-05
-0.000353155
-0.000614429
-0.00086365
-0.00114612
-0.00139269
-0.00160907
-0.00183059
-0.00205525
-0.00226019
-0.00248587
-0.00272398
-0.0029705
-0.00323269
-0.00349358
-0.00378787
-0.00406512
-0.00437854
-0.00467388
-0.00501046
-0.00533176
-0.00567575
-0.00603689
-0.00639484
-0.00681166
-0.00718226
-0.00764514
-0.00805725
-0.00853473
-0.0090421
-0.00951606
-0.0101372
-0.0106691
-0.0114579
-0.0125646
0.00404804
0.00564025
0.00530433
0.00405141
0.00262904
0.00142786
0.000575586
9.81877e-05
-3.06783e-05
1.35616e-05
0.000131876
0.000230264
0.000234694
0.000196543
9.5504e-05
-0.000111887
-0.000373443
-0.000634119
-0.000873729
-0.00114633
-0.00139222
-0.00160701
-0.0018239
-0.00204795
-0.00225391
-0.00248023
-0.00271919
-0.00296422
-0.00322507
-0.00348656
-0.00378079
-0.00405775
-0.00437188
-0.00466721
-0.00500432
-0.00532663
-0.00567175
-0.00603375
-0.00639129
-0.00680806
-0.00717824
-0.00764104
-0.00805263
-0.00852937
-0.00903643
-0.00950899
-0.01013
-0.0106615
-0.0114495
-0.012556
0.00375378
0.00535735
0.00502656
0.00377965
0.00238087
0.00120426
0.000383986
-6.39944e-05
-0.000167066
-9.35287e-05
4.17331e-05
0.000160478
0.000180096
0.00014063
4.56799e-05
-0.000145266
-0.000397133
-0.000654441
-0.000883667
-0.00114456
-0.0013892
-0.00160431
-0.00181712
-0.00204112
-0.0022484
-0.00247406
-0.00271373
-0.00295755
-0.00321724
-0.00347987
-0.00377372
-0.00404954
-0.0043647
-0.00466081
-0.00499831
-0.00532108
-0.00566721
-0.00603032
-0.00638772
-0.00680487
-0.00717481
-0.00763727
-0.00804791
-0.00852365
-0.00903044
-0.0095016
-0.0101225
-0.0106535
-0.011441
-0.012547
0.00344943
0.00505709
0.00473364
0.00349189
0.00211679
0.000970022
0.0001858
-0.000226618
-0.000302923
-0.00019899
-4.58927e-05
8.94588e-05
0.000126043
8.7743e-05
-5.08551e-06
-0.000182821
-0.000425184
-0.000679305
-0.000898552
-0.00114574
-0.0013855
-0.00160024
-0.00180962
-0.0020331
-0.00224202
-0.00246797
-0.00270903
-0.00295134
-0.00320865
-0.00347205
-0.00376661
-0.00404186
-0.0043571
-0.00465343
-0.00499192
-0.00531561
-0.00566262
-0.0060266
-0.00638366
-0.00680112
-0.00717105
-0.00763357
-0.00804391
-0.00851885
-0.00902545
-0.00949523
-0.010116
-0.0106466
-0.0114331
-0.01254
0.00311895
0.00472764
0.00441414
0.00317949
0.00182862
0.000719357
-2.19864e-05
-0.000390103
-0.000434986
-0.000300232
-0.000130204
1.59485e-05
6.80768e-05
3.28524e-05
-5.89758e-05
-0.000222437
-0.00045025
-0.000700232
-0.000912865
-0.00114799
-0.00138295
-0.00159792
-0.00180387
-0.00202653
-0.0022363
-0.00246112
-0.00270337
-0.00294525
-0.00320035
-0.00346359
-0.00375791
-0.00403257
-0.00434864
-0.00464563
-0.00498453
-0.00530878
-0.00565683
-0.00602187
-0.00637854
-0.00679622
-0.00716565
-0.00762767
-0.00803716
-0.00851127
-0.00901774
-0.00948633
-0.010107
-0.0106375
-0.0114236
-0.0125292
0.00276076
0.00436686
0.0040623
0.0028395
0.00151465
0.000449346
-0.000241865
-0.000557731
-0.000566159
-0.000399546
-0.00021037
-5.68275e-05
7.09428e-06
-2.45177e-05
-0.00011701
-0.000269422
-0.000479787
-0.00072001
-0.000925238
-0.00114819
-0.00137682
-0.00159304
-0.00179835
-0.00202174
-0.00223358
-0.00245788
-0.00270083
-0.00294197
-0.00319478
-0.00345792
-0.00375308
-0.00402734
-0.0043431
-0.0046404
-0.00498049
-0.00530544
-0.00565416
-0.00601984
-0.00637612
-0.00679422
-0.00716377
-0.00762567
-0.00803485
-0.00850792
-0.00901415
-0.00948131
-0.0101018
-0.0106317
-0.0114169
-0.012524
0.00239371
0.00397397
0.0036717
0.00247043
0.0011818
0.000170106
-0.000463541
-0.000722458
-0.000692976
-0.000499189
-0.0002922
-0.000133629
-6.03132e-05
-8.51898e-05
-0.00017459
-0.000315439
-0.000506434
-0.000734873
-0.000934176
-0.00114519
-0.00136529
-0.00158099
-0.00178528
-0.00200887
-0.00222165
-0.00244508
-0.00268949
-0.00293145
-0.00318235
-0.00344389
-0.00373955
-0.00401475
-0.00433106
-0.00462876
-0.00496955
-0.0052956
-0.00564547
-0.00601232
-0.00636834
-0.00678691
-0.00715597
-0.00761749
-0.00802615
-0.00849865
-0.00900496
-0.00947125
-0.0100917
-0.0106218
-0.0114066
-0.0125118
0.0020041
0.00353825
0.00322884
0.00206037
0.000826541
-0.000113366
-0.000677298
-0.000874197
-0.000805281
-0.000591731
-0.000377618
-0.000224538
-0.000151089
-0.000170699
-0.000254538
-0.000382372
-0.000549182
-0.00075906
-0.00095242
-0.00115404
-0.00136684
-0.00158357
-0.00178839
-0.00201251
-0.00222592
-0.00244772
-0.00269059
-0.00293197
-0.00318156
-0.00344128
-0.00373696
-0.00401236
-0.00432814
-0.00462575
-0.0049676
-0.00529422
-0.00564451
-0.00601166
-0.00636727
-0.00678622
-0.0071553
-0.00761631
-0.00802445
-0.00849568
-0.00900173
-0.00946657
-0.0100869
-0.0106163
-0.0114005
-0.0125074
0.00150021
0.00301895
0.00273285
0.00163059
0.000488438
-0.000351927
-0.000826273
-0.000953995
-0.00085055
-0.000632808
-0.000424541
-0.000284542
-0.000215671
-0.000228941
-0.000303466
-0.000419394
-0.000565966
-0.000757823
-0.000945849
-0.00114043
-0.00134653
-0.00156369
-0.00176985
-0.00199546
-0.00221031
-0.00243199
-0.00267523
-0.00291804
-0.00316776
-0.00342462
-0.00372065
-0.00399887
-0.00431504
-0.0046122
-0.00495493
-0.00528346
-0.0056349
-0.00600304
-0.00635859
-0.00677819
-0.00714692
-0.00760779
-0.00801592
-0.00848674
-0.008993
-0.0094572
-0.0100773
-0.0106072
-0.0113905
-0.0124958
0.000655445
0.00208836
0.00185511
0.000912501
-3.44844e-05
-0.000696678
-0.00103115
-0.00107261
-0.000940545
-0.000732058
-0.000537203
-0.000408552
-0.000339416
-0.000338156
-0.000391848
-0.000485898
-0.000607256
-0.00077708
-0.000960377
-0.00115109
-0.00135111
-0.00156771
-0.00177309
-0.00199871
-0.00221353
-0.00243322
-0.00267275
-0.00291499
-0.00316613
-0.00342009
-0.0037143
-0.00399413
-0.00431084
-0.00460731
-0.00495088
-0.00528054
-0.00563229
-0.00600062
-0.00635599
-0.00677612
-0.00714454
-0.00760457
-0.00801184
-0.00848142
-0.00898749
-0.00945055
-0.0100708
-0.0106002
-0.0113835
-0.0124894
0.000681057
0.0016619
0.00125825
0.000396256
-0.00036245
-0.00085515
-0.0010714
-0.00107027
-0.000953625
-0.000784506
-0.000617607
-0.000501161
-0.000429437
-0.000411558
-0.000444992
-0.000521933
-0.00062663
-0.000777236
-0.000952548
-0.0011415
-0.00133806
-0.00155533
-0.00176212
-0.00198864
-0.00220546
-0.00242549
-0.00266304
-0.00290547
-0.00315878
-0.00340973
-0.00370236
-0.00398569
-0.00430324
-0.00459759
-0.00494133
-0.00527331
-0.00562576
-0.00599424
-0.0063499
-0.00677074
-0.00713927
-0.00759925
-0.00800713
-0.0084761
-0.00898247
-0.00944471
-0.0100646
-0.0105941
-0.0113768
-0.0124832
-0.00175801
-0.000246349
-4.77138e-06
-0.000263433
-0.000596351
-0.000849754
-0.000986059
-0.00101689
-0.000970421
-0.000865809
-0.000735401
-0.000624901
-0.000538775
-0.000493463
-0.000497348
-0.000550101
-0.000636867
-0.000771958
-0.000942864
-0.00113392
-0.00132807
-0.00154388
-0.00174941
-0.00197479
-0.002193
-0.00241252
-0.002646
-0.00288816
-0.00314592
-0.00339543
-0.00368474
-0.00397066
-0.00429118
-0.00458491
-0.00492907
-0.00526337
-0.00561637
-0.00598529
-0.00634126
-0.00676316
-0.00713125
-0.00759049
-0.00799724
-0.00846534
-0.00897169
-0.0094334
-0.0100539
-0.0105833
-0.0113663
-0.0124709
-0.00369566
-0.00310226
-0.00215294
-0.00137386
-0.000956822
-0.000863721
-0.000914558
-0.000976773
-0.00100236
-0.000968558
-0.000880149
-0.000775269
-0.000671823
-0.000597196
-0.000571879
-0.000602025
-0.0006726
-0.000791391
-0.000951711
-0.00114276
-0.00133604
-0.0015512
-0.00175696
-0.00198068
-0.00220007
-0.00241973
-0.00264878
-0.00288954
-0.00314956
-0.00339682
-0.00368283
-0.00397109
-0.00429319
-0.00458383
-0.0049271
-0.0052639
-0.00561738
-0.00598574
-0.00634187
-0.0067639
-0.00713186
-0.00759078
-0.00799824
-0.00846553
-0.00897207
-0.00943299
-0.0100528
-0.0105821
-0.0113636
-0.0124701
-0.00486197
-0.00292799
-0.00183848
-0.00126106
-0.000976689
-0.000872309
-0.000875361
-0.000924549
-0.00096711
-0.00096915
-0.000920666
-0.000833871
-0.000727629
-0.000636124
-0.000588717
-0.00059781
-0.000653173
-0.000763519
-0.000919838
-0.00111531
-0.00131006
-0.00152462
-0.00173097
-0.00195175
-0.00217339
-0.00239428
-0.00261984
-0.00286076
-0.00312601
-0.00337419
-0.00365686
-0.00394687
-0.0042735
-0.00456433
-0.0049075
-0.00524724
-0.00560154
-0.00597044
-0.00632727
-0.00675065
-0.00711829
-0.00757659
-0.00798292
-0.00844967
-0.00895655
-0.00941737
-0.0100382
-0.0105677
-0.0113504
-0.0124541
-0.00586565
-0.00493433
-0.00359985
-0.00239549
-0.00154096
-0.00109232
-0.000956353
-0.000967315
-0.00100825
-0.00102586
-0.00100475
-0.000932496
-0.000825656
-0.000724345
-0.000660811
-0.000652988
-0.00069162
-0.000789937
-0.000935011
-0.0011278
-0.00132271
-0.00153541
-0.00174374
-0.00196147
-0.00218292
-0.00240612
-0.0026274
-0.00286618
-0.00313312
-0.00338113
-0.00366087
-0.00395099
-0.00427999
-0.00456878
-0.00491004
-0.0052516
-0.00560642
-0.00597446
-0.00633142
-0.00675489
-0.0071225
-0.00758048
-0.00798742
-0.00845344
-0.00896045
-0.00942059
-0.0100408
-0.0105697
-0.0113512
-0.0124571
-0.00728198
-0.00472949
-0.00311207
-0.002082
-0.00144909
-0.00110964
-0.000982851
-0.000974117
-0.000998828
-0.0010106
-0.000993926
-0.000928002
-0.000822113
-0.000721148
-0.000655163
-0.000643533
-0.000676901
-0.000771941
-0.000914225
-0.00110431
-0.00129875
-0.00150803
-0.00171551
-0.00193132
-0.00215117
-0.00237589
-0.00259714
-0.00283517
-0.00310513
-0.00335568
-0.00363451
-0.00392399
-0.00425599
-0.00454746
-0.00488845
-0.00523158
-0.00558772
-0.00595699
-0.00631453
-0.00673932
-0.0071069
-0.00756412
-0.00797006
-0.00843559
-0.00894326
-0.00940371
-0.0100252
-0.0105543
-0.0113366
-0.0124393
)
;

boundaryField
{
    zeroGradientPlanes
    {
        type            zeroGradient;
    }
    inlet
    {
        type            zeroGradient;
    }
    plate
    {
        type            zeroGradient;
    }
    frontAndBack
    {
        type            empty;
    }
}


// ************************************************************************* //
