/*--------------------------------*- C++ -*----------------------------------*\
| =========                 |                                                 |
| \\      /  F ield         | OpenFOAM: The Open Source CFD Toolbox           |
|  \\    /   O peration     | Version:  v2012                                 |
|   \\  /    A nd           | Website:  www.openfoam.com                      |
|    \\/     M anipulation  |                                                 |
\*---------------------------------------------------------------------------*/
FoamFile
{
    version     2.0;
    format      ascii;
    class       volScalarField;
    location    "1.1";
    object      p;
}
// * * * * * * * * * * * * * * * * * * * * * * * * * * * * * * * * * * * * * //

dimensions      [0 2 -2 0 0 0 0];


internalField   nonuniform List<scalar> 
7000
(
-3.11263e-09
-0.000654646
-0.00431602
0.00611982
0.00690189
0.010399
0.0139066
0.0167736
0.0172486
0.0160194
0.0153281
0.0163174
0.0146991
0.0190003
0.017985
0.0198985
0.0197329
0.0213283
0.022723
0.0249714
1.09539e-06
-0.000667817
-0.00430569
0.00613466
0.00687598
0.0103962
0.0139067
0.0167754
0.0172465
0.0160194
0.0153411
0.0162999
0.01471
0.018937
0.0179886
0.0198734
0.0197294
0.0213142
0.0227229
0.0248548
1.59493e-06
-0.000672464
-0.00429479
0.0061364
0.00684061
0.0103983
0.0139066
0.0167824
0.0172451
0.0160179
0.0153535
0.0162685
0.0147262
0.0188537
0.0180064
0.019826
0.019737
0.0212837
0.0227235
0.0246709
2.51256e-06
-0.000661974
-0.00427591
0.00612369
0.00680817
0.0104062
0.0139049
0.0167934
0.0172425
0.0160142
0.0153677
0.0162223
0.0147525
0.0187565
0.0180243
0.0197716
0.0197483
0.0212503
0.0227147
0.0244789
4.48558e-06
-0.000637493
-0.00424637
0.00609855
0.00678248
0.0104158
0.0139019
0.0168061
0.017238
0.0160095
0.0153845
0.0161672
0.0147936
0.0186465
0.0180421
0.0197136
0.0197615
0.0212161
0.0226959
0.0243046
7.48786e-06
-0.00060041
-0.00420188
0.0060651
0.00676599
0.0104252
0.0138991
0.0168186
0.0172316
0.0160042
0.015403
0.0161114
0.0148496
0.0185284
0.0180641
0.0196507
0.0197787
0.0211788
0.0226692
0.02415
1.13546e-05
-0.000551648
-0.00414148
0.00602752
0.00676044
0.0104344
0.0138978
0.0168293
0.0172239
0.0159981
0.0154228
0.0160606
0.0149186
0.0184069
0.0180908
0.0195823
0.0197995
0.0211373
0.0226344
0.0240082
1.58991e-05
-0.000491967
-0.00406523
0.00598906
0.00676602
0.0104436
0.0138955
0.0168374
0.017215
0.0159908
0.0154439
0.0160163
0.0149991
0.0182844
0.0181206
0.0195088
0.0198208
0.0210925
0.02259
0.0238744
2.09388e-05
-0.000421718
-0.00397422
0.00595122
0.00678112
0.0104529
0.0138915
0.0168423
0.0172051
0.015982
0.0154663
0.0159778
0.0150901
0.0181609
0.0181524
0.0194306
0.0198396
0.0210467
0.0225345
0.023747
2.63643e-05
-0.000341056
-0.00386974
0.00591427
0.00680332
0.0104618
0.0138844
0.0168431
0.0171937
0.0159713
0.0154901
0.0159437
0.0151901
0.0180361
0.0181857
0.0193487
0.019854
0.0210019
0.0224675
0.0236245
3.21808e-05
-0.000250274
-0.00375321
0.00587807
0.00683069
0.01047
0.013873
0.0168395
0.0171804
0.0159585
0.0155153
0.0159132
0.0152978
0.0179102
0.0182198
0.019265
0.0198624
0.0209591
0.0223889
0.0235048
3.85097e-05
-0.000150039
-0.00362618
0.0058428
0.00686252
0.0104775
0.0138566
0.0168305
0.017165
0.0159435
0.0155418
0.0158859
0.0154117
0.0177858
0.0182537
0.0191832
0.0198631
0.0209178
0.0222998
0.0233862
4.55554e-05
-4.14342e-05
-0.00349036
0.00580913
0.00689921
0.0104846
0.0138348
0.0168159
0.0171473
0.0159259
0.0155695
0.0158619
0.0155304
0.017666
0.0182863
0.019107
0.0198553
0.0208774
0.0222026
0.023267
5.35602e-05
7.41896e-05
-0.00334737
0.005778
0.00694163
0.0104918
0.0138076
0.0167951
0.0171273
0.0159055
0.0155983
0.0158413
0.0156514
0.0175538
0.0183164
0.0190402
0.0198392
0.0208376
0.0221002
0.0231463
6.27621e-05
0.000195428
-0.00319856
0.00575023
0.00699061
0.0104998
0.0137757
0.016768
0.0171055
0.0158822
0.0156284
0.0158237
0.0157733
0.0174526
0.0183426
0.0189856
0.0198159
0.0207978
0.0219956
0.023024
7.33661e-05
0.000321025
-0.00304477
0.00572627
0.00704658
0.0105091
0.0137399
0.0167349
0.0170824
0.015856
0.0156598
0.0158088
0.0158945
0.0173646
0.0183637
0.0189443
0.0197866
0.0207573
0.0218909
0.0229004
8.55399e-05
0.00044998
-0.00288636
0.00570613
0.00710897
0.0105198
0.0137013
0.0166961
0.0170585
0.015827
0.0156924
0.0157964
0.0160133
0.017291
0.0183784
0.0189156
0.0197523
0.0207151
0.0217876
0.0227758
9.94261e-05
0.000581544
-0.0027234
0.00568958
0.00717696
0.0105317
0.013661
0.0166522
0.0170348
0.0157953
0.0157261
0.0157868
0.0161286
0.0172321
0.0183855
0.0188977
0.0197134
0.0206698
0.0216859
0.0226507
0.000115159
0.00071514
-0.00255582
0.00567628
0.0072496
0.0105444
0.01362
0.0166035
0.0170115
0.0157613
0.0157601
0.0157804
0.0162391
0.0171874
0.0183843
0.0188876
0.0196702
0.02062
0.0215855
0.0225252
0.000132877
0.000850281
-0.00238362
0.00566591
0.00732603
0.0105574
0.0135792
0.0165506
0.0169893
0.0157253
0.0157936
0.0157783
0.0163433
0.017156
0.0183742
0.0188822
0.0196231
0.0205647
0.0214857
0.0223997
0.000152731
0.000986515
-0.00220687
0.00565819
0.00740549
0.0105702
0.0135394
0.016494
0.0169683
0.0156879
0.0158258
0.0157816
0.0164401
0.0171368
0.0183551
0.0188783
0.0195726
0.0205031
0.0213862
0.0222744
0.000174884
0.00112342
-0.00202564
0.00565284
0.00748725
0.0105825
0.0135012
0.0164341
0.0169488
0.0156496
0.015855
0.0157911
0.0165283
0.0171287
0.0183277
0.018873
0.0195186
0.0204345
0.0212865
0.02215
0.000199504
0.00126064
-0.00183991
0.00564954
0.00757059
0.0105937
0.0134653
0.0163713
0.0169305
0.0156115
0.0158802
0.0158071
0.0166067
0.0171298
0.018293
0.0188644
0.0194614
0.0203577
0.021186
0.0220274
0.000226764
0.00139792
-0.00164956
0.00564801
0.00765484
0.0106035
0.013432
0.0163061
0.0169129
0.0155751
0.0159002
0.0158296
0.0166751
0.0171381
0.0182513
0.0188506
0.0194018
0.0202725
0.0210837
0.0219072
0.000256837
0.00153513
-0.00145439
0.00564806
0.00773949
0.0106113
0.0134017
0.0162393
0.0168952
0.0155415
0.0159142
0.0158582
0.0167336
0.0171514
0.0182033
0.0188297
0.0193403
0.0201796
0.0209795
0.02179
0.000289903
0.0016722
-0.00125417
0.00564963
0.00782425
0.0106171
0.0133742
0.0161714
0.0168764
0.0155117
0.0159214
0.0158929
0.0167823
0.0171672
0.0181501
0.0188013
0.0192784
0.0200787
0.0208713
0.0216762
0.000326149
0.00180913
-0.00104872
0.00565281
0.00790908
0.0106206
0.0133493
0.0161035
0.0168554
0.0154866
0.0159212
0.015933
0.0168219
0.0171834
0.0180925
0.0187631
0.0192179
0.0199747
0.0207583
0.0215624
0.000365785
0.00194589
-0.000837928
0.00565779
0.00799409
0.0106222
0.0133266
0.0160362
0.0168313
0.0154668
0.0159138
0.015977
0.0168537
0.0171987
0.0180318
0.018713
0.0191542
0.0198745
0.0206473
0.0214439
0.00040904
0.00208241
-0.000621745
0.00566474
0.00807949
0.010622
0.0133052
0.0159705
0.0168032
0.015452
0.0158999
0.0160245
0.0168789
0.0172111
0.0179665
0.0186529
0.0190825
0.0197773
0.020546
0.021322
0.000456146
0.00221856
-0.0004002
0.00567399
0.00816532
0.0106205
0.0132843
0.0159075
0.0167707
0.0154426
0.0158793
0.0160746
0.0168983
0.0172225
0.0178951
0.0185811
0.0190011
0.0196798
0.0204563
0.0212005
0.000507334
0.00235419
-0.000173312
0.00568592
0.00825141
0.0106184
0.0132626
0.0158479
0.0167332
0.0154379
0.0158533
0.0161247
0.0169128
0.0172334
0.0178213
0.0184949
0.018907
0.0195729
0.0203754
0.0210849
0.000562889
0.00248904
5.88715e-05
0.00570072
0.00833773
0.0106164
0.0132397
0.0157917
0.016692
0.0154353
0.0158265
0.0161703
0.0169282
0.0172368
0.0177524
0.0184012
0.0188004
0.0194515
0.0202612
0.0209805
0.000623085
0.00262283
0.000296166
0.00571872
0.00842407
0.010615
0.0132147
0.015739
0.0166475
0.015433
0.0158019
0.0162095
0.0169465
0.0172313
0.0176875
0.0183009
0.0186833
0.0193106
0.0201039
0.0208927
0.000688143
0.00275534
0.00053838
0.00574047
0.00850978
0.0106153
0.013187
0.0156905
0.0165998
0.0154312
0.0157789
0.0162457
0.0169649
0.017225
0.017622
0.0181863
0.0185545
0.0191433
0.0199278
0.0208243
0.000758351
0.00288629
0.000785352
0.00576638
0.00859424
0.010618
0.013156
0.0156457
0.0165501
0.015429
0.0157566
0.0162809
0.0169803
0.0172204
0.0175462
0.0180481
0.0184134
0.0189648
0.0197671
0.0207738
0.000834029
0.00301536
0.00103676
0.00579683
0.00867696
0.0106239
0.0131221
0.0156033
0.0165003
0.015425
0.0157362
0.016314
0.0169874
0.0172067
0.0174568
0.0179111
0.018265
0.0187856
0.01963
0.0207351
0.000915406
0.0031424
0.0012921
0.00583241
0.00875741
0.010634
0.013085
0.0155625
0.0164517
0.0154189
0.0157154
0.0163461
0.0169849
0.0171743
0.0173658
0.0177766
0.0181146
0.0186285
0.0195146
0.0206918
0.00100271
0.00326728
0.00155103
0.00587369
0.00883497
0.0106489
0.0130452
0.0155219
0.0164055
0.0154115
0.0156909
0.0163768
0.0169754
0.0171234
0.0172757
0.017645
0.0179752
0.018497
0.0194047
0.0206276
0.00109628
0.00338981
0.00181317
0.00592136
0.00890901
0.0106688
0.0130041
0.0154787
0.0163631
0.0154026
0.0156627
0.0164018
0.0169615
0.0170644
0.0171821
0.0175201
0.0178549
0.0183763
0.0192768
0.0205509
0.00119635
0.0035099
0.00207779
0.00597624
0.00897921
0.0106937
0.012963
0.0154318
0.0163251
0.0153923
0.0156293
0.0164191
0.0169477
0.0169915
0.0170841
0.0174042
0.0177437
0.018251
0.0191385
0.0204793
0.00130311
0.00362767
0.0023441
0.00603897
0.00904564
0.0107232
0.0129233
0.0153802
0.0162893
0.0153838
0.0155874
0.0164274
0.0169372
0.0169158
0.0169868
0.0172942
0.0176284
0.0181247
0.0190111
0.0204143
0.00141686
0.00374316
0.00261143
0.00611012
0.00910832
0.0107569
0.0128868
0.0153229
0.0162548
0.0153771
0.0155381
0.0164249
0.0169296
0.0168508
0.0168877
0.0171805
0.0175091
0.0180122
0.0188994
0.0203482
0.00153787
0.00385653
0.0028789
0.00619025
0.00916759
0.0107939
0.0128539
0.0152599
0.0162201
0.0153722
0.0154834
0.0164095
0.0169256
0.0167757
0.0167784
0.0170611
0.0173973
0.0179169
0.0187975
0.0202798
0.00166621
0.00396811
0.00314555
0.00627971
0.00922415
0.0108327
0.0128272
0.0151928
0.0161823
0.0153709
0.0154231
0.0163806
0.0169268
0.016703
0.0166611
0.0169414
0.0172935
0.0178307
0.018707
0.0202158
0.00180213
0.00407822
0.00341049
0.00637875
0.00927885
0.0108721
0.0128072
0.0151229
0.0161399
0.0153718
0.0153602
0.0163388
0.0169278
0.0166579
0.0165447
0.0168162
0.0171882
0.0177523
0.0186355
0.0201604
0.00194591
0.00418733
0.0036729
0.00648719
0.00933282
0.0109113
0.012793
0.0150515
0.0160918
0.0153741
0.0152979
0.0162823
0.0169262
0.0166294
0.0164292
0.0166816
0.0170816
0.0176835
0.0185839
0.0201149
0.00209761
0.00429227
0.0039319
0.00660461
0.00938758
0.0109497
0.0127831
0.0149798
0.0160376
0.0153783
0.0152369
0.0162118
0.0169204
0.0166128
0.0163201
0.0165435
0.0169714
0.0176158
0.0185493
0.0200847
0.0022587
0.00440071
0.0041867
0.00673062
0.00944431
0.0109872
0.0127759
0.0149081
0.0159777
0.0153836
0.0151794
0.0161295
0.0169045
0.0166075
0.0162271
0.0164041
0.01685
0.017544
0.0185318
0.0200733
0.00242619
0.00451027
0.00443691
0.00686427
0.00950374
0.0110246
0.0127702
0.0148363
0.0159126
0.0153896
0.0151279
0.0160359
0.016876
0.0166128
0.0161519
0.0162626
0.016719
0.0174663
0.0185226
0.0200772
0.00260148
0.00462137
0.00468205
0.00700441
0.00956674
0.0110631
0.0127649
0.0147643
0.0158428
0.0153964
0.0150842
0.0159324
0.0168334
0.0166229
0.0160949
0.0161262
0.0165849
0.0173787
0.0185074
0.0200929
0.00278476
0.00473466
0.00492188
0.00715002
0.00963369
0.0111032
0.0127598
0.0146919
0.0157686
0.0154031
0.0150501
0.0158211
0.0167743
0.0166333
0.0160581
0.0160026
0.0164485
0.0172778
0.018478
0.0201162
0.00297565
0.00485083
0.00515646
0.00729976
0.00970407
0.0111463
0.0127557
0.0146191
0.0156897
0.0154085
0.0150276
0.0157043
0.0166977
0.0166407
0.0160397
0.0158958
0.0163113
0.0171638
0.0184345
0.0201386
0.00317428
0.00497055
0.00538588
0.00745244
0.00977701
0.0111932
0.0127539
0.0145462
0.0156063
0.015411
0.0150182
0.0155858
0.0166027
0.0166411
0.0160364
0.0158092
0.0161788
0.0170423
0.0183689
0.0201513
0.00338047
0.00509441
0.00561041
0.00760727
0.00985136
0.0112441
0.0127556
0.0144743
0.0155189
0.0154083
0.0150222
0.01547
0.0164894
0.0166312
0.0160444
0.0157451
0.0160559
0.0169157
0.0182842
0.0201493
0.00359402
0.00522319
0.00583023
0.00776344
0.00992645
0.0112989
0.0127615
0.0144043
0.0154283
0.015398
0.0150388
0.0153633
0.0163583
0.0166081
0.0160598
0.0157032
0.0159459
0.0167888
0.0181841
0.0201314
0.00381458
0.00535762
0.00604567
0.00792049
0.0100017
0.0113561
0.0127723
0.0143378
0.0153359
0.0153783
0.0150656
0.0152714
0.0162113
0.0165685
0.016078
0.0156801
0.0158521
0.0166673
0.018078
0.0200998
0.00404176
0.0054984
0.00625724
0.00807794
0.0100763
0.0114145
0.0127883
0.0142762
0.0152437
0.0153487
0.0150978
0.0151994
0.0160529
0.0165097
0.0160948
0.015673
0.0157775
0.0165551
0.0179721
0.0200591
0.00427523
0.00564619
0.00646545
0.00823543
0.0101496
0.0114723
0.0128094
0.0142211
0.0151542
0.0153093
0.0151305
0.0151506
0.0158893
0.0164286
0.0161071
0.0156793
0.0157219
0.0164538
0.0178721
0.0200155
0.00451456
0.00580144
0.00667103
0.00839323
0.0102212
0.011527
0.0128353
0.0141746
0.0150697
0.0152615
0.0151578
0.015126
0.0157287
0.0163241
0.0161109
0.0156946
0.0156844
0.0163674
0.0177834
0.0199737
0.00475933
0.00596444
0.00687446
0.00855163
0.0102912
0.0115764
0.0128651
0.014138
0.0149923
0.0152074
0.0151745
0.0151235
0.0155805
0.0161974
0.0161011
0.0157154
0.0156661
0.0163
0.0177076
0.0199346
0.00500929
0.00613512
0.00707582
0.00871102
0.0103604
0.0116193
0.0128968
0.0141118
0.0149241
0.0151503
0.0151771
0.0151379
0.0154537
0.0160531
0.0160729
0.0157389
0.015666
0.0162512
0.0176439
0.0199002
0.00526423
0.00631321
0.007275
0.00887145
0.01043
0.0116558
0.0129286
0.014096
0.0148658
0.0150932
0.0151643
0.0151615
0.0153553
0.0158995
0.0160223
0.0157601
0.0156802
0.0162203
0.017594
0.019873
0.00552374
0.00649849
0.00747189
0.00903252
0.0105016
0.0116871
0.0129593
0.0140897
0.0148174
0.0150394
0.0151374
0.0151859
0.0152876
0.0157455
0.0159478
0.0157725
0.0157051
0.0162092
0.0175602
0.0198523
0.00578719
0.00669085
0.00766666
0.00919361
0.0105768
0.0117149
0.0129872
0.0140912
0.0147783
0.0149914
0.0150991
0.0152027
0.0152481
0.0156021
0.0158524
0.0157708
0.0157378
0.0162177
0.0175412
0.0198378
0.00605396
0.00689018
0.0078597
0.0093539
0.0106573
0.0117413
0.0130106
0.0140984
0.0147484
0.0149513
0.0150536
0.0152063
0.0152303
0.0154799
0.0157438
0.0157517
0.0157721
0.0162419
0.0175379
0.019832
0.00632348
0.00709621
0.00805125
0.00951296
0.0107441
0.0117679
0.0130275
0.0141089
0.0147271
0.0149202
0.0150061
0.0151941
0.0152271
0.0153854
0.0156324
0.0157145
0.0158008
0.0162788
0.017552
0.0198358
0.00659521
0.0073086
0.00824159
0.00967052
0.0108379
0.0117964
0.0130373
0.0141203
0.014714
0.0148982
0.0149611
0.0151662
0.0152311
0.0153189
0.0155285
0.0156621
0.0158189
0.0163236
0.0175814
0.0198485
0.00686861
0.00752693
0.00843121
0.00982624
0.0109386
0.011829
0.0130404
0.0141299
0.0147083
0.0148849
0.0149225
0.0151258
0.0152283
0.0152743
0.015439
0.0156012
0.0158239
0.0163687
0.0176219
0.0198714
0.00714326
0.00775075
0.0086204
0.00997969
0.0110457
0.0118676
0.0130376
0.0141353
0.0147084
0.0148796
0.0148933
0.0150783
0.0152146
0.0152447
0.0153671
0.0155391
0.0158151
0.0164072
0.0176694
0.0199042
0.00741893
0.00797972
0.00880928
0.0101303
0.0111584
0.0119144
0.0130306
0.0141344
0.0147125
0.0148814
0.0148751
0.0150292
0.0151898
0.0152225
0.0153122
0.0154812
0.0157953
0.0164355
0.0177179
0.0199437
0.00769531
0.00821345
0.00899809
0.0102774
0.0112753
0.0119707
0.0130222
0.014126
0.0147179
0.014889
0.0148681
0.0149832
0.0151554
0.0152014
0.0152706
0.0154311
0.0157692
0.016452
0.0177611
0.0199859
0.00797197
0.00845147
0.00918712
0.010421
0.0113951
0.0120373
0.0130157
0.01411
0.0147219
0.0149008
0.0148715
0.0149441
0.0151142
0.0151774
0.0152378
0.0153904
0.0157414
0.0164575
0.0177948
0.0200266
0.00824829
0.00869317
0.00937692
0.0105612
0.0115162
0.0121135
0.0130138
0.0140872
0.0147222
0.0149147
0.0148841
0.0149149
0.0150695
0.0151487
0.0152093
0.0153578
0.0157151
0.0164547
0.017818
0.0200627
0.00852359
0.00893777
0.00956837
0.0106987
0.0116368
0.0121982
0.0130194
0.0140592
0.0147172
0.0149283
0.0149032
0.0148975
0.0150253
0.015115
0.0151808
0.01533
0.0156912
0.016447
0.017832
0.0200926
0.00879717
0.00918451
0.00976224
0.010834
0.0117553
0.0122898
0.0130343
0.0140288
0.014706
0.0149398
0.0149257
0.0148916
0.0149858
0.015078
0.0151502
0.0153037
0.0156696
0.0164371
0.0178392
0.0201159
0.00906845
0.00943259
0.00995888
0.0109678
0.011871
0.0123862
0.0130593
0.0139988
0.0146887
0.0149477
0.0149486
0.014895
0.0149532
0.0150398
0.0151169
0.0152765
0.0156491
0.0164264
0.0178425
0.020134
0.00933712
0.00968111
0.0101582
0.0111009
0.0119831
0.0124854
0.0130946
0.0139722
0.0146654
0.0149505
0.0149694
0.014906
0.0149297
0.0150031
0.0150818
0.0152465
0.0156271
0.0164142
0.0178432
0.0201484
0.00960285
0.00992918
0.0103598
0.0112338
0.0120916
0.0125856
0.0131392
0.0139513
0.0146371
0.0149474
0.0149866
0.0149247
0.0149162
0.0149701
0.0150463
0.0152135
0.0156014
0.0163986
0.0178404
0.020159
0.00986532
0.0101759
0.0105634
0.0113671
0.0121962
0.0126854
0.0131918
0.0139379
0.0146059
0.0149376
0.0149987
0.014942
0.01491
0.0149417
0.0150116
0.0151785
0.0155717
0.0163783
0.0178325
0.0201644
0.0101243
0.0104204
0.0107681
0.0115012
0.012297
0.0127834
0.0132509
0.0139331
0.0145741
0.014921
0.0150048
0.0149559
0.0149081
0.0149174
0.014978
0.0151423
0.0155384
0.0163529
0.0178187
0.0201639
0.0103793
0.010662
0.0109732
0.0116365
0.0123942
0.0128785
0.0133146
0.0139366
0.0145441
0.014898
0.0150043
0.0149655
0.0149076
0.0148963
0.0149449
0.0151051
0.0155013
0.0163213
0.0177973
0.0201562
0.0106302
0.0108996
0.011178
0.0117733
0.012488
0.0129699
0.0133812
0.0139476
0.0145183
0.0148694
0.014996
0.0149703
0.0149063
0.0148769
0.0149118
0.0150664
0.0154606
0.0162836
0.0177675
0.0201393
0.0108762
0.0111326
0.0113816
0.0119118
0.0125787
0.0130569
0.013449
0.0139642
0.0144979
0.0148377
0.0149787
0.0149693
0.0149027
0.0148577
0.0148774
0.0150249
0.0154161
0.0162402
0.01773
0.0201131
0.011117
0.0113601
0.0115831
0.0120518
0.0126668
0.0131389
0.013517
0.0139843
0.0144821
0.0148057
0.0149531
0.0149605
0.0148954
0.0148378
0.0148409
0.0149792
0.0153665
0.0161905
0.0176846
0.020077
0.011352
0.0115817
0.0117815
0.0121928
0.0127527
0.0132151
0.0135844
0.0140066
0.0144688
0.0147758
0.0149211
0.0149415
0.0148818
0.0148156
0.0148025
0.0149287
0.0153104
0.016133
0.01763
0.0200301
0.0115807
0.0117968
0.0119755
0.0123344
0.012837
0.0132845
0.0136499
0.0140312
0.0144561
0.014748
0.0148788
0.0149105
0.0148585
0.0147881
0.0147613
0.0148734
0.015247
0.0160664
0.0175649
0.0199706
0.0118025
0.0120049
0.0121638
0.0124754
0.012921
0.0133473
0.013711
0.0140575
0.014442
0.0147219
0.0148405
0.0148717
0.014824
0.0147516
0.0147146
0.0148122
0.0151754
0.0159895
0.0174878
0.0198973
0.0120165
0.0122062
0.0123461
0.012614
0.0130047
0.013404
0.0137654
0.0140852
0.0144264
0.0146945
0.0148058
0.0148286
0.0147803
0.0147041
0.0146587
0.014742
0.0150925
0.0158982
0.0173947
0.0198065
0.0122213
0.0123996
0.0125223
0.0127493
0.0130871
0.0134559
0.0138113
0.0141119
0.0144105
0.0146636
0.0147727
0.0147836
0.014729
0.0146466
0.0145926
0.014662
0.014998
0.0157916
0.0172808
0.0196919
0.012416
0.0125849
0.012692
0.0128804
0.0131657
0.0135011
0.0138488
0.0141373
0.014394
0.0146305
0.0147423
0.0147408
0.0146738
0.0145803
0.0145157
0.0145711
0.0148901
0.0156667
0.0171435
0.0195497
0.0125992
0.0127626
0.0128549
0.0130069
0.0132411
0.0135359
0.013867
0.0141568
0.0143871
0.0145749
0.0146984
0.0146913
0.0146121
0.0145048
0.0144282
0.0144689
0.0147713
0.0155305
0.0169887
0.0193773
0.0127678
0.0129359
0.0130163
0.01313
0.0133147
0.0135701
0.01387
0.0141554
0.0143985
0.0146769
0.0146951
0.014659
0.014564
0.014439
0.0143453
0.0143717
0.0146583
0.015402
0.0168441
0.0192171
0.0129154
0.0130912
0.0131645
0.0132403
0.013375
0.0136
0.013885
0.0141398
0.0143093
0.014395
0.0145652
0.0145619
0.014459
0.0143125
0.0141882
0.014186
0.0144457
0.0151653
0.0165899
0.0189525
0.0130902
0.0132459
0.0132906
0.0133226
0.0134005
0.0135911
0.0138864
0.0142117
0.0144405
0.0146312
0.0146767
0.01466
0.014553
0.0143758
0.014186
0.0140809
0.0142155
0.0148017
0.0160969
0.0183375
0.0131801
0.0134133
0.0134437
0.0134163
0.0134346
0.0136015
0.0138064
0.0140153
0.0141364
0.0142501
0.0143858
0.0144407
0.0144204
0.0144
0.0144117
0.0145308
0.0148414
0.0155059
0.016777
0.0189299
0.013432
0.0134608
0.0134336
0.0134233
0.0134927
0.0137149
0.0140196
0.0143271
0.0146302
0.0147672
0.0147345
0.0146228
0.0143428
0.0139131
0.0134354
0.0130406
0.0129539
0.0133143
0.0144143
0.0164772
0.013722
0.0134583
0.0134134
0.0134181
0.0135257
0.0135652
0.0135706
0.0136059
0.0137193
0.0140312
0.0143867
0.0146342
0.014942
0.0154224
0.0161781
0.0171915
0.0182626
0.0191778
0.0195369
0.0190092
0.0137736
0.0135424
0.0134431
0.0135056
0.0136773
0.0139123
0.0142304
0.0145248
0.0147427
0.0147974
0.0146606
0.0143036
0.0137161
0.012982
0.0122464
0.0116251
0.0112636
0.0113756
0.0122138
0.0140147
0.0139784
0.0135607
0.0134233
0.0134782
0.0136856
0.0138012
0.0138661
0.0138568
0.0138773
0.0140423
0.0142033
0.0142331
0.0142795
0.0144735
0.0149086
0.0155876
0.0164375
0.0171908
0.0174683
0.0169108
0.0140002
0.0135621
0.013434
0.013573
0.0139055
0.0142814
0.0147098
0.0150347
0.0151646
0.014985
0.0144903
0.0136225
0.0123963
0.0109715
0.00962062
0.00858386
0.00803911
0.00814902
0.00911835
0.0111344
0.0284829
0.0185712
0.0150048
0.0167775
0.0191651
0.0210512
0.0225905
0.0241284
0.0257951
0.0275702
0.0294784
0.0313314
0.0329994
0.0347593
0.0366754
0.0385589
0.0404548
0.0424696
0.0446164
0.0467945
0.0487751
0.0506391
0.0528972
0.0554958
0.058094
0.0606739
0.0632788
0.0660195
0.0688315
0.0717598
0.0748087
0.0779848
0.0812745
0.0846452
0.0881641
0.0918532
0.095669
0.0996136
0.103717
0.107887
0.112347
0.116897
0.121589
0.126526
0.131484
0.136797
0.142068
0.14757
0.15308
0.15823
0.0282418
0.0186288
0.0150495
0.0167971
0.019176
0.0210581
0.0225953
0.0241319
0.0257978
0.0275723
0.0294801
0.031333
0.0330007
0.0347604
0.0366765
0.0385599
0.0404557
0.0424704
0.0446172
0.0467952
0.0487757
0.0506397
0.0528977
0.0554963
0.0580944
0.0606743
0.0632792
0.0660198
0.0688318
0.0717601
0.0748089
0.077985
0.0812747
0.0846454
0.0881642
0.0918534
0.0956691
0.0996137
0.103717
0.107887
0.112347
0.116897
0.121589
0.126526
0.131484
0.136797
0.142068
0.14757
0.15308
0.15823
0.0279671
0.0187303
0.0151214
0.0168202
0.0191879
0.0210657
0.0226003
0.0241354
0.0258004
0.0275743
0.0294817
0.0313344
0.0330019
0.0347614
0.0366774
0.0385608
0.0404565
0.0424712
0.0446178
0.0467959
0.0487764
0.0506402
0.0528981
0.0554967
0.0580948
0.0606746
0.0632795
0.0660201
0.068832
0.0717603
0.0748091
0.0779852
0.0812749
0.0846456
0.0881643
0.0918535
0.0956692
0.0996138
0.103717
0.107887
0.112348
0.116897
0.121589
0.126526
0.131484
0.136797
0.142068
0.14757
0.15308
0.15823
0.0277215
0.0188719
0.0152262
0.0168522
0.0192036
0.021076
0.0226069
0.02414
0.0258036
0.0275766
0.0294836
0.031336
0.0330032
0.0347624
0.0366783
0.0385616
0.0404573
0.0424719
0.0446185
0.0467966
0.048777
0.0506406
0.0528984
0.0554971
0.0580952
0.060675
0.0632798
0.0660204
0.0688323
0.0717605
0.0748093
0.0779854
0.0812751
0.0846457
0.0881645
0.0918536
0.0956693
0.0996139
0.103717
0.107887
0.112348
0.116897
0.121589
0.126526
0.131484
0.136797
0.142068
0.14757
0.15308
0.15823
0.0274888
0.019034
0.0153553
0.0168926
0.0192242
0.0210903
0.0226164
0.0241465
0.0258084
0.0275799
0.0294859
0.0313379
0.0330048
0.0347637
0.0366793
0.0385625
0.0404581
0.0424727
0.0446193
0.0467974
0.0487778
0.0506411
0.0528988
0.0554976
0.0580956
0.0606754
0.0632801
0.0660207
0.0688326
0.0717608
0.0748095
0.0779856
0.0812752
0.0846459
0.0881646
0.0918538
0.0956694
0.099614
0.103717
0.107887
0.112348
0.116897
0.121589
0.126526
0.131484
0.136797
0.142068
0.14757
0.15308
0.15823
0.0272473
0.0192033
0.0154977
0.016938
0.0192486
0.0211086
0.0226291
0.0241556
0.025815
0.0275845
0.029489
0.0313403
0.0330068
0.0347653
0.0366805
0.0385633
0.0404588
0.0424735
0.04462
0.0467982
0.0487786
0.0506416
0.0528992
0.0554981
0.0580961
0.0606758
0.0632805
0.066021
0.0688329
0.071761
0.0748097
0.0779858
0.0812754
0.0846461
0.0881648
0.0918539
0.0956696
0.0996142
0.103718
0.107887
0.112348
0.116897
0.121589
0.126526
0.131484
0.136797
0.142068
0.14757
0.15308
0.15823
0.0269935
0.0193755
0.0156485
0.0169857
0.0192749
0.0211299
0.0226448
0.0241672
0.0258237
0.0275905
0.029493
0.0313433
0.0330095
0.0347674
0.0366819
0.0385642
0.0404596
0.0424742
0.0446208
0.0467992
0.0487796
0.0506422
0.0528997
0.0554987
0.0580967
0.0606763
0.063281
0.0660214
0.0688332
0.0717613
0.07481
0.077986
0.0812757
0.0846463
0.088165
0.0918541
0.0956697
0.0996143
0.103718
0.107888
0.112348
0.116897
0.121589
0.126526
0.131484
0.136797
0.142068
0.14757
0.15308
0.158231
0.0267319
0.0195496
0.0158056
0.0170346
0.0193021
0.021153
0.0226626
0.0241806
0.025834
0.027598
0.0294978
0.0313467
0.0330127
0.0347702
0.0366838
0.0385653
0.0404604
0.0424748
0.0446214
0.0468002
0.0487807
0.050643
0.0529003
0.0554993
0.0580973
0.0606768
0.0632814
0.0660218
0.0688336
0.0717617
0.0748103
0.0779863
0.0812759
0.0846465
0.0881652
0.0918543
0.0956699
0.0996145
0.103718
0.107888
0.112348
0.116897
0.121589
0.126526
0.131484
0.136797
0.142068
0.14757
0.15308
0.158231
0.0264663
0.019724
0.0159686
0.0170845
0.0193295
0.0211773
0.0226819
0.0241955
0.0258455
0.0276065
0.0295035
0.0313507
0.0330164
0.0347736
0.0366862
0.0385668
0.0404613
0.0424754
0.0446219
0.0468011
0.048782
0.0506439
0.052901
0.0555001
0.0580979
0.0606774
0.063282
0.0660224
0.0688341
0.0717621
0.0748107
0.0779866
0.0812762
0.0846468
0.0881655
0.0918545
0.0956701
0.0996146
0.103718
0.107888
0.112348
0.116898
0.121589
0.126526
0.131484
0.136797
0.142069
0.14757
0.153081
0.158232
0.0261989
0.0198974
0.0161374
0.0171355
0.019357
0.0212024
0.0227022
0.0242112
0.0258578
0.0276159
0.0295099
0.031355
0.0330204
0.0347775
0.0366891
0.0385686
0.0404625
0.042476
0.0446221
0.0468018
0.0487833
0.0506451
0.0529019
0.0555009
0.0580986
0.060678
0.0632826
0.066023
0.0688347
0.0717627
0.0748112
0.077987
0.0812765
0.0846471
0.0881658
0.0918548
0.0956703
0.0996148
0.103718
0.107888
0.112348
0.116898
0.121589
0.126526
0.131484
0.136797
0.142069
0.147571
0.153081
0.158233
0.0259322
0.0200691
0.016312
0.0171882
0.0193846
0.0212283
0.0227234
0.0242277
0.0258707
0.0276257
0.0295168
0.0313597
0.0330246
0.0347817
0.0366925
0.0385709
0.040464
0.0424768
0.0446221
0.0468022
0.0487846
0.0506464
0.0529032
0.055502
0.0580994
0.0606787
0.0632833
0.0660237
0.0688354
0.0717633
0.0748117
0.0779875
0.0812769
0.0846474
0.0881662
0.0918551
0.0956706
0.0996151
0.103718
0.107888
0.112349
0.116898
0.12159
0.126527
0.131485
0.136797
0.142069
0.147571
0.153082
0.158233
0.0256695
0.0202388
0.0164921
0.0172427
0.019412
0.0212547
0.0227453
0.0242449
0.025884
0.0276359
0.0295241
0.0313647
0.0330289
0.034786
0.0366961
0.0385736
0.0404659
0.0424777
0.044622
0.0468021
0.0487855
0.0506478
0.0529047
0.0555034
0.0581002
0.0606793
0.063284
0.0660245
0.0688362
0.0717641
0.0748124
0.077988
0.0812773
0.0846479
0.0881666
0.0918555
0.0956709
0.0996154
0.103719
0.107889
0.112349
0.116898
0.12159
0.126527
0.131485
0.136798
0.142069
0.147571
0.153082
0.158234
0.0254141
0.0204063
0.0166773
0.0172992
0.0194391
0.0212816
0.0227681
0.0242627
0.0258978
0.0276465
0.0295317
0.03137
0.0330334
0.0347905
0.0367
0.0385766
0.0404681
0.0424789
0.0446218
0.0468017
0.0487861
0.050649
0.0529065
0.0555051
0.0581012
0.0606799
0.0632847
0.0660253
0.0688371
0.071765
0.0748132
0.0779887
0.0812779
0.0846485
0.0881672
0.091856
0.0956713
0.0996157
0.103719
0.107889
0.112349
0.116899
0.12159
0.126527
0.131485
0.136798
0.142069
0.147572
0.153083
0.158236
0.0251686
0.0205713
0.0168673
0.017358
0.0194658
0.0213089
0.0227916
0.0242811
0.0259121
0.0276575
0.0295396
0.0313755
0.033038
0.0347951
0.036704
0.0385797
0.0404705
0.0424803
0.0446215
0.0468008
0.0487861
0.0506499
0.0529084
0.0555072
0.0581023
0.0606805
0.0632853
0.066026
0.068838
0.0717659
0.074814
0.0779894
0.0812785
0.0846492
0.0881679
0.0918566
0.0956718
0.0996161
0.10372
0.10789
0.11235
0.116899
0.12159
0.126527
0.131485
0.136798
0.14207
0.147572
0.153084
0.158237
0.0249343
0.0207337
0.0170621
0.0174196
0.0194919
0.0213363
0.0228158
0.0243001
0.025927
0.0276689
0.0295476
0.0313811
0.0330428
0.0347998
0.0367081
0.038583
0.0404731
0.0424818
0.0446211
0.0467994
0.0487856
0.0506504
0.0529102
0.0555096
0.0581037
0.0606811
0.0632859
0.0660268
0.068839
0.071767
0.074815
0.0779902
0.0812792
0.08465
0.0881688
0.0918574
0.0956723
0.0996166
0.10372
0.10789
0.11235
0.116899
0.121591
0.126528
0.131486
0.136799
0.14207
0.147573
0.153085
0.158238
0.0247112
0.0208931
0.017262
0.0174846
0.0195175
0.0213638
0.0228407
0.0243197
0.0259424
0.0276808
0.0295559
0.0313868
0.0330477
0.0348047
0.0367123
0.0385865
0.0404758
0.0424834
0.0446206
0.0467974
0.0487845
0.0506505
0.0529119
0.0555122
0.0581053
0.0606817
0.0632864
0.0660275
0.06884
0.0717681
0.0748161
0.0779911
0.0812799
0.0846508
0.0881698
0.0918582
0.095673
0.0996171
0.103721
0.107891
0.112351
0.1169
0.121591
0.126528
0.131486
0.136799
0.142071
0.147574
0.153087
0.15824
0.0244982
0.0210492
0.0174676
0.0175539
0.0195427
0.0213913
0.0228663
0.0243399
0.0259584
0.0276933
0.0295643
0.0313926
0.0330529
0.03481
0.0367166
0.0385901
0.0404787
0.0424851
0.0446201
0.0467949
0.0487826
0.0506501
0.0529132
0.0555148
0.0581071
0.0606823
0.0632868
0.0660282
0.0688409
0.0717693
0.0748173
0.0779921
0.0812807
0.0846518
0.088171
0.0918592
0.0956737
0.0996177
0.103721
0.107891
0.112351
0.1169
0.121592
0.126529
0.131487
0.1368
0.142071
0.147575
0.153089
0.158242
0.0242937
0.0212012
0.0176794
0.0176286
0.0195677
0.0214189
0.0228927
0.0243607
0.025975
0.0277063
0.0295731
0.0313985
0.0330582
0.0348155
0.0367212
0.0385939
0.0404817
0.0424869
0.0446194
0.0467919
0.04878
0.0506494
0.0529142
0.0555174
0.058109
0.0606829
0.0632872
0.0660289
0.0688419
0.0717705
0.0748185
0.0779931
0.0812815
0.0846528
0.0881722
0.0918603
0.0956745
0.0996184
0.103722
0.107892
0.112352
0.116901
0.121592
0.12653
0.131487
0.1368
0.142072
0.147576
0.15309
0.158244
0.0240962
0.0213486
0.017898
0.0177094
0.0195927
0.0214463
0.0229201
0.0243823
0.0259922
0.0277199
0.0295823
0.0314044
0.0330637
0.0348213
0.036726
0.0385978
0.0404849
0.0424887
0.0446187
0.0467884
0.0487767
0.0506484
0.052915
0.0555198
0.058111
0.0606835
0.0632877
0.0660296
0.0688429
0.0717717
0.0748197
0.0779942
0.0812824
0.0846538
0.0881736
0.0918615
0.0956754
0.0996191
0.103723
0.107893
0.112353
0.116902
0.121593
0.12653
0.131488
0.136801
0.142073
0.147577
0.153092
0.158246
0.0239049
0.0214908
0.0181236
0.0177975
0.0196179
0.0214734
0.0229482
0.0244048
0.02601
0.027734
0.0295919
0.0314106
0.0330695
0.0348274
0.0367311
0.0386018
0.0404881
0.0424907
0.044618
0.0467845
0.0487728
0.0506474
0.0529156
0.0555219
0.058113
0.0606842
0.0632881
0.0660304
0.068844
0.0717729
0.074821
0.0779953
0.0812832
0.0846549
0.088175
0.0918628
0.0956763
0.0996198
0.103723
0.107894
0.112354
0.116902
0.121594
0.126531
0.131489
0.136802
0.142073
0.147578
0.153095
0.158248
0.0237193
0.0216269
0.018356
0.0178937
0.0196436
0.0215001
0.0229772
0.0244282
0.0260285
0.0277487
0.029602
0.0314171
0.0330757
0.0348338
0.0367365
0.038606
0.0404915
0.0424928
0.0446172
0.0467803
0.0487687
0.0506466
0.0529164
0.0555239
0.058115
0.0606849
0.0632887
0.0660312
0.0688451
0.0717742
0.0748223
0.0779964
0.0812841
0.0846559
0.0881765
0.0918642
0.0956773
0.0996206
0.103724
0.107895
0.112355
0.116903
0.121594
0.126532
0.131489
0.136803
0.142074
0.14758
0.153097
0.158251
0.0235394
0.0217563
0.0185951
0.0179988
0.0196699
0.0215262
0.0230068
0.0244525
0.0260476
0.0277639
0.0296125
0.031424
0.0330821
0.0348405
0.0367422
0.0386103
0.040495
0.042495
0.0446166
0.0467759
0.0487644
0.0506463
0.0529175
0.0555256
0.0581169
0.0606856
0.0632893
0.0660322
0.0688464
0.0717757
0.0748236
0.0779976
0.081285
0.084657
0.088178
0.0918657
0.0956784
0.0996214
0.103725
0.107896
0.112356
0.116904
0.121595
0.126532
0.13149
0.136803
0.142075
0.147581
0.1531
0.158254
0.0233657
0.0218784
0.0188402
0.0181136
0.0196974
0.0215514
0.023037
0.0244778
0.0260675
0.0277797
0.0296236
0.0314312
0.0330889
0.0348475
0.0367481
0.0386147
0.0404985
0.0424975
0.0446161
0.0467715
0.0487605
0.050647
0.0529194
0.0555272
0.0581186
0.0606864
0.0632901
0.0660332
0.0688477
0.0717772
0.0748249
0.0779987
0.0812859
0.0846582
0.0881795
0.0918671
0.0956795
0.0996223
0.103726
0.107897
0.112357
0.116905
0.121596
0.126533
0.131491
0.136804
0.142076
0.147583
0.153103
0.158256
0.0231989
0.0219927
0.0190904
0.0182389
0.0197265
0.0215756
0.0230675
0.0245041
0.0260881
0.0277961
0.0296352
0.0314389
0.0330961
0.0348549
0.0367544
0.0386193
0.0405021
0.0425001
0.0446158
0.0467672
0.048757
0.050649
0.0529223
0.0555287
0.05812
0.0606871
0.0632909
0.0660343
0.0688491
0.0717788
0.0748264
0.0779998
0.0812868
0.0846594
0.0881811
0.0918687
0.0956807
0.0996232
0.103727
0.107898
0.112358
0.116905
0.121597
0.126534
0.131492
0.136805
0.142077
0.147585
0.153106
0.158259
0.0230396
0.0220987
0.0193448
0.0183751
0.0197577
0.0215986
0.0230982
0.0245314
0.0261096
0.0278132
0.0296474
0.0314471
0.0331036
0.0348626
0.036761
0.038624
0.0405058
0.0425029
0.0446159
0.0467632
0.0487543
0.0506526
0.0529264
0.0555303
0.0581211
0.0606878
0.0632918
0.0660356
0.0688505
0.0717806
0.0748279
0.0780009
0.0812878
0.0846607
0.0881828
0.0918702
0.0956819
0.0996242
0.103728
0.1079
0.112359
0.116906
0.121598
0.126535
0.131493
0.136806
0.142078
0.147586
0.153109
0.158262
0.0228893
0.0221965
0.0196018
0.0185226
0.0197918
0.0216205
0.0231289
0.0245596
0.026132
0.0278309
0.0296601
0.0314557
0.0331115
0.0348708
0.0367679
0.0386288
0.0405097
0.0425059
0.0446163
0.0467593
0.0487524
0.0506577
0.0529318
0.0555319
0.0581219
0.0606884
0.0632929
0.0660369
0.068852
0.0717825
0.0748295
0.078002
0.0812887
0.084662
0.0881845
0.0918719
0.0956831
0.0996252
0.103729
0.107901
0.11236
0.116907
0.121598
0.126536
0.131494
0.136808
0.14208
0.147588
0.153112
0.158266
0.022749
0.0222863
0.0198602
0.0186814
0.0198295
0.0216412
0.0231592
0.0245887
0.0261554
0.0278494
0.0296733
0.0314648
0.0331198
0.0348793
0.0367751
0.0386339
0.0405136
0.0425092
0.044617
0.0467558
0.0487512
0.0506645
0.0529385
0.0555336
0.0581223
0.060689
0.063294
0.0660383
0.0688536
0.0717844
0.0748312
0.0780031
0.0812897
0.0846634
0.0881863
0.0918735
0.0956844
0.0996262
0.10373
0.107902
0.112361
0.116908
0.121599
0.126537
0.131495
0.136809
0.142081
0.14759
0.153116
0.158269
0.022618
0.0223686
0.0201184
0.0188515
0.0198719
0.0216607
0.023189
0.0246186
0.0261797
0.0278686
0.0296872
0.0314745
0.0331284
0.0348882
0.0367826
0.0386391
0.0405177
0.0425126
0.044618
0.0467525
0.0487507
0.0506725
0.0529462
0.0555355
0.0581224
0.0606895
0.0632951
0.0660398
0.0688552
0.0717865
0.0748329
0.0780043
0.0812908
0.0846648
0.0881882
0.0918753
0.0956858
0.0996273
0.103731
0.107904
0.112362
0.116909
0.1216
0.126538
0.131496
0.13681
0.142082
0.147592
0.15312
0.158272
0.0224968
0.0224435
0.0203746
0.0190324
0.01992
0.0216795
0.0232179
0.0246493
0.0262051
0.0278887
0.0297017
0.0314846
0.0331374
0.0348975
0.0367904
0.0386446
0.040522
0.0425162
0.0446192
0.0467495
0.0487507
0.0506814
0.0529549
0.0555375
0.0581223
0.0606899
0.0632963
0.0660413
0.0688569
0.0717887
0.0748348
0.0780055
0.0812918
0.0846663
0.0881901
0.091877
0.0956872
0.0996284
0.103732
0.107905
0.112364
0.11691
0.121601
0.126539
0.131497
0.136811
0.142083
0.147595
0.153123
0.158276
0.0223882
0.0225114
0.0206267
0.0192233
0.019975
0.0216978
0.0232457
0.0246804
0.0262316
0.0279097
0.0297169
0.0314952
0.0331468
0.0349073
0.0367985
0.0386503
0.0405264
0.04252
0.0446206
0.0467466
0.048751
0.050691
0.0529641
0.0555397
0.058122
0.0606902
0.0632976
0.066043
0.0688587
0.071791
0.0748367
0.0780067
0.081293
0.0846679
0.0881922
0.0918789
0.0956887
0.0996296
0.103733
0.107906
0.112365
0.116911
0.121602
0.12654
0.131498
0.136813
0.142085
0.147597
0.153127
0.15828
0.0222977
0.0225738
0.0208729
0.0194228
0.0200377
0.021716
0.0232721
0.0247118
0.0262591
0.0279315
0.0297328
0.0315064
0.0331567
0.0349174
0.036807
0.0386562
0.0405311
0.042524
0.0446222
0.0467439
0.0487516
0.050701
0.0529739
0.055542
0.0581216
0.0606905
0.063299
0.0660446
0.0688605
0.0717934
0.0748387
0.0780081
0.0812941
0.0846695
0.0881943
0.0918808
0.0956902
0.0996308
0.103735
0.107908
0.112367
0.116912
0.121603
0.126541
0.131499
0.136814
0.142086
0.147599
0.153132
0.158284
0.0222315
0.022633
0.0211121
0.0196304
0.0201092
0.0217347
0.023297
0.0247433
0.0262876
0.0279544
0.0297495
0.0315181
0.033167
0.034928
0.0368158
0.0386624
0.0405359
0.0425281
0.0446239
0.0467413
0.0487524
0.0507114
0.0529839
0.0555444
0.0581213
0.0606909
0.0633004
0.0660464
0.0688624
0.0717959
0.0748408
0.0780095
0.0812954
0.0846711
0.0881965
0.0918828
0.0956918
0.0996321
0.103736
0.107909
0.112368
0.116913
0.121604
0.126542
0.1315
0.136815
0.142088
0.147601
0.153136
0.158288
0.0221923
0.0226903
0.0213435
0.0198454
0.0201908
0.0217549
0.0233203
0.0247745
0.0263171
0.0279783
0.029767
0.0315305
0.0331778
0.034939
0.036825
0.0386688
0.0405409
0.0425324
0.0446257
0.0467389
0.0487534
0.0507219
0.0529942
0.055547
0.0581209
0.0606912
0.0633019
0.0660482
0.0688644
0.0717984
0.074843
0.0780109
0.0812966
0.0846728
0.0881988
0.0918849
0.0956935
0.0996335
0.103737
0.107911
0.11237
0.116915
0.121605
0.126543
0.131501
0.136817
0.14209
0.147604
0.153141
0.158292
0.0221795
0.022747
0.0215661
0.0200666
0.0202831
0.0217772
0.023342
0.0248052
0.0263474
0.0280034
0.0297855
0.0315435
0.033189
0.0349505
0.0368346
0.0386756
0.0405461
0.0425369
0.0446277
0.0467366
0.0487545
0.0507325
0.0530045
0.0555496
0.0581206
0.0606916
0.0633034
0.0660501
0.0688664
0.0718011
0.0748452
0.0780125
0.081298
0.0846746
0.0882012
0.091887
0.0956953
0.0996349
0.103738
0.107913
0.112371
0.116916
0.121607
0.126545
0.131503
0.136818
0.142091
0.147607
0.153145
0.158296
0.0221879
0.0228045
0.0217783
0.0202915
0.020386
0.0218023
0.0233621
0.024835
0.0263784
0.0280296
0.0298049
0.0315571
0.0332008
0.0349624
0.0368446
0.0386826
0.0405516
0.0425415
0.0446297
0.0467344
0.0487557
0.0507433
0.053015
0.0555524
0.0581204
0.0606921
0.063305
0.066052
0.0688685
0.0718038
0.0748474
0.0780141
0.0812993
0.0846764
0.0882037
0.0918892
0.0956971
0.0996364
0.10374
0.107914
0.112373
0.116917
0.121608
0.126546
0.131504
0.13682
0.142093
0.147609
0.15315
0.158301
0.0222095
0.0228614
0.021979
0.0205187
0.0204998
0.0218312
0.0233809
0.0248635
0.0264099
0.028057
0.0298254
0.0315715
0.0332132
0.0349749
0.036855
0.0386899
0.0405572
0.0425464
0.0446318
0.0467324
0.048757
0.050754
0.0530256
0.0555554
0.0581203
0.0606926
0.0633067
0.0660541
0.0688708
0.0718067
0.0748498
0.0780158
0.0813007
0.0846783
0.0882063
0.0918915
0.095699
0.0996379
0.103741
0.107916
0.112375
0.116918
0.121609
0.126547
0.131505
0.136822
0.142095
0.147612
0.153155
0.158305
0.0222354
0.0229178
0.0221692
0.0207475
0.0206247
0.0218651
0.023399
0.0248907
0.0264415
0.0280856
0.0298471
0.0315868
0.0332261
0.0349878
0.0368659
0.0386976
0.0405631
0.0425514
0.0446341
0.0467305
0.0487585
0.0507649
0.0530362
0.0555584
0.0581203
0.0606931
0.0633084
0.0660562
0.0688731
0.0718096
0.0748522
0.0780176
0.0813022
0.0846802
0.088209
0.0918939
0.0957009
0.0996395
0.103742
0.107918
0.112377
0.11692
0.12161
0.126549
0.131507
0.136823
0.142097
0.147615
0.153161
0.15831
0.0222641
0.0229778
0.0223505
0.0209765
0.0207596
0.0219047
0.0234168
0.0249163
0.0264728
0.0281153
0.0298701
0.0316029
0.0332396
0.0350013
0.0368773
0.0387056
0.0405693
0.0425566
0.0446364
0.0467287
0.0487601
0.0507758
0.0530469
0.0555616
0.0581204
0.0606938
0.0633102
0.0660583
0.0688755
0.0718127
0.0748547
0.0780194
0.0813037
0.0846822
0.0882118
0.0918963
0.095703
0.0996412
0.103744
0.10792
0.112378
0.116921
0.121612
0.12655
0.131508
0.136825
0.142099
0.147618
0.153166
0.158315
0.0223023
0.023043
0.0225229
0.0212038
0.0209033
0.0219508
0.0234352
0.0249403
0.0265036
0.0281459
0.0298944
0.0316201
0.0332538
0.0350153
0.0368891
0.0387139
0.0405757
0.0425621
0.0446389
0.0467272
0.0487619
0.0507867
0.0530577
0.055565
0.0581206
0.0606945
0.0633121
0.0660606
0.068878
0.0718158
0.0748573
0.0780214
0.0813053
0.0846843
0.0882147
0.0918989
0.0957051
0.0996429
0.103745
0.107922
0.11238
0.116922
0.121613
0.126552
0.13151
0.136827
0.142102
0.147621
0.153172
0.15832
0.0223499
0.023112
0.0226867
0.0214285
0.021055
0.0220043
0.023455
0.0249628
0.0265334
0.0281773
0.0299202
0.0316384
0.0332686
0.0350299
0.0369014
0.0387226
0.0405824
0.0425677
0.0446415
0.0467258
0.0487639
0.0507977
0.0530686
0.0555685
0.058121
0.0606952
0.0633141
0.0660629
0.0688806
0.0718191
0.07486
0.0780234
0.0813069
0.0846864
0.0882177
0.0919015
0.0957073
0.0996447
0.103747
0.107924
0.112383
0.116924
0.121615
0.126554
0.131512
0.136829
0.142104
0.147625
0.153178
0.158326
0.0224009
0.0231847
0.0228436
0.0216497
0.0212131
0.0220656
0.023477
0.0249841
0.026562
0.0282091
0.0299475
0.0316579
0.0332843
0.035045
0.0369142
0.0387318
0.0405893
0.0425736
0.0446443
0.0467247
0.048766
0.0508086
0.0530795
0.0555721
0.0581215
0.0606961
0.0633162
0.0660654
0.0688833
0.0718225
0.0748627
0.0780256
0.0813086
0.0846887
0.0882209
0.0919042
0.0957096
0.0996465
0.103748
0.107926
0.112385
0.116925
0.121616
0.126555
0.131513
0.136831
0.142107
0.147628
0.153184
0.158331
0.0224515
0.0232619
0.0229944
0.0218662
0.0213766
0.0221349
0.0235021
0.0250045
0.026589
0.028241
0.0299763
0.0316789
0.0333007
0.0350606
0.0369275
0.0387413
0.0405966
0.0425797
0.0446472
0.0467238
0.0487683
0.0508196
0.0530904
0.0555759
0.0581222
0.060697
0.0633184
0.0660679
0.0688862
0.071826
0.0748655
0.0780278
0.0813103
0.084691
0.0882241
0.091907
0.095712
0.0996485
0.10375
0.107928
0.112387
0.116927
0.121618
0.126557
0.131515
0.136833
0.142109
0.147632
0.153191
0.158337
0.022501
0.0233437
0.0231397
0.0220776
0.0215441
0.0222122
0.0235308
0.0250246
0.0266143
0.0282724
0.0300064
0.0317015
0.0333182
0.0350769
0.0369414
0.0387512
0.0406042
0.0425861
0.0446503
0.0467231
0.0487707
0.0508305
0.0531013
0.0555799
0.058123
0.0606981
0.0633207
0.0660705
0.0688891
0.0718296
0.0748684
0.0780301
0.0813121
0.0846933
0.0882275
0.0919098
0.0957145
0.0996505
0.103752
0.107931
0.112389
0.116928
0.12162
0.126559
0.131517
0.136836
0.142112
0.147635
0.153197
0.158343
0.0225481
0.0234293
0.0232806
0.0222836
0.021715
0.022297
0.023564
0.0250451
0.026638
0.028303
0.0300376
0.0317258
0.0333368
0.0350938
0.0369557
0.0387616
0.0406121
0.0425927
0.0446536
0.0467226
0.0487734
0.0508415
0.0531123
0.055584
0.058124
0.0606992
0.0633232
0.0660733
0.0688922
0.0718334
0.0748714
0.0780326
0.081314
0.0846958
0.0882311
0.0919128
0.0957171
0.0996526
0.103753
0.107933
0.112392
0.11693
0.121622
0.126561
0.131519
0.136838
0.142115
0.147639
0.153204
0.158349
0.0225904
0.0235185
0.0234183
0.0224843
0.021888
0.0223888
0.023602
0.0250667
0.0266601
0.0283324
0.0300697
0.0317518
0.0333566
0.0351114
0.0369706
0.0387724
0.0406203
0.0425996
0.0446571
0.0467225
0.0487762
0.0508524
0.0531233
0.0555883
0.0581251
0.0607005
0.0633257
0.0660761
0.0688955
0.0718373
0.0748745
0.0780351
0.0813159
0.0846983
0.0882348
0.0919159
0.0957198
0.0996547
0.103755
0.107936
0.112394
0.116932
0.121624
0.126563
0.131521
0.13684
0.142118
0.147643
0.153211
0.158356
0.0226275
0.0236111
0.0235532
0.0226792
0.0220623
0.0224867
0.0236452
0.0250901
0.026681
0.0283602
0.0301023
0.0317796
0.0333779
0.0351298
0.0369861
0.0387837
0.0406288
0.0426067
0.0446608
0.0467226
0.0487792
0.0508633
0.0531343
0.0555928
0.0581265
0.0607019
0.0633284
0.0660791
0.0688988
0.0718413
0.0748776
0.0780378
0.0813178
0.084701
0.0882386
0.091919
0.0957226
0.099657
0.103757
0.107938
0.112397
0.116933
0.121626
0.126565
0.131523
0.136843
0.142121
0.147647
0.153219
0.158362
0.0226608
0.0237055
0.0236858
0.0228689
0.0222374
0.0225901
0.0236937
0.0251161
0.0267012
0.0283863
0.030135
0.0318091
0.0334008
0.0351491
0.0370023
0.0387955
0.0406377
0.0426142
0.0446647
0.046723
0.0487824
0.0508742
0.0531453
0.0555974
0.0581281
0.0607034
0.0633312
0.0660821
0.0689024
0.0718454
0.0748809
0.0780406
0.0813198
0.0847038
0.0882426
0.0919223
0.0957255
0.0996593
0.103759
0.107941
0.112399
0.116935
0.121628
0.126568
0.131525
0.136846
0.142125
0.147651
0.153226
0.158369
0.0226917
0.0238012
0.0238172
0.0230534
0.0224126
0.0226979
0.0237474
0.0251452
0.0267211
0.0284105
0.0301673
0.0318402
0.0334253
0.0351695
0.0370191
0.0388078
0.040647
0.0426219
0.044669
0.0467238
0.0487859
0.050885
0.0531562
0.0556022
0.0581298
0.060705
0.0633342
0.0660853
0.0689061
0.0718497
0.0748842
0.0780434
0.0813219
0.0847066
0.0882467
0.0919256
0.0957286
0.0996617
0.10376
0.107944
0.112402
0.116937
0.12163
0.12657
0.131528
0.136849
0.142128
0.147656
0.153234
0.158377
0.022724
0.0238978
0.0239476
0.0232329
0.0225873
0.0228095
0.0238062
0.025178
0.0267416
0.0284328
0.030199
0.0318726
0.0334515
0.0351909
0.0370366
0.0388206
0.0406565
0.0426299
0.0446735
0.0467249
0.0487895
0.0508958
0.0531672
0.0556072
0.0581318
0.0607069
0.0633373
0.0660887
0.0689099
0.0718541
0.0748876
0.0780465
0.0813241
0.0847096
0.088251
0.0919291
0.0957318
0.0996642
0.103762
0.107947
0.112405
0.116939
0.121632
0.126572
0.13153
0.136851
0.142132
0.14766
0.153242
0.158384
0.0227633
0.023995
0.024077
0.0234076
0.0227612
0.0229245
0.0238694
0.0252149
0.0267632
0.0284535
0.0302294
0.031906
0.0334795
0.0352137
0.0370551
0.038834
0.0406665
0.0426382
0.0446782
0.0467264
0.0487934
0.0509066
0.0531781
0.0556123
0.0581341
0.0607088
0.0633406
0.0660922
0.0689139
0.0718587
0.0748912
0.0780496
0.0813263
0.0847128
0.0882555
0.0919326
0.0957351
0.0996667
0.103764
0.10795
0.112408
0.116941
0.121634
0.126575
0.131533
0.136854
0.142136
0.147665
0.15325
0.158392
0.0228134
0.0240928
0.0242053
0.0235775
0.0229338
0.0230422
0.0239366
0.025256
0.0267867
0.0284727
0.0302585
0.0319401
0.0335091
0.0352379
0.0370745
0.038848
0.0406768
0.0426468
0.0446833
0.0467283
0.0487975
0.0509173
0.053189
0.0556177
0.0581365
0.060711
0.0633441
0.0660958
0.0689181
0.0718634
0.0748948
0.0780529
0.0813286
0.084716
0.0882601
0.0919362
0.0957386
0.0996694
0.103766
0.107954
0.112411
0.116943
0.121637
0.126578
0.131535
0.136858
0.14214
0.14767
0.153259
0.1584
0.0228758
0.0241918
0.0243321
0.0237427
0.0231052
0.0231625
0.0240071
0.0253013
0.0268127
0.0284911
0.030286
0.0319745
0.0335403
0.0352636
0.0370951
0.0388628
0.0406874
0.0426556
0.0446887
0.0467306
0.0488019
0.050928
0.0531998
0.0556232
0.0581392
0.0607133
0.0633478
0.0660996
0.0689225
0.0718683
0.0748985
0.0780563
0.081331
0.0847194
0.0882649
0.09194
0.0957422
0.0996721
0.103769
0.107957
0.112415
0.116945
0.12164
0.12658
0.131538
0.136861
0.142145
0.147675
0.153268
0.158408
0.0229512
0.0242931
0.0244566
0.0239031
0.0232749
0.023285
0.0240803
0.0253506
0.0268417
0.0285091
0.0303118
0.0320089
0.0335728
0.0352907
0.037117
0.0388785
0.0406985
0.0426647
0.0446944
0.0467333
0.0488066
0.0509386
0.0532106
0.055629
0.0581422
0.0607159
0.0633517
0.0661035
0.0689271
0.0718733
0.0749023
0.0780599
0.0813335
0.084723
0.0882699
0.0919438
0.095746
0.0996749
0.103771
0.107961
0.112418
0.116947
0.121642
0.126583
0.131541
0.136864
0.142149
0.147681
0.153277
0.158417
0.0230382
0.024398
0.0245783
0.0240584
0.0234425
0.0234096
0.0241559
0.0254037
0.0268743
0.0285271
0.030336
0.032043
0.0336062
0.0353192
0.0371403
0.0388952
0.0407101
0.042674
0.0447004
0.0467364
0.0488115
0.0509493
0.0532214
0.0556349
0.0581455
0.0607186
0.0633558
0.0661077
0.068932
0.0718784
0.0749062
0.0780636
0.081336
0.0847267
0.088275
0.0919478
0.0957499
0.0996779
0.103773
0.107965
0.112421
0.116949
0.121645
0.126586
0.131544
0.136868
0.142154
0.147686
0.153286
0.158426
0.0231332
0.0245073
0.0246965
0.0242082
0.023608
0.0235363
0.0242333
0.02546
0.0269107
0.0285457
0.0303587
0.0320766
0.0336404
0.0353491
0.0371651
0.038913
0.0407222
0.0426837
0.0447068
0.0467399
0.0488166
0.0509599
0.0532322
0.055641
0.058149
0.0607216
0.0633601
0.066112
0.068937
0.0718837
0.0749103
0.0780674
0.0813387
0.0847307
0.0882804
0.0919518
0.095754
0.0996809
0.103775
0.107969
0.112425
0.116951
0.121648
0.126589
0.131547
0.136872
0.142159
0.147692
0.153295
0.158435
0.023231
0.0246214
0.0248113
0.0243521
0.0237708
0.023665
0.0243122
0.0255189
0.0269512
0.0285656
0.0303803
0.0321096
0.033675
0.0353801
0.0371915
0.0389322
0.0407349
0.0426936
0.0447134
0.0467439
0.0488221
0.0509704
0.0532429
0.0556473
0.0581528
0.0607248
0.0633646
0.0661165
0.0689423
0.0718892
0.0749144
0.0780714
0.0813414
0.0847348
0.0882859
0.091956
0.0957584
0.099684
0.103778
0.107973
0.112429
0.116953
0.121652
0.126593
0.13155
0.136876
0.142164
0.147698
0.153305
0.158444
0.0233271
0.0247405
0.024923
0.0244896
0.0239303
0.0237956
0.0243924
0.0255798
0.0269959
0.0285871
0.030401
0.032142
0.0337098
0.0354118
0.0372195
0.0389528
0.0407484
0.0427038
0.0447205
0.0467484
0.0488278
0.050981
0.0532535
0.0556539
0.0581569
0.0607283
0.0633694
0.0661212
0.0689478
0.0718948
0.0749187
0.0780755
0.0813443
0.0847391
0.0882915
0.0919603
0.0957629
0.0996871
0.10378
0.107977
0.112432
0.116956
0.121655
0.126596
0.131554
0.13688
0.142169
0.147704
0.153315
0.158454
0.0234178
0.0248637
0.0250327
0.0246204
0.024086
0.023928
0.0244741
0.025642
0.027045
0.0286108
0.0304208
0.0321739
0.0337445
0.035444
0.037249
0.0389751
0.0407627
0.0427144
0.0447278
0.0467532
0.0488337
0.0509916
0.0532642
0.0556606
0.0581613
0.060732
0.0633745
0.0661262
0.0689535
0.0719005
0.074923
0.0780798
0.0813473
0.0847436
0.0882974
0.0919647
0.0957676
0.0996904
0.103783
0.107982
0.112436
0.116958
0.121659
0.126599
0.131557
0.136884
0.142175
0.14771
0.153325
0.158465
0.0235002
0.0249899
0.0251416
0.0247442
0.0242369
0.0240621
0.0245573
0.0257048
0.027098
0.028637
0.03044
0.0322053
0.0337793
0.0354763
0.0372799
0.0389992
0.0407781
0.0427253
0.0447355
0.0467586
0.0488399
0.0510021
0.0532748
0.0556676
0.058166
0.0607361
0.0633798
0.0661314
0.0689595
0.0719064
0.0749276
0.0780843
0.0813505
0.0847484
0.0883034
0.0919692
0.0957725
0.0996938
0.103785
0.107987
0.11244
0.11696
0.121663
0.126603
0.131561
0.136889
0.142181
0.147717
0.153335
0.158475
0.0235722
0.0251175
0.0252509
0.0248612
0.0243823
0.0241977
0.0246422
0.0257672
0.0271546
0.0286664
0.0304588
0.0322365
0.0338141
0.0355083
0.0373117
0.0390252
0.0407947
0.0427368
0.0447436
0.0467643
0.0488464
0.0510126
0.0532854
0.0556749
0.058171
0.0607405
0.0633854
0.0661368
0.0689658
0.0719125
0.0749322
0.0780889
0.0813538
0.0847534
0.0883095
0.0919739
0.0957776
0.0996972
0.103788
0.107992
0.112444
0.116963
0.121666
0.126607
0.131564
0.136894
0.142187
0.147724
0.153346
0.158486
0.0236344
0.0252446
0.0253619
0.0249723
0.0245212
0.0243342
0.0247294
0.025829
0.0272145
0.0286996
0.0304774
0.0322675
0.0338492
0.0355397
0.0373443
0.0390532
0.0408126
0.0427488
0.0447522
0.0467706
0.0488531
0.051023
0.053296
0.0556823
0.0581764
0.0607452
0.0633913
0.0661425
0.0689723
0.0719187
0.074937
0.0780936
0.0813572
0.0847586
0.0883158
0.0919787
0.095783
0.0997008
0.103791
0.107997
0.112448
0.116966
0.121671
0.126611
0.131568
0.136899
0.142193
0.147731
0.153356
0.158497
0.0236869
0.0253689
0.0254757
0.0250784
0.0246527
0.0244708
0.0248195
0.0258895
0.0272766
0.0287369
0.0304957
0.0322981
0.0338849
0.0355704
0.0373771
0.0390832
0.040832
0.0427614
0.0447613
0.0467773
0.04886
0.0510334
0.0533066
0.05569
0.0581821
0.0607502
0.0633976
0.0661484
0.0689791
0.071925
0.0749419
0.0780986
0.0813609
0.0847641
0.0883223
0.0919836
0.0957886
0.0997044
0.103794
0.108002
0.112453
0.116969
0.121675
0.126615
0.131572
0.136904
0.1422
0.147738
0.153368
0.158509
0.0237297
0.0254888
0.0255927
0.0251809
0.0247762
0.0246065
0.0249129
0.0259486
0.0273401
0.0287789
0.0305143
0.0323283
0.0339217
0.0356004
0.0374096
0.0391149
0.0408532
0.0427746
0.0447709
0.0467846
0.0488672
0.0510438
0.0533171
0.055698
0.0581881
0.0607557
0.0634042
0.0661547
0.0689861
0.0719315
0.074947
0.0781037
0.0813648
0.0847699
0.0883289
0.0919887
0.0957944
0.0997081
0.103798
0.108008
0.112457
0.116971
0.12168
0.126619
0.131577
0.136909
0.142206
0.147746
0.153379
0.158521
0.0237645
0.0256025
0.0257127
0.0252815
0.0248912
0.0247397
0.0250102
0.0260063
0.0274037
0.0288257
0.0305336
0.0323576
0.0339597
0.0356301
0.0374413
0.0391483
0.0408764
0.0427887
0.044781
0.0467925
0.0488746
0.0510541
0.0533275
0.0557062
0.0581945
0.0607615
0.0634111
0.0661613
0.0689934
0.0719381
0.0749523
0.078109
0.0813688
0.084776
0.0883356
0.0919939
0.0958005
0.0997119
0.103801
0.108014
0.112461
0.116974
0.121685
0.126624
0.131581
0.136915
0.142213
0.147754
0.15339
0.158533
0.0237925
0.0257083
0.025835
0.0253817
0.0249979
0.0248691
0.0251116
0.0260631
0.0274663
0.0288775
0.0305542
0.0323857
0.033999
0.0356597
0.0374718
0.0391827
0.0409017
0.0428037
0.0447917
0.046801
0.0488823
0.0510643
0.053338
0.0557145
0.0582013
0.0607678
0.0634184
0.0661682
0.0690011
0.0719448
0.0749578
0.0781145
0.0813732
0.0847824
0.0883424
0.0919994
0.0958069
0.0997158
0.103805
0.10802
0.112466
0.116978
0.12169
0.126629
0.131585
0.136921
0.14222
0.147762
0.153402
0.158546
0.0238142
0.0258052
0.0259582
0.0254831
0.0250968
0.0249927
0.025217
0.0261199
0.0275265
0.0289339
0.0305769
0.0324123
0.0340398
0.0356899
0.0375007
0.0392179
0.0409291
0.0428197
0.0448029
0.0468103
0.0488904
0.0510745
0.0533484
0.0557232
0.0582084
0.0607745
0.0634261
0.0661755
0.0690089
0.0719517
0.0749634
0.0781202
0.0813778
0.084789
0.0883493
0.092005
0.0958135
0.0997198
0.103809
0.108027
0.112471
0.116981
0.121695
0.126633
0.13159
0.136927
0.142228
0.147771
0.153414
0.158558
0.0238316
0.0258926
0.0260808
0.0255867
0.0251891
0.0251089
0.0253259
0.0261776
0.0275832
0.0289942
0.0306027
0.0324369
0.0340815
0.0357213
0.0375281
0.039253
0.0409587
0.042837
0.0448146
0.0468203
0.048899
0.0510845
0.0533587
0.0557321
0.0582158
0.0607816
0.0634341
0.0661831
0.0690171
0.0719587
0.0749693
0.078126
0.0813828
0.084796
0.0883563
0.0920109
0.0958204
0.0997239
0.103813
0.108033
0.112475
0.116985
0.121701
0.126639
0.131595
0.136934
0.142236
0.14778
0.153427
0.158572
0.0238476
0.0259706
0.0262005
0.0256929
0.0252765
0.0252164
0.0254368
0.0262377
0.0276359
0.0290573
0.0306325
0.0324598
0.0341236
0.0357546
0.0375543
0.0392875
0.0409903
0.0428559
0.0448268
0.0468308
0.0489081
0.0510946
0.053369
0.0557411
0.0582236
0.0607893
0.0634426
0.0661911
0.0690256
0.0719658
0.0749754
0.0781321
0.0813881
0.0848032
0.0883633
0.092017
0.0958275
0.0997281
0.103817
0.10804
0.11248
0.116988
0.121706
0.126644
0.1316
0.13694
0.142244
0.147789
0.15344
0.158585
0.0238646
0.0260395
0.0263153
0.0258016
0.0253609
0.0253143
0.0255479
0.026301
0.0276843
0.0291218
0.030667
0.0324812
0.0341654
0.0357899
0.0375795
0.039321
0.0410233
0.0428766
0.0448397
0.0468419
0.0489179
0.0511048
0.0533791
0.0557504
0.0582318
0.0607975
0.0634515
0.0661995
0.0690343
0.0719731
0.0749817
0.0781384
0.0813937
0.0848108
0.0883704
0.0920233
0.0958349
0.0997324
0.103822
0.108047
0.112485
0.116992
0.121713
0.126649
0.131605
0.136947
0.142252
0.147798
0.153453
0.158599
0.0238848
0.0261002
0.0264231
0.0259117
0.0254443
0.0254025
0.0256571
0.0263686
0.0277288
0.0291859
0.0307066
0.0325018
0.034206
0.0358277
0.0376044
0.0393529
0.0410574
0.0428991
0.0448535
0.0468534
0.0489283
0.0511152
0.0533892
0.0557599
0.0582404
0.060806
0.0634608
0.0662084
0.0690432
0.0719805
0.0749883
0.078145
0.0813998
0.0848186
0.0883776
0.09203
0.0958425
0.0997368
0.103827
0.108054
0.11249
0.116996
0.121719
0.126655
0.131611
0.136955
0.14226
0.147808
0.153466
0.158613
0.0239101
0.0261545
0.0265225
0.0260216
0.0255282
0.0254816
0.0257618
0.0264408
0.0277702
0.0292479
0.0307514
0.0325225
0.0342448
0.0358677
0.0376298
0.0393829
0.041092
0.0429237
0.0448683
0.0468651
0.0489393
0.0511262
0.0533991
0.0557693
0.0582494
0.0608153
0.0634704
0.0662177
0.0690525
0.0719881
0.0749952
0.0781517
0.0814063
0.0848268
0.0883848
0.0920369
0.0958503
0.0997414
0.103833
0.108062
0.112495
0.117001
0.121726
0.126661
0.131616
0.136963
0.142269
0.147818
0.153479
0.158628
0.0239412
0.0262039
0.0266124
0.0261291
0.0256137
0.0255526
0.0258594
0.0265173
0.0278099
0.0293065
0.0308007
0.0325442
0.0342811
0.0359096
0.0376565
0.0394114
0.0411261
0.0429499
0.0448846
0.0468772
0.0489505
0.0511378
0.0534094
0.0557786
0.0582586
0.0608252
0.0634806
0.0662272
0.0690619
0.0719959
0.0750024
0.0781587
0.0814132
0.0848351
0.0883921
0.0920441
0.0958584
0.0997462
0.103838
0.10807
0.112499
0.117006
0.121733
0.126667
0.131622
0.136971
0.142278
0.147828
0.153493
0.158643
0.0239773
0.02625
0.0266919
0.0262317
0.0257012
0.0256176
0.0259481
0.0265968
0.0278491
0.0293606
0.030854
0.0325679
0.0343148
0.0359524
0.037685
0.0394387
0.0411597
0.0429773
0.0449021
0.0468899
0.0489621
0.0511498
0.0534202
0.0557881
0.0582679
0.0608355
0.0634913
0.0662373
0.0690715
0.0720039
0.07501
0.078166
0.0814206
0.0848438
0.0883995
0.0920517
0.0958667
0.0997511
0.103845
0.108077
0.112504
0.117011
0.12174
0.126673
0.131628
0.136979
0.142287
0.147839
0.153508
0.158658
0.0240164
0.0262944
0.0267617
0.0263263
0.0257897
0.0256793
0.0260266
0.0266775
0.027889
0.0294096
0.03091
0.0325948
0.0343459
0.0359953
0.0377155
0.039465
0.041192
0.0430061
0.0449214
0.0469029
0.0489739
0.0511623
0.0534315
0.0557979
0.0582775
0.0608463
0.0635023
0.0662478
0.0690813
0.0720122
0.075018
0.0781736
0.0814284
0.0848526
0.0884069
0.0920597
0.0958751
0.0997563
0.103851
0.108085
0.112509
0.117016
0.121747
0.12668
0.131634
0.136988
0.142297
0.147849
0.153522
0.158674
0.0240556
0.0263376
0.0268231
0.0264115
0.0258765
0.025739
0.026095
0.0267573
0.0279308
0.0294531
0.0309671
0.0326254
0.0343748
0.0360377
0.0377481
0.0394911
0.0412225
0.0430352
0.0449428
0.0469167
0.0489854
0.0511751
0.0534435
0.055808
0.0582872
0.0608576
0.063514
0.0662586
0.0690912
0.0720208
0.0750266
0.0781816
0.0814366
0.0848616
0.0884145
0.092068
0.0958836
0.0997618
0.103859
0.108093
0.112514
0.117022
0.121755
0.126687
0.131641
0.136996
0.142307
0.147861
0.153537
0.15869
0.0240926
0.0263786
0.0268766
0.0264869
0.0259603
0.0257975
0.0261531
0.026834
0.0279756
0.0294914
0.0310234
0.0326602
0.0344022
0.0360789
0.0377826
0.0395175
0.0412515
0.0430638
0.0449657
0.0469319
0.0489973
0.0511881
0.0534559
0.0558186
0.0582972
0.0608692
0.0635261
0.0662701
0.0691012
0.0720294
0.0750355
0.0781902
0.0814454
0.0848708
0.0884223
0.0920767
0.0958923
0.0997676
0.103866
0.108101
0.11252
0.117029
0.121763
0.126694
0.131648
0.137006
0.142317
0.147872
0.153552
0.158706
0.0241265
0.0264173
0.0269227
0.0265508
0.0260387
0.0258565
0.0262022
0.0269038
0.0280235
0.0295262
0.0310771
0.032699
0.0344288
0.0361179
0.0378189
0.0395448
0.041279
0.0430915
0.0449898
0.0469482
0.0490095
0.0512017
0.0534692
0.0558295
0.0583075
0.0608811
0.0635383
0.0662818
0.0691118
0.0720385
0.0750448
0.078199
0.0814546
0.08488
0.0884302
0.0920858
0.095901
0.0997737
0.103875
0.108109
0.112525
0.117036
0.121772
0.126701
0.131655
0.137015
0.142328
0.147884
0.153567
0.158722
0.0241564
0.0264531
0.026963
0.0266035
0.0261076
0.0259151
0.0262456
0.0269648
0.0280725
0.0295588
0.0311275
0.0327416
0.0344553
0.0361541
0.0378564
0.0395735
0.0413055
0.0431176
0.0450146
0.0469662
0.0490217
0.0512152
0.0534836
0.0558415
0.0583179
0.0608934
0.0635509
0.0662935
0.0691224
0.0720483
0.0750548
0.0782084
0.0814642
0.0848893
0.0884383
0.0920953
0.0959099
0.0997804
0.103884
0.108117
0.11253
0.117043
0.121781
0.126708
0.131662
0.137025
0.142339
0.147896
0.153583
0.158739
0.0241809
0.0264842
0.0269969
0.026647
0.026166
0.0259701
0.0262849
0.0270174
0.028121
0.0295893
0.031173
0.0327879
0.0344837
0.0361867
0.0378938
0.0396037
0.0413315
0.0431426
0.0450393
0.0469859
0.0490347
0.0512282
0.0534985
0.0558545
0.0583292
0.0609059
0.0635637
0.0663055
0.0691331
0.0720583
0.0750652
0.0782185
0.0814745
0.0848987
0.0884465
0.092105
0.0959188
0.0997876
0.103893
0.108125
0.112535
0.117051
0.12179
0.126716
0.13167
0.137035
0.14235
0.147909
0.153599
0.158756
0.0241998
0.0265098
0.0270228
0.0266803
0.026214
0.0260197
0.0263202
0.0270613
0.0281684
0.0296197
0.031212
0.0328348
0.0345157
0.0362169
0.0379301
0.039635
0.0413568
0.043166
0.0450641
0.0470071
0.0490487
0.0512411
0.0535138
0.0558683
0.0583407
0.0609188
0.063577
0.0663176
0.0691442
0.0720692
0.075076
0.0782286
0.0814851
0.0849085
0.0884552
0.0921151
0.0959278
0.0997953
0.103903
0.108133
0.112541
0.117059
0.121799
0.126724
0.131678
0.137046
0.142361
0.147921
0.153615
0.158773
0.0242122
0.0265301
0.0270413
0.0267022
0.0262497
0.0260617
0.0263522
0.0270966
0.0282119
0.029652
0.0312465
0.0328795
0.0345501
0.0362454
0.0379652
0.0396681
0.0413818
0.0431872
0.0450876
0.0470299
0.0490645
0.051254
0.0535297
0.0558835
0.0583524
0.0609313
0.0635905
0.0663301
0.0691554
0.0720806
0.0750881
0.0782395
0.0814957
0.0849182
0.0884642
0.0921253
0.0959369
0.0998039
0.103914
0.108141
0.112546
0.117068
0.121809
0.126732
0.131686
0.137057
0.142373
0.147934
0.153631
0.15879
0.0242157
0.026543
0.0270527
0.0267134
0.0262727
0.0260933
0.0263795
0.0271247
0.0282488
0.0296855
0.0312791
0.0329226
0.0345869
0.0362709
0.0379962
0.0397026
0.0414083
0.0432073
0.0451098
0.047053
0.0490819
0.0512672
0.0535455
0.0559002
0.0583656
0.0609437
0.0636034
0.0663426
0.0691671
0.0720926
0.0751006
0.0782512
0.081507
0.0849282
0.0884735
0.0921355
0.095946
0.0998132
0.103925
0.108149
0.112552
0.117077
0.121819
0.12674
0.131694
0.137068
0.142386
0.147948
0.153647
0.158808
0.0242086
0.0265458
0.0270554
0.0267132
0.026283
0.0261137
0.0264002
0.0271468
0.0282784
0.029718
0.0313099
0.0329629
0.034628
0.0362977
0.0380217
0.0397345
0.041435
0.0432262
0.0451314
0.0470777
0.0491013
0.0512812
0.0535613
0.0559175
0.0583794
0.0609563
0.0636164
0.0663551
0.069179
0.0721052
0.075114
0.0782633
0.0815183
0.0849388
0.0884836
0.0921459
0.0959552
0.0998233
0.103936
0.108156
0.112558
0.117088
0.121829
0.126748
0.131703
0.137079
0.142398
0.147961
0.153664
0.158826
0.0241895
0.0265356
0.0270475
0.0267011
0.0262794
0.0261219
0.0264123
0.0271636
0.0283011
0.0297481
0.0313397
0.0329978
0.0346699
0.0363284
0.038046
0.0397649
0.0414612
0.0432418
0.0451495
0.0471025
0.0491232
0.0512969
0.0535778
0.0559363
0.0583944
0.0609683
0.0636287
0.0663683
0.0691918
0.0721179
0.0751276
0.0782761
0.0815298
0.0849492
0.088494
0.0921564
0.0959649
0.0998345
0.103948
0.108163
0.112565
0.117098
0.121839
0.126757
0.131713
0.137091
0.142411
0.147975
0.153681
0.158844
0.0241567
0.0265092
0.0270258
0.0266762
0.0262612
0.0261178
0.0264146
0.027175
0.0283183
0.0297745
0.0313698
0.0330284
0.0347084
0.0363593
0.038067
0.0397946
0.0414915
0.0432584
0.0451648
0.0471256
0.0491449
0.051313
0.0535946
0.0559557
0.058411
0.0609814
0.0636407
0.0663815
0.0692059
0.072132
0.0751419
0.078289
0.0815414
0.0849602
0.0885046
0.0921664
0.0959746
0.0998466
0.103961
0.108171
0.112571
0.117109
0.12185
0.126766
0.131722
0.137103
0.142424
0.147989
0.153698
0.158862
0.0241082
0.0264635
0.0269853
0.0266351
0.0262255
0.0260997
0.0264073
0.0271816
0.0283328
0.0297973
0.0314004
0.0330572
0.0347437
0.036391
0.0380828
0.0398158
0.0415211
0.0432781
0.0451818
0.0471512
0.0491692
0.0513297
0.0536107
0.055974
0.0584267
0.0609939
0.0636523
0.0663949
0.0692209
0.072147
0.0751575
0.0783035
0.0815535
0.0849715
0.0885158
0.0921765
0.0959844
0.0998592
0.103973
0.108178
0.112578
0.117121
0.121862
0.126775
0.131732
0.137116
0.142438
0.148004
0.153715
0.158881
0.0240428
0.0263969
0.0269223
0.0265749
0.0261697
0.0260635
0.0263866
0.0271814
0.0283472
0.0298185
0.0314313
0.0330852
0.0347746
0.0364241
0.038099
0.0398307
0.041546
0.0432948
0.0451949
0.0471766
0.0491978
0.0513511
0.0536299
0.0559939
0.058443
0.0610061
0.0636625
0.0664074
0.0692363
0.0721622
0.0751726
0.0783178
0.0815664
0.084984
0.0885276
0.0921868
0.0959951
0.099873
0.103986
0.108184
0.112585
0.117133
0.121873
0.126785
0.131743
0.137128
0.142452
0.148018
0.153733
0.1589
0.0239569
0.0263064
0.0268326
0.0264929
0.0260944
0.0260093
0.0263523
0.0271711
0.0283599
0.0298394
0.031463
0.0331147
0.0348009
0.0364544
0.0381145
0.0398407
0.04157
0.0433147
0.0452064
0.0471977
0.0492242
0.0513717
0.0536493
0.0560146
0.0584606
0.0610208
0.0636753
0.0664215
0.069253
0.0721789
0.0751889
0.0783323
0.0815789
0.0849964
0.0885393
0.092197
0.0960064
0.0998877
0.103999
0.108192
0.112593
0.117146
0.121884
0.126794
0.131753
0.137141
0.142465
0.148032
0.153749
0.158917
0.0238434
0.0261865
0.0267099
0.0263815
0.0259965
0.0259373
0.0263066
0.0271528
0.02837
0.0298584
0.0314921
0.0331454
0.0348244
0.036482
0.0381309
0.039845
0.0415877
0.0433367
0.0452215
0.0472208
0.0492536
0.0513934
0.0536661
0.0560314
0.0584744
0.0610329
0.0636873
0.0664364
0.0692716
0.0721972
0.0752068
0.0783489
0.0815939
0.0850108
0.088552
0.0922081
0.0960194
0.0999036
0.104013
0.1082
0.112602
0.11716
0.121898
0.126806
0.131765
0.137155
0.142481
0.148049
0.153769
0.158938
0.0236947
0.0260282
0.0265473
0.026234
0.0258728
0.0258471
0.026252
0.0271314
0.0283814
0.0298787
0.0315168
0.0331726
0.0348418
0.0365014
0.0381467
0.0398497
0.041604
0.0433615
0.0452387
0.047243
0.0492854
0.0514198
0.0536861
0.0560494
0.0584877
0.0610437
0.0636969
0.0664471
0.0692855
0.0722116
0.0752207
0.0783608
0.0816049
0.085022
0.0885613
0.0922164
0.0960302
0.0999174
0.104025
0.108205
0.112609
0.117172
0.121908
0.126814
0.131774
0.137167
0.142493
0.148062
0.153784
0.158954
0.023501
0.0258161
0.0263263
0.0260336
0.0257108
0.0257316
0.0261868
0.0271093
0.0283962
0.0299035
0.0315394
0.0331956
0.0348529
0.0365095
0.0381555
0.039849
0.0416151
0.043391
0.0452644
0.0472685
0.0493198
0.05145
0.0537094
0.0560719
0.0585076
0.0610634
0.0637175
0.0664695
0.0693099
0.0722361
0.0752445
0.0783821
0.0816245
0.0850405
0.0885767
0.0922309
0.0960476
0.0999367
0.104041
0.108216
0.112621
0.117189
0.121924
0.126827
0.131789
0.137183
0.142511
0.14808
0.153804
0.158976
0.0232986
0.0255632
0.0260562
0.0257833
0.0255079
0.0255866
0.0261062
0.0270812
0.0284053
0.0299216
0.0315487
0.0332008
0.0348448
0.0364958
0.0381481
0.0398362
0.0416099
0.0434061
0.0452799
0.0472826
0.0493441
0.0514712
0.0537202
0.0560793
0.0585127
0.0610679
0.0637226
0.0664766
0.06932
0.0722478
0.0752565
0.0783916
0.0816341
0.0850504
0.0885834
0.0922379
0.0960582
0.0999491
0.104051
0.108221
0.112627
0.1172
0.121933
0.126835
0.131797
0.137194
0.142523
0.148093
0.153819
0.158991
0.023016
0.0252572
0.0257513
0.0255265
0.0253341
0.0255011
0.0261051
0.0271352
0.0284821
0.0299917
0.0315935
0.0332293
0.0348566
0.0364978
0.0381601
0.039851
0.0416321
0.0434502
0.0453245
0.0473176
0.0493842
0.0515098
0.0537498
0.0561069
0.0585389
0.0610932
0.0637481
0.066503
0.0693461
0.0722743
0.0752835
0.0784148
0.0816553
0.0850701
0.0885996
0.0922548
0.0960783
0.0999694
0.104068
0.108233
0.112641
0.117218
0.12195
0.126849
0.131812
0.137211
0.14254
0.14811
0.153838
0.159013
0.0222282
0.0244251
0.0250043
0.024944
0.0249418
0.0252837
0.0260288
0.0271354
0.028502
0.0299981
0.0315706
0.0331912
0.0348126
0.0364522
0.0381299
0.0398321
0.0416209
0.0434619
0.0453457
0.0473315
0.0494017
0.0515271
0.0537574
0.0561115
0.0585447
0.061099
0.0637556
0.0665144
0.0693594
0.0722893
0.0753
0.0784285
0.0816686
0.0850826
0.0886081
0.0922649
0.096092
0.099983
0.104079
0.10824
0.112649
0.11723
0.121962
0.126859
0.131824
0.137224
0.142554
0.148125
0.153855
0.15903
0.0224726
0.0241693
0.0245662
0.0245742
0.0247424
0.0252454
0.0260977
0.0272359
0.0285814
0.0300373
0.0315672
0.0331656
0.0347875
0.036435
0.0381328
0.0398536
0.0416474
0.0434998
0.0453878
0.0473611
0.0494302
0.051559
0.0537835
0.0561338
0.0585669
0.0611195
0.0637749
0.0665349
0.0693782
0.0723085
0.0753222
0.0784476
0.0816846
0.0850967
0.0886204
0.0922799
0.0961096
0.1
0.104094
0.108252
0.112661
0.117246
0.121976
0.12687
0.131836
0.137238
0.142568
0.14814
0.15387
0.159046
0.020117
0.0223886
0.0234377
0.0240408
0.0246404
0.0253808
0.026293
0.0273872
0.0286571
0.0300506
0.0315382
0.0331151
0.0347395
0.0364001
0.0381182
0.0398612
0.0416634
0.043528
0.0454279
0.0473936
0.0494569
0.0515863
0.0538046
0.0561509
0.0585875
0.0611408
0.0637964
0.0665606
0.0694045
0.0723353
0.0753512
0.0784742
0.0817086
0.0851171
0.0886378
0.0922995
0.0961306
0.10002
0.104112
0.108265
0.112675
0.117264
0.121993
0.126886
0.131853
0.137256
0.142587
0.148159
0.15389
0.15907
0.0183501
0.019659
0.0213857
0.0230102
0.0243729
0.0254651
0.0264497
0.0275024
0.0286894
0.0300098
0.0314551
0.0330175
0.0346561
0.0363446
0.0380909
0.0398605
0.0416718
0.043539
0.0454447
0.0474036
0.0494622
0.0515965
0.0538142
0.0561573
0.0585958
0.0611493
0.0638026
0.0665674
0.0694103
0.072342
0.0753627
0.0784851
0.0817155
0.0851212
0.0886432
0.0923093
0.0961409
0.100029
0.10412
0.108272
0.112682
0.117274
0.122002
0.126893
0.13186
0.137264
0.142596
0.148169
0.153901
0.15908
0.0172543
0.0199168
0.0218042
0.0232425
0.0244424
0.0255259
0.0265671
0.0276369
0.0287918
0.030068
0.0314765
0.0330102
0.0346425
0.036343
0.0381041
0.0398914
0.0417142
0.0435867
0.0455011
0.047455
0.0495023
0.051635
0.0538484
0.0561879
0.05863
0.0611858
0.0638382
0.0666042
0.0694479
0.0723787
0.0754009
0.0785232
0.081749
0.0851485
0.0886698
0.0923381
0.0961683
0.100054
0.104144
0.108293
0.112703
0.117297
0.122025
0.126914
0.131883
0.137287
0.142619
0.148191
0.153925
0.159108
0.0162944
0.0179555
0.020101
0.0221589
0.023917
0.0253533
0.0265496
0.0276551
0.0287914
0.0300428
0.0314351
0.0329503
0.0345758
0.036287
0.0380622
0.0398657
0.0417029
0.0435816
0.0455037
0.0474589
0.0495011
0.0516366
0.0538509
0.0561877
0.058632
0.0611894
0.0638401
0.066605
0.0694483
0.07238
0.0754058
0.0785304
0.0817539
0.0851484
0.0886709
0.0923441
0.0961738
0.100059
0.10415
0.108296
0.112706
0.117303
0.12203
0.126917
0.131887
0.137292
0.142625
0.148198
0.153931
0.159114
0.0149012
0.0182072
0.020635
0.0225183
0.0240617
0.0253868
0.0265693
0.0276886
0.0288315
0.0300819
0.0314738
0.0329831
0.0345998
0.0363093
0.0380853
0.0398899
0.0417316
0.043614
0.0455409
0.0475001
0.0495387
0.0516729
0.0538877
0.0562233
0.0586693
0.0612294
0.0638805
0.0666457
0.0694895
0.0724195
0.0754445
0.0785696
0.0817931
0.0851834
0.0887018
0.0923749
0.096204
0.100087
0.104177
0.108322
0.11273
0.117328
0.122056
0.126942
0.131912
0.137316
0.14265
0.148222
0.153956
0.159144
)
;

boundaryField
{
    zeroGradientPlanes
    {
        type            zeroGradient;
    }
    inlet
    {
        type            zeroGradient;
    }
    plate
    {
        type            zeroGradient;
    }
    frontAndBack
    {
        type            empty;
    }
}


// ************************************************************************* //
