/*--------------------------------*- C++ -*----------------------------------*\
| =========                 |                                                 |
| \\      /  F ield         | OpenFOAM: The Open Source CFD Toolbox           |
|  \\    /   O peration     | Version:  v2012                                 |
|   \\  /    A nd           | Website:  www.openfoam.com                      |
|    \\/     M anipulation  |                                                 |
\*---------------------------------------------------------------------------*/
FoamFile
{
    version     2.0;
    format      ascii;
    class       volScalarField;
    location    "1.8";
    object      p;
}
// * * * * * * * * * * * * * * * * * * * * * * * * * * * * * * * * * * * * * //

dimensions      [0 2 -2 0 0 0 0];


internalField   nonuniform List<scalar> 
7000
(
1.59271e-08
-0.00130399
-0.0112946
0.0035452
0.00593558
0.00615791
0.0100285
0.0109541
0.0100426
0.0103248
0.00970261
0.0124813
0.0125865
0.0153664
0.0153659
0.0167301
0.0171475
0.019145
0.0208237
0.0241269
-2.81284e-06
-0.00132495
-0.0112758
0.00354634
0.00591972
0.00616734
0.0100237
0.0109571
0.0100453
0.0103279
0.00970544
0.0124531
0.0125888
0.0153296
0.0153644
0.0167064
0.0171457
0.0191263
0.0208233
0.0239342
-9.36605e-06
-0.00134946
-0.0112665
0.00353811
0.00589857
0.0061881
0.0100153
0.010967
0.0100501
0.0103256
0.00970672
0.0124095
0.0125881
0.0152698
0.0153657
0.0166668
0.0171486
0.019096
0.0208153
0.0236709
-1.75784e-05
-0.00137197
-0.0112569
0.00352451
0.00587815
0.00621456
0.0100016
0.0109814
0.0100566
0.0103178
0.00971252
0.0123512
0.0125834
0.0152009
0.0153639
0.0166286
0.0171527
0.0190655
0.0207992
0.0234051
-2.69429e-05
-0.00138896
-0.0112406
0.00350277
0.00585709
0.00624328
0.00998145
0.0109981
0.0100642
0.0103074
0.00972543
0.01228
0.0125801
0.015125
0.0153625
0.0165924
0.017162
0.0190324
0.0207759
0.0231619
-3.73028e-05
-0.00139722
-0.0112086
0.00347091
0.00583435
0.0062731
0.00995597
0.0110147
0.0100724
0.0102972
0.00974564
0.012204
0.0125814
0.0150432
0.0153656
0.0165545
0.0171788
0.0189937
0.0207461
0.0229396
-4.81435e-05
-0.00139489
-0.011154
0.00342927
0.00581148
0.00630379
0.00992685
0.0110293
0.0100807
0.0102887
0.00977249
0.0121306
0.0125886
0.014957
0.0153729
0.0165134
0.0172014
0.0189486
0.0207075
0.0227314
-5.88072e-05
-0.00138163
-0.0110728
0.00338056
0.00579105
0.00633501
0.00989525
0.0110407
0.0100891
0.0102823
0.00980539
0.0120628
0.0126022
0.0148667
0.0153832
0.0164686
0.0172263
0.018899
0.0206578
0.0225333
-6.87363e-05
-0.00135804
-0.0109647
0.00332787
0.00577486
0.00636605
0.00986148
0.0110485
0.0100978
0.0102774
0.00984395
0.0120011
0.0126226
0.0147717
0.015396
0.0164201
0.0172511
0.0188478
0.0205955
0.0223433
-7.75741e-05
-0.00132526
-0.0108317
0.00327354
0.00576323
0.00639598
0.00982529
0.0110526
0.0101068
0.0102732
0.0098877
0.0119449
0.012649
0.0146716
0.0154105
0.0163691
0.0172734
0.0187971
0.0205194
0.0221596
-8.51853e-05
-0.00128458
-0.0106774
0.00321907
0.00575556
0.00642403
0.00978622
0.011053
0.0101162
0.0102691
0.00993607
0.0118896
0.0126809
0.0145665
0.0154258
0.0163171
0.0172901
0.0187473
0.0204293
0.0219798
-9.16093e-05
-0.00123727
-0.0105053
0.00316548
0.00575115
0.00644972
0.0097438
0.0110498
0.0101258
0.0102648
0.00998857
0.011836
0.0127173
0.0144575
0.0154399
0.0162654
0.0172977
0.0186976
0.0203255
0.0218012
-9.69767e-05
-0.00118454
-0.0103183
0.00311374
0.00574961
0.00647289
0.00969783
0.0110427
0.0101356
0.0102599
0.0100446
0.0117842
0.0127572
0.0143466
0.0154508
0.0162149
0.0172933
0.0186459
0.0202091
0.0216213
-0.000101422
-0.00112747
-0.010119
0.0030647
0.0057509
0.00649365
0.00964843
0.0110316
0.0101456
0.0102541
0.0101037
0.0117351
0.0127997
0.0142369
0.0154568
0.0161661
0.0172751
0.01859
0.0200818
0.021438
-0.00010503
-0.00106708
-0.00990911
0.00301901
0.00575499
0.00651227
0.00959609
0.0110163
0.0101559
0.0102469
0.010165
0.0116897
0.0128435
0.0141318
0.0154566
0.0161193
0.0172425
0.0185277
0.0199458
0.0212499
-0.000107833
-0.00100424
-0.00969028
0.00297686
0.00576172
0.00652905
0.00954156
0.0109969
0.0101668
0.0102382
0.0102281
0.0116488
0.0128877
0.0140344
0.0154495
0.0160745
0.0171964
0.0184574
0.0198028
0.0210566
-0.000109818
-0.00093967
-0.00946367
0.0029381
0.00577068
0.00654422
0.00948571
0.0109735
0.0101785
0.0102279
0.0102924
0.0116125
0.0129309
0.0139467
0.0154347
0.0160319
0.0171378
0.0183779
0.0196545
0.0208585
-0.000110946
-0.000873931
-0.00923028
0.00290228
0.00578135
0.0065579
0.00942941
0.0109463
0.0101914
0.0102158
0.0103575
0.0115808
0.0129718
0.0138696
0.0154115
0.0159913
0.017068
0.0182891
0.019502
0.0206559
-0.00011116
-0.000807458
-0.00899094
0.00286887
0.00579322
0.00657011
0.00937344
0.0109154
0.0102056
0.010202
0.010423
0.0115534
0.0130089
0.0138028
0.0153793
0.015952
0.0169883
0.0181909
0.019346
0.0204497
-0.00011039
-0.000740574
-0.00874637
0.00283735
0.0058059
0.00658083
0.00931847
0.0108811
0.0102212
0.0101868
0.0104882
0.0115306
0.0130408
0.0137454
0.0153374
0.0159134
0.0168996
0.0180831
0.019187
0.020241
-0.000108552
-0.00067351
-0.00849712
0.00280724
0.00581903
0.00659
0.00926504
0.0108437
0.0102381
0.0101703
0.0105518
0.0115125
0.0130664
0.0136965
0.0152853
0.0158742
0.0168036
0.0179652
0.0190248
0.0200308
-0.000105543
-0.000606411
-0.00824361
0.00277812
0.00583236
0.00659753
0.00921359
0.0108032
0.0102562
0.0101533
0.0106126
0.0114991
0.0130848
0.0136549
0.0152229
0.0158325
0.0167015
0.0178378
0.0188597
0.0198199
-0.000101242
-0.000539351
-0.00798607
0.00274968
0.00584573
0.00660337
0.00916442
0.0107602
0.010275
0.0101364
0.0106696
0.0114905
0.0130947
0.0136196
0.0151513
0.0157866
0.0165936
0.0177009
0.0186924
0.0196095
-9.55153e-05
-0.000472342
-0.00772455
0.00272174
0.0058591
0.00660746
0.0091177
0.0107149
0.0102939
0.0101208
0.0107217
0.0114866
0.0130957
0.0135887
0.0150712
0.0157354
0.0164805
0.0175543
0.0185225
0.0194006
-8.82145e-05
-0.000405351
-0.00745897
0.00269431
0.00587255
0.00660974
0.00907347
0.010668
0.010312
0.0101076
0.0107681
0.0114873
0.013088
0.0135602
0.0149832
0.0156774
0.0163633
0.0173981
0.0183493
0.019194
-7.91842e-05
-0.000338318
-0.00718919
0.00266753
0.00588625
0.0066103
0.00903154
0.0106204
0.0103282
0.0100973
0.0108085
0.011492
0.0130718
0.0135328
0.0148881
0.0156113
0.0162425
0.0172319
0.0181728
0.0189915
-6.82597e-05
-0.000271193
-0.00691505
0.00264167
0.00590041
0.00660921
0.0089916
0.010573
0.0103418
0.0100905
0.0108426
0.0115004
0.0130478
0.0135045
0.0147864
0.0155364
0.0161208
0.0170564
0.0179891
0.0187933
-5.52678e-05
-0.00020394
-0.0066364
0.00261703
0.00591525
0.00660658
0.00895322
0.0105269
0.0103521
0.0100876
0.0108701
0.011512
0.0130172
0.0134741
0.014678
0.0154499
0.0160023
0.0168793
0.0177957
0.0185924
-4.00269e-05
-0.000136544
-0.00635315
0.00259391
0.00593101
0.0066027
0.00891569
0.0104832
0.0103586
0.0100883
0.0108917
0.0115261
0.0129797
0.0134419
0.0145624
0.0153471
0.0158842
0.0167112
0.0176018
0.0183803
-2.23517e-05
-6.90175e-05
-0.0060653
0.00257264
0.00594779
0.00659808
0.00887793
0.0104427
0.010361
0.0100924
0.0109075
0.011544
0.0129357
0.0134065
0.0144392
0.0152281
0.0157549
0.0165507
0.0174265
0.0181609
-2.04058e-06
-1.38142e-06
-0.00577304
0.00255361
0.00596538
0.00659335
0.00883899
0.0104059
0.0103594
0.0100989
0.0109185
0.0115635
0.0128861
0.0133693
0.0143095
0.0150951
0.0156096
0.0163822
0.0172694
0.0179517
2.10557e-05
6.64015e-05
-0.00547662
0.00253727
0.00598354
0.00658906
0.00879829
0.0103728
0.0103548
0.0101056
0.0109287
0.0115787
0.0128331
0.0133304
0.0141755
0.01495
0.0154583
0.0161972
0.0170793
0.0177551
4.71272e-05
0.000134198
-0.00517603
0.00252368
0.00600218
0.00658578
0.00875546
0.0103426
0.0103485
0.0101109
0.0109401
0.0115874
0.0127831
0.0132842
0.0140434
0.0147897
0.0152966
0.0159995
0.0168521
0.0175693
7.65348e-05
0.000201842
-0.00487193
0.00251322
0.00602099
0.00658417
0.00871
0.0103153
0.0103412
0.010113
0.0109547
0.0115859
0.0127358
0.0132346
0.0139146
0.0146135
0.0151156
0.0157794
0.0165846
0.0174096
0.000109225
0.00026964
-0.0045652
0.00250668
0.00603908
0.00658534
0.00866024
0.0102916
0.0103324
0.0101124
0.0109698
0.0115876
0.0126755
0.0131885
0.0137794
0.0144127
0.0149095
0.0155433
0.0163679
0.01727
0.000145349
0.00033739
-0.00425568
0.00250429
0.00605592
0.00658987
0.00860656
0.0102698
0.0103242
0.0101094
0.010982
0.0115984
0.0126005
0.0131286
0.0136347
0.0141982
0.0146786
0.0153247
0.0162273
0.0171246
0.000185642
0.000404555
-0.00394437
0.00250641
0.00607132
0.00659806
0.00855143
0.0102475
0.0103184
0.0101022
0.0109937
0.0116014
0.0125257
0.0130369
0.0134822
0.0139874
0.0144804
0.0151406
0.0159988
0.0169582
0.000229639
0.000472007
-0.0036327
0.00251406
0.00608447
0.00661092
0.00849119
0.010226
0.0103152
0.0100918
0.0109978
0.0116131
0.0124388
0.0129266
0.0133336
0.0137784
0.0142735
0.0149542
0.0158145
0.0167864
0.000277486
0.000539513
-0.00332059
0.00252794
0.00609454
0.00662831
0.00838829
0.0102026
0.0103176
0.0100776
0.0109904
0.0117002
0.0123319
0.0128072
0.0131939
0.0135808
0.0140453
0.0147334
0.0156789
0.0166302
0.000330261
0.000606529
-0.00300926
0.00254817
0.00610213
0.00664918
0.00833162
0.0101705
0.010328
0.010057
0.0109766
0.0116594
0.0122412
0.0126713
0.0130561
0.0134137
0.0138353
0.0144887
0.0153903
0.0164802
0.000386969
0.000674594
-0.00269997
0.00257548
0.00610696
0.00667478
0.00827155
0.0101323
0.0103425
0.0100351
0.010947
0.011659
0.0121528
0.0125317
0.0129202
0.0132429
0.0136181
0.014231
0.0151495
0.0163304
0.000448089
0.000743368
-0.00239304
0.00261091
0.00610832
0.00670424
0.00821018
0.0100884
0.0103583
0.010016
0.010897
0.0116764
0.0120637
0.0123955
0.0127754
0.0130674
0.0134006
0.0139603
0.0149499
0.0161804
0.000514578
0.000812646
-0.00208978
0.00265427
0.00610794
0.00673474
0.00815788
0.0100344
0.0103768
0.00999744
0.0108373
0.0116633
0.0120007
0.0122484
0.0126132
0.0129026
0.0131898
0.0137229
0.014675
0.0160262
0.000585127
0.000884018
-0.00179096
0.00270522
0.00610694
0.00676658
0.00810953
0.00997372
0.0103935
0.00998265
0.0107634
0.0116414
0.0119478
0.0120946
0.012449
0.0127307
0.012981
0.0135016
0.0144365
0.0158629
0.000660734
0.000957147
-0.00149738
0.002765
0.00610509
0.00679801
0.00806554
0.00990806
0.0104054
0.00997341
0.0106754
0.0116126
0.0118972
0.0119561
0.0122695
0.0125416
0.0127962
0.0132989
0.0142153
0.0156874
0.000741635
0.00103228
-0.00120955
0.0028324
0.00610429
0.00682888
0.00802701
0.00983557
0.0104125
0.00996806
0.0105812
0.0115611
0.0118577
0.0118297
0.0120683
0.0123587
0.0126274
0.0131013
0.0139918
0.0155202
0.000826885
0.00111069
-0.000927854
0.00290564
0.00610699
0.00685942
0.00799083
0.00975819
0.0104134
0.00996852
0.0104797
0.0114928
0.0118241
0.011709
0.0118724
0.0121746
0.0124439
0.0129069
0.0138053
0.0153733
0.00091744
0.00119246
-0.000653123
0.00298531
0.00611349
0.00688835
0.00795732
0.00967671
0.010407
0.00997443
0.0103748
0.0114072
0.0117866
0.0116068
0.0116852
0.011967
0.012249
0.0127428
0.0136536
0.0152307
0.00101273
0.0012781
-0.000384378
0.00306906
0.0061234
0.00691894
0.00792617
0.0095891
0.0103913
0.00998625
0.0102714
0.0113018
0.0117444
0.011522
0.0114994
0.0117473
0.0120604
0.0125929
0.0135147
0.0150945
0.0011128
0.00136817
-0.000122065
0.00315559
0.00613917
0.00695187
0.00789485
0.00949575
0.0103665
0.0100048
0.0101714
0.0111787
0.0116933
0.0114478
0.0113262
0.0115314
0.0118666
0.0124312
0.0133849
0.014982
0.00121793
0.00146257
0.000133957
0.00324516
0.00615828
0.00698611
0.00786558
0.00939897
0.0103319
0.010028
0.0100782
0.0110387
0.0116273
0.0113835
0.0111732
0.0113182
0.0116592
0.0122619
0.0132684
0.0148904
0.00132749
0.00156195
0.000384794
0.00333553
0.00618023
0.00702451
0.00783989
0.00929793
0.0102847
0.0100543
0.00999662
0.0108834
0.0115437
0.0113268
0.0110402
0.011111
0.0114466
0.0120866
0.0131537
0.014807
0.00144195
0.00166668
0.000630341
0.003426
0.00620513
0.00706691
0.00781756
0.00919344
0.0102254
0.0100821
0.00992982
0.0107165
0.0114403
0.0112718
0.0109251
0.0109179
0.0112354
0.0119034
0.0130233
0.0147252
0.001561
0.00177659
0.000871863
0.00351633
0.00623553
0.00711253
0.00780131
0.00908864
0.010154
0.0101068
0.0098787
0.0105423
0.0113143
0.011213
0.0108269
0.0107447
0.0110292
0.0117103
0.0128786
0.0146411
0.00168463
0.00189218
0.00110962
0.00360564
0.00625689
0.00716158
0.00779157
0.00898403
0.0100703
0.0101253
0.00984587
0.0103665
0.0111643
0.0111475
0.0107431
0.010592
0.0108303
0.0115124
0.0127186
0.0145487
0.00181277
0.00201346
0.0013441
0.00369428
0.00627526
0.0072253
0.00778933
0.00888223
0.00997605
0.0101346
0.00983034
0.0101955
0.0109909
0.0110699
0.0106682
0.0104587
0.0106433
0.0113157
0.0125499
0.014446
0.00194511
0.00214058
0.00157603
0.00378255
0.00628887
0.00727716
0.00779604
0.00878574
0.00987266
0.0101305
0.00982907
0.010038
0.0107967
0.0109761
0.0105994
0.0103443
0.0104731
0.0111253
0.0123759
0.014333
0.00208165
0.00227358
0.00180581
0.00387136
0.00629644
0.00732477
0.00781133
0.00869729
0.00976304
0.0101114
0.00983879
0.00990107
0.0105875
0.0108621
0.0105315
0.0102463
0.0103215
0.010943
0.0122011
0.0142131
0.00222219
0.00241241
0.0020343
0.00396146
0.00629672
0.00736594
0.00783499
0.00862008
0.00964991
0.0100756
0.00985279
0.00979079
0.0103705
0.0107235
0.0104603
0.0101622
0.0101887
0.0107715
0.0120308
0.014092
0.00236656
0.00255695
0.00226206
0.00405393
0.00628916
0.00739693
0.00786618
0.00855566
0.009536
0.0100238
0.00986553
0.00970849
0.0101539
0.0105599
0.0103812
0.0100871
0.0100727
0.0106149
0.0118721
0.0139742
0.00251474
0.00270614
0.00248972
0.00415027
0.00627336
0.00741523
0.00790418
0.00850506
0.00942374
0.00995763
0.00987007
0.00965204
0.00994876
0.0103734
0.0102873
0.010017
0.00997509
0.0104802
0.0117298
0.0138597
0.00266724
0.00285848
0.00271674
0.00425108
0.00625069
0.00742404
0.00794777
0.00846798
0.00931436
0.00987847
0.0098612
0.00961603
0.00976453
0.0101695
0.0101746
0.00994868
0.00989632
0.0103678
0.0116005
0.0137472
0.00282393
0.00301341
0.00294128
0.00435672
0.00622697
0.00742576
0.00799223
0.00844245
0.00920935
0.00978888
0.00983487
0.00959239
0.00960888
0.00995883
0.0100405
0.00987554
0.00983039
0.0102722
0.0114845
0.0136442
0.00298445
0.00317084
0.00316145
0.00446793
0.00620731
0.00741901
0.00803263
0.00842693
0.00911014
0.00969131
0.00979049
0.00957377
0.00948484
0.00975115
0.00988482
0.00979059
0.00977071
0.0101945
0.0113901
0.0135548
0.00314865
0.00333042
0.00337643
0.00458521
0.00619388
0.00740356
0.00806627
0.00842051
0.00901809
0.00958952
0.00973069
0.00955188
0.00938784
0.00955628
0.00971362
0.00969037
0.00971391
0.010137
0.0113165
0.0134737
0.00331623
0.00349179
0.00358609
0.00470814
0.00618788
0.00738014
0.00809132
0.00842187
0.00893463
0.00948638
0.00965823
0.00951957
0.00931082
0.00938281
0.00953648
0.00957454
0.00965446
0.0100912
0.0112557
0.0134016
0.00348692
0.003655
0.00379031
0.00483552
0.00619028
0.00735098
0.00810631
0.00842904
0.0088607
0.009383
0.00957575
0.0094751
0.00924763
0.00923299
0.00936188
0.00944508
0.0095846
0.0100484
0.0112087
0.0133439
0.00366047
0.00382005
0.00398883
0.00496607
0.00620211
0.00731858
0.00811017
0.00843912
0.00879655
0.00928112
0.00948667
0.00941896
0.00919059
0.00910405
0.00919635
0.00930699
0.00950204
0.0100059
0.0111733
0.0132962
0.00383657
0.00398687
0.00418173
0.00509848
0.00622372
0.00728526
0.00810269
0.00844921
0.00874209
0.00918292
0.00939375
0.00935155
0.00913415
0.00899312
0.0090441
0.00916653
0.00940795
0.0099571
0.0111398
0.0132544
0.0040149
0.00415537
0.00436906
0.00523149
0.00625492
0.00725334
0.00808437
0.00845661
0.00869667
0.00908981
0.00929892
0.00927463
0.00907554
0.00889619
0.00890521
0.00902757
0.00930376
0.00989751
0.0111041
0.0132185
0.0041952
0.0043255
0.00455086
0.00536382
0.00629526
0.00722512
0.00805648
0.00845873
0.00865845
0.00900287
0.00920431
0.00919081
0.0090128
0.00880895
0.00877828
0.00889335
0.0091937
0.00982798
0.0110633
0.0131836
0.00437709
0.00449715
0.00472737
0.00549436
0.00634376
0.00720245
0.00802105
0.00845402
0.00862509
0.00892262
0.00911164
0.00910175
0.00894429
0.00872872
0.00866299
0.00876661
0.00908139
0.00974823
0.0110124
0.0131452
0.0045602
0.00467008
0.00489884
0.00562229
0.00639932
0.00718658
0.00798021
0.00844137
0.00861934
0.00884962
0.00902224
0.00900993
0.00886949
0.00865311
0.00855793
0.00864678
0.00896772
0.00965937
0.0109517
0.0131027
0.00474402
0.00484407
0.00506585
0.00574689
0.00646035
0.00717829
0.00793638
0.00841876
0.0085921
0.00878151
0.00893683
0.00891871
0.00878916
0.00857913
0.00846037
0.00853204
0.008854
0.00956502
0.0108835
0.0130554
0.00492806
0.00501872
0.00522893
0.00586777
0.00652533
0.00717774
0.00789186
0.00838665
0.00856433
0.00871796
0.00885483
0.00883008
0.00870452
0.00850428
0.00836834
0.00842246
0.00874229
0.00946748
0.0108084
0.0130018
0.00511185
0.00519373
0.00538851
0.00598453
0.00659283
0.00718463
0.00784888
0.00834633
0.00853446
0.00865836
0.00877483
0.00874466
0.00861713
0.00842673
0.00828055
0.00831838
0.00863312
0.00936732
0.0107272
0.0129423
0.00529496
0.00536862
0.00554502
0.00609724
0.00666133
0.00719799
0.00780922
0.0082997
0.0085007
0.0086019
0.00869581
0.0086617
0.00852925
0.00834626
0.00819541
0.0082183
0.00852523
0.0092647
0.0106414
0.0128785
0.00547696
0.00554289
0.00569867
0.00620592
0.00672977
0.00721699
0.0077739
0.00824874
0.00846156
0.00854776
0.00861771
0.00857943
0.00844234
0.00826389
0.00811184
0.00812142
0.00841889
0.00916065
0.0105517
0.0128096
0.00565731
0.00571598
0.00584982
0.00631078
0.00679684
0.00724051
0.00774363
0.00819595
0.00841615
0.00849406
0.00854112
0.00849652
0.00835587
0.00817938
0.0080287
0.00802813
0.00831557
0.00905616
0.0104577
0.0127347
0.00583568
0.0058873
0.00599837
0.00641223
0.00686181
0.00726724
0.00771836
0.00814319
0.00836533
0.00843879
0.00846652
0.00841296
0.00826883
0.00809185
0.00794387
0.00793698
0.0082149
0.0089517
0.0103604
0.0126544
0.00601163
0.00605628
0.00614435
0.0065106
0.0069239
0.00729614
0.00769789
0.00809159
0.00831052
0.00837987
0.00839331
0.00832946
0.00818097
0.0080013
0.00785552
0.00784549
0.00811554
0.00884753
0.0102603
0.0125687
0.00618477
0.00622218
0.00628749
0.00660655
0.00698288
0.00732583
0.00768166
0.00804181
0.00825371
0.00831569
0.00831903
0.0082464
0.00809261
0.00790826
0.00776248
0.00775153
0.008016
0.00874331
0.0101578
0.0124774
0.00635455
0.00638458
0.0064276
0.00670024
0.00703852
0.00735521
0.00766913
0.00799324
0.0081967
0.00824771
0.0082409
0.0081628
0.00800383
0.00781322
0.00766386
0.00765248
0.00791386
0.00863785
0.010053
0.0123809
0.00652052
0.00654282
0.00656432
0.00679218
0.0070909
0.00738285
0.00765988
0.00794514
0.00813971
0.0081786
0.00815767
0.00807677
0.00791452
0.00771781
0.00756097
0.00754669
0.00780583
0.00852778
0.00994321
0.0122771
0.00668221
0.00669659
0.00669708
0.00688204
0.00714038
0.00740793
0.00765364
0.00789759
0.00808109
0.00811033
0.00806947
0.00798526
0.00782256
0.00762228
0.00745646
0.00743565
0.00769108
0.00841086
0.00982628
0.0121641
0.00683903
0.00684532
0.00682564
0.00697001
0.00718724
0.00742891
0.00764941
0.0078518
0.00801917
0.00804465
0.00798036
0.00788617
0.00772352
0.00752273
0.00734959
0.00731981
0.00756933
0.00828595
0.00970106
0.0120416
0.00699065
0.00698866
0.00694896
0.00705557
0.00723321
0.00744577
0.00764443
0.00780791
0.00795133
0.00797946
0.00789539
0.00778388
0.00761709
0.00741617
0.00723786
0.0071978
0.00743879
0.00815025
0.00956436
0.0119067
0.00713615
0.00712687
0.00706724
0.0071374
0.00727777
0.00745888
0.0076375
0.00776682
0.00787771
0.00790876
0.00781418
0.00768215
0.00750629
0.0073021
0.00711953
0.00706865
0.00729871
0.00800172
0.00941284
0.0117557
0.00727477
0.007259
0.00718092
0.00721627
0.00732101
0.00746807
0.0076253
0.00773011
0.00780274
0.00783042
0.00773358
0.0075812
0.00739167
0.00718009
0.00699262
0.00693147
0.00714934
0.00784152
0.00924517
0.0115852
0.00740534
0.00738419
0.00728934
0.00729163
0.00736224
0.00747589
0.00760621
0.00769334
0.00773128
0.00774716
0.00765228
0.00748156
0.00727395
0.00704948
0.00685444
0.00678327
0.00698666
0.00766338
0.00905564
0.0113908
0.00752786
0.00750309
0.00739232
0.00736413
0.00739851
0.00747709
0.00757729
0.00765198
0.00766485
0.00766375
0.00757088
0.00738626
0.00715762
0.00691414
0.00670626
0.00662195
0.00680993
0.00747077
0.0088485
0.011173
0.00764015
0.00762051
0.0074958
0.0074357
0.00743506
0.00747424
0.00753912
0.00760019
0.0075988
0.0075812
0.00748735
0.00729558
0.00704666
0.00677748
0.00654605
0.00644251
0.00661492
0.0072631
0.00863031
0.0109467
0.00770623
0.00772085
0.00759845
0.0075012
0.0074628
0.00747481
0.00750214
0.00751829
0.00751683
0.00748348
0.0073874
0.00719347
0.00692765
0.00662857
0.00636013
0.0062173
0.00635313
0.00696829
0.00830509
0.0105941
0.0078493
0.0078213
0.00768873
0.00756159
0.0074589
0.0074305
0.00747708
0.00753168
0.00753583
0.00748999
0.00738954
0.00721011
0.00695439
0.00665358
0.00635798
0.00615596
0.00619183
0.00668073
0.00788447
0.010044
0.00786196
0.00792605
0.00776048
0.00765377
0.00754866
0.00737708
0.00719016
0.00723699
0.00728658
0.0072642
0.00715031
0.00698159
0.00674744
0.00651761
0.00634394
0.00631386
0.00650953
0.00710007
0.0083273
0.0104585
0.00805847
0.00794648
0.00778304
0.00760449
0.0074697
0.00744481
0.00752176
0.00760056
0.0075724
0.00751568
0.00738073
0.00714419
0.00676074
0.00623743
0.00565356
0.00514356
0.00489447
0.00513389
0.00611732
0.00810922
0.00833754
0.00791761
0.00767901
0.00750251
0.00744802
0.00726967
0.0070028
0.00690369
0.00697796
0.00704242
0.00702471
0.00696141
0.00703671
0.00736112
0.00801583
0.00895205
0.00999819
0.0108544
0.0111548
0.0105335
0.00835973
0.00798052
0.00769427
0.00759297
0.00759243
0.00763088
0.00770607
0.00775301
0.00771468
0.00754864
0.00722774
0.00671843
0.00601246
0.00518929
0.00436165
0.00362993
0.0031499
0.00313865
0.00386227
0.00556074
0.00855837
0.00796962
0.00764766
0.00752885
0.00756447
0.00747657
0.00729102
0.00704312
0.00686238
0.00684692
0.00682703
0.00667611
0.00652628
0.00653018
0.00680592
0.00737664
0.00814969
0.00883512
0.00904547
0.00842418
0.00855758
0.00795696
0.00765471
0.00762843
0.00778176
0.00794785
0.00813454
0.00821504
0.00810322
0.00770937
0.00702473
0.00598762
0.00461407
0.00307379
0.0016322
0.000512678
-0.000127013
-0.000116998
0.000756516
0.0026858
0.0289258
0.0148466
0.00948036
0.0104865
0.0122285
0.0134052
0.0142305
0.015101
0.0162309
0.0175536
0.0188894
0.020063
0.0211544
0.0223818
0.0237027
0.0249521
0.026211
0.0276087
0.0291053
0.0304922
0.0317072
0.033033
0.034659
0.036428
0.038187
0.0399757
0.0417911
0.0436746
0.0455802
0.0475453
0.049621
0.0518538
0.0541047
0.0564073
0.0588
0.0612944
0.0639153
0.066603
0.0694308
0.072276
0.075268
0.078328
0.0814998
0.0848132
0.0881117
0.091659
0.095134
0.0988282
0.102462
0.10581
0.0285293
0.0149008
0.00952367
0.0105057
0.0122393
0.0134119
0.0142351
0.0151042
0.0162334
0.0175556
0.0188912
0.0200645
0.0211557
0.0223829
0.0237037
0.0249531
0.0262119
0.0276095
0.0291061
0.0304929
0.0317079
0.0330335
0.0346595
0.0364284
0.0381875
0.0399761
0.0417915
0.0436749
0.0455805
0.0475456
0.0496212
0.051854
0.0541049
0.0564075
0.0588002
0.0612946
0.0639154
0.0666031
0.0694309
0.0722762
0.0752682
0.0783281
0.0814999
0.0848133
0.0881118
0.0916591
0.0951341
0.0988283
0.102462
0.10581
0.02815
0.0150041
0.00959255
0.0105281
0.0122511
0.0134194
0.0142399
0.0151075
0.0162358
0.0175575
0.0188929
0.020066
0.0211569
0.0223839
0.0237047
0.024954
0.0262128
0.0276102
0.0291068
0.0304936
0.0317085
0.033034
0.0346599
0.0364289
0.0381878
0.0399764
0.0417918
0.0436752
0.0455808
0.0475458
0.0496214
0.0518542
0.054105
0.0564077
0.0588004
0.0612947
0.0639156
0.0666033
0.0694311
0.0722763
0.0752683
0.0783282
0.0815
0.0848133
0.0881119
0.0916592
0.0951342
0.0988283
0.102462
0.10581
0.0278124
0.0151445
0.00969117
0.0105585
0.0122668
0.0134296
0.0142464
0.0151119
0.0162388
0.0175597
0.0188947
0.0200676
0.0211582
0.022385
0.0237056
0.0249549
0.0262135
0.0276109
0.0291075
0.0304943
0.031709
0.0330344
0.0346603
0.0364293
0.0381882
0.0399768
0.0417921
0.0436755
0.045581
0.047546
0.0496216
0.0518544
0.0541052
0.0564078
0.0588005
0.0612949
0.0639157
0.0666034
0.0694312
0.0722764
0.0752684
0.0783283
0.0815
0.0848134
0.0881119
0.0916592
0.0951342
0.0988284
0.102462
0.10581
0.0274777
0.0153002
0.0098113
0.0105969
0.0122875
0.013444
0.014256
0.0151184
0.0162432
0.0175626
0.0188969
0.0200694
0.0211597
0.0223862
0.0237066
0.0249558
0.0262144
0.0276117
0.0291082
0.030495
0.0317097
0.0330348
0.0346607
0.0364297
0.0381886
0.0399772
0.0417925
0.0436758
0.0455813
0.0475463
0.0496218
0.0518546
0.0541054
0.056408
0.0588007
0.061295
0.0639159
0.0666035
0.0694313
0.0722765
0.0752685
0.0783284
0.0815001
0.0848135
0.088112
0.0916593
0.0951343
0.0988284
0.102462
0.105811
0.0271285
0.0154609
0.00994338
0.0106398
0.012312
0.0134624
0.0142689
0.0151275
0.0162495
0.0175667
0.0188996
0.0200717
0.0211618
0.0223878
0.0237078
0.0249567
0.0262152
0.0276126
0.0291091
0.0304959
0.0317104
0.0330353
0.0346612
0.0364302
0.0381891
0.0399776
0.0417928
0.0436762
0.0455816
0.0475465
0.049622
0.0518548
0.0541056
0.0564082
0.0588008
0.0612952
0.063916
0.0666037
0.0694315
0.0722766
0.0752686
0.0783286
0.0815002
0.0848136
0.0881121
0.0916594
0.0951344
0.0988285
0.102462
0.105811
0.0267656
0.0156238
0.0100827
0.0106845
0.0123385
0.0134838
0.0142848
0.0151393
0.0162579
0.017572
0.018903
0.0200745
0.0211644
0.0223898
0.0237091
0.0249576
0.026216
0.0276134
0.0291099
0.0304969
0.0317113
0.0330359
0.0346617
0.0364308
0.0381896
0.039978
0.0417933
0.0436765
0.0455819
0.0475468
0.0496223
0.051855
0.0541059
0.0564084
0.058801
0.0612953
0.0639162
0.0666038
0.0694316
0.0722768
0.0752687
0.0783287
0.0815004
0.0848137
0.0881122
0.0916595
0.0951345
0.0988286
0.102463
0.105811
0.0263938
0.0157879
0.0102279
0.0107301
0.0123658
0.013507
0.0143027
0.015153
0.0162681
0.0175786
0.018907
0.0200778
0.0211676
0.0223924
0.0237107
0.0249587
0.0262169
0.0276142
0.0291107
0.030498
0.0317124
0.0330367
0.0346623
0.0364313
0.0381901
0.0399785
0.0417937
0.043677
0.0455823
0.0475471
0.0496226
0.0518553
0.0541061
0.0564086
0.0588012
0.0612955
0.0639163
0.066604
0.0694318
0.0722769
0.0752689
0.0783288
0.0815005
0.0848138
0.0881123
0.0916596
0.0951346
0.0988288
0.102463
0.105812
0.0260163
0.015952
0.0103788
0.0107765
0.0123933
0.0135314
0.014322
0.0151682
0.0162796
0.0175864
0.0189118
0.0200815
0.0211713
0.0223955
0.0237127
0.02496
0.0262179
0.027615
0.0291114
0.0304991
0.0317136
0.0330377
0.0346631
0.036432
0.0381906
0.039979
0.0417943
0.0436775
0.0455828
0.0475475
0.0496229
0.0518556
0.0541064
0.0564088
0.0588014
0.0612957
0.0639165
0.0666041
0.0694319
0.0722771
0.075269
0.078329
0.0815006
0.084814
0.0881124
0.0916597
0.0951347
0.0988289
0.102463
0.105812
0.0256351
0.0161151
0.0105361
0.0108241
0.0124209
0.0135565
0.0143422
0.0151841
0.016292
0.0175951
0.0189172
0.0200855
0.0211754
0.0223992
0.0237152
0.0249615
0.0262191
0.0276157
0.0291119
0.0305001
0.0317151
0.033039
0.0346642
0.0364328
0.0381912
0.0399796
0.0417948
0.043678
0.0455833
0.047548
0.0496233
0.051856
0.0541067
0.0564091
0.0588016
0.0612959
0.0639167
0.0666043
0.0694321
0.0722773
0.0752692
0.0783291
0.0815008
0.0848141
0.0881126
0.0916599
0.0951348
0.0988291
0.102463
0.105813
0.0252528
0.0162764
0.0107002
0.0108731
0.0124485
0.0135824
0.0143633
0.0152008
0.016305
0.0176043
0.0189232
0.0200899
0.0211797
0.0224032
0.0237181
0.0249635
0.0262205
0.0276165
0.0291122
0.0305008
0.0317165
0.0330405
0.0346656
0.0364338
0.0381918
0.0399801
0.0417954
0.0436786
0.0455839
0.0475486
0.0496238
0.0518564
0.0541071
0.0564094
0.0588019
0.0612961
0.0639169
0.0666045
0.0694323
0.0722774
0.0752693
0.0783293
0.0815009
0.0848143
0.0881127
0.09166
0.095135
0.0988294
0.102464
0.105814
0.0248722
0.0164355
0.0108714
0.010924
0.0124759
0.0136087
0.0143851
0.015218
0.0163185
0.0176141
0.0189295
0.0200945
0.0211842
0.0224074
0.0237213
0.0249657
0.0262221
0.0276175
0.0291124
0.0305013
0.0317178
0.0330422
0.0346673
0.0364351
0.0381925
0.0399806
0.0417959
0.0436792
0.0455846
0.0475492
0.0496244
0.0518569
0.0541075
0.0564098
0.0588022
0.0612964
0.0639171
0.0666047
0.0694325
0.0722776
0.0752695
0.0783295
0.0815011
0.0848145
0.0881129
0.0916603
0.0951353
0.0988297
0.102464
0.105814
0.0244959
0.0165916
0.0110496
0.010977
0.0125031
0.0136356
0.0144075
0.0152357
0.0163324
0.0176241
0.0189362
0.0200994
0.0211889
0.0224117
0.0237247
0.0249682
0.026224
0.0276185
0.0291124
0.0305014
0.0317187
0.0330438
0.0346693
0.0364368
0.0381934
0.0399811
0.0417964
0.0436798
0.0455853
0.0475499
0.049625
0.0518575
0.054108
0.0564102
0.0588026
0.0612967
0.0639173
0.0666049
0.0694327
0.0722778
0.0752697
0.0783297
0.0815014
0.0848148
0.0881132
0.0916605
0.0951355
0.0988301
0.102465
0.105816
0.0241258
0.0167441
0.0112348
0.0110325
0.0125299
0.0136627
0.0144307
0.0152539
0.0163467
0.0176344
0.0189431
0.0201045
0.0211936
0.0224161
0.0237282
0.0249709
0.026226
0.0276196
0.0291123
0.0305012
0.0317193
0.0330453
0.0346715
0.0364389
0.0381945
0.0399816
0.0417968
0.0436802
0.0455859
0.0475507
0.0496258
0.0518582
0.0541086
0.0564107
0.0588031
0.0612971
0.0639176
0.0666051
0.0694329
0.072278
0.0752699
0.0783299
0.0815016
0.084815
0.0881134
0.0916608
0.0951359
0.0988306
0.102466
0.105817
0.0237627
0.0168925
0.011427
0.0110912
0.0125562
0.0136901
0.0144544
0.0152728
0.0163615
0.017645
0.0189501
0.0201097
0.0211985
0.0224207
0.0237317
0.0249737
0.0262281
0.0276208
0.0291121
0.0305006
0.0317195
0.0330464
0.0346737
0.0364413
0.0381958
0.0399821
0.0417971
0.0436806
0.0455865
0.0475515
0.0496266
0.0518589
0.0541091
0.0564113
0.0588037
0.0612975
0.0639179
0.0666053
0.0694331
0.0722782
0.0752702
0.0783301
0.0815018
0.0848153
0.0881138
0.0916612
0.0951363
0.0988313
0.102467
0.105818
0.0234068
0.0170359
0.0116263
0.0111537
0.0125821
0.0137175
0.0144788
0.0152923
0.0163768
0.0176559
0.0189572
0.020115
0.0212036
0.0224255
0.0237354
0.0249767
0.0262304
0.0276221
0.0291117
0.0304996
0.0317193
0.0330473
0.0346758
0.0364438
0.0381973
0.0399826
0.0417974
0.0436809
0.045587
0.0475523
0.0496276
0.0518597
0.0541097
0.056412
0.0588044
0.0612981
0.0639182
0.0666056
0.0694333
0.0722785
0.0752704
0.0783304
0.0815021
0.0848157
0.0881141
0.0916616
0.0951368
0.098832
0.102468
0.10582
0.0230578
0.0171739
0.0118327
0.0112206
0.0126076
0.0137449
0.0145038
0.0153125
0.0163928
0.0176671
0.0189644
0.0201204
0.0212088
0.0224305
0.0237391
0.0249797
0.0262327
0.0276233
0.0291113
0.0304982
0.0317187
0.0330478
0.0346776
0.0364464
0.0381989
0.0399831
0.0417976
0.0436811
0.0455875
0.0475531
0.0496286
0.0518606
0.0541103
0.0564126
0.0588051
0.0612988
0.0639187
0.0666059
0.0694336
0.0722787
0.0752707
0.0783306
0.0815024
0.084816
0.0881145
0.0916621
0.0951374
0.0988328
0.10247
0.105821
0.0227152
0.0173055
0.0120462
0.0112927
0.0126327
0.0137722
0.0145295
0.0153336
0.0164095
0.0176788
0.0189717
0.0201258
0.0212142
0.0224357
0.0237429
0.0249828
0.0262351
0.0276247
0.0291107
0.0304963
0.0317177
0.0330482
0.0346792
0.0364489
0.0382006
0.0399837
0.0417977
0.0436813
0.0455879
0.0475538
0.0496296
0.0518615
0.054111
0.0564132
0.058806
0.0612996
0.0639192
0.0666062
0.0694338
0.072279
0.0752709
0.0783309
0.0815027
0.0848163
0.088115
0.0916627
0.095138
0.0988338
0.102471
0.105823
0.0223787
0.0174301
0.0122666
0.0113707
0.0126574
0.0137991
0.0145559
0.0153556
0.016427
0.017691
0.0189792
0.0201314
0.0212198
0.0224411
0.0237468
0.0249859
0.0262376
0.0276261
0.02911
0.0304941
0.0317165
0.0330485
0.0346806
0.0364511
0.0382023
0.0399841
0.0417979
0.0436814
0.0455883
0.0475545
0.0496306
0.0518626
0.0541116
0.0564138
0.0588068
0.0613006
0.0639198
0.0666065
0.0694341
0.0722792
0.0752712
0.0783311
0.081503
0.0848166
0.0881154
0.0916634
0.0951388
0.098835
0.102473
0.105825
0.0220482
0.0175467
0.0124937
0.0114554
0.0126821
0.0138256
0.0145829
0.0153785
0.0164452
0.0177036
0.0189871
0.0201371
0.0212256
0.0224466
0.023751
0.0249891
0.0262402
0.0276276
0.0291093
0.0304915
0.0317153
0.0330491
0.0346819
0.0364531
0.038204
0.0399846
0.041798
0.0436816
0.0455887
0.0475552
0.0496316
0.0518636
0.0541122
0.0564143
0.0588076
0.0613016
0.0639205
0.0666069
0.0694344
0.0722795
0.0752716
0.0783314
0.0815033
0.0848169
0.0881159
0.0916641
0.0951397
0.0988363
0.102475
0.105828
0.0217242
0.0176547
0.0127269
0.0115476
0.0127068
0.0138515
0.0146105
0.0154022
0.0164641
0.0177168
0.0189953
0.020143
0.0212317
0.0224524
0.0237554
0.0249924
0.026243
0.0276293
0.0291086
0.0304888
0.0317143
0.0330502
0.0346834
0.0364549
0.0382056
0.039985
0.0417981
0.0436819
0.0455892
0.047556
0.0496326
0.0518646
0.0541129
0.0564149
0.0588085
0.0613026
0.0639212
0.0666073
0.0694346
0.0722798
0.0752719
0.0783318
0.0815036
0.0848172
0.0881164
0.0916648
0.0951406
0.0988377
0.102478
0.10583
0.0214069
0.0177533
0.0129658
0.0116481
0.0127318
0.0138766
0.0146385
0.0154268
0.0164837
0.0177305
0.019004
0.0201492
0.0212381
0.0224584
0.0237602
0.0249958
0.0262459
0.0276311
0.0291079
0.030486
0.0317138
0.0330521
0.0346853
0.0364565
0.0382072
0.0399855
0.0417984
0.0436822
0.0455898
0.047557
0.0496336
0.0518656
0.0541135
0.0564155
0.0588093
0.0613036
0.063922
0.0666077
0.0694349
0.0722801
0.0752722
0.0783321
0.0815039
0.0848175
0.0881168
0.0916656
0.0951417
0.0988393
0.10248
0.105833
0.0210971
0.0178418
0.0132095
0.0117576
0.0127575
0.0139006
0.0146669
0.0154521
0.016504
0.0177447
0.0190131
0.0201558
0.0212448
0.0224647
0.0237654
0.0249993
0.026249
0.0276331
0.0291072
0.0304833
0.0317141
0.033055
0.0346877
0.0364579
0.0382086
0.039986
0.0417986
0.0436826
0.0455905
0.0475581
0.0496348
0.0518665
0.0541141
0.0564161
0.0588101
0.0613046
0.0639228
0.0666082
0.0694353
0.0722803
0.0752726
0.0783325
0.0815043
0.0848178
0.0881173
0.0916664
0.0951428
0.0988409
0.102483
0.105836
0.0207957
0.0179198
0.013457
0.0118768
0.0127844
0.0139236
0.0146955
0.0154783
0.0165249
0.0177594
0.0190226
0.0201628
0.0212518
0.0224714
0.0237709
0.025003
0.0262523
0.0276352
0.0291067
0.0304807
0.0317153
0.0330592
0.0346909
0.0364593
0.0382099
0.0399866
0.041799
0.043683
0.0455913
0.0475594
0.0496362
0.0518672
0.0541146
0.0564168
0.0588109
0.0613056
0.0639236
0.0666087
0.0694356
0.0722806
0.075273
0.0783329
0.0815047
0.0848181
0.0881177
0.0916672
0.0951439
0.0988427
0.102486
0.105839
0.0205036
0.0179869
0.0137074
0.0120061
0.012813
0.0139452
0.0147241
0.0155052
0.0165466
0.0177748
0.0190327
0.0201702
0.0212592
0.0224786
0.0237768
0.0250069
0.0262558
0.0276375
0.0291063
0.0304784
0.0317173
0.0330646
0.0346949
0.0364607
0.0382111
0.0399872
0.0417994
0.0436836
0.0455922
0.0475609
0.0496377
0.0518679
0.0541152
0.0564175
0.0588119
0.0613065
0.0639244
0.0666091
0.0694359
0.072281
0.0752734
0.0783332
0.081505
0.0848184
0.0881182
0.091668
0.0951451
0.0988445
0.102489
0.105842
0.0202218
0.0180428
0.0139592
0.012146
0.012844
0.0139655
0.0147525
0.0155328
0.0165691
0.0177907
0.0190432
0.0201781
0.0212669
0.0224862
0.023783
0.025011
0.0262595
0.0276399
0.029106
0.0304764
0.03172
0.0330711
0.0346995
0.0364622
0.0382122
0.0399879
0.0417999
0.0436841
0.0455931
0.0475626
0.0496395
0.0518685
0.0541156
0.0564184
0.0588129
0.0613075
0.0639253
0.0666096
0.0694363
0.0722813
0.0752738
0.0783336
0.0815054
0.0848187
0.0881187
0.0916689
0.0951464
0.0988465
0.102493
0.105845
0.0199524
0.0180879
0.014211
0.0122964
0.0128781
0.0139845
0.0147803
0.0155611
0.0165923
0.0178074
0.0190542
0.0201864
0.021275
0.0224944
0.0237894
0.0250153
0.0262633
0.0276425
0.0291059
0.0304747
0.0317233
0.0330783
0.0347047
0.0364637
0.0382132
0.0399886
0.0418005
0.0436848
0.0455941
0.0475644
0.0496415
0.0518691
0.0541161
0.0564193
0.058814
0.0613085
0.0639262
0.0666102
0.0694367
0.0722816
0.0752743
0.0783341
0.0815058
0.0848191
0.0881193
0.0916698
0.0951477
0.0988485
0.102496
0.105848
0.019696
0.018123
0.0144613
0.0124574
0.0129162
0.0140023
0.0148074
0.0155899
0.0166164
0.0178247
0.0190657
0.0201952
0.0212835
0.0225029
0.0237961
0.0250198
0.0262674
0.0276452
0.0291059
0.0304732
0.031727
0.0330863
0.0347103
0.0364654
0.0382141
0.0399893
0.0418011
0.0436855
0.0455951
0.0475665
0.0496436
0.0518696
0.0541165
0.0564204
0.0588152
0.0613095
0.0639271
0.0666107
0.0694371
0.072282
0.0752747
0.0783345
0.0815062
0.0848194
0.0881198
0.0916708
0.0951491
0.0988506
0.1025
0.105852
0.0194503
0.0181486
0.0147087
0.0126286
0.0129596
0.014019
0.0148335
0.0156191
0.0166414
0.0178429
0.0190778
0.0202044
0.0212923
0.0225119
0.023803
0.0250245
0.0262717
0.0276481
0.0291059
0.0304719
0.0317309
0.0330946
0.0347162
0.0364671
0.038215
0.0399901
0.0418017
0.0436862
0.0455962
0.0475686
0.0496459
0.0518703
0.0541169
0.0564215
0.0588165
0.0613106
0.0639281
0.0666114
0.0694375
0.0722824
0.0752752
0.0783349
0.0815066
0.0848198
0.0881205
0.0916719
0.0951505
0.0988527
0.102503
0.105855
0.0192145
0.0181645
0.0149512
0.0128092
0.013009
0.0140352
0.0148584
0.0156485
0.0166672
0.0178618
0.0190906
0.0202141
0.0213015
0.0225212
0.0238101
0.0250295
0.0262762
0.0276511
0.0291061
0.0304707
0.031735
0.0331032
0.0347223
0.036469
0.0382159
0.0399909
0.0418024
0.043687
0.0455973
0.0475709
0.0496482
0.051871
0.0541174
0.0564227
0.0588179
0.0613117
0.0639292
0.066612
0.0694379
0.0722828
0.0752758
0.0783354
0.0815071
0.0848202
0.0881211
0.091673
0.095152
0.098855
0.102507
0.105859
0.0189958
0.0181714
0.0151863
0.0129976
0.0130653
0.0140509
0.0148817
0.0156779
0.0166939
0.0178816
0.0191039
0.0202241
0.0213111
0.0225309
0.0238174
0.0250348
0.0262808
0.0276543
0.0291062
0.0304697
0.0317391
0.033112
0.0347285
0.036471
0.0382169
0.0399917
0.0418032
0.0436878
0.0455984
0.0475733
0.0496507
0.0518717
0.054118
0.056424
0.0588193
0.061313
0.0639303
0.0666127
0.0694384
0.0722832
0.0752763
0.0783359
0.0815075
0.0848206
0.0881219
0.0916743
0.0951535
0.0988573
0.102511
0.105863
0.0188027
0.0181727
0.0154123
0.0131926
0.0131292
0.0140668
0.0149033
0.015707
0.0167213
0.0179023
0.0191179
0.0202346
0.0213211
0.0225408
0.023825
0.0250402
0.0262856
0.0276576
0.0291065
0.0304687
0.0317433
0.033121
0.0347348
0.036473
0.0382178
0.0399925
0.0418039
0.0436887
0.0455996
0.0475758
0.0496531
0.0518726
0.0541186
0.0564253
0.0588208
0.0613142
0.0639315
0.0666134
0.0694389
0.0722837
0.0752769
0.0783364
0.0815079
0.084821
0.0881227
0.0916756
0.0951551
0.0988597
0.102516
0.105867
0.0186341
0.0181717
0.0156311
0.0133945
0.013202
0.0140837
0.0149231
0.0157354
0.0167493
0.0179239
0.0191326
0.0202456
0.0213314
0.0225511
0.0238329
0.0250459
0.0262906
0.0276611
0.0291067
0.0304679
0.0317476
0.0331301
0.0347412
0.0364752
0.0382188
0.0399934
0.0418047
0.0436896
0.0456008
0.0475783
0.0496557
0.0518736
0.0541192
0.0564267
0.0588223
0.0613156
0.0639327
0.0666142
0.0694394
0.0722842
0.0752775
0.0783369
0.0815084
0.0848214
0.0881235
0.0916769
0.0951568
0.0988622
0.10252
0.105871
0.0184915
0.0181666
0.0158398
0.0136028
0.0132854
0.0141031
0.0149415
0.015763
0.016778
0.0179466
0.0191482
0.0202572
0.0213423
0.0225618
0.0238411
0.0250519
0.0262958
0.0276647
0.029107
0.0304672
0.0317519
0.0331392
0.0347477
0.0364774
0.0382199
0.0399943
0.0418056
0.0436905
0.0456021
0.0475809
0.0496582
0.0518746
0.05412
0.0564282
0.0588239
0.061317
0.063934
0.066615
0.0694399
0.0722847
0.0752781
0.0783375
0.0815088
0.0848219
0.0881244
0.0916783
0.0951586
0.0988648
0.102525
0.105875
0.0183713
0.0181608
0.0160351
0.013812
0.013377
0.0141245
0.0149581
0.0157894
0.0168071
0.0179704
0.0191646
0.0202692
0.0213534
0.0225728
0.0238497
0.0250581
0.0263011
0.0276684
0.0291074
0.0304667
0.0317564
0.0331485
0.0347542
0.0364798
0.038221
0.0399952
0.0418064
0.0436915
0.0456035
0.0475836
0.0496609
0.0518758
0.0541208
0.0564297
0.0588256
0.0613185
0.0639353
0.0666159
0.0694405
0.0722852
0.0752788
0.078338
0.0815093
0.0848224
0.0881253
0.0916798
0.0951605
0.0988675
0.10253
0.10588
0.018259
0.0181542
0.0162176
0.0140216
0.013477
0.0141484
0.0149728
0.0158138
0.016836
0.017995
0.0191819
0.0202818
0.021365
0.0225842
0.0238585
0.0250645
0.0263066
0.0276723
0.0291079
0.0304662
0.031761
0.0331578
0.0347609
0.0364822
0.0382221
0.0399962
0.0418074
0.0436926
0.045605
0.0475863
0.0496635
0.051877
0.0541217
0.0564312
0.0588273
0.06132
0.0639367
0.0666168
0.0694411
0.0722857
0.0752795
0.0783386
0.0815099
0.0848229
0.0881263
0.0916814
0.0951625
0.0988703
0.102535
0.105885
0.0181521
0.0181447
0.0163894
0.014234
0.0135889
0.0141784
0.0149876
0.0158367
0.0168648
0.0180208
0.0192004
0.0202951
0.0213771
0.0225961
0.0238678
0.0250712
0.0263123
0.0276763
0.0291084
0.0304659
0.0317657
0.0331672
0.0347676
0.0364848
0.0382234
0.0399972
0.0418083
0.0436937
0.0456065
0.0475891
0.0496663
0.0518783
0.0541226
0.0564328
0.058829
0.0613216
0.0639381
0.0666177
0.0694418
0.0722863
0.0752802
0.0783393
0.0815105
0.0848234
0.0881274
0.091683
0.0951645
0.0988732
0.10254
0.105889
0.0180586
0.0181404
0.0165503
0.0144437
0.0137081
0.0142131
0.0150019
0.0158576
0.016893
0.0180477
0.0192201
0.0203092
0.0213897
0.0226083
0.0238775
0.0250782
0.0263182
0.0276806
0.0291091
0.0304657
0.0317705
0.0331766
0.0347744
0.0364875
0.0382247
0.0399982
0.0418094
0.0436949
0.0456081
0.047592
0.049669
0.0518796
0.0541236
0.0564345
0.0588308
0.0613232
0.0639395
0.0666187
0.0694424
0.0722869
0.075281
0.0783399
0.0815111
0.084824
0.0881285
0.0916846
0.0951667
0.0988762
0.102545
0.105894
0.0179872
0.018142
0.0166979
0.0146477
0.0138324
0.0142524
0.0150156
0.015876
0.0169197
0.0180751
0.0192409
0.020324
0.0214028
0.0226209
0.0238875
0.0250854
0.0263242
0.0276849
0.0291099
0.0304657
0.0317755
0.0331861
0.0347813
0.0364903
0.0382262
0.0399994
0.0418105
0.0436961
0.0456097
0.047595
0.0496719
0.051881
0.0541247
0.0564362
0.0588327
0.0613249
0.063941
0.0666197
0.0694431
0.0722875
0.0752818
0.0783406
0.0815117
0.0848246
0.0881296
0.0916864
0.095169
0.0988794
0.102551
0.1059
0.0179363
0.0181443
0.0168354
0.0148496
0.0139653
0.0143002
0.015032
0.015893
0.0169452
0.0181032
0.0192632
0.0203398
0.0214162
0.0226339
0.0238979
0.0250929
0.0263306
0.0276895
0.0291108
0.0304659
0.0317806
0.0331956
0.0347883
0.0364932
0.0382277
0.0400006
0.0418116
0.0436974
0.0456115
0.047598
0.0496748
0.0518825
0.0541258
0.056438
0.0588347
0.0613267
0.0639426
0.0666208
0.0694438
0.0722882
0.0752826
0.0783413
0.0815124
0.0848252
0.0881308
0.0916882
0.0951714
0.0988826
0.102557
0.105905
0.0178959
0.0181522
0.0169661
0.0150477
0.0141033
0.0143553
0.0150508
0.0159084
0.0169687
0.0181314
0.0192869
0.0203567
0.0214305
0.0226475
0.023909
0.0251008
0.0263371
0.0276942
0.0291119
0.0304662
0.0317858
0.0332052
0.0347954
0.0364963
0.0382293
0.0400018
0.0418129
0.0436987
0.0456133
0.0476011
0.0496778
0.0518841
0.054127
0.0564398
0.0588367
0.0613285
0.0639442
0.0666219
0.0694446
0.0722888
0.0752835
0.078342
0.0815131
0.0848259
0.0881321
0.09169
0.0951739
0.098886
0.102562
0.105911
0.0178702
0.0181686
0.0170871
0.0152366
0.0142419
0.0144154
0.0150715
0.0159217
0.0169896
0.0181592
0.019312
0.020375
0.0214454
0.0226615
0.0239202
0.0251088
0.0263437
0.0276991
0.0291131
0.0304667
0.0317911
0.0332148
0.0348026
0.0364995
0.0382311
0.0400032
0.0418142
0.0437002
0.0456152
0.0476043
0.0496809
0.0518858
0.0541282
0.0564417
0.0588387
0.0613304
0.0639458
0.066623
0.0694454
0.0722895
0.0752844
0.0783428
0.0815138
0.0848266
0.0881334
0.091692
0.0951765
0.0988895
0.102569
0.105916
0.0178542
0.0181864
0.0171983
0.0154189
0.014383
0.0144829
0.0150966
0.015935
0.0170084
0.0181867
0.0193384
0.0203945
0.0214607
0.0226757
0.0239318
0.0251173
0.0263508
0.0277042
0.0291146
0.0304674
0.0317966
0.0332245
0.0348099
0.0365028
0.0382329
0.0400047
0.0418156
0.0437017
0.0456172
0.0476076
0.049684
0.0518875
0.0541296
0.0564437
0.0588409
0.0613324
0.0639475
0.0666242
0.0694463
0.0722903
0.0752854
0.0783436
0.0815146
0.0848274
0.0881348
0.091694
0.0951793
0.0988932
0.102575
0.105922
0.0178335
0.0182066
0.0173055
0.0155973
0.0145264
0.014557
0.0151266
0.0159487
0.0170247
0.0182126
0.0193655
0.0204154
0.0214772
0.0226907
0.0239442
0.0251262
0.026358
0.0277095
0.0291163
0.0304682
0.0318022
0.0332342
0.0348174
0.0365063
0.0382349
0.0400062
0.041817
0.0437033
0.0456193
0.0476109
0.0496872
0.0518893
0.054131
0.0564458
0.0588431
0.0613344
0.0639493
0.0666254
0.0694472
0.072291
0.0752863
0.0783444
0.0815154
0.0848282
0.0881362
0.0916961
0.0951821
0.098897
0.102582
0.105929
0.0178112
0.0182348
0.0174084
0.0157678
0.0146687
0.0146351
0.015161
0.0159627
0.0170381
0.0182367
0.0193938
0.0204383
0.0214949
0.0227063
0.0239567
0.0251352
0.0263653
0.027715
0.0291182
0.0304693
0.0318079
0.0332439
0.0348249
0.03651
0.038237
0.0400079
0.0418186
0.043705
0.0456215
0.0476143
0.0496905
0.0518912
0.0541325
0.0564479
0.0588453
0.0613365
0.0639511
0.0666267
0.0694481
0.0722918
0.0752874
0.0783452
0.0815163
0.084829
0.0881377
0.0916983
0.0951852
0.0989009
0.102588
0.105935
0.0177901
0.0182658
0.0175033
0.0159308
0.0148105
0.0147173
0.0152003
0.0159785
0.01705
0.0182592
0.0194226
0.0204625
0.0215133
0.0227221
0.0239697
0.0251446
0.0263731
0.0277209
0.0291203
0.0304706
0.0318138
0.0332537
0.0348325
0.0365138
0.0382393
0.0400097
0.0418203
0.0437068
0.0456238
0.0476178
0.0496939
0.0518932
0.054134
0.0564501
0.0588477
0.0613386
0.063953
0.066628
0.0694491
0.0722926
0.0752884
0.0783461
0.0815172
0.08483
0.0881393
0.0917006
0.0951883
0.0989049
0.102596
0.105942
0.0177601
0.0182957
0.0175946
0.0160897
0.0149519
0.0148022
0.0152447
0.0159974
0.0170603
0.0182789
0.0194508
0.0204879
0.0215331
0.022739
0.0239835
0.0251546
0.026381
0.0277268
0.0291226
0.0304721
0.0318198
0.0332634
0.0348402
0.0365177
0.0382417
0.0400116
0.0418221
0.0437087
0.0456262
0.0476214
0.0496974
0.0518953
0.0541357
0.0564524
0.0588501
0.0613409
0.0639549
0.0666294
0.0694501
0.0722935
0.0752895
0.0783471
0.0815182
0.0848309
0.0881409
0.091703
0.0951916
0.0989091
0.102603
0.105949
0.017717
0.0183279
0.0176841
0.0162428
0.0150915
0.014889
0.0152941
0.0160194
0.017069
0.0182957
0.0194788
0.0205153
0.0215546
0.0227567
0.0239976
0.0251646
0.0263891
0.027733
0.0291253
0.030474
0.0318259
0.0332732
0.0348481
0.0365219
0.0382443
0.0400136
0.041824
0.0437107
0.0456287
0.0476251
0.0497009
0.0518975
0.0541375
0.0564547
0.0588526
0.0613432
0.0639569
0.0666308
0.0694512
0.0722944
0.0752907
0.078348
0.0815192
0.084832
0.0881427
0.0917055
0.0951951
0.0989135
0.10261
0.105956
0.0176696
0.0183619
0.0177696
0.0163897
0.0152301
0.014977
0.015347
0.0160449
0.0170777
0.0183105
0.0195063
0.0205436
0.021577
0.0227751
0.0240123
0.0251752
0.0263975
0.0277395
0.0291283
0.030476
0.0318321
0.033283
0.034856
0.0365262
0.038247
0.0400157
0.041826
0.0437129
0.0456313
0.0476289
0.0497046
0.0518998
0.0541393
0.0564572
0.0588552
0.0613456
0.0639589
0.0666323
0.0694524
0.0722953
0.0752919
0.078349
0.0815203
0.0848331
0.0881445
0.091708
0.0951987
0.098918
0.102618
0.105963
0.0176225
0.018395
0.0178524
0.0165316
0.0153669
0.0150647
0.0154032
0.0160751
0.0170873
0.0183224
0.0195318
0.0205723
0.0216009
0.0227948
0.0240281
0.0251863
0.026406
0.027746
0.0291314
0.0304783
0.0318385
0.0332927
0.034864
0.0365307
0.0382498
0.040018
0.0418281
0.0437151
0.0456341
0.0476327
0.0497083
0.0519022
0.0541413
0.0564597
0.0588579
0.0613481
0.063961
0.0666338
0.0694536
0.0722963
0.0752932
0.07835
0.0815215
0.0848343
0.0881464
0.0917107
0.0952024
0.0989227
0.102626
0.105971
0.0175758
0.0184269
0.0179328
0.0166673
0.0155016
0.0151528
0.0154623
0.0161098
0.0170975
0.0183317
0.0195557
0.020602
0.0216264
0.0228157
0.0240445
0.0251978
0.0264147
0.0277529
0.029135
0.030481
0.031845
0.0333025
0.034872
0.0365353
0.0382529
0.0400205
0.0418304
0.0437175
0.045637
0.0476367
0.0497122
0.0519047
0.0541434
0.0564623
0.0588607
0.0613507
0.0639632
0.0666354
0.0694549
0.0722973
0.0752945
0.0783511
0.0815227
0.0848355
0.0881484
0.0917135
0.0952064
0.0989276
0.102634
0.105979
0.0175332
0.0184577
0.0180096
0.0167971
0.0156355
0.0152413
0.0155224
0.0161483
0.0171097
0.0183396
0.0195779
0.0206317
0.0216527
0.0228375
0.0240619
0.0252099
0.0264238
0.0277599
0.0291388
0.0304838
0.0318516
0.0333123
0.0348802
0.0365401
0.0382561
0.0400231
0.0418328
0.04372
0.04564
0.0476407
0.0497161
0.0519073
0.0541455
0.056465
0.0588635
0.0613533
0.0639655
0.0666371
0.0694562
0.0722984
0.0752959
0.0783523
0.081524
0.0848368
0.0881505
0.0917164
0.0952105
0.0989326
0.102642
0.105987
0.0175004
0.0184884
0.0180834
0.0169215
0.0157675
0.0153289
0.0155827
0.0161913
0.017125
0.0183459
0.0195978
0.0206609
0.02168
0.0228607
0.0240806
0.0252228
0.026433
0.027767
0.0291429
0.0304871
0.0318584
0.0333221
0.0348885
0.0365452
0.0382596
0.0400259
0.0418354
0.0437227
0.0456431
0.0476449
0.0497201
0.0519101
0.0541478
0.0564678
0.0588665
0.0613561
0.0639678
0.0666389
0.0694576
0.0722995
0.0752973
0.0783534
0.0815253
0.0848383
0.0881527
0.0917194
0.0952147
0.0989379
0.10265
0.105996
0.0174785
0.0185196
0.0181534
0.0170393
0.0158971
0.0154166
0.0156433
0.0162379
0.017143
0.0183511
0.0196157
0.0206898
0.0217079
0.0228851
0.0241005
0.0252364
0.0264424
0.0277743
0.0291474
0.0304906
0.0318653
0.0333318
0.0348968
0.0365504
0.0382632
0.0400288
0.0418381
0.0437255
0.0456464
0.0476492
0.0497243
0.0519129
0.0541502
0.0564707
0.0588695
0.0613589
0.0639702
0.0666407
0.0694591
0.0723007
0.0752988
0.0783546
0.0815268
0.0848398
0.088155
0.0917226
0.0952192
0.0989433
0.102659
0.106005
0.0174659
0.0185523
0.0182192
0.0171504
0.0160248
0.015505
0.0157029
0.0162874
0.0171648
0.018356
0.0196315
0.0207178
0.0217361
0.0229103
0.0241216
0.0252511
0.0264523
0.0277818
0.0291521
0.0304944
0.0318723
0.0333416
0.0349052
0.0365557
0.038267
0.040032
0.041841
0.0437285
0.0456499
0.0476535
0.0497285
0.051916
0.0541528
0.0564737
0.0588727
0.0613619
0.0639727
0.0666425
0.0694606
0.0723019
0.0753004
0.0783559
0.0815283
0.0848414
0.0881574
0.0917259
0.0952238
0.0989489
0.102668
0.106014
0.0174601
0.0185873
0.0182802
0.0172543
0.01615
0.0155938
0.0157611
0.0163391
0.0171902
0.0183606
0.0196456
0.0207451
0.0217643
0.0229363
0.0241443
0.025267
0.0264626
0.0277894
0.0291571
0.0304986
0.0318794
0.0333514
0.0349137
0.0365613
0.0382711
0.0400353
0.041844
0.0437317
0.0456535
0.047658
0.0497329
0.0519191
0.0541555
0.0564768
0.058876
0.0613649
0.0639753
0.0666445
0.0694623
0.0723032
0.075302
0.0783573
0.0815299
0.0848431
0.0881599
0.0917293
0.0952286
0.0989547
0.102677
0.106023
0.0174567
0.0186249
0.0183369
0.0173507
0.0162721
0.0156832
0.0158173
0.0163918
0.01722
0.0183662
0.0196582
0.0207715
0.0217919
0.0229627
0.0241683
0.025284
0.0264733
0.0277972
0.0291625
0.030503
0.0318866
0.0333612
0.0349224
0.0365671
0.0382753
0.0400388
0.0418473
0.043735
0.0456572
0.0476626
0.0497373
0.0519224
0.0541583
0.05648
0.0588793
0.0613681
0.063978
0.0666465
0.069464
0.0723045
0.0753037
0.0783587
0.0815316
0.0848449
0.0881625
0.0917329
0.0952335
0.0989608
0.102686
0.106033
0.0174525
0.0186654
0.0183901
0.017439
0.0163899
0.0157735
0.015872
0.0164455
0.0172542
0.0183724
0.0196689
0.0207969
0.0218191
0.0229892
0.0241936
0.0253026
0.0264848
0.0278052
0.0291681
0.0305078
0.031894
0.0333709
0.0349311
0.0365731
0.0382798
0.0400426
0.0418507
0.0437386
0.0456612
0.0476673
0.0497419
0.0519259
0.0541612
0.0564833
0.0588828
0.0613713
0.0639807
0.0666487
0.0694658
0.0723059
0.0753055
0.0783601
0.0815334
0.0848468
0.0881653
0.0917367
0.0952387
0.098967
0.102696
0.106043
0.0174446
0.0187084
0.0184406
0.0175186
0.0165028
0.0158657
0.0159254
0.016498
0.017292
0.0183799
0.0196785
0.020822
0.0218458
0.0230153
0.0242202
0.0253228
0.026497
0.0278134
0.029174
0.0305129
0.0319014
0.0333806
0.0349398
0.0365792
0.0382846
0.0400465
0.0418543
0.0437423
0.0456653
0.0476721
0.0497466
0.0519295
0.0541643
0.0564868
0.0588864
0.0613747
0.0639836
0.0666509
0.0694677
0.0723074
0.0753074
0.0783617
0.0815353
0.0848488
0.0881682
0.0917406
0.095244
0.0989735
0.102706
0.106053
0.0174302
0.0187522
0.0184892
0.0175899
0.0166103
0.015959
0.015977
0.0165485
0.0173341
0.0183899
0.0196867
0.0208464
0.0218719
0.0230406
0.0242475
0.0253446
0.0265101
0.027822
0.0291803
0.0305182
0.0319089
0.0333903
0.0349487
0.0365856
0.0382895
0.0400508
0.0418582
0.0437463
0.0456696
0.0476771
0.0497515
0.0519333
0.0541676
0.0564903
0.0588902
0.0613782
0.0639865
0.0666532
0.0694697
0.0723089
0.0753093
0.0783633
0.0815373
0.084851
0.0881712
0.0917447
0.0952495
0.0989802
0.102716
0.106064
0.0174055
0.0187947
0.0185378
0.0176538
0.0167104
0.0160532
0.0160282
0.0165968
0.0173796
0.0184022
0.0196933
0.0208703
0.0218977
0.0230647
0.0242753
0.0253682
0.0265243
0.027831
0.0291869
0.0305239
0.0319164
0.0333999
0.0349577
0.0365922
0.0382947
0.0400552
0.0418623
0.0437504
0.045674
0.0476822
0.0497565
0.0519372
0.054171
0.056494
0.058894
0.0613818
0.0639896
0.0666556
0.0694718
0.0723105
0.0753113
0.078365
0.0815394
0.0848533
0.0881743
0.0917489
0.0952552
0.0989872
0.102726
0.106075
0.0173711
0.018835
0.0185876
0.0177108
0.0168024
0.0161484
0.0160796
0.0166411
0.0174275
0.0184177
0.0196986
0.0208937
0.0219234
0.0230875
0.0243034
0.0253936
0.0265396
0.0278402
0.0291939
0.03053
0.0319239
0.0334094
0.0349667
0.036599
0.0383002
0.0400599
0.0418667
0.0437548
0.0456787
0.0476874
0.0497616
0.0519413
0.0541746
0.0564979
0.058898
0.0613855
0.0639928
0.0666581
0.069474
0.0723122
0.0753134
0.0783667
0.0815417
0.0848558
0.0881776
0.0917534
0.095261
0.0989944
0.102736
0.106086
0.0173299
0.0188708
0.0186387
0.0177628
0.0168852
0.0162428
0.0161321
0.0166814
0.0174773
0.0184371
0.0197027
0.0209165
0.0219498
0.0231089
0.0243307
0.0254206
0.0265563
0.0278499
0.0292015
0.0305365
0.0319315
0.0334188
0.0349759
0.036606
0.038306
0.0400649
0.0418712
0.0437595
0.0456836
0.0476928
0.0497669
0.0519456
0.0541783
0.0565018
0.0589022
0.0613893
0.063996
0.0666607
0.0694763
0.072314
0.0753157
0.0783686
0.081544
0.0848584
0.088181
0.091758
0.0952671
0.0990019
0.102747
0.106098
0.0172805
0.0188994
0.0186915
0.0178113
0.016958
0.0163357
0.0161869
0.0167171
0.017527
0.0184608
0.019706
0.0209381
0.0219768
0.0231289
0.024357
0.0254491
0.0265747
0.0278602
0.0292093
0.0305434
0.0319392
0.0334281
0.034985
0.0366132
0.038312
0.0400702
0.0418761
0.0437643
0.0456887
0.0476984
0.0497723
0.0519501
0.0541822
0.0565059
0.0589065
0.0613933
0.0639995
0.0666635
0.0694787
0.0723158
0.075318
0.0783706
0.0815465
0.0848612
0.0881845
0.0917629
0.0952733
0.0990096
0.102758
0.10611
0.017223
0.0189199
0.018745
0.0178581
0.0170216
0.0164252
0.0162442
0.0167484
0.0175758
0.0184894
0.019709
0.020958
0.0220047
0.0231481
0.0243819
0.0254786
0.0265947
0.027871
0.0292177
0.0305508
0.0319469
0.0334373
0.0349942
0.0366206
0.0383182
0.0400758
0.0418812
0.0437695
0.0456939
0.0477041
0.0497779
0.0519548
0.0541863
0.0565101
0.0589109
0.0613974
0.064003
0.0666663
0.0694812
0.0723178
0.0753204
0.0783727
0.0815491
0.0848641
0.0881882
0.091768
0.0952797
0.0990176
0.102769
0.106122
0.0171627
0.0189319
0.018798
0.0179053
0.0170759
0.0165088
0.0163049
0.0167766
0.0176218
0.0185223
0.0197119
0.020976
0.022034
0.0231667
0.0244048
0.0255088
0.0266165
0.0278826
0.0292265
0.0305589
0.0319547
0.0334463
0.0350034
0.0366281
0.0383247
0.0400816
0.0418867
0.0437749
0.0456994
0.0477099
0.0497836
0.0519598
0.0541906
0.0565145
0.0589155
0.0614017
0.0640067
0.0666693
0.0694838
0.0723198
0.0753228
0.0783749
0.0815519
0.0848673
0.0881921
0.0917733
0.0952864
0.0990258
0.10278
0.106135
0.0171022
0.0189347
0.0188489
0.0179534
0.0171218
0.0165852
0.0163692
0.0168022
0.017663
0.0185595
0.0197165
0.0209915
0.0220641
0.0231854
0.0244257
0.0255392
0.0266402
0.027895
0.0292355
0.0305676
0.0319629
0.0334551
0.0350126
0.036636
0.0383315
0.0400878
0.0418925
0.0437806
0.0457052
0.047716
0.0497895
0.0519648
0.0541951
0.0565191
0.0589202
0.061406
0.0640105
0.0666724
0.0694866
0.072322
0.0753255
0.0783773
0.0815548
0.0848706
0.0881961
0.0917788
0.0952932
0.0990343
0.102792
0.106147
0.0170421
0.0189288
0.0188952
0.0180028
0.0171618
0.0166528
0.0164354
0.0168265
0.0176989
0.0186003
0.0197233
0.0210041
0.0220946
0.0232048
0.0244444
0.0255689
0.0266655
0.0279086
0.029245
0.0305767
0.0319714
0.0334639
0.0350217
0.0366439
0.0383386
0.0400943
0.0418986
0.0437866
0.0457111
0.0477223
0.0497957
0.0519701
0.0541998
0.0565239
0.0589252
0.0614106
0.0640145
0.0666757
0.0694895
0.0723243
0.0753282
0.0783798
0.0815578
0.0848741
0.0882003
0.0917846
0.0953002
0.0990431
0.102804
0.10616
0.0169862
0.0189157
0.0189351
0.0180537
0.0171977
0.0167098
0.0165023
0.0168515
0.0177287
0.0186431
0.0197329
0.0210139
0.0221253
0.0232253
0.0244612
0.0255976
0.0266923
0.0279234
0.0292548
0.0305862
0.0319803
0.0334728
0.0350308
0.0366519
0.0383458
0.0401011
0.0419051
0.0437928
0.0457173
0.0477287
0.049802
0.0519757
0.0542046
0.0565287
0.0589303
0.0614154
0.0640186
0.066679
0.0694925
0.0723267
0.075331
0.0783824
0.081561
0.0848779
0.0882046
0.0917906
0.0953074
0.0990522
0.102816
0.106174
0.0169367
0.018897
0.0189671
0.0181044
0.0172311
0.0167562
0.0165684
0.0168785
0.0177516
0.0186862
0.0197466
0.0210211
0.0221554
0.0232475
0.0244762
0.0256249
0.0267201
0.0279396
0.029265
0.0305963
0.0319896
0.0334815
0.0350399
0.0366602
0.0383533
0.0401081
0.0419119
0.0437995
0.0457237
0.0477353
0.0498085
0.0519815
0.0542098
0.0565338
0.0589355
0.0614202
0.064023
0.0666826
0.0694956
0.0723292
0.075334
0.0783852
0.0815643
0.0848819
0.0882092
0.0917968
0.0953148
0.0990615
0.102828
0.106188
0.0168932
0.0188745
0.01899
0.0181526
0.0172639
0.0167929
0.0166308
0.016908
0.0177684
0.0187279
0.0197648
0.0210263
0.0221838
0.0232717
0.0244902
0.0256501
0.0267485
0.0279572
0.0292759
0.0306066
0.0319994
0.0334906
0.0350488
0.0366685
0.0383612
0.0401156
0.041919
0.0438065
0.0457305
0.0477422
0.0498151
0.0519875
0.0542151
0.0565392
0.0589411
0.0614252
0.0640274
0.0666863
0.0694989
0.0723319
0.0753371
0.0783882
0.0815678
0.0848861
0.0882139
0.0918033
0.0953225
0.099071
0.102841
0.106202
0.0168556
0.0188503
0.0190035
0.0181966
0.0172972
0.0168202
0.0166869
0.0169408
0.01778
0.0187665
0.0197875
0.0210301
0.02221
0.0232977
0.0245038
0.0256733
0.0267769
0.027976
0.0292875
0.0306171
0.0320095
0.0335002
0.0350578
0.0366766
0.0383691
0.0401235
0.0419267
0.0438136
0.0457374
0.0477493
0.049822
0.0519938
0.0542206
0.0565446
0.0589468
0.0614305
0.0640321
0.0666901
0.0695022
0.0723347
0.0753404
0.0783914
0.0815715
0.0848905
0.0882188
0.09181
0.0953304
0.0990808
0.102854
0.106216
0.0168231
0.0188256
0.0190078
0.018234
0.0173309
0.0168399
0.0167344
0.0169767
0.0177879
0.0187998
0.0198146
0.0210337
0.022233
0.0233254
0.0245174
0.0256945
0.0268051
0.0279958
0.0292999
0.0306279
0.0320198
0.0335101
0.0350672
0.036685
0.0383771
0.0401314
0.0419347
0.0438214
0.0457447
0.0477566
0.0498291
0.0520004
0.0542264
0.0565503
0.0589526
0.0614359
0.064037
0.0666942
0.0695057
0.0723376
0.0753439
0.0783947
0.0815754
0.0848952
0.088224
0.0918169
0.0953385
0.099091
0.102867
0.10623
0.0167931
0.0188009
0.0190039
0.0182619
0.0173641
0.016855
0.016772
0.0170142
0.0177936
0.0188267
0.019845
0.0210385
0.0222524
0.023354
0.0245316
0.0257135
0.0268328
0.0280166
0.0293132
0.0306389
0.0320302
0.0335204
0.0350769
0.0366935
0.0383855
0.0401397
0.0419427
0.0438293
0.0457525
0.0477643
0.0498363
0.0520072
0.0542325
0.0565563
0.0589587
0.0614415
0.064042
0.0666985
0.0695095
0.0723407
0.0753474
0.0783982
0.0815795
0.0849001
0.0882293
0.0918241
0.0953468
0.0991013
0.102881
0.106245
0.0167631
0.0187766
0.0189936
0.018279
0.0173944
0.0168671
0.016799
0.0170516
0.0177987
0.0188461
0.0198773
0.0210454
0.0222681
0.023383
0.0245471
0.0257304
0.0268592
0.0280381
0.0293275
0.0306505
0.0320405
0.0335311
0.035087
0.036702
0.038394
0.0401487
0.0419513
0.0438372
0.0457602
0.0477723
0.049844
0.0520143
0.0542388
0.0565625
0.0589651
0.0614474
0.0640473
0.0667028
0.0695133
0.0723441
0.0753512
0.0784019
0.0815837
0.0849053
0.0882349
0.0918316
0.0953555
0.0991119
0.102895
0.10626
0.0167319
0.0187513
0.018978
0.018286
0.0174193
0.0168768
0.0168153
0.0170868
0.0178052
0.0188577
0.0199095
0.0210558
0.0222803
0.0234114
0.0245643
0.0257455
0.026884
0.0280595
0.0293425
0.0306631
0.032051
0.0335418
0.0350978
0.0367108
0.0384023
0.0401577
0.0419605
0.043846
0.0457682
0.0477802
0.0498517
0.0520218
0.0542455
0.056569
0.0589716
0.0614534
0.0640529
0.0667074
0.0695172
0.0723475
0.0753552
0.078406
0.0815882
0.0849107
0.0882407
0.0918392
0.0953643
0.0991229
0.102909
0.106276
0.0166986
0.0187241
0.018957
0.0182826
0.0174372
0.0168854
0.0168213
0.0171163
0.0178145
0.0188628
0.0199388
0.0210701
0.0222899
0.0234378
0.0245835
0.0257596
0.0269069
0.028081
0.0293578
0.0306762
0.0320621
0.0335527
0.0351091
0.0367199
0.0384108
0.0401669
0.0419696
0.0438549
0.0457772
0.0477888
0.0498594
0.0520293
0.0542524
0.0565758
0.0589785
0.0614597
0.0640586
0.0667121
0.0695214
0.0723512
0.0753593
0.0784101
0.0815929
0.0849166
0.0882467
0.0918471
0.0953733
0.099134
0.102923
0.106291
0.0166613
0.0186942
0.0189308
0.0182693
0.0174451
0.0168926
0.0168202
0.0171369
0.0178255
0.0188637
0.0199641
0.0210878
0.0222977
0.0234614
0.0246045
0.0257733
0.0269277
0.0281021
0.0293734
0.0306898
0.0320733
0.0335638
0.0351214
0.0367298
0.0384192
0.0401763
0.0419792
0.0438638
0.0457859
0.0477979
0.049868
0.0520372
0.0542594
0.0565828
0.0589855
0.0614662
0.0640647
0.0667171
0.0695257
0.0723552
0.0753637
0.0784144
0.0815977
0.0849226
0.0882531
0.0918553
0.0953828
0.0991453
0.102938
0.106307
0.0166183
0.0186603
0.0188991
0.0182478
0.0174413
0.0168952
0.0168147
0.0171486
0.0178362
0.0188607
0.0199837
0.0211095
0.0223054
0.0234808
0.0246262
0.0257872
0.0269465
0.0281227
0.0293892
0.0307038
0.0320849
0.0335744
0.0351341
0.036741
0.0384281
0.0401857
0.041989
0.0438732
0.045795
0.0478066
0.0498766
0.052046
0.0542672
0.0565901
0.0589927
0.0614728
0.0640709
0.0667222
0.0695303
0.0723594
0.0753683
0.0784192
0.0816029
0.0849288
0.0882595
0.0918637
0.0953924
0.0991571
0.102953
0.106323
0.0165689
0.0186216
0.0188601
0.018218
0.0174271
0.0168908
0.0168047
0.0171512
0.0178463
0.0188561
0.019995
0.0211324
0.0223159
0.0234969
0.0246474
0.0258014
0.0269629
0.0281421
0.0294055
0.0307185
0.0320974
0.033585
0.0351464
0.0367528
0.0384375
0.0401954
0.0419991
0.0438827
0.0458046
0.047816
0.049885
0.0520544
0.0542752
0.0565982
0.0590006
0.0614797
0.0640772
0.0667273
0.0695349
0.0723639
0.0753732
0.078424
0.0816084
0.0849356
0.0882663
0.0918722
0.0954022
0.0991689
0.102968
0.106339
0.0165113
0.0185774
0.0188138
0.0181786
0.0174021
0.0168778
0.0167903
0.0171443
0.0178534
0.0188535
0.0199998
0.0211529
0.0223278
0.0235105
0.0246684
0.0258167
0.0269773
0.0281592
0.0294213
0.0307338
0.0321108
0.0335962
0.0351593
0.0367654
0.0384471
0.0402048
0.0420097
0.043893
0.0458143
0.0478257
0.0498943
0.0520634
0.0542832
0.056606
0.0590085
0.0614872
0.0640843
0.0667329
0.0695398
0.0723684
0.0753782
0.0784292
0.0816139
0.0849425
0.0882735
0.0918812
0.0954124
0.099181
0.102983
0.106356
0.0164441
0.0185262
0.0187607
0.0181288
0.0173656
0.0168542
0.0167711
0.0171294
0.017854
0.0188526
0.0200014
0.0211712
0.0223412
0.0235198
0.0246864
0.0258337
0.0269916
0.0281747
0.0294365
0.0307491
0.0321247
0.0336076
0.0351721
0.0367794
0.038458
0.0402138
0.0420194
0.0439033
0.0458249
0.0478356
0.0499037
0.052073
0.0542922
0.0566144
0.0590163
0.0614944
0.0640912
0.0667388
0.0695453
0.0723736
0.0753835
0.0784345
0.0816198
0.0849497
0.0882806
0.0918902
0.0954229
0.0991935
0.102999
0.106373
0.0163666
0.0184655
0.0187003
0.0180682
0.0173174
0.016819
0.016745
0.017108
0.0178466
0.0188514
0.0200004
0.0211863
0.0223586
0.0235287
0.0246991
0.0258482
0.0270047
0.0281887
0.029452
0.0307657
0.0321396
0.0336195
0.0351845
0.0367934
0.0384701
0.0402237
0.0420293
0.0439136
0.0458351
0.047846
0.0499136
0.0520828
0.0543014
0.0566236
0.0590252
0.0615021
0.0640982
0.0667443
0.0695505
0.0723789
0.0753893
0.0784404
0.0816261
0.0849574
0.0882882
0.0918994
0.0954335
0.0992059
0.103015
0.10639
0.0162772
0.0183924
0.0186315
0.017997
0.0172572
0.0167716
0.01671
0.0170811
0.0178316
0.0188486
0.0199979
0.0211957
0.0223766
0.0235402
0.024711
0.0258616
0.0270155
0.0281985
0.0294649
0.030783
0.0321564
0.0336329
0.0351979
0.0368081
0.0384827
0.0402332
0.042039
0.0439248
0.0458461
0.0478559
0.0499234
0.0520933
0.0543112
0.0566328
0.059034
0.0615104
0.0641061
0.0667506
0.0695561
0.0723842
0.0753948
0.0784462
0.0816327
0.0849653
0.0882962
0.0919091
0.0954446
0.0992188
0.10303
0.106407
0.0161744
0.0183025
0.0185503
0.017914
0.0171842
0.0167129
0.016665
0.0170492
0.0178104
0.0188428
0.0199957
0.0212001
0.0223914
0.0235507
0.0247202
0.0258756
0.0270289
0.0282076
0.0294748
0.0307984
0.0321724
0.0336464
0.0352114
0.0368238
0.0384975
0.0402442
0.0420481
0.0439354
0.0458579
0.0478671
0.0499335
0.0521035
0.0543213
0.0566426
0.0590428
0.0615184
0.0641138
0.0667571
0.0695625
0.0723905
0.0754011
0.0784525
0.0816392
0.0849733
0.0883042
0.0919188
0.0954558
0.0992319
0.103047
0.106424
0.0160584
0.0181933
0.0184516
0.0178158
0.0170954
0.016642
0.01661
0.0170127
0.0177852
0.0188338
0.0199945
0.0212019
0.022403
0.0235604
0.0247241
0.0258829
0.0270415
0.0282192
0.0294867
0.0308161
0.03219
0.0336593
0.0352239
0.0368379
0.0385113
0.0402558
0.0420579
0.0439464
0.04587
0.0478785
0.0499448
0.0521151
0.0543322
0.0566527
0.0590521
0.0615269
0.0641217
0.0667632
0.0695685
0.0723966
0.0754075
0.0784594
0.0816467
0.084982
0.0883127
0.0919289
0.0954673
0.0992449
0.103063
0.106441
0.015928
0.0180641
0.0183317
0.0176997
0.0169878
0.0165554
0.016543
0.0169711
0.0177592
0.0188225
0.019994
0.0212025
0.0224113
0.02357
0.024727
0.0258852
0.0270486
0.0282268
0.0294957
0.0308344
0.032212
0.0336765
0.0352391
0.0368535
0.0385254
0.0402668
0.0420665
0.0439562
0.0458824
0.0478905
0.0499553
0.0521265
0.0543441
0.056664
0.0590618
0.0615359
0.0641303
0.0667702
0.0695752
0.0724029
0.0754137
0.0784658
0.0816538
0.0849907
0.0883214
0.0919394
0.0954794
0.0992586
0.10308
0.106459
0.0157793
0.0179118
0.0181855
0.0175628
0.0168603
0.0164516
0.0164626
0.0169221
0.0177334
0.0188113
0.0199954
0.0212034
0.0224152
0.0235767
0.0247277
0.0258844
0.0270549
0.0282356
0.0295024
0.0308481
0.0322315
0.033693
0.0352546
0.0368706
0.0385416
0.0402811
0.0420775
0.0439665
0.0458948
0.0479034
0.0499671
0.0521382
0.0543558
0.0566752
0.059072
0.0615453
0.0641391
0.0667773
0.0695824
0.0724099
0.0754208
0.0784732
0.0816611
0.0849992
0.0883296
0.0919489
0.0954905
0.0992712
0.103095
0.106475
0.0156075
0.0177328
0.0180073
0.0173984
0.0167117
0.0163308
0.0163699
0.0168646
0.017706
0.018799
0.0199978
0.0212067
0.0224169
0.0235806
0.0247269
0.0258791
0.0270562
0.0282453
0.0295127
0.0308635
0.032253
0.0337092
0.035267
0.0368842
0.0385546
0.0402934
0.0420886
0.0439776
0.0459087
0.047918
0.0499803
0.0521518
0.0543699
0.056688
0.059083
0.0615557
0.0641492
0.0667856
0.0695905
0.0724178
0.0754287
0.0784819
0.0816707
0.0850101
0.0883404
0.0919614
0.0955044
0.0992863
0.103113
0.106495
0.0154071
0.0175204
0.0177901
0.0171994
0.0165392
0.0161941
0.0162695
0.0168035
0.0176794
0.0187855
0.0199961
0.0212076
0.022414
0.0235792
0.024725
0.0258749
0.0270577
0.0282564
0.0295245
0.0308787
0.0322767
0.0337301
0.0352826
0.036899
0.038567
0.0403039
0.0420963
0.0439835
0.0459173
0.0479291
0.0499899
0.0521608
0.0543799
0.0566978
0.0590914
0.0615634
0.0641563
0.0667914
0.0695966
0.0724236
0.0754345
0.078488
0.0816765
0.0850173
0.0883474
0.0919699
0.0955146
0.0992979
0.103128
0.10651
0.015173
0.0172628
0.0175215
0.0169533
0.0163327
0.0160355
0.016162
0.0167433
0.0176583
0.0187763
0.0199915
0.0212028
0.0224014
0.0235662
0.0247147
0.0258654
0.0270567
0.0282719
0.0295436
0.0308971
0.0323028
0.0337553
0.0353026
0.0369197
0.0385871
0.0403238
0.0421157
0.044001
0.0459361
0.0479499
0.0500091
0.0521791
0.0543982
0.0567145
0.0591063
0.0615775
0.0641696
0.0668028
0.0696079
0.0724342
0.0754452
0.0784995
0.0816887
0.0850305
0.0883602
0.091984
0.09553
0.099314
0.103146
0.106531
0.0149165
0.0169628
0.0172058
0.0166653
0.0160943
0.0158571
0.0160485
0.0166828
0.0176366
0.0187644
0.0199782
0.0211854
0.0223721
0.0235339
0.0246877
0.0258422
0.0270407
0.0282723
0.0295512
0.0309044
0.0323185
0.0337709
0.0353096
0.0369248
0.0385912
0.0403274
0.0421192
0.0440033
0.0459408
0.0479586
0.0500166
0.0521857
0.0544064
0.0567229
0.0591133
0.0615835
0.0641752
0.0668075
0.0696131
0.0724391
0.07545
0.0785049
0.0816938
0.0850372
0.088367
0.0919925
0.0955401
0.0993255
0.103161
0.106544
0.0145292
0.0165685
0.0168342
0.0163529
0.0158711
0.0157286
0.0160079
0.0166979
0.0176787
0.0188023
0.0199981
0.0211909
0.0223615
0.0235194
0.0246822
0.0258464
0.0270544
0.0283014
0.029586
0.0309329
0.032351
0.0338055
0.0353374
0.0369505
0.0386164
0.0403519
0.0421432
0.0440245
0.045961
0.0479814
0.050039
0.0522059
0.0544257
0.0567411
0.0591304
0.0615994
0.06419
0.0668204
0.0696258
0.072451
0.0754622
0.0785177
0.0817067
0.0850507
0.0883799
0.0920063
0.0955553
0.0993409
0.103179
0.106565
0.0137867
0.0157433
0.016064
0.0157339
0.0154425
0.0154793
0.0158997
0.0166642
0.0176688
0.0187806
0.019952
0.0211319
0.0222949
0.023456
0.0246337
0.0258149
0.0270361
0.0282999
0.029597
0.0309413
0.0323615
0.033818
0.0353425
0.0369526
0.0386201
0.0403566
0.0421502
0.0440322
0.0459694
0.0479932
0.0500505
0.0522161
0.0544367
0.0567524
0.0591403
0.0616076
0.0641977
0.0668275
0.0696331
0.0724576
0.0754687
0.0785248
0.0817139
0.0850599
0.0883893
0.0920173
0.0955675
0.0993543
0.103194
0.106581
0.0139391
0.0154362
0.0155861
0.0153259
0.0152098
0.015412
0.0159416
0.0167381
0.017724
0.0187955
0.0199266
0.0210902
0.0222546
0.0234266
0.0246225
0.0258218
0.0270535
0.0283243
0.0296268
0.0309663
0.0323851
0.0338461
0.035367
0.0369722
0.0386392
0.0403753
0.0421675
0.0440479
0.0459832
0.0480088
0.050068
0.0522319
0.0544503
0.0567659
0.0591546
0.0616206
0.0642093
0.0668383
0.0696438
0.0724678
0.075479
0.0785358
0.0817242
0.0850704
0.0883991
0.0920278
0.0955794
0.0993665
0.103208
0.106596
0.011558
0.0135927
0.0144022
0.0147492
0.01507
0.0155102
0.0161048
0.0168624
0.0177769
0.0187874
0.0198735
0.021018
0.0221868
0.0233752
0.0245939
0.0258162
0.0270634
0.0283444
0.0296572
0.030995
0.0324077
0.033869
0.0353865
0.0369875
0.0386565
0.040395
0.042189
0.0440715
0.0460061
0.048032
0.0500913
0.052254
0.054471
0.0567861
0.0591736
0.0616367
0.0642243
0.0668526
0.0696579
0.0724802
0.0754914
0.0785482
0.0817369
0.0850852
0.088414
0.092044
0.0955964
0.0993839
0.103228
0.106617
0.00976186
0.0108667
0.0123474
0.0137063
0.0147818
0.0155684
0.0162378
0.0169577
0.0177927
0.0187327
0.0197763
0.0209092
0.0220943
0.0233094
0.0245549
0.0258004
0.0270611
0.0283462
0.0296628
0.0310009
0.0324102
0.0338753
0.0353945
0.0369911
0.03866
0.0404
0.042193
0.0440753
0.046009
0.0480354
0.050098
0.0522608
0.0544751
0.0567909
0.0591809
0.0616429
0.0642292
0.0668574
0.0696627
0.0724848
0.0754962
0.078554
0.0817421
0.0850907
0.0884191
0.0920496
0.0956034
0.0993913
0.103237
0.106626
0.00862788
0.0110626
0.0127143
0.0138961
0.0148197
0.0156101
0.0163381
0.017071
0.0178735
0.018773
0.0197801
0.0208854
0.0220669
0.0232945
0.0245577
0.0258209
0.0270966
0.0283892
0.0297101
0.0310473
0.032448
0.0339098
0.0354282
0.0370206
0.03869
0.0404332
0.0422271
0.0441115
0.0460449
0.0480689
0.0501306
0.0522932
0.0545046
0.0568191
0.0592083
0.0616669
0.0642515
0.0668787
0.0696834
0.0725035
0.0755147
0.0785721
0.0817605
0.0851111
0.0884393
0.0920707
0.0956246
0.0994125
0.103259
0.106651
0.00768302
0.00912764
0.0110191
0.0128045
0.0142853
0.0154284
0.0163059
0.0170707
0.0178575
0.0187379
0.0197298
0.0208161
0.0219934
0.0232318
0.0245096
0.0257876
0.0270773
0.0283795
0.0297042
0.0310455
0.0324451
0.0339077
0.0354296
0.0370193
0.0386877
0.0404331
0.0422264
0.0441104
0.0460447
0.0480678
0.0501313
0.0522959
0.054505
0.0568192
0.0592113
0.0616694
0.0642528
0.0668804
0.0696852
0.0725052
0.0755164
0.0785746
0.0817625
0.0851134
0.0884414
0.092073
0.095628
0.0994166
0.103265
0.106656
0.00629343
0.0093579
0.0115267
0.013143
0.0144128
0.0154462
0.0163112
0.0170907
0.017886
0.0187676
0.0197593
0.0208385
0.0220087
0.023247
0.0245271
0.025808
0.0271019
0.0284094
0.0297373
0.0310807
0.0324795
0.0339399
0.0354631
0.0370534
0.0387216
0.0404695
0.0422645
0.0441498
0.0460843
0.0481057
0.0501661
0.0523308
0.0545389
0.0568507
0.0592414
0.0616973
0.0642793
0.0669053
0.0697092
0.0725271
0.0755376
0.0785952
0.0817834
0.0851361
0.088464
0.0920958
0.0956504
0.0994386
0.103288
0.106682
)
;

boundaryField
{
    zeroGradientPlanes
    {
        type            zeroGradient;
    }
    inlet
    {
        type            zeroGradient;
    }
    plate
    {
        type            zeroGradient;
    }
    frontAndBack
    {
        type            empty;
    }
}


// ************************************************************************* //
