/*--------------------------------*- C++ -*----------------------------------*\
| =========                 |                                                 |
| \\      /  F ield         | OpenFOAM: The Open Source CFD Toolbox           |
|  \\    /   O peration     | Version:  v2012                                 |
|   \\  /    A nd           | Website:  www.openfoam.com                      |
|    \\/     M anipulation  |                                                 |
\*---------------------------------------------------------------------------*/
FoamFile
{
    version     2.0;
    format      ascii;
    class       volScalarField;
    location    "2.9";
    object      p;
}
// * * * * * * * * * * * * * * * * * * * * * * * * * * * * * * * * * * * * * //

dimensions      [0 2 -2 0 0 0 0];


internalField   nonuniform List<scalar> 
7000
(
-6.07119e-11
0.00140837
0.00302218
0.000955267
-0.000905984
0.000282394
0.000541032
3.5135e-05
0.00122644
0.00264494
0.00404953
0.00531042
0.00597398
0.00758676
0.0080416
0.0099837
0.0110922
0.0138463
0.0160183
0.0209868
7.31591e-07
0.00140724
0.00299432
0.000952982
-0.00089531
0.000286398
0.000528292
4.90719e-05
0.00123401
0.00263638
0.00405611
0.00528124
0.00598175
0.00756817
0.00804327
0.00995398
0.011097
0.0137797
0.0160328
0.0207122
1.84792e-06
0.00140463
0.00296443
0.000951875
-0.000883877
0.000288998
0.000514377
7.01046e-05
0.00124038
0.0026216
0.00406456
0.00524001
0.00599648
0.00753537
0.00804325
0.0099145
0.0110996
0.0137105
0.0160324
0.020295
3.29547e-06
0.00140228
0.0029337
0.000951853
-0.000872287
0.000290942
0.000502485
8.71182e-05
0.00124408
0.00260471
0.00406824
0.0051942
0.00600523
0.00749499
0.00803853
0.00987413
0.0110955
0.0136401
0.0160032
0.0198868
5.28e-06
0.00140043
0.00290184
0.000953098
-0.000859513
0.000292611
0.00049176
9.92871e-05
0.00124827
0.00258592
0.00406888
0.0051436
0.00600987
0.00744842
0.00803514
0.00982923
0.0110941
0.0135647
0.0159521
0.019505
7.85707e-06
0.00139872
0.0028692
0.000955856
-0.000844982
0.000293914
0.000481437
0.000109083
0.00125391
0.00256519
0.0040691
0.00508882
0.00601456
0.00739688
0.00803632
0.00977901
0.0110988
0.0134803
0.0158814
0.0191451
1.09159e-05
0.00139694
0.00283635
0.000960221
-0.000828496
0.000294887
0.00047136
0.000118288
0.00126014
0.00254302
0.00407014
0.00503077
0.00601986
0.00734135
0.00804058
0.00972386
0.0111051
0.0133859
0.0157915
0.0188
1.42957e-05
0.00139511
0.00280381
0.000966171
-0.000810047
0.000295638
0.000461576
0.000127486
0.00126637
0.00251969
0.00407252
0.0049695
0.00602522
0.00728195
0.00804623
0.00966435
0.0111091
0.013284
0.0156814
0.018465
1.78564e-05
0.0013933
0.00277185
0.000973611
-0.000789706
0.0002962
0.000452214
0.000136911
0.00127261
0.00249486
0.00407638
0.00490487
0.00603041
0.00721898
0.00805294
0.00960115
0.0111077
0.0131768
0.0155498
0.018137
2.15045e-05
0.00139154
0.0027405
0.000982358
-0.000767589
0.000296541
0.000443538
0.000146842
0.00127916
0.00246778
0.00408165
0.00483709
0.00603527
0.00715339
0.00806028
0.00953511
0.0110987
0.0130652
0.0153965
0.017813
2.5195e-05
0.0013898
0.00270965
0.000992109
-0.000743878
0.000296611
0.00043592
0.000157589
0.00128632
0.00243779
0.00408815
0.00476656
0.00603947
0.00708639
0.00806699
0.0094672
0.0110795
0.0129494
0.0152221
0.0174903
2.89144e-05
0.001388
0.00267906
0.00100245
-0.000718813
0.000296332
0.000429751
0.000169488
0.00129449
0.00240476
0.00409567
0.00469356
0.00604245
0.007019
0.00807145
0.00939838
0.0110485
0.0128292
0.0150278
0.0171684
3.26559e-05
0.00138606
0.00264851
0.00101294
-0.000692659
0.000295563
0.000425353
0.000182923
0.00130416
0.00236939
0.00410397
0.00461804
0.00604356
0.006952
0.00807216
0.0093294
0.0110039
0.0127031
0.014815
0.0168404
3.64039e-05
0.00138386
0.00261782
0.00102316
-0.000665645
0.000294088
0.0004229
0.00019829
0.00131581
0.00233316
0.00411292
0.00453956
0.00604219
0.0068861
0.00806762
0.00926039
0.0109447
0.0125699
0.0145854
0.0165072
4.01321e-05
0.00138133
0.0025869
0.00103284
-0.000637912
0.000291677
0.00042238
0.00021584
0.00132985
0.00229796
0.00412246
0.00445761
0.00603782
0.00682182
0.00805625
0.00919097
0.0108702
0.0124286
0.0143409
0.0161675
4.38105e-05
0.00137845
0.00255575
0.00104179
-0.000609485
0.000288168
0.000423617
0.000235448
0.00134646
0.00226534
0.00413249
0.00437208
0.00602993
0.00675962
0.00803669
0.00912105
0.0107799
0.0122778
0.0140835
0.0158211
4.74165e-05
0.00137518
0.00252442
0.00104993
-0.000580311
0.000283476
0.00042634
0.000256609
0.00136557
0.00223594
0.00414271
0.0042835
0.0060177
0.00670024
0.00800768
0.00905037
0.0106739
0.012116
0.0138148
0.0154678
5.09415e-05
0.00137151
0.00249298
0.00105726
-0.000550292
0.000277548
0.000430287
0.000278548
0.00138694
0.00220923
0.00415247
0.00419323
0.00599996
0.00664446
0.00796802
0.00897826
0.0105531
0.0119427
0.0135358
0.0151078
5.43924e-05
0.00136743
0.00246151
0.00106378
-0.000519312
0.00027032
0.000435249
0.000300457
0.00141025
0.00218396
0.0041608
0.00410317
0.00597534
0.00659309
0.0079168
0.00890373
0.0104185
0.011757
0.0132477
0.0147414
5.77877e-05
0.0013629
0.00243006
0.00106949
-0.00048726
0.000261711
0.000441087
0.000321647
0.00143519
0.00215882
0.00416652
0.00401546
0.00594238
0.00654678
0.00785349
0.0088251
0.0102708
0.0115583
0.0129517
0.0143698
6.11536e-05
0.00135788
0.00239872
0.0010744
-0.000454048
0.000251644
0.00044774
0.000341648
0.00146138
0.00213291
0.00416843
0.00393225
0.00589962
0.00650537
0.00777835
0.00874062
0.0101111
0.0113458
0.0126484
0.0139942
6.45195e-05
0.00135231
0.00236755
0.00107848
-0.000419599
0.000240055
0.000455153
0.000360221
0.00148842
0.00210616
0.00416521
0.00385527
0.00584573
0.00646795
0.00769235
0.00864812
0.00994056
0.0111199
0.0123384
0.0136156
6.79143e-05
0.00134612
0.00233661
0.00108169
-0.000383865
0.000226903
0.000463261
0.000377298
0.00151582
0.00207918
0.00415572
0.00378549
0.00577998
0.00643345
0.0075968
0.00854538
0.00976001
0.010881
0.0120218
0.0132351
7.13655e-05
0.00133922
0.00230599
0.00108398
-0.000346823
0.000212159
0.000472011
0.000393054
0.00154276
0.00205305
0.00413908
0.00372337
0.00570223
0.00639978
0.00749338
0.00843116
0.00956989
0.0106297
0.0116985
0.0128533
7.48996e-05
0.00133154
0.00227575
0.00108528
-0.000308465
0.000195853
0.000481225
0.000408033
0.00156818
0.0020289
0.00411421
0.00366919
0.00561292
0.00636371
0.00738319
0.00830394
0.00937075
0.0103696
0.0113702
0.0124688
7.85363e-05
0.00132297
0.00224595
0.00108551
-0.000268837
0.000178134
0.000490591
0.000422875
0.00159117
0.00200773
0.00407999
0.00362234
0.00551292
0.00632325
0.00726763
0.00816204
0.00916019
0.0101015
0.0110406
0.0120839
8.22901e-05
0.00131343
0.00221668
0.0010846
-0.000228044
0.000159147
0.000499777
0.000438325
0.00161068
0.00199005
0.00403634
0.00358159
0.00540289
0.00627596
0.00714793
0.0080074
0.00893952
0.00982165
0.0107067
0.0117028
8.61849e-05
0.0013028
0.00218801
0.0010825
-0.000186197
0.000139097
0.000508223
0.000455286
0.00162607
0.00197585
0.00398283
0.00354651
0.00528436
0.00621893
0.00702209
0.00783937
0.00871581
0.00953678
0.0103633
0.0113197
9.02491e-05
0.00129098
0.00215999
0.00107919
-0.000143538
0.00011847
0.000515296
0.000474195
0.00163675
0.00196611
0.00391885
0.00351451
0.00516052
0.00615076
0.0068896
0.00765817
0.00848353
0.00924946
0.0100227
0.0109331
9.45028e-05
0.00127789
0.00213268
0.00107472
-0.000100302
9.76886e-05
0.000520263
0.000496083
0.00164154
0.0019606
0.00384543
0.00348434
0.00503073
0.0060719
0.00674777
0.00746559
0.00824409
0.00895601
0.00968558
0.0105458
9.90008e-05
0.00126338
0.00210616
0.00106913
-5.67485e-05
7.74675e-05
0.000522133
0.000521678
0.00164086
0.00195718
0.00376333
0.00345409
0.0048981
0.00598162
0.00659447
0.00725789
0.00799804
0.00866774
0.00935507
0.0101531
0.000103709
0.00124743
0.00208038
0.00106268
-1.35775e-05
5.87362e-05
0.000520411
0.000550414
0.00163553
0.00195535
0.00367534
0.00341711
0.00476592
0.00587915
0.00643568
0.00703978
0.00774053
0.00837283
0.00900423
0.00976775
0.000108701
0.00122992
0.00205541
0.0010554
2.89872e-05
4.15212e-05
0.000515078
0.000581731
0.00162615
0.00195266
0.00358624
0.00337145
0.00463191
0.00576689
0.00627002
0.00681483
0.00746666
0.00804792
0.00864618
0.00940512
0.000114238
0.00121061
0.00203155
0.00104742
7.05125e-05
2.67255e-05
0.000505484
0.000614246
0.00161469
0.00194568
0.00349614
0.00331707
0.00450226
0.00564084
0.00610025
0.00657704
0.00717462
0.0077259
0.00825224
0.00904409
0.000119968
0.00118972
0.00200797
0.00103984
0.000109508
1.55494e-05
0.000490692
0.000652284
0.00159774
0.00193699
0.00340338
0.0032571
0.00436863
0.00550857
0.0059203
0.0063014
0.00685873
0.00741581
0.00792808
0.00868978
0.000126026
0.00116716
0.00198478
0.00103244
0.0001462
7.43081e-06
0.00047092
0.000696949
0.00157608
0.00192747
0.00330774
0.00319323
0.00422262
0.00536973
0.00571585
0.00601448
0.00654737
0.00709858
0.00764336
0.00835
0.000133111
0.00114228
0.00196297
0.00102516
0.000180733
2.31724e-06
0.000447609
0.000728407
0.00156362
0.00190405
0.0032131
0.00312524
0.00406979
0.00520568
0.00551632
0.0057354
0.00623381
0.00678719
0.00724605
0.00799429
0.00014036
0.00111591
0.00194007
0.00102021
0.000210489
2.08726e-06
0.000419784
0.000821818
0.00154891
0.00187547
0.00311717
0.00305006
0.00391066
0.00502249
0.00530273
0.00544781
0.00590592
0.00647276
0.00693341
0.00765459
0.000147932
0.001088
0.00191619
0.00101703
0.000236205
5.15455e-06
0.000388045
0.000919961
0.00153096
0.00184616
0.00301332
0.00297028
0.00374216
0.00482196
0.00506374
0.0051569
0.00556895
0.00614064
0.00671073
0.00734682
0.000157262
0.00105737
0.00189368
0.00101505
0.000259264
9.37288e-06
0.000357433
0.000910519
0.00153468
0.00179742
0.00290792
0.00288992
0.00355971
0.00461212
0.00484186
0.00487382
0.00522889
0.00579837
0.00629758
0.00701474
0.000166376
0.00102593
0.00186721
0.00101753
0.000276789
1.81782e-05
0.000322999
0.00093808
0.00152918
0.00175173
0.00279911
0.0027961
0.00337582
0.00437765
0.00461005
0.00457273
0.00487428
0.00545807
0.00598196
0.00669681
0.000176117
0.000993046
0.00183887
0.00102286
0.00029003
2.90786e-05
0.000286273
0.000997192
0.00151456
0.00171285
0.00267463
0.00269393
0.0031927
0.00413369
0.00434734
0.00426721
0.00449696
0.0050944
0.00579457
0.00642287
0.000187968
0.000957531
0.00181138
0.00102988
0.000301557
3.63995e-05
0.000260253
0.000979718
0.00151789
0.00165964
0.00254342
0.00258603
0.0030059
0.00390725
0.00411175
0.00396718
0.004099
0.0046597
0.00533827
0.00614337
0.000199113
0.000922153
0.00177671
0.001042
0.000309537
4.29975e-05
0.000237959
0.000968459
0.00151405
0.00160172
0.0024114
0.00246362
0.00282201
0.00368291
0.00388272
0.00363254
0.0036853
0.0041956
0.00489825
0.00588805
0.00021188
0.000885403
0.00173986
0.00105678
0.000314865
4.93015e-05
0.000214751
0.000968227
0.00150339
0.00154307
0.00226425
0.00233879
0.00264692
0.0034465
0.00361498
0.00329731
0.00328012
0.00372975
0.00452237
0.00566294
0.000225775
0.000847337
0.00170069
0.00107404
0.000319818
5.07384e-05
0.00019536
0.000956532
0.00148497
0.00147606
0.00211312
0.00221626
0.0024616
0.00318407
0.00334039
0.00298387
0.00287951
0.00330661
0.00418157
0.00540671
0.000239382
0.000809566
0.00165498
0.00109403
0.000325211
4.71404e-05
0.000178599
0.000939382
0.00145514
0.00140749
0.00196499
0.00207991
0.00226217
0.00291775
0.00308041
0.002668
0.00249021
0.00292296
0.00383228
0.00510626
0.000254835
0.000770977
0.00160628
0.00111423
0.000332553
3.94835e-05
0.000160834
0.00091424
0.00142189
0.00134066
0.00180647
0.00192714
0.00207237
0.00264893
0.00279983
0.00236371
0.00213393
0.00253372
0.00345029
0.00480849
0.000270284
0.000732672
0.00155198
0.00113462
0.000342932
2.55828e-05
0.000142186
0.000886393
0.00138057
0.00126455
0.00164616
0.00177445
0.00187922
0.0023617
0.00251803
0.00208476
0.00178055
0.0021268
0.00307631
0.00452452
0.000286492
0.000694576
0.00149322
0.00115317
0.000355517
8.74938e-06
0.000121803
0.00085082
0.00132866
0.00118837
0.0014915
0.00160852
0.00167311
0.00207719
0.00224022
0.00180382
0.00142508
0.00173372
0.00271971
0.00423755
0.000303622
0.000656536
0.00143188
0.00116901
0.000370875
-1.0803e-05
9.71346e-05
0.000809334
0.0012726
0.00110965
0.00133148
0.00142776
0.00147208
0.00179991
0.00194311
0.00152013
0.00109368
0.00136141
0.0023551
0.0039383
0.000319952
0.00061932
0.00135413
0.00118189
0.000387148
-3.37447e-05
7.08714e-05
0.000764821
0.00120597
0.00101967
0.00117183
0.00124814
0.00127065
0.00151513
0.0016334
0.00124237
0.000783729
0.000995525
0.00198515
0.00363688
0.000338563
0.000582704
0.00128614
0.00119017
0.000402826
-5.70544e-05
4.29052e-05
0.000712025
0.00112972
0.000926346
0.00101621
0.00106176
0.00105933
0.00123129
0.00131596
0.00096466
0.00049136
0.000641751
0.00161699
0.00333387
0.000356698
0.000547248
0.00121469
0.00119388
0.000418105
-8.26486e-05
1.1587e-05
0.000657982
0.00104812
0.000824206
0.000856485
0.00087025
0.000843379
0.000952443
0.00099785
0.0006857
0.000207631
0.000299439
0.00125733
0.0030303
0.000375062
0.000513245
0.00114069
0.00119216
0.000431055
-0.000110208
-2.08616e-05
0.000599154
0.000957827
0.000713234
0.000696161
0.000677097
0.000622589
0.00068154
0.000678129
0.000389992
-7.38204e-05
-2.09643e-05
0.000913866
0.00272944
0.00039345
0.000480936
0.00106453
0.00118426
0.000441739
-0.000139201
-5.72316e-05
0.000535915
0.000863554
0.000596602
0.000532084
0.000481849
0.000395888
0.000411235
0.000355815
8.60094e-05
-0.000344943
-0.000316182
0.000589639
0.00243027
0.000411348
0.000450912
0.000985984
0.00117018
0.000450029
-0.000171804
-9.86647e-05
0.000469734
0.000766524
0.000472686
0.000361625
0.000286737
0.000164433
0.00014041
4.11137e-05
-0.000218931
-0.000613197
-0.000598436
0.000278357
0.00213483
0.000428725
0.000423624
0.00090582
0.00114871
0.000455657
-0.000208528
-0.000147184
0.000399523
0.00066893
0.000345641
0.000186163
8.98895e-05
-7.04428e-05
-0.000130134
-0.000267781
-0.000527662
-0.000884776
-0.000873463
-1.59427e-05
0.00185539
0.000445082
0.000399495
0.00082474
0.00111904
0.000459373
-0.00025053
-0.000207149
0.000325915
0.000573856
0.000218522
4.00842e-06
-0.000110947
-0.000306713
-0.000403157
-0.000570656
-0.000836474
-0.00115963
-0.00113721
-0.000288216
0.00158691
0.000460199
0.000378651
0.000743837
0.00108063
0.000460761
-0.000298522
-0.000280047
0.000248115
0.000481018
9.40161e-05
-0.000183337
-0.000317001
-0.000542337
-0.000676817
-0.000868716
-0.00114434
-0.00143414
-0.0013909
-0.00054883
0.00132575
0.00047371
0.000361243
0.000663329
0.00103334
0.000459053
-0.000352066
-0.000365921
0.000165155
0.000390045
-2.68193e-05
-0.00037339
-0.000529135
-0.000777141
-0.000952908
-0.00116502
-0.00144597
-0.00170558
-0.00164094
-0.000801647
0.00107405
0.000485782
0.000346375
0.000584145
0.000977102
0.000451633
-0.0004069
-0.000461432
7.213e-05
0.00029804
-0.000142589
-0.000563455
-0.000749068
-0.00101231
-0.00122953
-0.00145784
-0.00174026
-0.00197721
-0.00188955
-0.00104654
0.000830063
0.000496251
0.000333668
0.000506221
0.000911055
0.000438183
-0.000458491
-0.000564894
-3.48945e-05
0.000201583
-0.000253281
-0.000750956
-0.000977046
-0.00124869
-0.00150355
-0.00174919
-0.0020313
-0.0022484
-0.00213509
-0.00128496
0.000592031
0.000504432
0.00032313
0.000429084
0.000835165
0.000419142
-0.000505619
-0.000674565
-0.000156612
9.60868e-05
-0.000361886
-0.000931589
-0.00121047
-0.00148816
-0.00177399
-0.00204043
-0.00231932
-0.00251552
-0.00237784
-0.00151933
0.00035904
0.000510168
0.000314319
0.000352751
0.000750431
0.000393794
-0.000548152
-0.000787809
-0.000293282
-2.21375e-05
-0.000470628
-0.0011019
-0.00144579
-0.00173332
-0.00204153
-0.00233044
-0.00260492
-0.00277956
-0.00261811
-0.00174862
0.000131177
0.000513256
0.00030671
0.000277743
0.000657406
0.000360658
-0.00058609
-0.00090173
-0.000444525
-0.00015528
-0.000582824
-0.00126267
-0.00167871
-0.00198424
-0.00230733
-0.00261762
-0.00288945
-0.00304134
-0.00285426
-0.00197276
-9.28768e-05
0.000513394
0.000299804
0.000204714
0.000556776
0.000318298
-0.000620145
-0.00101585
-0.000608415
-0.000304811
-0.000702984
-0.00141545
-0.00190404
-0.00223936
-0.00257323
-0.00290108
-0.00317316
-0.00330211
-0.00308794
-0.00219272
-0.000312514
0.000510263
0.000292939
0.000134532
0.000449596
0.000265511
-0.000651904
-0.00112486
-0.000782091
-0.000471292
-0.000834063
-0.00156186
-0.00211884
-0.00249625
-0.00284074
-0.00318101
-0.00345615
-0.00356396
-0.00332106
-0.00240862
-0.000527153
0.000503606
0.00028562
6.78691e-05
0.000336739
0.000201205
-0.000683672
-0.00122734
-0.00096232
-0.000653762
-0.000978556
-0.00170712
-0.00232212
-0.00274993
-0.00311026
-0.0034585
-0.00373742
-0.00382695
-0.00355504
-0.00262246
-0.000737804
0.000493248
0.00027722
5.08034e-06
0.000219566
0.000124518
-0.000718056
-0.0013228
-0.00114531
-0.000850276
-0.00113816
-0.00185592
-0.00251497
-0.00299631
-0.00338091
-0.00373499
-0.00401652
-0.00409111
-0.00379149
-0.00283652
-0.000945161
0.000479045
0.000267044
-5.36375e-05
9.95988e-05
3.49443e-05
-0.000756868
-0.00141156
-0.0013278
-0.00105869
-0.00131277
-0.00201151
-0.0027008
-0.00323307
-0.00364985
-0.00401091
-0.00429313
-0.00435612
-0.00403112
-0.00305263
-0.00115129
0.000460972
0.000254442
-0.000108344
-2.18599e-05
-6.71859e-05
-0.000803826
-0.00149468
-0.00150712
-0.00127631
-0.00150203
-0.0021767
-0.00288342
-0.00345919
-0.00391347
-0.00428587
-0.00456805
-0.00462202
-0.00427436
-0.00327277
-0.00135845
0.000439053
0.000238785
-0.000159436
-0.00014339
-0.000180905
-0.000860812
-0.00157374
-0.00168145
-0.00150041
-0.00170463
-0.00235288
-0.00306671
-0.00367607
-0.00416929
-0.00455909
-0.00484191
-0.00488862
-0.00452139
-0.00349788
-0.00156727
0.000413314
0.000219597
-0.000207437
-0.000263584
-0.000306793
-0.000929563
-0.00165085
-0.00184969
-0.00172835
-0.00191842
-0.00254023
-0.00325436
-0.00388703
-0.00441618
-0.00482844
-0.00511426
-0.00515546
-0.00477166
-0.00372712
-0.00177809
0.000383914
0.000196472
-0.000253211
-0.000381308
-0.000440346
-0.00101122
-0.00172868
-0.00201113
-0.0019574
-0.00214145
-0.00273764
-0.00344827
-0.00409593
-0.0046542
-0.00509187
-0.00538476
-0.00542272
-0.00502462
-0.00395998
-0.00199177
0.000351164
0.000169144
-0.000297744
-0.000495855
-0.000580722
-0.00110614
-0.00180986
-0.00216588
-0.00218536
-0.00237173
-0.00294411
-0.00364906
-0.00430575
-0.00488533
-0.00534826
-0.00565196
-0.00568908
-0.00527956
-0.00419661
-0.00220911
0.000315084
0.000137341
-0.000341985
-0.000606599
-0.000726192
-0.00121425
-0.00189652
-0.00231443
-0.00241057
-0.00260759
-0.00315877
-0.00385701
-0.00451887
-0.00511281
-0.00559758
-0.00591426
-0.0059533
-0.00553595
-0.00443685
-0.00242993
0.000276072
0.000101082
-0.000387011
-0.000713478
-0.00087468
-0.00133493
-0.00199089
-0.00245786
-0.00263148
-0.00284739
-0.00337992
-0.00407129
-0.00473694
-0.00533984
-0.00584094
-0.00617107
-0.00621488
-0.00579333
-0.00468057
-0.00265455
0.000234253
6.0444e-05
-0.00042983
-0.00081671
-0.00102455
-0.00146678
-0.00209479
-0.00259782
-0.002847
-0.0030899
-0.00360609
-0.00429072
-0.00496027
-0.00556912
-0.00608104
-0.00642304
-0.006473
-0.00605043
-0.00492685
-0.00288306
0.000189728
1.54712e-05
-0.000479598
-0.000916841
-0.00117428
-0.00160812
-0.00220923
-0.00273639
-0.00305601
-0.00333367
-0.00383689
-0.00451426
-0.00518806
-0.00580227
-0.00632082
-0.00667166
-0.00672757
-0.00630586
-0.00517486
-0.00311598
0.000142785
-3.36709e-05
-0.000532431
-0.00101439
-0.00132257
-0.001757
-0.00233471
-0.00287598
-0.00325797
-0.00357731
-0.00407249
-0.00474088
-0.00541889
-0.00603957
-0.00656287
-0.00691966
-0.0069802
-0.00655992
-0.00542415
-0.00335281
9.34906e-05
-8.67279e-05
-0.000588712
-0.00111003
-0.00146878
-0.00191118
-0.00247064
-0.00301896
-0.00345304
-0.0038191
-0.00431295
-0.00497074
-0.00565171
-0.00627947
-0.00680766
-0.00716902
-0.007233
-0.0068139
-0.00567521
-0.00359392
4.1964e-05
-0.000143271
-0.000648521
-0.0012045
-0.0016124
-0.00206885
-0.00261585
-0.00316755
-0.00364264
-0.00405642
-0.00455781
-0.00520571
-0.00588743
-0.00652137
-0.00705474
-0.00741992
-0.00748669
-0.00706848
-0.00592776
-0.00383912
-1.16047e-05
-0.000202875
-0.000712009
-0.00129832
-0.00175305
-0.00222853
-0.00276851
-0.00332256
-0.00382909
-0.00428697
-0.00480393
-0.00544577
-0.00612769
-0.00676734
-0.00730616
-0.00767449
-0.00774342
-0.00732532
-0.00618228
-0.00408743
-6.72534e-05
-0.000265029
-0.000778836
-0.00139216
-0.00189054
-0.00238885
-0.00292688
-0.00348408
-0.004016
-0.00451155
-0.00504817
-0.00568795
-0.00637039
-0.00701605
-0.00756153
-0.0079338
-0.00800538
-0.00758774
-0.00644271
-0.0043423
-0.000124782
-0.000329333
-0.000848498
-0.00148619
-0.002025
-0.00254888
-0.00308911
-0.00364967
-0.00420498
-0.00473315
-0.00529128
-0.0059328
-0.00661549
-0.00726672
-0.00781911
-0.00819628
-0.00827149
-0.00785589
-0.00671046
-0.00460607
-0.000184148
-0.00039526
-0.000920395
-0.00158023
-0.00215626
-0.00270804
-0.00325531
-0.00381795
-0.00439382
-0.00495077
-0.00553098
-0.00618
-0.00686498
-0.00752212
-0.00808137
-0.00846402
-0.00854281
-0.00812978
-0.00698516
-0.00487876
-0.000244945
-0.000462566
-0.000994254
-0.00167454
-0.00228445
-0.00286447
-0.0034245
-0.00398974
-0.0045839
-0.00516602
-0.00576455
-0.00642368
-0.00711436
-0.00778017
-0.0083488
-0.00873915
-0.0088234
-0.00841368
-0.00727012
-0.00516265
-0.00030701
-0.000530056
-0.00106864
-0.00176775
-0.00240925
-0.00301808
-0.00359562
-0.00416364
-0.00477307
-0.00538151
-0.00599662
-0.00666457
-0.00736196
-0.00803766
-0.00861794
-0.00901871
-0.00911263
-0.00871029
-0.00757098
-0.0054645
-0.000371129
-0.000597819
-0.00114329
-0.0018598
-0.00253026
-0.00316644
-0.00376684
-0.00434133
-0.00495806
-0.00559057
-0.00622405
-0.00690132
-0.00760698
-0.0082948
-0.00888855
-0.00930071
-0.00940503
-0.00901592
-0.00789084
-0.00579439
-0.000435341
-0.000662988
-0.00121741
-0.00195139
-0.00265134
-0.0033126
-0.00393655
-0.00452452
-0.00514463
-0.00579594
-0.00644667
-0.00713012
-0.0078423
-0.00854542
-0.0091577
-0.00958474
-0.00969848
-0.00931683
-0.00820444
-0.00613066
-0.000503522
-0.000721312
-0.00127794
-0.00203592
-0.00276908
-0.00345434
-0.00410225
-0.00470514
-0.00532951
-0.00599841
-0.00667064
-0.00736267
-0.0080813
-0.00879814
-0.00943519
-0.00989039
-0.0100248
-0.00964782
-0.00852696
-0.00644705
-0.000587987
-0.000791973
-0.00133838
-0.0021159
-0.00288379
-0.00359149
-0.00426488
-0.00487879
-0.00549464
-0.00617189
-0.00686847
-0.0075803
-0.0083134
-0.00904199
-0.00970564
-0.0102122
-0.0104032
-0.0100734
-0.0089913
-0.00692318
-0.000610514
-0.000837054
-0.00141569
-0.00219866
-0.00299378
-0.00375365
-0.00445917
-0.00507265
-0.00565422
-0.00629824
-0.00699144
-0.00771103
-0.00845183
-0.00917917
-0.00983221
-0.0103526
-0.010615
-0.0104165
-0.00948566
-0.00756862
-0.000731057
-0.000900498
-0.0014912
-0.00221338
-0.00299629
-0.00386472
-0.00466915
-0.00533763
-0.00594446
-0.0065691
-0.0072773
-0.00799682
-0.00873296
-0.00943494
-0.0100319
-0.0104089
-0.0104919
-0.0101475
-0.00917429
-0.00726073
-0.00067007
-0.00099745
-0.00156167
-0.00235551
-0.00321729
-0.00399665
-0.00465327
-0.0052235
-0.00580385
-0.00646593
-0.00721377
-0.00799333
-0.0088027
-0.00965872
-0.0105748
-0.0114303
-0.0120085
-0.012004
-0.0115077
-0.009728
-0.000490598
-0.00112746
-0.00180067
-0.00260863
-0.00337676
-0.00426156
-0.00506718
-0.00566533
-0.00621358
-0.0069137
-0.0076736
-0.00837768
-0.00882985
-0.00891587
-0.00859167
-0.00794889
-0.00718773
-0.00666621
-0.00640432
-0.00727639
-0.00055231
-0.00114335
-0.00186438
-0.00261677
-0.00326854
-0.00388339
-0.00444446
-0.00509157
-0.00582869
-0.00663733
-0.00755194
-0.0085821
-0.0096745
-0.0108286
-0.0120072
-0.0131155
-0.013971
-0.0143209
-0.0138549
-0.012379
-0.000425463
-0.00121887
-0.00196096
-0.00273505
-0.00339865
-0.00418266
-0.00500127
-0.00586023
-0.00665577
-0.00727631
-0.00789037
-0.00860943
-0.00928805
-0.0097521
-0.00985317
-0.009582
-0.00907063
-0.00862989
-0.0086585
-0.00951425
-0.000456797
-0.00126386
-0.00201872
-0.00272728
-0.00322975
-0.00371096
-0.0040997
-0.00469619
-0.00549928
-0.00654549
-0.00782984
-0.00940486
-0.0112054
-0.0130907
-0.0148461
-0.0162998
-0.0172806
-0.0175964
-0.0170117
-0.0153237
0.0277497
0.00606349
-0.0030671
-0.00357596
-0.00289744
-0.00299685
-0.00372728
-0.00462058
-0.00530489
-0.00560858
-0.00580452
-0.00612692
-0.00649972
-0.00688795
-0.00726735
-0.0075465
-0.0078166
-0.00810968
-0.00835637
-0.00861325
-0.00893903
-0.00924004
-0.00954914
-0.00990377
-0.0102909
-0.010685
-0.0110824
-0.0113192
-0.0115242
-0.0119814
-0.0125182
-0.0129623
-0.0133324
-0.013793
-0.0142837
-0.014819
-0.0153974
-0.0160093
-0.0166743
-0.0172569
-0.0179018
-0.0185208
-0.0192423
-0.0199409
-0.0206692
-0.0215012
-0.0222489
-0.023237
-0.023857
-0.0244243
0.0270573
0.00611141
-0.00302852
-0.00355908
-0.00288698
-0.00298956
-0.00372185
-0.00461644
-0.0053017
-0.005606
-0.00580231
-0.00612508
-0.0064982
-0.0068867
-0.00726631
-0.00754563
-0.00781584
-0.00810902
-0.00835578
-0.00861271
-0.00893852
-0.00923957
-0.00954869
-0.00990334
-0.0102905
-0.0106846
-0.011082
-0.0113189
-0.0115239
-0.0119811
-0.0125179
-0.0129621
-0.0133322
-0.0137928
-0.0142835
-0.0148188
-0.0153972
-0.0160092
-0.0166742
-0.0172567
-0.0179017
-0.0185207
-0.0192422
-0.0199408
-0.0206691
-0.0215012
-0.0222488
-0.0232369
-0.023857
-0.0244242
0.0264436
0.00621508
-0.00296172
-0.00353902
-0.00287626
-0.00298214
-0.00371657
-0.00461257
-0.00529882
-0.00560364
-0.00580026
-0.00612336
-0.0064968
-0.00688555
-0.00726539
-0.00754485
-0.00781515
-0.00810842
-0.00835526
-0.00861221
-0.00893808
-0.00923916
-0.0095483
-0.00990296
-0.0102901
-0.0106843
-0.0110817
-0.0113186
-0.0115236
-0.0119809
-0.0125177
-0.0129618
-0.013332
-0.0137926
-0.0142833
-0.0148186
-0.015397
-0.016009
-0.0166741
-0.0172566
-0.0179016
-0.0185206
-0.0192421
-0.0199407
-0.020669
-0.0215011
-0.0222487
-0.0232369
-0.0238569
-0.0244242
0.025891
0.00635626
-0.00286228
-0.00351153
-0.00286336
-0.00297339
-0.00371043
-0.00460813
-0.00529559
-0.00560104
-0.005798
-0.00612147
-0.00649524
-0.00688428
-0.00726438
-0.00754401
-0.00781442
-0.00810781
-0.00835471
-0.00861172
-0.00893763
-0.00923875
-0.0095479
-0.00990259
-0.0102898
-0.0106839
-0.0110814
-0.0113183
-0.0115233
-0.0119806
-0.0125174
-0.0129616
-0.0133318
-0.0137924
-0.0142831
-0.0148185
-0.0153969
-0.0160089
-0.0166739
-0.0172565
-0.0179015
-0.0185205
-0.019242
-0.0199406
-0.0206689
-0.021501
-0.0222487
-0.0232368
-0.0238569
-0.0244241
0.0253371
0.00651114
-0.00273873
-0.00347705
-0.00284781
-0.00296274
-0.00370284
-0.00460244
-0.00529142
-0.00559778
-0.00579524
-0.00611914
-0.00649328
-0.00688265
-0.00726311
-0.007543
-0.00781357
-0.0081071
-0.0083541
-0.00861117
-0.00893716
-0.00923832
-0.00954749
-0.0099022
-0.0102894
-0.0106836
-0.0110811
-0.0113181
-0.011523
-0.0119803
-0.0125172
-0.0129614
-0.0133316
-0.0137922
-0.0142829
-0.0148183
-0.0153967
-0.0160088
-0.0166738
-0.0172564
-0.0179013
-0.0185204
-0.0192419
-0.0199405
-0.0206688
-0.0215009
-0.0222486
-0.0232368
-0.0238569
-0.024424
0.0247673
0.0066708
-0.00260077
-0.00343888
-0.00283068
-0.00295059
-0.00369388
-0.00459536
-0.005286
-0.00559358
-0.00579179
-0.00611621
-0.00649071
-0.00688048
-0.00726142
-0.00754169
-0.00781251
-0.00810625
-0.00835338
-0.00861056
-0.00893665
-0.00923785
-0.00954705
-0.0099018
-0.0102891
-0.0106832
-0.0110808
-0.0113178
-0.0115226
-0.01198
-0.012517
-0.0129612
-0.0133313
-0.0137919
-0.0142827
-0.0148181
-0.0153966
-0.0160086
-0.0166737
-0.0172563
-0.0179012
-0.0185203
-0.0192418
-0.0199404
-0.0206687
-0.0215009
-0.0222485
-0.0232367
-0.0238569
-0.0244239
0.0241854
0.00683268
-0.00245367
-0.00339942
-0.00281314
-0.00293765
-0.00368407
-0.00458719
-0.00527938
-0.00558832
-0.00578752
-0.00611257
-0.00648742
-0.00687761
-0.00725913
-0.00753996
-0.00781118
-0.00810519
-0.00835253
-0.00860986
-0.00893609
-0.00923734
-0.00954656
-0.00990136
-0.0102887
-0.0106829
-0.0110805
-0.0113174
-0.0115222
-0.0119797
-0.0125167
-0.0129609
-0.0133311
-0.0137917
-0.0142825
-0.0148179
-0.0153964
-0.0160085
-0.0166736
-0.0172561
-0.0179011
-0.0185202
-0.0192417
-0.0199403
-0.0206686
-0.0215008
-0.0222484
-0.0232367
-0.0238569
-0.0244238
0.0235963
0.00699514
-0.0022995
-0.00335961
-0.00279591
-0.00292445
-0.00367389
-0.00457845
-0.00527189
-0.00558207
-0.00578237
-0.00610815
-0.00648337
-0.00687395
-0.00725613
-0.00753769
-0.00780948
-0.00810389
-0.0083515
-0.00860905
-0.00893547
-0.00923678
-0.00954601
-0.00990086
-0.0102883
-0.0106825
-0.0110802
-0.0113171
-0.0115218
-0.0119793
-0.0125165
-0.0129607
-0.0133308
-0.0137914
-0.0142823
-0.0148177
-0.0153962
-0.0160083
-0.0166734
-0.017256
-0.017901
-0.01852
-0.0192416
-0.0199402
-0.0206685
-0.0215007
-0.0222484
-0.0232366
-0.0238569
-0.0244236
0.0230026
0.00715665
-0.00213858
-0.00331953
-0.00277932
-0.00291129
-0.00366362
-0.00456953
-0.00526398
-0.00557509
-0.00577644
-0.006103
-0.00647861
-0.00686957
-0.00725239
-0.0075348
-0.00780735
-0.00810229
-0.00835028
-0.00860813
-0.00893476
-0.00923615
-0.00954537
-0.00990024
-0.0102878
-0.0106822
-0.0110799
-0.0113168
-0.0115214
-0.011979
-0.0125162
-0.0129605
-0.0133305
-0.0137912
-0.014282
-0.0148175
-0.015396
-0.0160081
-0.0166732
-0.0172559
-0.0179008
-0.0185199
-0.0192415
-0.0199401
-0.0206684
-0.0215006
-0.0222483
-0.0232365
-0.023857
-0.0244234
0.022406
0.007316
-0.00197051
-0.00327884
-0.00276349
-0.00289829
-0.00365339
-0.00456059
-0.00525596
-0.0055677
-0.00576989
-0.00609722
-0.00647324
-0.00686461
-0.00724803
-0.0075313
-0.00780476
-0.00810039
-0.00834887
-0.00860709
-0.00893398
-0.00923548
-0.00954468
-0.00989948
-0.0102872
-0.0106817
-0.0110797
-0.0113165
-0.0115209
-0.0119786
-0.012516
-0.0129602
-0.0133302
-0.0137909
-0.0142817
-0.0148172
-0.0153957
-0.0160078
-0.0166731
-0.0172557
-0.0179007
-0.0185198
-0.0192413
-0.01994
-0.0206683
-0.0215004
-0.0222482
-0.0232365
-0.023857
-0.0244232
0.0218079
0.00747231
-0.00179486
-0.00323714
-0.00274849
-0.00288553
-0.00364327
-0.00455171
-0.00524796
-0.00556013
-0.00576292
-0.00609094
-0.00646739
-0.00685922
-0.00724321
-0.00752728
-0.0078017
-0.00809818
-0.0083473
-0.00860596
-0.0089331
-0.00923475
-0.00954395
-0.0098986
-0.0102864
-0.0106812
-0.0110794
-0.0113162
-0.0115205
-0.0119782
-0.0125157
-0.0129599
-0.0133299
-0.0137906
-0.0142814
-0.0148169
-0.0153954
-0.0160076
-0.0166728
-0.0172555
-0.0179005
-0.0185196
-0.0192412
-0.0199398
-0.0206681
-0.0215003
-0.0222481
-0.0232364
-0.023857
-0.0244229
0.0212102
0.00762475
-0.00161137
-0.00319408
-0.00273439
-0.00287304
-0.00363333
-0.0045429
-0.00523999
-0.00555251
-0.00575571
-0.00608432
-0.00646117
-0.00685354
-0.0072381
-0.00752288
-0.00779824
-0.00809567
-0.00834558
-0.00860476
-0.00893214
-0.00923395
-0.00954324
-0.00989764
-0.0102853
-0.0106803
-0.0110792
-0.0113161
-0.0115201
-0.0119778
-0.0125153
-0.0129596
-0.0133296
-0.0137903
-0.0142811
-0.0148166
-0.0153951
-0.0160072
-0.0166726
-0.0172553
-0.0179003
-0.0185194
-0.019241
-0.0199397
-0.020668
-0.0215001
-0.0222479
-0.0232362
-0.023857
-0.0244226
0.0206142
0.00777238
-0.00141996
-0.00314929
-0.00272129
-0.00286087
-0.00362357
-0.0045342
-0.00523195
-0.00554491
-0.00574841
-0.00607753
-0.0064547
-0.00684763
-0.00723279
-0.00751823
-0.00779447
-0.00809291
-0.00834374
-0.00860352
-0.00893112
-0.00923307
-0.00954256
-0.00989671
-0.010284
-0.0106792
-0.0110788
-0.0113161
-0.0115199
-0.0119774
-0.0125149
-0.0129592
-0.0133294
-0.0137901
-0.0142809
-0.0148163
-0.0153947
-0.0160068
-0.0166722
-0.017255
-0.0179001
-0.0185192
-0.0192409
-0.0199395
-0.0206678
-0.0215
-0.0222478
-0.0232361
-0.023857
-0.0244222
0.0200214
0.0079141
-0.00122064
-0.00310231
-0.00270929
-0.00284906
-0.00361395
-0.00452554
-0.0052237
-0.00553727
-0.00574112
-0.00607071
-0.00644807
-0.00684157
-0.00722731
-0.00751342
-0.00779049
-0.00808994
-0.00834177
-0.00860228
-0.00893007
-0.00923209
-0.00954191
-0.00989588
-0.0102827
-0.0106777
-0.0110782
-0.0113163
-0.0115198
-0.011977
-0.0125143
-0.0129587
-0.0133291
-0.0137899
-0.0142807
-0.014816
-0.0153943
-0.0160064
-0.0166718
-0.0172546
-0.0178998
-0.018519
-0.0192407
-0.0199393
-0.0206677
-0.0214998
-0.0222476
-0.0232359
-0.0238569
-0.0244218
0.0194329
0.00804878
-0.00101346
-0.00305261
-0.00269845
-0.0028377
-0.00360436
-0.00451679
-0.00521497
-0.00552951
-0.00573387
-0.00606397
-0.00644139
-0.00683539
-0.00722168
-0.00750847
-0.00778636
-0.00808684
-0.0083397
-0.00860102
-0.00892901
-0.00923103
-0.00954125
-0.00989522
-0.0102814
-0.010676
-0.0110774
-0.0113165
-0.01152
-0.0119768
-0.0125138
-0.0129581
-0.0133287
-0.0137897
-0.0142805
-0.0148158
-0.015394
-0.016006
-0.0166714
-0.0172542
-0.0178994
-0.0185187
-0.0192405
-0.0199392
-0.0206675
-0.0214995
-0.0222474
-0.0232357
-0.0238568
-0.0244212
0.0188495
0.0081752
-0.000798513
-0.00299957
-0.00268886
-0.00282685
-0.00359468
-0.00450767
-0.00520541
-0.00552142
-0.00572669
-0.00605737
-0.00643475
-0.00682912
-0.00721587
-0.0075034
-0.00778213
-0.00808363
-0.00833754
-0.00859974
-0.00892793
-0.00922993
-0.00954056
-0.00989475
-0.0102802
-0.0106742
-0.0110763
-0.0113169
-0.0115205
-0.0119769
-0.0125132
-0.0129573
-0.0133282
-0.0137896
-0.0142805
-0.0148157
-0.0153937
-0.0160056
-0.0166709
-0.0172537
-0.0178989
-0.0185184
-0.0192402
-0.0199389
-0.0206673
-0.0214993
-0.0222472
-0.0232354
-0.0238566
-0.0244206
0.0182719
0.0082921
-0.000576037
-0.00294253
-0.00268054
-0.00281659
-0.00358475
-0.00449783
-0.0051946
-0.00551274
-0.00571955
-0.00605093
-0.00642819
-0.00682277
-0.00720984
-0.00749818
-0.00777782
-0.00808036
-0.0083353
-0.00859843
-0.00892683
-0.00922887
-0.00953983
-0.00989449
-0.0102792
-0.0106724
-0.0110751
-0.0113174
-0.0115213
-0.0119772
-0.0125127
-0.0129564
-0.0133277
-0.0137895
-0.0142805
-0.0148156
-0.0153935
-0.0160052
-0.0166703
-0.0172531
-0.0178984
-0.018518
-0.0192399
-0.0199387
-0.0206671
-0.0214991
-0.022247
-0.0232351
-0.0238563
-0.0244199
0.0177009
0.00839826
-0.000346349
-0.00288074
-0.0026735
-0.002807
-0.00357445
-0.00448698
-0.00518214
-0.00550318
-0.0057124
-0.00604464
-0.00642175
-0.00681634
-0.00720356
-0.00749279
-0.00777344
-0.00807703
-0.00833301
-0.00859708
-0.00892568
-0.00922789
-0.0095391
-0.00989443
-0.0102783
-0.010671
-0.0110738
-0.011318
-0.0115224
-0.0119777
-0.0125123
-0.0129554
-0.013327
-0.0137894
-0.0142806
-0.0148157
-0.0153934
-0.0160049
-0.0166698
-0.0172524
-0.0178978
-0.0185175
-0.0192395
-0.0199384
-0.0206668
-0.0214988
-0.0222467
-0.0232348
-0.023856
-0.0244191
0.0171369
0.00849245
-0.000109887
-0.00281337
-0.00266771
-0.00279825
-0.00356376
-0.0044749
-0.00516775
-0.0054925
-0.00570518
-0.00603845
-0.00641541
-0.0068098
-0.00719699
-0.00748719
-0.00776899
-0.00807364
-0.00833067
-0.00859565
-0.00892448
-0.00922703
-0.00953843
-0.00989459
-0.0102774
-0.0106698
-0.0110725
-0.0113188
-0.0115239
-0.0119785
-0.012512
-0.0129544
-0.0133262
-0.0137893
-0.0142807
-0.0148158
-0.0153934
-0.0160047
-0.0166694
-0.0172517
-0.017897
-0.0185169
-0.0192391
-0.0199381
-0.0206666
-0.0214985
-0.0222465
-0.0232344
-0.0238556
-0.0244181
0.0165806
0.00857354
0.000132788
-0.00273957
-0.00266307
-0.00279055
-0.00355271
-0.00446141
-0.00515134
-0.00548056
-0.00569785
-0.00603232
-0.00640914
-0.00680315
-0.00719009
-0.00748137
-0.00776448
-0.00807019
-0.00832829
-0.00859413
-0.00892322
-0.00922625
-0.0095379
-0.00989494
-0.0102764
-0.0106689
-0.0110711
-0.0113196
-0.0115257
-0.0119796
-0.0125118
-0.0129534
-0.0133253
-0.0137892
-0.0142809
-0.014816
-0.0153933
-0.0160045
-0.0166689
-0.017251
-0.0178962
-0.0185162
-0.0192386
-0.0199377
-0.0206663
-0.0214982
-0.0222462
-0.0232341
-0.0238552
-0.0244171
0.0160328
0.00864048
0.000380989
-0.00265845
-0.00265948
-0.00278414
-0.00354137
-0.00444648
-0.00513299
-0.00546732
-0.00569036
-0.00602619
-0.00640288
-0.00679634
-0.00718285
-0.0074753
-0.00775989
-0.00806668
-0.00832589
-0.00859251
-0.0089219
-0.00922549
-0.00953758
-0.00989543
-0.0102754
-0.0106683
-0.0110695
-0.0113204
-0.0115276
-0.0119808
-0.0125115
-0.0129525
-0.0133245
-0.0137891
-0.0142811
-0.0148162
-0.0153934
-0.0160044
-0.0166686
-0.0172504
-0.0178954
-0.0185155
-0.0192381
-0.0199372
-0.0206659
-0.0214979
-0.0222459
-0.0232337
-0.0238547
-0.0244161
0.0154941
0.00869237
0.000633886
-0.00256911
-0.00265673
-0.00277932
-0.00352989
-0.00443014
-0.0051129
-0.00545287
-0.0056827
-0.00602
-0.00639657
-0.00678937
-0.00717527
-0.00746897
-0.00775524
-0.00806308
-0.00832345
-0.0085908
-0.00892051
-0.00922467
-0.00953748
-0.00989596
-0.0102743
-0.0106677
-0.0110678
-0.0113211
-0.0115297
-0.0119822
-0.0125113
-0.0129517
-0.0133236
-0.0137891
-0.0142813
-0.0148163
-0.0153934
-0.0160043
-0.0166682
-0.0172497
-0.0178945
-0.0185147
-0.0192374
-0.0199367
-0.0206655
-0.0214976
-0.0222457
-0.0232334
-0.0238543
-0.0244149
0.0149652
0.0087284
0.000890456
-0.00247066
-0.00265448
-0.0027764
-0.00351849
-0.00441327
-0.00509143
-0.00543738
-0.00567486
-0.0060137
-0.00639014
-0.0067822
-0.00716737
-0.00746239
-0.00775049
-0.0080594
-0.00832095
-0.00858899
-0.00891904
-0.00922372
-0.00953756
-0.00989642
-0.010273
-0.010667
-0.0110657
-0.0113215
-0.0115317
-0.0119835
-0.0125108
-0.0129509
-0.0133228
-0.013789
-0.0142815
-0.0148165
-0.0153933
-0.0160041
-0.0166678
-0.0172491
-0.0178937
-0.0185139
-0.0192368
-0.0199362
-0.0206651
-0.0214972
-0.0222454
-0.0232331
-0.0238538
-0.0244138
0.0144473
0.00874796
0.00114946
-0.00236226
-0.00265229
-0.00277567
-0.00350742
-0.00439582
-0.00506891
-0.00542107
-0.0056668
-0.00600723
-0.00638352
-0.00677482
-0.00715918
-0.00745553
-0.00774562
-0.00805562
-0.00831836
-0.00858711
-0.00891749
-0.0092226
-0.00953772
-0.00989665
-0.0102717
-0.0106661
-0.0110633
-0.0113217
-0.0115338
-0.0119848
-0.0125103
-0.0129501
-0.013322
-0.013789
-0.0142817
-0.0148166
-0.0153932
-0.0160039
-0.0166673
-0.0172485
-0.0178929
-0.018513
-0.0192361
-0.0199357
-0.0206647
-0.0214968
-0.022245
-0.0232327
-0.0238533
-0.0244126
0.0139403
0.00875061
0.00140957
-0.00224317
-0.0026496
-0.00277739
-0.00349694
-0.00437794
-0.00504568
-0.00540414
-0.0056585
-0.00600054
-0.00637665
-0.00676721
-0.00715074
-0.00744842
-0.00774061
-0.00805171
-0.00831567
-0.00858517
-0.00891586
-0.00922129
-0.00953783
-0.00989656
-0.0102704
-0.0106649
-0.0110604
-0.0113214
-0.0115358
-0.0119859
-0.0125094
-0.0129493
-0.0133214
-0.013789
-0.0142818
-0.0148168
-0.0153931
-0.0160035
-0.0166666
-0.0172478
-0.0178922
-0.0185122
-0.0192354
-0.0199351
-0.0206642
-0.0214964
-0.0222447
-0.0232324
-0.0238529
-0.0244114
0.0134446
0.00873592
0.00166929
-0.00211278
-0.00264571
-0.00278177
-0.00348737
-0.00435977
-0.00502201
-0.00538675
-0.0056499
-0.00599356
-0.0063695
-0.00675935
-0.00714208
-0.00744106
-0.00773541
-0.00804767
-0.00831286
-0.00858318
-0.00891414
-0.00921983
-0.00953777
-0.00989609
-0.010269
-0.0106633
-0.011057
-0.0113207
-0.0115376
-0.0119869
-0.0125084
-0.0129484
-0.0133209
-0.013789
-0.014282
-0.0148168
-0.015393
-0.016003
-0.0166658
-0.0172471
-0.0178915
-0.0185115
-0.0192347
-0.0199345
-0.0206638
-0.021496
-0.0222444
-0.023232
-0.0238524
-0.0244101
0.0129623
0.00870363
0.00192667
-0.00197073
-0.00263974
-0.00278897
-0.00347914
-0.00434141
-0.00499801
-0.00536899
-0.00564099
-0.00598629
-0.00636202
-0.00675121
-0.0071332
-0.00743345
-0.00773002
-0.00804349
-0.00830993
-0.00858111
-0.00891232
-0.00921825
-0.00953743
-0.00989521
-0.0102675
-0.0106613
-0.0110533
-0.0113197
-0.0115395
-0.0119876
-0.0125071
-0.0129474
-0.0133204
-0.0137891
-0.0142821
-0.0148169
-0.0153928
-0.0160024
-0.0166648
-0.0172462
-0.0178908
-0.0185107
-0.019234
-0.0199339
-0.0206632
-0.0214956
-0.022244
-0.0232317
-0.023852
-0.0244089
0.0124944
0.00865473
0.00217978
-0.00181721
-0.00263068
-0.00279891
-0.00347259
-0.00432309
-0.00497375
-0.00535085
-0.00563168
-0.00597869
-0.00635424
-0.00674281
-0.00712412
-0.0074256
-0.00772442
-0.00803915
-0.00830686
-0.00857898
-0.00891041
-0.0092166
-0.0095368
-0.00989396
-0.0102659
-0.0106589
-0.0110492
-0.0113183
-0.0115412
-0.0119882
-0.0125055
-0.0129462
-0.0133201
-0.0137893
-0.0142821
-0.0148169
-0.0153926
-0.0160017
-0.0166636
-0.0172452
-0.0178902
-0.01851
-0.0192333
-0.0199332
-0.0206627
-0.0214951
-0.0222437
-0.0232313
-0.0238516
-0.0244077
0.0120384
0.0085895
0.00242715
-0.0016524
-0.00261728
-0.00281129
-0.00346792
-0.00430487
-0.0049493
-0.00533237
-0.00562196
-0.00597071
-0.00634609
-0.00673412
-0.00711483
-0.00741753
-0.00771861
-0.00803465
-0.00830367
-0.00857675
-0.00890842
-0.00921492
-0.00953586
-0.0098924
-0.0102642
-0.0106562
-0.0110449
-0.0113165
-0.0115429
-0.0119886
-0.0125036
-0.0129449
-0.0133199
-0.0137894
-0.0142822
-0.0148169
-0.0153924
-0.0160009
-0.0166622
-0.017244
-0.0178895
-0.0185094
-0.0192326
-0.0199326
-0.0206622
-0.0214946
-0.0222433
-0.023231
-0.0238513
-0.0244064
0.0115972
0.00850843
0.00266582
-0.00147769
-0.00259851
-0.0028261
-0.00346565
-0.00428691
-0.00492451
-0.00531345
-0.00561183
-0.00596243
-0.0063376
-0.00672512
-0.0071053
-0.00740925
-0.0077126
-0.00803001
-0.00830034
-0.00857444
-0.00890633
-0.0092132
-0.00953466
-0.00989063
-0.0102623
-0.0106531
-0.0110404
-0.0113146
-0.0115446
-0.0119889
-0.0125016
-0.0129433
-0.0133197
-0.0137896
-0.0142822
-0.0148169
-0.0153922
-0.016
-0.0166607
-0.0172427
-0.0178888
-0.0185087
-0.0192318
-0.0199319
-0.0206616
-0.0214941
-0.0222429
-0.0232306
-0.0238509
-0.0244052
0.0111693
0.00841274
0.00289382
-0.00129411
-0.00257291
-0.00284268
-0.0034661
-0.00426973
-0.00489948
-0.00529399
-0.00560119
-0.0059538
-0.00632882
-0.00671583
-0.00709552
-0.00740074
-0.00770639
-0.00802522
-0.00829689
-0.00857203
-0.00890417
-0.00921147
-0.00953326
-0.00988872
-0.0102602
-0.0106497
-0.0110357
-0.0113125
-0.0115463
-0.011989
-0.0124993
-0.0129417
-0.0133196
-0.0137899
-0.0142822
-0.0148169
-0.015392
-0.0159991
-0.016659
-0.0172413
-0.0178881
-0.018508
-0.019231
-0.0199312
-0.020661
-0.0214936
-0.0222424
-0.0232303
-0.0238506
-0.0244039
0.0107579
0.00830413
0.0031096
-0.00110281
-0.00253935
-0.00286024
-0.00346916
-0.00425344
-0.00487438
-0.00527411
-0.00559009
-0.00594481
-0.00631966
-0.00670624
-0.0070855
-0.00739204
-0.00769999
-0.00802026
-0.0082933
-0.0085695
-0.00890193
-0.00920969
-0.00953172
-0.00988671
-0.010258
-0.010646
-0.0110309
-0.0113102
-0.011548
-0.0119891
-0.0124968
-0.0129398
-0.0133195
-0.0137901
-0.0142821
-0.0148168
-0.0153918
-0.0159981
-0.0166573
-0.0172399
-0.0178874
-0.0185073
-0.0192302
-0.0199304
-0.0206604
-0.0214931
-0.022242
-0.0232299
-0.0238504
-0.0244026
0.0103771
0.00818684
0.00330989
-0.000906399
-0.00249716
-0.00287879
-0.00347551
-0.0042383
-0.00484895
-0.00525362
-0.00557857
-0.00593558
-0.00631022
-0.00669635
-0.00707523
-0.00738316
-0.00769344
-0.00801518
-0.00828959
-0.00856689
-0.00889963
-0.00920788
-0.00953007
-0.00988463
-0.0102556
-0.0106422
-0.0110261
-0.0113079
-0.0115497
-0.0119891
-0.0124942
-0.0129379
-0.0133195
-0.0137904
-0.0142821
-0.0148167
-0.0153915
-0.015997
-0.0166555
-0.0172383
-0.0178866
-0.0185065
-0.0192294
-0.0199296
-0.0206598
-0.0214925
-0.0222415
-0.0232295
-0.0238501
-0.0244014
0.0100102
0.008061
0.00349632
-0.000704168
-0.00244414
-0.00289648
-0.0034853
-0.0042251
-0.00482346
-0.00523238
-0.00556638
-0.00592593
-0.00630045
-0.00668613
-0.00706464
-0.00737404
-0.00768666
-0.00800992
-0.00828573
-0.00856416
-0.00889726
-0.00920602
-0.00952834
-0.0098825
-0.010253
-0.0106383
-0.0110212
-0.0113054
-0.0115514
-0.0119891
-0.0124915
-0.0129358
-0.0133195
-0.0137907
-0.014282
-0.0148166
-0.0153912
-0.0159959
-0.0166536
-0.0172367
-0.0178858
-0.0185057
-0.0192285
-0.0199288
-0.0206591
-0.0214919
-0.0222411
-0.0232292
-0.0238499
-0.0244001
0.0096519
0.00792576
0.00366431
-0.000500578
-0.00238131
-0.00291289
-0.00349787
-0.00421409
-0.0047985
-0.00521069
-0.00555363
-0.00591584
-0.00629025
-0.00667555
-0.00705379
-0.00736469
-0.0076797
-0.00800448
-0.00828171
-0.00856132
-0.00889482
-0.00920408
-0.00952654
-0.00988032
-0.0102503
-0.0106342
-0.0110163
-0.011303
-0.011553
-0.0119891
-0.0124887
-0.0129337
-0.0133195
-0.013791
-0.0142819
-0.0148165
-0.0153909
-0.0159948
-0.0166516
-0.0172351
-0.017885
-0.0185049
-0.0192276
-0.019928
-0.0206584
-0.0214913
-0.0222405
-0.0232289
-0.0238498
-0.0243988
0.00931609
0.00778439
0.00381003
-0.000299084
-0.00230943
-0.00292808
-0.00351379
-0.00420551
-0.00477383
-0.00518841
-0.00554045
-0.00590567
-0.00627998
-0.00666484
-0.00704277
-0.00735519
-0.0076726
-0.00799894
-0.0082776
-0.00855841
-0.00889233
-0.00920209
-0.00952469
-0.0098781
-0.0102476
-0.0106301
-0.0110113
-0.0113005
-0.0115547
-0.011989
-0.0124858
-0.0129315
-0.0133194
-0.0137913
-0.0142818
-0.0148164
-0.0153906
-0.0159937
-0.0166496
-0.0172334
-0.017884
-0.018504
-0.0192267
-0.0199271
-0.0206577
-0.0214907
-0.02224
-0.0232285
-0.0238496
-0.0243975
0.00898764
0.00764347
0.00394363
-9.61362e-05
-0.0022248
-0.00293816
-0.00353227
-0.00420008
-0.00474993
-0.00516544
-0.00552635
-0.00589485
-0.00626925
-0.0066537
-0.00703138
-0.0073454
-0.00766525
-0.00799318
-0.00827332
-0.00855537
-0.00888976
-0.00920001
-0.00952277
-0.00987581
-0.0102448
-0.0106258
-0.0110062
-0.011298
-0.0115563
-0.0119889
-0.0124829
-0.0129293
-0.0133194
-0.0137915
-0.0142817
-0.0148163
-0.0153903
-0.0159925
-0.0166476
-0.0172317
-0.0178831
-0.0185031
-0.0192257
-0.0199262
-0.020657
-0.0214901
-0.0222394
-0.0232282
-0.0238495
-0.0243962
0.00867249
0.00750022
0.00405669
0.000100686
-0.00213129
-0.00294375
-0.00355291
-0.00419818
-0.00472765
-0.00514209
-0.00551141
-0.00588345
-0.00625801
-0.00664214
-0.00701964
-0.00733531
-0.00765764
-0.00798721
-0.00826884
-0.00855218
-0.00888708
-0.00919783
-0.00952076
-0.00987345
-0.0102419
-0.0106215
-0.0110011
-0.0112954
-0.0115578
-0.0119889
-0.0124799
-0.0129271
-0.0133192
-0.0137918
-0.0142816
-0.0148162
-0.0153899
-0.0159913
-0.0166455
-0.0172299
-0.0178821
-0.0185022
-0.0192247
-0.0199253
-0.0206562
-0.0214895
-0.0222389
-0.0232279
-0.0238495
-0.0243949
0.00838095
0.0073546
0.00414408
0.000286723
-0.00203229
-0.00294517
-0.00357552
-0.00419999
-0.00470713
-0.00511847
-0.00549595
-0.00587205
-0.00624698
-0.00663071
-0.00700791
-0.00732515
-0.00764998
-0.00798121
-0.00826434
-0.00854897
-0.00888439
-0.00919562
-0.0095187
-0.00987106
-0.010239
-0.0106171
-0.0109959
-0.0112928
-0.0115593
-0.0119887
-0.0124769
-0.0129248
-0.0133191
-0.013792
-0.0142815
-0.014816
-0.0153895
-0.01599
-0.0166433
-0.017228
-0.017881
-0.0185012
-0.0192236
-0.0199244
-0.0206554
-0.0214888
-0.0222382
-0.0232276
-0.0238495
-0.0243936
0.00810041
0.00721648
0.00422375
0.00047006
-0.00192316
-0.00293658
-0.00359733
-0.00420496
-0.00468881
-0.00509489
-0.00547944
-0.00585968
-0.00623522
-0.00661865
-0.00699568
-0.00731464
-0.00764203
-0.00797494
-0.00825963
-0.0085456
-0.00888158
-0.0091933
-0.00951657
-0.00986861
-0.0102361
-0.0106127
-0.0109906
-0.0112902
-0.0115608
-0.0119886
-0.0124739
-0.0129225
-0.0133189
-0.0137922
-0.0142814
-0.0148158
-0.015389
-0.0159887
-0.0166411
-0.0172261
-0.0178799
-0.0185002
-0.0192225
-0.0199234
-0.0206546
-0.0214881
-0.0222376
-0.0232273
-0.0238495
-0.0243922
0.00784209
0.0070814
0.00428442
0.000640537
-0.00181037
-0.00292161
-0.00361947
-0.00421412
-0.00467355
-0.00507121
-0.00546165
-0.00584646
-0.00622296
-0.00660623
-0.00698311
-0.00730375
-0.00763376
-0.00796843
-0.0082547
-0.00854204
-0.00887863
-0.00919084
-0.00951432
-0.00986608
-0.0102331
-0.0106082
-0.0109852
-0.0112875
-0.0115622
-0.0119884
-0.0124708
-0.0129201
-0.0133187
-0.0137924
-0.0142812
-0.0148157
-0.0153886
-0.0159873
-0.0166388
-0.0172242
-0.0178787
-0.0184991
-0.0192213
-0.0199223
-0.0206537
-0.0214874
-0.0222369
-0.023227
-0.0238496
-0.0243909
0.007612
0.00694311
0.0043192
0.000793457
-0.00169749
-0.00289999
-0.00364062
-0.0042272
-0.00466187
-0.00504845
-0.00544347
-0.00583312
-0.00621099
-0.00659411
-0.00697068
-0.0072929
-0.00762552
-0.00796196
-0.0082498
-0.00853851
-0.0088757
-0.00918837
-0.00951203
-0.00986355
-0.01023
-0.0106037
-0.0109798
-0.0112848
-0.0115635
-0.0119883
-0.0124677
-0.0129177
-0.0133184
-0.0137926
-0.014281
-0.0148155
-0.015388
-0.0159859
-0.0166365
-0.0172221
-0.0178775
-0.018498
-0.0192202
-0.0199212
-0.0206528
-0.0214867
-0.0222362
-0.0232268
-0.0238497
-0.0243896
0.00741682
0.00681577
0.00435005
0.000940208
-0.00158006
-0.00286713
-0.0036572
-0.00424211
-0.00465391
-0.00502738
-0.00542457
-0.00581845
-0.00619795
-0.00658117
-0.00695767
-0.00728165
-0.00761693
-0.0079552
-0.00824467
-0.00853477
-0.00887262
-0.00918578
-0.00950967
-0.00986095
-0.0102269
-0.0105991
-0.0109743
-0.011282
-0.0115648
-0.011988
-0.0124646
-0.0129153
-0.0133181
-0.0137927
-0.0142808
-0.0148152
-0.0153875
-0.0159845
-0.0166341
-0.0172201
-0.0178763
-0.0184969
-0.0192189
-0.0199201
-0.0206518
-0.0214859
-0.0222354
-0.0232265
-0.0238499
-0.0243882
0.00727371
0.00670506
0.00437013
0.00107163
-0.0014653
-0.00282878
-0.00367149
-0.00426032
-0.00465001
-0.00500717
-0.00540427
-0.00580247
-0.00618436
-0.00656817
-0.00694456
-0.00727011
-0.00760803
-0.0079482
-0.00823933
-0.00853087
-0.00886943
-0.00918307
-0.00950717
-0.00985826
-0.0102237
-0.0105944
-0.0109687
-0.0112792
-0.011566
-0.0119878
-0.0124615
-0.0129129
-0.0133178
-0.0137928
-0.0142806
-0.014815
-0.0153869
-0.0159829
-0.0166316
-0.0172179
-0.0178749
-0.0184957
-0.0192176
-0.019919
-0.0206508
-0.0214852
-0.0222346
-0.0232263
-0.0238501
-0.0243868
0.00713623
0.0065888
0.00437088
0.00118569
-0.00135539
-0.0027851
-0.00368072
-0.00427944
-0.00464979
-0.00498965
-0.00538458
-0.00578623
-0.00617056
-0.00655506
-0.00693136
-0.00725848
-0.0075991
-0.00794119
-0.00823398
-0.00852694
-0.0088662
-0.00918028
-0.00950462
-0.00985557
-0.0102205
-0.0105897
-0.0109631
-0.0112764
-0.0115671
-0.0119875
-0.0124583
-0.0129104
-0.0133173
-0.0137929
-0.0142804
-0.0148147
-0.0153862
-0.0159814
-0.0166291
-0.0172157
-0.0178735
-0.0184944
-0.0192163
-0.0199178
-0.0206498
-0.0214844
-0.0222338
-0.0232261
-0.0238504
-0.0243855
0.00697116
0.00646863
0.0043661
0.00129025
-0.00124824
-0.00273481
-0.00368412
-0.00429923
-0.00465439
-0.00497589
-0.0053652
-0.00576856
-0.0061554
-0.00654125
-0.0069179
-0.0072467
-0.00758996
-0.00793397
-0.00822842
-0.00852282
-0.00886286
-0.00917743
-0.00950203
-0.00985282
-0.0102171
-0.010585
-0.0109574
-0.0112734
-0.0115681
-0.0119871
-0.0124551
-0.0129079
-0.0133169
-0.0137929
-0.0142801
-0.0148144
-0.0153856
-0.0159797
-0.0166265
-0.0172134
-0.0178721
-0.0184931
-0.0192149
-0.0199165
-0.0206487
-0.0214836
-0.0222329
-0.0232259
-0.0238508
-0.0243841
0.006802
0.00636004
0.00435723
0.00138239
-0.00114687
-0.00268278
-0.00368402
-0.00431955
-0.00466224
-0.00496409
-0.00534551
-0.00574991
-0.00613964
-0.00652733
-0.00690443
-0.00723472
-0.00758052
-0.00792649
-0.00822269
-0.0085186
-0.00885947
-0.00917447
-0.00949929
-0.00984995
-0.0102137
-0.0105801
-0.0109516
-0.0112705
-0.0115691
-0.0119868
-0.0124519
-0.0129053
-0.0133164
-0.0137929
-0.0142798
-0.0148141
-0.0153848
-0.0159781
-0.0166239
-0.0172111
-0.0178706
-0.0184918
-0.0192135
-0.0199153
-0.0206476
-0.0214827
-0.0222319
-0.0232258
-0.0238512
-0.0243827
0.00664236
0.00625405
0.00434017
0.00146235
-0.00105313
-0.0026295
-0.00367732
-0.00433688
-0.00467217
-0.00495594
-0.00532788
-0.0057313
-0.00612303
-0.00651257
-0.00689043
-0.00722246
-0.00757093
-0.00791896
-0.00821689
-0.00851425
-0.00885592
-0.00917136
-0.00949645
-0.00984705
-0.0102102
-0.0105752
-0.0109458
-0.0112674
-0.0115699
-0.0119863
-0.0124487
-0.0129027
-0.0133158
-0.0137928
-0.0142795
-0.0148138
-0.015384
-0.0159763
-0.0166212
-0.0172087
-0.017869
-0.0184903
-0.019212
-0.0199139
-0.0206464
-0.0214819
-0.0222309
-0.0232256
-0.0238516
-0.0243812
0.0064824
0.00614895
0.00431684
0.00153148
-0.000965839
-0.002575
-0.00366537
-0.00435315
-0.00468637
-0.00495227
-0.00531153
-0.00571157
-0.00610496
-0.00649706
-0.00687634
-0.00721027
-0.00756131
-0.00791127
-0.00821087
-0.00850971
-0.00885231
-0.00916826
-0.00949361
-0.0098441
-0.0102066
-0.0105702
-0.01094
-0.0112643
-0.0115706
-0.0119858
-0.0124455
-0.0129001
-0.0133151
-0.0137927
-0.0142791
-0.0148134
-0.0153831
-0.0159745
-0.0166184
-0.0172062
-0.0178673
-0.0184889
-0.0192104
-0.0199126
-0.0206452
-0.021481
-0.0222299
-0.0232255
-0.0238522
-0.0243798
0.00631854
0.00604474
0.00428719
0.00159141
-0.00088509
-0.00252269
-0.00365096
-0.00436784
-0.004702
-0.00495092
-0.00529644
-0.00569208
-0.00608659
-0.00648118
-0.00686199
-0.00719784
-0.00755141
-0.00790336
-0.00820477
-0.00850517
-0.0088487
-0.00916506
-0.00949059
-0.00984098
-0.0102029
-0.0105652
-0.0109341
-0.0112612
-0.0115712
-0.0119853
-0.0124422
-0.0128974
-0.0133144
-0.0137926
-0.0142787
-0.0148129
-0.0153822
-0.0159727
-0.0166156
-0.0172037
-0.0178656
-0.0184873
-0.0192088
-0.0199112
-0.0206439
-0.0214801
-0.0222288
-0.0232254
-0.0238528
-0.0243784
0.00615344
0.00594088
0.00425203
0.00164224
-0.00081266
-0.00247377
-0.00363259
-0.00437824
-0.00471812
-0.00495331
-0.00528449
-0.00567345
-0.00606746
-0.00646425
-0.00684694
-0.00718509
-0.00754146
-0.00789553
-0.00819866
-0.00850044
-0.00884485
-0.00916167
-0.00948748
-0.00983783
-0.0101991
-0.0105601
-0.0109281
-0.0112579
-0.0115717
-0.0119847
-0.0124389
-0.0128947
-0.0133136
-0.0137923
-0.0142782
-0.0148125
-0.0153812
-0.0159707
-0.0166127
-0.017201
-0.0178638
-0.0184857
-0.0192072
-0.0199097
-0.0206425
-0.0214792
-0.0222277
-0.0232253
-0.0238534
-0.0243769
0.00598906
0.00583859
0.00421115
0.00168286
-0.00074751
-0.00242704
-0.00361151
-0.00438605
-0.00473615
-0.0049596
-0.00527491
-0.00565496
-0.00604748
-0.00644645
-0.00683143
-0.0071723
-0.00753156
-0.00788758
-0.00819225
-0.00849542
-0.00884094
-0.00915833
-0.00948434
-0.00983458
-0.0101952
-0.0105549
-0.0109221
-0.0112546
-0.011572
-0.011984
-0.0124357
-0.012892
-0.0133127
-0.0137921
-0.0142777
-0.0148119
-0.0153802
-0.0159687
-0.0166097
-0.0171983
-0.0178619
-0.0184841
-0.0192054
-0.0199082
-0.0206411
-0.0214783
-0.0222265
-0.0232252
-0.0238541
-0.0243755
0.00582352
0.00573624
0.00416317
0.00171432
-0.000688351
-0.00238392
-0.00359053
-0.00439177
-0.00475409
-0.00496796
-0.00526753
-0.00563765
-0.00602758
-0.00642814
-0.00681543
-0.00715916
-0.00752132
-0.00787941
-0.00818582
-0.00849049
-0.00883706
-0.00915488
-0.00948101
-0.00983119
-0.0101912
-0.0105496
-0.0109161
-0.0112513
-0.0115722
-0.0119832
-0.0124324
-0.0128893
-0.0133118
-0.0137917
-0.0142771
-0.0148114
-0.0153791
-0.0159667
-0.0166067
-0.0171956
-0.01786
-0.0184823
-0.0192036
-0.0199066
-0.0206397
-0.0214773
-0.0222253
-0.0232252
-0.0238549
-0.024374
0.00565386
0.00563395
0.00410942
0.00173684
-0.000636388
-0.00234579
-0.00356966
-0.0043939
-0.0047709
-0.00497896
-0.00526352
-0.00562208
-0.00600776
-0.00640915
-0.00679858
-0.00714535
-0.00751092
-0.00787147
-0.00817956
-0.0084854
-0.00883292
-0.00915128
-0.00947762
-0.00982773
-0.0101871
-0.0105443
-0.01091
-0.0112478
-0.0115723
-0.0119824
-0.0124291
-0.0128865
-0.0133107
-0.0137913
-0.0142765
-0.0148108
-0.0153779
-0.0159645
-0.0166036
-0.0171927
-0.017858
-0.0184805
-0.0192017
-0.019905
-0.0206381
-0.0214764
-0.0222241
-0.0232251
-0.0238558
-0.0243725
0.00547937
0.00553137
0.00404992
0.0017495
-0.000591526
-0.0023116
-0.003549
-0.00439375
-0.00478756
-0.00499263
-0.00526233
-0.00560794
-0.00598811
-0.00638955
-0.00678094
-0.00713117
-0.00750059
-0.0078636
-0.0081731
-0.00848007
-0.00882872
-0.00914771
-0.00947415
-0.00982413
-0.0101829
-0.0105389
-0.0109038
-0.0112442
-0.0115722
-0.0119815
-0.0124258
-0.0128837
-0.0133096
-0.0137908
-0.0142758
-0.0148101
-0.0153766
-0.0159623
-0.0166005
-0.0171898
-0.0178559
-0.0184787
-0.0191998
-0.0199033
-0.0206365
-0.0214753
-0.0222227
-0.0232251
-0.0238568
-0.024371
0.00529551
0.00542802
0.0039853
0.00175212
-0.000553499
-0.00228147
-0.00353033
-0.00439268
-0.00480333
-0.00500757
-0.00526366
-0.00559568
-0.00596908
-0.00636981
-0.00676296
-0.00711656
-0.0074898
-0.00785546
-0.00816667
-0.00847482
-0.00882451
-0.00914401
-0.00947053
-0.00982041
-0.0101786
-0.0105335
-0.0108977
-0.0112406
-0.011572
-0.0119804
-0.0124225
-0.0128808
-0.0133083
-0.0137902
-0.0142751
-0.0148093
-0.0153752
-0.01596
-0.0165973
-0.0171868
-0.0178537
-0.0184767
-0.0191978
-0.0199016
-0.0206349
-0.0214743
-0.0222214
-0.0232251
-0.0238578
-0.0243695
0.00510512
0.0053238
0.00391564
0.00174482
-0.000522376
-0.00225574
-0.00351415
-0.00439052
-0.00481759
-0.0050238
-0.00526795
-0.00558556
-0.00595096
-0.00635034
-0.00674442
-0.00710093
-0.00747844
-0.00784745
-0.0081605
-0.00846951
-0.0088201
-0.00914023
-0.00946687
-0.00981659
-0.0101742
-0.010528
-0.0108915
-0.0112369
-0.0115715
-0.0119793
-0.0124191
-0.012878
-0.013307
-0.0137896
-0.0142743
-0.0148085
-0.0153737
-0.0159576
-0.016594
-0.0171837
-0.0178514
-0.0184747
-0.0191957
-0.0198998
-0.0206331
-0.0214732
-0.02222
-0.023225
-0.0238588
-0.024368
0.00490863
0.00521617
0.00384228
0.00172844
-0.000498741
-0.00223446
-0.00350044
-0.00438823
-0.00483097
-0.00504089
-0.00527471
-0.00557769
-0.00593396
-0.00633106
-0.00672529
-0.00708457
-0.00746689
-0.0078395
-0.00815426
-0.00846411
-0.00881568
-0.00913646
-0.0094631
-0.00981261
-0.0101696
-0.0105224
-0.0108852
-0.011233
-0.0115709
-0.0119782
-0.0124158
-0.0128751
-0.0133056
-0.0137888
-0.0142734
-0.0148076
-0.0153722
-0.0159552
-0.0165906
-0.0171806
-0.017849
-0.0184726
-0.0191935
-0.019898
-0.0206313
-0.0214721
-0.0222186
-0.023225
-0.02386
-0.0243665
0.00470335
0.00510554
0.00376677
0.0017024
-0.000483715
-0.0022176
-0.00348951
-0.0043867
-0.00484335
-0.0050582
-0.00528406
-0.00557245
-0.00591803
-0.00631216
-0.00670627
-0.00706773
-0.0074546
-0.00783125
-0.00814815
-0.00845882
-0.00881125
-0.00913261
-0.00945923
-0.00980847
-0.010165
-0.0105168
-0.010879
-0.0112291
-0.0115701
-0.0119768
-0.0124125
-0.0128721
-0.013304
-0.0137879
-0.0142724
-0.0148066
-0.0153705
-0.0159526
-0.0165872
-0.0171773
-0.0178465
-0.0184704
-0.0191913
-0.0198961
-0.0206295
-0.021471
-0.0222171
-0.023225
-0.0238612
-0.024365
0.00449331
0.00499135
0.00368845
0.00166702
-0.000477062
-0.00220502
-0.00348135
-0.00438643
-0.00485548
-0.00507598
-0.00529564
-0.00556943
-0.00590324
-0.00629411
-0.00668758
-0.00705017
-0.00744144
-0.00782288
-0.00814228
-0.00845355
-0.00880666
-0.00912873
-0.00945534
-0.00980423
-0.0101602
-0.0105111
-0.0108727
-0.0112251
-0.0115691
-0.0119754
-0.0124091
-0.0128692
-0.0133023
-0.0137869
-0.0142714
-0.0148056
-0.0153688
-0.01595
-0.0165837
-0.017174
-0.017844
-0.0184681
-0.019189
-0.0198941
-0.0206275
-0.0214698
-0.0222156
-0.0232249
-0.0238624
-0.0243634
0.00428028
0.00487215
0.0036082
0.00162385
-0.000479227
-0.00219748
-0.00347623
-0.00438831
-0.00486799
-0.00509342
-0.00530862
-0.00556899
-0.00589023
-0.00627704
-0.00666927
-0.00703211
-0.00742759
-0.00781415
-0.00813638
-0.0084484
-0.00880215
-0.00912482
-0.0094514
-0.00979987
-0.0101552
-0.0105053
-0.0108664
-0.0112209
-0.011568
-0.0119739
-0.0124058
-0.0128661
-0.0133006
-0.0137859
-0.0142702
-0.0148044
-0.0153669
-0.0159473
-0.0165802
-0.0171705
-0.0178413
-0.0184657
-0.0191865
-0.0198921
-0.0206255
-0.0214685
-0.0222141
-0.0232248
-0.0238637
-0.0243619
0.00406506
0.00474807
0.00352641
0.00157338
-0.000490762
-0.00219566
-0.00347423
-0.00439224
-0.00488092
-0.00511042
-0.00532322
-0.00557166
-0.00587892
-0.0062606
-0.0066516
-0.00701389
-0.00741288
-0.007805
-0.00813059
-0.0084434
-0.00879768
-0.00912087
-0.00944737
-0.00979536
-0.0101501
-0.0104995
-0.01086
-0.0112167
-0.0115666
-0.0119722
-0.0124024
-0.0128631
-0.0132986
-0.0137847
-0.014269
-0.0148032
-0.0153649
-0.0159445
-0.0165765
-0.017167
-0.0178386
-0.0184632
-0.019184
-0.01989
-0.0206234
-0.0214672
-0.0222125
-0.0232248
-0.0238651
-0.0243605
0.00384904
0.00461865
0.00344266
0.00151671
-0.000511681
-0.00220023
-0.00347526
-0.0043983
-0.00489526
-0.00512758
-0.00533904
-0.00557693
-0.00586914
-0.00624493
-0.00663509
-0.00699594
-0.00739731
-0.00779531
-0.00812486
-0.0084384
-0.00879315
-0.00911704
-0.00944338
-0.00979071
-0.0101448
-0.0104936
-0.0108536
-0.0112123
-0.0115649
-0.0119705
-0.012399
-0.01286
-0.0132966
-0.0137834
-0.0142677
-0.0148018
-0.0153628
-0.0159416
-0.0165728
-0.0171634
-0.0178357
-0.0184606
-0.0191814
-0.0198878
-0.0206212
-0.0214659
-0.022211
-0.0232247
-0.0238665
-0.024359
0.00363293
0.00448334
0.00335648
0.00145471
-0.000542008
-0.00221196
-0.00347948
-0.00440648
-0.00491171
-0.00514516
-0.0053554
-0.00558459
-0.00586157
-0.00623053
-0.00661967
-0.00697826
-0.00738096
-0.00778485
-0.00811907
-0.00843367
-0.0087887
-0.00911317
-0.00943944
-0.00978597
-0.0101393
-0.0104876
-0.0108473
-0.0112078
-0.0115631
-0.0119686
-0.0123957
-0.0128569
-0.0132944
-0.0137819
-0.0142662
-0.0148004
-0.0153606
-0.0159385
-0.016569
-0.0171596
-0.0178327
-0.0184579
-0.0191788
-0.0198856
-0.020619
-0.0214645
-0.0222094
-0.0232245
-0.0238679
-0.0243575
0.00341663
0.00434182
0.00326721
0.00138858
-0.000580974
-0.00223173
-0.00348733
-0.00441672
-0.00493098
-0.00516343
-0.00537181
-0.00559482
-0.00585653
-0.00621697
-0.00660514
-0.00696135
-0.00736424
-0.00777373
-0.00811314
-0.00842911
-0.00878432
-0.00910922
-0.00943546
-0.00978122
-0.0101337
-0.0104815
-0.0108409
-0.0112031
-0.011561
-0.0119665
-0.0123922
-0.0128537
-0.0132921
-0.0137803
-0.0142646
-0.0147987
-0.0153582
-0.0159354
-0.0165651
-0.0171558
-0.0178297
-0.018455
-0.019176
-0.0198832
-0.0206166
-0.0214631
-0.0222077
-0.0232244
-0.0238694
-0.0243561
0.00320039
0.00419428
0.00317421
0.00131876
-0.000627882
-0.00225996
-0.0034999
-0.00442903
-0.00495272
-0.00518276
-0.00538859
-0.00560751
-0.00585378
-0.00620434
-0.006592
-0.0069456
-0.00734717
-0.00776179
-0.00810689
-0.00842451
-0.00878007
-0.0091055
-0.00943149
-0.00977628
-0.0101281
-0.0104753
-0.0108344
-0.0111984
-0.0115587
-0.0119643
-0.0123888
-0.0128504
-0.0132896
-0.0137786
-0.0142629
-0.014797
-0.0153557
-0.0159322
-0.0165612
-0.0171518
-0.0178265
-0.0184521
-0.0191731
-0.0198808
-0.0206142
-0.0214616
-0.0222061
-0.0232242
-0.0238708
-0.0243547
0.0029851
0.00404121
0.00307623
0.00124524
-0.000681315
-0.00229722
-0.00351841
-0.00444286
-0.004977
-0.00520448
-0.00540568
-0.00562193
-0.0058537
-0.00619303
-0.00657988
-0.00693093
-0.00733022
-0.00774913
-0.00810022
-0.00842007
-0.00877593
-0.0091018
-0.00942766
-0.00977127
-0.0101221
-0.0104691
-0.010828
-0.0111934
-0.0115561
-0.011962
-0.0123853
-0.0128471
-0.013287
-0.0137766
-0.0142611
-0.0147951
-0.015353
-0.0159288
-0.0165571
-0.0171478
-0.0178232
-0.018449
-0.0191702
-0.0198783
-0.0206118
-0.02146
-0.0222044
-0.023224
-0.0238723
-0.0243533
0.00277118
0.00388239
0.00297251
0.00116847
-0.000740388
-0.00234386
-0.00354353
-0.00445829
-0.00500429
-0.00522899
-0.00542265
-0.0056379
-0.00585661
-0.00618303
-0.00656874
-0.00691763
-0.0073138
-0.00773597
-0.00809296
-0.00841562
-0.00877191
-0.00909802
-0.00942396
-0.00976645
-0.0101159
-0.0104626
-0.0108216
-0.0111884
-0.0115532
-0.0119594
-0.0123818
-0.0128437
-0.0132843
-0.0137746
-0.0142591
-0.0147931
-0.0153503
-0.0159253
-0.016553
-0.0171436
-0.0178198
-0.0184458
-0.0191671
-0.0198757
-0.0206092
-0.0214584
-0.0222027
-0.0232238
-0.0238737
-0.024352
0.00255933
0.00371878
0.00286282
0.00108733
-0.000804325
-0.00239886
-0.00357675
-0.00447585
-0.00503368
-0.00525697
-0.00544016
-0.00565506
-0.00586247
-0.0061746
-0.0065588
-0.0069057
-0.00729784
-0.00772259
-0.00808524
-0.00841085
-0.00876806
-0.00909446
-0.00942016
-0.00976153
-0.0101099
-0.0104561
-0.0108149
-0.0111833
-0.0115502
-0.0119568
-0.0123782
-0.0128402
-0.0132814
-0.0137723
-0.014257
-0.0147909
-0.0153473
-0.0159218
-0.0165487
-0.0171393
-0.0178163
-0.0184425
-0.019164
-0.019873
-0.0206066
-0.0214567
-0.022201
-0.0232235
-0.0238752
-0.0243506
0.00235088
0.00355152
0.00274654
0.0010005
-0.000871861
-0.00246115
-0.00361971
-0.00449629
-0.0050645
-0.00528909
-0.00545878
-0.00567294
-0.00587132
-0.00616789
-0.0065498
-0.00689524
-0.00728276
-0.00770914
-0.00807703
-0.00840589
-0.00876435
-0.00909094
-0.00941639
-0.00975657
-0.0101037
-0.0104497
-0.0108084
-0.0111779
-0.0115468
-0.011954
-0.0123746
-0.0128366
-0.0132783
-0.0137699
-0.0142548
-0.0147886
-0.0153442
-0.015918
-0.0165445
-0.0171349
-0.0178126
-0.018439
-0.0191607
-0.0198702
-0.0206038
-0.0214549
-0.0221992
-0.0232231
-0.0238766
-0.0243493
0.00214593
0.00338075
0.00262404
0.000907281
-0.000943487
-0.00252945
-0.00367317
-0.00452093
-0.00509598
-0.00532534
-0.00547939
-0.00569123
-0.00588288
-0.00616319
-0.00654198
-0.00688642
-0.00726861
-0.00769582
-0.00806841
-0.00840059
-0.00876081
-0.00908746
-0.00941259
-0.00975173
-0.0100973
-0.010443
-0.0108019
-0.0111724
-0.011543
-0.0119509
-0.012371
-0.0128331
-0.013275
-0.0137673
-0.0142524
-0.0147861
-0.0153409
-0.0159141
-0.01654
-0.0171304
-0.0178089
-0.0184354
-0.0191573
-0.0198674
-0.020601
-0.0214531
-0.0221974
-0.0232227
-0.023878
-0.0243481
0.00194478
0.0032072
0.00249557
0.000806889
-0.00102006
-0.00260223
-0.00373706
-0.00455133
-0.0051277
-0.00536579
-0.00550276
-0.00570978
-0.00589717
-0.0061607
-0.00653515
-0.00687928
-0.00725552
-0.00768298
-0.00805974
-0.00839449
-0.00875726
-0.00908452
-0.00940868
-0.0097467
-0.0100911
-0.0104362
-0.0107952
-0.011167
-0.0115392
-0.0119476
-0.0123671
-0.0128294
-0.0132717
-0.0137646
-0.0142498
-0.0147833
-0.0153375
-0.0159101
-0.0165354
-0.0171256
-0.017805
-0.0184316
-0.0191538
-0.0198643
-0.0205981
-0.0214512
-0.0221956
-0.0232223
-0.0238793
-0.0243469
0.00174768
0.00303106
0.00236124
0.00069905
-0.00110255
-0.0026782
-0.00381072
-0.00458964
-0.00515989
-0.00540961
-0.00552961
-0.00572885
-0.00591409
-0.00616061
-0.00652895
-0.00687375
-0.00724401
-0.00767082
-0.00805119
-0.00838777
-0.00875325
-0.00908188
-0.00940505
-0.00974155
-0.0100847
-0.0104295
-0.0107885
-0.0111612
-0.0115351
-0.0119443
-0.0123632
-0.0128254
-0.0132681
-0.0137616
-0.0142471
-0.0147804
-0.0153338
-0.0159059
-0.0165308
-0.0171209
-0.0178009
-0.0184277
-0.0191502
-0.0198613
-0.0205951
-0.0214492
-0.0221937
-0.0232218
-0.0238806
-0.0243457
0.00155354
0.00285229
0.00222133
0.000583783
-0.00119288
-0.0027564
-0.00389305
-0.00463818
-0.00519248
-0.00545606
-0.00556099
-0.00574811
-0.00593281
-0.0061637
-0.00652406
-0.00686965
-0.00723367
-0.00765924
-0.00804335
-0.00838087
-0.00874872
-0.00907917
-0.00940141
-0.00973653
-0.0100785
-0.0104226
-0.0107817
-0.0111553
-0.0115306
-0.0119407
-0.0123594
-0.0128215
-0.0132642
-0.0137583
-0.0142442
-0.0147774
-0.0153301
-0.0159016
-0.016526
-0.0171159
-0.0177968
-0.0184236
-0.0191465
-0.0198581
-0.0205921
-0.0214472
-0.0221918
-0.0232212
-0.0238818
-0.0243445
0.00136104
0.00267102
0.0020751
0.000461697
-0.00129211
-0.00283729
-0.00398178
-0.00469833
-0.00522677
-0.00550409
-0.00559747
-0.00576836
-0.00595282
-0.00616962
-0.00652074
-0.00686753
-0.0072248
-0.00764787
-0.00803618
-0.00837409
-0.00874367
-0.00907669
-0.0093977
-0.00973103
-0.0100724
-0.010416
-0.0107747
-0.0111493
-0.011526
-0.0119368
-0.0123552
-0.0128176
-0.0132604
-0.0137548
-0.0142409
-0.014774
-0.0153261
-0.0158971
-0.0165212
-0.0171108
-0.0177925
-0.0184193
-0.0191426
-0.0198548
-0.0205888
-0.0214451
-0.0221899
-0.0232206
-0.0238829
-0.0243434
0.00116901
0.00248696
0.00192179
0.00033369
-0.00140114
-0.00292255
-0.00407444
-0.00477055
-0.00526508
-0.00555241
-0.00563871
-0.00579093
-0.00597442
-0.00617793
-0.00651812
-0.00686716
-0.00721861
-0.00763745
-0.00802927
-0.00836727
-0.00873788
-0.00907431
-0.00939463
-0.00972517
-0.0100658
-0.0104095
-0.0107681
-0.0111431
-0.0115211
-0.0119328
-0.0123508
-0.0128132
-0.0132563
-0.0137513
-0.0142377
-0.0147704
-0.0153218
-0.0158924
-0.0165161
-0.0171057
-0.0177881
-0.0184149
-0.0191387
-0.0198514
-0.0205855
-0.0214428
-0.0221879
-0.02322
-0.023884
-0.0243422
0.000976336
0.00230053
0.00176069
0.000200047
-0.00152021
-0.00301411
-0.00416903
-0.00485455
-0.00530936
-0.00560076
-0.00568466
-0.00581576
-0.00599737
-0.00618964
-0.00651688
-0.00686752
-0.00721419
-0.00762849
-0.00802361
-0.00836088
-0.00873108
-0.00907125
-0.00939187
-0.00971969
-0.0100592
-0.0104026
-0.0107611
-0.0111372
-0.0115162
-0.0119284
-0.0123463
-0.0128089
-0.0132518
-0.0137473
-0.0142342
-0.0147668
-0.0153175
-0.0158874
-0.0165109
-0.0171002
-0.0177835
-0.0184104
-0.0191345
-0.0198479
-0.0205821
-0.0214405
-0.0221858
-0.0232191
-0.023885
-0.0243411
0.00078174
0.00211243
0.00159102
6.00809e-05
-0.0016481
-0.00311438
-0.00426483
-0.00494865
-0.00536199
-0.00564883
-0.00573477
-0.00584367
-0.00602117
-0.00620432
-0.0065178
-0.00686959
-0.00721136
-0.00761983
-0.00801887
-0.00835617
-0.00872412
-0.00906721
-0.00938889
-0.00971388
-0.0100527
-0.0103964
-0.0107541
-0.0111306
-0.0115111
-0.011924
-0.0123416
-0.0128044
-0.0132474
-0.013743
-0.0142302
-0.0147628
-0.0153132
-0.0158826
-0.0165056
-0.0170946
-0.0177786
-0.0184055
-0.0191303
-0.0198443
-0.0205786
-0.0214382
-0.0221837
-0.0232182
-0.0238858
-0.02434
0.000583359
0.00192259
0.00141275
-8.70235e-05
-0.00178364
-0.0032254
-0.00436242
-0.00505056
-0.00542502
-0.00569711
-0.0057874
-0.00587537
-0.0060467
-0.00622175
-0.00651998
-0.00687343
-0.00721159
-0.00761221
-0.00801381
-0.00835202
-0.00871765
-0.00906291
-0.00938611
-0.00970807
-0.0100452
-0.0103897
-0.0107477
-0.0111244
-0.0115054
-0.0119192
-0.0123368
-0.0127997
-0.0132426
-0.0137387
-0.0142262
-0.0147584
-0.0153082
-0.0158773
-0.0165003
-0.0170891
-0.0177737
-0.0184005
-0.0191258
-0.0198405
-0.0205749
-0.0214357
-0.0221815
-0.0232173
-0.0238865
-0.0243388
0.000378968
0.00173081
0.00122657
-0.000243057
-0.00192585
-0.00334795
-0.00446305
-0.00515809
-0.00549969
-0.00574677
-0.00584176
-0.00591025
-0.00607324
-0.00624299
-0.00652459
-0.00687816
-0.00721421
-0.00760673
-0.00800981
-0.00834799
-0.00871033
-0.0090577
-0.00938354
-0.00970322
-0.0100381
-0.0103824
-0.0107407
-0.0111183
-0.0115001
-0.0119141
-0.0123315
-0.0127948
-0.0132377
-0.013734
-0.0142219
-0.0147541
-0.0153033
-0.0158716
-0.0164944
-0.0170833
-0.0177688
-0.0183956
-0.0191213
-0.0198366
-0.020571
-0.0214331
-0.0221792
-0.0232161
-0.0238871
-0.0243377
0.000167864
0.00153652
0.00103386
-0.000409936
-0.0020747
-0.00348175
-0.00456919
-0.00526878
-0.00558618
-0.00579997
-0.00589731
-0.00594886
-0.00609994
-0.0062667
-0.00653202
-0.00688456
-0.00721946
-0.00760275
-0.00800699
-0.00834578
-0.00870315
-0.00905044
-0.00937952
-0.00969868
-0.0100314
-0.0103756
-0.0107342
-0.0111118
-0.0114941
-0.011909
-0.0123262
-0.0127895
-0.0132324
-0.0137291
-0.0142172
-0.0147493
-0.0152983
-0.0158661
-0.0164886
-0.0170771
-0.0177632
-0.0183902
-0.0191167
-0.0198328
-0.0205672
-0.0214304
-0.0221768
-0.0232148
-0.0238875
-0.0243365
-5.14823e-05
0.00133755
0.000835876
-0.000588418
-0.00223101
-0.00362631
-0.00468321
-0.00538069
-0.00568274
-0.00585895
-0.00595376
-0.00599142
-0.00612797
-0.00629279
-0.00654161
-0.00689158
-0.00722764
-0.00760093
-0.00800468
-0.00834471
-0.00869743
-0.00904322
-0.00937397
-0.00969324
-0.0100244
-0.0103679
-0.0107283
-0.0111066
-0.011488
-0.0119031
-0.0123205
-0.0127841
-0.0132268
-0.0137238
-0.0142123
-0.0147443
-0.0152929
-0.0158602
-0.0164829
-0.0170713
-0.0177578
-0.0183845
-0.0191115
-0.0198285
-0.0205632
-0.0214278
-0.0221745
-0.0232136
-0.0238878
-0.0243351
-0.000279794
0.00113083
0.000632673
-0.00077873
-0.00239621
-0.00378099
-0.00480795
-0.00549345
-0.00578702
-0.0059244
-0.00601056
-0.00603796
-0.0061575
-0.00632148
-0.00655538
-0.00689921
-0.00723727
-0.00760112
-0.00800331
-0.0083443
-0.00869163
-0.00903604
-0.00936873
-0.00968846
-0.0100177
-0.010359
-0.0107207
-0.0111012
-0.0114827
-0.0118977
-0.0123147
-0.0127783
-0.0132211
-0.0137183
-0.0142069
-0.0147389
-0.0152874
-0.0158539
-0.0164765
-0.0170649
-0.0177523
-0.0183792
-0.0191067
-0.0198243
-0.0205587
-0.0214247
-0.0221719
-0.0232121
-0.023888
-0.0243339
-0.000515267
0.000914292
0.000422589
-0.000980757
-0.002572
-0.00394428
-0.0049446
-0.00560888
-0.00589663
-0.00599703
-0.00606681
-0.00608739
-0.00618947
-0.0063524
-0.00657409
-0.00690886
-0.00724907
-0.007603
-0.00800183
-0.00834486
-0.00868622
-0.0090275
-0.00936177
-0.0096838
-0.0100129
-0.0103511
-0.0107133
-0.0110954
-0.0114758
-0.0118911
-0.0123089
-0.0127725
-0.0132151
-0.0137127
-0.0142015
-0.0147333
-0.0152816
-0.0158474
-0.0164701
-0.0170583
-0.017746
-0.0183731
-0.0191015
-0.0198202
-0.0205548
-0.0214218
-0.0221693
-0.0232102
-0.0238877
-0.0243324
-0.000759012
0.000685917
0.000203315
-0.00119489
-0.00276105
-0.00411629
-0.0050928
-0.00572843
-0.00600925
-0.00607691
-0.00612318
-0.00613762
-0.00622292
-0.00638503
-0.00659868
-0.00692124
-0.0072634
-0.0076083
-0.00800043
-0.00834528
-0.00868101
-0.00901878
-0.00935386
-0.00967719
-0.0100076
-0.0103436
-0.0107062
-0.0110912
-0.0114704
-0.011884
-0.0123015
-0.0127658
-0.0132086
-0.0137065
-0.0141956
-0.0147277
-0.0152759
-0.0158408
-0.0164637
-0.0170518
-0.01774
-0.0183669
-0.0190958
-0.0198153
-0.0205501
-0.0214188
-0.0221668
-0.0232086
-0.0238875
-0.0243308
-0.00101358
0.000443065
-2.80987e-05
-0.00142111
-0.00296503
-0.00429833
-0.00525248
-0.00585366
-0.00612266
-0.00616362
-0.00618115
-0.0061891
-0.00625833
-0.00641675
-0.00662743
-0.00693699
-0.00727968
-0.00761753
-0.00800061
-0.00834652
-0.00867595
-0.00900853
-0.00934538
-0.00967077
-0.0100022
-0.0103355
-0.0106975
-0.0110857
-0.0114655
-0.0118783
-0.0122952
-0.0127592
-0.0132019
-0.0136998
-0.0141889
-0.0147212
-0.0152696
-0.0158338
-0.016457
-0.0170451
-0.0177337
-0.0183609
-0.0190905
-0.0198108
-0.0205453
-0.0214152
-0.0221637
-0.0232063
-0.0238868
-0.0243294
-0.00128074
0.000182949
-0.000276434
-0.00166156
-0.00318468
-0.00449108
-0.0054219
-0.00598566
-0.00623485
-0.00625383
-0.00624105
-0.00624149
-0.00629872
-0.00645042
-0.00665978
-0.00695554
-0.00729649
-0.00762947
-0.00800129
-0.00834787
-0.00867312
-0.00899868
-0.00933562
-0.00966312
-0.00999679
-0.0103287
-0.0106892
-0.0110793
-0.0114592
-0.0118708
-0.0122875
-0.0127526
-0.0131956
-0.0136936
-0.0141826
-0.0147151
-0.0152632
-0.0158263
-0.0164499
-0.017038
-0.017727
-0.0183544
-0.0190846
-0.0198061
-0.0205408
-0.0214122
-0.0221609
-0.023204
-0.0238856
-0.0243263
-0.0015628
-9.67983e-05
-0.000545765
-0.00192002
-0.00342307
-0.00469745
-0.00560029
-0.00612462
-0.00634526
-0.00634429
-0.00630212
-0.00629261
-0.00634184
-0.00648644
-0.00669697
-0.00697979
-0.00731424
-0.00764326
-0.00800248
-0.00834679
-0.00866974
-0.00898926
-0.00932678
-0.00965638
-0.00999098
-0.0103221
-0.0106812
-0.0110727
-0.0114538
-0.011864
-0.0122784
-0.0127436
-0.0131877
-0.0136861
-0.0141753
-0.0147084
-0.015257
-0.0158193
-0.0164432
-0.0170312
-0.0177206
-0.0183483
-0.019079
-0.0198014
-0.020536
-0.0214087
-0.0221583
-0.0232021
-0.0238855
-0.0243262
-0.00186608
-0.000400238
-0.00083872
-0.00219775
-0.00367923
-0.00491797
-0.00578638
-0.00626933
-0.00645363
-0.00643358
-0.00636676
-0.00634508
-0.00638926
-0.0065259
-0.0067366
-0.00700934
-0.00733453
-0.00765903
-0.00800539
-0.00834455
-0.00866595
-0.00897893
-0.0093157
-0.00964939
-0.00998643
-0.0103173
-0.0106745
-0.0110657
-0.011448
-0.0118576
-0.0122703
-0.0127354
-0.0131797
-0.0136776
-0.0141664
-0.0146997
-0.0152481
-0.0158096
-0.0164342
-0.0170224
-0.017712
-0.0183401
-0.0190717
-0.0197954
-0.0205302
-0.0214042
-0.0221539
-0.0231981
-0.0238824
-0.0243209
-0.00220727
-0.000744086
-0.00116895
-0.00250356
-0.00395457
-0.00514974
-0.0059731
-0.00640981
-0.00655275
-0.0065127
-0.00642885
-0.00639706
-0.00643958
-0.00657053
-0.00677936
-0.00704267
-0.00735548
-0.00767402
-0.00800852
-0.00834008
-0.0086619
-0.00897104
-0.0093055
-0.00964192
-0.00998095
-0.0103131
-0.0106695
-0.0110596
-0.0114434
-0.0118529
-0.0122628
-0.0127284
-0.0131748
-0.0136727
-0.0141616
-0.0146956
-0.0152441
-0.0158045
-0.0164293
-0.0170172
-0.017707
-0.0183353
-0.0190672
-0.0197918
-0.0205266
-0.0214019
-0.0221526
-0.0231972
-0.0238829
-0.0243218
-0.00257818
-0.00113676
-0.00156215
-0.00287241
-0.00427755
-0.00541038
-0.0061688
-0.00654779
-0.00664331
-0.00658039
-0.00648433
-0.0064453
-0.00648857
-0.00661578
-0.00682171
-0.007077
-0.00737461
-0.0076829
-0.00800585
-0.00832762
-0.0086496
-0.00895723
-0.00928927
-0.00962968
-0.00997109
-0.0103033
-0.0106583
-0.0110463
-0.0114319
-0.0118429
-0.01225
-0.0127147
-0.013162
-0.0136599
-0.0141485
-0.014683
-0.0152317
-0.0157917
-0.0164176
-0.0170057
-0.0176959
-0.0183252
-0.0190579
-0.019784
-0.020519
-0.0213956
-0.0221465
-0.0231915
-0.0238781
-0.0243147
-0.00292162
-0.00153333
-0.00198339
-0.00328151
-0.00463759
-0.00569939
-0.00638072
-0.00669543
-0.00674602
-0.00666386
-0.00656512
-0.00652584
-0.00656968
-0.0066918
-0.00688856
-0.00713182
-0.00741158
-0.00770617
-0.00801823
-0.00832927
-0.00865149
-0.00895909
-0.00928599
-0.00962804
-0.00997243
-0.0103057
-0.0106599
-0.0110442
-0.0114302
-0.0118422
-0.0122463
-0.0127108
-0.0131599
-0.0136572
-0.0141455
-0.0146802
-0.0152287
-0.0157875
-0.0164135
-0.0170013
-0.0176917
-0.018321
-0.0190539
-0.0197809
-0.0205162
-0.0213941
-0.0221457
-0.0231906
-0.0238781
-0.0243149
-0.00339205
-0.00200138
-0.00243144
-0.00367141
-0.00494098
-0.00590738
-0.00649793
-0.00674687
-0.00676595
-0.00668016
-0.00659565
-0.00657009
-0.00661993
-0.00674016
-0.00692732
-0.00715739
-0.00741959
-0.00769909
-0.0080033
-0.00830616
-0.00862902
-0.00894143
-0.00926578
-0.00960972
-0.00995678
-0.0102906
-0.0106449
-0.0110268
-0.011414
-0.0118292
-0.0122308
-0.0126938
-0.0131444
-0.0136427
-0.0141313
-0.0146663
-0.0152153
-0.0157743
-0.0164014
-0.0169893
-0.0176801
-0.0183106
-0.0190443
-0.0197728
-0.020508
-0.0213872
-0.0221393
-0.0231847
-0.023873
-0.0243081
-0.00425442
-0.00295416
-0.00331571
-0.00438381
-0.00545208
-0.0062407
-0.00668605
-0.00684482
-0.00683428
-0.00675591
-0.00669317
-0.00668196
-0.00672817
-0.00683563
-0.00700308
-0.00721245
-0.00745635
-0.00771858
-0.00801358
-0.00830842
-0.00862905
-0.00894482
-0.0092653
-0.00960799
-0.00995904
-0.010294
-0.0106462
-0.0110237
-0.0114097
-0.0118264
-0.0122269
-0.0126889
-0.0131398
-0.0136375
-0.0141258
-0.0146604
-0.0152088
-0.015767
-0.0163945
-0.0169822
-0.0176735
-0.0183044
-0.0190383
-0.0197682
-0.020504
-0.0213844
-0.0221369
-0.0231817
-0.0238702
-0.0243042
-0.00418256
-0.00333853
-0.00387944
-0.0048687
-0.00575743
-0.00638457
-0.00672679
-0.00684936
-0.00685117
-0.0068029
-0.00676685
-0.00677006
-0.00681219
-0.00690608
-0.00705321
-0.00723855
-0.00746557
-0.00771381
-0.0080021
-0.00829394
-0.00861284
-0.00893444
-0.00925538
-0.00959431
-0.00994651
-0.0102835
-0.0106351
-0.0110111
-0.0113979
-0.0118164
-0.0122156
-0.0126758
-0.0131273
-0.0136265
-0.0141159
-0.0146501
-0.0151991
-0.0157578
-0.0163859
-0.0169733
-0.0176647
-0.0182965
-0.019031
-0.0197619
-0.0204979
-0.0213793
-0.0221328
-0.0231778
-0.0238679
-0.0243023
-0.00666948
-0.00527276
-0.00513212
-0.00550982
-0.00596336
-0.00634155
-0.00660789
-0.00676791
-0.00684801
-0.00686835
-0.00686753
-0.00687603
-0.006903
-0.00697437
-0.00709763
-0.00725861
-0.00747086
-0.00770801
-0.00798878
-0.00827918
-0.00859568
-0.00892017
-0.0092439
-0.00957972
-0.00993442
-0.0102756
-0.0106239
-0.0109966
-0.0113827
-0.0118019
-0.0122024
-0.012663
-0.013113
-0.0136119
-0.0141019
-0.0146349
-0.0151836
-0.0157422
-0.0163712
-0.0169592
-0.0176517
-0.0182845
-0.0190196
-0.0197526
-0.0204896
-0.0213728
-0.0221262
-0.0231706
-0.0238592
-0.0242897
-0.00849052
-0.00803836
-0.0072542
-0.00664209
-0.00633596
-0.00634188
-0.00652687
-0.00673098
-0.00688802
-0.00697897
-0.00701311
-0.00702489
-0.00703486
-0.00707874
-0.00717273
-0.00730412
-0.00749769
-0.00772414
-0.00799741
-0.00828703
-0.00860108
-0.00892655
-0.00925335
-0.00958196
-0.00993347
-0.0102781
-0.0106241
-0.0109948
-0.0113821
-0.0118005
-0.0122008
-0.0126603
-0.0131091
-0.0136095
-0.0141012
-0.014633
-0.0151816
-0.0157409
-0.0163698
-0.016957
-0.0176493
-0.0182828
-0.0190179
-0.0197513
-0.0204881
-0.0213714
-0.0221258
-0.0231697
-0.0238596
-0.024292
-0.00971064
-0.00791951
-0.0069423
-0.00648168
-0.00632332
-0.0063421
-0.0064789
-0.00666053
-0.00683292
-0.00696632
-0.00704073
-0.00707186
-0.00708264
-0.00710907
-0.00718288
-0.00729567
-0.00747553
-0.00769555
-0.00796232
-0.00825432
-0.00856925
-0.00889509
-0.00922882
-0.00955541
-0.00990635
-0.0102581
-0.0106008
-0.010969
-0.0113577
-0.0117754
-0.0121782
-0.0126402
-0.0130862
-0.0135858
-0.0140792
-0.0146091
-0.0151576
-0.0157175
-0.0163479
-0.0169362
-0.0176302
-0.018265
-0.0190011
-0.0197371
-0.0204754
-0.021361
-0.0221151
-0.0231584
-0.0238459
-0.0242726
-0.0106921
-0.00989833
-0.00868618
-0.00762342
-0.00690233
-0.00656715
-0.00655694
-0.00669933
-0.00687177
-0.00702618
-0.00712521
-0.00717054
-0.00718535
-0.00719965
-0.00725412
-0.00734839
-0.00751038
-0.00772034
-0.00797726
-0.00826611
-0.00858093
-0.00890289
-0.00924107
-0.00956403
-0.00990824
-0.0102646
-0.0106058
-0.0109705
-0.0113619
-0.0117777
-0.0121796
-0.0126427
-0.0130866
-0.0135866
-0.014082
-0.014611
-0.0151588
-0.0157194
-0.0163496
-0.0169371
-0.0176308
-0.0182661
-0.019002
-0.0197382
-0.0204764
-0.0213618
-0.0221165
-0.0231587
-0.0238468
-0.024276
-0.012133
-0.00971274
-0.00822477
-0.0073236
-0.00680065
-0.00656684
-0.00656899
-0.0066975
-0.00686108
-0.00701558
-0.00711962
-0.00716753
-0.00718482
-0.00719961
-0.00725031
-0.00734199
-0.00749882
-0.00770485
-0.00795718
-0.00824196
-0.00855671
-0.00887521
-0.00921349
-0.00953907
-0.00988031
-0.0102393
-0.0105814
-0.010943
-0.0113353
-0.0117519
-0.0121545
-0.0126206
-0.0130636
-0.0135608
-0.0140573
-0.0145852
-0.0151331
-0.0156935
-0.0163256
-0.0169148
-0.0176102
-0.0182472
-0.0189844
-0.0197232
-0.0204634
-0.0213511
-0.0221057
-0.0231468
-0.0238308
-0.0242531
)
;

boundaryField
{
    zeroGradientPlanes
    {
        type            zeroGradient;
    }
    inlet
    {
        type            zeroGradient;
    }
    plate
    {
        type            zeroGradient;
    }
    frontAndBack
    {
        type            empty;
    }
}


// ************************************************************************* //
