/*--------------------------------*- C++ -*----------------------------------*\
| =========                 |                                                 |
| \\      /  F ield         | OpenFOAM: The Open Source CFD Toolbox           |
|  \\    /   O peration     | Version:  v2012                                 |
|   \\  /    A nd           | Website:  www.openfoam.com                      |
|    \\/     M anipulation  |                                                 |
\*---------------------------------------------------------------------------*/
FoamFile
{
    version     2.0;
    format      ascii;
    class       volScalarField;
    location    "4.9";
    object      p;
}
// * * * * * * * * * * * * * * * * * * * * * * * * * * * * * * * * * * * * * //

dimensions      [0 2 -2 0 0 0 0];


internalField   nonuniform List<scalar> 
7000
(
6.16393e-10
0.00134262
0.000409918
0.00156592
0.00180194
0.00147383
6.62581e-05
0.00569084
0.00953277
0.0129055
0.0161113
0.0166729
0.0173026
0.0194305
0.0213206
0.0240347
0.0268614
0.0315186
0.035957
0.0435956
-2.19539e-06
0.00134027
0.000411875
0.00157482
0.00180326
0.00147454
7.95201e-05
0.00569637
0.00951795
0.0129078
0.0160179
0.0166682
0.0172958
0.0194208
0.0213216
0.0240056
0.0268726
0.0314552
0.0359858
0.0432799
-5.09995e-06
0.00133776
0.00041491
0.00158475
0.00180421
0.00147346
0.00010207
0.00569436
0.0094949
0.0129099
0.0159197
0.0166642
0.0172884
0.0194099
0.0213172
0.0239691
0.026873
0.031372
0.0359909
0.0427495
-7.76402e-06
0.00133625
0.000418247
0.0015936
0.00180494
0.00146981
0.00012322
0.00568934
0.00947123
0.012911
0.0158232
0.0166579
0.0172844
0.0193935
0.0213142
0.023922
0.0268686
0.0312762
0.0359452
0.0421945
-1.02139e-05
0.00133552
0.000421775
0.00160174
0.00180556
0.00146328
0.000143118
0.00568543
0.00944733
0.01291
0.0157285
0.0166484
0.0172846
0.0193724
0.0213128
0.0238656
0.0268649
0.0311639
0.0358611
0.0416579
-1.26197e-05
0.00133552
0.000425619
0.0016093
0.00180593
0.00145483
0.000164155
0.00568145
0.00942228
0.0129068
0.015636
0.0166357
0.0172887
0.0193456
0.0213125
0.0238012
0.0268596
0.0310365
0.0357465
0.0411405
-1.50957e-05
0.00133646
0.000429997
0.00161625
0.00180606
0.00144563
0.000186657
0.00567587
0.00939617
0.0129016
0.0155457
0.0166191
0.0172957
0.0193126
0.0213132
0.0237286
0.02685
0.0308968
0.0356022
0.0406338
-1.77198e-05
0.00133871
0.000435178
0.00162256
0.00180619
0.00143632
0.000210593
0.0056687
0.00936947
0.0128939
0.0154572
0.0165976
0.0173045
0.0192732
0.0213142
0.0236482
0.026834
0.0307469
0.0354265
0.0401316
-2.05316e-05
0.00134258
0.000441388
0.00162825
0.0018067
0.00142725
0.00023698
0.0056604
0.00934217
0.0128831
0.0153701
0.0165697
0.017314
0.0192269
0.0213147
0.0235612
0.0268089
0.0305879
0.0352182
0.0396295
-2.35225e-05
0.00134827
0.000448697
0.00163337
0.00180796
0.00141891
0.000267553
0.0056512
0.00931397
0.0128679
0.015284
0.0165343
0.0173233
0.0191739
0.0213135
0.0234689
0.0267719
0.0304206
0.0349773
0.0391238
-2.6652e-05
0.00135572
0.000457021
0.00163799
0.00181024
0.00141205
0.000304292
0.00564139
0.00928451
0.0128474
0.0151983
0.0164899
0.0173316
0.0191144
0.0213094
0.0233732
0.0267199
0.0302451
0.0347046
0.0386111
-2.98788e-05
0.00136467
0.000466213
0.00164216
0.00181351
0.00140761
0.000349186
0.00563169
0.0092534
0.0128201
0.0151128
0.0164359
0.0173382
0.0190492
0.0213006
0.0232755
0.0266503
0.0300611
0.0344015
0.0380883
-3.31857e-05
0.00137466
0.000476153
0.00164599
0.00181759
0.0014065
0.000403845
0.00562303
0.0092204
0.012785
0.0150271
0.0163714
0.0173423
0.0189794
0.0212849
0.0231773
0.0265609
0.0298675
0.0340699
0.0375528
-3.65849e-05
0.00138521
0.000486794
0.00164962
0.00182228
0.00140949
0.000469056
0.00561624
0.00918553
0.0127413
0.0149414
0.0162966
0.0173428
0.0189065
0.0212601
0.023079
0.0264505
0.029663
0.0337121
0.0370033
-4.01095e-05
0.00139587
0.000498166
0.00165318
0.00182752
0.00141695
0.000544598
0.00561174
0.00914913
0.0126884
0.0148557
0.0162118
0.0173387
0.0188319
0.0212241
0.0229807
0.0263184
0.0294457
0.0333304
0.036439
-4.37955e-05
0.00140631
0.000510354
0.00165681
0.00183337
0.00142882
0.00062935
0.00560934
0.00911176
0.0126265
0.0147702
0.0161177
0.0173282
0.018757
0.0211751
0.0228817
0.0261651
0.0292136
0.0329266
0.0358601
-4.76638e-05
0.00141629
0.000523469
0.00166054
0.00183999
0.0014446
0.000721651
0.00560836
0.00907414
0.0125557
0.0146852
0.0160155
0.0173094
0.018683
0.0211116
0.0227803
0.0259914
0.0289652
0.032502
0.0352669
-5.1712e-05
0.00142572
0.000537605
0.00166438
0.00184754
0.00146351
0.000819784
0.00560776
0.00903688
0.0124765
0.0146006
0.0159066
0.0172804
0.0186107
0.0210333
0.022674
0.025798
0.0286996
0.0320587
0.0346599
-5.59155e-05
0.00143459
0.000552826
0.0016683
0.00185616
0.00148465
0.000922364
0.00560645
0.0090004
0.0123896
0.0145157
0.0157931
0.0172391
0.0185398
0.0209406
0.0225607
0.0255849
0.0284149
0.0315985
0.0340405
-6.02312e-05
0.00144293
0.000569164
0.00167221
0.00186595
0.00150718
0.00102845
0.00560344
0.00896487
0.0122956
0.0144298
0.0156769
0.0171842
0.0184697
0.0208336
0.022439
0.0253539
0.028109
0.0311212
0.03341
-6.46033e-05
0.0014508
0.000586636
0.00167601
0.00187698
0.00153032
0.00113747
0.00559801
0.00893016
0.0121954
0.0143416
0.0155595
0.0171148
0.0183995
0.0207122
0.0223057
0.0251081
0.0277827
0.0306262
0.0327683
-6.89706e-05
0.00145822
0.000605253
0.00167958
0.0018893
0.00155351
0.00124906
0.00558969
0.00889594
0.0120899
0.0142498
0.0154427
0.0170301
0.0183282
0.0205785
0.022156
0.0248464
0.0274394
0.0301156
0.0321154
-7.32709e-05
0.0014652
0.000625031
0.00168282
0.00190297
0.00157627
0.00136293
0.00557827
0.00886169
0.0119803
0.0141528
0.0153279
0.01693
0.0182527
0.0204357
0.0219893
0.0245653
0.0270783
0.029593
0.0314527
-7.74425e-05
0.00147169
0.000646003
0.00168563
0.00191806
0.00159827
0.00147879
0.00556376
0.00882663
0.0118679
0.0140493
0.0152159
0.0168156
0.018169
0.0202838
0.0218084
0.0242655
0.0266957
0.0290586
0.0307828
-8.14232e-05
0.0014776
0.000668214
0.00168792
0.00193464
0.00161921
0.00159626
0.00554651
0.00878963
0.0117542
0.0139383
0.0151066
0.0166887
0.0180751
0.0201208
0.0216119
0.0239509
0.026292
0.0285101
0.0301068
-8.51529e-05
0.00148283
0.00069171
0.0016896
0.00195276
0.00163899
0.00171472
0.00552728
0.00874953
0.0116402
0.013819
0.0150002
0.0165502
0.0179689
0.0199482
0.0213972
0.0236216
0.0258708
0.0279487
0.0294246
-8.85731e-05
0.00148725
0.000716572
0.0016906
0.00197251
0.0016576
0.00183347
0.00550681
0.00870515
0.0115267
0.0136909
0.0148952
0.0164028
0.0178462
0.0197657
0.0211647
0.0232759
0.0254348
0.0273775
0.0287366
-9.1613e-05
0.00149069
0.000742924
0.00169082
0.00199392
0.00167494
0.00195195
0.00548593
0.00865517
0.011414
0.0135554
0.0147874
0.0162481
0.0177064
0.0195719
0.0209144
0.0229088
0.0249847
0.0268018
0.0280451
-9.42032e-05
0.00149298
0.000770828
0.00169026
0.00201694
0.00169123
0.00206909
0.00546567
0.00859913
0.0113021
0.0134114
0.0146793
0.016087
0.0175462
0.0193664
0.0206529
0.0225191
0.0245121
0.0262182
0.0273571
-9.62752e-05
0.00149398
0.000800339
0.00168897
0.00204138
0.00170711
0.0021833
0.00544695
0.00853637
0.0111922
0.0132575
0.014575
0.0159237
0.017366
0.0191413
0.0203802
0.0221168
0.0240161
0.0256306
0.0266707
-9.77068e-05
0.00149349
0.000831557
0.00168689
0.00206719
0.0017228
0.00229369
0.00543116
0.00846566
0.0110825
0.0130995
0.0144553
0.0157553
0.0171725
0.0188981
0.0200842
0.0216997
0.0235095
0.0250461
0.0259804
-9.84857e-05
0.00149138
0.000864458
0.00168418
0.00209398
0.00173916
0.00239905
0.00541856
0.00838763
0.010971
0.0129388
0.0143249
0.0155835
0.0169561
0.0186417
0.0197775
0.0212595
0.0229788
0.0244373
0.0252993
-9.8503e-05
0.00148744
0.000899213
0.00168069
0.00212146
0.00175663
0.00249885
0.00540832
0.0083034
0.0108579
0.0127757
0.0141805
0.0154125
0.0167196
0.018361
0.0194652
0.0208078
0.0224133
0.0238308
0.0246338
-9.73848e-05
0.00148132
0.000935809
0.00167657
0.00214934
0.00177552
0.00259273
0.00540116
0.00821199
0.0107403
0.0126166
0.0140088
0.0152282
0.0164807
0.0180605
0.0191286
0.0203498
0.0218371
0.023155
0.0239703
-9.54291e-05
0.00147333
0.000973678
0.00167285
0.00217593
0.00179861
0.00267748
0.00539713
0.00811383
0.0106198
0.0124514
0.0138499
0.0150304
0.0162207
0.017744
0.0187659
0.0198696
0.0212513
0.0225236
0.0233082
-9.25132e-05
0.00146304
0.00101331
0.00166898
0.00220172
0.00182515
0.00275289
0.0053951
0.00801265
0.010493
0.0122835
0.0136815
0.0148283
0.0159348
0.0173988
0.0183923
0.0193736
0.0206425
0.0219423
0.022656
-8.77458e-05
0.00144966
0.00105469
0.00166492
0.00222678
0.00185359
0.00282326
0.00539294
0.00790995
0.0103553
0.0121246
0.0134754
0.0146098
0.0156501
0.0170281
0.0179893
0.0188839
0.0200302
0.0212143
0.0220039
-8.19303e-05
0.0014343
0.00109637
0.00166308
0.00224745
0.00188924
0.00288074
0.00539079
0.00780541
0.0102125
0.0119513
0.013292
0.0143753
0.0153395
0.016644
0.0175659
0.0183761
0.0194197
0.0205531
0.0213453
-7.49219e-05
0.00141634
0.00113914
0.00166281
0.00226465
0.00192936
0.00292735
0.00538793
0.00770087
0.0100612
0.0117718
0.0130935
0.0141324
0.014998
0.0162336
0.0171295
0.0178624
0.0188049
0.0199696
0.0206805
-6.53517e-05
0.00139436
0.00118311
0.00166374
0.00227955
0.00196919
0.00297682
0.00537843
0.00760133
0.00989612
0.0115966
0.0128489
0.0138761
0.0146673
0.0157974
0.0166647
0.0173595
0.0181725
0.019143
0.0200151
-5.46876e-05
0.00137083
0.00122541
0.00166944
0.00228791
0.00201628
0.00301185
0.00536395
0.00750364
0.00972958
0.0113989
0.0126602
0.0136017
0.0143008
0.0153472
0.0161845
0.0168135
0.0175445
0.0184577
0.0193529
-4.23471e-05
0.00134475
0.00126692
0.00167878
0.00229171
0.00206639
0.0030366
0.00534561
0.00740299
0.00956288
0.0111918
0.0124003
0.0133046
0.0139215
0.0148736
0.0156804
0.016238
0.0169393
0.0179366
0.0186874
-2.68157e-05
0.00131399
0.00130784
0.00169082
0.00229389
0.00211138
0.00307303
0.00531591
0.00730716
0.00938427
0.0109859
0.0121383
0.0130285
0.0135455
0.0143803
0.0151457
0.0156665
0.0162505
0.0170436
0.0180404
-1.04933e-05
0.00128325
0.00134396
0.00170915
0.00229058
0.00215901
0.00309988
0.00527436
0.00721176
0.00920219
0.0107486
0.0118882
0.012733
0.0131468
0.0138767
0.0146046
0.0150658
0.0155456
0.016303
0.0174198
8.57836e-06
0.00124992
0.00137657
0.0017313
0.00228563
0.00220434
0.00312176
0.00522931
0.00710744
0.00901361
0.0105011
0.0116174
0.0124113
0.0127577
0.0133646
0.0140319
0.0144356
0.0148828
0.0156792
0.0167785
3.05985e-05
0.00121331
0.001405
0.00175674
0.0022808
0.00224383
0.00314553
0.00517625
0.00699734
0.00881663
0.0102471
0.0113072
0.0120901
0.0123769
0.0128285
0.0134399
0.013833
0.0142474
0.0149614
0.0161334
4.64734e-05
0.00117885
0.00142625
0.00178681
0.00227539
0.00228013
0.00316201
0.0051123
0.00688219
0.00861591
0.00997261
0.0109986
0.0117631
0.0119698
0.0122885
0.0128552
0.0132189
0.013596
0.0143195
0.0155053
7.45234e-05
0.00112624
0.00144182
0.00181784
0.00227386
0.00230863
0.00317528
0.00504586
0.00675662
0.00840318
0.00969608
0.0106761
0.0114023
0.0115712
0.0117667
0.0122399
0.012593
0.0129793
0.0136784
0.0148705
0.000102965
0.001089
0.0014503
0.00185037
0.00227421
0.00233307
0.00318289
0.00496645
0.00662087
0.0081916
0.00941082
0.0103282
0.0110319
0.0111812
0.011234
0.0116091
0.011984
0.0123657
0.013034
0.0142399
0.000133674
0.00105201
0.00145142
0.0018825
0.00227871
0.00235327
0.00317923
0.00487935
0.0064799
0.00797346
0.00911035
0.00998143
0.0106547
0.0107713
0.0107025
0.0109919
0.0113621
0.0117259
0.0124157
0.013646
0.000167421
0.00101404
0.00144614
0.00191232
0.00228731
0.00236719
0.0031715
0.00478674
0.00632519
0.00774549
0.00881556
0.00961469
0.0102471
0.0103454
0.0101901
0.0103743
0.0107172
0.0110996
0.0118073
0.0130604
0.000202735
0.000977909
0.00143368
0.00193926
0.00229709
0.00238015
0.00315457
0.00467967
0.00616005
0.00751861
0.00851329
0.0092324
0.00982262
0.00991364
0.00968636
0.00975576
0.010069
0.0104748
0.011206
0.0124719
0.00024066
0.000942612
0.00141452
0.0019608
0.00231028
0.00239042
0.00312758
0.00456705
0.00598649
0.00727918
0.00820251
0.00885089
0.00939059
0.00947114
0.00918284
0.00913661
0.00941364
0.00984869
0.0106008
0.0118946
0.000280385
0.000908948
0.00138865
0.00197749
0.00232324
0.00239748
0.00309566
0.00444477
0.0057971
0.00703293
0.00789414
0.00846179
0.00894202
0.00900876
0.00867177
0.00852877
0.00876872
0.00922589
0.0100004
0.0113124
0.000321793
0.000877235
0.00135689
0.00198695
0.00233546
0.00240341
0.00305364
0.00431366
0.00560035
0.00677787
0.00757781
0.00806423
0.00848075
0.00853527
0.00816691
0.00794054
0.00812376
0.00858217
0.00938032
0.0107393
0.000364738
0.000848026
0.00131923
0.00198885
0.00234571
0.00240564
0.00300536
0.0041765
0.00539224
0.00650906
0.00725785
0.00766619
0.00800882
0.00805168
0.00766125
0.00735688
0.0074714
0.00793125
0.0087825
0.0101792
0.000408359
0.000822226
0.00127682
0.00198202
0.00235217
0.00240454
0.00295003
0.00403092
0.00517467
0.00623069
0.00693335
0.00726432
0.0075237
0.0075542
0.00715331
0.00678045
0.00682805
0.00728727
0.00817137
0.00961109
0.000451868
0.000800306
0.00123045
0.00196588
0.00235221
0.00239908
0.00288969
0.00387819
0.00494972
0.00594102
0.00659849
0.00686263
0.00703142
0.00704345
0.00664082
0.0062136
0.00619722
0.00663744
0.00755403
0.00904419
0.000495183
0.000782462
0.00118157
0.00193964
0.00234472
0.00238616
0.00283116
0.00372041
0.00471794
0.00563976
0.00625282
0.00642763
0.00653469
0.00651689
0.00612174
0.00565753
0.00557858
0.00598975
0.00692753
0.00847396
0.000538042
0.000769248
0.00113156
0.0019023
0.00233035
0.00236405
0.00274432
0.00355915
0.00448297
0.00533044
0.00589688
0.00603038
0.00603838
0.00597804
0.0055963
0.00510914
0.00497242
0.00534865
0.00629858
0.00789813
0.00057893
0.00076114
0.00108056
0.0018556
0.00230433
0.00232826
0.00266138
0.00339455
0.00424335
0.00501501
0.00552885
0.00562954
0.00554607
0.00543001
0.00506149
0.00456426
0.00437884
0.00471808
0.00567061
0.00732125
0.000617403
0.000758169
0.00103092
0.00179648
0.00226407
0.00228727
0.00257711
0.00322333
0.00399627
0.00469392
0.00514868
0.00522165
0.00505969
0.00487719
0.00451465
0.0040189
0.00379735
0.00410253
0.00505214
0.00674282
0.000653211
0.000760594
0.000982563
0.00172296
0.00221241
0.00224274
0.00248559
0.00304297
0.00374082
0.00436998
0.00475853
0.00480357
0.00457824
0.00432397
0.00395561
0.00347085
0.00322674
0.00350108
0.00444198
0.00616537
0.000686019
0.000766552
0.000934932
0.00163859
0.00214949
0.00219111
0.00238705
0.00285613
0.00347734
0.00404165
0.00436036
0.00437433
0.0040995
0.00377337
0.00338982
0.0029182
0.00266105
0.00291079
0.0038462
0.00559728
0.000715296
0.000774718
0.000890227
0.00154578
0.00207266
0.00213042
0.00228276
0.00266369
0.00320329
0.00370869
0.00395836
0.00393254
0.00362225
0.00323053
0.00282224
0.00236114
0.00209976
0.00233338
0.00326619
0.00503794
0.000740925
0.000783799
0.000849075
0.00144553
0.00198102
0.00205987
0.00217261
0.00246638
0.0029183
0.00336958
0.00355464
0.00347944
0.00314515
0.00269761
0.00225757
0.0018011
0.00154129
0.00176462
0.00269547
0.00448592
0.000762767
0.000792149
0.00081121
0.00134011
0.00187534
0.00197783
0.00205531
0.00226506
0.00262286
0.00302076
0.00315194
0.00302061
0.00266317
0.00217165
0.00169858
0.00123942
0.000982241
0.00119968
0.00213178
0.00394149
0.000780592
0.000799067
0.000776356
0.0012313
0.00175618
0.00188261
0.00192944
0.0020602
0.00231966
0.00266069
0.0027508
0.00256008
0.00217441
0.00164884
0.00113397
0.000679855
0.000425579
0.00063809
0.00157475
0.00340197
0.0007943
0.000803823
0.000743914
0.00112038
0.00162438
0.00177287
0.00179391
0.00185281
0.00201181
0.00228775
0.00234797
0.00210065
0.00167989
0.00112852
0.000586645
0.000127272
-0.000118249
0.000107787
0.00103623
0.00288043
0.00080383
0.000805511
0.000713118
0.0010086
0.00148108
0.00164812
0.00164756
0.00164228
0.00170183
0.00190158
0.00193916
0.00164476
0.00118241
0.000610091
4.42168e-05
-0.000420761
-0.000664783
-0.000442832
0.000490554
0.00234797
0.00080918
0.000803447
0.000683021
0.000897116
0.00132741
0.00150785
0.00148951
0.00142707
0.00139209
0.0015047
0.00152095
0.00119342
0.000685999
9.26584e-05
-0.000493886
-0.000965149
-0.00120737
-0.000986177
-5.02033e-05
0.00181968
0.000810278
0.000797162
0.000652736
0.000786666
0.00116464
0.00135165
0.00131876
0.00120583
0.00108465
0.00110101
0.00109041
0.000745394
0.000194143
-0.000424122
-0.00102884
-0.00150611
-0.00174518
-0.00152264
-0.000583305
0.00129758
0.000807161
0.000786076
0.000621237
0.000677578
0.000994279
0.00118012
0.00113476
0.000977048
0.000780337
0.000695116
0.000646102
0.000295944
-0.000291785
-0.000938162
-0.00156
-0.00204361
-0.00227796
-0.00205194
-0.00110856
0.000781211
0.000799879
0.000769881
0.000587432
0.000569989
0.00081778
0.000993943
0.000937256
0.00073923
0.00047809
0.000291606
0.000189989
-0.000158964
-0.000771126
-0.00144742
-0.00208714
-0.00257737
-0.00280642
-0.00257513
-0.00162724
0.0002701
0.000788409
0.000748338
0.000550331
0.000463844
0.000636662
0.000793958
0.000726162
0.000491415
0.000176167
-0.000106108
-0.000274152
-0.000622284
-0.0012459
-0.00195066
-0.00260962
-0.00310715
-0.00333114
-0.0030929
-0.00213955
-0.000235838
0.000772838
0.000721371
0.000508875
0.000358723
0.000452344
0.000581294
0.000501949
0.000233141
-0.000127637
-0.0004956
-0.000741765
-0.0010967
-0.00171976
-0.0024458
-0.00312526
-0.00363253
-0.00385287
-0.0036066
-0.00264672
-0.00073714
0.000753182
0.000688943
0.000462118
0.000254171
0.000266226
0.000357178
0.000265139
-3.56551e-05
-0.000435704
-0.000876533
-0.00120768
-0.00158109
-0.00219613
-0.00293354
-0.00363272
-0.00415291
-0.00437227
-0.00411821
-0.00315027
-0.00123338
0.000729503
0.000650745
0.000409223
0.000149414
7.95366e-05
0.000123215
1.6271e-05
-0.000314548
-0.000749774
-0.00124989
-0.00166714
-0.00207217
-0.00267819
-0.00341707
-0.00413158
-0.00466666
-0.00488828
-0.00462726
-0.0036506
-0.00172588
0.000701745
0.000607203
0.000349808
4.36512e-05
-0.000106692
-0.000118874
-0.000244304
-0.00060275
-0.00107121
-0.00161766
-0.00211635
-0.00256573
-0.00316735
-0.00389992
-0.00462222
-0.00517154
-0.00539958
-0.00513466
-0.00414913
-0.00221574
0.000669845
0.000558536
0.000283575
-6.39949e-05
-0.000291637
-0.000366889
-0.000515649
-0.000899057
-0.00140038
-0.00198304
-0.00255371
-0.00305696
-0.00366229
-0.00438501
-0.00510772
-0.00566834
-0.00590463
-0.00563926
-0.00464653
-0.00270388
0.000633855
0.000505135
0.000210444
-0.000174508
-0.000474915
-0.000618786
-0.000796751
-0.00120242
-0.00173665
-0.00234914
-0.00297975
-0.00354113
-0.00415999
-0.00487472
-0.00559167
-0.00615831
-0.00640236
-0.00613928
-0.00514187
-0.00319062
0.000593728
0.000447249
0.000130673
-0.000288634
-0.000656495
-0.000872231
-0.00108629
-0.0015124
-0.00207844
-0.00271784
-0.00339631
-0.00401561
-0.00465612
-0.00536781
-0.00607659
-0.00664419
-0.00689432
-0.00663504
-0.0056353
-0.00367648
0.000549518
0.00038512
4.47656e-05
-0.000406978
-0.000836662
-0.0011256
-0.00138229
-0.00182883
-0.00242424
-0.00308995
-0.00380627
-0.0044797
-0.0051473
-0.00586078
-0.00656195
-0.00712727
-0.00738146
-0.0071264
-0.00612679
-0.00416279
0.000501311
0.000319188
-4.69245e-05
-0.000528366
-0.00101538
-0.00137715
-0.00168235
-0.00215068
-0.00277248
-0.00346495
-0.00421222
-0.00493414
-0.00563311
-0.00635346
-0.00704879
-0.00760939
-0.00786465
-0.00761285
-0.00661495
-0.00464822
0.000449025
0.000250116
-0.000143517
-0.000656172
-0.00119321
-0.00162569
-0.00198425
-0.00247743
-0.00312179
-0.0038403
-0.00461428
-0.00537793
-0.00611034
-0.00684348
-0.00753822
-0.0080943
-0.0083482
-0.00809771
-0.00710152
-0.00513346
0.000392628
0.000178174
-0.000243993
-0.000788059
-0.00136981
-0.00187019
-0.00228557
-0.00280825
-0.00347369
-0.00421581
-0.00501366
-0.00581265
-0.0065775
-0.00732561
-0.00802417
-0.00857959
-0.00883384
-0.00858438
-0.00758891
-0.00562019
0.000332535
0.000103696
-0.000346913
-0.000923043
-0.00154639
-0.00211057
-0.00258338
-0.00313906
-0.00382673
-0.0045903
-0.00541051
-0.00624129
-0.00703745
-0.00780184
-0.00850593
-0.00906311
-0.00932029
-0.00907299
-0.00807872
-0.00610981
0.000268818
2.63333e-05
-0.00044985
-0.00105854
-0.00172066
-0.00234627
-0.00287775
-0.0034687
-0.00417862
-0.00496043
-0.00580141
-0.00666135
-0.00748887
-0.00827368
-0.00898696
-0.00954691
-0.00980698
-0.00956392
-0.00857301
-0.00660449
0.000202157
-5.10476e-05
-0.000568568
-0.00119786
-0.00189406
-0.00257585
-0.00316634
-0.00379583
-0.00453046
-0.00532828
-0.00618435
-0.00706867
-0.00792739
-0.0087368
-0.009463
-0.010029
-0.0102937
-0.0100558
-0.00907067
-0.00710762
0.000131629
-0.000129813
-0.000653383
-0.00132874
-0.00206469
-0.00280288
-0.00345042
-0.0041153
-0.00487759
-0.00569525
-0.00656254
-0.00746562
-0.00835321
-0.00919047
-0.00993527
-0.0105127
-0.0107874
-0.010559
-0.00958009
-0.00761791
5.88537e-05
-0.000214909
-0.000767299
-0.00145394
-0.00222384
-0.00301949
-0.00372881
-0.00442878
-0.00520912
-0.00604708
-0.00692843
-0.00784726
-0.00875941
-0.00962352
-0.0103906
-0.0109852
-0.0112758
-0.0110661
-0.0101096
-0.00816838
-1.46773e-05
-0.000275616
-0.000847806
-0.00158899
-0.00240053
-0.00324104
-0.00400416
-0.00473966
-0.00553726
-0.00639022
-0.0072835
-0.00821481
-0.00914859
-0.0100373
-0.0108249
-0.011432
-0.0117315
-0.0115363
-0.0105989
-0.00868544
-0.000133962
-0.000371938
-0.000889353
-0.00165547
-0.0025549
-0.00345671
-0.0042693
-0.00502815
-0.00585203
-0.00672817
-0.00763133
-0.00857902
-0.00954231
-0.0104668
-0.011299
-0.0119377
-0.0122534
-0.0120554
-0.011108
-0.00918225
-0.000132042
-0.000420468
-0.00104587
-0.00184325
-0.00271521
-0.00364334
-0.00451626
-0.00530138
-0.00609882
-0.00696808
-0.00788976
-0.0088431
-0.00981001
-0.0107565
-0.0116456
-0.0123925
-0.0128382
-0.0127765
-0.0119582
-0.0101463
-0.000267495
-0.00049965
-0.00112025
-0.00186359
-0.00276765
-0.00382005
-0.00482631
-0.00567428
-0.00650255
-0.00735711
-0.00828564
-0.00921995
-0.0101564
-0.0110203
-0.0117467
-0.0122826
-0.0125599
-0.0124104
-0.0115971
-0.00986678
-0.000206929
-0.000583185
-0.00121129
-0.00206101
-0.00301072
-0.00397788
-0.00484565
-0.00562303
-0.00644779
-0.00738414
-0.00837708
-0.00940895
-0.0104761
-0.011617
-0.012769
-0.0137851
-0.0145353
-0.0146942
-0.0140773
-0.0124402
-3.12639e-05
-0.000746827
-0.00148395
-0.00233898
-0.00324124
-0.00430452
-0.00528966
-0.00608834
-0.00694505
-0.00792846
-0.00890955
-0.00978084
-0.0104184
-0.0106796
-0.0105391
-0.010097
-0.00949284
-0.00910228
-0.00922173
-0.0101943
-9.85057e-05
-0.000739656
-0.00149629
-0.00233819
-0.00311135
-0.00391375
-0.00475745
-0.00563626
-0.00653819
-0.00759716
-0.00880373
-0.0101186
-0.0114856
-0.0129053
-0.014299
-0.0155665
-0.0165308
-0.0169845
-0.0166502
-0.0152866
2.69121e-05
-0.00082666
-0.00164191
-0.00248976
-0.00328406
-0.00425508
-0.00527972
-0.0064219
-0.007522
-0.00840728
-0.00924517
-0.0101777
-0.0110625
-0.0117198
-0.0120154
-0.0119425
-0.0116348
-0.0113833
-0.0115706
-0.0125569
2.29558e-06
-0.000871738
-0.00166955
-0.00243566
-0.00304218
-0.00371481
-0.00444211
-0.00533328
-0.00636147
-0.00762608
-0.00916743
-0.0110377
-0.0131218
-0.0152494
-0.0172261
-0.0188812
-0.020021
-0.0204617
-0.0199893
-0.018416
0.0559684
0.0225885
0.00951786
0.00611546
0.00279912
-0.00154577
-0.00476449
-0.00609632
-0.00688932
-0.00835634
-0.0103645
-0.0124722
-0.0147407
-0.0169554
-0.0187135
-0.0203126
-0.02211
-0.0239549
-0.0258375
-0.0278399
-0.0298709
-0.0318993
-0.0340217
-0.0362086
-0.0384295
-0.0406879
-0.0429869
-0.0454395
-0.0480203
-0.050653
-0.0533239
-0.0560917
-0.0589843
-0.0620578
-0.0651923
-0.0684441
-0.0718245
-0.0753135
-0.0789542
-0.0826652
-0.0865967
-0.0905701
-0.0947906
-0.0990878
-0.103573
-0.108288
-0.113092
-0.118276
-0.123384
-0.128794
0.0546986
0.0226354
0.00956076
0.00613517
0.00281131
-0.00153776
-0.00475917
-0.00609222
-0.00688571
-0.00835327
-0.010362
-0.0124701
-0.0147389
-0.016954
-0.0187124
-0.0203116
-0.0221091
-0.0239542
-0.0258368
-0.0278393
-0.0298704
-0.0318987
-0.0340212
-0.0362081
-0.0384291
-0.0406875
-0.0429865
-0.0454392
-0.04802
-0.0506527
-0.0533237
-0.0560915
-0.058984
-0.0620576
-0.0651921
-0.0684439
-0.0718243
-0.0753133
-0.0789541
-0.0826651
-0.0865966
-0.09057
-0.0947905
-0.0990877
-0.103572
-0.108288
-0.113092
-0.118276
-0.123384
-0.128794
0.0537098
0.0227489
0.0096302
0.00615774
0.00282326
-0.00153043
-0.00475456
-0.00608845
-0.00688216
-0.0083503
-0.0103597
-0.0124682
-0.0147373
-0.0169528
-0.0187114
-0.0203106
-0.0221083
-0.0239535
-0.0258362
-0.0278388
-0.0298699
-0.0318983
-0.0340208
-0.0362077
-0.0384288
-0.0406872
-0.0429862
-0.0454389
-0.0480198
-0.0506525
-0.0533234
-0.0560913
-0.0589839
-0.0620574
-0.065192
-0.0684437
-0.0718242
-0.0753132
-0.078954
-0.082665
-0.0865965
-0.0905699
-0.0947904
-0.0990877
-0.103572
-0.108287
-0.113092
-0.118276
-0.123384
-0.128794
0.0527925
0.0228846
0.00972593
0.00618701
0.00283714
-0.00152224
-0.00474935
-0.00608411
-0.00687807
-0.008347
-0.0103573
-0.0124661
-0.0147356
-0.0169517
-0.0187104
-0.0203096
-0.0221074
-0.0239528
-0.0258356
-0.0278382
-0.0298695
-0.0318979
-0.0340204
-0.0362074
-0.0384284
-0.0406869
-0.0429859
-0.0454386
-0.0480195
-0.0506522
-0.0533232
-0.056091
-0.0589837
-0.0620572
-0.0651918
-0.0684436
-0.0718241
-0.0753131
-0.0789538
-0.0826649
-0.0865964
-0.0905698
-0.0947903
-0.0990876
-0.103572
-0.108287
-0.113091
-0.118276
-0.123384
-0.128794
0.0518531
0.0230197
0.00983845
0.00622192
0.00285341
-0.00151227
-0.00474259
-0.00607849
-0.00687297
-0.00834298
-0.0103544
-0.0124637
-0.0147337
-0.0169502
-0.0187092
-0.0203084
-0.0221064
-0.023952
-0.0258349
-0.0278376
-0.029869
-0.0318974
-0.03402
-0.036207
-0.0384281
-0.0406865
-0.0429856
-0.0454383
-0.0480192
-0.050652
-0.053323
-0.0560908
-0.0589834
-0.062057
-0.0651916
-0.0684434
-0.0718239
-0.0753129
-0.0789537
-0.0826648
-0.0865963
-0.0905697
-0.0947903
-0.0990875
-0.103572
-0.108287
-0.113091
-0.118276
-0.123384
-0.128794
0.0508879
0.0231503
0.00995926
0.00625867
0.00287065
-0.00150106
-0.00473435
-0.00607143
-0.00686666
-0.00833802
-0.0103507
-0.0124607
-0.0147312
-0.0169484
-0.0187076
-0.0203069
-0.0221052
-0.023951
-0.0258341
-0.027837
-0.0298684
-0.0318969
-0.0340195
-0.0362066
-0.0384277
-0.0406862
-0.0429852
-0.045438
-0.048019
-0.0506517
-0.0533227
-0.0560906
-0.0589832
-0.0620568
-0.0651915
-0.0684433
-0.0718238
-0.0753128
-0.0789536
-0.0826647
-0.0865962
-0.0905696
-0.0947902
-0.0990874
-0.103572
-0.108287
-0.113091
-0.118276
-0.123384
-0.128794
0.0499048
0.0232746
0.010084
0.00629473
0.00288735
-0.00148974
-0.00472543
-0.00606326
-0.00685916
-0.00833199
-0.0103462
-0.0124569
-0.014728
-0.0169461
-0.0187056
-0.020305
-0.0221036
-0.0239498
-0.0258331
-0.0278362
-0.0298678
-0.0318963
-0.034019
-0.0362061
-0.0384273
-0.0406858
-0.0429848
-0.0454376
-0.0480187
-0.0506514
-0.0533224
-0.0560903
-0.0589829
-0.0620566
-0.0651913
-0.0684431
-0.0718236
-0.0753127
-0.0789535
-0.0826645
-0.0865961
-0.0905695
-0.0947901
-0.0990873
-0.103572
-0.108287
-0.113091
-0.118276
-0.123384
-0.128795
0.0489086
0.0233906
0.0102112
0.00632921
0.00290264
-0.00147922
-0.00471682
-0.00605459
-0.00685066
-0.00832488
-0.0103406
-0.0124522
-0.0147242
-0.0169431
-0.018703
-0.0203026
-0.0221017
-0.0239483
-0.025832
-0.0278352
-0.0298669
-0.0318956
-0.0340185
-0.0362056
-0.0384268
-0.0406854
-0.0429844
-0.0454372
-0.0480184
-0.0506512
-0.0533222
-0.05609
-0.0589827
-0.0620564
-0.0651911
-0.0684429
-0.0718234
-0.0753125
-0.0789533
-0.0826644
-0.0865959
-0.0905694
-0.0947899
-0.0990872
-0.103572
-0.108287
-0.113091
-0.118276
-0.123384
-0.128795
0.0479016
0.0234964
0.0103409
0.00636185
0.00291583
-0.00147012
-0.00470925
-0.00604602
-0.00684146
-0.00831683
-0.0103341
-0.0124468
-0.0147198
-0.0169397
-0.0186999
-0.0202997
-0.0220992
-0.0239465
-0.0258306
-0.0278341
-0.029866
-0.0318948
-0.0340178
-0.0362051
-0.0384263
-0.0406849
-0.0429839
-0.0454368
-0.048018
-0.0506509
-0.0533219
-0.0560897
-0.0589824
-0.0620561
-0.0651908
-0.0684426
-0.0718232
-0.0753123
-0.0789532
-0.0826643
-0.0865958
-0.0905693
-0.0947898
-0.0990871
-0.103572
-0.108287
-0.113091
-0.118276
-0.123384
-0.128796
0.0468854
0.0235909
0.0104735
0.00639239
0.00292601
-0.00146308
-0.00470322
-0.00603808
-0.00683191
-0.00830809
-0.0103269
-0.0124406
-0.0147148
-0.0169358
-0.0186964
-0.0202963
-0.0220963
-0.0239443
-0.025829
-0.0278328
-0.0298648
-0.0318938
-0.034017
-0.0362044
-0.0384258
-0.0406845
-0.0429834
-0.0454362
-0.0480176
-0.0506505
-0.0533216
-0.0560894
-0.058982
-0.0620558
-0.0651905
-0.0684424
-0.071823
-0.0753121
-0.078953
-0.0826641
-0.0865957
-0.0905692
-0.0947897
-0.099087
-0.103572
-0.108287
-0.113091
-0.118275
-0.123384
-0.128796
0.0458623
0.0236731
0.0106089
0.00642047
0.00293222
-0.00145874
-0.00469917
-0.00603129
-0.00682247
-0.00829901
-0.0103192
-0.0124339
-0.0147095
-0.0169318
-0.0186927
-0.0202926
-0.022093
-0.0239418
-0.0258273
-0.0278314
-0.0298635
-0.0318926
-0.0340159
-0.0362036
-0.0384252
-0.040684
-0.0429828
-0.0454356
-0.0480172
-0.0506502
-0.0533213
-0.0560891
-0.0589817
-0.0620554
-0.0651902
-0.0684421
-0.0718227
-0.0753118
-0.0789528
-0.0826639
-0.0865955
-0.090569
-0.0947896
-0.0990869
-0.103572
-0.108287
-0.113091
-0.118275
-0.123384
-0.128797
0.0448347
0.0237417
0.0107468
0.00644564
0.00293373
-0.00145744
-0.00469729
-0.0060262
-0.00681378
-0.00829009
-0.0103114
-0.0124269
-0.014704
-0.0169278
-0.0186889
-0.0202886
-0.0220894
-0.023939
-0.0258254
-0.0278299
-0.029862
-0.0318912
-0.0340147
-0.0362025
-0.0384244
-0.0406835
-0.0429822
-0.0454349
-0.0480166
-0.0506497
-0.0533209
-0.0560888
-0.0589813
-0.0620551
-0.0651899
-0.0684417
-0.0718224
-0.0753116
-0.0789525
-0.0826637
-0.0865953
-0.0905689
-0.0947894
-0.0990867
-0.103571
-0.108287
-0.113091
-0.118275
-0.123384
-0.128798
0.0438054
0.0237956
0.0108868
0.00646757
0.00292963
-0.00145884
-0.00469726
-0.00602321
-0.00680662
-0.00828198
-0.0103039
-0.01242
-0.0146985
-0.0169239
-0.0186851
-0.0202845
-0.0220856
-0.023936
-0.0258234
-0.0278284
-0.0298606
-0.0318898
-0.0340132
-0.0362011
-0.0384234
-0.040683
-0.0429817
-0.0454342
-0.0480159
-0.0506492
-0.0533206
-0.0560885
-0.058981
-0.0620547
-0.0651895
-0.0684413
-0.071822
-0.0753112
-0.0789522
-0.0826634
-0.0865951
-0.0905687
-0.0947893
-0.0990866
-0.103571
-0.108286
-0.11309
-0.118275
-0.123384
-0.128799
0.0427771
0.0238339
0.0110287
0.00648626
0.00292141
-0.00146177
-0.00469793
-0.00602233
-0.00680182
-0.00827545
-0.0102974
-0.0124135
-0.0146933
-0.0169202
-0.0186814
-0.0202802
-0.0220816
-0.0239328
-0.0258214
-0.0278269
-0.0298591
-0.0318883
-0.0340117
-0.0361995
-0.0384221
-0.0406824
-0.0429812
-0.0454335
-0.0480151
-0.0506484
-0.0533202
-0.0560883
-0.0589806
-0.0620543
-0.0651891
-0.0684409
-0.0718216
-0.0753108
-0.0789519
-0.0826631
-0.0865949
-0.0905685
-0.0947891
-0.0990864
-0.103571
-0.108286
-0.11309
-0.118274
-0.123384
-0.1288
0.0417522
0.0238554
0.0111721
0.00650211
0.00290934
-0.00146423
-0.00469721
-0.00602291
-0.00680007
-0.00827126
-0.0102923
-0.012408
-0.0146886
-0.0169168
-0.0186778
-0.020276
-0.0220775
-0.0239296
-0.0258192
-0.0278254
-0.0298577
-0.0318869
-0.0340101
-0.0361977
-0.0384206
-0.0406817
-0.0429809
-0.0454329
-0.0480142
-0.0506476
-0.0533197
-0.0560881
-0.0589804
-0.0620539
-0.0651886
-0.0684405
-0.0718211
-0.0753104
-0.0789515
-0.0826628
-0.0865946
-0.0905682
-0.0947889
-0.0990862
-0.103571
-0.108286
-0.11309
-0.118274
-0.123384
-0.128801
0.0407328
0.0238593
0.0113171
0.00651597
0.00289465
-0.00146375
-0.00469228
-0.00602362
-0.00680164
-0.00827
-0.010289
-0.0124037
-0.0146846
-0.0169137
-0.0186744
-0.0202719
-0.0220736
-0.0239264
-0.025817
-0.0278239
-0.0298563
-0.0318854
-0.0340086
-0.036196
-0.0384189
-0.0406809
-0.0429806
-0.0454325
-0.0480133
-0.0506465
-0.053319
-0.0560878
-0.0589802
-0.0620536
-0.0651882
-0.06844
-0.0718207
-0.0753099
-0.078951
-0.0826624
-0.0865942
-0.0905679
-0.0947887
-0.099086
-0.103571
-0.108286
-0.11309
-0.118273
-0.123384
-0.128802
0.0397208
0.0238446
0.0114637
0.00652903
0.00287872
-0.00145762
-0.00468023
-0.00602257
-0.00680632
-0.00827202
-0.0102878
-0.0124007
-0.0146814
-0.0169106
-0.0186711
-0.0202679
-0.0220698
-0.0239232
-0.0258149
-0.0278223
-0.0298548
-0.0318839
-0.0340071
-0.0361942
-0.0384172
-0.0406801
-0.0429805
-0.0454321
-0.0480125
-0.0506453
-0.0533182
-0.0560876
-0.05898
-0.0620533
-0.0651878
-0.0684395
-0.0718202
-0.0753093
-0.0789505
-0.0826619
-0.0865938
-0.0905676
-0.0947884
-0.0990858
-0.10357
-0.108285
-0.113089
-0.118273
-0.123383
-0.128803
0.0387172
0.0238107
0.0116118
0.00654258
0.00286278
-0.00144431
-0.00465876
-0.00601762
-0.00681334
-0.00827727
-0.0102887
-0.0123991
-0.0146787
-0.0169071
-0.0186676
-0.020264
-0.0220662
-0.0239203
-0.0258128
-0.0278207
-0.0298533
-0.0318824
-0.0340056
-0.0361924
-0.0384154
-0.0406791
-0.0429805
-0.045432
-0.0480118
-0.0506441
-0.0533173
-0.0560874
-0.05898
-0.0620531
-0.0651873
-0.068439
-0.0718196
-0.0753088
-0.07895
-0.0826614
-0.0865934
-0.0905672
-0.094788
-0.0990855
-0.10357
-0.108285
-0.113089
-0.118272
-0.123383
-0.128804
0.0377232
0.0237564
0.0117611
0.00655792
0.00284745
-0.0014233
-0.00462627
-0.00600682
-0.00682149
-0.00828537
-0.0102916
-0.0123988
-0.0146761
-0.0169025
-0.0186635
-0.0202604
-0.022063
-0.0239177
-0.0258109
-0.0278191
-0.0298516
-0.0318809
-0.034004
-0.0361907
-0.0384138
-0.0406782
-0.0429806
-0.0454319
-0.0480111
-0.0506429
-0.0533163
-0.0560872
-0.05898
-0.0620529
-0.0651869
-0.0684385
-0.0718191
-0.0753082
-0.0789494
-0.0826609
-0.0865929
-0.0905668
-0.0947877
-0.0990852
-0.10357
-0.108285
-0.113088
-0.118271
-0.123382
-0.128805
0.03674
0.0236811
0.0119112
0.00657626
0.00283291
-0.00139499
-0.0045822
-0.00598882
-0.00682956
-0.0082958
-0.0102963
-0.0123996
-0.014673
-0.016896
-0.0186583
-0.0202569
-0.0220601
-0.0239153
-0.0258091
-0.0278174
-0.0298499
-0.0318793
-0.0340025
-0.0361889
-0.0384122
-0.0406772
-0.0429809
-0.045432
-0.0480104
-0.0506417
-0.0533152
-0.0560869
-0.0589801
-0.0620528
-0.0651865
-0.068438
-0.0718185
-0.0753076
-0.0789488
-0.0826603
-0.0865924
-0.0905663
-0.0947872
-0.0990849
-0.10357
-0.108284
-0.113088
-0.11827
-0.123381
-0.128806
0.0357686
0.0235839
0.0120613
0.00659861
0.00281917
-0.00136045
-0.00452725
-0.00596318
-0.00683665
-0.00830805
-0.0103024
-0.0124011
-0.014669
-0.016887
-0.0186516
-0.0202534
-0.0220576
-0.0239132
-0.0258075
-0.0278156
-0.029848
-0.0318777
-0.0340009
-0.0361871
-0.0384107
-0.0406762
-0.0429813
-0.0454322
-0.0480098
-0.0506405
-0.0533142
-0.0560866
-0.0589803
-0.0620527
-0.065186
-0.0684375
-0.071818
-0.075307
-0.0789481
-0.0826597
-0.0865918
-0.0905658
-0.0947868
-0.0990845
-0.103569
-0.108284
-0.113088
-0.118269
-0.123381
-0.128808
0.0348096
0.0234639
0.0122106
0.00662585
0.00280606
-0.00132131
-0.00446312
-0.00593046
-0.0068423
-0.00832166
-0.0103097
-0.0124031
-0.0146639
-0.0168755
-0.0186431
-0.0202499
-0.0220555
-0.0239114
-0.0258059
-0.0278138
-0.0298461
-0.0318761
-0.0339993
-0.0361853
-0.0384091
-0.0406751
-0.0429817
-0.0454323
-0.0480091
-0.0506393
-0.0533131
-0.0560863
-0.0589805
-0.0620526
-0.0651856
-0.0684369
-0.0718174
-0.0753064
-0.0789474
-0.0826591
-0.0865912
-0.0905652
-0.0947863
-0.099084
-0.103569
-0.108283
-0.113087
-0.118268
-0.12338
-0.128809
0.0338782
0.0233208
0.012358
0.00665879
0.00279333
-0.00127961
-0.00439212
-0.00589192
-0.00684644
-0.00833622
-0.0103178
-0.0124055
-0.0146578
-0.0168617
-0.018633
-0.0202463
-0.0220535
-0.0239096
-0.0258045
-0.027812
-0.029844
-0.0318744
-0.0339976
-0.0361834
-0.0384076
-0.0406739
-0.042982
-0.0454325
-0.0480083
-0.0506381
-0.053312
-0.0560859
-0.0589808
-0.0620525
-0.0651851
-0.0684363
-0.0718168
-0.0753057
-0.0789467
-0.0826585
-0.0865906
-0.0905646
-0.0947857
-0.0990835
-0.103569
-0.108283
-0.113086
-0.118267
-0.123379
-0.12881
0.032947
0.0231542
0.012502
0.00669812
0.00278097
-0.00123736
-0.00431695
-0.00584919
-0.00684928
-0.00835146
-0.0103265
-0.0124082
-0.0146508
-0.0168459
-0.0186213
-0.0202425
-0.0220518
-0.023908
-0.0258032
-0.0278102
-0.0298419
-0.0318726
-0.0339959
-0.0361815
-0.0384059
-0.0406726
-0.0429823
-0.0454325
-0.0480074
-0.0506368
-0.053311
-0.0560855
-0.058981
-0.0620523
-0.0651846
-0.0684357
-0.0718162
-0.0753051
-0.078946
-0.0826578
-0.08659
-0.0905641
-0.0947852
-0.099083
-0.103568
-0.108283
-0.113086
-0.118266
-0.123378
-0.128811
0.0320314
0.0229639
0.0126411
0.00674422
0.00276919
-0.00119631
-0.00424018
-0.00580392
-0.00685115
-0.00836717
-0.0103356
-0.0124112
-0.0146432
-0.0168287
-0.0186086
-0.0202385
-0.0220501
-0.0239064
-0.0258018
-0.0278083
-0.0298397
-0.0318708
-0.0339941
-0.0361795
-0.0384041
-0.0406711
-0.0429824
-0.0454324
-0.0480063
-0.0506354
-0.0533099
-0.0560851
-0.0589812
-0.0620521
-0.0651841
-0.0684351
-0.0718155
-0.0753044
-0.0789453
-0.0826571
-0.0865894
-0.0905635
-0.0947846
-0.0990825
-0.103568
-0.108282
-0.113085
-0.118265
-0.123377
-0.128813
0.031132
0.02275
0.0127733
0.00679704
0.00275829
-0.00115776
-0.00416397
-0.00575752
-0.00685235
-0.0083832
-0.0103451
-0.0124143
-0.0146353
-0.0168108
-0.0185952
-0.0202342
-0.0220483
-0.0239047
-0.0258004
-0.0278064
-0.0298375
-0.031869
-0.0339923
-0.0361775
-0.0384021
-0.0406694
-0.0429824
-0.0454322
-0.0480049
-0.0506339
-0.0533088
-0.0560847
-0.0589814
-0.0620517
-0.0651835
-0.0684346
-0.0718148
-0.0753036
-0.0789445
-0.0826564
-0.0865887
-0.0905628
-0.094784
-0.099082
-0.103567
-0.108282
-0.113085
-0.118263
-0.123376
-0.128814
0.0302492
0.0225129
0.0128967
0.00685617
0.00274867
-0.00112258
-0.0040899
-0.00571103
-0.00685308
-0.00839937
-0.0103548
-0.0124175
-0.0146272
-0.0167925
-0.0185814
-0.0202298
-0.0220465
-0.023903
-0.0257991
-0.0278044
-0.0298352
-0.0318671
-0.0339904
-0.0361754
-0.0384001
-0.0406676
-0.0429822
-0.0454318
-0.0480034
-0.0506323
-0.0533076
-0.0560842
-0.0589814
-0.0620512
-0.0651828
-0.0684339
-0.0718141
-0.0753029
-0.0789438
-0.0826557
-0.086588
-0.0905622
-0.0947833
-0.0990814
-0.103567
-0.108281
-0.113084
-0.118262
-0.123375
-0.128815
0.0293832
0.0222533
0.0130092
0.00692114
0.00274099
-0.00109126
-0.0040191
-0.00566518
-0.00685347
-0.00841556
-0.0103647
-0.0124208
-0.014619
-0.0167741
-0.0185674
-0.0202252
-0.0220446
-0.0239013
-0.0257976
-0.0278024
-0.0298329
-0.0318651
-0.0339884
-0.0361732
-0.0383978
-0.0406656
-0.0429819
-0.0454312
-0.0480017
-0.0506307
-0.0533064
-0.0560837
-0.0589814
-0.0620506
-0.0651821
-0.0684333
-0.0718134
-0.0753021
-0.078943
-0.082655
-0.0865873
-0.0905615
-0.0947827
-0.0990808
-0.103566
-0.10828
-0.113083
-0.118261
-0.123374
-0.128817
0.0285354
0.0219722
0.0131086
0.00699106
0.00273614
-0.00106382
-0.00395235
-0.00562052
-0.00685361
-0.00843162
-0.0103746
-0.0124242
-0.0146108
-0.0167556
-0.0185532
-0.0202205
-0.0220425
-0.0238995
-0.0257962
-0.0278004
-0.0298306
-0.0318631
-0.0339864
-0.036171
-0.0383955
-0.0406635
-0.0429814
-0.0454306
-0.0479998
-0.0506289
-0.0533052
-0.0560832
-0.0589813
-0.0620499
-0.0651813
-0.0684327
-0.0718126
-0.0753012
-0.0789421
-0.0826542
-0.0865866
-0.0905608
-0.094782
-0.0990802
-0.103566
-0.10828
-0.113082
-0.11826
-0.123373
-0.128818
0.0277072
0.0216711
0.0131931
0.00706443
0.00273467
-0.00104014
-0.00389007
-0.00557743
-0.00685355
-0.00844749
-0.0103846
-0.0124276
-0.0146027
-0.0167373
-0.018539
-0.0202156
-0.0220404
-0.0238976
-0.0257947
-0.0277984
-0.0298282
-0.0318611
-0.0339844
-0.0361687
-0.0383931
-0.0406613
-0.0429808
-0.0454298
-0.0479979
-0.0506271
-0.0533039
-0.0560828
-0.0589811
-0.0620491
-0.0651804
-0.0684321
-0.0718118
-0.0753004
-0.0789413
-0.0826534
-0.0865858
-0.0905601
-0.0947813
-0.0990795
-0.103565
-0.108279
-0.113081
-0.118258
-0.123372
-0.12882
0.0268974
0.0213515
0.0132607
0.00714024
0.0027375
-0.0010201
-0.00383287
-0.00553627
-0.00685335
-0.00846315
-0.0103947
-0.0124311
-0.0145945
-0.0167189
-0.0185248
-0.0202106
-0.0220381
-0.0238956
-0.0257931
-0.0277964
-0.0298257
-0.0318589
-0.0339823
-0.0361663
-0.0383905
-0.040659
-0.0429801
-0.045429
-0.0479958
-0.0506252
-0.0533025
-0.0560824
-0.0589809
-0.0620482
-0.0651795
-0.0684315
-0.071811
-0.0752995
-0.0789404
-0.0826526
-0.0865851
-0.0905594
-0.0947806
-0.0990789
-0.103565
-0.108278
-0.113081
-0.118257
-0.123371
-0.128821
0.026109
0.0210151
0.0133098
0.00721718
0.00274563
-0.00100314
-0.00378132
-0.00549768
-0.00685309
-0.00847841
-0.0104047
-0.0124346
-0.0145864
-0.0167007
-0.0185104
-0.0202054
-0.0220357
-0.0238936
-0.0257915
-0.0277943
-0.0298232
-0.0318568
-0.0339801
-0.0361639
-0.0383878
-0.0406567
-0.0429793
-0.0454281
-0.0479936
-0.0506232
-0.0533012
-0.0560819
-0.0589807
-0.0620473
-0.0651785
-0.0684308
-0.0718101
-0.0752986
-0.0789395
-0.0826518
-0.0865843
-0.0905586
-0.0947799
-0.0990782
-0.103564
-0.108278
-0.11308
-0.118255
-0.123369
-0.128822
0.0253475
0.0206643
0.0133387
0.00729322
0.00275899
-0.000988632
-0.0037353
-0.00546193
-0.00685297
-0.00849345
-0.0104148
-0.0124381
-0.0145785
-0.0166825
-0.018496
-0.0202001
-0.0220333
-0.0238916
-0.0257899
-0.0277922
-0.0298207
-0.0318546
-0.0339779
-0.0361613
-0.0383851
-0.0406543
-0.0429784
-0.0454271
-0.0479914
-0.0506212
-0.0532998
-0.0560815
-0.0589804
-0.0620464
-0.0651775
-0.0684301
-0.0718092
-0.0752976
-0.0789385
-0.0826509
-0.0865834
-0.0905578
-0.0947791
-0.0990775
-0.103563
-0.108277
-0.113079
-0.118254
-0.123368
-0.128824
0.0246106
0.0203026
0.0133474
0.00736721
0.00277818
-0.000976048
-0.00369502
-0.00542941
-0.00685312
-0.00850816
-0.0104249
-0.0124417
-0.0145706
-0.0166645
-0.0184815
-0.0201946
-0.0220308
-0.0238895
-0.0257883
-0.0277901
-0.0298181
-0.0318523
-0.0339756
-0.0361587
-0.0383822
-0.0406519
-0.0429774
-0.0454261
-0.0479891
-0.0506191
-0.0532983
-0.0560811
-0.0589802
-0.0620454
-0.0651764
-0.0684294
-0.0718083
-0.0752966
-0.0789375
-0.08265
-0.0865825
-0.090557
-0.0947783
-0.0990767
-0.103563
-0.108276
-0.113078
-0.118252
-0.123367
-0.128825
0.0238911
0.019928
0.0133336
0.00743675
0.00280289
-0.00096512
-0.00366121
-0.00540102
-0.00685365
-0.00852227
-0.0104349
-0.0124454
-0.014563
-0.0166466
-0.018467
-0.020189
-0.0220282
-0.0238873
-0.0257866
-0.027788
-0.0298155
-0.03185
-0.0339733
-0.036156
-0.0383793
-0.0406494
-0.0429764
-0.045425
-0.0479868
-0.050617
-0.0532969
-0.0560807
-0.0589799
-0.0620444
-0.0651753
-0.0684287
-0.0718073
-0.0752956
-0.0789365
-0.0826491
-0.0865816
-0.0905561
-0.0947775
-0.0990759
-0.103562
-0.108276
-0.113077
-0.118251
-0.123366
-0.128827
0.0231944
0.0195412
0.0132959
0.00749982
0.00283252
-0.0009545
-0.00363314
-0.0053772
-0.0068554
-0.00853664
-0.0104453
-0.0124493
-0.0145556
-0.0166289
-0.0184525
-0.0201834
-0.0220255
-0.0238851
-0.0257849
-0.0277859
-0.0298129
-0.0318476
-0.0339709
-0.0361533
-0.0383762
-0.0406468
-0.0429753
-0.0454239
-0.0479844
-0.0506149
-0.0532954
-0.0560803
-0.0589796
-0.0620434
-0.0651742
-0.0684279
-0.0718063
-0.0752945
-0.0789355
-0.0826481
-0.0865807
-0.0905552
-0.0947766
-0.0990751
-0.103561
-0.108275
-0.113075
-0.118249
-0.123365
-0.128829
0.0225252
0.0191552
0.0132393
0.007556
0.00286739
-0.000943006
-0.0036105
-0.00535816
-0.00685817
-0.00855051
-0.0104556
-0.0124533
-0.0145483
-0.0166114
-0.0184381
-0.0201776
-0.0220228
-0.0238829
-0.0257832
-0.0277838
-0.0298102
-0.0318452
-0.0339685
-0.0361505
-0.038373
-0.0406442
-0.0429742
-0.0454227
-0.0479819
-0.0506127
-0.0532939
-0.0560799
-0.0589794
-0.0620423
-0.065173
-0.0684272
-0.0718053
-0.0752934
-0.0789344
-0.0826471
-0.0865797
-0.0905543
-0.0947758
-0.0990743
-0.10356
-0.108274
-0.113074
-0.118248
-0.123364
-0.12883
0.0218751
0.0187623
0.0131594
0.0076006
0.00290455
-0.000931109
-0.00359395
-0.00534462
-0.00686216
-0.00856366
-0.0104655
-0.0124575
-0.0145411
-0.0165943
-0.0184237
-0.0201717
-0.02202
-0.0238805
-0.0257815
-0.0277817
-0.0298075
-0.0318427
-0.0339659
-0.0361476
-0.0383698
-0.0406415
-0.0429729
-0.0454214
-0.0479794
-0.0506104
-0.0532924
-0.0560794
-0.0589791
-0.0620413
-0.0651719
-0.0684263
-0.0718042
-0.0752923
-0.0789333
-0.0826461
-0.0865787
-0.0905533
-0.0947748
-0.0990734
-0.10356
-0.108273
-0.113073
-0.118246
-0.123363
-0.128832
0.0212469
0.0183647
0.0130545
0.0076321
0.00294303
-0.000917041
-0.00358201
-0.00533691
-0.00686943
-0.00857805
-0.0104762
-0.0124622
-0.0145351
-0.0165777
-0.0184096
-0.0201658
-0.0220172
-0.0238783
-0.0257799
-0.0277796
-0.0298048
-0.0318403
-0.0339634
-0.0361447
-0.0383665
-0.0406388
-0.0429716
-0.04542
-0.0479769
-0.0506081
-0.0532909
-0.0560789
-0.0589788
-0.0620402
-0.0651706
-0.0684255
-0.0718031
-0.0752911
-0.0789321
-0.082645
-0.0865777
-0.0905523
-0.0947739
-0.0990725
-0.103559
-0.108272
-0.113072
-0.118245
-0.123361
-0.128833
0.020654
0.0179755
0.0129357
0.00765341
0.00298349
-0.000899964
-0.00357429
-0.00533524
-0.00687944
-0.00859214
-0.010486
-0.0124664
-0.0145287
-0.0165613
-0.0183956
-0.0201598
-0.0220144
-0.023876
-0.0257782
-0.0277775
-0.0298021
-0.0318377
-0.0339608
-0.0361417
-0.0383631
-0.0406361
-0.0429703
-0.0454187
-0.0479743
-0.0506057
-0.0532893
-0.0560784
-0.0589785
-0.0620391
-0.0651694
-0.0684246
-0.0718019
-0.0752899
-0.0789309
-0.0826439
-0.0865766
-0.0905513
-0.0947729
-0.0990716
-0.103558
-0.108271
-0.11307
-0.118243
-0.12336
-0.128835
0.0200769
0.0175815
0.0127948
0.00765684
0.00302
-0.000881216
-0.00357066
-0.00533943
-0.00689204
-0.00860617
-0.0104957
-0.012471
-0.0145229
-0.0165455
-0.0183817
-0.0201537
-0.0220114
-0.0238736
-0.0257765
-0.0277754
-0.0297993
-0.0318351
-0.0339582
-0.0361386
-0.0383596
-0.0406333
-0.0429688
-0.0454172
-0.0479716
-0.0506032
-0.0532876
-0.0560779
-0.0589782
-0.062038
-0.0651681
-0.0684237
-0.0718007
-0.0752886
-0.0789296
-0.0826427
-0.0865755
-0.0905502
-0.0947719
-0.0990707
-0.103557
-0.10827
-0.113069
-0.118241
-0.123359
-0.128837
0.019516
0.0171842
0.0126294
0.00764122
0.00305189
-0.000859426
-0.00356966
-0.00535002
-0.00690985
-0.00862279
-0.0105064
-0.0124762
-0.0145182
-0.0165305
-0.0183683
-0.0201477
-0.0220085
-0.0238713
-0.0257749
-0.0277734
-0.0297966
-0.0318325
-0.0339556
-0.0361356
-0.0383562
-0.0406304
-0.0429674
-0.0454157
-0.0479689
-0.0506008
-0.0532859
-0.0560773
-0.0589779
-0.0620368
-0.0651668
-0.0684227
-0.0717995
-0.0752873
-0.0789283
-0.0826415
-0.0865744
-0.0905491
-0.0947708
-0.0990697
-0.103556
-0.108269
-0.113067
-0.11824
-0.123358
-0.128838
0.0190097
0.0168034
0.012455
0.00761406
0.00308175
-0.000834643
-0.00357121
-0.00536688
-0.00693215
-0.00864015
-0.010516
-0.0124803
-0.0145129
-0.0165157
-0.0183551
-0.0201418
-0.0220056
-0.0238691
-0.0257734
-0.0277714
-0.0297939
-0.0318299
-0.0339529
-0.0361324
-0.0383527
-0.0406276
-0.0429658
-0.0454141
-0.0479662
-0.0505982
-0.0532842
-0.0560767
-0.0589775
-0.0620356
-0.0651654
-0.0684217
-0.0717982
-0.075286
-0.078927
-0.0826403
-0.0865732
-0.0905479
-0.0947697
-0.0990686
-0.103555
-0.108268
-0.113066
-0.118238
-0.123357
-0.12884
0.0185233
0.0164275
0.0122652
0.00756716
0.00310121
-0.000810339
-0.00357411
-0.00538771
-0.00695798
-0.00865942
-0.0105265
-0.0124849
-0.0145084
-0.0165018
-0.0183423
-0.0201357
-0.0220025
-0.0238667
-0.0257717
-0.0277694
-0.0297911
-0.0318272
-0.0339502
-0.0361292
-0.038349
-0.0406246
-0.0429643
-0.0454125
-0.0479634
-0.0505956
-0.0532824
-0.0560761
-0.0589771
-0.0620344
-0.065164
-0.0684207
-0.0717969
-0.0752846
-0.0789256
-0.082639
-0.0865719
-0.0905467
-0.0947686
-0.0990676
-0.103554
-0.108267
-0.113064
-0.118236
-0.123355
-0.128841
0.0180198
0.0160472
0.0120551
0.00749995
0.00311098
-0.000785261
-0.00357747
-0.00541431
-0.00699051
-0.00868294
-0.0105383
-0.0124896
-0.0145042
-0.0164887
-0.01833
-0.0201298
-0.0219996
-0.0238645
-0.0257703
-0.0277675
-0.0297884
-0.0318245
-0.0339475
-0.036126
-0.0383454
-0.0406217
-0.0429627
-0.0454108
-0.0479606
-0.050593
-0.0532806
-0.0560754
-0.0589767
-0.0620332
-0.0651626
-0.0684196
-0.0717955
-0.0752831
-0.0789242
-0.0826377
-0.0865706
-0.0905455
-0.0947674
-0.0990665
-0.103553
-0.108266
-0.113062
-0.118235
-0.123354
-0.128843
0.0175126
0.0156685
0.0118378
0.00742051
0.00311244
-0.000762
-0.00358278
-0.00544596
-0.00702792
-0.0087087
-0.01055
-0.0124936
-0.0144999
-0.016476
-0.0183182
-0.0201242
-0.0219968
-0.0238623
-0.0257688
-0.0277656
-0.0297857
-0.0318219
-0.0339448
-0.0361228
-0.0383418
-0.0406187
-0.042961
-0.0454091
-0.0479578
-0.0505903
-0.0532787
-0.0560747
-0.0589763
-0.0620319
-0.0651612
-0.0684185
-0.0717941
-0.0752816
-0.0789227
-0.0826363
-0.0865693
-0.0905442
-0.0947662
-0.0990653
-0.103552
-0.108265
-0.11306
-0.118233
-0.123353
-0.128845
0.0169975
0.0152942
0.0116144
0.00732436
0.00309982
-0.000743881
-0.0035881
-0.00547892
-0.00706865
-0.00873824
-0.0105643
-0.0124987
-0.0144962
-0.0164642
-0.0183069
-0.0201186
-0.0219939
-0.0238602
-0.0257674
-0.0277638
-0.0297831
-0.0318192
-0.033942
-0.0361195
-0.0383381
-0.0406157
-0.0429592
-0.0454073
-0.0479549
-0.0505875
-0.0532768
-0.0560739
-0.0589758
-0.0620306
-0.0651596
-0.0684173
-0.0717927
-0.0752801
-0.0789212
-0.0826349
-0.086568
-0.0905429
-0.094765
-0.0990642
-0.103551
-0.108264
-0.113058
-0.118231
-0.123352
-0.128846
0.0164722
0.0149188
0.0113804
0.00721248
0.0030759
-0.000729261
-0.00359406
-0.00551585
-0.00711582
-0.00877301
-0.0105806
-0.0125035
-0.0144922
-0.0164526
-0.018296
-0.0201133
-0.0219912
-0.0238582
-0.0257661
-0.0277621
-0.0297805
-0.0318165
-0.0339392
-0.0361162
-0.0383344
-0.0406126
-0.0429574
-0.0454054
-0.0479519
-0.0505847
-0.0532748
-0.0560731
-0.0589752
-0.0620293
-0.0651581
-0.0684161
-0.0717911
-0.0752785
-0.0789196
-0.0826334
-0.0865665
-0.0905415
-0.0947637
-0.099063
-0.103549
-0.108263
-0.113056
-0.118229
-0.123351
-0.128848
0.0159453
0.014541
0.0111398
0.00708872
0.00303941
-0.000722721
-0.00360302
-0.00555585
-0.00716664
-0.00881092
-0.0105988
-0.0125091
-0.0144887
-0.0164418
-0.0182859
-0.0201084
-0.0219888
-0.0238563
-0.0257648
-0.0277604
-0.029778
-0.0318139
-0.0339365
-0.0361128
-0.0383307
-0.0406095
-0.0429556
-0.0454035
-0.0479489
-0.0505818
-0.0532728
-0.0560723
-0.0589746
-0.0620279
-0.0651565
-0.0684149
-0.0717896
-0.0752769
-0.078918
-0.0826319
-0.0865651
-0.0905401
-0.0947623
-0.0990617
-0.103548
-0.108261
-0.113054
-0.118228
-0.12335
-0.128849
0.0154179
0.0141586
0.0108933
0.00695156
0.0029882
-0.000725273
-0.00361323
-0.00559627
-0.00722067
-0.00885375
-0.0106207
-0.0125164
-0.0144858
-0.0164316
-0.0182761
-0.0201036
-0.0219864
-0.0238545
-0.0257638
-0.027759
-0.0297756
-0.0318113
-0.0339338
-0.0361095
-0.038327
-0.0406064
-0.0429537
-0.0454015
-0.0479459
-0.0505789
-0.0532707
-0.0560714
-0.058974
-0.0620266
-0.0651549
-0.0684136
-0.071788
-0.0752752
-0.0789163
-0.0826303
-0.0865636
-0.0905386
-0.0947609
-0.0990604
-0.103547
-0.10826
-0.113052
-0.118226
-0.123348
-0.128851
0.0148833
0.0137713
0.0106397
0.00680275
0.00292502
-0.000735961
-0.00362687
-0.00563952
-0.00727929
-0.00890143
-0.0106458
-0.0125246
-0.0144832
-0.0164217
-0.0182667
-0.0200991
-0.0219844
-0.0238532
-0.0257629
-0.0277576
-0.0297732
-0.0318087
-0.0339311
-0.0361061
-0.0383232
-0.0406032
-0.0429517
-0.0453994
-0.0479429
-0.050576
-0.0532685
-0.0560704
-0.0589733
-0.0620251
-0.0651532
-0.0684122
-0.0717863
-0.0752735
-0.0789145
-0.0826287
-0.086562
-0.0905371
-0.0947595
-0.0990591
-0.103545
-0.108259
-0.11305
-0.118224
-0.123347
-0.128852
0.0143514
0.013381
0.0103798
0.00664348
0.00284886
-0.00075764
-0.00364596
-0.0056849
-0.00734021
-0.00895276
-0.0106744
-0.0125349
-0.0144817
-0.0164127
-0.0182579
-0.0200952
-0.0219828
-0.0238519
-0.025762
-0.0277563
-0.029771
-0.0318062
-0.0339284
-0.0361027
-0.0383194
-0.0406
-0.0429496
-0.0453973
-0.0479397
-0.0505729
-0.0532663
-0.0560694
-0.0589725
-0.0620237
-0.0651515
-0.0684108
-0.0717846
-0.0752717
-0.0789127
-0.082627
-0.0865604
-0.0905355
-0.094758
-0.0990577
-0.103544
-0.108257
-0.113047
-0.118222
-0.123346
-0.128854
0.0138252
0.0129853
0.0101122
0.00647308
0.00275999
-0.000790048
-0.00367052
-0.00573196
-0.00740367
-0.00900875
-0.0107074
-0.0125477
-0.0144812
-0.0164044
-0.0182495
-0.0200912
-0.0219813
-0.0238509
-0.0257615
-0.0277554
-0.029769
-0.0318037
-0.0339258
-0.0360994
-0.0383157
-0.0405968
-0.0429474
-0.0453951
-0.0479366
-0.0505699
-0.0532641
-0.0560683
-0.0589717
-0.0620222
-0.0651497
-0.0684093
-0.0717828
-0.0752698
-0.0789109
-0.0826253
-0.0865587
-0.0905339
-0.0947564
-0.0990562
-0.103542
-0.108256
-0.113045
-0.118221
-0.123345
-0.128855
0.0133002
0.0125857
0.00983765
0.00629203
0.00265883
-0.000833204
-0.00370172
-0.00578178
-0.00746973
-0.00906884
-0.0107445
-0.012563
-0.0144824
-0.016397
-0.0182413
-0.0200874
-0.0219803
-0.0238505
-0.0257613
-0.0277545
-0.029767
-0.0318014
-0.0339232
-0.036096
-0.0383118
-0.0405935
-0.0429452
-0.0453928
-0.0479334
-0.0505667
-0.0532618
-0.0560672
-0.0589708
-0.0620206
-0.0651479
-0.0684078
-0.0717809
-0.0752679
-0.078909
-0.0826235
-0.086557
-0.0905322
-0.0947548
-0.0990548
-0.103541
-0.108255
-0.113042
-0.118219
-0.123344
-0.128857
0.0127878
0.0121841
0.00955473
0.00610022
0.00254552
-0.000887849
-0.0037409
-0.00583511
-0.00753792
-0.00913257
-0.0107859
-0.0125814
-0.0144854
-0.0163908
-0.0182337
-0.020084
-0.0219797
-0.0238503
-0.0257612
-0.0277539
-0.0297652
-0.0317991
-0.0339207
-0.0360927
-0.0383081
-0.0405902
-0.042943
-0.0453904
-0.0479301
-0.0505636
-0.0532595
-0.056066
-0.0589699
-0.062019
-0.0651461
-0.0684062
-0.071779
-0.075266
-0.078907
-0.0826217
-0.0865552
-0.0905305
-0.0947532
-0.0990533
-0.103539
-0.108253
-0.11304
-0.118217
-0.123344
-0.128858
0.0122788
0.0117769
0.00926268
0.00589826
0.00242054
-0.000954079
-0.00378875
-0.00589234
-0.00760809
-0.00919983
-0.0108317
-0.0126029
-0.0144904
-0.0163861
-0.0182269
-0.0200807
-0.0219792
-0.0238505
-0.0257616
-0.0277536
-0.0297637
-0.0317969
-0.0339182
-0.0360894
-0.0383043
-0.0405869
-0.0429406
-0.045388
-0.0479269
-0.0505604
-0.053257
-0.0560647
-0.0589689
-0.0620174
-0.0651442
-0.0684045
-0.0717771
-0.075264
-0.0789049
-0.0826198
-0.0865534
-0.0905287
-0.0947514
-0.0990517
-0.103537
-0.108252
-0.113037
-0.118215
-0.123343
-0.128859
0.0117747
0.0113687
0.00896272
0.0056859
0.00228368
-0.00103309
-0.00384563
-0.00595435
-0.00768046
-0.00927034
-0.0108819
-0.0126282
-0.0144982
-0.0163834
-0.0182206
-0.0200772
-0.0219789
-0.0238514
-0.0257625
-0.0277536
-0.0297623
-0.0317949
-0.0339158
-0.0360862
-0.0383005
-0.0405836
-0.0429382
-0.0453855
-0.0479235
-0.0505571
-0.0532546
-0.0560634
-0.0589678
-0.0620157
-0.0651422
-0.0684028
-0.071775
-0.0752619
-0.0789028
-0.0826178
-0.0865514
-0.0905269
-0.0947497
-0.0990501
-0.103535
-0.10825
-0.113034
-0.118214
-0.123342
-0.12886
0.0112807
0.0109596
0.00865345
0.00546219
0.00213524
-0.00112479
-0.00391202
-0.00602224
-0.00775526
-0.0093438
-0.0109369
-0.0126575
-0.0145084
-0.0163824
-0.0182153
-0.0200741
-0.0219791
-0.0238526
-0.0257637
-0.0277539
-0.0297613
-0.031793
-0.0339135
-0.036083
-0.0382967
-0.0405802
-0.0429357
-0.0453829
-0.0479202
-0.0505538
-0.0532521
-0.056062
-0.0589666
-0.062014
-0.0651402
-0.068401
-0.0717729
-0.0752597
-0.0789007
-0.0826157
-0.0865495
-0.090525
-0.0947478
-0.0990484
-0.103533
-0.108248
-0.113031
-0.118212
-0.123341
-0.128862
0.0107914
0.0105492
0.0083349
0.00522733
0.00197559
-0.001225
-0.00398817
-0.0060964
-0.00783269
-0.00942016
-0.0109964
-0.0126906
-0.0145213
-0.016384
-0.0182117
-0.0200713
-0.0219791
-0.0238542
-0.0257654
-0.0277548
-0.0297606
-0.0317913
-0.0339113
-0.0360799
-0.0382929
-0.0405768
-0.0429331
-0.0453803
-0.0479167
-0.0505505
-0.0532495
-0.0560605
-0.0589654
-0.0620122
-0.0651381
-0.0683992
-0.0717707
-0.0752575
-0.0788984
-0.0826136
-0.0865475
-0.090523
-0.0947459
-0.0990467
-0.103531
-0.108247
-0.113028
-0.11821
-0.123341
-0.128863
0.0103074
0.0101397
0.00800836
0.00498125
0.00180436
-0.0013356
-0.00407407
-0.00617778
-0.00791365
-0.00949927
-0.0110599
-0.012728
-0.0145376
-0.0163882
-0.0182096
-0.0200686
-0.0219793
-0.0238563
-0.0257677
-0.0277561
-0.0297603
-0.0317899
-0.0339093
-0.0360768
-0.0382892
-0.0405734
-0.0429305
-0.0453776
-0.0479133
-0.0505471
-0.0532469
-0.056059
-0.058964
-0.0620104
-0.065136
-0.0683973
-0.0717685
-0.0752553
-0.0788961
-0.0826115
-0.0865454
-0.090521
-0.094744
-0.0990449
-0.103529
-0.108245
-0.113025
-0.118208
-0.12334
-0.128864
0.00982605
0.00973131
0.00767442
0.00472322
0.00162091
-0.00145686
-0.00416984
-0.00626697
-0.00799831
-0.00958073
-0.0111277
-0.0127701
-0.0145572
-0.016395
-0.0182093
-0.0200668
-0.0219797
-0.0238586
-0.0257703
-0.0277579
-0.0297604
-0.0317887
-0.0339074
-0.0360738
-0.0382855
-0.04057
-0.0429278
-0.0453749
-0.0479098
-0.0505436
-0.0532442
-0.0560573
-0.0589626
-0.0620085
-0.0651338
-0.0683953
-0.0717662
-0.0752529
-0.0788938
-0.0826092
-0.0865432
-0.0905189
-0.094742
-0.099043
-0.103527
-0.108243
-0.113022
-0.118207
-0.123339
-0.128865
0.00934158
0.00932306
0.00733426
0.00445325
0.00142518
-0.00158872
-0.00427528
-0.0063644
-0.00808731
-0.0096649
-0.0111998
-0.0128169
-0.0145803
-0.0164047
-0.0182115
-0.0200659
-0.02198
-0.0238612
-0.0257737
-0.0277604
-0.029761
-0.0317877
-0.0339057
-0.036071
-0.0382819
-0.0405666
-0.0429251
-0.045372
-0.0479062
-0.0505402
-0.0532415
-0.0560556
-0.0589611
-0.0620066
-0.0651316
-0.0683932
-0.0717638
-0.0752505
-0.0788913
-0.0826069
-0.086541
-0.0905168
-0.0947399
-0.0990412
-0.103525
-0.108241
-0.113019
-0.118205
-0.123339
-0.128866
0.00885357
0.00891501
0.00698948
0.00417163
0.00121638
-0.00173149
-0.00439032
-0.00647034
-0.00818138
-0.0097521
-0.0112758
-0.0128683
-0.0146071
-0.0164173
-0.018216
-0.0200662
-0.0219808
-0.0238641
-0.0257773
-0.0277633
-0.0297621
-0.0317872
-0.0339042
-0.0360683
-0.0382782
-0.0405631
-0.0429223
-0.0453692
-0.0479026
-0.0505367
-0.0532388
-0.0560539
-0.0589595
-0.0620046
-0.0651293
-0.0683911
-0.0717613
-0.075248
-0.0788888
-0.0826045
-0.0865388
-0.0905146
-0.0947378
-0.0990392
-0.103523
-0.108239
-0.113016
-0.118203
-0.123338
-0.128867
0.00836248
0.00850593
0.00664141
0.00387908
0.000993828
-0.00188475
-0.00451412
-0.0065853
-0.00828153
-0.00984233
-0.0113553
-0.0129245
-0.0146383
-0.0164331
-0.0182231
-0.0200682
-0.021982
-0.0238669
-0.0257814
-0.027767
-0.0297639
-0.0317871
-0.0339029
-0.0360658
-0.0382747
-0.0405597
-0.0429194
-0.0453662
-0.047899
-0.0505332
-0.0532359
-0.056052
-0.0589578
-0.0620025
-0.065127
-0.0683889
-0.0717587
-0.0752454
-0.0788863
-0.082602
-0.0865365
-0.0905123
-0.0947356
-0.0990372
-0.10352
-0.108238
-0.113013
-0.118201
-0.123338
-0.128867
0.00786783
0.00809469
0.00629139
0.00357688
0.000756701
-0.0020489
-0.00464665
-0.00671016
-0.00838827
-0.00993544
-0.0114386
-0.0129857
-0.0146739
-0.0164522
-0.0182328
-0.0200721
-0.0219841
-0.02387
-0.0257858
-0.0277713
-0.0297663
-0.0317873
-0.0339019
-0.0360635
-0.0382712
-0.0405562
-0.0429165
-0.0453632
-0.0478953
-0.0505296
-0.0532331
-0.0560501
-0.058956
-0.0620004
-0.0651245
-0.0683865
-0.0717561
-0.0752428
-0.0788836
-0.0825995
-0.0865341
-0.0905099
-0.0947334
-0.0990351
-0.103518
-0.108236
-0.11301
-0.118199
-0.123338
-0.128868
0.00737288
0.00767999
0.00593916
0.0032666
0.000505181
-0.00222526
-0.00478747
-0.00684415
-0.00850184
-0.0100323
-0.011526
-0.0130516
-0.0147138
-0.016475
-0.0182452
-0.0200781
-0.0219873
-0.0238733
-0.0257903
-0.0277761
-0.0297695
-0.0317881
-0.0339012
-0.0360613
-0.0382678
-0.0405528
-0.0429136
-0.0453602
-0.0478916
-0.050526
-0.0532302
-0.056048
-0.0589541
-0.0619982
-0.0651221
-0.0683841
-0.0717533
-0.0752401
-0.0788809
-0.0825969
-0.0865316
-0.0905075
-0.0947311
-0.0990329
-0.103515
-0.108234
-0.113007
-0.118198
-0.123337
-0.128869
0.00687909
0.0072606
0.00558429
0.00295094
0.000239252
-0.00241471
-0.00493518
-0.00698687
-0.00862398
-0.0101333
-0.011617
-0.013122
-0.0147583
-0.0165017
-0.0182604
-0.0200862
-0.0219922
-0.0238772
-0.0257949
-0.0277815
-0.0297734
-0.0317894
-0.0339008
-0.0360595
-0.0382646
-0.0405493
-0.0429106
-0.0453571
-0.0478879
-0.0505224
-0.0532272
-0.0560459
-0.0589521
-0.0619959
-0.0651195
-0.0683816
-0.0717505
-0.0752373
-0.0788781
-0.0825942
-0.0865291
-0.090505
-0.0947287
-0.0990307
-0.103513
-0.108231
-0.113004
-0.118196
-0.123337
-0.12887
0.00638813
0.00683732
0.00522622
0.00263129
-4.04981e-05
-0.00261851
-0.00508963
-0.00713831
-0.00875564
-0.0102383
-0.0117114
-0.0131975
-0.0148075
-0.0165327
-0.0182787
-0.0200965
-0.0219991
-0.0238818
-0.0257994
-0.0277874
-0.029778
-0.0317913
-0.0339008
-0.0360579
-0.0382615
-0.0405458
-0.0429075
-0.045354
-0.0478841
-0.0505188
-0.0532242
-0.0560437
-0.0589499
-0.0619935
-0.0651169
-0.0683791
-0.0717477
-0.0752344
-0.0788752
-0.0825913
-0.0865266
-0.0905024
-0.0947263
-0.0990284
-0.10351
-0.108229
-0.113001
-0.118194
-0.123337
-0.12887
0.00590064
0.00640975
0.00486693
0.00230868
-0.000332196
-0.00283827
-0.00525122
-0.00729682
-0.00889733
-0.0103484
-0.0118093
-0.0132781
-0.0148613
-0.0165679
-0.0183003
-0.0201086
-0.0220079
-0.0238878
-0.0258039
-0.0277935
-0.0297838
-0.0317937
-0.033901
-0.0360567
-0.0382587
-0.0405424
-0.0429045
-0.0453507
-0.0478802
-0.0505152
-0.0532212
-0.0560414
-0.0589477
-0.061991
-0.0651142
-0.0683764
-0.0717447
-0.0752315
-0.0788723
-0.0825885
-0.086524
-0.0904997
-0.0947238
-0.0990261
-0.103508
-0.108227
-0.112997
-0.118192
-0.123337
-0.128871
0.00541314
0.00597824
0.00449702
0.00198023
-0.000633362
-0.00307534
-0.00542094
-0.00746062
-0.00904985
-0.0104648
-0.0119104
-0.0133635
-0.0149194
-0.0166076
-0.0183257
-0.0201229
-0.0220189
-0.0238956
-0.0258086
-0.0277996
-0.0297903
-0.031797
-0.0339015
-0.0360557
-0.0382561
-0.0405391
-0.0429014
-0.0453475
-0.0478763
-0.0505115
-0.0532182
-0.0560391
-0.0589454
-0.0619885
-0.0651115
-0.0683736
-0.0717416
-0.0752284
-0.0788693
-0.0825855
-0.0865213
-0.090497
-0.0947213
-0.0990236
-0.103505
-0.108225
-0.112994
-0.118191
-0.123337
-0.128871
0.00492615
0.00554417
0.00412004
0.00165183
-0.000941239
-0.00332994
-0.00560113
-0.00762805
-0.00921262
-0.0105888
-0.0120142
-0.0134539
-0.0149824
-0.0166518
-0.0183554
-0.0201392
-0.0220317
-0.0239056
-0.0258138
-0.0278057
-0.0297976
-0.0318012
-0.0339025
-0.036055
-0.0382538
-0.0405359
-0.0428983
-0.0453442
-0.0478724
-0.0505079
-0.053215
-0.0560366
-0.058943
-0.0619859
-0.0651086
-0.0683707
-0.0717385
-0.0752253
-0.0788662
-0.0825825
-0.0865186
-0.0904941
-0.0947187
-0.0990211
-0.103502
-0.108223
-0.112991
-0.118189
-0.123337
-0.128872
0.0044393
0.00510823
0.00373619
0.00131832
-0.00125341
-0.00360087
-0.00579449
-0.00779803
-0.00938456
-0.0107219
-0.0121212
-0.0135495
-0.0150502
-0.0166996
-0.0183897
-0.0201582
-0.0220463
-0.0239182
-0.0258199
-0.0278113
-0.0298057
-0.0318063
-0.0339037
-0.0360545
-0.0382517
-0.0405327
-0.0428953
-0.0453409
-0.0478685
-0.0505042
-0.0532119
-0.0560341
-0.0589404
-0.0619832
-0.0651058
-0.0683677
-0.0717353
-0.0752221
-0.0788631
-0.0825793
-0.0865158
-0.0904912
-0.094716
-0.0990186
-0.103499
-0.10822
-0.112988
-0.118187
-0.123337
-0.128872
0.00395217
0.0046711
0.00334613
0.000978284
-0.00156823
-0.00388607
-0.00600366
-0.0079706
-0.00956428
-0.0108659
-0.0122314
-0.0136494
-0.0151233
-0.0167511
-0.0184287
-0.0201803
-0.0220624
-0.0239333
-0.0258275
-0.0278166
-0.0298141
-0.0318127
-0.0339055
-0.0360542
-0.0382501
-0.0405298
-0.0428921
-0.0453376
-0.0478646
-0.0505006
-0.0532087
-0.0560315
-0.0589377
-0.0619803
-0.0651028
-0.0683646
-0.071732
-0.0752188
-0.0788599
-0.0825761
-0.0865129
-0.0904882
-0.0947133
-0.099016
-0.103496
-0.108218
-0.112985
-0.118186
-0.123337
-0.128873
0.00346525
0.00423285
0.0029511
0.000630163
-0.00188538
-0.00418254
-0.00623147
-0.00814658
-0.00974872
-0.0110216
-0.0123451
-0.0137522
-0.0152028
-0.0168069
-0.0184722
-0.0202054
-0.0220798
-0.0239513
-0.0258374
-0.0278217
-0.0298224
-0.03182
-0.033908
-0.0360541
-0.0382487
-0.0405272
-0.042889
-0.0453341
-0.0478606
-0.050497
-0.0532055
-0.0560288
-0.058935
-0.0619773
-0.0650997
-0.0683614
-0.0717287
-0.0752155
-0.0788566
-0.0825728
-0.08651
-0.0904851
-0.0947105
-0.0990134
-0.103493
-0.108216
-0.112981
-0.118184
-0.123337
-0.128873
0.00297851
0.00379285
0.00255294
0.000273644
-0.00220579
-0.0044867
-0.00647881
-0.00832851
-0.00993482
-0.0111896
-0.0124654
-0.0138577
-0.0152875
-0.0168663
-0.0185206
-0.0202349
-0.0220982
-0.0239715
-0.02585
-0.0278271
-0.0298306
-0.0318282
-0.0339109
-0.0360542
-0.0382477
-0.0405248
-0.0428861
-0.0453308
-0.0478566
-0.0504932
-0.0532022
-0.0560261
-0.0589322
-0.0619744
-0.0650966
-0.068358
-0.0717252
-0.075212
-0.0788533
-0.0825694
-0.0865071
-0.090482
-0.0947077
-0.0990107
-0.10349
-0.108213
-0.112978
-0.118182
-0.123337
-0.128874
0.00249289
0.00335041
0.00215258
-9.10609e-05
-0.00253152
-0.00479496
-0.00674419
-0.0085203
-0.0101211
-0.0113683
-0.0125939
-0.0139658
-0.0153771
-0.0169289
-0.0185731
-0.0202698
-0.0221187
-0.0239931
-0.0258654
-0.0278333
-0.0298385
-0.0318373
-0.0339149
-0.0360541
-0.0382467
-0.040523
-0.0428832
-0.0453274
-0.0478528
-0.0504895
-0.0531987
-0.0560231
-0.0589293
-0.0619713
-0.0650935
-0.0683547
-0.0717216
-0.0752083
-0.0788497
-0.082566
-0.0865041
-0.0904788
-0.0947048
-0.099008
-0.103487
-0.108211
-0.112975
-0.118181
-0.123337
-0.128874
0.00201012
0.00290471
0.00175003
-0.000462855
-0.00286468
-0.00510513
-0.00702537
-0.00872603
-0.0103065
-0.0115552
-0.0127316
-0.0140761
-0.0154727
-0.0169962
-0.0186284
-0.020309
-0.0221415
-0.0240168
-0.0258839
-0.0278406
-0.0298458
-0.0318468
-0.0339199
-0.0360546
-0.0382458
-0.0405212
-0.0428807
-0.0453241
-0.0478489
-0.050486
-0.0531954
-0.05602
-0.0589261
-0.061968
-0.0650902
-0.0683512
-0.0717182
-0.0752048
-0.0788462
-0.0825623
-0.086501
-0.0904755
-0.0947019
-0.0990052
-0.103484
-0.108209
-0.112972
-0.118179
-0.123338
-0.128875
0.00153022
0.00245494
0.00134435
-0.000839702
-0.00320676
-0.00541732
-0.00731872
-0.00894825
-0.0104915
-0.0117472
-0.01288
-0.0141892
-0.0155728
-0.0170689
-0.0186872
-0.0203527
-0.0221663
-0.0240415
-0.025906
-0.0278502
-0.0298525
-0.0318562
-0.0339258
-0.0360555
-0.038245
-0.0405197
-0.0428783
-0.0453209
-0.0478451
-0.0504823
-0.0531921
-0.0560172
-0.0589229
-0.0619646
-0.0650867
-0.0683474
-0.0717145
-0.0752011
-0.0788428
-0.0825589
-0.0864978
-0.0904721
-0.0946988
-0.0990024
-0.103481
-0.108206
-0.112969
-0.118178
-0.123338
-0.128875
0.00105367
0.00200163
0.000933894
-0.00121995
-0.00355844
-0.00573315
-0.00761997
-0.00918831
-0.0106788
-0.0119415
-0.0130397
-0.0143062
-0.0156754
-0.0171461
-0.0187499
-0.0204024
-0.0221943
-0.0240662
-0.0259303
-0.0278628
-0.0298599
-0.0318652
-0.0339322
-0.0360569
-0.0382441
-0.0405185
-0.0428763
-0.0453177
-0.0478414
-0.0504787
-0.0531884
-0.0560139
-0.0589197
-0.0619613
-0.0650833
-0.0683437
-0.0717106
-0.0751971
-0.078839
-0.0825552
-0.0864948
-0.0904688
-0.0946957
-0.0989995
-0.103478
-0.108204
-0.112966
-0.118176
-0.123338
-0.128875
0.000580386
0.00154569
0.000516654
-0.00160285
-0.0039188
-0.00605453
-0.00792545
-0.00944612
-0.010872
-0.0121358
-0.0132093
-0.0144281
-0.0157805
-0.017228
-0.0188155
-0.0204573
-0.0222273
-0.0240922
-0.0259558
-0.0278771
-0.0298675
-0.0318742
-0.0339397
-0.0360596
-0.0382434
-0.040517
-0.0428745
-0.045315
-0.0478375
-0.0504751
-0.053185
-0.0560106
-0.0589161
-0.0619577
-0.0650798
-0.0683399
-0.071707
-0.0751933
-0.0788352
-0.0825514
-0.0864914
-0.0904654
-0.0946927
-0.0989968
-0.103475
-0.108201
-0.112963
-0.118175
-0.123338
-0.128876
0.00010921
0.00108822
9.11764e-05
-0.00198924
-0.00428612
-0.00638375
-0.00823302
-0.00971934
-0.0110746
-0.0123278
-0.0133867
-0.0145568
-0.015888
-0.0173144
-0.0188837
-0.0205161
-0.0222652
-0.0241205
-0.0259842
-0.0278941
-0.0298745
-0.0318814
-0.0339472
-0.0360635
-0.0382435
-0.0405158
-0.0428731
-0.0453125
-0.047834
-0.0504713
-0.0531812
-0.0560074
-0.0589126
-0.0619541
-0.0650761
-0.0683359
-0.0717032
-0.0751894
-0.0788315
-0.0825477
-0.086488
-0.0904617
-0.0946894
-0.0989939
-0.103471
-0.108199
-0.11296
-0.118173
-0.123339
-0.128876
-0.000361408
0.000630622
-0.000342427
-0.00238086
-0.00465843
-0.00672245
-0.00854201
-0.0100039
-0.0112893
-0.0125179
-0.0135695
-0.0146935
-0.0159981
-0.0174048
-0.0189549
-0.0205785
-0.0223071
-0.0241496
-0.0260143
-0.0279162
-0.0298846
-0.0318873
-0.0339527
-0.0360673
-0.0382437
-0.0405144
-0.0428725
-0.0453108
-0.0478307
-0.0504677
-0.0531776
-0.0560037
-0.0589087
-0.0619504
-0.0650725
-0.0683318
-0.0716993
-0.0751853
-0.0788276
-0.0825439
-0.0864848
-0.0904583
-0.0946862
-0.098991
-0.103468
-0.108197
-0.112958
-0.118172
-0.123339
-0.128876
-0.000834371
0.000172684
-0.000783212
-0.00278058
-0.0050349
-0.00707091
-0.00885318
-0.0102955
-0.0115174
-0.0127073
-0.013755
-0.0148378
-0.016111
-0.0174992
-0.0190295
-0.0206445
-0.0223544
-0.0241801
-0.0260434
-0.0279393
-0.0298972
-0.031895
-0.0339594
-0.0360719
-0.0382438
-0.0405118
-0.0428708
-0.0453095
-0.0478278
-0.0504642
-0.0531742
-0.0560006
-0.0589049
-0.0619464
-0.0650686
-0.0683276
-0.0716954
-0.0751811
-0.0788237
-0.08254
-0.0864812
-0.0904548
-0.0946831
-0.0989883
-0.103465
-0.108194
-0.112955
-0.11817
-0.12334
-0.128877
-0.00131032
-0.000286442
-0.00122945
-0.00319019
-0.00541581
-0.00742856
-0.00916913
-0.0105907
-0.0117585
-0.0128975
-0.0139395
-0.0149891
-0.0162274
-0.017597
-0.0191074
-0.0207138
-0.0224077
-0.0242143
-0.0260733
-0.0279635
-0.0299094
-0.0319003
-0.0339653
-0.0360791
-0.0382467
-0.0405101
-0.042869
-0.0453078
-0.0478246
-0.0504601
-0.0531702
-0.055997
-0.0589013
-0.0619429
-0.0650649
-0.0683235
-0.0716914
-0.0751768
-0.0788197
-0.0825361
-0.0864778
-0.0904512
-0.0946797
-0.0989854
-0.103462
-0.108192
-0.112953
-0.118169
-0.12334
-0.128877
-0.00178974
-0.000748725
-0.00167999
-0.00361054
-0.00580248
-0.00779374
-0.00949211
-0.0108873
-0.0120096
-0.01309
-0.0141208
-0.0151451
-0.0163478
-0.0176992
-0.0191895
-0.0207856
-0.0224657
-0.0242514
-0.0261034
-0.0279906
-0.0299253
-0.0319053
-0.0339676
-0.0360839
-0.03825
-0.0405096
-0.0428687
-0.045308
-0.0478223
-0.050456
-0.0531659
-0.0559929
-0.0588966
-0.0619386
-0.065061
-0.0683195
-0.0716878
-0.0751727
-0.0788158
-0.0825322
-0.0864741
-0.0904475
-0.0946764
-0.0989825
-0.103458
-0.10819
-0.11295
-0.118168
-0.12334
-0.128878
-0.00227374
-0.00121732
-0.00213578
-0.00404251
-0.00619743
-0.00816505
-0.00982309
-0.0111846
-0.0122682
-0.0132869
-0.0142974
-0.0153034
-0.0164707
-0.0178037
-0.019276
-0.0208599
-0.0225289
-0.0242934
-0.0261332
-0.0280166
-0.0299426
-0.0319121
-0.0339714
-0.0360893
-0.0382525
-0.0405076
-0.0428667
-0.0453079
-0.0478213
-0.0504531
-0.0531622
-0.0559893
-0.0588925
-0.0619341
-0.0650564
-0.0683148
-0.0716836
-0.0751684
-0.0788119
-0.0825285
-0.0864708
-0.0904441
-0.0946731
-0.0989798
-0.103455
-0.108188
-0.112948
-0.118166
-0.123341
-0.128878
-0.00276215
-0.00169479
-0.00259977
-0.00448656
-0.00660298
-0.00854143
-0.0101606
-0.0114813
-0.0125305
-0.0134898
-0.0144709
-0.0154641
-0.0165978
-0.0179097
-0.0193654
-0.0209351
-0.0225952
-0.0243407
-0.0261646
-0.0280432
-0.0299612
-0.031918
-0.0339728
-0.0360952
-0.038258
-0.0405075
-0.0428645
-0.0453064
-0.0478189
-0.0504491
-0.0531581
-0.0559857
-0.0588887
-0.0619307
-0.0650529
-0.0683108
-0.0716797
-0.0751639
-0.0788077
-0.0825244
-0.0864671
-0.0904406
-0.09467
-0.0989773
-0.103452
-0.108186
-0.112946
-0.118165
-0.123341
-0.128877
-0.00325679
-0.00218331
-0.00307516
-0.00494393
-0.00702256
-0.00892454
-0.0105037
-0.0117757
-0.0127884
-0.0136946
-0.0146397
-0.0156235
-0.0167301
-0.0180194
-0.0194601
-0.0210126
-0.0226621
-0.0243905
-0.0261954
-0.0280677
-0.0299819
-0.0319271
-0.0339744
-0.0360992
-0.0382625
-0.0405085
-0.0428639
-0.0453064
-0.0478177
-0.050445
-0.0531526
-0.0559805
-0.0588836
-0.0619256
-0.0650484
-0.0683067
-0.0716763
-0.0751601
-0.0788043
-0.0825211
-0.0864639
-0.0904375
-0.0946671
-0.0989751
-0.10345
-0.108184
-0.112944
-0.118164
-0.123342
-0.12888
-0.00376424
-0.00268813
-0.00356733
-0.00541704
-0.00745831
-0.00931668
-0.0108535
-0.0120719
-0.0130425
-0.013901
-0.0148053
-0.0157792
-0.0168667
-0.0181328
-0.0195597
-0.0210944
-0.0227306
-0.0244444
-0.0262279
-0.0280888
-0.0299999
-0.031936
-0.0339764
-0.0361046
-0.0382689
-0.0405103
-0.042863
-0.045306
-0.0478173
-0.0504427
-0.0531487
-0.055976
-0.0588787
-0.0619206
-0.0650428
-0.0683005
-0.0716703
-0.0751536
-0.0787985
-0.0825156
-0.0864589
-0.0904328
-0.0946626
-0.0989713
-0.103446
-0.108181
-0.112941
-0.118162
-0.123341
-0.128877
-0.00428175
-0.00321093
-0.00407879
-0.00590562
-0.00790614
-0.00971095
-0.011196
-0.0123571
-0.0132816
-0.0141008
-0.014968
-0.015931
-0.0170068
-0.0182501
-0.0196617
-0.021179
-0.0227992
-0.0244996
-0.0262619
-0.0281086
-0.0300184
-0.0319468
-0.0339772
-0.0361074
-0.0382756
-0.0405148
-0.042864
-0.0453063
-0.0478174
-0.0504408
-0.0531457
-0.0559736
-0.0588767
-0.0619189
-0.0650416
-0.0682996
-0.0716696
-0.0751523
-0.0787975
-0.0825144
-0.0864576
-0.0904316
-0.0946616
-0.0989709
-0.103445
-0.108181
-0.112942
-0.118163
-0.123344
-0.128881
-0.00485362
-0.0037905
-0.00464345
-0.00643286
-0.00837733
-0.0101128
-0.0115307
-0.0126251
-0.0134952
-0.0142784
-0.0151162
-0.0160703
-0.0171421
-0.0183664
-0.0197617
-0.021262
-0.0228624
-0.0245478
-0.0262899
-0.0281191
-0.0300284
-0.0319544
-0.0339759
-0.036106
-0.0382768
-0.0405135
-0.0428593
-0.0453012
-0.0478127
-0.0504348
-0.0531375
-0.0559646
-0.0588676
-0.0619099
-0.0650323
-0.0682902
-0.0716608
-0.0751434
-0.0787895
-0.0825069
-0.0864506
-0.0904253
-0.0946556
-0.0989659
-0.10344
-0.108177
-0.112938
-0.11816
-0.123342
-0.128877
-0.00542662
-0.0044136
-0.00527735
-0.00703259
-0.00890807
-0.010558
-0.0118914
-0.0129132
-0.0137272
-0.0144784
-0.0152945
-0.0162376
-0.0173067
-0.0185127
-0.0198857
-0.0213666
-0.0229428
-0.0246105
-0.026334
-0.0281433
-0.0300499
-0.0319749
-0.0339863
-0.0361152
-0.0382907
-0.0405255
-0.0428659
-0.0453056
-0.047817
-0.0504379
-0.0531396
-0.0559661
-0.0588689
-0.0619114
-0.065034
-0.0682914
-0.0716616
-0.0751435
-0.0787899
-0.0825069
-0.0864505
-0.0904253
-0.0946558
-0.0989667
-0.103441
-0.108178
-0.11294
-0.118162
-0.123345
-0.128881
-0.00593304
-0.00497145
-0.00585318
-0.00756754
-0.00935487
-0.0108997
-0.0121331
-0.0130813
-0.0138544
-0.0145961
-0.0154175
-0.0163622
-0.0174345
-0.0186282
-0.0199763
-0.0214378
-0.02299
-0.02464
-0.0263507
-0.0281429
-0.0300475
-0.0319773
-0.0339813
-0.0361057
-0.0382851
-0.0405208
-0.042858
-0.0452967
-0.0478083
-0.0504286
-0.0531287
-0.0559547
-0.0588581
-0.061901
-0.065024
-0.0682817
-0.0716527
-0.075135
-0.0787822
-0.0824999
-0.0864438
-0.0904195
-0.09465
-0.0989619
-0.103436
-0.108174
-0.112936
-0.118159
-0.123343
-0.128878
-0.00703743
-0.00608529
-0.00686086
-0.00839633
-0.0099839
-0.0113529
-0.0124415
-0.0132968
-0.0140303
-0.0147694
-0.0156013
-0.0165444
-0.0176119
-0.0187892
-0.0201044
-0.02154
-0.0230652
-0.0246928
-0.0263922
-0.028167
-0.0300644
-0.0319993
-0.0339979
-0.0361165
-0.0382991
-0.0405335
-0.0428644
-0.0453007
-0.047812
-0.0504318
-0.0531317
-0.0559559
-0.0588579
-0.0619011
-0.0650243
-0.0682805
-0.0716507
-0.0751325
-0.0787803
-0.0824977
-0.0864417
-0.0904181
-0.0946491
-0.0989619
-0.103436
-0.108175
-0.112937
-0.11816
-0.123345
-0.128879
-0.00712481
-0.00668269
-0.00761957
-0.00904809
-0.0104342
-0.0116254
-0.0125926
-0.0133991
-0.0141415
-0.0149074
-0.0157606
-0.0167033
-0.017759
-0.0189188
-0.0201995
-0.0216075
-0.0231103
-0.0247171
-0.0264109
-0.0281754
-0.0300638
-0.0320053
-0.0340012
-0.0361106
-0.0382961
-0.0405341
-0.0428615
-0.0452961
-0.0478068
-0.0504253
-0.053125
-0.0559492
-0.058851
-0.0618948
-0.0650193
-0.068276
-0.0716468
-0.0751289
-0.0787773
-0.0824948
-0.0864388
-0.0904155
-0.0946464
-0.09896
-0.103434
-0.108174
-0.112937
-0.11816
-0.123347
-0.128882
-0.00958348
-0.00857286
-0.00888336
-0.0097433
-0.010723
-0.0116793
-0.0125732
-0.013414
-0.0142298
-0.0150495
-0.0159233
-0.0168626
-0.0179018
-0.0190421
-0.0202892
-0.0216665
-0.0231489
-0.0247353
-0.0264245
-0.0281836
-0.0300611
-0.0320092
-0.0340085
-0.0361096
-0.0382954
-0.0405344
-0.0428564
-0.04529
-0.0478012
-0.0504194
-0.0531201
-0.0559431
-0.0588423
-0.0618864
-0.0650118
-0.0682666
-0.0716365
-0.0751188
-0.0787683
-0.0824864
-0.0864309
-0.0904092
-0.094641
-0.098956
-0.10343
-0.108171
-0.112935
-0.118157
-0.123344
-0.128875
-0.0116608
-0.011598
-0.0111937
-0.011005
-0.0111962
-0.0117678
-0.0125692
-0.0134487
-0.014349
-0.0152363
-0.0161354
-0.0170691
-0.0180808
-0.0191909
-0.0204015
-0.0217445
-0.0232068
-0.0247735
-0.0264571
-0.0282138
-0.0300785
-0.0320281
-0.0340296
-0.0361192
-0.038304
-0.0405473
-0.0428654
-0.0452963
-0.0478067
-0.0504226
-0.0531238
-0.0559472
-0.0588457
-0.06189
-0.0650168
-0.0682716
-0.0716413
-0.0751239
-0.0787735
-0.0824911
-0.0864353
-0.0904136
-0.094645
-0.0989602
-0.103434
-0.108175
-0.11294
-0.118162
-0.12335
-0.128883
-0.0128348
-0.0113999
-0.0108667
-0.010896
-0.0112574
-0.0118468
-0.0125962
-0.0134421
-0.0143471
-0.0152662
-0.0161994
-0.0171558
-0.0181634
-0.0192566
-0.0204452
-0.0217618
-0.023209
-0.0247607
-0.0264397
-0.0282005
-0.0300569
-0.0320105
-0.0340212
-0.0361049
-0.0382879
-0.0405341
-0.0428482
-0.0452793
-0.0477917
-0.0504076
-0.0531106
-0.0559341
-0.0588295
-0.0618736
-0.065002
-0.0682546
-0.0716238
-0.075107
-0.0787581
-0.082477
-0.0864221
-0.0904025
-0.0946351
-0.0989519
-0.103426
-0.108169
-0.112934
-0.118156
-0.123343
-0.128872
-0.0139664
-0.0135613
-0.0127566
-0.0121176
-0.0118894
-0.0121221
-0.0127189
-0.0135208
-0.0144288
-0.0153711
-0.0163242
-0.0172945
-0.0182964
-0.0193714
-0.0205419
-0.0218344
-0.0232663
-0.0248021
-0.0264695
-0.0282318
-0.0300789
-0.0320288
-0.0340448
-0.036121
-0.0383004
-0.0405506
-0.0428621
-0.0452905
-0.0478032
-0.0504166
-0.0531196
-0.0559445
-0.0588388
-0.0618823
-0.0650122
-0.0682648
-0.0716334
-0.0751167
-0.0787678
-0.0824862
-0.0864308
-0.0904111
-0.0946434
-0.0989601
-0.103435
-0.108177
-0.112943
-0.118164
-0.123351
-0.128882
-0.0154515
-0.013388
-0.0122843
-0.0118163
-0.0118121
-0.0121581
-0.0127624
-0.013543
-0.0144319
-0.0153686
-0.016325
-0.0173024
-0.0183106
-0.0193828
-0.0205511
-0.0218373
-0.023263
-0.0247951
-0.0264544
-0.0282171
-0.030062
-0.0320076
-0.0340288
-0.0361053
-0.0382808
-0.0405322
-0.0428428
-0.0452711
-0.047786
-0.0504008
-0.0531045
-0.0559302
-0.0588229
-0.0618651
-0.0649961
-0.068247
-0.0716153
-0.0750987
-0.0787513
-0.0824716
-0.0864172
-0.0903997
-0.0946334
-0.0989519
-0.103427
-0.108171
-0.112938
-0.118158
-0.123345
-0.128868
)
;

boundaryField
{
    zeroGradientPlanes
    {
        type            zeroGradient;
    }
    inlet
    {
        type            zeroGradient;
    }
    plate
    {
        type            zeroGradient;
    }
    frontAndBack
    {
        type            empty;
    }
}


// ************************************************************************* //
