/*--------------------------------*- C++ -*----------------------------------*\
| =========                 |                                                 |
| \\      /  F ield         | OpenFOAM: The Open Source CFD Toolbox           |
|  \\    /   O peration     | Version:  v2012                                 |
|   \\  /    A nd           | Website:  www.openfoam.com                      |
|    \\/     M anipulation  |                                                 |
\*---------------------------------------------------------------------------*/
FoamFile
{
    version     2.0;
    format      ascii;
    class       volScalarField;
    location    "1.7";
    object      p;
}
// * * * * * * * * * * * * * * * * * * * * * * * * * * * * * * * * * * * * * //

dimensions      [0 2 -2 0 0 0 0];


internalField   nonuniform List<scalar> 
7000
(
1.47876e-10
0.00067548
0.00186988
0.00242864
0.00181118
0.00506374
-0.00217491
-0.00165193
-0.00179861
-0.00223836
-2.79873e-05
0.00281086
0.00233001
0.00455244
0.00517814
0.00749603
0.00865787
0.0119301
0.0145888
0.019887
-4.50997e-07
0.00067571
0.00187108
0.00242145
0.00182383
0.00499003
-0.00215227
-0.00164971
-0.00180202
-0.00218464
-2.84968e-05
0.00281404
0.00233021
0.00454568
0.00518587
0.00748105
0.00867373
0.0118959
0.0146179
0.0196537
-1.10452e-06
0.000676146
0.00187226
0.0024117
0.00184318
0.00491109
-0.0021166
-0.00163468
-0.00179935
-0.00211191
-3.02392e-05
0.002812
0.00233354
0.00452892
0.00519539
0.00745602
0.00869083
0.0118415
0.0146373
0.0192577
-1.80355e-06
0.000676588
0.00187326
0.00240004
0.00185521
0.00482963
-0.00207872
-0.00159739
-0.0017993
-0.00203343
-3.41639e-05
0.00280233
0.00233686
0.00450433
0.00520456
0.00742435
0.00870583
0.0117785
0.0146266
0.0188488
-2.5739e-06
0.000677019
0.00187419
0.00238542
0.00185922
0.00474409
-0.00203686
-0.00154651
-0.00180723
-0.00195398
-3.93674e-05
0.00278532
0.00233872
0.0044748
0.00521383
0.00738735
0.0087212
0.0117052
0.0145929
0.0184643
-3.44146e-06
0.000677465
0.001875
0.00236764
0.00185865
0.00465685
-0.00199045
-0.00149135
-0.00182203
-0.00187547
-4.38646e-05
0.00276228
0.00234
0.00444177
0.00522404
0.00734571
0.00873656
0.0116221
0.0145421
0.0181035
-4.40999e-06
0.00067793
0.00187566
0.00234721
0.0018555
0.00456883
-0.00194124
-0.00143583
-0.00184017
-0.00179828
-4.55147e-05
0.00273436
0.0023421
0.00440536
0.00523577
0.00729917
0.00875082
0.0115307
0.0144748
0.0177572
-5.47857e-06
0.000678406
0.00187616
0.00232479
0.00185083
0.00447956
-0.0018907
-0.00138094
-0.00185836
-0.00172226
-4.29685e-05
0.00270213
0.00234591
0.00436517
0.00524897
0.00724757
0.00876257
0.0114321
0.0143893
0.0174191
-6.64694e-06
0.000678882
0.00187649
0.00230092
0.00184559
0.00438827
-0.00183946
-0.00132661
-0.00187441
-0.00164737
-3.58535e-05
0.00266568
0.00235165
0.00432079
0.00526317
0.00719113
0.00876991
0.0113274
0.0142844
0.0170867
-7.91539e-06
0.000679344
0.00187663
0.00227595
0.00184049
0.00429437
-0.00178757
-0.00127269
-0.0018873
-0.00157407
-2.4409e-05
0.00262501
0.00235911
0.00427204
0.00527748
0.0071304
0.00877095
0.0112177
0.0141597
0.016759
-9.28449e-06
0.000679776
0.0018766
0.00224991
0.00183583
0.00419762
-0.00173489
-0.00121937
-0.00189671
-0.00150317
-9.05697e-06
0.00258017
0.00236787
0.004219
0.00529073
0.00706621
0.00876395
0.0111038
0.014015
0.016435
-1.07547e-05
0.000680164
0.00187639
0.00222259
0.00183166
0.00409804
-0.00168125
-0.00116714
-0.00190264
-0.00143562
9.85109e-06
0.00253138
0.00237743
0.00416196
0.00530167
0.00699943
0.00874726
0.0109858
0.0138507
0.0161132
-1.23264e-05
0.00068049
0.00187604
0.00219368
0.00182796
0.00399578
-0.00162653
-0.00111655
-0.00190513
-0.00137231
3.21321e-05
0.00247893
0.00238715
0.00410159
0.005309
0.00693075
0.00871947
0.0108636
0.0136674
0.0157914
-1.39999e-05
0.000680738
0.00187555
0.00216297
0.00182471
0.00389102
-0.00157062
-0.0010681
-0.00190415
-0.00131394
5.77683e-05
0.00242316
0.00239621
0.00403884
0.00531146
0.00686055
0.00867955
0.0107367
0.0134657
0.0154674
-1.57757e-05
0.000680889
0.00187493
0.00213044
0.00182198
0.00378393
-0.0015134
-0.00102213
-0.00189952
-0.001261
8.68086e-05
0.00236445
0.00240361
0.00397478
0.00530793
0.00678907
0.00862678
0.010604
0.0132465
0.0151391
-1.76551e-05
0.000680923
0.0018742
0.0020963
0.00181993
0.00367458
-0.00145483
-0.000978819
-0.00189094
-0.00121371
0.000119198
0.0023034
0.00240811
0.00391046
0.00529749
0.0067164
0.00856098
0.010464
0.0130105
0.0148044
-1.96395e-05
0.000680817
0.00187338
0.0020609
0.00181881
0.00356294
-0.00139488
-0.000938288
-0.00187806
-0.00117208
0.000154622
0.00224089
0.00240834
0.00384669
0.00527943
0.00664241
0.00848259
0.0103154
0.0127582
0.014462
-2.17301e-05
0.000680548
0.00187248
0.00202463
0.00181884
0.00344895
-0.00133357
-0.000900592
-0.00186056
-0.0011359
0.000192432
0.00217801
0.00240304
0.003784
0.00525318
0.00656645
0.00839225
0.0101577
0.0124903
0.0141105
-2.39272e-05
0.000680088
0.0018715
0.00198771
0.0018202
0.00333262
-0.00127098
-0.000865786
-0.00183824
-0.00110474
0.000231593
0.00211611
0.00239103
0.00372272
0.00521865
0.00648715
0.00828997
0.00999103
0.0122082
0.0137495
-2.62292e-05
0.000679407
0.00187047
0.0019502
0.00182293
0.00321403
-0.00120729
-0.000833904
-0.00181109
-0.00107796
0.000270644
0.00205671
0.00237139
0.00366254
0.00517658
0.00640316
0.00817476
0.00981489
0.011914
0.0133795
-2.86327e-05
0.000678469
0.00186937
0.00191196
0.00182699
0.00309341
-0.00114275
-0.000804921
-0.00177933
-0.00105461
0.000307838
0.00200123
0.0023439
0.00360223
0.00512775
0.00631397
0.00804618
0.00962778
0.011609
0.0130021
-3.11322e-05
0.000677237
0.00186818
0.00187274
0.00183219
0.00297109
-0.00107763
-0.000778736
-0.00174343
-0.00103349
0.000341452
0.00195052
0.00230903
0.00354046
0.00507223
0.00621883
0.00790526
0.00942942
0.0112931
0.012618
-3.3719e-05
0.000675662
0.00186689
0.00183234
0.00183833
0.00284739
-0.0010123
-0.000755108
-0.00170412
-0.00101315
0.000369994
0.00190486
0.0022673
0.00347624
0.00501067
0.00611575
0.00775233
0.00922196
0.0109674
0.0122268
-3.63798e-05
0.000673687
0.00186548
0.00179065
0.00184518
0.00272265
-0.000947229
-0.000733617
-0.00166243
-0.000992082
0.000392295
0.00186435
0.00221919
0.00340757
0.00494505
0.00600403
0.00758506
0.00900687
0.0106352
0.0118286
-3.90976e-05
0.000671244
0.00186393
0.00174766
0.00185247
0.00259721
-0.000882943
-0.000713731
-0.0016196
-0.000968876
0.000407448
0.00182891
0.00216612
0.00333086
0.00487646
0.00588604
0.00740011
0.00878164
0.0103009
0.0114262
-4.18514e-05
0.000668261
0.00186224
0.00170348
0.00185988
0.00247137
-0.000819945
-0.000694797
-0.00157701
-0.000942353
0.000414879
0.00179745
0.00211068
0.00324322
0.00480296
0.00576551
0.00719753
0.00854052
0.00996582
0.0110244
-4.4617e-05
0.000664653
0.0018604
0.00165822
0.00186706
0.00234548
-0.000758853
-0.000676036
-0.00153597
-0.000911542
0.000414722
0.00176777
0.00205486
0.00314453
0.0047212
0.00564402
0.00698293
0.0082809
0.00962524
0.0106249
-4.73645e-05
0.000660323
0.00185845
0.00161202
0.00187361
0.00221995
-0.0007004
-0.00065667
-0.00149762
-0.000875888
0.000407834
0.00173834
0.00199905
0.00303517
0.00462755
0.0055182
0.00676367
0.00800934
0.0092766
0.0102234
-5.00535e-05
0.000655162
0.00185641
0.00156494
0.00187911
0.00209533
-0.000645427
-0.000635871
-0.00146289
-0.000835598
0.000394671
0.0017088
0.00194406
0.00291585
0.00451845
0.00538272
0.0065381
0.00773522
0.00892578
0.00981494
-5.26388e-05
0.000649064
0.00185426
0.00151716
0.00188311
0.00197239
-0.000595005
-0.000612944
-0.00143246
-0.000790202
0.00037469
0.00167748
0.00189111
0.00278822
0.00439442
0.00523467
0.00629387
0.00746341
0.00859319
0.00939883
-5.50877e-05
0.000641954
0.00185192
0.0014689
0.00188508
0.00185183
-0.000550021
-0.000587243
-0.00140759
-0.000739155
0.000350267
0.00163916
0.00184347
0.00265108
0.00425286
0.00508179
0.00602681
0.00717907
0.00829299
0.00898554
-5.7381e-05
0.000633733
0.00184937
0.00142016
0.00188451
0.00173441
-0.000511359
-0.000558076
-0.00138864
-0.000686098
0.000328717
0.00158671
0.00180366
0.00251034
0.00408626
0.00492418
0.00575806
0.0068488
0.00795874
0.00859632
-5.93993e-05
0.000624206
0.00184665
0.00137097
0.00188084
0.00162108
-0.000479524
-0.000526644
-0.00137081
-0.000636397
0.000314346
0.00151812
0.00176894
0.0023727
0.00390593
0.0047402
0.00548941
0.006472
0.00757201
0.00824491
-6.104e-05
0.00061327
0.00184385
0.00132176
0.00187385
0.00151215
-0.000454494
-0.000493409
-0.00135535
-0.00058788
0.000306603
0.00143337
0.0017376
0.00223439
0.00371743
0.00454251
0.00520273
0.00606577
0.00708769
0.00792654
-6.24633e-05
0.000601008
0.00183985
0.00127324
0.00186283
0.00140884
-0.000438161
-0.000455898
-0.00134575
-0.000541254
0.000304383
0.00134034
0.00169608
0.00210834
0.00349347
0.00432461
0.00487787
0.00566648
0.00671761
0.00759707
-6.34852e-05
0.000587219
0.00182966
0.00122521
0.0018465
0.00131273
-0.000431383
-0.000415369
-0.00133956
-0.000499375
0.00030752
0.00124043
0.00163958
0.00198744
0.00324399
0.00407015
0.00454879
0.00528922
0.00644214
0.00724559
-6.37436e-05
0.00057164
0.00182496
0.00117768
0.00182524
0.0012227
-0.00043102
-0.000375206
-0.00133199
-0.000462573
0.000317391
0.0011309
0.00157642
0.00184373
0.00299876
0.00379814
0.00430025
0.0049324
0.00587719
0.00688144
-6.37845e-05
0.000554501
0.00181797
0.00113279
0.00179867
0.00113947
-0.00043993
-0.000332968
-0.00132443
-0.00043454
0.000330133
0.00101827
0.00149034
0.00170534
0.00273044
0.00352248
0.00400696
0.00457842
0.00547764
0.00650755
-6.32338e-05
0.000535679
0.00180898
0.00109034
0.00176498
0.00106478
-0.000459103
-0.000291137
-0.00131384
-0.000419379
0.000345838
0.000900287
0.00137711
0.00157401
0.00245936
0.00323565
0.00365336
0.00421679
0.00526313
0.00613352
-6.14334e-05
0.000514965
0.00179862
0.00104932
0.00172542
0.000996003
-0.00048036
-0.000258199
-0.00129095
-0.000416696
0.000366142
0.000772133
0.00125043
0.00142553
0.00222665
0.00293997
0.00338555
0.00384639
0.00462772
0.00575221
-5.97014e-05
0.00049299
0.00178443
0.00101287
0.00167988
0.000932736
-0.00050733
-0.000231198
-0.00126095
-0.000427031
0.000378345
0.000647423
0.00109844
0.00129486
0.00197948
0.00263212
0.00307715
0.00345842
0.00420562
0.0054133
-5.69326e-05
0.000469334
0.00176665
0.00098083
0.00162676
0.00087626
-0.00054108
-0.000208762
-0.00122905
-0.00044817
0.000381758
0.000526884
0.0009308
0.00116189
0.0017237
0.00232861
0.00270986
0.00308499
0.00393365
0.00505198
-5.26977e-05
0.000443943
0.0017458
0.000951341
0.00156816
0.00082373
-0.000572607
-0.000197687
-0.00119575
-0.000476844
0.000378549
0.000406649
0.000759225
0.000997612
0.0015025
0.00201157
0.00236781
0.0027527
0.00343823
0.00467186
-4.8822e-05
0.000418003
0.00171874
0.000926833
0.00150487
0.00077318
-0.000604307
-0.000198014
-0.00115685
-0.000515415
0.000359237
0.00029739
0.000571987
0.000834977
0.00127264
0.0016869
0.00202994
0.00238771
0.00304872
0.00432112
-4.33009e-05
0.000390934
0.00168593
0.000906967
0.00143695
0.000724705
-0.000638122
-0.000205991
-0.00112012
-0.000565545
0.000329876
0.000197724
0.000375918
0.000656005
0.00103209
0.00138324
0.00167512
0.00202153
0.00272797
0.00397821
-3.66938e-05
0.000362716
0.00164801
0.000889734
0.00136659
0.000676561
-0.00067009
-0.000223125
-0.00108837
-0.000621962
0.000289137
9.99439e-05
0.000179121
0.000454479
0.00080617
0.0010842
0.00131098
0.00167676
0.00234473
0.00363341
-3.03769e-05
0.000334455
0.0016029
0.00087553
0.00129534
0.000627225
-0.000701521
-0.000251832
-0.00105778
-0.000684164
0.000229439
1.04988e-05
-1.69485e-05
0.000246395
0.00057099
0.000775677
0.000959944
0.00131637
0.00201755
0.0033125
-2.20393e-05
0.000305789
0.00155052
0.000863686
0.00122429
0.000576684
-0.000734511
-0.000289872
-0.00103095
-0.000753249
0.000157997
-7.23827e-05
-0.000210671
1.48266e-05
0.000322871
0.000483156
0.000616447
0.00096632
0.00166304
0.00299432
-1.3506e-05
0.000276814
0.00149154
0.000852445
0.00115408
0.000525019
-0.00076814
-0.000337057
-0.00101086
-0.000824665
7.26599e-05
-0.000158476
-0.000403318
-0.000226879
7.33667e-05
0.000203903
0.000274775
0.000607747
0.00133414
0.00268595
-4.4391e-06
0.000248189
0.0014251
0.000840551
0.00108613
0.000472718
-0.000803428
-0.000394835
-0.00099785
-0.000898013
-2.82904e-05
-0.000244755
-0.000584361
-0.000470898
-0.000190227
-8.06711e-05
-6.17394e-05
0.000249933
0.0010187
0.00239222
5.97317e-06
0.000219745
0.00135199
0.00082725
0.00102062
0.000419064
-0.000840606
-0.00046165
-0.000996221
-0.000972275
-0.000140571
-0.000333592
-0.000758168
-0.000729915
-0.000470942
-0.000365231
-0.000381523
-8.64304e-05
0.000677653
0.00209975
1.59256e-05
0.000191735
0.00127269
0.000810963
0.000956529
0.000364655
-0.000877786
-0.000536564
-0.0010001
-0.00104752
-0.000266677
-0.000431852
-0.000928549
-0.000988086
-0.000760247
-0.00064503
-0.000683261
-0.000434431
0.000364627
0.00180905
2.7797e-05
0.000164632
0.00118727
0.000790205
0.000893995
0.000310005
-0.000915564
-0.000618949
-0.00101441
-0.00112455
-0.00040395
-0.000538069
-0.00108797
-0.00124154
-0.00105854
-0.000934802
-0.000983204
-0.0007687
2.55701e-05
0.00152246
3.85718e-05
0.000138283
0.00109727
0.00076428
0.000831801
0.000254299
-0.000953646
-0.00070737
-0.00103867
-0.00120104
-0.000550053
-0.000656861
-0.00124349
-0.00149221
-0.0013692
-0.00123546
-0.00127501
-0.00108102
-0.000286417
0.00123853
4.9228e-05
0.000113233
0.00100312
0.000731406
0.000768951
0.000198502
-0.000991211
-0.000800925
-0.00107451
-0.00127933
-0.000705319
-0.000790451
-0.00139649
-0.00173274
-0.00168263
-0.00154188
-0.00155755
-0.00136717
-0.000602212
0.000948048
5.95575e-05
8.97361e-05
0.000905854
0.000690974
0.000704798
0.000141731
-0.00102941
-0.000898968
-0.00112153
-0.00135874
-0.000865192
-0.000937728
-0.00155017
-0.0019618
-0.00199426
-0.00186052
-0.00184755
-0.0016581
-0.000902149
0.000667354
6.8848e-05
6.83477e-05
0.000806347
0.000642031
0.000637855
8.31421e-05
-0.00106841
-0.000999911
-0.00117806
-0.00143955
-0.00102965
-0.00109999
-0.0017105
-0.00217974
-0.00230217
-0.00218904
-0.00213744
-0.00193583
-0.0011822
0.000399359
7.68482e-05
4.95797e-05
0.000705821
0.000583934
0.000567195
2.18817e-05
-0.00110873
-0.00110273
-0.0012442
-0.00152343
-0.00119626
-0.00127428
-0.00187856
-0.00238941
-0.00259978
-0.00251987
-0.00243774
-0.00221044
-0.00144771
0.00014157
8.30471e-05
3.35847e-05
0.000605504
0.000516344
0.000491608
-4.35952e-05
-0.0011514
-0.00120667
-0.00131833
-0.00161019
-0.0013637
-0.00145745
-0.00205873
-0.00259592
-0.00288328
-0.00284892
-0.00274826
-0.00248418
-0.00170083
-0.000106549
8.71035e-05
2.05836e-05
0.000506527
0.000438718
0.000409661
-0.000113987
-0.00119653
-0.00131093
-0.00139952
-0.00170111
-0.00153231
-0.00164736
-0.00225065
-0.00280201
-0.00315314
-0.0031937
-0.0030653
-0.00275847
-0.00195196
-0.000346551
8.87091e-05
1.01696e-05
0.000409941
0.000352018
0.000320054
-0.00018971
-0.00124347
-0.00141568
-0.00148849
-0.00179672
-0.00170149
-0.00184099
-0.00245117
-0.00301159
-0.00341193
-0.00350698
-0.00338283
-0.00304088
-0.00220277
-0.000576013
8.78417e-05
1.05897e-06
0.000316307
0.000257033
0.000222117
-0.000268457
-0.00129181
-0.00152262
-0.00158578
-0.00189549
-0.00187272
-0.00203691
-0.0026575
-0.00322784
-0.00363535
-0.00380599
-0.00369981
-0.00332999
-0.00245288
-0.000800959
8.44134e-05
-8.05719e-06
0.000225371
0.000153256
0.000117397
-0.000347911
-0.00134202
-0.00163339
-0.00169258
-0.00200182
-0.00204673
-0.00223522
-0.00287257
-0.00345507
-0.0038812
-0.00409362
-0.00401259
-0.00362221
-0.00270898
-0.00102828
7.8028e-05
-1.80683e-05
0.000137147
4.30998e-05
7.04173e-06
-0.000429032
-0.00139458
-0.00174798
-0.00181009
-0.00211415
-0.00222367
-0.00243487
-0.00308286
-0.00368896
-0.00412541
-0.00437122
-0.00431757
-0.00391586
-0.00297203
-0.00125678
6.84392e-05
-2.97366e-05
5.19997e-05
-7.05938e-05
-0.000109247
-0.000513965
-0.00144934
-0.0018658
-0.00193904
-0.00223286
-0.002403
-0.00263769
-0.00329137
-0.00392714
-0.00437283
-0.00464105
-0.00461271
-0.00420677
-0.00323749
-0.00148687
5.54883e-05
-4.37505e-05
-2.96728e-05
-0.000186418
-0.000232139
-0.000604528
-0.00150639
-0.00198534
-0.00207898
-0.00235896
-0.00258439
-0.00284517
-0.00349771
-0.0041659
-0.00462538
-0.00490616
-0.00489787
-0.00449202
-0.00350316
-0.00171903
3.9017e-05
-6.06451e-05
-0.000107636
-0.000303374
-0.00036176
-0.00070233
-0.00156632
-0.00210448
-0.00222906
-0.00249389
-0.00276707
-0.00305833
-0.00370317
-0.00440101
-0.00488145
-0.00516987
-0.00517635
-0.00477204
-0.00376619
-0.00195147
1.90024e-05
-8.08346e-05
-0.000182099
-0.000420572
-0.000497714
-0.000808419
-0.00163011
-0.00222187
-0.0023884
-0.00263919
-0.00295027
-0.00327679
-0.00391025
-0.00462988
-0.00513721
-0.00543448
-0.00545185
-0.00504739
-0.00402582
-0.00218325
-4.5345e-06
-0.000104706
-0.000253658
-0.000536981
-0.000639277
-0.000923639
-0.00169904
-0.00233675
-0.00255505
-0.00279614
-0.00313449
-0.00349938
-0.0041218
-0.0048526
-0.0053888
-0.00569904
-0.0057248
-0.00531945
-0.00428369
-0.00241368
-3.15338e-05
-0.000132635
-0.000322826
-0.000651844
-0.000785453
-0.00104849
-0.00177484
-0.00244891
-0.00272627
-0.00296543
-0.00332113
-0.00372397
-0.0043392
-0.00507201
-0.00563431
-0.00596037
-0.0059945
-0.00558973
-0.00454062
-0.00264335
-6.1883e-05
-0.000164895
-0.000390437
-0.000764609
-0.000934985
-0.00118294
-0.00185942
-0.00255879
-0.00289907
-0.00314669
-0.00351186
-0.0039488
-0.00456248
-0.00529126
-0.0058741
-0.00621668
-0.00626025
-0.00585774
-0.00479744
-0.00287414
-9.53987e-05
-0.000201677
-0.000457385
-0.000874876
-0.00108668
-0.00132681
-0.00195444
-0.00266722
-0.00307068
-0.00333835
-0.00370859
-0.00417365
-0.0047904
-0.00551264
-0.00610997
-0.00646792
-0.00652098
-0.00612179
-0.00505341
-0.00310601
-0.000131982
-0.000243084
-0.000525179
-0.000982572
-0.00123914
-0.00147936
-0.00206142
-0.00277587
-0.00323911
-0.00353839
-0.00391291
-0.00439885
-0.00502106
-0.00573686
-0.0063438
-0.00671497
-0.00677614
-0.00638016
-0.00530635
-0.00333825
-0.000171607
-0.000289127
-0.000594097
-0.00108784
-0.00139122
-0.00163948
-0.00218107
-0.00288724
-0.00340321
-0.00374385
-0.00412562
-0.00462558
-0.00525325
-0.00596335
-0.00657684
-0.00695901
-0.00702626
-0.00663242
-0.00555478
-0.00357035
-0.000214216
-0.000339873
-0.000664637
-0.00119091
-0.00154218
-0.0018057
-0.0023135
-0.00300421
-0.00356283
-0.0039513
-0.00434642
-0.00485562
-0.00548659
-0.00619167
-0.00680979
-0.00720085
-0.0072721
-0.00687844
-0.00579761
-0.00380132
-0.000259738
-0.000395377
-0.0007374
-0.00129221
-0.00169147
-0.00197649
-0.00245809
-0.00312919
-0.00371872
-0.00415796
-0.00457367
-0.00508975
-0.00572181
-0.0064216
-0.00704317
-0.00744165
-0.00751538
-0.00711972
-0.00603473
-0.00402974
-0.000308109
-0.000454691
-0.000812865
-0.00139242
-0.00183862
-0.00215048
-0.00261356
-0.00326406
-0.00387304
-0.00436155
-0.00480504
-0.00532779
-0.00595949
-0.006653
-0.0072773
-0.00768313
-0.00775909
-0.00735924
-0.00626774
-0.0042549
-0.000359222
-0.00051771
-0.000891549
-0.00149219
-0.00198326
-0.00232634
-0.00277827
-0.00340992
-0.00402822
-0.00456068
-0.00503862
-0.00556985
-0.00620003
-0.00688584
-0.00751149
-0.00792523
-0.00800466
-0.00759992
-0.00650009
-0.00447823
-0.00041299
-0.000584254
-0.000973668
-0.00159218
-0.00212536
-0.00250311
-0.00295035
-0.00356684
-0.00418708
-0.00475501
-0.00527282
-0.00581609
-0.00644444
-0.00712014
-0.00774464
-0.00816614
-0.00825089
-0.00784304
-0.00673428
-0.00470266
-0.000469378
-0.000653896
-0.00105918
-0.00169324
-0.00226502
-0.00267964
-0.00312813
-0.00373398
-0.00435252
-0.00494516
-0.00550482
-0.00606572
-0.00669397
-0.00735836
-0.00797735
-0.00840501
-0.00849649
-0.00808816
-0.00697126
-0.0049293
-0.000528309
-0.000726251
-0.00114791
-0.00179594
-0.00240243
-0.00285553
-0.00331032
-0.0039094
-0.00452635
-0.00513324
-0.00573237
-0.00631623
-0.00694733
-0.00760245
-0.00821211
-0.00864322
-0.00874228
-0.00833599
-0.00721235
-0.00515861
-0.000589721
-0.00080105
-0.00123958
-0.00190052
-0.00253765
-0.00303016
-0.00349606
-0.00409087
-0.00470963
-0.00532279
-0.00595444
-0.00656583
-0.00720255
-0.00785155
-0.00845111
-0.0088825
-0.00898841
-0.00858677
-0.00745877
-0.00539313
-0.000653574
-0.000877905
-0.0013337
-0.00200723
-0.00267147
-0.00320253
-0.00368396
-0.00427654
-0.00490153
-0.0055176
-0.00617146
-0.00681243
-0.00745933
-0.00810556
-0.00869507
-0.00912355
-0.00923364
-0.00883804
-0.00770952
-0.00563524
-0.00071973
-0.000956566
-0.00142951
-0.00211586
-0.0028047
-0.00337257
-0.00387323
-0.00446507
-0.00509883
-0.00571958
-0.00638667
-0.00705523
-0.00771613
-0.00836479
-0.00894567
-0.00936894
-0.00947999
-0.00908855
-0.0079614
-0.00588194
-0.000787977
-0.00103667
-0.00152658
-0.00222587
-0.0029374
-0.00354014
-0.00406375
-0.00465622
-0.00529834
-0.00592803
-0.00660232
-0.00729454
-0.00797091
-0.00862646
-0.00920459
-0.00962292
-0.00973297
-0.00934294
-0.0082164
-0.00613256
-0.00085812
-0.00111777
-0.0016245
-0.00233688
-0.00306939
-0.0037049
-0.00425426
-0.00485042
-0.00549899
-0.00614172
-0.00682025
-0.0075298
-0.00822227
-0.00888671
-0.00946863
-0.00988639
-0.00999634
-0.00960708
-0.00848053
-0.00639239
-0.000929746
-0.00119946
-0.00172259
-0.00244827
-0.00320123
-0.00386679
-0.00444272
-0.00504763
-0.00570011
-0.00635689
-0.00704256
-0.00776445
-0.00847093
-0.00914481
-0.00973357
-0.0101547
-0.0102681
-0.00988163
-0.00875704
-0.00666669
-0.00100272
-0.00128137
-0.00182001
-0.00255886
-0.00333258
-0.00402662
-0.00462788
-0.0052468
-0.0059031
-0.00657041
-0.00726564
-0.00799973
-0.00871986
-0.00940261
-0.00999932
-0.0104257
-0.0105455
-0.0101652
-0.00904496
-0.00695512
-0.00107636
-0.00136254
-0.00191654
-0.00266818
-0.00346242
-0.00418472
-0.00480983
-0.00544489
-0.00610776
-0.00678373
-0.00748652
-0.00823029
-0.00896628
-0.00966121
-0.0102675
-0.010701
-0.0108295
-0.0104578
-0.00934431
-0.00725897
-0.00115151
-0.0014425
-0.00200954
-0.00277433
-0.00359016
-0.00434249
-0.00498984
-0.00564072
-0.00631214
-0.00699723
-0.00770881
-0.00845761
-0.00920752
-0.00991788
-0.0105364
-0.0109801
-0.0111189
-0.0107571
-0.00965335
-0.00757755
-0.00122712
-0.0015195
-0.00209861
-0.00287707
-0.00371479
-0.00449982
-0.00516917
-0.0058317
-0.00651547
-0.00720876
-0.00792985
-0.00868548
-0.0094496
-0.0101779
-0.01081
-0.0112668
-0.0114189
-0.0110696
-0.00997641
-0.00790754
-0.00130443
-0.00159156
-0.002175
-0.00297375
-0.00383841
-0.00465482
-0.0053482
-0.00601558
-0.00671017
-0.00741389
-0.00814095
-0.00890419
-0.00968684
-0.0104385
-0.0110936
-0.0115718
-0.0117408
-0.0114046
-0.0103208
-0.00825636
-0.00138925
-0.00166333
-0.00224135
-0.00306219
-0.00396326
-0.00480796
-0.00552315
-0.00619615
-0.00688798
-0.00759612
-0.00832469
-0.00910291
-0.00990991
-0.010692
-0.0113859
-0.0119021
-0.0121042
-0.0118012
-0.0107523
-0.00872099
-0.00144185
-0.00172654
-0.0023089
-0.00315252
-0.00409426
-0.00498012
-0.00571605
-0.00637427
-0.00704777
-0.00773709
-0.00844188
-0.00920317
-0.0099988
-0.0107824
-0.0115001
-0.0120634
-0.0123433
-0.0121459
-0.0112185
-0.00932218
-0.00154207
-0.00174409
-0.00236436
-0.00321315
-0.00417054
-0.00512613
-0.0059526
-0.00662383
-0.00733765
-0.00804861
-0.00877788
-0.00952618
-0.0103054
-0.0110305
-0.011639
-0.0120523
-0.0121917
-0.0118992
-0.01094
-0.00905931
-0.00148631
-0.00186839
-0.00249009
-0.00336843
-0.00431087
-0.00517297
-0.00590176
-0.00654627
-0.00719009
-0.00787269
-0.0086279
-0.00944835
-0.010359
-0.0113346
-0.0123095
-0.0131761
-0.0137622
-0.0138294
-0.0131043
-0.0114687
-0.00134103
-0.00199875
-0.00268815
-0.00356157
-0.00445722
-0.00545579
-0.00638419
-0.00721168
-0.00787326
-0.00845763
-0.00906417
-0.00971235
-0.0102018
-0.010377
-0.0101455
-0.00957669
-0.00885595
-0.00830428
-0.00830648
-0.00908465
-0.00139897
-0.00203298
-0.00276015
-0.00357528
-0.00433447
-0.00506973
-0.00575198
-0.00644635
-0.00713186
-0.00797067
-0.00896348
-0.0100767
-0.0112734
-0.0125114
-0.0137335
-0.0148334
-0.0156589
-0.0159944
-0.0155663
-0.0141222
-0.00127608
-0.0021192
-0.00286891
-0.00370282
-0.00449497
-0.00533947
-0.00624259
-0.00723635
-0.0080897
-0.00869603
-0.00933427
-0.0101192
-0.0108349
-0.0113134
-0.0114353
-0.0112178
-0.0107755
-0.0103908
-0.0104487
-0.0113143
-0.00131979
-0.00216214
-0.00292787
-0.00366215
-0.00421555
-0.00481068
-0.00539486
-0.00608195
-0.00682618
-0.00784776
-0.00921393
-0.0109142
-0.0128236
-0.0147677
-0.0165574
-0.0180272
-0.0190066
-0.0193146
-0.0187317
-0.017065
0.0277331
0.00565411
-0.0030769
-0.00450165
-0.00522197
-0.00616528
-0.00669888
-0.00669954
-0.00681249
-0.00729733
-0.00786117
-0.00830022
-0.00864743
-0.00900481
-0.00961495
-0.0104807
-0.011124
-0.0114318
-0.0118071
-0.012343
-0.0128491
-0.0132949
-0.0137957
-0.0143334
-0.0148255
-0.0153492
-0.0159151
-0.0165206
-0.0171138
-0.0177301
-0.0182985
-0.018884
-0.0195791
-0.0203151
-0.0210483
-0.0217785
-0.022601
-0.0234058
-0.0243119
-0.0252046
-0.0261817
-0.0271815
-0.0281751
-0.0292769
-0.0302865
-0.0314971
-0.0326542
-0.0338414
-0.0354459
-0.0368024
0.0269329
0.00570473
-0.00302935
-0.00448211
-0.00521221
-0.00615945
-0.00669501
-0.00669656
-0.00680983
-0.0072949
-0.00785898
-0.00829828
-0.00864573
-0.00900329
-0.00961357
-0.0104796
-0.0111231
-0.011431
-0.0118064
-0.0123423
-0.0128486
-0.0132945
-0.0137952
-0.014333
-0.0148251
-0.0153488
-0.0159148
-0.0165203
-0.0171135
-0.0177298
-0.0182982
-0.0188838
-0.0195789
-0.0203149
-0.0210481
-0.0217783
-0.0226008
-0.0234056
-0.0243118
-0.0252045
-0.0261816
-0.0271814
-0.028175
-0.0292768
-0.0302864
-0.031497
-0.0326542
-0.0338413
-0.0354458
-0.0368024
0.0262361
0.00580173
-0.0029574
-0.00445748
-0.00520062
-0.00615294
-0.00669096
-0.00669358
-0.00680736
-0.00729278
-0.00785711
-0.00829658
-0.00864421
-0.00900188
-0.00961228
-0.0104786
-0.0111223
-0.0114303
-0.0118057
-0.0123418
-0.0128481
-0.013294
-0.0137948
-0.0143326
-0.0148248
-0.0153485
-0.0159145
-0.01652
-0.0171133
-0.0177296
-0.018298
-0.0188836
-0.0195787
-0.0203148
-0.0210479
-0.0217782
-0.0226007
-0.0234055
-0.0243116
-0.0252044
-0.0261815
-0.0271813
-0.0281749
-0.0292767
-0.0302863
-0.0314969
-0.0326541
-0.0338413
-0.0354458
-0.0368024
0.0256116
0.0059249
-0.00285663
-0.00442093
-0.00518323
-0.00614331
-0.00668522
-0.00668979
-0.0068047
-0.00729074
-0.00785532
-0.00829492
-0.00864268
-0.00900041
-0.0096109
-0.0104776
-0.0111216
-0.0114296
-0.011805
-0.0123412
-0.0128476
-0.0132936
-0.0137944
-0.0143323
-0.0148245
-0.0153482
-0.0159142
-0.0165198
-0.0171131
-0.0177293
-0.0182978
-0.0188834
-0.0195785
-0.0203146
-0.0210478
-0.021778
-0.0226005
-0.0234053
-0.0243115
-0.0252043
-0.0261814
-0.0271812
-0.0281748
-0.0292766
-0.0302862
-0.0314969
-0.0326541
-0.0338412
-0.0354458
-0.0368025
0.0249977
0.00605631
-0.00273391
-0.00437206
-0.00515811
-0.00612869
-0.00667641
-0.00668437
-0.00680145
-0.00728856
-0.00785346
-0.0082932
-0.00864109
-0.00899878
-0.00960929
-0.0104764
-0.0111207
-0.0114287
-0.0118042
-0.0123406
-0.0128471
-0.0132931
-0.0137939
-0.0143319
-0.0148241
-0.0153479
-0.0159139
-0.0165195
-0.0171128
-0.0177291
-0.0182976
-0.0188832
-0.0195783
-0.0203144
-0.0210476
-0.0217778
-0.0226004
-0.0234052
-0.0243114
-0.0252041
-0.0261813
-0.0271811
-0.0281747
-0.0292766
-0.0302861
-0.0314968
-0.032654
-0.0338412
-0.0354458
-0.0368026
0.0243745
0.00618818
-0.00259981
-0.00431572
-0.00512661
-0.00610897
-0.00666413
-0.00667697
-0.00679736
-0.00728603
-0.00785139
-0.00829138
-0.00863949
-0.00899705
-0.00960741
-0.0104749
-0.0111196
-0.0114276
-0.0118033
-0.0123398
-0.0128465
-0.0132925
-0.0137934
-0.0143315
-0.0148237
-0.0153475
-0.0159136
-0.0165192
-0.0171125
-0.0177289
-0.0182974
-0.0188829
-0.0195781
-0.0203142
-0.0210474
-0.0217777
-0.0226002
-0.0234051
-0.0243112
-0.025204
-0.0261812
-0.027181
-0.0281746
-0.0292765
-0.0302861
-0.0314967
-0.0326539
-0.0338411
-0.0354458
-0.0368027
0.0237421
0.00631723
-0.00246035
-0.00425623
-0.00509147
-0.00608545
-0.00664893
-0.00666776
-0.00679235
-0.00728292
-0.00784884
-0.00828936
-0.00863791
-0.00899531
-0.00960529
-0.010473
-0.0111182
-0.0114263
-0.0118021
-0.0123389
-0.0128457
-0.0132919
-0.0137929
-0.014331
-0.0148232
-0.0153471
-0.0159132
-0.0165189
-0.0171122
-0.0177286
-0.0182971
-0.0188827
-0.0195778
-0.020314
-0.0210472
-0.0217775
-0.0226
-0.0234049
-0.0243111
-0.0252039
-0.0261811
-0.0271809
-0.0281745
-0.0292764
-0.030286
-0.0314966
-0.0326539
-0.033841
-0.0354457
-0.0368028
0.0231043
0.00644162
-0.00231726
-0.00419531
-0.00505465
-0.00605963
-0.00663177
-0.00665728
-0.0067866
-0.00727915
-0.00784561
-0.00828692
-0.00863635
-0.00899368
-0.00960305
-0.0104709
-0.0111163
-0.0114246
-0.0118006
-0.0123378
-0.0128449
-0.0132911
-0.0137922
-0.0143304
-0.0148227
-0.0153466
-0.0159128
-0.0165186
-0.0171119
-0.0177283
-0.0182969
-0.0188824
-0.0195776
-0.0203138
-0.021047
-0.0217773
-0.0225999
-0.0234047
-0.0243109
-0.0252037
-0.0261809
-0.0271808
-0.0281744
-0.0292763
-0.0302859
-0.0314965
-0.0326538
-0.0338409
-0.0354456
-0.036803
0.0224642
0.00656026
-0.00217026
-0.00413307
-0.005017
-0.00603252
-0.00661344
-0.00664602
-0.00678037
-0.00727484
-0.00784164
-0.00828391
-0.0086347
-0.00899224
-0.00960086
-0.0104685
-0.0111141
-0.0114225
-0.0117989
-0.0123364
-0.0128438
-0.0132902
-0.0137914
-0.0143297
-0.0148221
-0.015346
-0.0159123
-0.0165182
-0.0171116
-0.017728
-0.0182966
-0.0188821
-0.0195773
-0.0203136
-0.0210468
-0.0217771
-0.0225997
-0.0234045
-0.0243108
-0.0252036
-0.0261808
-0.0271807
-0.0281742
-0.0292762
-0.0302857
-0.0314964
-0.0326537
-0.0338408
-0.0354455
-0.0368031
0.0218236
0.00667258
-0.00201867
-0.00406912
-0.00497879
-0.0060046
-0.00659436
-0.00663426
-0.00677389
-0.00727022
-0.00783709
-0.00828031
-0.0086329
-0.00899103
-0.00959888
-0.0104661
-0.0111116
-0.01142
-0.0117968
-0.0123347
-0.0128425
-0.0132892
-0.0137905
-0.0143289
-0.0148213
-0.0153453
-0.0159117
-0.0165177
-0.0171112
-0.0177277
-0.0182963
-0.0188818
-0.0195771
-0.0203134
-0.0210466
-0.0217768
-0.0225994
-0.0234043
-0.0243106
-0.0252034
-0.0261806
-0.0271805
-0.0281741
-0.029276
-0.0302856
-0.0314963
-0.0326535
-0.0338406
-0.0354453
-0.0368033
0.0211839
0.00677808
-0.00186225
-0.00400322
-0.00494013
-0.00597608
-0.00657472
-0.0066221
-0.00676725
-0.0072655
-0.00783222
-0.00827627
-0.00863095
-0.00899008
-0.00959725
-0.0104639
-0.011109
-0.0114172
-0.0117943
-0.0123328
-0.0128409
-0.0132879
-0.0137894
-0.014328
-0.0148205
-0.0153445
-0.015911
-0.016517
-0.0171107
-0.0177274
-0.018296
-0.0188815
-0.0195768
-0.0203131
-0.0210464
-0.0217766
-0.0225992
-0.0234041
-0.0243103
-0.0252032
-0.0261804
-0.0271804
-0.0281739
-0.0292759
-0.0302855
-0.0314961
-0.0326534
-0.0338404
-0.0354451
-0.0368035
0.0205461
0.00687603
-0.00170126
-0.00393531
-0.00490117
-0.00594711
-0.00655456
-0.00660954
-0.00676047
-0.00726079
-0.00782724
-0.00827198
-0.00862894
-0.00898947
-0.00959607
-0.0104621
-0.0111065
-0.0114142
-0.0117916
-0.0123306
-0.0128392
-0.0132865
-0.0137882
-0.0143269
-0.0148196
-0.0153437
-0.0159101
-0.0165162
-0.0171101
-0.017727
-0.0182958
-0.0188812
-0.0195764
-0.0203129
-0.0210461
-0.0217764
-0.022599
-0.0234039
-0.0243101
-0.0252029
-0.0261802
-0.0271802
-0.0281737
-0.0292757
-0.0302853
-0.0314959
-0.0326532
-0.0338401
-0.0354447
-0.0368037
0.0199107
0.00696546
-0.00153615
-0.00386532
-0.00486208
-0.00591785
-0.00653398
-0.0065966
-0.00675353
-0.00725615
-0.0078223
-0.00826762
-0.008627
-0.00898931
-0.00959544
-0.0104607
-0.0111041
-0.011411
-0.0117887
-0.0123283
-0.0128373
-0.0132849
-0.0137868
-0.0143257
-0.0148185
-0.0153428
-0.0159092
-0.0165153
-0.0171093
-0.0177265
-0.0182955
-0.0188809
-0.0195761
-0.0203125
-0.0210459
-0.0217762
-0.0225987
-0.0234036
-0.0243098
-0.0252026
-0.0261799
-0.0271799
-0.0281735
-0.0292755
-0.0302851
-0.0314957
-0.0326529
-0.0338398
-0.0354443
-0.0368038
0.0192782
0.00704534
-0.0013673
-0.00379307
-0.00482305
-0.00588847
-0.00651304
-0.00658328
-0.00674641
-0.00725157
-0.00781747
-0.0082633
-0.0086252
-0.00898972
-0.00959549
-0.0104598
-0.011102
-0.0114077
-0.0117856
-0.0123258
-0.0128353
-0.0132832
-0.0137853
-0.0143243
-0.0148172
-0.0153418
-0.0159082
-0.0165142
-0.0171082
-0.0177258
-0.0182952
-0.0188806
-0.0195757
-0.0203122
-0.0210456
-0.0217759
-0.0225985
-0.0234034
-0.0243095
-0.0252023
-0.0261796
-0.0271796
-0.0281733
-0.0292753
-0.0302849
-0.0314954
-0.0326526
-0.0338394
-0.0354436
-0.0368039
0.018649
0.00711478
-0.00119502
-0.00371832
-0.00478424
-0.0058592
-0.00649184
-0.00656964
-0.00673911
-0.00724704
-0.00781274
-0.00825905
-0.0086236
-0.00899075
-0.00959633
-0.0104592
-0.0111001
-0.0114044
-0.0117823
-0.0123232
-0.0128332
-0.0132814
-0.0137838
-0.0143228
-0.0148159
-0.0153408
-0.0159073
-0.016513
-0.017107
-0.017725
-0.0182949
-0.0188804
-0.0195753
-0.0203118
-0.0210452
-0.0217757
-0.0225983
-0.0234031
-0.0243092
-0.025202
-0.0261792
-0.0271793
-0.0281729
-0.029275
-0.0302846
-0.0314951
-0.0326523
-0.0338389
-0.0354429
-0.0368039
0.018024
0.00717308
-0.00101966
-0.00364086
-0.0047458
-0.00583021
-0.00647049
-0.00655574
-0.00673163
-0.00724252
-0.00780809
-0.00825485
-0.00862217
-0.00899241
-0.00959806
-0.0104591
-0.0110983
-0.0114011
-0.0117789
-0.0123205
-0.012831
-0.0132795
-0.0137822
-0.0143213
-0.0148144
-0.0153397
-0.0159064
-0.0165118
-0.0171056
-0.017724
-0.0182945
-0.0188802
-0.019575
-0.0203114
-0.0210449
-0.0217754
-0.0225981
-0.0234029
-0.0243089
-0.0252016
-0.0261788
-0.0271788
-0.0281725
-0.0292746
-0.0302843
-0.0314947
-0.0326519
-0.0338383
-0.0354419
-0.0368039
0.0174045
0.00721965
-0.000841664
-0.00356049
-0.00470788
-0.00580172
-0.00644906
-0.00654164
-0.00672401
-0.00723801
-0.00780348
-0.00825064
-0.00862087
-0.0089946
-0.00960056
-0.010459
-0.0110963
-0.0113979
-0.0117756
-0.0123179
-0.0128288
-0.0132776
-0.0137805
-0.0143197
-0.0148129
-0.0153386
-0.0159055
-0.0165107
-0.0171041
-0.0177228
-0.0182941
-0.0188801
-0.0195747
-0.0203109
-0.0210444
-0.0217752
-0.0225979
-0.0234027
-0.0243086
-0.0252012
-0.0261783
-0.0271783
-0.0281721
-0.0292742
-0.0302839
-0.0314943
-0.0326515
-0.0338377
-0.0354408
-0.0368037
0.016792
0.00725409
-0.000661461
-0.00347699
-0.00467055
-0.00577386
-0.00642756
-0.00652739
-0.00671628
-0.00723346
-0.00779886
-0.00824633
-0.00861956
-0.00899714
-0.00960367
-0.0104587
-0.0110939
-0.0113947
-0.0117723
-0.0123152
-0.0128266
-0.0132757
-0.0137788
-0.0143181
-0.0148113
-0.0153374
-0.0159047
-0.0165096
-0.0171026
-0.0177214
-0.0182936
-0.0188801
-0.0195745
-0.0203104
-0.0210439
-0.0217749
-0.0225977
-0.0234025
-0.0243084
-0.0252009
-0.0261778
-0.0271777
-0.0281715
-0.0292737
-0.0302835
-0.0314938
-0.032651
-0.033837
-0.0354395
-0.0368035
0.0161881
0.0072761
-0.000479417
-0.00338997
-0.0046337
-0.00574668
-0.00640591
-0.00651299
-0.00670851
-0.00722889
-0.00779421
-0.00824182
-0.0086181
-0.0089998
-0.00960703
-0.0104576
-0.0110907
-0.0113914
-0.0117692
-0.0123125
-0.0128243
-0.0132737
-0.0137771
-0.0143165
-0.0148098
-0.0153362
-0.0159039
-0.0165085
-0.0171011
-0.01772
-0.018293
-0.0188802
-0.0195744
-0.02031
-0.0210434
-0.0217746
-0.0225975
-0.0234023
-0.0243081
-0.0252005
-0.0261774
-0.0271771
-0.0281709
-0.0292732
-0.030283
-0.0314933
-0.0326504
-0.0338362
-0.0354381
-0.0368031
0.0155941
0.00728542
-0.000295869
-0.00329881
-0.00459687
-0.00572
-0.00638389
-0.0064984
-0.00670072
-0.00722429
-0.00778951
-0.00823704
-0.00861629
-0.00900231
-0.00961023
-0.0104558
-0.0110862
-0.0113879
-0.0117665
-0.0123099
-0.0128218
-0.0132718
-0.0137754
-0.0143148
-0.0148084
-0.015335
-0.0159031
-0.0165074
-0.0170997
-0.0177186
-0.0182924
-0.0188804
-0.0195743
-0.0203096
-0.0210428
-0.0217742
-0.0225973
-0.0234021
-0.0243079
-0.0252002
-0.0261769
-0.0271764
-0.0281701
-0.0292725
-0.0302824
-0.0314927
-0.0326497
-0.0338354
-0.0354365
-0.0368027
0.0150112
0.00728183
-0.000111236
-0.00320266
-0.00455938
-0.00569358
-0.00636128
-0.0064835
-0.00669294
-0.00721965
-0.00778475
-0.00823197
-0.00861398
-0.00900447
-0.00961287
-0.0104519
-0.01108
-0.0113842
-0.011764
-0.0123073
-0.0128192
-0.0132699
-0.0137737
-0.014313
-0.0148071
-0.0153338
-0.0159023
-0.0165063
-0.0170983
-0.0177172
-0.0182918
-0.0188807
-0.0195744
-0.0203092
-0.0210421
-0.0217738
-0.0225971
-0.0234019
-0.0243077
-0.0251999
-0.0261764
-0.0271758
-0.0281694
-0.0292718
-0.0302818
-0.0314921
-0.032649
-0.0338345
-0.0354347
-0.0368021
0.0144405
0.00726523
7.38893e-05
-0.00310072
-0.00452052
-0.00566722
-0.00633797
-0.0064682
-0.00668511
-0.00721495
-0.00777993
-0.00822658
-0.00861108
-0.00900617
-0.00961468
-0.0104462
-0.0110721
-0.01138
-0.0117619
-0.0123048
-0.0128165
-0.0132681
-0.013772
-0.0143112
-0.0148059
-0.0153328
-0.0159014
-0.016505
-0.0170968
-0.0177157
-0.0182912
-0.018881
-0.0195745
-0.0203088
-0.0210415
-0.0217734
-0.0225969
-0.0234017
-0.0243075
-0.0251996
-0.026176
-0.0271751
-0.0281685
-0.029271
-0.0302811
-0.0314914
-0.0326482
-0.0338335
-0.0354329
-0.0368015
0.0138825
0.00723568
0.000258687
-0.00299248
-0.00447978
-0.00564098
-0.00631408
-0.0064524
-0.00667712
-0.00721015
-0.00777504
-0.00822094
-0.00860761
-0.00900739
-0.00961554
-0.0104387
-0.0110624
-0.0113753
-0.01176
-0.0123022
-0.0128134
-0.0132662
-0.0137704
-0.0143093
-0.0148047
-0.0153318
-0.0159006
-0.0165035
-0.0170953
-0.0177142
-0.0182905
-0.0188813
-0.0195746
-0.0203085
-0.0210409
-0.021773
-0.0225966
-0.0234015
-0.0243072
-0.0251993
-0.0261755
-0.0271744
-0.0281677
-0.0292702
-0.0302804
-0.0314907
-0.0326474
-0.0338325
-0.0354309
-0.0368009
0.0133372
0.00719337
0.000442153
-0.00287779
-0.00443688
-0.00561511
-0.00628995
-0.00643609
-0.00666884
-0.0072052
-0.00777008
-0.0082151
-0.00860362
-0.00900816
-0.00961553
-0.0104297
-0.0110512
-0.0113703
-0.0117584
-0.0122995
-0.0128102
-0.0132644
-0.0137687
-0.0143072
-0.0148035
-0.0153308
-0.0158997
-0.0165019
-0.0170937
-0.0177127
-0.0182897
-0.0188816
-0.0195747
-0.0203081
-0.0210403
-0.0217725
-0.0225964
-0.0234013
-0.024307
-0.025199
-0.026175
-0.0271737
-0.0281668
-0.0292693
-0.0302796
-0.0314899
-0.0326465
-0.0338314
-0.0354288
-0.0368001
0.0128045
0.00713857
0.000623134
-0.00275674
-0.00439166
-0.00558994
-0.00626601
-0.00641927
-0.00666017
-0.00720006
-0.00776504
-0.00820911
-0.00859921
-0.0090086
-0.00961488
-0.0104195
-0.0110389
-0.0113649
-0.0117569
-0.0122968
-0.0128068
-0.0132625
-0.0137671
-0.014305
-0.0148022
-0.01533
-0.0158987
-0.0165002
-0.017092
-0.017711
-0.0182889
-0.0188819
-0.0195749
-0.0203076
-0.0210397
-0.0217721
-0.0225962
-0.0234011
-0.0243067
-0.0251987
-0.0261745
-0.0271729
-0.0281659
-0.0292684
-0.0302788
-0.0314891
-0.0326455
-0.0338303
-0.0354267
-0.0367994
0.0122853
0.00707171
0.000800345
-0.00262961
-0.00434385
-0.0055658
-0.00624274
-0.00640201
-0.00665096
-0.00719467
-0.0077599
-0.00820302
-0.00859452
-0.00900883
-0.00961381
-0.0104086
-0.0110259
-0.0113592
-0.0117554
-0.012294
-0.0128032
-0.0132606
-0.0137655
-0.0143028
-0.0148008
-0.0153291
-0.0158977
-0.0164983
-0.0170903
-0.0177093
-0.0182879
-0.018882
-0.019575
-0.0203071
-0.0210391
-0.0217717
-0.0225959
-0.0234009
-0.0243064
-0.0251983
-0.026174
-0.0271721
-0.028165
-0.0292674
-0.0302779
-0.0314883
-0.0326445
-0.033829
-0.0354244
-0.0367985
0.0117809
0.0069935
0.000972399
-0.00249684
-0.004293
-0.00554285
-0.00622062
-0.00638445
-0.00664114
-0.00718897
-0.00775467
-0.00819685
-0.00858969
-0.00900896
-0.00961251
-0.0103974
-0.0110123
-0.0113534
-0.0117539
-0.0122911
-0.0127994
-0.0132586
-0.0137638
-0.0143004
-0.0147992
-0.0153282
-0.0158965
-0.0164963
-0.0170884
-0.0177074
-0.0182868
-0.0188821
-0.019575
-0.0203065
-0.0210385
-0.0217713
-0.0225956
-0.0234006
-0.0243061
-0.0251979
-0.0261733
-0.0271713
-0.0281641
-0.0292665
-0.030277
-0.0314875
-0.0326435
-0.0338278
-0.0354221
-0.0367976
0.0112915
0.00690492
0.00113798
-0.00235903
-0.0042385
-0.00552108
-0.00620008
-0.00636678
-0.00663067
-0.00718292
-0.00774932
-0.00819061
-0.0085848
-0.00900905
-0.00961112
-0.010386
-0.0109986
-0.0113474
-0.0117523
-0.0122881
-0.0127956
-0.0132564
-0.013762
-0.0142979
-0.0147975
-0.0153272
-0.0158952
-0.0164942
-0.0170864
-0.0177054
-0.0182857
-0.0188821
-0.019575
-0.0203057
-0.0210379
-0.0217709
-0.0225953
-0.0234003
-0.0243059
-0.0251974
-0.0261726
-0.0271704
-0.0281631
-0.0292656
-0.0302761
-0.0314866
-0.0326424
-0.0338265
-0.0354197
-0.0367967
0.0108161
0.00680684
0.00129573
-0.00221689
-0.0041796
-0.00550028
-0.00618149
-0.00634923
-0.00661952
-0.00717649
-0.00774382
-0.0081843
-0.00857991
-0.00900912
-0.0096097
-0.0103746
-0.0109847
-0.0113413
-0.0117506
-0.012285
-0.0127916
-0.0132541
-0.0137602
-0.0142952
-0.0147956
-0.0153262
-0.0158937
-0.0164921
-0.0170843
-0.0177033
-0.0182844
-0.0188819
-0.0195748
-0.0203049
-0.0210373
-0.0217706
-0.022595
-0.0234001
-0.0243056
-0.0251969
-0.0261719
-0.0271694
-0.0281621
-0.0292646
-0.0302752
-0.0314857
-0.0326413
-0.0338251
-0.0354173
-0.0367957
0.0103534
0.00670021
0.00144408
-0.00207168
-0.00411574
-0.00548011
-0.00616513
-0.00633202
-0.00660765
-0.00716961
-0.00773816
-0.00817792
-0.00857503
-0.00900918
-0.00960829
-0.0103633
-0.0109709
-0.0113351
-0.0117488
-0.0122818
-0.0127876
-0.0132517
-0.0137582
-0.0142925
-0.0147935
-0.0153251
-0.0158921
-0.0164899
-0.0170822
-0.0177011
-0.018283
-0.0188817
-0.0195746
-0.0203039
-0.0210366
-0.0217702
-0.0225947
-0.0233998
-0.0243053
-0.0251965
-0.0261711
-0.0271683
-0.0281611
-0.0292636
-0.0302742
-0.0314848
-0.0326401
-0.0338238
-0.0354147
-0.0367946
0.00990693
0.00658628
0.00158194
-0.0019248
-0.00404648
-0.00546034
-0.00615144
-0.00631555
-0.00659509
-0.00716221
-0.0077323
-0.00817145
-0.00857016
-0.00900925
-0.00960687
-0.0103521
-0.0109571
-0.0113288
-0.0117468
-0.0122786
-0.0127835
-0.0132491
-0.0137562
-0.0142897
-0.0147913
-0.0153239
-0.0158904
-0.0164876
-0.01708
-0.0176989
-0.0182816
-0.0188815
-0.0195742
-0.0203028
-0.0210359
-0.0217698
-0.0225943
-0.0233995
-0.0243049
-0.0251959
-0.0261702
-0.0271672
-0.0281601
-0.0292625
-0.0302731
-0.0314838
-0.0326388
-0.0338223
-0.0354121
-0.0367934
0.00948677
0.00646628
0.00170827
-0.00177719
-0.00397106
-0.00544031
-0.00614076
-0.00630037
-0.006582
-0.00715428
-0.00772621
-0.00816485
-0.00856528
-0.00900926
-0.00960544
-0.010341
-0.0109434
-0.0113224
-0.0117446
-0.0122752
-0.0127793
-0.0132465
-0.013754
-0.0142867
-0.0147891
-0.0153225
-0.0158885
-0.0164853
-0.0170777
-0.0176966
-0.01828
-0.0188811
-0.0195737
-0.0203017
-0.0210352
-0.0217695
-0.022594
-0.0233991
-0.0243046
-0.0251954
-0.0261694
-0.0271661
-0.028159
-0.0292614
-0.030272
-0.0314828
-0.0326375
-0.0338209
-0.0354094
-0.0367922
0.00910395
0.00634226
0.00182258
-0.00163018
-0.00388922
-0.00541909
-0.00613301
-0.00628677
-0.00656842
-0.00714577
-0.00771992
-0.00815819
-0.00856038
-0.00900918
-0.00960391
-0.01033
-0.0109297
-0.0113158
-0.0117423
-0.0122717
-0.012775
-0.0132437
-0.0137518
-0.0142837
-0.0147867
-0.0153211
-0.0158866
-0.0164829
-0.0170753
-0.0176943
-0.0182784
-0.0188808
-0.0195732
-0.0203004
-0.0210345
-0.0217691
-0.0225936
-0.0233988
-0.0243043
-0.0251948
-0.0261684
-0.0271649
-0.0281578
-0.0292603
-0.0302709
-0.0314817
-0.0326361
-0.0338193
-0.0354066
-0.0367909
0.00875633
0.00621529
0.00192511
-0.00148441
-0.00380061
-0.00539589
-0.00612828
-0.00627512
-0.00655434
-0.00713643
-0.00771325
-0.00815139
-0.00855546
-0.00900899
-0.00960227
-0.0103189
-0.0109161
-0.0113091
-0.0117399
-0.0122681
-0.0127706
-0.0132409
-0.0137495
-0.0142806
-0.0147842
-0.0153197
-0.0158845
-0.0164804
-0.0170728
-0.0176919
-0.0182767
-0.0188805
-0.0195726
-0.0202991
-0.0210338
-0.0217687
-0.0225932
-0.0233984
-0.0243039
-0.0251942
-0.0261675
-0.0271636
-0.0281566
-0.0292591
-0.0302697
-0.0314806
-0.0326347
-0.0338178
-0.0354037
-0.0367895
0.00841876
0.00608652
0.00201367
-0.00134261
-0.00370551
-0.00536987
-0.00612667
-0.00626618
-0.00654018
-0.00712634
-0.00770619
-0.00814441
-0.00855045
-0.00900868
-0.00960051
-0.010308
-0.0109025
-0.0113022
-0.0117372
-0.0122644
-0.0127661
-0.0132379
-0.013747
-0.0142774
-0.0147817
-0.0153181
-0.0158823
-0.0164779
-0.0170702
-0.0176894
-0.018275
-0.0188801
-0.019572
-0.0202978
-0.021033
-0.0217683
-0.0225928
-0.023398
-0.0243035
-0.0251936
-0.0261665
-0.0271624
-0.0281553
-0.0292579
-0.0302684
-0.0314794
-0.0326332
-0.0338162
-0.0354008
-0.036788
0.00809441
0.00595773
0.00208736
-0.00120702
-0.00360518
-0.00534029
-0.00612791
-0.00626044
-0.00652642
-0.0071157
-0.00769892
-0.00813744
-0.00854543
-0.0090082
-0.00959854
-0.0102969
-0.0108889
-0.0112952
-0.0117344
-0.0122606
-0.0127615
-0.0132349
-0.0137445
-0.0142741
-0.0147791
-0.0153165
-0.0158801
-0.0164752
-0.0170676
-0.0176868
-0.0182731
-0.0188797
-0.0195712
-0.0202964
-0.0210322
-0.0217679
-0.0225923
-0.0233976
-0.0243031
-0.025193
-0.0261654
-0.0271611
-0.028154
-0.0292566
-0.0302671
-0.0314782
-0.0326316
-0.0338145
-0.0353978
-0.0367864
0.00780235
0.00583136
0.00215205
-0.00107653
-0.00349936
-0.00530593
-0.00613147
-0.00625827
-0.00651312
-0.00710407
-0.007691
-0.00813022
-0.00854031
-0.00900754
-0.00959635
-0.0102859
-0.0108753
-0.011288
-0.0117313
-0.0122566
-0.0127568
-0.0132318
-0.0137419
-0.0142707
-0.0147765
-0.0153147
-0.0158778
-0.0164725
-0.0170649
-0.0176842
-0.0182713
-0.0188792
-0.0195705
-0.0202949
-0.0210313
-0.0217675
-0.0225919
-0.0233972
-0.0243027
-0.0251923
-0.0261644
-0.0271597
-0.0281527
-0.0292552
-0.0302657
-0.0314769
-0.03263
-0.0338128
-0.0353947
-0.0367848
0.00751148
0.00570653
0.00220363
-0.000955071
-0.00339018
-0.00526595
-0.00613668
-0.00625992
-0.00650075
-0.00709154
-0.00768235
-0.00812271
-0.00853509
-0.00900672
-0.00959399
-0.0102748
-0.0108618
-0.0112807
-0.0117281
-0.0122525
-0.012752
-0.0132285
-0.0137392
-0.0142673
-0.0147737
-0.0153129
-0.0158753
-0.0164698
-0.0170621
-0.0176815
-0.0182693
-0.0188788
-0.0195697
-0.0202934
-0.0210304
-0.021767
-0.0225914
-0.0233968
-0.0243022
-0.0251916
-0.0261633
-0.0271583
-0.0281513
-0.0292539
-0.0302643
-0.0314756
-0.0326283
-0.033811
-0.0353915
-0.036783
0.00722436
0.00558353
0.0022413
-0.000844198
-0.0032798
-0.00521945
-0.00614271
-0.00626588
-0.00649042
-0.0070788
-0.00767336
-0.00811518
-0.00852988
-0.0090057
-0.00959134
-0.0102637
-0.0108482
-0.0112732
-0.0117247
-0.0122483
-0.0127471
-0.0132252
-0.0137365
-0.0142638
-0.0147709
-0.015311
-0.0158729
-0.0164669
-0.0170592
-0.0176787
-0.0182674
-0.0188783
-0.0195688
-0.0202919
-0.0210295
-0.0217665
-0.0225909
-0.0233963
-0.0243018
-0.0251908
-0.0261621
-0.0271568
-0.0281498
-0.0292524
-0.0302628
-0.0314743
-0.0326265
-0.0338092
-0.0353883
-0.0367811
0.00698377
0.00546708
0.00227605
-0.000740852
-0.00316769
-0.00516574
-0.00614863
-0.00627634
-0.00648242
-0.00706549
-0.00766342
-0.00810717
-0.00852443
-0.0090044
-0.00958843
-0.0102525
-0.0108347
-0.0112655
-0.0117211
-0.012244
-0.012742
-0.0132218
-0.0137336
-0.0142601
-0.014768
-0.015309
-0.0158703
-0.0164639
-0.0170562
-0.0176759
-0.0182653
-0.0188777
-0.0195679
-0.0202903
-0.0210286
-0.021766
-0.0225904
-0.0233958
-0.0243013
-0.02519
-0.0261609
-0.0271554
-0.0281483
-0.0292509
-0.0302613
-0.0314728
-0.0326246
-0.0338074
-0.035385
-0.0367791
0.00673875
0.00535112
0.00230198
-0.000649275
-0.00305806
-0.00510511
-0.00615315
-0.0062907
-0.00647685
-0.00705178
-0.00765255
-0.00809871
-0.00851883
-0.00900292
-0.00958533
-0.0102414
-0.0108211
-0.0112576
-0.0117173
-0.0122395
-0.0127369
-0.0132182
-0.0137306
-0.0142564
-0.014765
-0.015307
-0.0158676
-0.0164609
-0.0170532
-0.017673
-0.0182632
-0.0188771
-0.019567
-0.0202887
-0.0210276
-0.0217655
-0.0225899
-0.0233953
-0.0243008
-0.0251892
-0.0261597
-0.0271538
-0.0281467
-0.0292494
-0.0302597
-0.0314714
-0.0326227
-0.0338054
-0.0353817
-0.036777
0.00648275
0.00523765
0.00231786
-0.000570919
-0.00295318
-0.00503732
-0.00615505
-0.00630916
-0.00647502
-0.00703881
-0.00764132
-0.00808997
-0.00851314
-0.00900126
-0.00958225
-0.0102301
-0.0108076
-0.0112496
-0.0117133
-0.0122349
-0.0127317
-0.0132146
-0.0137275
-0.0142526
-0.0147619
-0.0153048
-0.0158649
-0.0164577
-0.01705
-0.01767
-0.0182611
-0.0188765
-0.019566
-0.0202871
-0.0210266
-0.021765
-0.0225893
-0.0233948
-0.0243002
-0.0251884
-0.0261584
-0.0271522
-0.0281451
-0.0292478
-0.030258
-0.0314698
-0.0326207
-0.0338034
-0.0353782
-0.0367748
0.00624991
0.00513014
0.00233353
-0.000501069
-0.00285257
-0.00496287
-0.00615387
-0.00633163
-0.00647737
-0.00702656
-0.00762921
-0.00808043
-0.00850703
-0.0089993
-0.00957863
-0.0102189
-0.0107941
-0.0112414
-0.0117091
-0.0122302
-0.0127264
-0.0132108
-0.0137243
-0.0142487
-0.0147588
-0.0153025
-0.0158621
-0.0164545
-0.0170467
-0.0176669
-0.0182589
-0.0188758
-0.0195649
-0.0202854
-0.0210255
-0.0217644
-0.0225888
-0.0233942
-0.0242996
-0.0251875
-0.0261571
-0.0271506
-0.0281434
-0.0292461
-0.0302563
-0.0314683
-0.0326185
-0.0338014
-0.0353747
-0.0367725
0.0060112
0.00502129
0.00234423
-0.000442107
-0.00275956
-0.00488334
-0.00614816
-0.00635655
-0.0064834
-0.00701516
-0.00761647
-0.00807032
-0.00850067
-0.0089971
-0.0095748
-0.0102077
-0.0107806
-0.0112331
-0.0117046
-0.0122253
-0.012721
-0.0132069
-0.0137211
-0.0142447
-0.0147555
-0.0153001
-0.0158592
-0.0164511
-0.0170434
-0.0176638
-0.0182566
-0.0188751
-0.0195639
-0.0202837
-0.0210244
-0.0217638
-0.0225881
-0.0233936
-0.024299
-0.0251865
-0.0261557
-0.0271489
-0.0281416
-0.0292444
-0.0302545
-0.0314666
-0.0326163
-0.0337993
-0.0353712
-0.03677
0.00576466
0.00491158
0.00234971
-0.000393727
-0.00267506
-0.0047993
-0.0061365
-0.00638342
-0.00649403
-0.00700591
-0.00760385
-0.00805973
-0.0084938
-0.00899444
-0.00957069
-0.0101965
-0.0107672
-0.0112246
-0.0117
-0.0122203
-0.0127155
-0.013203
-0.0137177
-0.0142407
-0.0147521
-0.0152976
-0.0158562
-0.0164477
-0.01704
-0.0176606
-0.0182542
-0.0188743
-0.0195627
-0.0202819
-0.0210232
-0.0217631
-0.0225875
-0.023393
-0.0242984
-0.0251855
-0.0261543
-0.0271471
-0.0281398
-0.0292426
-0.0302527
-0.031465
-0.032614
-0.0337971
-0.0353676
-0.0367674
0.00552029
0.00480215
0.00235392
-0.000351851
-0.00259878
-0.00471288
-0.00611923
-0.00641213
-0.00650955
-0.00699908
-0.00759111
-0.00804827
-0.00848624
-0.00899142
-0.00956645
-0.0101854
-0.0107539
-0.011216
-0.0116951
-0.0122152
-0.0127099
-0.0131989
-0.0137141
-0.0142365
-0.0147486
-0.0152949
-0.0158531
-0.0164442
-0.0170364
-0.0176572
-0.0182518
-0.0188734
-0.0195616
-0.0202802
-0.021022
-0.0217625
-0.0225868
-0.0233923
-0.0242977
-0.0251845
-0.0261529
-0.0271453
-0.0281379
-0.0292408
-0.0302507
-0.0314632
-0.0326117
-0.0337948
-0.0353639
-0.0367647
0.00527797
0.00469019
0.00235516
-0.000316867
-0.00253279
-0.00462679
-0.00609595
-0.00644088
-0.00652897
-0.00699457
-0.00757866
-0.00803643
-0.00847826
-0.00898796
-0.00956188
-0.0101743
-0.0107407
-0.0112072
-0.0116901
-0.01221
-0.0127043
-0.0131947
-0.0137105
-0.0142322
-0.014745
-0.0152922
-0.0158499
-0.0164405
-0.0170328
-0.0176538
-0.0182493
-0.0188725
-0.0195603
-0.0202783
-0.0210208
-0.0217617
-0.0225861
-0.0233916
-0.024297
-0.0251834
-0.0261513
-0.0271435
-0.028136
-0.0292389
-0.0302487
-0.0314614
-0.0326092
-0.0337925
-0.0353602
-0.0367618
0.00503614
0.00457638
0.00235316
-0.000287897
-0.0024772
-0.00454219
-0.00606585
-0.0064685
-0.00655237
-0.00699347
-0.00756744
-0.00802436
-0.00846945
-0.00898369
-0.00955698
-0.0101634
-0.0107276
-0.0111984
-0.0116848
-0.0122046
-0.0126985
-0.0131904
-0.0137068
-0.0142279
-0.0147413
-0.0152893
-0.0158466
-0.0164368
-0.017029
-0.0176504
-0.0182468
-0.0188715
-0.0195591
-0.0202765
-0.0210195
-0.021761
-0.0225854
-0.0233909
-0.0242963
-0.0251823
-0.0261498
-0.0271416
-0.0281339
-0.0292369
-0.0302466
-0.0314596
-0.0326066
-0.0337901
-0.0353565
-0.0367588
0.00479561
0.00445873
0.00234688
-0.00026292
-0.00243123
-0.00446108
-0.00602968
-0.00649464
-0.00657977
-0.00699599
-0.00755739
-0.00801192
-0.00845986
-0.00897884
-0.00955188
-0.0101526
-0.0107147
-0.0111894
-0.0116793
-0.0121991
-0.0126927
-0.0131859
-0.0137029
-0.0142234
-0.0147375
-0.0152863
-0.0158432
-0.0164329
-0.0170252
-0.0176468
-0.0182442
-0.0188705
-0.0195577
-0.0202746
-0.0210182
-0.0217602
-0.0225846
-0.0233901
-0.0242955
-0.0251811
-0.0261482
-0.0271396
-0.0281318
-0.0292349
-0.0302444
-0.0314576
-0.0326039
-0.0337876
-0.0353527
-0.0367557
0.00456018
0.0043373
0.00233604
-0.000241472
-0.00239525
-0.00438572
-0.00598833
-0.00651834
-0.00661002
-0.00700173
-0.00754889
-0.00799982
-0.00844983
-0.00897324
-0.00954622
-0.0101417
-0.0107019
-0.0111804
-0.0116736
-0.0121935
-0.0126868
-0.0131814
-0.0136989
-0.0142188
-0.0147336
-0.0152832
-0.0158396
-0.0164289
-0.0170212
-0.0176432
-0.0182415
-0.0188694
-0.0195563
-0.0202727
-0.0210168
-0.0217594
-0.0225838
-0.0233893
-0.0242946
-0.0251799
-0.0261465
-0.0271376
-0.0281296
-0.0292328
-0.0302421
-0.0314557
-0.0326011
-0.0337851
-0.0353489
-0.0367524
0.00432889
0.00421288
0.00232052
-0.000222813
-0.00236827
-0.00431714
-0.00594246
-0.00653853
-0.00664255
-0.00701124
-0.0075428
-0.00798833
-0.00843909
-0.00896659
-0.00954
-0.0101309
-0.0106894
-0.0111714
-0.0116678
-0.0121877
-0.0126808
-0.0131768
-0.0136948
-0.0142142
-0.0147296
-0.0152799
-0.015836
-0.0164248
-0.0170172
-0.0176394
-0.0182387
-0.0188682
-0.0195549
-0.0202707
-0.0210154
-0.0217586
-0.022583
-0.0233885
-0.0242937
-0.0251786
-0.0261448
-0.0271354
-0.0281273
-0.0292306
-0.0302398
-0.0314536
-0.0325983
-0.0337824
-0.035345
-0.0367489
0.0041025
0.00408503
0.00229889
-0.000206916
-0.00234948
-0.0042566
-0.00589341
-0.00655498
-0.00667705
-0.00702441
-0.00753902
-0.00797751
-0.00842789
-0.00895914
-0.00953331
-0.0101203
-0.0106771
-0.0111623
-0.0116617
-0.0121818
-0.0126747
-0.013172
-0.0136906
-0.0142094
-0.0147254
-0.0152765
-0.0158322
-0.0164207
-0.017013
-0.0176356
-0.0182358
-0.0188669
-0.0195534
-0.0202687
-0.0210139
-0.0217576
-0.0225821
-0.0233876
-0.0242928
-0.0251772
-0.026143
-0.0271333
-0.0281249
-0.0292284
-0.0302373
-0.0314515
-0.0325953
-0.0337797
-0.0353411
-0.0367453
0.0038853
0.00395481
0.00226978
-0.0001945
-0.00233809
-0.00420492
-0.00584276
-0.00656741
-0.00671254
-0.00704068
-0.0075378
-0.0079681
-0.00841668
-0.00895085
-0.00952587
-0.0101094
-0.0106649
-0.0111532
-0.0116556
-0.0121759
-0.0126686
-0.0131671
-0.0136863
-0.0142045
-0.0147211
-0.015273
-0.0158283
-0.0164163
-0.0170087
-0.0176317
-0.0182329
-0.0188655
-0.0195518
-0.0202666
-0.0210124
-0.0217567
-0.0225811
-0.0233867
-0.0242918
-0.0251758
-0.0261411
-0.027131
-0.0281224
-0.0292261
-0.0302347
-0.0314493
-0.0325922
-0.0337769
-0.0353372
-0.0367415
0.00366916
0.00382024
0.00223298
-0.000184451
-0.00233204
-0.00416235
-0.00579202
-0.00657555
-0.00674833
-0.00706018
-0.00753968
-0.00796043
-0.00840549
-0.0089416
-0.00951763
-0.0100985
-0.0106529
-0.0111443
-0.0116494
-0.0121698
-0.0126624
-0.0131622
-0.0136819
-0.0141996
-0.0147167
-0.0152693
-0.0158243
-0.0164119
-0.0170043
-0.0176276
-0.0182299
-0.0188641
-0.0195502
-0.0202645
-0.0210108
-0.0217557
-0.0225801
-0.0233857
-0.0242908
-0.0251743
-0.0261392
-0.0271287
-0.0281198
-0.0292238
-0.0302321
-0.0314471
-0.032589
-0.0337739
-0.0353333
-0.0367376
0.00345296
0.00368438
0.00219017
-0.000177173
-0.00233131
-0.00412984
-0.00574285
-0.0065797
-0.00678413
-0.00708255
-0.00754432
-0.00795451
-0.00839463
-0.00893167
-0.00950869
-0.0100873
-0.0106412
-0.0111353
-0.011643
-0.0121637
-0.0126562
-0.0131571
-0.0136773
-0.0141945
-0.0147122
-0.0152655
-0.0158202
-0.0164074
-0.0169998
-0.0176235
-0.0182268
-0.0188626
-0.0195485
-0.0202624
-0.0210092
-0.0217547
-0.0225791
-0.0233846
-0.0242897
-0.0251728
-0.0261372
-0.0271264
-0.0281172
-0.0292213
-0.0302293
-0.0314447
-0.0325858
-0.0337709
-0.0353293
-0.0367335
0.00324147
0.00354834
0.00213865
-0.000175569
-0.00233561
-0.00410708
-0.00569637
-0.00658009
-0.00681919
-0.00710707
-0.0075517
-0.00795095
-0.00838462
-0.00892125
-0.00949899
-0.0100759
-0.0106294
-0.0111263
-0.0116366
-0.0121576
-0.01265
-0.0131519
-0.0136726
-0.0141894
-0.0147075
-0.0152615
-0.0158159
-0.0164027
-0.0169951
-0.0176193
-0.0182236
-0.0188609
-0.0195467
-0.0202602
-0.0210074
-0.0217535
-0.022578
-0.0233835
-0.0242885
-0.0251712
-0.0261352
-0.0271239
-0.0281144
-0.0292188
-0.0302264
-0.0314423
-0.0325824
-0.0337678
-0.0353254
-0.0367293
0.00302835
0.00340734
0.00207788
-0.000178197
-0.00234247
-0.00409322
-0.00565408
-0.00657738
-0.00685325
-0.0071337
-0.007562
-0.00794995
-0.00837555
-0.00891036
-0.00948854
-0.010064
-0.0106176
-0.0111175
-0.0116302
-0.0121515
-0.0126437
-0.0131467
-0.0136678
-0.0141841
-0.0147027
-0.0152573
-0.0158115
-0.0163979
-0.0169904
-0.017615
-0.0182203
-0.0188592
-0.0195448
-0.0202579
-0.0210057
-0.0217524
-0.0225769
-0.0233824
-0.0242873
-0.0251695
-0.0261331
-0.0271214
-0.0281115
-0.0292162
-0.0302235
-0.0314398
-0.032579
-0.0337646
-0.0353214
-0.0367249
0.00281291
0.00326445
0.00201119
-0.000185188
-0.00235249
-0.00408888
-0.00561756
-0.00657233
-0.00688609
-0.00716192
-0.00757467
-0.00795146
-0.00836785
-0.00889938
-0.0094775
-0.0100519
-0.0106058
-0.0111086
-0.0116237
-0.0121454
-0.0126375
-0.0131413
-0.0136629
-0.0141787
-0.0146978
-0.015253
-0.015807
-0.016393
-0.0169855
-0.0176106
-0.0182169
-0.0188574
-0.0195429
-0.0202557
-0.0210039
-0.0217512
-0.0225756
-0.0233811
-0.0242859
-0.0251678
-0.0261309
-0.0271188
-0.0281085
-0.0292136
-0.0302204
-0.0314373
-0.0325754
-0.0337612
-0.0353174
-0.0367204
0.00260029
0.00312196
0.00193672
-0.000199466
-0.00236577
-0.00409298
-0.00558735
-0.00656549
-0.00691731
-0.00719133
-0.00758974
-0.00795585
-0.00836188
-0.00888846
-0.00946595
-0.0100394
-0.0105938
-0.0110996
-0.0116173
-0.0121394
-0.0126314
-0.0131359
-0.0136579
-0.0141733
-0.0146927
-0.0152485
-0.0158023
-0.0163879
-0.0169805
-0.0176061
-0.0182134
-0.0188555
-0.0195408
-0.0202533
-0.021002
-0.0217499
-0.0225743
-0.0233798
-0.0242846
-0.025166
-0.0261286
-0.0271161
-0.0281054
-0.0292108
-0.0302172
-0.0314346
-0.0325718
-0.0337577
-0.0353133
-0.0367157
0.00239338
0.00297774
0.00185359
-0.000220656
-0.00238091
-0.00410436
-0.00556459
-0.00655805
-0.00694711
-0.00722204
-0.00760696
-0.00796284
-0.00835778
-0.00887786
-0.00945409
-0.0100267
-0.0105817
-0.0110905
-0.0116108
-0.0121335
-0.0126253
-0.0131304
-0.0136528
-0.0141677
-0.0146875
-0.0152439
-0.0157975
-0.0163828
-0.0169753
-0.0176014
-0.0182098
-0.0188534
-0.0195387
-0.0202509
-0.021
-0.0217485
-0.022573
-0.0233784
-0.0242831
-0.0251641
-0.0261263
-0.0271133
-0.0281022
-0.029208
-0.0302139
-0.0314318
-0.0325681
-0.0337541
-0.0353093
-0.0367109
0.00219211
0.0028319
0.00176364
-0.000249011
-0.00239845
-0.00412281
-0.00555018
-0.0065509
-0.00697534
-0.00725363
-0.00762584
-0.00797237
-0.00835611
-0.0088679
-0.00944195
-0.0100138
-0.0105693
-0.0110811
-0.0116042
-0.0121278
-0.0126194
-0.0131249
-0.0136475
-0.0141621
-0.0146821
-0.015239
-0.0157926
-0.0163775
-0.0169701
-0.0175966
-0.0182061
-0.0188513
-0.0195365
-0.0202485
-0.020998
-0.0217471
-0.0225716
-0.023377
-0.0242816
-0.0251621
-0.0261239
-0.0271104
-0.0280989
-0.029205
-0.0302105
-0.031429
-0.0325643
-0.0337504
-0.0353052
-0.0367059
0.00199458
0.00268615
0.00166745
-0.00028583
-0.00241874
-0.00414719
-0.00554435
-0.00654485
-0.00700202
-0.0072861
-0.00764651
-0.00798431
-0.00835686
-0.00885877
-0.00942967
-0.0100009
-0.0105569
-0.0110715
-0.0115975
-0.0121221
-0.0126136
-0.0131194
-0.0136423
-0.0141564
-0.0146765
-0.015234
-0.0157875
-0.0163721
-0.0169647
-0.0175918
-0.0182023
-0.018849
-0.0195342
-0.020246
-0.0209959
-0.0217456
-0.02257
-0.0233755
-0.0242799
-0.0251601
-0.0261214
-0.0271074
-0.0280955
-0.029202
-0.0302069
-0.031426
-0.0325605
-0.0337465
-0.0353011
-0.0367008
0.00180279
0.00254216
0.00156504
-0.000332044
-0.00244204
-0.0041765
-0.00554765
-0.00654127
-0.00702749
-0.00731947
-0.00766866
-0.00799818
-0.00836019
-0.00885095
-0.00941752
-0.00998805
-0.0105444
-0.0110614
-0.0115906
-0.0121167
-0.012608
-0.013114
-0.013637
-0.0141507
-0.0146708
-0.0152287
-0.0157822
-0.0163666
-0.0169591
-0.0175868
-0.0181985
-0.0188466
-0.0195318
-0.0202434
-0.0209938
-0.021744
-0.0225684
-0.0233739
-0.0242782
-0.0251579
-0.0261188
-0.0271043
-0.0280919
-0.0291989
-0.0302033
-0.031423
-0.0325565
-0.0337425
-0.035297
-0.0366956
0.00161709
0.00239913
0.0014568
-0.000388172
-0.00246907
-0.00420983
-0.00556021
-0.00654125
-0.00705171
-0.00735344
-0.0076924
-0.00801396
-0.00836625
-0.00884469
-0.00940549
-0.00997535
-0.010532
-0.011051
-0.0115834
-0.0121113
-0.0126027
-0.0131085
-0.0136315
-0.0141449
-0.0146649
-0.0152233
-0.0157768
-0.016361
-0.0169535
-0.0175817
-0.0181944
-0.0188441
-0.0195293
-0.0202407
-0.0209916
-0.0217423
-0.0225668
-0.0233721
-0.0242764
-0.0251557
-0.0261161
-0.0271011
-0.0280882
-0.0291956
-0.0301995
-0.0314198
-0.0325525
-0.0337384
-0.0352929
-0.0366902
0.00143416
0.0022568
0.00134444
-0.000454326
-0.00250098
-0.00424632
-0.00558173
-0.006546
-0.00707505
-0.00738796
-0.00771789
-0.00803136
-0.00837477
-0.00884029
-0.00939378
-0.00996291
-0.0105199
-0.0110402
-0.0115757
-0.012106
-0.0125976
-0.0131032
-0.0136261
-0.014139
-0.0146589
-0.0152176
-0.0157712
-0.0163552
-0.0169477
-0.0175765
-0.0181903
-0.0188415
-0.0195267
-0.020238
-0.0209893
-0.0217405
-0.022565
-0.0233704
-0.0242745
-0.0251534
-0.0261134
-0.0270978
-0.0280844
-0.0291923
-0.0301956
-0.0314166
-0.0325485
-0.0337341
-0.0352887
-0.0366848
0.00125221
0.0021155
0.00122897
-0.000530819
-0.0025391
-0.00428519
-0.00561157
-0.00655682
-0.00709811
-0.00742279
-0.00774507
-0.00805026
-0.00838564
-0.00883809
-0.00938273
-0.0099507
-0.0105084
-0.0110293
-0.0115673
-0.0121006
-0.0125929
-0.013098
-0.0136207
-0.0141331
-0.0146527
-0.0152118
-0.0157656
-0.0163493
-0.0169417
-0.0175711
-0.0181861
-0.0188387
-0.019524
-0.0202353
-0.0209869
-0.0217386
-0.0225631
-0.0233685
-0.0242726
-0.025151
-0.0261105
-0.0270944
-0.0280805
-0.0291888
-0.0301916
-0.0314132
-0.0325444
-0.0337297
-0.0352845
-0.0366792
0.00107003
0.00197433
0.00111104
-0.000617218
-0.00258461
-0.00432592
-0.00564891
-0.0065748
-0.00712136
-0.00745778
-0.00777423
-0.00807059
-0.00839862
-0.00883834
-0.00937256
-0.00993869
-0.0104973
-0.0110185
-0.0115585
-0.0120951
-0.0125884
-0.0130929
-0.0136153
-0.0141273
-0.0146463
-0.0152056
-0.0157597
-0.0163433
-0.0169356
-0.0175656
-0.0181818
-0.0188359
-0.0195211
-0.0202324
-0.0209845
-0.0217366
-0.0225611
-0.0233664
-0.0242705
-0.0251485
-0.0261076
-0.0270909
-0.0280765
-0.0291853
-0.0301875
-0.0314098
-0.0325402
-0.0337251
-0.0352802
-0.0366735
0.000887708
0.00183264
0.000991495
-0.000712397
-0.00263924
-0.00436873
-0.00569248
-0.00660106
-0.00714582
-0.00749269
-0.00780542
-0.00809239
-0.00841334
-0.00884114
-0.00936369
-0.00992691
-0.0104869
-0.011008
-0.0115493
-0.0120892
-0.0125841
-0.0130881
-0.01361
-0.0141215
-0.0146399
-0.0151992
-0.0157535
-0.0163372
-0.0169294
-0.01756
-0.0181773
-0.0188328
-0.0195182
-0.0202295
-0.0209819
-0.0217344
-0.022559
-0.0233643
-0.0242683
-0.0251459
-0.0261046
-0.0270872
-0.0280723
-0.0291816
-0.0301833
-0.0314062
-0.0325359
-0.0337204
-0.0352759
-0.0366677
0.000705741
0.00168926
0.000870208
-0.000815033
-0.00270441
-0.00441439
-0.00574043
-0.00663634
-0.00717276
-0.0075269
-0.00783872
-0.00811621
-0.00842946
-0.00884625
-0.00935656
-0.00991562
-0.010477
-0.010998
-0.0115396
-0.012083
-0.01258
-0.0130834
-0.0136047
-0.0141158
-0.0146333
-0.0151927
-0.0157473
-0.0163308
-0.0169229
-0.0175543
-0.0181728
-0.0188296
-0.019515
-0.0202265
-0.0209793
-0.0217321
-0.0225568
-0.0233622
-0.024266
-0.0251432
-0.0261014
-0.0270834
-0.0280681
-0.0291778
-0.030179
-0.0314025
-0.0325316
-0.0337156
-0.0352715
-0.0366618
0.000523294
0.0015433
0.000746771
-0.000923558
-0.00278045
-0.00446437
-0.00579139
-0.00668053
-0.00720392
-0.00756051
-0.00787366
-0.0081422
-0.00844705
-0.00885355
-0.00935121
-0.00990507
-0.0104677
-0.0109885
-0.0115297
-0.0120762
-0.0125761
-0.013079
-0.0135994
-0.01411
-0.0146268
-0.0151859
-0.0157409
-0.0163245
-0.0169163
-0.0175484
-0.0181681
-0.0188264
-0.0195119
-0.0202233
-0.0209766
-0.0217297
-0.0225545
-0.0233598
-0.0242637
-0.0251404
-0.0260981
-0.0270794
-0.0280636
-0.0291739
-0.0301745
-0.0313987
-0.0325272
-0.0337106
-0.0352671
-0.0366559
0.00034008
0.001395
0.000620544
-0.00103655
-0.00286727
-0.0045208
-0.00584408
-0.00673274
-0.00724104
-0.00759389
-0.00790983
-0.00817046
-0.00846617
-0.00886321
-0.0093478
-0.00989511
-0.0104591
-0.0109801
-0.0115199
-0.0120687
-0.0125719
-0.013075
-0.0135943
-0.0141042
-0.01462
-0.0151789
-0.0157344
-0.016318
-0.0169097
-0.0175423
-0.0181633
-0.018823
-0.0195086
-0.0202201
-0.0209737
-0.0217271
-0.0225521
-0.0233574
-0.0242612
-0.0251375
-0.0260948
-0.0270753
-0.0280591
-0.0291698
-0.03017
-0.0313948
-0.0325228
-0.0337055
-0.0352626
-0.0366499
0.000155857
0.00124434
0.000490384
-0.00115328
-0.00296409
-0.00458599
-0.005898
-0.00679159
-0.0072857
-0.00762733
-0.00794686
-0.00820148
-0.00848648
-0.00887491
-0.00934691
-0.00988609
-0.0104508
-0.0109726
-0.0115107
-0.0120608
-0.0125674
-0.0130711
-0.0135895
-0.0140987
-0.0146132
-0.0151717
-0.0157277
-0.0163113
-0.0169028
-0.0175362
-0.0181583
-0.0188193
-0.0195051
-0.0202168
-0.0209709
-0.0217244
-0.0225495
-0.0233548
-0.0242586
-0.0251344
-0.0260913
-0.0270712
-0.0280544
-0.0291655
-0.0301652
-0.0313909
-0.0325183
-0.0337003
-0.035258
-0.0366438
-3.15473e-05
0.00109085
0.000355758
-0.00127363
-0.003069
-0.00466175
-0.00595401
-0.00685496
-0.00733939
-0.00766229
-0.00798368
-0.00823543
-0.00850843
-0.00888806
-0.00934838
-0.00987881
-0.0104433
-0.0109654
-0.0115021
-0.0120529
-0.0125624
-0.0130673
-0.0135847
-0.0140931
-0.0146065
-0.0151643
-0.0157207
-0.0163045
-0.0168958
-0.0175299
-0.0181534
-0.0188156
-0.0195014
-0.0202133
-0.0209678
-0.0217216
-0.0225469
-0.0233521
-0.0242559
-0.0251312
-0.0260877
-0.0270668
-0.0280496
-0.0291612
-0.0301604
-0.0313867
-0.0325137
-0.0336949
-0.0352534
-0.0366376
-0.00022399
0.000934233
0.000216618
-0.00139829
-0.00318038
-0.004749
-0.00601379
-0.00692041
-0.00740226
-0.00770074
-0.00801979
-0.00827198
-0.00853249
-0.00890289
-0.00935195
-0.00987284
-0.010437
-0.0109593
-0.0114937
-0.0120448
-0.0125571
-0.0130635
-0.0135802
-0.0140873
-0.0145995
-0.0151572
-0.0157137
-0.0162974
-0.0168886
-0.0175235
-0.0181482
-0.0188118
-0.0194977
-0.0202097
-0.0209645
-0.0217185
-0.0225441
-0.0233494
-0.024253
-0.0251279
-0.0260839
-0.0270623
-0.0280447
-0.0291568
-0.0301556
-0.0313826
-0.0325091
-0.0336893
-0.0352487
-0.0366315
-0.000422384
0.000773727
7.33316e-05
-0.00152815
-0.00329672
-0.00484756
-0.00608036
-0.00698627
-0.00747334
-0.00774482
-0.0080552
-0.00831078
-0.00855869
-0.00891914
-0.00935804
-0.00986813
-0.0104316
-0.0109545
-0.0114865
-0.0120368
-0.0125509
-0.0130595
-0.0135763
-0.0140819
-0.0145923
-0.0151495
-0.0157067
-0.0162905
-0.0168813
-0.0175169
-0.0181429
-0.0188076
-0.0194938
-0.0202062
-0.0209613
-0.0217152
-0.0225411
-0.0233464
-0.0242502
-0.0251245
-0.02608
-0.0270577
-0.0280395
-0.0291521
-0.0301505
-0.0313783
-0.0325044
-0.0336837
-0.0352439
-0.0366252
-0.00062653
0.000607763
-7.34976e-05
-0.00166389
-0.00341713
-0.00495603
-0.00615692
-0.007052
-0.0075507
-0.00779655
-0.00808992
-0.0083512
-0.00858795
-0.00893648
-0.00936638
-0.00986527
-0.0104271
-0.0109505
-0.0114802
-0.0120299
-0.0125444
-0.0130544
-0.0135723
-0.0140768
-0.0145853
-0.0151419
-0.0156993
-0.0162833
-0.016874
-0.0175102
-0.0181374
-0.0188034
-0.0194896
-0.0202023
-0.0209579
-0.0217119
-0.0225381
-0.0233433
-0.024247
-0.025121
-0.0260761
-0.0270529
-0.0280344
-0.0291474
-0.0301453
-0.0313739
-0.0324996
-0.033678
-0.035239
-0.0366189
-0.000833886
0.000435251
-0.000223972
-0.00180621
-0.00354252
-0.00507222
-0.00624545
-0.00711866
-0.00763176
-0.0078572
-0.00812499
-0.00839189
-0.00862055
-0.0089557
-0.0093769
-0.00986401
-0.0104239
-0.0109477
-0.011474
-0.0120236
-0.0125386
-0.0130489
-0.0135679
-0.0140715
-0.014578
-0.0151345
-0.0156922
-0.0162759
-0.0168664
-0.0175034
-0.0181319
-0.018799
-0.0194853
-0.0201982
-0.0209542
-0.0217082
-0.0225352
-0.0233403
-0.0242438
-0.0251171
-0.0260718
-0.027048
-0.028029
-0.0291425
-0.0301401
-0.0313695
-0.0324947
-0.0336721
-0.0352341
-0.0366127
-0.00104268
0.00025528
-0.000378462
-0.00195489
-0.00367418
-0.00519387
-0.00634675
-0.00718871
-0.00771401
-0.0079274
-0.00816235
-0.00843181
-0.00865583
-0.00897684
-0.00939011
-0.00986476
-0.0104216
-0.0109468
-0.0114686
-0.0120172
-0.0125329
-0.0130432
-0.0135639
-0.0140666
-0.0145701
-0.0151264
-0.0156851
-0.0162689
-0.0168589
-0.0174962
-0.0181262
-0.0187945
-0.0194809
-0.0201941
-0.0209504
-0.0217043
-0.0225318
-0.0233369
-0.0242406
-0.0251134
-0.0260674
-0.0270428
-0.0280234
-0.0291375
-0.0301348
-0.031365
-0.03249
-0.0336661
-0.0352289
-0.0366063
-0.00125294
6.69647e-05
-0.000538456
-0.00210891
-0.00381355
-0.00531993
-0.0064603
-0.00726541
-0.0077955
-0.00800622
-0.00820409
-0.00847043
-0.00869344
-0.0089999
-0.00940559
-0.00986813
-0.0104205
-0.0109474
-0.0114644
-0.0120114
-0.0125273
-0.0130362
-0.0135593
-0.0140627
-0.014563
-0.0151181
-0.0156773
-0.0162614
-0.0168516
-0.0174893
-0.0181202
-0.0187896
-0.0194763
-0.0201898
-0.0209465
-0.0217004
-0.0225285
-0.0233334
-0.0242369
-0.0251095
-0.0260631
-0.0270378
-0.0280177
-0.0291322
-0.0301293
-0.0313603
-0.032485
-0.0336601
-0.0352238
-0.0365999
-0.00146408
-0.000129527
-0.00070668
-0.0022677
-0.00396187
-0.00545039
-0.00658363
-0.00735192
-0.00787583
-0.00809179
-0.00825241
-0.00850809
-0.00873252
-0.00902488
-0.00942314
-0.00987391
-0.0104208
-0.01095
-0.0114615
-0.0120058
-0.0125227
-0.0130288
-0.0135527
-0.0140584
-0.0145565
-0.0151103
-0.0156701
-0.0162539
-0.0168435
-0.017482
-0.0181142
-0.0187846
-0.0194714
-0.0201854
-0.0209423
-0.0216963
-0.0225251
-0.0233299
-0.0242333
-0.0251051
-0.0260582
-0.0270325
-0.028012
-0.029127
-0.0301237
-0.0313556
-0.0324799
-0.0336537
-0.0352186
-0.0365936
-0.0016755
-0.000333351
-0.00088576
-0.00243178
-0.00411974
-0.00558682
-0.00671434
-0.00745017
-0.00795522
-0.00818101
-0.00830857
-0.00854581
-0.00877295
-0.00905189
-0.00944264
-0.00988242
-0.0104217
-0.0109542
-0.0114607
-0.0120005
-0.0125184
-0.0130218
-0.0135456
-0.0140534
-0.0145494
-0.0151018
-0.0156629
-0.0162476
-0.0168363
-0.0174743
-0.0181076
-0.0187793
-0.0194663
-0.0201806
-0.020938
-0.021692
-0.0225217
-0.0233261
-0.0242296
-0.0251009
-0.0260533
-0.0270268
-0.0280058
-0.0291216
-0.0301183
-0.0313509
-0.032475
-0.0336475
-0.0352131
-0.0365872
-0.00188925
-0.000542469
-0.00107757
-0.00260228
-0.00428612
-0.00573115
-0.00685063
-0.00756161
-0.00803629
-0.00827094
-0.00837245
-0.00858412
-0.00881409
-0.00908175
-0.00946441
-0.00989399
-0.0104236
-0.0109591
-0.0114616
-0.0119959
-0.0125148
-0.0130148
-0.0135374
-0.0140487
-0.0145434
-0.0150928
-0.0156542
-0.0162403
-0.0168294
-0.0174676
-0.0181013
-0.0187735
-0.0194608
-0.0201756
-0.0209331
-0.0216875
-0.0225181
-0.0233223
-0.0242255
-0.0250964
-0.0260485
-0.0270214
-0.0279996
-0.0291159
-0.0301124
-0.031346
-0.0324698
-0.0336412
-0.0352078
-0.0365808
-0.00211123
-0.000756875
-0.00128198
-0.00278198
-0.00446077
-0.00588537
-0.00699029
-0.00768428
-0.00812228
-0.00836011
-0.00844367
-0.00862415
-0.0088546
-0.00911391
-0.00948915
-0.00990983
-0.010427
-0.0109645
-0.0114639
-0.0119911
-0.0125114
-0.0130088
-0.0135281
-0.0140426
-0.0145384
-0.0150851
-0.0156459
-0.016233
-0.0168215
-0.0174596
-0.018095
-0.0187683
-0.0194555
-0.0201707
-0.0209284
-0.0216827
-0.0225142
-0.023318
-0.0242213
-0.0250917
-0.0260432
-0.0270157
-0.0279934
-0.0291105
-0.0301067
-0.031341
-0.0324646
-0.0336346
-0.0352023
-0.0365745
-0.00234272
-0.000978901
-0.00149923
-0.00297308
-0.00464318
-0.00605149
-0.00713508
-0.00781629
-0.00821475
-0.00844663
-0.00852059
-0.00866764
-0.00889443
-0.00914754
-0.00951547
-0.0099305
-0.0104336
-0.0109708
-0.0114683
-0.0119866
-0.0125066
-0.0130025
-0.0135187
-0.014036
-0.0145332
-0.0150773
-0.0156374
-0.0162267
-0.0168151
-0.0174516
-0.0180871
-0.0187615
-0.0194496
-0.0201655
-0.0209235
-0.0216784
-0.0225108
-0.0233138
-0.0242168
-0.0250868
-0.0260377
-0.0270096
-0.0279866
-0.0291045
-0.030101
-0.0313362
-0.0324596
-0.0336282
-0.0351966
-0.036568
-0.00258191
-0.00120799
-0.00173012
-0.00318061
-0.00483346
-0.00622742
-0.00728519
-0.00795585
-0.00831668
-0.00853096
-0.00860058
-0.00871545
-0.00893417
-0.00918338
-0.00954302
-0.00995426
-0.0104429
-0.0109778
-0.0114752
-0.0119837
-0.0125018
-0.0129959
-0.0135075
-0.0140276
-0.0145287
-0.0150705
-0.0156282
-0.0162195
-0.0168088
-0.0174449
-0.0180806
-0.0187549
-0.0194429
-0.0201595
-0.0209178
-0.0216732
-0.0225071
-0.0233096
-0.0242126
-0.025082
-0.0260323
-0.0270037
-0.02798
-0.0290985
-0.0300947
-0.0313308
-0.0324543
-0.0336216
-0.0351911
-0.0365618
-0.00283195
-0.00144452
-0.00197003
-0.00340748
-0.00503877
-0.00641648
-0.00744164
-0.00809701
-0.00842583
-0.008614
-0.00868164
-0.00876809
-0.0089739
-0.00922184
-0.00957346
-0.00998227
-0.0104556
-0.0109841
-0.0114829
-0.0119818
-0.0124966
-0.0129904
-0.0134973
-0.0140176
-0.0145225
-0.0150639
-0.0156193
-0.0162121
-0.0168023
-0.017437
-0.0180729
-0.0187487
-0.0194374
-0.0201542
-0.0209123
-0.0216681
-0.0225028
-0.0233045
-0.0242076
-0.0250768
-0.0260266
-0.0269975
-0.0279732
-0.0290927
-0.030089
-0.0313256
-0.032449
-0.0336147
-0.0351849
-0.0365554
-0.00309989
-0.00169725
-0.00221901
-0.00364744
-0.00525703
-0.00662125
-0.00761305
-0.00824278
-0.00854045
-0.008694
-0.00875887
-0.00882431
-0.00901355
-0.00926164
-0.00960583
-0.0100133
-0.0104737
-0.0109918
-0.0114915
-0.0119813
-0.0124902
-0.0129839
-0.0134878
-0.0140086
-0.0145172
-0.0150578
-0.0156101
-0.0162039
-0.0167957
-0.0174299
-0.0180648
-0.0187403
-0.0194302
-0.0201485
-0.020907
-0.0216636
-0.0224994
-0.0233001
-0.0242029
-0.0250715
-0.0260205
-0.0269911
-0.0279662
-0.0290866
-0.0300829
-0.0313204
-0.0324439
-0.0336082
-0.0351791
-0.0365482
-0.00338771
-0.00197575
-0.0024886
-0.00390565
-0.00548457
-0.00682952
-0.00779391
-0.00839511
-0.00866507
-0.00877904
-0.00883438
-0.00888489
-0.00905517
-0.00930301
-0.00964026
-0.0100444
-0.0104935
-0.0109987
-0.011499
-0.0119817
-0.0124832
-0.0129766
-0.0134778
-0.0139979
-0.0145111
-0.0150537
-0.015603
-0.0161961
-0.0167887
-0.0174224
-0.0180567
-0.0187324
-0.0194227
-0.0201415
-0.0209003
-0.0216577
-0.022495
-0.0232951
-0.0241983
-0.0250669
-0.026015
-0.0269852
-0.0279597
-0.0290812
-0.0300774
-0.0313153
-0.0324391
-0.0336019
-0.0351737
-0.0365436
-0.003696
-0.00228191
-0.00278882
-0.00419676
-0.00573775
-0.00704501
-0.00797293
-0.00853738
-0.00878248
-0.00886232
-0.0089075
-0.00895194
-0.00910484
-0.00935155
-0.0096832
-0.0100811
-0.0105192
-0.0110077
-0.0115047
-0.0119822
-0.0124752
-0.0129682
-0.0134691
-0.0139882
-0.0145035
-0.015048
-0.015596
-0.0161887
-0.0167823
-0.0174159
-0.0180484
-0.0187234
-0.0194154
-0.0201354
-0.0208939
-0.0216517
-0.0224896
-0.0232883
-0.0241913
-0.0250594
-0.0260069
-0.0269769
-0.027951
-0.0290737
-0.0300701
-0.0313089
-0.032433
-0.0335944
-0.0351664
-0.0365345
-0.00402513
-0.00261496
-0.00312039
-0.00452485
-0.00603028
-0.00728818
-0.00816933
-0.00867976
-0.00888656
-0.00893059
-0.00896275
-0.00900987
-0.00915369
-0.0094008
-0.00973009
-0.0101207
-0.0105499
-0.0110218
-0.0115121
-0.0119847
-0.0124688
-0.0129602
-0.0134617
-0.0139803
-0.0144986
-0.0150455
-0.0155914
-0.016182
-0.0167759
-0.0174105
-0.0180423
-0.0187164
-0.0194093
-0.0201304
-0.0208897
-0.0216485
-0.0224877
-0.0232857
-0.0241891
-0.0250567
-0.0260029
-0.0269726
-0.027946
-0.0290697
-0.0300659
-0.0313048
-0.0324296
-0.0335894
-0.0351622
-0.0365317
-0.00437064
-0.00298071
-0.00348716
-0.00488072
-0.00634836
-0.00755153
-0.00837952
-0.00883169
-0.00899665
-0.00900707
-0.00902027
-0.00906703
-0.00920206
-0.00944597
-0.00977143
-0.010151
-0.0105695
-0.0110243
-0.0115051
-0.0119754
-0.0124529
-0.0129432
-0.013447
-0.0139652
-0.0144847
-0.0150352
-0.0155815
-0.0161704
-0.0167636
-0.017399
-0.0180299
-0.0187035
-0.0193983
-0.0201204
-0.0208795
-0.0216388
-0.0224786
-0.0232756
-0.0241792
-0.0250468
-0.0259924
-0.0269624
-0.0279355
-0.0290607
-0.0300574
-0.0312971
-0.0324223
-0.0335808
-0.0351537
-0.0365212
-0.00474084
-0.00339185
-0.00390245
-0.00526488
-0.0066824
-0.00781974
-0.00858045
-0.00896829
-0.00909473
-0.00908996
-0.00910009
-0.00915639
-0.00929097
-0.00952821
-0.00984486
-0.0102089
-0.0106141
-0.0110507
-0.0115171
-0.011983
-0.0124544
-0.0129421
-0.0134479
-0.013966
-0.0144858
-0.015037
-0.0155824
-0.0161689
-0.0167609
-0.0173979
-0.0180283
-0.0186995
-0.0193947
-0.0201181
-0.0208782
-0.0216381
-0.0224785
-0.0232747
-0.0241784
-0.0250449
-0.0259891
-0.0269587
-0.0279313
-0.0290575
-0.0300538
-0.0312937
-0.0324199
-0.0335767
-0.0351501
-0.0365189
-0.00524837
-0.00390822
-0.00437775
-0.00566836
-0.00699981
-0.00803904
-0.00870849
-0.00902599
-0.00911547
-0.00910554
-0.00912221
-0.00919541
-0.00934091
-0.00957461
-0.00988183
-0.0102305
-0.0106218
-0.0110442
-0.0114985
-0.0119628
-0.0124329
-0.0129197
-0.0134282
-0.0139476
-0.0144683
-0.0150224
-0.0155694
-0.0161544
-0.0167438
-0.0173821
-0.0180136
-0.018685
-0.0193814
-0.0201055
-0.0208664
-0.0216269
-0.0224678
-0.0232636
-0.0241682
-0.0250349
-0.0259785
-0.0269488
-0.027921
-0.0290487
-0.0300454
-0.031286
-0.0324128
-0.0335685
-0.0351417
-0.0365091
-0.00606232
-0.00482494
-0.00524012
-0.00636694
-0.0075027
-0.00836359
-0.00889804
-0.00913852
-0.00920063
-0.0091981
-0.00922867
-0.00931238
-0.00945761
-0.00967298
-0.00995835
-0.0102854
-0.010658
-0.0110642
-0.0115042
-0.011964
-0.012434
-0.0129192
-0.013429
-0.0139496
-0.0144688
-0.0150213
-0.0155689
-0.0161536
-0.0167406
-0.0173796
-0.0180114
-0.0186804
-0.0193762
-0.020102
-0.0208644
-0.0216248
-0.0224656
-0.0232606
-0.0241651
-0.0250301
-0.0259724
-0.0269429
-0.0279149
-0.0290438
-0.0300405
-0.0312814
-0.0324095
-0.0335637
-0.035137
-0.036504
-0.00602532
-0.00522839
-0.00582136
-0.00686971
-0.00781412
-0.00849971
-0.00891492
-0.00911648
-0.00919578
-0.00922963
-0.00929005
-0.00939032
-0.00954027
-0.00974283
-0.0100077
-0.0103154
-0.0106698
-0.0110638
-0.0114954
-0.0119512
-0.0124226
-0.0129075
-0.0134167
-0.0139395
-0.0144595
-0.0150122
-0.0155603
-0.0161441
-0.0167277
-0.0173665
-0.0180011
-0.0186713
-0.0193665
-0.0200918
-0.0208559
-0.0216167
-0.0224576
-0.0232532
-0.0241589
-0.025024
-0.0259656
-0.0269364
-0.0279078
-0.0290378
-0.030035
-0.031276
-0.032405
-0.033558
-0.0351316
-0.0365001
-0.00846554
-0.00712957
-0.00706968
-0.00751928
-0.00804151
-0.00848274
-0.00881855
-0.00905323
-0.0092056
-0.00930713
-0.00940289
-0.00950166
-0.00963161
-0.00980727
-0.0100456
-0.0103326
-0.010669
-0.0110506
-0.0114763
-0.0119293
-0.0124044
-0.0128923
-0.0134011
-0.0139267
-0.0144467
-0.0149966
-0.0155466
-0.0161333
-0.0167156
-0.0173539
-0.0179896
-0.0186594
-0.0193534
-0.0200802
-0.0208472
-0.0216075
-0.0224477
-0.0232429
-0.0241485
-0.0250119
-0.0259529
-0.0269247
-0.0278963
-0.0290281
-0.0300255
-0.0312679
-0.0323982
-0.0335504
-0.0351233
-0.0364879
-0.0103342
-0.00994708
-0.00918808
-0.00860931
-0.00838551
-0.00848277
-0.00873658
-0.00899832
-0.00922106
-0.00939813
-0.00953954
-0.00964562
-0.00975955
-0.00991005
-0.0101191
-0.0103818
-0.0106999
-0.0110693
-0.0114905
-0.0119386
-0.0124135
-0.0129021
-0.0134067
-0.0139325
-0.0144531
-0.0150001
-0.0155489
-0.0161349
-0.0167142
-0.0173504
-0.0179885
-0.0186606
-0.0193526
-0.0200778
-0.020847
-0.0216075
-0.0224474
-0.0232433
-0.0241496
-0.0250128
-0.025953
-0.0269249
-0.0278957
-0.0290279
-0.0300257
-0.0312671
-0.0323983
-0.033549
-0.0351216
-0.0364892
-0.0115187
-0.00978108
-0.00887414
-0.00848623
-0.00838915
-0.00848143
-0.00869429
-0.00893911
-0.00917928
-0.00939273
-0.00956839
-0.00969169
-0.00980194
-0.00993732
-0.0101243
-0.0103675
-0.0106724
-0.0110317
-0.0114512
-0.0118991
-0.0123781
-0.0128738
-0.0133782
-0.0139064
-0.0144285
-0.0149726
-0.0155226
-0.0161129
-0.0166931
-0.0173285
-0.0179678
-0.0186417
-0.0193325
-0.0200586
-0.0208313
-0.0215912
-0.0224299
-0.0232256
-0.024132
-0.0249938
-0.0259342
-0.0269076
-0.0278792
-0.0290133
-0.0300117
-0.0312555
-0.032388
-0.0335388
-0.0351106
-0.0364722
-0.0125082
-0.0117793
-0.0106325
-0.00961518
-0.00894798
-0.00869335
-0.0087592
-0.00896181
-0.00920925
-0.00944747
-0.00964489
-0.00978654
-0.00990085
-0.0100273
-0.0101952
-0.0104176
-0.0107093
-0.0110561
-0.01147
-0.011913
-0.0123888
-0.0128873
-0.0133881
-0.0139151
-0.0144392
-0.0149807
-0.0155291
-0.016119
-0.0166984
-0.0173316
-0.0179712
-0.0186482
-0.0193374
-0.0200607
-0.0208354
-0.0215958
-0.0224339
-0.0232301
-0.0241372
-0.0249987
-0.0259384
-0.0269117
-0.0278824
-0.0290165
-0.0300153
-0.0312579
-0.0323912
-0.0335403
-0.0351116
-0.0364767
-0.0139277
-0.0115712
-0.0101376
-0.00929625
-0.00885661
-0.00871342
-0.00878213
-0.00895998
-0.00919173
-0.00942786
-0.00962501
-0.00976946
-0.00988832
-0.0100158
-0.0101829
-0.0104004
-0.0106888
-0.0110312
-0.0114412
-0.011884
-0.012358
-0.0128594
-0.0133612
-0.0138867
-0.0144116
-0.0149516
-0.0154998
-0.0160927
-0.0166741
-0.0173082
-0.0179474
-0.0186255
-0.0193161
-0.0200398
-0.0208163
-0.0215766
-0.0224136
-0.023209
-0.0241163
-0.0249772
-0.0259174
-0.0268925
-0.0278643
-0.029
-0.03
-0.0312453
-0.0323802
-0.03353
-0.0350992
-0.0364568
)
;

boundaryField
{
    zeroGradientPlanes
    {
        type            zeroGradient;
    }
    inlet
    {
        type            zeroGradient;
    }
    plate
    {
        type            zeroGradient;
    }
    frontAndBack
    {
        type            empty;
    }
}


// ************************************************************************* //
