/*--------------------------------*- C++ -*----------------------------------*\
| =========                 |                                                 |
| \\      /  F ield         | OpenFOAM: The Open Source CFD Toolbox           |
|  \\    /   O peration     | Version:  v2012                                 |
|   \\  /    A nd           | Website:  www.openfoam.com                      |
|    \\/     M anipulation  |                                                 |
\*---------------------------------------------------------------------------*/
FoamFile
{
    version     2.0;
    format      ascii;
    class       volScalarField;
    location    "4.1";
    object      p;
}
// * * * * * * * * * * * * * * * * * * * * * * * * * * * * * * * * * * * * * //

dimensions      [0 2 -2 0 0 0 0];


internalField   nonuniform List<scalar> 
7000
(
-2.65337e-10
-0.000117765
-0.000280188
0.00207122
0.00143046
0.00221265
0.0033079
0.00262762
0.0018967
0.00292016
0.00123365
0.00223596
-0.00169232
0.000532048
-0.000847828
0.00125004
0.00129527
0.00272991
0.0036427
0.00534913
-2.19507e-06
-0.000108935
-0.000277291
0.00206391
0.00143016
0.00221559
0.00330066
0.00262716
0.00190038
0.00290557
0.00125408
0.00221917
-0.00166475
0.000522647
-0.000838205
0.001241
0.00129761
0.00271946
0.00364266
0.00525109
-4.29046e-06
-9.88139e-05
-0.000274552
0.00204901
0.00143001
0.00222531
0.00329102
0.00262972
0.00190245
0.00288606
0.00127498
0.00219031
-0.00161912
0.000493779
-0.000810689
0.0012139
0.00131246
0.00268918
0.00364081
0.00510148
-6.14438e-06
-8.97427e-05
-0.000270918
0.00203499
0.00142878
0.00224245
0.00327881
0.00263341
0.00190458
0.00286061
0.00129616
0.00214662
-0.00155941
0.000449912
-0.000773381
0.00117706
0.00133222
0.00265128
0.00363118
0.00494055
-8.14251e-06
-8.12392e-05
-0.000264217
0.0020236
0.00142698
0.0022644
0.0032654
0.00263775
0.00190678
0.00283151
0.0013184
0.00209116
-0.00148626
0.000392984
-0.000730249
0.00113446
0.00135324
0.00261127
0.00361165
0.00478968
-1.04783e-05
-7.25344e-05
-0.000253851
0.00201347
0.00142532
0.00228956
0.00325218
0.00264206
0.00190952
0.00280081
0.0013416
0.00202889
-0.00140244
0.000327392
-0.000681337
0.00108818
0.00137601
0.00256902
0.00358223
0.004654
-1.32544e-05
-6.28464e-05
-0.000240087
0.00200379
0.0014242
0.00231683
0.00323987
0.00264591
0.00191326
0.00276935
0.00136592
0.0019636
-0.00131058
0.000258635
-0.000626912
0.00103938
0.0014001
0.00252364
0.00354383
0.00452929
-1.64944e-05
-5.13839e-05
-0.000223098
0.00199483
0.00142351
0.00234516
0.00322858
0.00264899
0.00191825
0.00273724
0.00139188
0.00189711
-0.00121171
0.000190232
-0.00056798
0.000989
0.0014239
0.002476
0.00349663
0.00441094
-2.01398e-05
-3.74677e-05
-0.000202589
0.00198715
0.00142261
0.00237354
0.00321805
0.00265103
0.00192448
0.0027042
0.00141984
0.00183
-0.00110584
0.000123441
-0.000504996
0.000938079
0.00144582
0.00242794
0.00344028
0.00429706
-2.40801e-05
-2.06769e-05
-0.000177943
0.00198121
0.00142065
0.00240106
0.00320795
0.00265177
0.00193187
0.00266993
0.00144993
0.00176231
-0.000993083
5.87352e-05
-0.00043778
0.00088779
0.00146463
0.00238119
0.0033749
0.00418699
-2.81961e-05
-9.25397e-07
-0.000148606
0.00197726
0.00141701
0.00242708
0.00319819
0.00265097
0.00194031
0.00263424
0.00148215
0.00169398
-0.000874188
-3.14235e-06
-0.000366306
0.000839744
0.00147947
0.00233693
0.00330135
0.00407981
-3.23911e-05
2.15646e-05
-0.000114461
0.00197524
0.00141153
0.00245124
0.0031889
0.00264838
0.00194971
0.00259703
0.00151648
0.001625
-0.000750247
-6.08941e-05
-0.000291375
0.000796184
0.00148967
0.0022957
0.00322094
0.00397428
-3.66025e-05
4.63547e-05
-7.60006e-05
0.00197476
0.0014045
0.00247346
0.00318035
0.00264379
0.00196003
0.00255828
0.00155292
0.00155542
-0.000622484
-0.000112731
-0.000214586
0.0007596
0.00149467
0.00225764
0.00313548
0.00386936
-4.07953e-05
7.2927e-05
-3.41809e-05
0.00197521
0.0013965
0.00249376
0.00317288
0.00263698
0.00197124
0.00251803
0.00159144
0.00148556
-0.000492371
-0.000156653
-0.000137816
0.000732207
0.00149419
0.00222258
0.00304715
0.00376457
-4.49493e-05
0.000100809
9.93367e-06
0.0019759
0.00138811
0.00251212
0.00316677
0.00262774
0.00198334
0.00247633
0.00163194
0.00141587
-0.000361646
-0.000190521
-6.29669e-05
0.000715565
0.00148869
0.0021901
0.00295793
0.00365989
-4.905e-05
0.000129647
5.54844e-05
0.00197628
0.00137988
0.00252851
0.00316222
0.00261587
0.00199629
0.0024333
0.0016743
0.00134693
-0.000232298
-0.000212241
8.15975e-06
0.000710445
0.0014791
0.00215953
0.00286961
0.00355571
-5.30832e-05
0.000159216
0.000101948
0.00197601
0.00137214
0.00254278
0.00315938
0.00260126
0.00201002
0.00238909
0.00171825
0.00127963
-0.000106407
-0.000220318
7.40163e-05
0.00071678
0.00146643
0.00213001
0.00278388
0.00345269
-5.70301e-05
0.000189398
0.000149099
0.00197489
0.00136516
0.00255483
0.00315833
0.00258381
0.00202444
0.00234384
0.00176346
0.00121499
1.39652e-05
-0.00021413
0.000133341
0.000733868
0.00145178
0.00210027
0.00270182
0.00335169
-6.0865e-05
0.000220142
0.000196911
0.00197287
0.0013591
0.00256451
0.00315918
0.00256351
0.00203943
0.00229782
0.00180937
0.00115414
0.000126816
-0.000193727
0.000184992
0.000760244
0.00143656
0.00206892
0.00262336
0.00325347
-6.45552e-05
0.000251432
0.000245452
0.00196991
0.0013541
0.00257174
0.00316203
0.00254047
0.00205475
0.00225155
0.00185505
0.00109847
0.000230706
-0.00015974
0.000227829
0.0007931
0.00142211
0.00203546
0.002548
0.00315807
-6.80626e-05
0.000283261
0.000294836
0.001966
0.00135032
0.00257642
0.00316692
0.00251492
0.00207003
0.00220577
0.00189936
0.00104931
0.000324261
-0.000113454
0.000261811
0.000828809
0.00140845
0.00199931
0.00247592
0.00306578
-7.13437e-05
0.000315626
0.000345184
0.00196114
0.00134789
0.0025785
0.00317389
0.00248713
0.0020848
0.00216147
0.00194102
0.00100792
0.000406208
-5.69762e-05
0.000288103
0.000864406
0.00139523
0.00195839
0.00240595
0.00297806
-7.43495e-05
0.000348511
0.000396624
0.00195531
0.00134694
0.00257793
0.00318303
0.00245742
0.00209829
0.00211999
0.0019786
0.000975037
0.000476641
7.34485e-06
0.000307305
0.000896823
0.00138369
0.00191333
0.00233546
0.00289394
-7.70234e-05
0.000381887
0.000449275
0.00194847
0.00134761
0.00257456
0.00319435
0.00242653
0.00210929
0.00208266
0.00201123
0.00095063
0.000535857
7.77169e-05
0.000320956
0.000922263
0.00137199
0.0018674
0.00226669
0.00281139
-7.93004e-05
0.000415705
0.000503249
0.00194058
0.00135002
0.00256834
0.00320755
0.0023954
0.00211672
0.00205031
0.00203839
0.00093497
0.000583801
0.000151526
0.000332324
0.000941273
0.00135715
0.00181668
0.00220082
0.00273362
-8.1109e-05
0.000449897
0.00055864
0.00193158
0.00135422
0.00255938
0.00322237
0.00236486
0.00211952
0.00202382
0.00205931
0.000928186
0.000621468
0.000226336
0.000341706
0.000954401
0.00134326
0.00176023
0.00213245
0.00266076
-8.237e-05
0.000484385
0.00061548
0.00192142
0.00136028
0.00254762
0.00323855
0.00233621
0.00211635
0.00200354
0.00207409
0.000929124
0.000650337
0.00030047
0.000350206
0.000958574
0.00133038
0.00170348
0.002063
0.00259001
-8.29933e-05
0.000519065
0.000673836
0.00190998
0.00136841
0.0025301
0.00325518
0.00231073
0.00210708
0.00198855
0.00208356
0.00093687
0.00067248
0.000370448
0.000359499
0.000955685
0.00131651
0.00164651
0.0019925
0.00252157
-8.28801e-05
0.000553805
0.000733799
0.0018972
0.00137849
0.00251108
0.00327152
0.00228896
0.00209113
0.00197975
0.00208706
0.000951006
0.000689496
0.000435822
0.000369355
0.000944433
0.00130451
0.00159729
0.00191783
0.00245129
-8.19379e-05
0.00058852
0.000795247
0.00188324
0.0013904
0.00249261
0.00328678
0.00227266
0.00206672
0.00197774
0.00208559
0.000968112
0.000703011
0.000496916
0.000378491
0.000922764
0.00128536
0.00155285
0.00185728
0.00238274
-8.00233e-05
0.000623078
0.000858269
0.00186798
0.00140419
0.00247242
0.00329953
0.00226235
0.00203592
0.00197849
0.0020829
0.000986212
0.000712669
0.000553543
0.000379968
0.000892715
0.00126229
0.00150423
0.00180331
0.00231973
-7.70983e-05
0.000657434
0.000922832
0.00185162
0.00141935
0.00245273
0.00330941
0.00225744
0.00199937
0.00198144
0.00208042
0.00100293
0.000721102
0.000605587
0.000386663
0.000863022
0.00124049
0.00145897
0.00172467
0.00225905
-7.30275e-05
0.00069138
0.000988753
0.00183462
0.00143554
0.00243321
0.00331645
0.0022585
0.00195617
0.00198634
0.00208127
0.00101288
0.000732246
0.000649428
0.000383524
0.0008181
0.00120702
0.00141287
0.0016584
0.00220637
-6.74595e-05
0.000724673
0.00105647
0.00181672
0.00145272
0.00241389
0.0033186
0.00226559
0.0019098
0.00198853
0.00208751
0.00102142
0.000737698
0.000692974
0.000423643
0.000774397
0.00116657
0.00136952
0.00155822
0.00216228
-6.06014e-05
0.000757729
0.00112499
0.0017989
0.00146941
0.00239887
0.00331451
0.00227981
0.00185859
0.00199002
0.00209563
0.00103222
0.000734477
0.000734057
0.000440637
0.000704181
0.00111511
0.001332
0.00150621
0.00212683
-5.2252e-05
0.000790019
0.00119444
0.00178177
0.00148511
0.00238719
0.00330653
0.0022978
0.0018062
0.00198689
0.00210892
0.00104094
0.000726514
0.000760808
0.000422558
0.000629126
0.00104483
0.00129565
0.00152101
0.00209747
-4.17827e-05
0.000821233
0.00126571
0.00176473
0.00150116
0.00237426
0.00329433
0.00231846
0.00175863
0.00197303
0.00212916
0.00104815
0.000712443
0.000791815
0.000442717
0.000551662
0.000971234
0.00126765
0.00144394
0.00207533
-2.97757e-05
0.000852287
0.00133662
0.00174972
0.00151402
0.00237027
0.00327508
0.00234478
0.00170976
0.00195693
0.00214786
0.00106251
0.000686361
0.000798354
0.000445314
0.000481882
0.000892984
0.00124301
0.00144602
0.00206553
-1.60066e-05
0.000882391
0.00140758
0.00173724
0.00152396
0.00237162
0.00325295
0.00237037
0.00166745
0.00193342
0.0021655
0.00108132
0.000652476
0.000775074
0.000413766
0.000418601
0.000803406
0.00120629
0.00153291
0.00206409
5.43379e-07
0.000911118
0.00148008
0.00172604
0.00153446
0.00236568
0.0032315
0.00239176
0.00163744
0.00189745
0.00218317
0.0010983
0.000618372
0.000778064
0.000442509
0.000349118
0.000708525
0.00114483
0.00142972
0.00207382
1.88946e-05
0.000939813
0.00155025
0.00171907
0.00153945
0.00237411
0.00320439
0.00241613
0.00160585
0.00186576
0.00219602
0.00111781
0.000568965
0.000742278
0.000446568
0.000295424
0.000603898
0.00108311
0.0014506
0.00210099
3.95577e-05
0.00096775
0.00161866
0.00171636
0.00154106
0.00238762
0.00317638
0.00243844
0.0015798
0.00183286
0.00220464
0.00113645
0.000506709
0.000691082
0.000402545
0.000245537
0.000480158
0.00101849
0.00160164
0.00214265
6.34408e-05
0.000994481
0.00168767
0.00171578
0.00154467
0.00238643
0.00315694
0.00245119
0.00156497
0.00178927
0.00221025
0.0011662
0.000464324
0.000635723
0.000417113
0.000185043
0.000358978
0.000883955
0.00143588
0.00219882
8.91541e-05
0.00102146
0.00175273
0.00172063
0.00154434
0.00239243
0.00313813
0.00246384
0.00154925
0.00174397
0.00220635
0.00120412
0.000429669
0.000563334
0.000416589
0.000127111
0.00023353
0.00072227
0.00134361
0.00227537
0.000117805
0.00104796
0.00181525
0.00173017
0.00154185
0.00240123
0.00311793
0.00247734
0.00153594
0.00169136
0.00219286
0.00124811
0.000391219
0.000485914
0.000388055
7.96013e-05
0.000102601
0.000578223
0.0013094
0.0023451
0.000149752
0.00107405
0.00187549
0.00174306
0.00154124
0.0024042
0.00309843
0.00249079
0.00152518
0.00163069
0.00217154
0.00129145
0.000359976
0.000407798
0.000341034
4.33809e-05
4.59944e-06
0.000464564
0.00125338
0.00240223
0.000184067
0.00110053
0.00193145
0.00176042
0.00154171
0.00240483
0.00307906
0.00250269
0.00151646
0.00156843
0.00213633
0.00133152
0.00034797
0.000319901
0.000305123
2.80653e-05
-6.82634e-05
0.000347176
0.00120696
0.00244751
0.000221524
0.00112724
0.00198461
0.00178012
0.00154521
0.00240293
0.00305689
0.00251071
0.00151526
0.00150035
0.00208759
0.00137739
0.000343987
0.000227473
0.000267918
1.86527e-05
-0.000126216
0.000251874
0.00113835
0.00247364
0.000262017
0.00115455
0.00203351
0.00180177
0.00155297
0.00239825
0.00303121
0.00251652
0.00151605
0.00143236
0.00203118
0.00141702
0.000350003
0.000144506
0.000199412
-6.62907e-07
-0.000162449
0.00018123
0.00107388
0.00248242
0.000305465
0.001182
0.00207953
0.00182528
0.00156331
0.00239521
0.00300319
0.00251525
0.00151921
0.00137059
0.00196427
0.00144766
0.00037118
6.73224e-05
0.000113049
-1.90929e-05
-0.000172187
0.000119752
0.00100837
0.00249039
0.00035223
0.00120989
0.00212371
0.00184834
0.00157596
0.00239399
0.00297219
0.00250617
0.0015272
0.00131268
0.00188839
0.00147114
0.000398333
6.08493e-07
2.42619e-05
-4.38086e-05
-0.00017817
7.46871e-05
0.000951349
0.00250505
0.000402193
0.0012384
0.00216482
0.00187095
0.0015894
0.00239495
0.00294103
0.00249157
0.00153385
0.00126057
0.00180749
0.00148362
0.000433433
-5.05553e-05
-6.86564e-05
-8.8369e-05
-0.000184804
5.56489e-05
0.000931158
0.00252035
0.000455453
0.00126713
0.00220439
0.00189342
0.00160118
0.00239838
0.00291245
0.00246977
0.00153914
0.00121592
0.00172272
0.00148747
0.000471655
-9.06082e-05
-0.000162042
-0.000142689
-0.000180616
6.19722e-05
0.000916674
0.00253629
0.000512151
0.00129679
0.00224168
0.00191514
0.00161051
0.00240387
0.0028877
0.00244388
0.00154185
0.00117712
0.00163621
0.00147919
0.000509385
-0.000115542
-0.000246343
-0.000205926
-0.000185905
7.22202e-05
0.000929801
0.00256567
0.00057226
0.0013271
0.00227667
0.00193719
0.00161656
0.00240998
0.00286843
0.00241495
0.00153937
0.00114405
0.00155013
0.00146006
0.000548515
-0.000127078
-0.000322845
-0.000278952
-0.000197572
9.72457e-05
0.000958118
0.00260757
0.000635752
0.00135851
0.00230953
0.00195979
0.00161823
0.00241438
0.00285433
0.00238581
0.00153352
0.00111652
0.00146681
0.00143077
0.000584426
-0.000128849
-0.000388247
-0.000354955
-0.000217614
0.000122094
0.00100512
0.00266318
0.000702597
0.00139157
0.00233965
0.0019836
0.00161608
0.00241312
0.00284439
0.00235986
0.00152588
0.00109252
0.00138612
0.00139119
0.000615706
-0.000120662
-0.000438378
-0.000429565
-0.000246643
0.000148337
0.00105812
0.00272971
0.00077248
0.00142642
0.00236695
0.00200935
0.00161113
0.00240242
0.00283607
0.00233931
0.00151911
0.00107186
0.0013103
0.00134358
0.000640017
-0.000104966
-0.000473293
-0.000500232
-0.00028597
0.000166191
0.00111747
0.00280469
0.000845505
0.00146358
0.00239087
0.002037
0.00160301
0.00238054
0.00282505
0.00232556
0.00151649
0.00105538
0.00124034
0.00128889
0.000655722
-8.42275e-05
-0.000494075
-0.000562891
-0.000331508
0.000176596
0.00117087
0.00288556
0.0009216
0.00150316
0.00241307
0.00206692
0.00159695
0.00234708
0.00280478
0.00231848
0.00152078
0.00104302
0.00117595
0.00123052
0.00066331
-6.0762e-05
-0.000500997
-0.000613691
-0.000384048
0.000171483
0.00121926
0.00296862
0.0010002
0.00154496
0.00243387
0.0020995
0.00159324
0.002298
0.00277403
0.00231844
0.00153369
0.0010345
0.00111714
0.00117078
0.000662578
-3.711e-05
-0.000496069
-0.000650327
-0.00043738
0.000154925
0.00125594
0.00304906
0.0010817
0.00158864
0.00245223
0.00213522
0.00158678
0.00223344
0.00273483
0.00232506
0.00155616
0.00103055
0.00106261
0.00111047
0.000654
-1.6094e-05
-0.000482787
-0.000670034
-0.000484514
0.0001274
0.00127638
0.00312223
0.00116623
0.00163364
0.00246769
0.00217311
0.00157794
0.00216159
0.00268858
0.00233514
0.00158661
0.00103171
0.0010109
0.00105006
0.000639356
1.00336e-06
-0.000465081
-0.000674177
-0.000520758
9.33029e-05
0.0012809
0.00318474
0.00125313
0.00167962
0.00247957
0.00221141
0.00157713
0.00208869
0.0026344
0.00234226
0.00162207
0.00103825
0.000961874
0.000990863
0.000620767
1.43018e-05
-0.000447256
-0.0006668
-0.000542566
6.0835e-05
0.00127398
0.00323469
0.00134205
0.00172699
0.00248721
0.00224874
0.00158638
0.00201812
0.0025711
0.00234127
0.0016601
0.00105205
0.000916453
0.000933378
0.000599955
2.45034e-05
-0.000431183
-0.000651378
-0.000549971
3.63617e-05
0.0012626
0.00327392
0.00143273
0.00177584
0.00249068
0.00228403
0.00160495
0.00195214
0.00249938
0.00232986
0.00169792
0.00107457
0.000876128
0.00087723
0.000578053
3.28796e-05
-0.000417704
-0.000633122
-0.000545023
2.38481e-05
0.00125463
0.00330688
0.00152465
0.00182627
0.00249064
0.00231635
0.00163182
0.0018926
0.00242123
0.00230752
0.00173283
0.00110649
0.000843461
0.000821521
0.000554129
4.00472e-05
-0.000406414
-0.000615846
-0.000530977
2.42344e-05
0.00125492
0.0033379
0.00161724
0.00187855
0.00248796
0.00234462
0.00166563
0.00184122
0.00233981
0.00227475
0.00176145
0.00114614
0.000820237
0.000766245
0.00052726
4.67462e-05
-0.000395202
-0.000601952
-0.000512311
3.60083e-05
0.00126581
0.00337146
0.00170998
0.00193288
0.00248357
0.00236805
0.00170464
0.00179902
0.00225812
0.00223283
0.00178069
0.00119037
0.000808201
0.000713148
0.000496933
5.21247e-05
-0.000382587
-0.000590485
-0.00049244
5.68228e-05
0.0012882
0.00341015
0.00180236
0.0019893
0.00247841
0.00238634
0.00174696
0.00176622
0.00217843
0.00218346
0.00178898
0.00123557
0.00080793
0.000664159
0.000463225
5.47158e-05
-0.000367813
-0.000578995
-0.000473357
8.31877e-05
0.00131976
0.00345393
0.0018939
0.00204777
0.00247342
0.00239942
0.00179075
0.00174275
0.00210263
0.00212866
0.00178575
0.00127772
0.000818817
0.000621669
0.000427411
5.39433e-05
-0.000351989
-0.00056628
-0.000455678
0.000111157
0.00135671
0.00350154
0.00198419
0.00210822
0.00246945
0.00240751
0.00183411
0.00172791
0.00203219
0.00207072
0.0017719
0.00131344
0.000839284
0.000587844
0.000390252
4.86678e-05
-0.000336973
-0.00055098
-0.000438491
0.000138608
0.00139514
0.00355081
0.0020728
0.00217031
0.00246741
0.00241079
0.00187539
0.00172081
0.00196797
0.00201184
0.00174918
0.00133999
0.000866088
0.000563521
0.00035317
3.93394e-05
-0.000320999
-0.000532799
-0.000420737
0.000164194
0.001432
0.00359996
0.00215952
0.00223365
0.002468
0.00241008
0.00191332
0.0017204
0.00191067
0.00195387
0.00171936
0.00135543
0.000895505
0.000548977
0.000318142
2.61875e-05
-0.000303737
-0.000512767
-0.000402471
0.000187619
0.00146646
0.0036476
0.00224409
0.0022978
0.00247178
0.00240614
0.00194697
0.0017253
0.00186028
0.00189807
0.00168458
0.00135921
0.000924108
0.000544142
0.00028669
8.2419e-06
-0.000295976
-0.00049391
-0.000384436
0.000209366
0.00149765
0.00369161
0.00232634
0.00236222
0.00247902
0.00239986
0.00197585
0.00173421
0.00181654
0.00184525
0.00164727
0.00135205
0.000948157
0.000546982
0.000260072
-1.32264e-05
-0.000294046
-0.000477531
-0.000366785
0.000229036
0.00152465
0.00373127
0.00240615
0.00242656
0.0024898
0.00239218
0.00199962
0.0017456
0.00177901
0.00179577
0.00160963
0.00133571
0.000964591
0.000554515
0.000238846
-3.68948e-05
-0.000297751
-0.000464274
-0.000350418
0.00024638
0.00154784
0.00376632
0.00248339
0.00249027
0.00250404
0.0023842
0.00201836
0.00175818
0.00174729
0.00174924
0.00157294
0.00131238
0.000971377
0.00056372
0.000223368
-6.13842e-05
-0.000307534
-0.000455912
-0.000336361
0.000261777
0.00156752
0.00379609
0.00255804
0.00255299
0.00252148
0.00237683
0.00203227
0.00177056
0.00172101
0.00170553
0.00153785
0.00128461
0.000967679
0.000571023
0.000212569
-8.52134e-05
-0.000323463
-0.000454203
-0.000325918
0.000274573
0.00158341
0.00382033
0.00262999
0.0026143
0.00254181
0.00237089
0.00204204
0.00178153
0.00169934
0.00166428
0.00150383
0.00125476
0.000954528
0.000573132
0.000203882
-0.000106744
-0.00034403
-0.000460107
-0.000321154
0.000283528
0.00159546
0.00383901
0.00269932
0.00267392
0.00256445
0.00236676
0.00204833
0.00179036
0.00168148
0.00162559
0.00146973
0.00122441
0.000933937
0.000567885
0.000194271
-0.000127867
-0.000368273
-0.000474057
-0.000323708
0.000287077
0.00160256
0.00385137
0.00276598
0.00273162
0.00258895
0.00236459
0.00205203
0.00179654
0.00166612
0.0015898
0.00143454
0.00119326
0.000907726
0.00055453
0.000181125
-0.000149237
-0.000394923
-0.000494985
-0.000334563
0.000282958
0.00160258
0.00385603
0.0028299
0.00278723
0.00261478
0.0023643
0.00205392
0.00180014
0.00165195
0.00155722
0.00139851
0.00115984
0.000877079
0.000532982
0.000164518
-0.000172329
-0.000423739
-0.000522348
-0.000354467
0.000269583
0.00159393
0.00385174
0.00289101
0.00284069
0.00264166
0.00236608
0.00205436
0.00180108
0.00163719
0.00152669
0.00136246
0.00112368
0.000843313
0.000504177
0.000138529
-0.000201349
-0.000457409
-0.000556906
-0.000384056
0.000245785
0.0015747
0.00383652
0.00294911
0.00289172
0.00266907
0.00236988
0.00205418
0.0018007
0.00162153
0.00149624
0.00132623
0.00108352
0.000804992
0.000469718
0.000105564
-0.000237436
-0.000497799
-0.000599278
-0.000423812
0.000210402
0.00154323
0.00380864
0.00300417
0.00294053
0.00269681
0.00237507
0.00205264
0.00179855
0.00160584
0.00146603
0.00129129
0.00103965
0.000759574
0.000428177
6.55236e-05
-0.000281523
-0.000547821
-0.000652198
-0.000476029
0.00016133
0.00149733
0.00376572
0.00305584
0.00298691
0.00272498
0.00238253
0.00205027
0.00179383
0.00158798
0.00143314
0.00125736
0.000996597
0.00070891
0.000380188
1.83844e-05
-0.000333143
-0.000607689
-0.000718276
-0.000543671
9.58504e-05
0.00143443
0.00370477
0.003104
0.00303076
0.00275281
0.00239179
0.00204864
0.00178884
0.00157007
0.00139325
0.00121791
0.000954049
0.000656254
0.000325758
-3.60075e-05
-0.00039172
-0.000676747
-0.000797656
-0.000628904
1.05601e-05
0.0013525
0.0036253
0.00314937
0.00307156
0.00277954
0.00240127
0.0020456
0.00178089
0.0015544
0.00135256
0.00116987
0.00090714
0.000597613
0.000263836
-9.80458e-05
-0.000456703
-0.000753135
-0.000888881
-0.000732743
-9.9357e-05
0.00124093
0.00351554
0.00318877
0.0031143
0.00281153
0.00241804
0.00204576
0.00176968
0.00153659
0.00131325
0.00112242
0.000862487
0.00053846
0.000193418
-0.000170638
-0.000531273
-0.000836845
-0.000988223
-0.000848939
-0.000229967
0.001102
0.00337433
0.00321842
0.00314002
0.00283209
0.00243283
0.00204434
0.00175211
0.00151338
0.00127
0.0010603
0.000813983
0.000477865
0.000115867
-0.000254124
-0.000618093
-0.000931251
-0.00109775
-0.00097753
-0.000379465
0.000934018
0.00319023
0.00327017
0.00319637
0.00287275
0.00244592
0.00203195
0.00171754
0.00147809
0.0012388
0.00102969
0.00077749
0.000448043
6.90904e-05
-0.000320476
-0.000697497
-0.00102092
-0.00120015
-0.00109514
-0.0005189
0.00077386
0.00301254
0.00321298
0.00320765
0.00294692
0.00249652
0.00204518
0.00170028
0.00142407
0.00114951
0.00089995
0.000653838
0.000327928
-5.07919e-05
-0.000453392
-0.000849674
-0.00118909
-0.00138357
-0.00129104
-0.00071307
0.000582095
0.002823
0.00334293
0.00326435
0.0029132
0.00246255
0.00201867
0.00167513
0.00143719
0.00121992
0.000978594
0.000728764
0.000409843
1.89956e-05
-0.000419466
-0.000873692
-0.00129768
-0.00160677
-0.00164847
-0.00121304
-4.52095e-05
0.0020888
0.00326496
0.00327471
0.00293581
0.00257177
0.00213319
0.00162029
0.00118667
0.000902351
0.000669698
0.000452039
0.000167312
-0.000168016
-0.000514785
-0.000792584
-0.000984886
-0.00104296
-0.000899015
-0.000387353
0.000739182
0.00275732
0.00341213
0.00326502
0.00295126
0.00248387
0.00201267
0.00166686
0.00146473
0.00129645
0.00104124
0.000747353
0.000371667
-0.000125045
-0.000738582
-0.00141833
-0.0020847
-0.00263715
-0.00291414
-0.00269399
-0.00171496
0.000250957
0.00365658
0.00318777
0.00277143
0.00229723
0.00187474
0.00143011
0.00106462
0.000845773
0.000610667
0.000281063
-3.0425e-05
-0.000262094
-0.000266372
1.13115e-05
0.000626625
0.00150173
0.00246399
0.00322536
0.00343584
0.00277159
0.00364601
0.00323739
0.00279356
0.00239754
0.00210221
0.00186267
0.00167881
0.00146614
0.00118602
0.000770649
0.000224253
-0.000499586
-0.0013886
-0.00235523
-0.00328637
-0.00407734
-0.00459151
-0.00462509
-0.00391508
-0.00222069
0.00381186
0.00320737
0.00271597
0.00230102
0.0020219
0.00166844
0.00127794
0.000763497
0.000325263
9.74678e-05
-0.000129264
-0.000475729
-0.000762629
-0.00083971
-0.000618782
-0.000117448
0.000572436
0.00117977
0.00132586
0.000654871
0.00381022
0.00319213
0.00271397
0.00239769
0.0022938
0.00220445
0.00211906
0.00190871
0.00156596
0.00096314
5.21409e-05
-0.0012051
-0.00275114
-0.00441152
-0.00594201
-0.00714058
-0.00784363
-0.00788251
-0.00704504
-0.00514091
0.00711133
-0.00142198
-0.00409589
-0.00195043
0.00030045
0.00196327
0.003391
0.00477908
0.0061493
0.00745799
0.00874301
0.0100993
0.0115821
0.0130689
0.0144414
0.0158249
0.0173385
0.0188897
0.0203947
0.0219532
0.0235686
0.0251909
0.0268297
0.0286851
0.0307309
0.0325481
0.0342974
0.0363683
0.0385239
0.0407504
0.0430677
0.0453598
0.0476955
0.050159
0.0527374
0.0553184
0.0580784
0.0609607
0.0639522
0.0670338
0.0701963
0.0735308
0.076904
0.0804931
0.0840925
0.087852
0.0916785
0.0954991
0.0994044
0.10317
0.00697041
-0.00136353
-0.00405392
-0.00193203
0.000310982
0.00196984
0.00339559
0.00478266
0.00615225
0.00746043
0.00874498
0.0101009
0.0115834
0.01307
0.0144423
0.0158257
0.0173392
0.0188904
0.0203953
0.0219538
0.0235692
0.0251914
0.0268302
0.0286856
0.0307314
0.0325485
0.0342978
0.0363686
0.0385243
0.0407507
0.0430679
0.0453601
0.0476957
0.0501592
0.0527376
0.0553186
0.0580786
0.0609609
0.0639523
0.0670339
0.0701964
0.0735309
0.0769041
0.0804932
0.0840926
0.087852
0.0916786
0.0954992
0.0994044
0.10317
0.0067703
-0.00126618
-0.00398522
-0.00191007
0.000322437
0.00197713
0.00340031
0.00478609
0.00615502
0.00746272
0.00874684
0.0101023
0.0115845
0.013071
0.0144432
0.0158264
0.0173398
0.018891
0.0203958
0.0219543
0.0235697
0.0251919
0.0268307
0.0286859
0.0307318
0.0325489
0.0342981
0.0363689
0.0385245
0.0407509
0.0430682
0.0453603
0.0476959
0.0501594
0.0527378
0.0553188
0.0580787
0.060961
0.0639524
0.067034
0.0701965
0.073531
0.0769042
0.0804933
0.0840927
0.0878521
0.0916787
0.0954993
0.0994045
0.10317
0.00659027
-0.00112738
-0.00388285
-0.00187961
0.000337356
0.0019871
0.00340649
0.00479018
0.00615814
0.0074653
0.00874897
0.010104
0.0115859
0.0130722
0.0144441
0.0158272
0.0173404
0.0188916
0.0203964
0.0219548
0.0235702
0.0251924
0.0268311
0.0286863
0.0307322
0.0325493
0.0342984
0.0363692
0.0385248
0.0407512
0.0430684
0.0453605
0.0476961
0.0501595
0.0527379
0.0553189
0.0580789
0.0609611
0.0639526
0.0670341
0.0701966
0.0735311
0.0769043
0.0804934
0.0840928
0.0878522
0.0916787
0.0954993
0.0994046
0.103171
0.00643257
-0.000962666
-0.00375469
-0.00184096
0.000356609
0.00200101
0.00341526
0.00479569
0.00616211
0.00746856
0.00875175
0.0101063
0.0115877
0.0130736
0.0144453
0.015828
0.0173412
0.0188922
0.020397
0.0219553
0.0235707
0.0251929
0.0268316
0.0286867
0.0307326
0.0325498
0.0342987
0.0363695
0.0385251
0.0407514
0.0430687
0.0453608
0.0476963
0.0501597
0.0527381
0.0553191
0.058079
0.0609613
0.0639527
0.0670343
0.0701967
0.0735312
0.0769044
0.0804935
0.0840929
0.0878523
0.0916788
0.0954994
0.0994046
0.103171
0.00627695
-0.000787318
-0.00361224
-0.00179763
0.000379027
0.00201863
0.00342691
0.00480305
0.0061673
0.00747282
0.00875546
0.0101094
0.0115901
0.0130755
0.0144467
0.0158292
0.0173421
0.018893
0.0203976
0.0219558
0.0235712
0.0251934
0.026832
0.0286871
0.0307332
0.0325502
0.034299
0.0363698
0.0385254
0.0407517
0.043069
0.045361
0.0476965
0.0501599
0.0527383
0.0553192
0.0580792
0.0609614
0.0639528
0.0670344
0.0701968
0.0735313
0.0769045
0.0804936
0.084093
0.0878523
0.0916789
0.0954995
0.0994048
0.103171
0.00611554
-0.000607155
-0.00346086
-0.00175184
0.000403124
0.00203881
0.00344097
0.00481225
0.00617388
0.00747829
0.00876032
0.0101134
0.0115933
0.0130779
0.0144486
0.0158306
0.0173432
0.0188938
0.0203983
0.0219564
0.0235716
0.0251939
0.0268325
0.0286876
0.0307337
0.0325508
0.0342993
0.0363701
0.0385258
0.040752
0.0430693
0.0453613
0.0476968
0.0501601
0.0527385
0.0553194
0.0580793
0.0609616
0.063953
0.0670345
0.070197
0.0735315
0.0769046
0.0804937
0.0840931
0.0878524
0.091679
0.0954996
0.099405
0.103171
0.00594979
-0.000423041
-0.00330199
-0.00170428
0.000427995
0.00206048
0.00345662
0.00482291
0.00618177
0.00748501
0.0087664
0.0101185
0.0115971
0.0130808
0.0144511
0.0158325
0.0173445
0.0188948
0.0203991
0.021957
0.0235721
0.0251943
0.026833
0.028688
0.0307344
0.0325514
0.0342996
0.0363704
0.0385261
0.0407524
0.0430696
0.0453617
0.047697
0.0501604
0.0527387
0.0553196
0.0580795
0.0609617
0.0639531
0.0670347
0.0701971
0.0735316
0.0769047
0.0804938
0.0840932
0.0878526
0.0916791
0.0954998
0.0994052
0.103172
0.00578248
-0.00023543
-0.00313596
-0.00165498
0.000453213
0.00208305
0.00347329
0.00483458
0.0061907
0.00749281
0.00877362
0.0101246
0.0116016
0.0130842
0.0144539
0.0158349
0.0173461
0.0188959
0.0204
0.0219578
0.0235728
0.0251948
0.0268333
0.0286883
0.0307351
0.0325521
0.0343
0.0363708
0.0385264
0.0407527
0.04307
0.045362
0.0476974
0.0501606
0.052739
0.0553198
0.0580797
0.0609619
0.0639533
0.0670348
0.0701972
0.0735317
0.0769049
0.0804939
0.0840933
0.0878527
0.0916792
0.0954999
0.0994055
0.103172
0.00561497
-4.53862e-05
-0.00296287
-0.00160371
0.000478619
0.0021063
0.00349073
0.00484695
0.00620037
0.00750144
0.00878175
0.0101316
0.0116066
0.0130879
0.0144571
0.0158377
0.0173481
0.0188972
0.0204011
0.0219588
0.0235736
0.0251954
0.0268337
0.0286886
0.0307357
0.0325529
0.0343006
0.0363712
0.0385268
0.040753
0.0430703
0.0453624
0.0476977
0.050161
0.0527393
0.0553201
0.0580799
0.0609621
0.0639535
0.067035
0.0701974
0.0735319
0.076905
0.0804941
0.0840934
0.0878528
0.0916794
0.0955002
0.0994059
0.103173
0.00544793
0.000145944
-0.00278281
-0.0015502
0.000504149
0.00213017
0.0035089
0.0048599
0.00621059
0.00751067
0.00879057
0.0101393
0.0116121
0.0130917
0.0144605
0.0158409
0.0173504
0.0188986
0.0204022
0.0219599
0.0235746
0.0251963
0.0268342
0.0286886
0.0307362
0.0325538
0.0343012
0.0363718
0.0385272
0.0407532
0.0430707
0.0453628
0.0476981
0.0501613
0.0527397
0.0553204
0.0580802
0.0609623
0.0639537
0.0670352
0.0701975
0.073532
0.0769051
0.0804942
0.0840936
0.087853
0.0916796
0.0955004
0.0994064
0.103173
0.00528217
0.000337578
-0.00259599
-0.00149422
0.000529735
0.00215465
0.00352785
0.00487341
0.00622127
0.00752035
0.00879987
0.0101474
0.011618
0.0130957
0.0144641
0.0158443
0.0173529
0.0189002
0.0204034
0.021961
0.0235758
0.0251975
0.0268349
0.0286885
0.0307364
0.0325545
0.034302
0.0363725
0.0385276
0.0407535
0.0430709
0.0453632
0.0476985
0.0501617
0.0527401
0.0553208
0.0580805
0.0609626
0.0639539
0.0670354
0.0701977
0.0735322
0.0769053
0.0804944
0.0840938
0.0878532
0.0916798
0.0955008
0.099407
0.103174
0.00511874
0.000528589
-0.00240276
-0.00143558
0.000555296
0.00217968
0.00354762
0.00488751
0.00623238
0.00753043
0.00880957
0.010156
0.0116242
0.0130997
0.0144676
0.0158479
0.0173557
0.0189019
0.0204047
0.0219622
0.0235771
0.025199
0.0268359
0.0286882
0.0307362
0.0325551
0.0343028
0.0363735
0.0385282
0.0407537
0.0430711
0.0453635
0.0476989
0.0501621
0.0527405
0.0553212
0.0580809
0.060963
0.0639542
0.0670356
0.0701979
0.0735324
0.0769055
0.0804946
0.084094
0.0878534
0.09168
0.0955012
0.0994078
0.103175
0.00495868
0.000718077
-0.00220349
-0.00137402
0.000580763
0.00220523
0.00356825
0.00490224
0.00624393
0.00754088
0.00881961
0.0101649
0.0116308
0.0131039
0.0144713
0.0158516
0.0173587
0.0189038
0.020406
0.0219633
0.0235785
0.0252007
0.0268372
0.0286878
0.0307356
0.0325553
0.0343036
0.0363747
0.038529
0.040754
0.0430713
0.0453638
0.0476993
0.0501625
0.0527409
0.0553217
0.0580814
0.0609634
0.0639545
0.0670359
0.0701981
0.0735326
0.0769057
0.0804948
0.0840942
0.0878537
0.0916803
0.0955017
0.0994088
0.103176
0.00480289
0.000905246
-0.00199842
-0.00130916
0.000606083
0.00223119
0.00358979
0.00491764
0.00625595
0.0075517
0.00882998
0.0101741
0.0116376
0.0131083
0.0144751
0.0158554
0.0173618
0.0189057
0.0204073
0.0219644
0.0235797
0.0252025
0.0268387
0.0286874
0.0307344
0.032555
0.0343042
0.036376
0.0385301
0.0407544
0.0430713
0.0453639
0.0476995
0.0501628
0.0527414
0.0553223
0.0580819
0.0609639
0.0639549
0.0670362
0.0701984
0.0735328
0.0769059
0.080495
0.0840944
0.087854
0.0916807
0.0955024
0.0994099
0.103177
0.00465209
0.00108944
-0.00178767
-0.0012405
0.000631223
0.00225745
0.00361224
0.00493376
0.00626846
0.00756288
0.00884068
0.0101836
0.0116447
0.0131128
0.0144791
0.0158593
0.0173651
0.0189078
0.0204088
0.0219656
0.0235809
0.0252043
0.0268403
0.0286868
0.0307325
0.0325543
0.0343045
0.0363774
0.0385314
0.0407549
0.0430713
0.0453638
0.0476997
0.0501631
0.0527418
0.0553228
0.0580826
0.0609645
0.0639554
0.0670366
0.0701987
0.0735331
0.0769061
0.0804952
0.0840947
0.0878543
0.0916811
0.0955031
0.0994112
0.103179
0.00450676
0.00127008
-0.00157125
-0.00116743
0.000656199
0.00228388
0.0036356
0.00495063
0.0062815
0.00757443
0.00885171
0.0101934
0.011652
0.0131175
0.0144833
0.0158633
0.0173684
0.0189099
0.0204102
0.0219668
0.0235821
0.025206
0.0268418
0.0286862
0.0307299
0.032553
0.0343045
0.0363789
0.0385328
0.0407556
0.0430712
0.0453636
0.0476997
0.0501633
0.0527421
0.0553233
0.0580833
0.0609652
0.063956
0.067037
0.0701991
0.0735334
0.0769063
0.0804954
0.0840949
0.0878547
0.0916815
0.095504
0.0994128
0.103181
0.00436719
0.00144662
-0.00134915
-0.00108924
0.000681093
0.00231036
0.00365986
0.00496828
0.00629511
0.00758637
0.00886307
0.0102035
0.0116596
0.0131225
0.0144878
0.0158675
0.0173718
0.018912
0.0204118
0.021968
0.0235832
0.0252076
0.0268432
0.0286856
0.0307265
0.0325511
0.0343043
0.0363803
0.0385344
0.0407564
0.0430711
0.0453633
0.0476997
0.0501635
0.0527424
0.0553238
0.058084
0.060966
0.0639567
0.0670375
0.0701995
0.0735337
0.0769066
0.0804957
0.0840952
0.0878551
0.091682
0.095505
0.0994146
0.103183
0.00423367
0.00161859
-0.0011213
-0.0010051
0.000706051
0.00233674
0.003685
0.00498676
0.00630932
0.00759871
0.00887477
0.010214
0.0116674
0.0131278
0.0144926
0.0158718
0.0173752
0.0189143
0.0204133
0.0219694
0.0235842
0.0252092
0.0268443
0.028685
0.0307224
0.0325486
0.0343039
0.0363816
0.038536
0.0407573
0.0430711
0.0453629
0.0476996
0.0501636
0.0527427
0.0553242
0.0580846
0.0609669
0.0639575
0.0670381
0.0702
0.0735342
0.076907
0.0804959
0.0840954
0.0878554
0.0916825
0.0955061
0.0994167
0.103185
0.00410628
0.00178553
-0.000887665
-0.000914107
0.000731281
0.00236287
0.00371098
0.0050061
0.00632417
0.00761148
0.00888682
0.0102249
0.0116755
0.0131335
0.0144978
0.0158764
0.0173787
0.0189166
0.0204149
0.0219707
0.0235853
0.0252108
0.0268454
0.0286845
0.0307178
0.0325456
0.0343034
0.0363829
0.0385375
0.0407582
0.043071
0.0453623
0.0476994
0.0501637
0.0527429
0.0553246
0.0580853
0.0609678
0.0639583
0.0670388
0.0702005
0.0735346
0.0769074
0.0804962
0.0840957
0.0878558
0.0916831
0.0955072
0.099419
0.103187
0.00398487
0.00194693
-0.00064827
-0.000815309
0.000757054
0.0023886
0.00373772
0.00502632
0.0063397
0.00762473
0.00889927
0.0102361
0.0116838
0.0131396
0.0145033
0.0158811
0.0173823
0.018919
0.0204166
0.0219721
0.0235863
0.0252124
0.0268466
0.0286842
0.0307129
0.0325423
0.034303
0.0363841
0.0385391
0.0407591
0.0430709
0.0453617
0.0476993
0.0501638
0.0527432
0.0553249
0.0580859
0.0609687
0.0639592
0.0670395
0.0702011
0.0735351
0.0769078
0.0804965
0.0840959
0.0878562
0.0916837
0.0955085
0.0994215
0.10319
0.0038699
0.00210237
-0.000403279
-0.000707775
0.000783719
0.00241376
0.00376513
0.00504746
0.00635594
0.00763852
0.00891216
0.0102477
0.0116925
0.013146
0.0145091
0.015886
0.017386
0.0189214
0.0204183
0.0219736
0.0235875
0.0252141
0.0268481
0.0286842
0.030708
0.0325387
0.034303
0.0363855
0.0385406
0.0407599
0.0430708
0.045361
0.0476992
0.0501639
0.0527435
0.0553253
0.0580865
0.0609695
0.0639601
0.0670403
0.0702017
0.0735357
0.0769083
0.0804969
0.0840962
0.0878567
0.0916843
0.0955098
0.0994242
0.103192
0.00376195
0.00225162
-0.000152997
-0.000590626
0.000811698
0.00243819
0.00379307
0.00506956
0.00637293
0.00765291
0.00892554
0.0102597
0.0117016
0.0131529
0.0145153
0.0158912
0.0173897
0.018924
0.0204202
0.0219751
0.0235887
0.0252158
0.02685
0.0286847
0.0307035
0.0325352
0.0343034
0.0363869
0.0385421
0.0407606
0.0430706
0.0453602
0.0476992
0.0501642
0.0527439
0.0553258
0.0580872
0.0609703
0.063961
0.0670411
0.0702024
0.0735363
0.0769088
0.0804973
0.0840965
0.0878571
0.0916849
0.0955112
0.099427
0.103195
0.00366046
0.00239435
0.000102113
-0.00046305
0.000841493
0.00246173
0.0038214
0.00509265
0.00639073
0.00766795
0.00893948
0.0102722
0.011711
0.0131601
0.0145218
0.0158966
0.0173936
0.0189267
0.0204221
0.0219766
0.0235901
0.0252176
0.0268524
0.0286858
0.0306995
0.032532
0.0343046
0.0363886
0.0385435
0.0407613
0.0430703
0.0453595
0.0476994
0.0501645
0.0527443
0.0553263
0.0580879
0.0609711
0.0639619
0.0670419
0.0702031
0.0735369
0.0769093
0.0804977
0.0840969
0.0878575
0.0916856
0.0955126
0.0994301
0.103198
0.00356605
0.00253001
0.000361271
-0.000324316
0.000873773
0.00248425
0.0038499
0.00511674
0.00640942
0.00768371
0.00895403
0.0102851
0.011721
0.0131677
0.0145286
0.0159024
0.0173978
0.0189296
0.0204242
0.0219783
0.0235917
0.0252195
0.0268553
0.0286874
0.0306961
0.0325292
0.0343064
0.0363904
0.0385449
0.0407618
0.0430699
0.0453587
0.0476997
0.0501649
0.0527448
0.0553271
0.0580888
0.0609718
0.0639627
0.0670427
0.0702038
0.0735375
0.0769099
0.0804982
0.0840972
0.087858
0.0916863
0.0955141
0.0994332
0.103201
0.00348056
0.00265873
0.000623425
-0.000173955
0.000909329
0.00250575
0.00387836
0.00514185
0.00642906
0.00770025
0.00896922
0.0102986
0.0117314
0.0131757
0.0145356
0.0159085
0.0174022
0.0189326
0.0204264
0.0219801
0.0235935
0.0252216
0.0268587
0.0286896
0.0306933
0.032527
0.0343091
0.0363924
0.0385462
0.0407623
0.0430693
0.0453579
0.0477003
0.0501654
0.0527453
0.055328
0.0580899
0.0609726
0.0639634
0.0670435
0.0702045
0.0735381
0.0769105
0.0804986
0.0840976
0.0878585
0.091687
0.0955157
0.0994365
0.103205
0.00340401
0.00278084
0.000887524
-1.17629e-05
0.00094897
0.00252615
0.00390647
0.00516797
0.00644978
0.00771761
0.00898507
0.0103126
0.0117424
0.013184
0.0145429
0.0159149
0.0174069
0.0189358
0.0204287
0.0219821
0.0235955
0.0252237
0.0268625
0.0286923
0.0306911
0.0325254
0.0343124
0.0363946
0.0385474
0.0407627
0.0430686
0.0453572
0.0477009
0.050166
0.0527459
0.0553291
0.0580912
0.0609735
0.0639642
0.0670442
0.0702052
0.0735388
0.0769111
0.0804991
0.0840979
0.087859
0.0916878
0.0955173
0.09944
0.103208
0.00333705
0.00289641
0.00115228
0.000162331
0.000993905
0.00254565
0.00393386
0.00519487
0.00647159
0.00773586
0.00900163
0.0103273
0.011754
0.0131927
0.0145505
0.0159217
0.0174119
0.0189392
0.0204312
0.0219843
0.0235978
0.025226
0.0268665
0.0286954
0.0306893
0.0325244
0.0343163
0.036397
0.0385486
0.0407631
0.0430677
0.0453565
0.0477017
0.0501667
0.0527465
0.0553303
0.0580926
0.0609744
0.0639649
0.067045
0.0702059
0.0735395
0.0769118
0.0804996
0.0840983
0.0878595
0.0916886
0.095519
0.0994436
0.103212
0.00327965
0.00300593
0.00141598
0.000347775
0.00104534
0.00256478
0.00396055
0.00522265
0.0064946
0.00775498
0.00901885
0.0103426
0.0117662
0.0132018
0.0145583
0.0159289
0.0174172
0.0189428
0.0204338
0.0219866
0.0236001
0.0252284
0.0268708
0.0286989
0.0306878
0.032524
0.0343208
0.0363996
0.0385498
0.0407635
0.0430668
0.0453559
0.0477026
0.0501675
0.0527471
0.0553317
0.0580942
0.0609753
0.0639656
0.0670458
0.0702067
0.0735402
0.0769124
0.0805002
0.0840988
0.0878601
0.0916895
0.0955207
0.0994473
0.103215
0.00323147
0.00311021
0.0016777
0.000543984
0.00110414
0.00258329
0.00398585
0.00525105
0.00651898
0.00777516
0.00903678
0.0103585
0.0117789
0.0132113
0.0145664
0.0159363
0.0174228
0.0189466
0.0204366
0.021989
0.0236026
0.025231
0.0268752
0.0287026
0.0306865
0.032524
0.0343256
0.0364023
0.038551
0.0407639
0.0430658
0.0453553
0.0477036
0.0501683
0.0527477
0.0553332
0.0580959
0.0609763
0.0639663
0.0670465
0.0702075
0.073541
0.0769131
0.0805007
0.0840992
0.0878607
0.0916904
0.0955226
0.0994512
0.103219
0.00319637
0.00320991
0.00193481
0.000749795
0.00117201
0.00260223
0.00400953
0.0052795
0.00654451
0.00779643
0.00905552
0.0103751
0.0117923
0.0132213
0.0145749
0.0159441
0.0174286
0.0189506
0.0204394
0.0219916
0.0236053
0.0252336
0.0268798
0.0287065
0.0306852
0.0325243
0.0343307
0.0364051
0.0385522
0.0407643
0.0430648
0.0453547
0.0477047
0.0501692
0.0527483
0.0553349
0.0580978
0.0609774
0.063967
0.0670473
0.0702083
0.0735418
0.0769138
0.0805013
0.0840997
0.0878614
0.0916914
0.0955245
0.0994552
0.103223
0.0031763
0.00330727
0.00218565
0.000963394
0.00124945
0.00262258
0.00403211
0.00530827
0.00657122
0.00781864
0.00907486
0.0103923
0.0118063
0.0132319
0.0145837
0.0159521
0.0174348
0.0189548
0.0204425
0.0219944
0.023608
0.0252364
0.0268844
0.0287105
0.0306841
0.032525
0.034336
0.036408
0.0385535
0.0407647
0.0430637
0.0453542
0.0477057
0.0501702
0.052749
0.0553365
0.0580997
0.0609785
0.0639678
0.0670481
0.0702092
0.0735426
0.0769146
0.0805019
0.0841002
0.087862
0.0916925
0.0955265
0.0994594
0.103227
0.00316798
0.00340402
0.0024321
0.00118543
0.00133722
0.00264358
0.00405233
0.00533663
0.00659926
0.0078422
0.00909506
0.0104101
0.0118209
0.0132429
0.0145928
0.0159604
0.0174412
0.0189592
0.0204457
0.0219972
0.0236108
0.0252392
0.0268891
0.0287145
0.0306829
0.0325257
0.0343414
0.036411
0.0385548
0.0407652
0.0430627
0.0453538
0.0477069
0.0501712
0.0527498
0.0553383
0.0581017
0.0609797
0.0639687
0.067049
0.0702101
0.0735435
0.0769153
0.0805025
0.0841007
0.0878628
0.0916936
0.0955286
0.0994638
0.103231
0.00317232
0.00349879
0.00266975
0.00141436
0.00143799
0.00266844
0.00407119
0.00536436
0.00662847
0.00786722
0.0091163
0.0104287
0.0118361
0.0132544
0.0146024
0.015969
0.0174479
0.0189638
0.020449
0.0220002
0.0236138
0.0252422
0.0268939
0.0287186
0.0306818
0.0325266
0.0343469
0.0364142
0.0385562
0.0407658
0.0430616
0.0453533
0.047708
0.0501723
0.0527506
0.0553401
0.0581038
0.0609809
0.0639695
0.0670498
0.0702111
0.0735443
0.0769161
0.0805032
0.0841012
0.0878635
0.0916948
0.0955307
0.0994683
0.103236
0.00318949
0.00359566
0.00289746
0.00164592
0.0015499
0.00269699
0.00408905
0.0053914
0.00665841
0.00789334
0.00913836
0.010448
0.0118522
0.0132667
0.0146124
0.0159779
0.017455
0.0189686
0.0204525
0.0220033
0.0236168
0.0252454
0.0268988
0.0287228
0.0306807
0.0325276
0.0343524
0.0364174
0.0385577
0.0407663
0.0430606
0.0453529
0.0477092
0.0501734
0.0527514
0.055342
0.0581059
0.0609821
0.0639704
0.0670508
0.0702121
0.0735453
0.0769169
0.0805039
0.0841018
0.0878643
0.0916961
0.095533
0.0994729
0.10324
0.00321109
0.00369638
0.00311865
0.00188077
0.00167195
0.00272765
0.004104
0.00541638
0.00668897
0.00792099
0.00916143
0.0104678
0.0118686
0.0132792
0.0146227
0.0159871
0.0174623
0.0189737
0.0204562
0.0220065
0.02362
0.0252486
0.0269037
0.028727
0.0306796
0.0325286
0.034358
0.0364206
0.0385593
0.0407669
0.0430596
0.0453526
0.0477104
0.0501746
0.0527523
0.0553439
0.0581081
0.0609835
0.0639714
0.0670517
0.0702131
0.0735462
0.0769178
0.0805046
0.0841024
0.0878652
0.0916974
0.0955353
0.0994778
0.103245
0.00324036
0.00379658
0.00332916
0.00211873
0.0018094
0.00276727
0.00411974
0.00544045
0.00672038
0.00795027
0.00918587
0.0104887
0.0118858
0.0132926
0.0146336
0.0159967
0.0174699
0.018979
0.0204601
0.02201
0.0236234
0.025252
0.0269088
0.0287312
0.0306786
0.0325296
0.0343636
0.036424
0.0385609
0.0407676
0.0430587
0.0453522
0.0477116
0.0501758
0.0527532
0.0553459
0.0581103
0.0609848
0.0639724
0.0670527
0.0702142
0.0735472
0.0769186
0.0805053
0.0841031
0.0878661
0.0916988
0.0955377
0.0994828
0.10325
0.00327831
0.0039027
0.00353067
0.00235451
0.00195677
0.00281383
0.00413561
0.00546282
0.00675163
0.00798093
0.00921171
0.0105106
0.011904
0.0133067
0.0146451
0.0160068
0.017478
0.0189846
0.0204642
0.0220136
0.0236268
0.0252555
0.026914
0.0287354
0.0306776
0.0325307
0.0343692
0.0364274
0.0385626
0.0407682
0.0430577
0.0453519
0.0477129
0.0501771
0.0527542
0.0553479
0.0581126
0.0609862
0.0639734
0.0670537
0.0702153
0.0735483
0.0769196
0.0805061
0.0841037
0.087867
0.0917003
0.0955402
0.099488
0.103255
0.00332507
0.00401927
0.00372657
0.00258682
0.00210996
0.00286433
0.0041493
0.00548173
0.00678208
0.00801285
0.00923865
0.0105329
0.0119224
0.013321
0.0146567
0.0160171
0.0174862
0.0189904
0.0204685
0.0220174
0.0236304
0.0252591
0.0269192
0.0287396
0.0306767
0.0325317
0.0343749
0.0364309
0.0385643
0.040769
0.0430568
0.0453516
0.0477142
0.0501784
0.0527552
0.05535
0.058115
0.0609877
0.0639745
0.0670548
0.0702165
0.0735494
0.0769205
0.0805068
0.0841044
0.0878679
0.0917019
0.0955428
0.0994934
0.103261
0.00338922
0.00413828
0.00391306
0.00281821
0.0022776
0.00293016
0.00416819
0.00550047
0.00681255
0.0080461
0.0092673
0.0105567
0.0119419
0.0133365
0.0146693
0.0160279
0.0174949
0.0189965
0.020473
0.0220213
0.0236342
0.0252629
0.0269245
0.0287439
0.0306759
0.0325329
0.0343806
0.0364344
0.0385662
0.0407698
0.043056
0.0453514
0.0477155
0.0501797
0.0527563
0.0553522
0.0581174
0.0609892
0.0639757
0.0670559
0.0702177
0.0735505
0.0769215
0.0805077
0.0841052
0.087869
0.0917036
0.0955455
0.0994989
0.103266
0.00346259
0.004262
0.0040942
0.00304467
0.00245062
0.00300465
0.00418909
0.00551694
0.0068416
0.00808071
0.00929805
0.0105819
0.0119625
0.0133528
0.0146824
0.0160393
0.0175041
0.0190029
0.0204778
0.0220256
0.0236381
0.0252668
0.0269299
0.0287482
0.0306752
0.0325341
0.0343862
0.0364381
0.0385681
0.0407706
0.0430551
0.0453512
0.0477169
0.0501811
0.0527574
0.0553544
0.05812
0.0609908
0.0639769
0.0670571
0.0702189
0.0735517
0.0769225
0.0805085
0.0841059
0.08787
0.0917054
0.0955483
0.0995046
0.103272
0.00355793
0.00439734
0.00426969
0.00326116
0.0026234
0.00308447
0.00421047
0.00553011
0.00686836
0.00811558
0.00932976
0.0106076
0.0119832
0.0133691
0.0146957
0.0160508
0.0175134
0.0190095
0.0204828
0.02203
0.0236421
0.0252708
0.0269354
0.0287525
0.0306745
0.0325353
0.0343919
0.0364418
0.03857
0.0407715
0.0430544
0.045351
0.0477183
0.0501825
0.0527586
0.0553567
0.0581226
0.0609924
0.0639781
0.0670583
0.0702202
0.0735529
0.0769236
0.0805094
0.0841068
0.0878712
0.0917073
0.0955512
0.0995105
0.103278
0.00369767
0.00454009
0.00443862
0.0034735
0.00280608
0.00318186
0.00424153
0.00554479
0.00689406
0.00815061
0.0093631
0.0106352
0.0120055
0.0133869
0.0147101
0.0160631
0.0175233
0.0190165
0.020488
0.0220345
0.0236463
0.025275
0.026941
0.0287569
0.030674
0.0325366
0.0343977
0.0364456
0.0385721
0.0407725
0.0430537
0.0453508
0.0477197
0.0501839
0.0527599
0.0553591
0.0581252
0.0609941
0.0639794
0.0670596
0.0702216
0.0735541
0.0769247
0.0805103
0.0841076
0.0878723
0.0917094
0.0955542
0.0995166
0.103284
0.00386453
0.00469411
0.00461067
0.00368354
0.00299059
0.00328704
0.00427707
0.00555808
0.00691742
0.00818615
0.00939881
0.0106648
0.0120291
0.0134055
0.014725
0.0160758
0.0175336
0.0190239
0.0204937
0.0220395
0.0236508
0.0252794
0.0269467
0.0287613
0.0306735
0.032538
0.0344034
0.0364494
0.0385742
0.0407735
0.043053
0.0453507
0.0477212
0.0501854
0.0527612
0.0553615
0.058128
0.0609959
0.0639808
0.0670609
0.070223
0.0735555
0.0769259
0.0805113
0.0841086
0.0878736
0.0917115
0.0955573
0.0995229
0.103291
0.00403622
0.00485682
0.00477994
0.0038824
0.00317043
0.00339765
0.00431809
0.00557165
0.00693892
0.0082208
0.00943497
0.0106954
0.0120534
0.0134245
0.0147403
0.0160889
0.0175443
0.0190316
0.0204995
0.0220445
0.0236553
0.0252839
0.0269525
0.0287657
0.0306732
0.0325395
0.0344092
0.0364534
0.0385764
0.0407746
0.0430524
0.0453506
0.0477227
0.0501869
0.0527626
0.055364
0.0581308
0.0609978
0.0639822
0.0670623
0.0702245
0.0735568
0.0769271
0.0805123
0.0841095
0.0878749
0.0917138
0.0955605
0.0995294
0.103297
0.00420427
0.00501843
0.0049439
0.00407482
0.00335072
0.00351874
0.00436913
0.00558801
0.00695847
0.00825371
0.00947161
0.0107276
0.0120793
0.0134449
0.0147566
0.0161026
0.0175555
0.0190397
0.0205056
0.0220497
0.02366
0.0252886
0.0269584
0.0287703
0.030673
0.0325411
0.0344149
0.0364574
0.0385788
0.0407757
0.0430519
0.0453506
0.0477242
0.0501885
0.0527641
0.0553666
0.0581337
0.0609997
0.0639837
0.0670637
0.070226
0.0735582
0.0769283
0.0805134
0.0841106
0.0878762
0.0917161
0.0955638
0.099536
0.103304
0.00436321
0.00518175
0.00511236
0.0042681
0.00353196
0.00364512
0.00442649
0.00560568
0.00697652
0.00828603
0.00950957
0.0107618
0.0121071
0.0134665
0.0147734
0.0161167
0.0175669
0.0190481
0.0205122
0.0220554
0.023665
0.0252935
0.0269644
0.0287748
0.030673
0.0325427
0.0344207
0.0364616
0.0385812
0.0407769
0.0430515
0.0453507
0.0477258
0.0501901
0.0527657
0.0553692
0.0581367
0.0610016
0.0639853
0.0670652
0.0702276
0.0735597
0.0769297
0.0805145
0.0841117
0.0878777
0.0917187
0.0955673
0.0995428
0.103311
0.00451703
0.00535391
0.00528535
0.00445717
0.00370837
0.00377412
0.00449201
0.00562809
0.0069949
0.0083175
0.00954748
0.0107971
0.0121364
0.0134893
0.014791
0.0161313
0.0175791
0.0190572
0.0205191
0.0220612
0.02367
0.0252984
0.0269705
0.0287795
0.0306731
0.0325445
0.0344265
0.0364658
0.0385836
0.0407783
0.0430511
0.0453508
0.0477275
0.0501918
0.0527673
0.055372
0.0581397
0.0610037
0.063987
0.0670668
0.0702292
0.0735613
0.076931
0.0805157
0.0841128
0.0878792
0.0917213
0.0955709
0.0995499
0.103319
0.00467017
0.00553088
0.00545673
0.00464157
0.00388264
0.00390818
0.00456693
0.00565514
0.0070122
0.00834698
0.00958492
0.0108333
0.0121672
0.0135136
0.0148098
0.0161467
0.0175916
0.0190663
0.0205262
0.0220672
0.0236752
0.0253037
0.0269768
0.0287842
0.0306734
0.0325464
0.0344323
0.03647
0.0385862
0.0407797
0.0430508
0.045351
0.0477292
0.0501936
0.052769
0.0553748
0.0581428
0.0610058
0.0639887
0.0670684
0.0702309
0.0735628
0.0769324
0.0805169
0.084114
0.0878807
0.0917242
0.0955746
0.0995571
0.103326
0.00482092
0.00570663
0.00562765
0.00482641
0.00405697
0.00404445
0.0046478
0.00568577
0.0070295
0.00837569
0.0096223
0.0108704
0.0121999
0.0135399
0.0148295
0.0161622
0.0176043
0.019076
0.0205339
0.0220737
0.0236808
0.0253091
0.0269831
0.028789
0.0306739
0.0325484
0.0344381
0.0364744
0.0385889
0.0407811
0.0430507
0.0453513
0.047731
0.0501953
0.0527708
0.0553777
0.0581461
0.061008
0.0639905
0.0670701
0.0702327
0.0735645
0.0769339
0.0805182
0.0841153
0.0878824
0.0917271
0.0955785
0.0995644
0.103334
0.00496236
0.00588236
0.0058018
0.00501121
0.00422795
0.00417991
0.00473465
0.00572241
0.00704847
0.00840383
0.00965928
0.010908
0.0122339
0.0135675
0.0148501
0.0161785
0.0176178
0.0190864
0.0205419
0.0220803
0.0236864
0.0253147
0.0269896
0.028794
0.0306745
0.0325506
0.0344439
0.0364789
0.0385917
0.0407827
0.0430506
0.0453517
0.0477328
0.0501972
0.0527727
0.0553806
0.0581494
0.0610103
0.0639924
0.0670718
0.0702345
0.0735662
0.0769355
0.0805195
0.0841167
0.0878841
0.0917302
0.0955825
0.099572
0.103343
0.00509173
0.00605845
0.00597656
0.00519369
0.00439664
0.00431626
0.0048286
0.00576543
0.00706878
0.00843131
0.00969566
0.0109455
0.0122688
0.0135971
0.0148726
0.0161959
0.0176318
0.0190969
0.0205502
0.0220873
0.0236924
0.0253205
0.0269962
0.028799
0.0306754
0.0325529
0.0344498
0.0364834
0.0385947
0.0407844
0.0430507
0.0453522
0.0477347
0.0501991
0.0527747
0.0553837
0.0581528
0.0610127
0.0639944
0.0670737
0.0702364
0.073568
0.0769371
0.0805209
0.0841182
0.087886
0.0917335
0.0955866
0.0995798
0.103351
0.00521122
0.00623272
0.00615095
0.00537569
0.00456544
0.00445322
0.00492714
0.00581394
0.00709088
0.00845855
0.00973144
0.0109827
0.0123051
0.013629
0.0148967
0.0162137
0.0176458
0.0191078
0.0205591
0.0220948
0.0236986
0.0253265
0.027003
0.0288041
0.0306764
0.0325553
0.0344557
0.0364881
0.0385977
0.0407862
0.0430508
0.0453527
0.0477367
0.0502011
0.0527768
0.0553868
0.0581562
0.0610152
0.0639965
0.0670756
0.0702384
0.0735699
0.0769388
0.0805224
0.0841197
0.0878879
0.091737
0.0955909
0.0995877
0.10336
0.00532264
0.00640392
0.00632572
0.00555798
0.0047336
0.00458869
0.00502915
0.0058687
0.00711549
0.00848575
0.00976714
0.01102
0.0123421
0.0136624
0.0149222
0.0162324
0.0176607
0.0191194
0.0205683
0.0221024
0.023705
0.0253327
0.0270099
0.0288093
0.0306777
0.0325579
0.0344616
0.0364928
0.0386008
0.0407881
0.0430511
0.0453534
0.0477387
0.0502031
0.052779
0.05539
0.0581598
0.0610178
0.0639986
0.0670776
0.0702404
0.0735718
0.0769405
0.0805239
0.0841213
0.0878899
0.0917406
0.0955954
0.0995958
0.103369
0.00542638
0.00657038
0.00650063
0.00573989
0.00490085
0.00472316
0.00513479
0.00592968
0.00714283
0.00851357
0.00980321
0.0110568
0.0123787
0.0136973
0.0149498
0.0162526
0.0176762
0.0191312
0.0205777
0.0221105
0.0237117
0.0253392
0.027017
0.0288147
0.0306793
0.0325606
0.0344675
0.0364976
0.0386041
0.0407901
0.0430516
0.0453542
0.0477408
0.0502053
0.0527813
0.0553934
0.0581635
0.0610204
0.0640009
0.0670797
0.0702426
0.0735738
0.0769424
0.0805255
0.084123
0.087892
0.0917444
0.0956
0.0996041
0.103378
0.0055254
0.00673225
0.00667541
0.00592127
0.00506809
0.00485662
0.00524242
0.00599653
0.00717374
0.00854208
0.00983912
0.0110928
0.0124155
0.013734
0.0149797
0.0162737
0.0176921
0.0191435
0.0205878
0.0221189
0.0237187
0.0253458
0.0270242
0.0288203
0.030681
0.0325635
0.0344734
0.0365026
0.0386075
0.0407922
0.0430521
0.0453551
0.047743
0.0502075
0.0527837
0.0553968
0.0581672
0.0610232
0.0640033
0.0670819
0.0702448
0.0735759
0.0769443
0.0805272
0.0841249
0.0878943
0.0917483
0.0956048
0.0996126
0.103388
0.00562313
0.00688925
0.00684851
0.00610176
0.00523527
0.00498875
0.00535189
0.00606977
0.00720816
0.00857078
0.00987551
0.0111291
0.0124522
0.0137717
0.0150111
0.0162963
0.0177091
0.0191566
0.0205981
0.0221275
0.0237259
0.0253526
0.0270316
0.028826
0.0306831
0.0325666
0.0344794
0.0365076
0.0386111
0.0407945
0.0430529
0.0453562
0.0477453
0.0502098
0.0527862
0.0554003
0.0581711
0.061026
0.0640058
0.0670841
0.0702471
0.0735781
0.0769463
0.080529
0.0841268
0.0878966
0.0917525
0.0956098
0.0996212
0.103398
0.00572297
0.00704143
0.00701921
0.00628116
0.00540318
0.00512071
0.00546233
0.00614781
0.00724582
0.00860041
0.0099131
0.0111656
0.012488
0.01381
0.0150447
0.0163207
0.0177269
0.01917
0.0206088
0.0221365
0.0237335
0.0253597
0.0270391
0.0288319
0.0306854
0.0325699
0.0344854
0.0365127
0.0386148
0.0407969
0.0430538
0.0453574
0.0477477
0.0502121
0.0527888
0.0554039
0.0581751
0.061029
0.0640083
0.0670865
0.0702495
0.0735804
0.0769483
0.0805308
0.0841288
0.0878991
0.0917568
0.095615
0.0996301
0.103409
0.00582868
0.00718996
0.00718643
0.0064592
0.00557223
0.00525158
0.0055716
0.00623052
0.00728828
0.00863148
0.00995152
0.0112022
0.012523
0.0138489
0.0150803
0.0163466
0.0177456
0.0191842
0.02062
0.0221458
0.0237412
0.025367
0.0270468
0.028838
0.030688
0.0325734
0.0344916
0.036518
0.0386186
0.0407994
0.0430548
0.0453588
0.0477502
0.0502146
0.0527916
0.0554077
0.0581792
0.0610321
0.0640111
0.067089
0.0702519
0.0735827
0.0769505
0.0805328
0.084131
0.0879017
0.0917613
0.0956204
0.0996391
0.103419
0.0059414
0.0073352
0.00734933
0.00663542
0.00574172
0.00538154
0.00568028
0.00631836
0.0073355
0.00866338
0.00999047
0.0112393
0.0125576
0.0138878
0.0151174
0.0163744
0.0177655
0.0191992
0.0206316
0.0221553
0.0237493
0.0253746
0.0270547
0.0288443
0.030691
0.032577
0.0344977
0.0365233
0.0386226
0.0408021
0.0430561
0.0453603
0.0477528
0.0502172
0.0527945
0.0554115
0.0581833
0.0610352
0.0640139
0.0670916
0.0702545
0.0735852
0.0769527
0.0805349
0.0841333
0.0879045
0.091766
0.095626
0.0996484
0.10343
0.00606202
0.00747914
0.00750733
0.00680809
0.00591162
0.00551185
0.00578768
0.00640974
0.00738715
0.0086961
0.0100303
0.011278
0.012592
0.0139266
0.0151557
0.0164038
0.0177868
0.0192149
0.0206437
0.0221653
0.0237578
0.0253823
0.0270627
0.0288508
0.0306942
0.0325809
0.0345039
0.0365288
0.0386268
0.0408049
0.0430575
0.045362
0.0477556
0.0502199
0.0527975
0.0554154
0.0581876
0.0610385
0.0640168
0.0670943
0.0702572
0.0735878
0.0769551
0.080537
0.0841357
0.0879074
0.0917709
0.0956318
0.0996578
0.103442
0.00619041
0.00762326
0.00765928
0.00697585
0.00608179
0.00564286
0.00589301
0.00650384
0.00744361
0.00873036
0.0100715
0.0113179
0.0126255
0.0139646
0.0151953
0.0164351
0.0178095
0.0192318
0.0206564
0.0221755
0.0237664
0.0253902
0.0270709
0.0288576
0.0306978
0.032585
0.0345102
0.0365344
0.0386311
0.0408079
0.0430592
0.0453639
0.0477584
0.0502226
0.0528007
0.0554195
0.0581921
0.061042
0.0640199
0.0670971
0.07026
0.0735904
0.0769575
0.0805393
0.0841382
0.0879105
0.091776
0.0956378
0.0996674
0.103453
0.00632409
0.00776884
0.00780517
0.00713739
0.00625182
0.00577556
0.00599589
0.00659936
0.00750539
0.0087665
0.010113
0.0113589
0.0126592
0.0140026
0.0152357
0.0164678
0.0178335
0.0192497
0.0206697
0.0221859
0.0237754
0.0253984
0.0270792
0.0288646
0.0307018
0.0325894
0.0345166
0.0365402
0.0386356
0.0408111
0.043061
0.045366
0.0477614
0.0502255
0.052804
0.0554237
0.0581966
0.0610455
0.0640232
0.0671
0.0702628
0.0735932
0.07696
0.0805417
0.0841409
0.0879137
0.0917813
0.095644
0.0996772
0.103465
0.00645883
0.00791654
0.00794537
0.00729176
0.006421
0.00590979
0.00609583
0.00669593
0.00757263
0.00880411
0.0101548
0.0114019
0.0126934
0.0140397
0.0152765
0.0165019
0.0178591
0.0192689
0.0206838
0.0221969
0.0237846
0.0254067
0.0270876
0.0288719
0.0307061
0.032594
0.0345231
0.0365461
0.0386402
0.0408144
0.043063
0.0453683
0.0477645
0.0502286
0.0528075
0.0554281
0.0582013
0.0610492
0.0640265
0.0671031
0.0702658
0.0735961
0.0769627
0.0805442
0.0841437
0.0879171
0.0917868
0.0956505
0.0996872
0.103477
0.00658987
0.00806636
0.00808183
0.00743796
0.00658706
0.00604621
0.00619389
0.00679223
0.00764457
0.00884377
0.0101971
0.0114467
0.0127277
0.0140762
0.0153178
0.0165373
0.0178861
0.0192895
0.0206987
0.0222082
0.0237942
0.0254153
0.0270962
0.0288794
0.0307109
0.0325989
0.0345297
0.0365522
0.0386451
0.0408179
0.0430653
0.0453708
0.0477678
0.0502318
0.0528111
0.0554325
0.058206
0.061053
0.06403
0.0671063
0.0702689
0.0735992
0.0769654
0.0805469
0.0841466
0.0879208
0.0917924
0.0956573
0.0996975
0.10349
0.00671325
0.00821792
0.00821577
0.0075745
0.00674844
0.00618583
0.00629031
0.00688642
0.00772132
0.00888614
0.0102393
0.0114932
0.012763
0.0141121
0.0153595
0.0165734
0.0179142
0.0193117
0.0207145
0.0222197
0.0238042
0.0254242
0.0271048
0.0288871
0.030716
0.032604
0.0345365
0.0365584
0.0386502
0.0408216
0.0430678
0.0453735
0.0477712
0.0502351
0.0528149
0.0554371
0.0582109
0.061057
0.0640337
0.0671096
0.0702722
0.0736023
0.0769683
0.0805497
0.0841497
0.0879246
0.0917983
0.0956642
0.0997079
0.103503
0.00682624
0.00836871
0.00834893
0.00770252
0.00690365
0.00632812
0.00638585
0.00697772
0.00780214
0.00893144
0.0102813
0.0115415
0.0127993
0.0141472
0.0154014
0.0166104
0.0179434
0.0193353
0.0207315
0.0222317
0.0238144
0.0254334
0.0271136
0.0288951
0.0307215
0.0326095
0.0345434
0.0365648
0.0386554
0.0408255
0.0430706
0.0453764
0.0477748
0.0502385
0.0528189
0.0554419
0.058216
0.0610611
0.0640375
0.0671131
0.0702755
0.0736057
0.0769712
0.0805526
0.084153
0.0879286
0.0918044
0.0956714
0.0997186
0.103516
0.00692824
0.00851639
0.00848336
0.00782327
0.00705015
0.00647214
0.00648167
0.00706508
0.00788616
0.00898027
0.0103228
0.0115912
0.0128374
0.0141818
0.0154433
0.0166481
0.0179732
0.0193605
0.02075
0.0222442
0.0238249
0.0254427
0.0271226
0.0289034
0.0307274
0.0326152
0.0345504
0.0365715
0.0386609
0.0408295
0.0430736
0.0453797
0.0477786
0.0502421
0.052823
0.0554468
0.0582212
0.0610654
0.0640415
0.0671167
0.070279
0.0736091
0.0769743
0.0805558
0.0841564
0.0879328
0.0918107
0.0956789
0.0997295
0.10353
0.00702005
0.00865853
0.00861899
0.00793851
0.00718664
0.00661632
0.00657902
0.00714791
0.00797233
0.0090331
0.0103636
0.0116422
0.0128772
0.0142157
0.0154853
0.0166866
0.0180035
0.0193871
0.0207699
0.0222571
0.0238359
0.0254526
0.0271315
0.0289117
0.0307339
0.0326213
0.0345576
0.0365783
0.0386666
0.0408338
0.0430769
0.0453831
0.0477826
0.050246
0.0528274
0.0554519
0.0582265
0.0610698
0.0640457
0.0671205
0.0702826
0.0736127
0.0769775
0.080559
0.08416
0.0879372
0.0918173
0.0956866
0.0997406
0.103543
0.0071032
0.00879275
0.00875574
0.00805042
0.00731178
0.00675874
0.00667955
0.00722603
0.00805867
0.00909055
0.0104043
0.0116936
0.012919
0.0142493
0.0155272
0.0167259
0.0180339
0.0194145
0.0207915
0.0222708
0.023847
0.025463
0.0271408
0.0289202
0.0307406
0.0326277
0.0345651
0.0365854
0.0386725
0.0408383
0.0430805
0.0453868
0.0477868
0.05025
0.0528319
0.0554572
0.058232
0.0610744
0.06405
0.0671245
0.0702864
0.0736165
0.0769809
0.0805625
0.0841638
0.0879418
0.0918241
0.0956946
0.099752
0.103558
0.00717996
0.00891801
0.00889197
0.00816083
0.00742564
0.00689693
0.00678416
0.00729982
0.0081435
0.00915257
0.0104449
0.011745
0.0129633
0.0142828
0.0155687
0.0167662
0.0180646
0.0194425
0.0208148
0.0222854
0.0238583
0.0254738
0.0271505
0.0289289
0.0307475
0.0326344
0.0345728
0.0365929
0.0386787
0.040843
0.0430843
0.0453908
0.0477912
0.0502541
0.0528366
0.0554626
0.0582378
0.0610792
0.0640545
0.0671286
0.0702903
0.0736205
0.0769844
0.0805661
0.0841678
0.0879466
0.0918311
0.0957029
0.0997635
0.103572
0.0072528
0.00903349
0.00902486
0.008272
0.00752993
0.0070273
0.0068926
0.00737084
0.00822512
0.00921857
0.0104857
0.0117962
0.0130101
0.0143162
0.0156095
0.0168072
0.0180955
0.0194709
0.0208396
0.0223011
0.0238698
0.0254849
0.0271605
0.028938
0.0307551
0.0326413
0.0345805
0.0366005
0.0386853
0.040848
0.0430884
0.045395
0.0477958
0.0502586
0.0528416
0.0554683
0.0582436
0.0610842
0.0640592
0.0671329
0.0702942
0.0736246
0.076988
0.08057
0.084172
0.0879517
0.0918383
0.0957114
0.0997754
0.103586
0.00732316
0.00913945
0.00915235
0.00838395
0.00762606
0.00714755
0.00700383
0.00744047
0.00830209
0.00928827
0.0105277
0.0118463
0.013059
0.0143502
0.0156496
0.016849
0.0181266
0.0194993
0.0208661
0.0223182
0.0238814
0.0254963
0.0271711
0.0289472
0.0307628
0.0326488
0.0345885
0.0366082
0.0386919
0.0408533
0.0430929
0.0453996
0.0478007
0.0502632
0.0528467
0.0554741
0.0582496
0.0610893
0.0640641
0.0671375
0.0702985
0.0736289
0.0769917
0.080574
0.0841764
0.087957
0.0918458
0.0957202
0.0997874
0.103601
0.00739098
0.00923697
0.00927218
0.00849543
0.00771632
0.00725645
0.00711617
0.00750989
0.00837356
0.00936088
0.0105712
0.0118946
0.0131102
0.0143852
0.0156887
0.0168914
0.0181582
0.0195274
0.0208935
0.022337
0.0238935
0.0255077
0.0271822
0.0289569
0.0307707
0.0326565
0.0345969
0.0366164
0.0386986
0.0408587
0.0430977
0.0454046
0.0478059
0.050268
0.052852
0.0554801
0.0582558
0.0610947
0.0640691
0.0671422
0.0703029
0.0736335
0.0769957
0.0805782
0.084181
0.0879626
0.0918536
0.0957292
0.0997997
0.103617
0.00745572
0.00932644
0.0093824
0.00860553
0.00780327
0.00735249
0.00722673
0.00758121
0.00843884
0.00943462
0.010617
0.0119408
0.013163
0.0144214
0.0157269
0.0169344
0.0181902
0.0195549
0.0209214
0.0223575
0.0239066
0.0255193
0.0271936
0.028967
0.0307791
0.0326644
0.0346054
0.0366249
0.038706
0.0408644
0.0431026
0.0454096
0.0478114
0.0502733
0.0528577
0.0554863
0.0582621
0.0611003
0.0640744
0.0671471
0.0703074
0.0736382
0.0769999
0.0805827
0.0841857
0.0879683
0.0918616
0.0957386
0.0998122
0.103632
0.00751672
0.00940881
0.00948237
0.00871168
0.00788841
0.00743611
0.00733199
0.00765535
0.00849823
0.00950749
0.0106661
0.0119854
0.0132166
0.0144588
0.0157639
0.016978
0.018223
0.0195818
0.0209494
0.0223792
0.0239206
0.0255313
0.0272057
0.0289777
0.0307876
0.0326726
0.0346142
0.0366334
0.0387135
0.0408707
0.0431081
0.0454149
0.0478169
0.0502787
0.0528637
0.0554929
0.0582687
0.0611061
0.0640799
0.0671521
0.0703122
0.0736431
0.0770041
0.0805874
0.0841909
0.0879743
0.0918699
0.0957481
0.099825
0.103648
0.00757244
0.00948444
0.00957199
0.0088104
0.00797252
0.00750957
0.00742881
0.00773193
0.00855295
0.00957775
0.0107179
0.0120281
0.0132714
0.0144985
0.0157991
0.0170212
0.0182568
0.0196087
0.0209775
0.022402
0.0239356
0.0255433
0.0272181
0.0289896
0.0307967
0.0326807
0.0346231
0.0366424
0.0387212
0.0408771
0.0431141
0.0454209
0.047823
0.0502842
0.0528697
0.0554996
0.0582755
0.0611123
0.0640856
0.0671574
0.0703171
0.0736482
0.0770086
0.0805922
0.0841962
0.0879806
0.0918785
0.095758
0.0998379
0.103663
0.0076216
0.00955263
0.00965161
0.00889971
0.00805477
0.00757483
0.00751442
0.00780998
0.00860458
0.00964412
0.0107723
0.0120684
0.0133258
0.0145415
0.0158334
0.0170636
0.0182907
0.0196348
0.0210055
0.0224261
0.0239522
0.0255558
0.0272301
0.0290018
0.0308069
0.0326894
0.034632
0.0366514
0.0387293
0.0408838
0.0431201
0.045427
0.0478296
0.0502904
0.0528761
0.0555063
0.0582823
0.0611186
0.0640916
0.0671631
0.0703223
0.0736535
0.0770132
0.0805973
0.0842017
0.087987
0.0918873
0.0957682
0.0998511
0.103679
0.00766317
0.00961237
0.00972198
0.00897812
0.00813278
0.00763379
0.0075874
0.00788721
0.00865455
0.00970556
0.0108299
0.0121077
0.0133773
0.0145864
0.0158673
0.017106
0.018326
0.0196597
0.0210324
0.0224509
0.0239703
0.0255695
0.0272425
0.0290143
0.0308173
0.0326983
0.0346415
0.0366608
0.0387374
0.0408909
0.0431267
0.0454333
0.0478362
0.0502968
0.0528831
0.0555137
0.0582895
0.061125
0.0640976
0.0671688
0.0703277
0.0736592
0.0770181
0.0806026
0.0842075
0.0879937
0.0918963
0.0957786
0.0998645
0.103696
0.00769657
0.00966224
0.00978277
0.00904459
0.0082039
0.00768794
0.0076475
0.00796111
0.00870392
0.00976067
0.0108891
0.0121479
0.0134268
0.0146329
0.0158996
0.0171465
0.0183631
0.0196854
0.0210585
0.0224753
0.0239891
0.0255842
0.0272553
0.0290276
0.0308291
0.0327071
0.0346503
0.0366707
0.0387462
0.0408983
0.0431336
0.0454403
0.0478432
0.0503033
0.0528899
0.0555212
0.0582972
0.0611321
0.064104
0.0671746
0.0703331
0.073665
0.0770233
0.0806083
0.0842137
0.0880007
0.0919057
0.0957892
0.099878
0.103712
0.00772123
0.00970091
0.00983275
0.00909911
0.00826572
0.00773758
0.00769531
0.00802847
0.00875377
0.00980988
0.0109484
0.0121887
0.0134733
0.0146824
0.0159322
0.0171833
0.0183996
0.019711
0.0210848
0.0225011
0.024009
0.0255998
0.0272679
0.0290405
0.0308421
0.0327173
0.0346591
0.0366801
0.0387552
0.0409063
0.0431411
0.0454474
0.0478508
0.0503105
0.0528972
0.0555286
0.0583046
0.0611393
0.0641109
0.0671811
0.0703391
0.0736709
0.0770284
0.080614
0.08422
0.088008
0.0919153
0.0958003
0.0998918
0.103729
0.00773645
0.00972726
0.00987038
0.00914151
0.00831596
0.00778205
0.00773221
0.00808572
0.00880349
0.00985444
0.0110067
0.012232
0.0135159
0.0147315
0.0159665
0.0172186
0.0184358
0.0197353
0.0211087
0.0225274
0.0240312
0.0256177
0.0272814
0.0290529
0.0308552
0.0327277
0.034668
0.0366902
0.0387644
0.0409142
0.043149
0.0454553
0.0478586
0.0503179
0.0529051
0.0555367
0.0583125
0.0611465
0.0641176
0.0671877
0.0703454
0.0736775
0.0770341
0.08062
0.0842265
0.0880153
0.0919251
0.0958114
0.0999059
0.103746
0.00774123
0.00974074
0.00989356
0.00917073
0.00835281
0.00781981
0.00776058
0.00813147
0.00885163
0.00989432
0.0110614
0.0122784
0.0135567
0.0147797
0.0160012
0.0172513
0.0184723
0.0197606
0.0211304
0.0225518
0.0240533
0.0256373
0.0272971
0.0290663
0.0308696
0.0327391
0.0346759
0.0366995
0.0387745
0.0409229
0.0431569
0.0454634
0.0478671
0.0503259
0.0529132
0.055545
0.0583209
0.0611545
0.0641246
0.0671942
0.0703515
0.073684
0.07704
0.0806266
0.0842337
0.0880231
0.0919352
0.0958229
0.0999199
0.103763
0.00773358
0.00974057
0.00990058
0.00918465
0.00837455
0.00784789
0.00778213
0.00816618
0.00889722
0.00993165
0.0111109
0.0123258
0.0135948
0.0148259
0.016038
0.0172815
0.0185071
0.0197873
0.0211524
0.0225765
0.0240755
0.0256562
0.0273127
0.0290794
0.0308847
0.0327529
0.0346853
0.0367085
0.0387842
0.040932
0.0431655
0.0454717
0.0478755
0.0503341
0.0529218
0.0555535
0.0583293
0.0611627
0.0641323
0.0672016
0.0703583
0.0736906
0.0770458
0.0806329
0.0842408
0.0880312
0.0919457
0.0958348
0.0999343
0.10378
0.00771169
0.0097254
0.00989039
0.00918137
0.00837951
0.00786265
0.00779605
0.00819032
0.00893856
0.00996887
0.0111564
0.0123738
0.0136313
0.014867
0.0160744
0.0173099
0.0185395
0.0198143
0.0211735
0.0226019
0.024101
0.0256775
0.027329
0.0290915
0.0308981
0.0327661
0.0346948
0.0367183
0.0387951
0.0409418
0.0431746
0.0454809
0.0478848
0.0503426
0.0529304
0.0555621
0.058338
0.0611711
0.0641398
0.067209
0.0703654
0.0736981
0.0770525
0.0806398
0.0842482
0.0880391
0.0919562
0.0958466
0.0999487
0.103797
0.00767258
0.00969226
0.00986172
0.00915946
0.00836717
0.00786202
0.0078007
0.00820458
0.00897395
0.0100067
0.0111989
0.012422
0.013668
0.0149035
0.016109
0.0173352
0.0185681
0.0198419
0.0211939
0.0226251
0.0241268
0.0257009
0.0273484
0.0291064
0.0309123
0.0327795
0.0347039
0.036726
0.038805
0.0409525
0.0431845
0.0454904
0.0478948
0.0503524
0.05294
0.0555711
0.0583469
0.0611798
0.0641477
0.0672165
0.0703724
0.0737052
0.0770591
0.0806471
0.0842564
0.0880479
0.0919672
0.0958589
0.0999633
0.103814
0.00761297
0.0096357
0.00981008
0.00911522
0.00833524
0.00784484
0.00779515
0.00820997
0.00900152
0.0100444
0.0112399
0.0124697
0.0137063
0.014936
0.0161419
0.0173591
0.0185917
0.019868
0.0212151
0.0226479
0.0241531
0.025724
0.0273667
0.0291218
0.0309277
0.0327947
0.0347158
0.0367354
0.0388145
0.0409625
0.0431943
0.0454999
0.0479046
0.050362
0.0529499
0.0555808
0.0583566
0.061189
0.0641559
0.0672247
0.0703801
0.0737128
0.0770658
0.0806541
0.0842641
0.0880565
0.0919784
0.0958717
0.0999785
0.103832
0.00753286
0.00955341
0.00973149
0.0090445
0.00828009
0.0078093
0.00777932
0.00820964
0.00902204
0.0100801
0.0112781
0.0125132
0.0137445
0.0149658
0.0161715
0.0173825
0.0186131
0.0198929
0.0212362
0.0226691
0.02418
0.0257498
0.0273861
0.0291367
0.0309415
0.0328081
0.0347277
0.0367458
0.0388258
0.0409752
0.0432059
0.0455104
0.0479153
0.0503723
0.0529598
0.0555901
0.0583661
0.0611984
0.0641644
0.0672329
0.0703877
0.0737205
0.0770731
0.0806617
0.0842723
0.0880649
0.0919889
0.0958835
0.0999921
0.103848
0.00742359
0.00943881
0.00962065
0.00894296
0.00819753
0.00775243
0.00775099
0.0082064
0.00904064
0.0101163
0.0113166
0.0125515
0.0137785
0.0149904
0.0161954
0.0174035
0.018632
0.0199175
0.0212607
0.0226912
0.0242053
0.0257753
0.0274057
0.0291525
0.0309559
0.0328206
0.0347389
0.0367551
0.0388348
0.0409869
0.0432189
0.0455226
0.0479277
0.0503848
0.0529723
0.0556019
0.0583778
0.0612095
0.0641744
0.0672428
0.070397
0.0737296
0.0770814
0.0806704
0.084282
0.0880754
0.092002
0.0958979
0.100009
0.103868
0.00727727
0.00928331
0.00947004
0.00880656
0.00808632
0.00767479
0.00770996
0.00820025
0.00905916
0.0101533
0.0113579
0.0125885
0.01381
0.0150118
0.0162125
0.017421
0.0186493
0.0199402
0.0212873
0.0227163
0.0242325
0.0258033
0.0274258
0.0291669
0.0309691
0.0328324
0.0347504
0.0367647
0.038843
0.0409962
0.043228
0.0455306
0.0479358
0.0503928
0.0529799
0.0556094
0.0583856
0.0612174
0.0641812
0.0672498
0.0704036
0.0737364
0.0770877
0.0806769
0.084289
0.0880826
0.0920112
0.0959087
0.100021
0.103882
0.00707459
0.00906622
0.00925459
0.00861246
0.00793124
0.00757016
0.00765539
0.00819118
0.00907861
0.0101889
0.0113974
0.0126211
0.0138367
0.0150305
0.0162265
0.0174378
0.0186694
0.0199663
0.0213194
0.022746
0.0242616
0.0258363
0.0274536
0.0291883
0.0309885
0.0328494
0.0347674
0.0367807
0.0388578
0.0410138
0.0432471
0.0455481
0.0479531
0.05041
0.0529966
0.0556249
0.0584007
0.0612317
0.0641944
0.0672627
0.0704155
0.0737478
0.0770985
0.0806878
0.0843009
0.0880949
0.0920259
0.0959245
0.100039
0.103903
0.00685893
0.00880239
0.00897276
0.00835282
0.0077225
0.00742884
0.00757864
0.00817134
0.00909308
0.0102128
0.011418
0.0126282
0.0138332
0.0150206
0.0162135
0.0174324
0.0186733
0.0199774
0.0213401
0.0227662
0.0242776
0.0258551
0.0274673
0.0291954
0.0309954
0.0328556
0.0347738
0.0367864
0.0388615
0.0410186
0.0432534
0.0455543
0.0479593
0.0504164
0.0530031
0.0556316
0.0584077
0.0612386
0.0642003
0.0672691
0.0704215
0.073754
0.0771042
0.0806935
0.0843073
0.0881017
0.0920348
0.0959353
0.100052
0.103917
0.00665713
0.00854535
0.00869616
0.00811632
0.00756336
0.00735939
0.0075874
0.00823793
0.00918369
0.0102923
0.0114776
0.0126663
0.0138546
0.0150374
0.0162281
0.0174536
0.0187058
0.0200149
0.0213843
0.0228093
0.0243141
0.0258951
0.0275036
0.0292214
0.0310184
0.0328773
0.0347953
0.0368075
0.0388816
0.0410394
0.0432748
0.0455742
0.0479785
0.050435
0.0530209
0.0556484
0.0584238
0.0612539
0.0642146
0.067283
0.0704342
0.0737663
0.0771161
0.0807053
0.08432
0.0881143
0.0920493
0.0959505
0.100068
0.103937
0.00578783
0.00767298
0.00793122
0.00752967
0.00717353
0.00714907
0.00751465
0.00824588
0.00921443
0.0103025
0.0114625
0.0126318
0.0138101
0.0149997
0.0162013
0.0174401
0.0187098
0.0200268
0.0214035
0.0228294
0.0243251
0.0259072
0.0275167
0.029228
0.0310243
0.0328851
0.0348024
0.0368139
0.0388877
0.0410458
0.0432832
0.0455843
0.0479887
0.0504445
0.053031
0.055659
0.0584341
0.0612634
0.0642232
0.0672919
0.0704424
0.0737743
0.0771233
0.0807125
0.0843278
0.0881229
0.0920602
0.0959634
0.100083
0.103954
0.0060478
0.00741136
0.00748609
0.00715761
0.00697393
0.00711358
0.0075883
0.00835035
0.00929872
0.0103442
0.0114698
0.0126211
0.0137903
0.0149889
0.0162035
0.0174532
0.0187383
0.0200612
0.0214403
0.022869
0.024357
0.0259371
0.027547
0.0292487
0.0310393
0.0329027
0.03482
0.0368301
0.0389055
0.041063
0.0432983
0.0455997
0.0480041
0.0504584
0.0530441
0.0556722
0.0584466
0.0612755
0.0642347
0.0673035
0.070453
0.0737848
0.0771337
0.0807225
0.0843382
0.088133
0.0920712
0.0959754
0.100096
0.103968
0.0037114
0.0056721
0.00638299
0.00663679
0.00687534
0.00725666
0.00780315
0.00851446
0.00937964
0.0103553
0.0114379
0.0125764
0.013749
0.0149661
0.0162033
0.0174672
0.0187667
0.0200959
0.0214743
0.0229033
0.0243829
0.0259579
0.027573
0.0292716
0.031057
0.0329239
0.0348405
0.0368465
0.0389237
0.0410814
0.0433166
0.0456209
0.048026
0.0504779
0.053064
0.0556928
0.0584656
0.0612927
0.0642506
0.0673191
0.0704674
0.0737984
0.077146
0.0807341
0.0843505
0.0881458
0.0920869
0.0959924
0.100115
0.103991
0.00189552
0.00288789
0.00429831
0.00558926
0.00659829
0.0073418
0.00796727
0.00862939
0.00941289
0.0103195
0.0113587
0.012488
0.0136711
0.0149096
0.0161721
0.0174537
0.0187694
0.0201071
0.0214861
0.0229187
0.0243954
0.0259648
0.0275831
0.0292782
0.0310565
0.0329285
0.0348475
0.0368504
0.0389311
0.0410894
0.0433203
0.0456259
0.0480325
0.0504823
0.0530682
0.0556984
0.0584707
0.0612979
0.064256
0.0673247
0.0704722
0.0738034
0.0771516
0.0807397
0.0843567
0.0881518
0.0920932
0.0960001
0.100123
0.103999
0.000829807
0.00319252
0.00474688
0.00583106
0.0066742
0.00740879
0.00808839
0.00876385
0.00952272
0.0103876
0.011378
0.0124821
0.0136649
0.0149142
0.0161943
0.017491
0.0188172
0.0201619
0.0215374
0.0229672
0.0244383
0.0259977
0.02762
0.0293158
0.0310861
0.0329608
0.0348808
0.0368769
0.0389595
0.0411191
0.043348
0.0456565
0.0480651
0.0505115
0.0530971
0.0557281
0.0584978
0.0613227
0.0642789
0.0673469
0.0704928
0.0738229
0.0771693
0.0807561
0.0843733
0.0881687
0.0921129
0.0960206
0.100146
0.104027
-0.000162312
0.00119774
0.00302
0.00473075
0.00614785
0.00723435
0.00806229
0.00877411
0.00952762
0.010374
0.0113339
0.0124195
0.0136019
0.0148578
0.0161496
0.0174614
0.018801
0.020157
0.0215367
0.0229687
0.0244427
0.0259962
0.02762
0.0293188
0.0310816
0.0329594
0.0348845
0.0368761
0.0389609
0.0411235
0.0433474
0.0456563
0.0480678
0.0505123
0.0530971
0.0557301
0.0584997
0.0613244
0.0642811
0.0673494
0.0704949
0.0738251
0.077172
0.0807589
0.0843765
0.0881719
0.0921161
0.0960254
0.100151
0.104031
-0.00156961
0.00144287
0.00355329
0.00509394
0.0062971
0.00727059
0.00808204
0.00880899
0.00957001
0.0104171
0.0113694
0.0124462
0.0136263
0.0148819
0.0161747
0.0174892
0.0188313
0.0201912
0.0215731
0.0230041
0.0244789
0.0260299
0.0276532
0.0293567
0.0311171
0.0329922
0.0349198
0.0369078
0.0389908
0.0411558
0.0433805
0.0456896
0.0481031
0.0505465
0.05313
0.055763
0.0585307
0.0613532
0.0643073
0.0673747
0.0705183
0.0738472
0.0771922
0.0807773
0.0843946
0.0881902
0.0921365
0.0960466
0.100175
0.104061
)
;

boundaryField
{
    zeroGradientPlanes
    {
        type            zeroGradient;
    }
    inlet
    {
        type            zeroGradient;
    }
    plate
    {
        type            zeroGradient;
    }
    frontAndBack
    {
        type            empty;
    }
}


// ************************************************************************* //
