/*--------------------------------*- C++ -*----------------------------------*\
| =========                 |                                                 |
| \\      /  F ield         | OpenFOAM: The Open Source CFD Toolbox           |
|  \\    /   O peration     | Version:  v2012                                 |
|   \\  /    A nd           | Website:  www.openfoam.com                      |
|    \\/     M anipulation  |                                                 |
\*---------------------------------------------------------------------------*/
FoamFile
{
    version     2.0;
    format      ascii;
    class       volScalarField;
    location    "4.7";
    object      p;
}
// * * * * * * * * * * * * * * * * * * * * * * * * * * * * * * * * * * * * * //

dimensions      [0 2 -2 0 0 0 0];


internalField   nonuniform List<scalar> 
7000
(
-2.99962e-10
0.000200743
0.00019614
0.000462613
-0.000317768
-0.000610857
0.000367891
0.000273666
0.000584192
0.0018467
-0.00506417
-0.00397292
-0.00972603
-0.00923704
-0.011091
-0.0109623
-0.0116568
-0.0120679
-0.0126603
-0.0134274
1.39794e-06
0.000197002
0.000196468
0.000466382
-0.000324245
-0.000612702
0.000384513
0.000257774
0.000607712
0.00181366
-0.00502839
-0.00398828
-0.00970602
-0.00922946
-0.0110896
-0.0109472
-0.0116569
-0.0120566
-0.0126618
-0.0134289
3.00381e-06
0.000191988
0.000198029
0.000471841
-0.000333124
-0.000613581
0.000395789
0.000237075
0.000634619
0.00176676
-0.00497545
-0.00401916
-0.0096542
-0.00922841
-0.0110614
-0.0109325
-0.0116391
-0.0120449
-0.0126652
-0.0134014
4.22142e-06
0.000186338
0.000200265
0.000476877
-0.000342823
-0.000614541
0.000403765
0.000208636
0.000650229
0.0017017
-0.00492971
-0.00406307
-0.00958245
-0.00923458
-0.0110099
-0.0109268
-0.0116113
-0.0120456
-0.0126736
-0.0133798
5.0952e-06
0.000179783
0.000202868
0.000481454
-0.000353681
-0.000615738
0.00040855
0.000170796
0.000655053
0.00161595
-0.00488945
-0.00412122
-0.00949954
-0.00924687
-0.0109502
-0.0109301
-0.0115853
-0.0120572
-0.0126838
-0.0133681
5.64842e-06
0.000172154
0.000205864
0.000485617
-0.000365757
-0.000617023
0.000410295
0.000124113
0.000652213
0.00151038
-0.0048496
-0.00419577
-0.00940864
-0.00926611
-0.0108894
-0.0109382
-0.0115636
-0.0120691
-0.0126933
-0.0133538
5.86111e-06
0.00016347
0.000209268
0.00048931
-0.000378759
-0.000618435
0.000409469
7.08725e-05
0.000644022
0.0013885
-0.00480739
-0.00428595
-0.00931061
-0.00929072
-0.0108276
-0.0109465
-0.0115431
-0.0120755
-0.0127025
-0.0133324
5.72736e-06
0.000153832
0.000213024
0.000492607
-0.000392368
-0.000620139
0.000406831
1.38203e-05
0.000632235
0.00125442
-0.00476214
-0.00438777
-0.00920624
-0.00931692
-0.0107639
-0.0109525
-0.0115231
-0.0120776
-0.0127124
-0.0133069
5.25428e-06
0.000143358
0.000217082
0.000495663
-0.000406331
-0.000622308
0.000403205
-4.47937e-05
0.000618012
0.00111146
-0.00471346
-0.00449687
-0.00909662
-0.00934192
-0.0106998
-0.0109558
-0.0115064
-0.0120779
-0.0127234
-0.0132798
4.45598e-06
0.000132145
0.00022142
0.000498626
-0.000420475
-0.000625088
0.000399295
-0.000103679
0.00060173
0.000962125
-0.00466092
-0.00461023
-0.00898292
-0.00936485
-0.0106373
-0.0109562
-0.0114951
-0.0120763
-0.0127343
-0.013251
3.36093e-06
0.00012026
0.000226008
0.000501588
-0.000434702
-0.000628599
0.000395605
-0.000162525
0.000583217
0.000808364
-0.00460421
-0.00472589
-0.00886597
-0.00938547
-0.0105769
-0.0109532
-0.0114891
-0.0120714
-0.0127432
-0.01322
2.02284e-06
0.000107751
0.000230793
0.000504585
-0.000448969
-0.000632939
0.000392426
-0.000221763
0.000562173
0.000651704
-0.00454337
-0.00484227
-0.0087463
-0.00940295
-0.0105187
-0.0109455
-0.011487
-0.0120625
-0.0127488
-0.0131869
5.25221e-07
9.46569e-05
0.000235694
0.000507631
-0.000463257
-0.000638163
0.000389859
-0.000282265
0.000538509
0.000493283
-0.00447893
-0.0049577
-0.00862417
-0.00941581
-0.0104626
-0.0109319
-0.0114881
-0.0120502
-0.0127502
-0.0131521
-1.02483e-06
8.10323e-05
0.000240622
0.000510763
-0.000477539
-0.000644276
0.000387885
-0.000345024
0.000512455
0.000333837
-0.00441188
-0.00507043
-0.00849998
-0.00942241
-0.0104091
-0.0109116
-0.0114921
-0.0120358
-0.0127465
-0.0131153
-2.51235e-06
6.69492e-05
0.000245498
0.000514066
-0.000491764
-0.000651231
0.000386461
-0.000410832
0.000484525
0.000173623
-0.00434349
-0.0051787
-0.00837488
-0.00942113
-0.0103581
-0.010884
-0.0114986
-0.0120205
-0.0127369
-0.013076
-3.83424e-06
5.2494e-05
0.000250266
0.000517657
-0.000505839
-0.000658962
0.00038571
-0.000480035
0.00045542
1.24718e-05
-0.00427511
-0.00528078
-0.008251
-0.0094104
-0.0103097
-0.0108489
-0.0115061
-0.0120052
-0.0127209
-0.0130336
-4.91685e-06
3.77524e-05
0.000254901
0.000521642
-0.000519642
-0.000667428
0.000385397
-0.000552445
0.000425835
-0.000149847
-0.00420807
-0.00537547
-0.00813111
-0.00938878
-0.010264
-0.0108065
-0.0115128
-0.0119903
-0.0126983
-0.0129875
-5.72581e-06
2.27915e-05
0.000259405
0.00052607
-0.000533053
-0.000676652
0.000384829
-0.000627481
0.000396287
-0.000313309
-0.00414343
-0.00546209
-0.00801814
-0.00935524
-0.010221
-0.0107576
-0.0115167
-0.0119762
-0.0126689
-0.0129368
-6.26501e-06
7.64471e-06
0.000263812
0.000530906
-0.000545983
-0.000686733
0.000384261
-0.000704444
0.000366996
-0.00047745
-0.00408194
-0.00554006
-0.00791475
-0.00930955
-0.0101808
-0.0107033
-0.0115159
-0.0119633
-0.0126328
-0.0128803
-6.56741e-06
-7.69432e-06
0.000268178
0.000536036
-0.000558399
-0.00069782
0.000383618
-0.000782779
0.00033786
-0.000641263
-0.00402448
-0.00560869
-0.00782257
-0.00925242
-0.0101437
-0.0106453
-0.0115092
-0.0119523
-0.0125908
-0.0128166
-6.6824e-06
-2.32646e-05
0.00027258
0.000541298
-0.00057031
-0.000710084
0.000382749
-0.000862194
0.000308428
-0.000803348
-0.00397224
-0.00566729
-0.00774224
-0.00918491
-0.0101098
-0.0105859
-0.0114953
-0.0119436
-0.0125444
-0.012745
-6.66286e-06
-3.91251e-05
0.000277095
0.000546506
-0.000581739
-0.000723682
0.000381472
-0.000942569
0.000277967
-0.000962186
-0.00392653
-0.00571528
-0.00767392
-0.00910796
-0.0100786
-0.0105284
-0.011473
-0.0119351
-0.0124952
-0.0126666
-6.55528e-06
-5.5343e-05
0.000281789
0.000551469
-0.000592698
-0.000738714
0.000379612
-0.00102384
0.000245639
-0.00111626
-0.00388878
-0.00575191
-0.0076177
-0.00902289
-0.010048
-0.0104762
-0.0114441
-0.0119247
-0.0124425
-0.0125823
-6.39284e-06
-7.19891e-05
0.000286716
0.000556004
-0.00060319
-0.00075522
0.000376994
-0.00110581
0.00021048
-0.00126392
-0.00386052
-0.00577648
-0.00757336
-0.0089325
-0.0100148
-0.0104289
-0.0114111
-0.0119138
-0.0123861
-0.0124904
-6.19287e-06
-8.91296e-05
0.000291894
0.000559942
-0.00061319
-0.000773219
0.000373358
-0.00118791
0.000171346
-0.00140364
-0.00384292
-0.00578901
-0.0075397
-0.00884017
-0.0099782
-0.0103859
-0.0113726
-0.0119016
-0.0123274
-0.0123912
-5.96348e-06
-0.000106818
0.000297311
0.000563121
-0.000622661
-0.000792639
0.000368218
-0.00126952
0.00012739
-0.00153449
-0.003837
-0.00578984
-0.00751556
-0.00874758
-0.0099377
-0.0103498
-0.0113286
-0.0118846
-0.0122655
-0.0122855
-5.70528e-06
-0.000125118
0.000302961
0.000565406
-0.000631638
-0.000813371
0.000361204
-0.00135022
7.76956e-05
-0.00165499
-0.00384443
-0.00577952
-0.00749928
-0.00865727
-0.00989144
-0.0103213
-0.0112795
-0.0118598
-0.0122016
-0.0121752
-5.39564e-06
-0.000144113
0.000308821
0.000566708
-0.000640087
-0.000835457
0.000352225
-0.00142885
2.06046e-05
-0.00176424
-0.00386557
-0.0057606
-0.00748777
-0.00857151
-0.00983947
-0.010301
-0.0112275
-0.0118209
-0.0121321
-0.0120654
-5.02018e-06
-0.000163838
0.000314801
0.000566934
-0.000647898
-0.000858686
0.000340621
-0.0015042
-4.40512e-05
-0.00186297
-0.00389792
-0.00573438
-0.00747898
-0.00849193
-0.00978159
-0.0102864
-0.0111784
-0.011772
-0.0120529
-0.0119512
-4.57616e-06
-0.000184333
0.000320822
0.000566064
-0.000655332
-0.000882388
0.000324494
-0.00157573
-0.000117488
-0.00194975
-0.00394504
-0.00570268
-0.00746931
-0.00842097
-0.00972043
-0.0102738
-0.011132
-0.0117191
-0.0119631
-0.0118307
-3.98475e-06
-0.00020568
0.000326883
0.000564204
-0.000662499
-0.000906382
0.00030414
-0.00164234
-0.000201524
-0.00202536
-0.00401771
-0.00566839
-0.00745849
-0.00835761
-0.00965639
-0.0102658
-0.0110868
-0.0116575
-0.0118618
-0.0117094
-3.30797e-06
-0.000227838
0.000332778
0.000561597
-0.000669969
-0.000930496
0.000278843
-0.00170402
-0.000294787
-0.00209275
-0.00407998
-0.0056338
-0.00744511
-0.00830382
-0.00958851
-0.010255
-0.011045
-0.0115931
-0.0117669
-0.0115806
-2.4981e-06
-0.000250876
0.00033833
0.000558261
-0.000677413
-0.00095411
0.000247199
-0.00176103
-0.000398016
-0.00215066
-0.00414955
-0.00560431
-0.00741827
-0.00826149
-0.00952564
-0.0102395
-0.0110004
-0.0115289
-0.01167
-0.011443
-1.29066e-06
-0.000274889
0.000343749
0.000554191
-0.000682146
-0.000976946
0.000234331
-0.00181224
-0.000508762
-0.00220161
-0.00421793
-0.00559811
-0.00738291
-0.00822583
-0.00946209
-0.0102211
-0.0109581
-0.0114628
-0.0115995
-0.0112973
-8.38358e-08
-0.000299498
0.000348314
0.000550314
-0.000692317
-0.000997912
0.000187846
-0.00185831
-0.000624281
-0.00224492
-0.00428597
-0.00558513
-0.00735161
-0.00819598
-0.00939406
-0.0102114
-0.0109269
-0.0113975
-0.0114897
-0.0111424
1.3508e-06
-0.000324957
0.000351715
0.000546848
-0.000706513
-0.00101709
0.000126679
-0.00190004
-0.000756283
-0.00228041
-0.00435882
-0.00556128
-0.00731372
-0.00818021
-0.00933742
-0.0101977
-0.0108933
-0.0113298
-0.0113462
-0.0109844
3.57668e-06
-0.000351669
0.000355396
0.0005432
-0.000710298
-0.00103602
8.10593e-05
-0.00193756
-0.000886468
-0.00232067
-0.00442072
-0.00556154
-0.00727637
-0.00816553
-0.00928685
-0.0101745
-0.0108563
-0.0112628
-0.0112689
-0.0108156
5.65717e-06
-0.000378498
0.000356816
0.000540974
-0.000726191
-0.00105145
2.10035e-05
-0.00197195
-0.0010221
-0.00235593
-0.00447863
-0.00557268
-0.00723986
-0.00816045
-0.00924298
-0.0101494
-0.0108218
-0.0111904
-0.0111415
-0.010642
8.09024e-06
-0.000405979
0.000355612
0.000540686
-0.000750705
-0.00106389
-5.37812e-05
-0.00200449
-0.00116605
-0.00238418
-0.00453978
-0.00557422
-0.00719774
-0.00817859
-0.00920769
-0.0101212
-0.0107789
-0.0111137
-0.0109706
-0.0104761
1.18197e-05
-0.000434937
0.000354966
0.000541008
-0.000759439
-0.0010797
-0.000111717
-0.00203799
-0.0013016
-0.00242612
-0.0045879
-0.00559653
-0.0071646
-0.00817129
-0.00917058
-0.0100847
-0.0107288
-0.0110463
-0.0109369
-0.010307
1.51001e-05
-0.000463205
0.000349707
0.00054415
-0.000782317
-0.00109221
-0.000181051
-0.00207149
-0.00143771
-0.00246277
-0.0046311
-0.00563124
-0.00712928
-0.00818642
-0.00914995
-0.0100464
-0.010684
-0.0109771
-0.0108215
-0.0101317
1.89946e-05
-0.000491942
0.000340673
0.000550507
-0.00081341
-0.00110269
-0.000260302
-0.00210478
-0.0015813
-0.0024838
-0.00467661
-0.00567584
-0.00710968
-0.00819824
-0.00913454
-0.0100047
-0.010652
-0.0109203
-0.0106215
-0.00995175
2.45295e-05
-0.000521917
0.000331491
0.000557997
-0.000830263
-0.00112241
-0.000319219
-0.00214237
-0.00171662
-0.00252166
-0.0047073
-0.00571576
-0.00708491
-0.00819814
-0.00911439
-0.00997267
-0.0106247
-0.0108935
-0.0106364
-0.00976339
2.91635e-05
-0.000550422
0.00031534
0.000569143
-0.000856755
-0.00114229
-0.000382424
-0.00218217
-0.00185151
-0.00256263
-0.00473099
-0.00577695
-0.00704721
-0.00818609
-0.00910613
-0.00995139
-0.0105911
-0.010862
-0.0105922
-0.0095708
3.52361e-05
-0.000579025
0.000294662
0.000583831
-0.000884799
-0.00116529
-0.000447552
-0.00221854
-0.00199461
-0.00260078
-0.00475562
-0.00583586
-0.00701637
-0.00817602
-0.00909574
-0.00992007
-0.0105588
-0.0108243
-0.0105074
-0.00938314
4.22831e-05
-0.000607636
0.000270803
0.000599924
-0.000905982
-0.00119644
-0.000505243
-0.00225172
-0.00214122
-0.00265105
-0.00477057
-0.00589238
-0.00700512
-0.00815109
-0.00907155
-0.0098943
-0.0105368
-0.0107697
-0.010399
-0.00918588
4.8498e-05
-0.000634519
0.00023989
0.000618355
-0.000926926
-0.00123338
-0.000564067
-0.00228284
-0.00229056
-0.00270956
-0.00477648
-0.00596034
-0.00699338
-0.00810475
-0.00905824
-0.00988287
-0.010501
-0.0106857
-0.0102558
-0.00898642
5.67101e-05
-0.000660821
0.000203352
0.000638465
-0.000941918
-0.0012788
-0.000621827
-0.00230765
-0.00244205
-0.00278186
-0.00477508
-0.00601788
-0.00698545
-0.00806941
-0.00904805
-0.00984773
-0.0104374
-0.0105919
-0.0101121
-0.00879071
6.44008e-05
-0.000685404
0.000161875
0.000657866
-0.000951182
-0.00133061
-0.000680338
-0.00232902
-0.0025948
-0.00286262
-0.00476253
-0.00607122
-0.00699888
-0.00803423
-0.00900647
-0.00979708
-0.0103838
-0.0105011
-0.00995414
-0.00859441
7.26174e-05
-0.000707853
0.000111832
0.000676153
-0.000952724
-0.00138826
-0.000747068
-0.00234603
-0.00274306
-0.00295244
-0.0047511
-0.00611982
-0.00701245
-0.00798419
-0.00895889
-0.00976469
-0.0103229
-0.0103866
-0.00979735
-0.00840425
8.19092e-05
-0.000728857
5.94094e-05
0.000692375
-0.000946682
-0.00145279
-0.000815825
-0.00235508
-0.00288756
-0.00305902
-0.00473119
-0.00614686
-0.00702719
-0.00794797
-0.00891944
-0.00971435
-0.010229
-0.010277
-0.00966263
-0.00820748
9.04847e-05
-0.000747086
-3.06444e-06
0.000703856
-0.000933497
-0.00151936
-0.000894045
-0.00236118
-0.00302635
-0.00317269
-0.00470784
-0.00616653
-0.00705634
-0.00791768
-0.00885492
-0.00963814
-0.0101457
-0.0101883
-0.00951818
-0.00799742
9.99779e-05
-0.0007624
-6.77965e-05
0.000710314
-0.000912129
-0.00158886
-0.000983401
-0.00236328
-0.00315126
-0.00329456
-0.00469412
-0.00617651
-0.00707927
-0.00788072
-0.008782
-0.00957232
-0.0100757
-0.010083
-0.00935765
-0.00778918
0.000109255
-0.000775068
-0.000134863
0.000710377
-0.000885253
-0.00165954
-0.00107136
-0.0023609
-0.0032644
-0.00342675
-0.00468722
-0.00616856
-0.00709514
-0.00785609
-0.00871967
-0.00950104
-0.00998406
-0.00995819
-0.00919851
-0.00759157
0.000118568
-0.00078399
-0.00020604
0.000701822
-0.000829003
-0.00172816
-0.00117857
-0.00235959
-0.00336316
-0.00356041
-0.0046864
-0.00615006
-0.00710944
-0.00783988
-0.00865439
-0.00941214
-0.00987598
-0.0098297
-0.00905386
-0.00740994
0.000127673
-0.000789318
-0.000279667
0.000683999
-0.000791964
-0.00179442
-0.00129372
-0.00235942
-0.00344425
-0.00369473
-0.00469671
-0.00612559
-0.00711601
-0.00782361
-0.00858905
-0.00931465
-0.00975947
-0.00970981
-0.00892096
-0.00722238
0.000136211
-0.000790417
-0.000354801
0.000655168
-0.000752791
-0.00185594
-0.00141539
-0.00236319
-0.00350852
-0.00382725
-0.00471954
-0.00609692
-0.00711196
-0.00780328
-0.00852411
-0.00921631
-0.00964769
-0.00958945
-0.00876989
-0.00702671
0.000143733
-0.000786917
-0.000431108
0.000614893
-0.000714353
-0.00191051
-0.00154446
-0.00237494
-0.00355591
-0.00395242
-0.0047528
-0.00606484
-0.00709573
-0.00777756
-0.00846386
-0.00912776
-0.0095354
-0.00945047
-0.00860823
-0.00683884
0.000150347
-0.000778889
-0.000506087
0.000561119
-0.00067814
-0.00195796
-0.00166861
-0.00239465
-0.00358701
-0.00406702
-0.00479384
-0.00603037
-0.00707247
-0.00775163
-0.00840689
-0.00904077
-0.00941525
-0.00930376
-0.00844562
-0.00665106
0.000156428
-0.000766307
-0.000578038
0.00049269
-0.000642916
-0.00199979
-0.00182033
-0.0024192
-0.00359895
-0.00416779
-0.00484077
-0.00599656
-0.00704441
-0.00772263
-0.00834421
-0.00894986
-0.00929659
-0.0091599
-0.00828043
-0.00645953
0.000160405
-0.000748448
-0.000646396
0.000410865
-0.000614503
-0.00204091
-0.0019618
-0.00245055
-0.0035963
-0.00425317
-0.00489203
-0.00596564
-0.00700939
-0.00768836
-0.00827454
-0.00885628
-0.00918369
-0.00902006
-0.00811483
-0.00626577
0.000162693
-0.000725793
-0.000710561
0.000314632
-0.000598091
-0.0020651
-0.00209671
-0.00249699
-0.00358864
-0.00432145
-0.00494496
-0.00593872
-0.00696821
-0.00765068
-0.00820199
-0.00875944
-0.00907349
-0.0088864
-0.00795256
-0.00606978
0.000163014
-0.000699118
-0.000770517
0.000204384
-0.000590883
-0.00207417
-0.00222449
-0.00255629
-0.00357982
-0.00437345
-0.00499741
-0.0059161
-0.00692241
-0.0076136
-0.00813288
-0.00865714
-0.0089595
-0.00875361
-0.00779076
-0.00587614
0.00016102
-0.000668881
-0.000826855
8.51085e-05
-0.000592455
-0.0020732
-0.00234443
-0.00262718
-0.00357269
-0.00441127
-0.00504711
-0.00589708
-0.00687246
-0.00757593
-0.00806724
-0.00854822
-0.0088354
-0.00861751
-0.00763602
-0.00569234
0.000156541
-0.0006368
-0.000877304
-4.10515e-05
-0.000605908
-0.00206355
-0.00245385
-0.00270734
-0.00356966
-0.0044356
-0.00509071
-0.00588146
-0.00681898
-0.00753398
-0.00800504
-0.00843686
-0.00870231
-0.00848079
-0.00748887
-0.00551463
0.000149399
-0.000603781
-0.000920358
-0.000172138
-0.000633269
-0.00204924
-0.00255109
-0.00279334
-0.00357138
-0.00444794
-0.00512795
-0.00586966
-0.00676234
-0.00748539
-0.00794673
-0.00833018
-0.00856586
-0.00833823
-0.00733733
-0.00533956
0.000139797
-0.000571547
-0.000955555
-0.000304822
-0.000675504
-0.00203231
-0.00263444
-0.00288147
-0.00357848
-0.00445143
-0.0051591
-0.00586092
-0.00670349
-0.00743046
-0.007892
-0.00823166
-0.00842661
-0.00818427
-0.00717861
-0.00516757
0.000127833
-0.000541173
-0.000982751
-0.000436414
-0.000732442
-0.00201586
-0.00270303
-0.00296932
-0.003593
-0.00444817
-0.0051828
-0.00585509
-0.00664429
-0.00736842
-0.00783702
-0.00814078
-0.00828791
-0.00802353
-0.00701352
-0.00499499
0.0001137
-0.000513493
-0.00100242
-0.000564636
-0.000802663
-0.00200263
-0.00275781
-0.00305567
-0.00361504
-0.00443948
-0.00519809
-0.00585142
-0.006585
-0.00729757
-0.00777886
-0.00805874
-0.00815655
-0.00786053
-0.0068405
-0.00481952
9.76241e-05
-0.000489255
-0.00101564
-0.000687433
-0.000884153
-0.00199544
-0.0028009
-0.00313792
-0.00364334
-0.00442686
-0.00520311
-0.00584856
-0.00652799
-0.0072199
-0.0077157
-0.00798368
-0.00803561
-0.0077002
-0.00666378
-0.00464187
7.97817e-05
-0.000468722
-0.00102336
-0.000803358
-0.000974643
-0.00199656
-0.00283415
-0.00321338
-0.00367712
-0.00441235
-0.0051965
-0.00584592
-0.00647756
-0.00713859
-0.00764473
-0.00791186
-0.00792729
-0.0075494
-0.00648908
-0.00446247
6.03969e-05
-0.00045218
-0.00102687
-0.000911265
-0.0010719
-0.00200709
-0.00285893
-0.00328058
-0.0037153
-0.00439825
-0.0051792
-0.00584196
-0.0064365
-0.00705797
-0.0075656
-0.00783884
-0.0078294
-0.00741023
-0.00631997
-0.0042832
3.97251e-05
-0.000439705
-0.00102762
-0.00101062
-0.00117331
-0.00202701
-0.00287771
-0.00333909
-0.00375632
-0.00438733
-0.00515357
-0.00583329
-0.00640407
-0.0069815
-0.0074792
-0.00775994
-0.00773708
-0.00728312
-0.00616097
-0.00410907
1.80427e-05
-0.000431476
-0.0010267
-0.00110089
-0.00127635
-0.00205614
-0.00289318
-0.00338874
-0.00379829
-0.00438191
-0.00512202
-0.00581563
-0.00637623
-0.00691167
-0.00738962
-0.00767525
-0.00764869
-0.00716948
-0.00601667
-0.00394476
-4.61472e-06
-0.000427529
-0.00102528
-0.00118208
-0.00137868
-0.00209413
-0.00290768
-0.0034296
-0.00383934
-0.00438205
-0.00508696
-0.00578754
-0.00635005
-0.00685185
-0.00730324
-0.00758698
-0.00756164
-0.00706668
-0.00588762
-0.00379189
-2.76883e-05
-0.000427674
-0.00102423
-0.00125476
-0.00147843
-0.0021395
-0.0029232
-0.00346254
-0.0038775
-0.00438719
-0.00505213
-0.00575127
-0.00632325
-0.00680251
-0.00722413
-0.0074977
-0.00747248
-0.00696882
-0.00576944
-0.00364989
-5.12639e-05
-0.000431572
-0.00102454
-0.00131969
-0.00157408
-0.00219069
-0.00294112
-0.00348889
-0.00391139
-0.00439715
-0.00502103
-0.00570922
-0.00629265
-0.00676083
-0.00715443
-0.00741096
-0.00738146
-0.00687259
-0.0056587
-0.00351859
-7.52407e-05
-0.000438908
-0.00102664
-0.0013778
-0.00166468
-0.00224575
-0.00296209
-0.0035108
-0.00394063
-0.00441097
-0.00499519
-0.00566394
-0.00625645
-0.00672343
-0.00709468
-0.00733049
-0.00729212
-0.00677863
-0.00555474
-0.00339752
-9.95691e-05
-0.000449341
-0.00103084
-0.00142996
-0.00174977
-0.00230283
-0.00298637
-0.00353057
-0.00396456
-0.00442693
-0.00497567
-0.00561851
-0.00621528
-0.00668791
-0.00704455
-0.00725894
-0.00720761
-0.00668768
-0.0054566
-0.00328599
-0.000124243
-0.000462442
-0.00103732
-0.00147722
-0.0018288
-0.00236052
-0.00301405
-0.00355
-0.00398346
-0.00444349
-0.00496304
-0.00557573
-0.00617077
-0.00665248
-0.00700338
-0.00719827
-0.00713021
-0.00660051
-0.00536275
-0.00318281
-0.00014921
-0.000477843
-0.00104608
-0.00152035
-0.00190209
-0.00241776
-0.00304388
-0.00357015
-0.00399853
-0.00445951
-0.00495789
-0.00553835
-0.00612538
-0.00661564
-0.006969
-0.00714997
-0.00706423
-0.00652095
-0.00527424
-0.00308673
-0.000174478
-0.000495248
-0.00105705
-0.00156004
-0.00196975
-0.00247376
-0.00307479
-0.00359235
-0.00401153
-0.00447266
-0.0049602
-0.00550913
-0.00608191
-0.00657707
-0.00693822
-0.0071132
-0.00701287
-0.0064545
-0.00519621
-0.00299993
-0.000199999
-0.000514444
-0.00107006
-0.00159704
-0.0020321
-0.00252762
-0.0031058
-0.00361719
-0.00402574
-0.00448219
-0.00496768
-0.00548985
-0.00604392
-0.00653848
-0.00690873
-0.00708449
-0.00697502
-0.00640381
-0.00513334
-0.00292683
-0.000225781
-0.000534998
-0.00108489
-0.00163163
-0.00208955
-0.00258003
-0.00313624
-0.0036428
-0.00404349
-0.00448914
-0.0049776
-0.00548166
-0.00601613
-0.00650485
-0.00688103
-0.00706089
-0.00694671
-0.00636623
-0.0050852
-0.0028693
-0.000251897
-0.00055667
-0.00110104
-0.00166408
-0.00214233
-0.00263086
-0.00316693
-0.00366814
-0.00406612
-0.0044958
-0.00498671
-0.00548266
-0.00600005
-0.00648131
-0.0068605
-0.00704594
-0.00692912
-0.00634099
-0.00505015
-0.00282561
-0.000278514
-0.000579323
-0.00111806
-0.00169435
-0.00219046
-0.00267921
-0.00319815
-0.00369277
-0.00409398
-0.00450733
-0.00499489
-0.00548854
-0.00599333
-0.00646857
-0.00684987
-0.00704331
-0.0069277
-0.00633387
-0.00503266
-0.00279693
-0.00030545
-0.000602844
-0.001136
-0.00172326
-0.00223495
-0.00272517
-0.00323027
-0.00371477
-0.00412269
-0.00452591
-0.00500538
-0.00549896
-0.00599501
-0.00646526
-0.00684761
-0.00705059
-0.00694272
-0.00634896
-0.00503991
-0.00279177
-0.000332908
-0.000626314
-0.00115376
-0.00174974
-0.00227621
-0.00277031
-0.00326646
-0.00373841
-0.0041507
-0.00455026
-0.00501973
-0.00551413
-0.00600629
-0.00647302
-0.0068553
-0.00706547
-0.00696755
-0.00638078
-0.00507192
-0.00281592
-0.000361072
-0.000650599
-0.00117162
-0.0017721
-0.00231175
-0.00281085
-0.00330348
-0.00376609
-0.00418052
-0.00457972
-0.0050384
-0.00553342
-0.00602655
-0.00649484
-0.00687936
-0.00709485
-0.00700397
-0.00642388
-0.00512072
-0.00286745
-0.000389151
-0.000675889
-0.00119153
-0.00179158
-0.00234361
-0.00284844
-0.00333832
-0.00379403
-0.00420897
-0.00461107
-0.00505997
-0.00555369
-0.00604956
-0.00652229
-0.00691577
-0.00714185
-0.00706008
-0.00648496
-0.00518697
-0.00294208
-0.000422381
-0.000701813
-0.00121282
-0.00181526
-0.00237871
-0.00289291
-0.00337921
-0.00382876
-0.00424141
-0.00464715
-0.00509037
-0.0055803
-0.00608099
-0.00655853
-0.00696551
-0.00720791
-0.00714331
-0.0065812
-0.00528709
-0.00303761
-0.000441456
-0.000700901
-0.00119961
-0.00181939
-0.00241502
-0.00294047
-0.00342288
-0.00386475
-0.00427295
-0.00467945
-0.00512285
-0.00561217
-0.00612071
-0.00660819
-0.00703258
-0.00729682
-0.00726135
-0.00672914
-0.0054522
-0.0032
-0.000544941
-0.000771934
-0.00118673
-0.00179016
-0.00244441
-0.00299201
-0.00347408
-0.003905
-0.00429505
-0.00468853
-0.00512532
-0.00562153
-0.00614048
-0.00664657
-0.00709027
-0.00738566
-0.00739402
-0.00691725
-0.00570095
-0.00350094
-0.000466997
-0.000724986
-0.00123567
-0.00185809
-0.0024826
-0.00304267
-0.00354284
-0.0039765
-0.00435002
-0.00470237
-0.00511756
-0.0056026
-0.00611646
-0.00661829
-0.00705137
-0.00734457
-0.00738017
-0.00695851
-0.00583395
-0.00376842
-0.000596828
-0.000780576
-0.00126928
-0.00181051
-0.00240516
-0.00303286
-0.00360485
-0.00406118
-0.00446735
-0.0048114
-0.00523684
-0.00572782
-0.00626235
-0.0067564
-0.00714814
-0.00735576
-0.00728274
-0.00676306
-0.00557192
-0.00346277
-0.000475455
-0.00083247
-0.00129643
-0.00189547
-0.00255644
-0.00310461
-0.00354687
-0.00388386
-0.00421122
-0.00457376
-0.00501863
-0.00552454
-0.00608356
-0.00670155
-0.00737414
-0.00800448
-0.00841119
-0.00834034
-0.00750674
-0.00566417
-0.000290193
-0.000925053
-0.00148997
-0.00212857
-0.00266455
-0.00327575
-0.00382335
-0.00420067
-0.00451931
-0.0049516
-0.00543601
-0.00589715
-0.0061261
-0.00598641
-0.00542121
-0.004536
-0.00353033
-0.00271877
-0.00247182
-0.00311984
-0.000308191
-0.000926297
-0.0015303
-0.00208103
-0.00250107
-0.00283973
-0.00313816
-0.00348496
-0.00393427
-0.00448742
-0.00511934
-0.00585255
-0.00669055
-0.00761987
-0.00857608
-0.00945591
-0.0100956
-0.0102637
-0.00967434
-0.00807508
-0.000178106
-0.000973793
-0.00158448
-0.00216916
-0.00258708
-0.00309482
-0.0036735
-0.00429184
-0.00478212
-0.00507894
-0.00541375
-0.00587899
-0.00630415
-0.00651507
-0.00637786
-0.00588778
-0.00517657
-0.00454678
-0.00439707
-0.00509382
-0.000184553
-0.000998713
-0.0016365
-0.00215161
-0.00238686
-0.0025479
-0.00271585
-0.00297778
-0.00346594
-0.00426418
-0.00531148
-0.00659479
-0.00810116
-0.00970528
-0.0112029
-0.0124206
-0.0131939
-0.0133281
-0.0125904
-0.0107776
-0.0156413
-0.0168956
-0.0169381
-0.0142242
-0.0111575
-0.00820215
-0.00562549
-0.00371396
-0.00208276
-0.000262855
0.00149132
0.00270902
0.00371403
0.00517844
0.00696995
0.00865741
0.0102462
0.0118303
0.0134402
0.0150919
0.016777
0.0185167
0.0203381
0.0222208
0.0241683
0.0261818
0.0282775
0.0304485
0.0327233
0.0350631
0.0374463
0.0399114
0.0424852
0.0451862
0.0479667
0.0508398
0.0537746
0.0568536
0.0600022
0.0632992
0.0666725
0.0701826
0.0738093
0.0775113
0.0814413
0.0853525
0.0896039
0.0938162
0.0980151
0.102912
-0.0154146
-0.0168181
-0.0168953
-0.0142087
-0.0111496
-0.0081969
-0.00562121
-0.00371019
-0.00207958
-0.00026017
0.00149375
0.00271118
0.00371577
0.00517986
0.00697122
0.00865856
0.0102472
0.0118312
0.013441
0.0150926
0.0167775
0.0185172
0.0203385
0.0222212
0.0241687
0.0261821
0.0282779
0.0304488
0.0327235
0.0350634
0.0374466
0.0399117
0.0424854
0.0451864
0.0479668
0.0508399
0.0537747
0.0568537
0.0600023
0.0632993
0.0666727
0.0701827
0.0738094
0.0775114
0.0814414
0.0853526
0.0896039
0.0938162
0.0980151
0.102912
-0.0153041
-0.0167207
-0.0168245
-0.0141862
-0.01114
-0.00819099
-0.00561695
-0.00370674
-0.00207672
-0.000257666
0.00149608
0.00271317
0.00371726
0.00518108
0.0069724
0.00865963
0.0102482
0.011832
0.0134417
0.0150932
0.0167781
0.0185177
0.0203389
0.0222216
0.024169
0.0261825
0.0282782
0.0304491
0.0327238
0.0350636
0.0374468
0.0399119
0.0424856
0.0451866
0.047967
0.0508401
0.0537749
0.0568539
0.0600024
0.0632994
0.0666728
0.0701828
0.0738095
0.0775114
0.0814415
0.0853527
0.089604
0.0938163
0.0980152
0.102912
-0.0152256
-0.0165912
-0.0167153
-0.0141497
-0.0111253
-0.00818275
-0.00561196
-0.0037032
-0.00207378
-0.000255015
0.00149858
0.00271526
0.00371876
0.00518233
0.00697365
0.00866076
0.0102491
0.0118328
0.0134424
0.0150938
0.0167786
0.0185181
0.0203394
0.022222
0.0241694
0.0261828
0.0282785
0.0304493
0.032724
0.0350639
0.037447
0.0399121
0.0424858
0.0451867
0.0479671
0.0508402
0.053775
0.056854
0.0600025
0.0632995
0.0666729
0.0701829
0.0738096
0.0775115
0.0814416
0.0853528
0.0896041
0.0938164
0.0980153
0.102912
-0.0151324
-0.0164297
-0.0165731
-0.0140986
-0.0111043
-0.00817092
-0.00560556
-0.00369925
-0.00207054
-0.000252076
0.00150129
0.00271758
0.0037205
0.00518383
0.00697513
0.00866206
0.0102502
0.0118338
0.0134432
0.0150945
0.0167792
0.0185187
0.0203398
0.0222224
0.0241698
0.0261831
0.0282788
0.0304496
0.0327243
0.0350641
0.0374472
0.0399123
0.042486
0.0451869
0.0479673
0.0508404
0.0537751
0.0568541
0.0600027
0.0632996
0.066673
0.070183
0.0738097
0.0775116
0.0814417
0.0853528
0.0896042
0.0938165
0.0980154
0.102912
-0.0150233
-0.0162497
-0.0164122
-0.0140378
-0.0110782
-0.00815549
-0.00559744
-0.00369468
-0.00206689
-0.000248907
0.00150407
0.00272004
0.00372258
0.00518576
0.00697695
0.00866358
0.0102514
0.0118349
0.0134442
0.0150954
0.0167799
0.0185193
0.0203403
0.0222229
0.0241702
0.0261835
0.0282791
0.0304499
0.0327246
0.0350644
0.0374475
0.0399125
0.0424862
0.0451871
0.0479675
0.0508405
0.0537753
0.0568543
0.0600028
0.0632997
0.0666731
0.0701831
0.0738098
0.0775117
0.0814417
0.0853529
0.0896042
0.0938166
0.0980156
0.102912
-0.0149084
-0.0160612
-0.0162408
-0.0139712
-0.0110489
-0.00813725
-0.00558764
-0.00368932
-0.00206277
-0.000245588
0.00150668
0.00272243
0.00372499
0.00518825
0.00697928
0.00866543
0.0102529
0.0118361
0.0134454
0.0150964
0.0167808
0.01852
0.020341
0.0222234
0.0241706
0.0261839
0.0282795
0.0304503
0.0327249
0.0350647
0.0374477
0.0399127
0.0424864
0.0451873
0.0479677
0.0508407
0.0537754
0.0568544
0.0600029
0.0632999
0.0666732
0.0701832
0.0738099
0.0775118
0.0814418
0.085353
0.0896043
0.0938166
0.0980158
0.102913
-0.014792
-0.0158664
-0.0160614
-0.0139008
-0.0110179
-0.00811706
-0.00557637
-0.00368316
-0.00205812
-0.000242156
0.00150892
0.00272447
0.00372753
0.00519134
0.00698226
0.00866776
0.0102547
0.0118376
0.0134467
0.0150976
0.0167818
0.0185209
0.0203417
0.0222241
0.0241712
0.0261844
0.0282799
0.0304506
0.0327252
0.035065
0.037448
0.039913
0.0424866
0.0451875
0.0479679
0.0508409
0.0537756
0.0568546
0.0600031
0.0633
0.0666733
0.0701834
0.07381
0.0775119
0.0814419
0.0853531
0.0896044
0.0938168
0.0980161
0.102913
-0.0146737
-0.0156651
-0.0158746
-0.0138271
-0.0109858
-0.00809555
-0.00556391
-0.00367628
-0.00205304
-0.000238645
0.00151072
0.00272592
0.00372992
0.00519489
0.00698599
0.00867071
0.0102568
0.0118393
0.0134482
0.015099
0.016783
0.0185219
0.0203426
0.0222248
0.0241718
0.0261849
0.0282804
0.0304511
0.0327256
0.0350654
0.0374484
0.0399133
0.0424869
0.0451878
0.0479681
0.0508411
0.0537758
0.0568547
0.0600032
0.0633001
0.0666735
0.0701835
0.0738101
0.077512
0.081442
0.0853532
0.0896045
0.0938169
0.0980164
0.102913
-0.0145522
-0.0154576
-0.0156807
-0.0137502
-0.010953
-0.00807302
-0.0055504
-0.0036688
-0.00204765
-0.000235112
0.00151209
0.00272667
0.00373183
0.00519862
0.00699036
0.00867437
0.0102595
0.0118413
0.0134499
0.0151005
0.0167844
0.0185231
0.0203437
0.0222258
0.0241727
0.0261856
0.0282809
0.0304516
0.0327261
0.0350658
0.0374487
0.0399136
0.0424872
0.045188
0.0479684
0.0508413
0.053776
0.0568549
0.0600034
0.0633003
0.0666736
0.0701836
0.0738102
0.0775121
0.0814422
0.0853533
0.0896046
0.093817
0.0980168
0.102914
-0.0144277
-0.0152446
-0.0154796
-0.0136698
-0.0109195
-0.00804964
-0.00553593
-0.00366078
-0.00204207
-0.00023164
0.00151304
0.00272671
0.00373312
0.00520223
0.00699519
0.00867869
0.0102627
0.0118436
0.0134517
0.0151021
0.0167859
0.0185245
0.020345
0.0222269
0.0241737
0.0261864
0.0282816
0.0304521
0.0327266
0.0350663
0.0374492
0.0399139
0.0424875
0.0451883
0.0479687
0.0508416
0.0537762
0.0568551
0.0600036
0.0633005
0.0666738
0.0701838
0.0738104
0.0775122
0.0814423
0.0853534
0.0896047
0.0938172
0.0980173
0.102915
-0.0143007
-0.0150266
-0.015271
-0.0135856
-0.0108853
-0.00802547
-0.00552049
-0.00365222
-0.00203635
-0.000228309
0.00151353
0.00272609
0.00373378
0.00520554
0.0070002
0.0086835
0.0102664
0.0118462
0.0134536
0.0151037
0.0167874
0.018526
0.0203463
0.0222282
0.0241748
0.0261874
0.0282824
0.0304528
0.0327272
0.0350669
0.0374497
0.0399144
0.0424879
0.0451887
0.047969
0.0508419
0.0537765
0.0568554
0.0600038
0.0633007
0.066674
0.0701839
0.0738105
0.0775124
0.0814424
0.0853536
0.0896048
0.0938173
0.0980179
0.102916
-0.0141714
-0.0148038
-0.0150546
-0.0134971
-0.0108506
-0.00800059
-0.00550406
-0.0036431
-0.00203051
-0.00022517
0.00151352
0.00272483
0.00373391
0.0052085
0.0070052
0.00868858
0.0102705
0.0118491
0.0134556
0.0151053
0.0167889
0.0185275
0.0203478
0.0222297
0.0241762
0.0261886
0.0282834
0.0304535
0.0327278
0.0350675
0.0374503
0.0399149
0.0424883
0.045189
0.0479693
0.0508422
0.0537768
0.0568556
0.060004
0.0633009
0.0666742
0.0701841
0.0738107
0.0775125
0.0814426
0.0853537
0.0896049
0.0938175
0.0980186
0.102917
-0.0140399
-0.0145767
-0.0148304
-0.0134041
-0.0108154
-0.00797506
-0.00548658
-0.00363337
-0.00202454
-0.000222258
0.00151297
0.00272301
0.00373372
0.00521119
0.00701005
0.00869369
0.0102748
0.0118522
0.0134576
0.0151069
0.0167904
0.0185291
0.0203494
0.0222312
0.0241777
0.02619
0.0282846
0.0304544
0.0327285
0.0350682
0.037451
0.0399155
0.0424887
0.0451894
0.0479697
0.0508425
0.0537771
0.0568559
0.0600043
0.0633011
0.0666744
0.0701843
0.0738109
0.0775127
0.0814427
0.0853539
0.0896051
0.0938177
0.0980195
0.102918
-0.0139061
-0.0143458
-0.0145986
-0.013306
-0.0107795
-0.00794894
-0.00546804
-0.00362298
-0.00201843
-0.000219607
0.00151188
0.00272078
0.00373349
0.00521382
0.00701472
0.00869868
0.0102791
0.0118554
0.0134598
0.0151085
0.0167919
0.0185306
0.020351
0.0222328
0.0241792
0.0261915
0.028286
0.0304555
0.0327292
0.0350688
0.0374518
0.0399163
0.0424893
0.0451898
0.0479701
0.0508429
0.0537774
0.0568562
0.0600046
0.0633014
0.0666746
0.0701846
0.0738111
0.0775129
0.0814429
0.0853541
0.0896052
0.0938179
0.0980205
0.102919
-0.0137704
-0.014112
-0.0143595
-0.0132025
-0.0107429
-0.00792231
-0.00544838
-0.00361186
-0.00201212
-0.000217298
0.00151029
0.00271833
0.00373366
0.00521667
0.00701924
0.00870343
0.0102832
0.0118585
0.0134619
0.0151101
0.0167935
0.0185322
0.0203526
0.0222344
0.0241809
0.0261932
0.0282875
0.0304567
0.03273
0.0350695
0.0374526
0.0399172
0.04249
0.0451902
0.0479705
0.0508433
0.0537778
0.0568565
0.0600049
0.0633016
0.0666749
0.0701848
0.0738114
0.0775132
0.0814431
0.0853543
0.0896054
0.0938182
0.0980216
0.102921
-0.013633
-0.0138763
-0.0141135
-0.013093
-0.0107056
-0.00789531
-0.00542759
-0.00359991
-0.00200555
-0.000215135
0.00150825
0.00271606
0.00373477
0.00522013
0.00702369
0.0087079
0.0102871
0.0118616
0.013464
0.0151118
0.0167951
0.0185339
0.0203543
0.0222361
0.0241826
0.0261948
0.0282891
0.030458
0.0327308
0.0350701
0.0374534
0.0399182
0.0424908
0.0451907
0.0479709
0.0508437
0.0537782
0.0568569
0.0600052
0.0633019
0.0666751
0.0701851
0.0738116
0.0775134
0.0814433
0.0853545
0.0896056
0.0938184
0.0980229
0.102923
-0.0134942
-0.0136395
-0.013861
-0.0129768
-0.0106675
-0.00786804
-0.00540566
-0.00358705
-0.00199863
-0.000213086
0.00150597
0.00271441
0.00373744
0.00522466
0.00702822
0.00871208
0.0102907
0.0118646
0.0134661
0.0151135
0.0167969
0.0185357
0.0203561
0.0222378
0.0241843
0.0261965
0.0282908
0.0304595
0.0327317
0.0350708
0.0374543
0.0399192
0.0424917
0.0451912
0.0479712
0.0508441
0.0537786
0.0568572
0.0600055
0.0633022
0.0666754
0.0701854
0.0738119
0.0775137
0.0814436
0.0853548
0.0896058
0.0938187
0.0980244
0.102925
-0.0133538
-0.0134025
-0.0136024
-0.0128534
-0.0106284
-0.00784067
-0.00538259
-0.0035732
-0.00199127
-0.000211025
0.00150367
0.00271384
0.00374231
0.00523073
0.00703295
0.00871598
0.0102941
0.0118674
0.0134682
0.0151154
0.0167989
0.0185377
0.020358
0.0222396
0.024186
0.0261982
0.0282925
0.030461
0.0327326
0.0350714
0.0374551
0.0399203
0.0424927
0.0451918
0.0479716
0.0508444
0.053779
0.0568576
0.0600058
0.0633025
0.0666757
0.0701856
0.0738122
0.0775141
0.0814439
0.0853551
0.0896061
0.093819
0.0980261
0.102928
-0.0132117
-0.0131658
-0.0133376
-0.0127217
-0.0105881
-0.00781335
-0.00535845
-0.00355831
-0.00198335
-0.000208789
0.00150161
0.00271473
0.00374987
0.00523875
0.00703803
0.00871963
0.0102972
0.0118701
0.0134703
0.0151174
0.0168011
0.0185398
0.02036
0.0222415
0.0241879
0.0262
0.0282942
0.0304625
0.0327336
0.035072
0.0374559
0.0399214
0.0424938
0.0451924
0.0479719
0.0508448
0.0537794
0.0568581
0.0600062
0.0633028
0.066676
0.0701859
0.0738126
0.0775145
0.0814443
0.0853554
0.0896063
0.0938193
0.0980279
0.10293
-0.013067
-0.0129297
-0.0130667
-0.012581
-0.0105463
-0.00778627
-0.0053333
-0.00354232
-0.00197476
-0.000206201
0.0015
0.00271729
0.00376034
0.00524897
0.00704358
0.00872305
0.0103002
0.0118727
0.0134724
0.0151196
0.0168035
0.0185421
0.0203622
0.0222435
0.0241897
0.0262019
0.028296
0.0304641
0.0327347
0.0350726
0.0374567
0.0399225
0.0424949
0.045193
0.0479723
0.0508451
0.0537799
0.0568585
0.0600066
0.0633031
0.0666763
0.0701862
0.0738129
0.0775149
0.0814447
0.0853558
0.0896067
0.0938197
0.0980298
0.102933
-0.0129193
-0.0126945
-0.0127898
-0.0124304
-0.0105026
-0.0077596
-0.00530724
-0.00352517
-0.00196538
-0.000203083
0.00149896
0.00272153
0.00377366
0.00526141
0.00704968
0.0087263
0.0103031
0.0118754
0.0134747
0.0151219
0.0168061
0.0185446
0.0203645
0.0222455
0.0241917
0.0262038
0.0282978
0.0304657
0.0327357
0.0350732
0.0374576
0.0399237
0.042496
0.0451937
0.0479726
0.0508455
0.0537804
0.056859
0.060007
0.0633035
0.0666766
0.0701865
0.0738133
0.0775153
0.0814452
0.0853562
0.089607
0.0938201
0.0980318
0.102936
-0.0127684
-0.0124606
-0.012507
-0.012269
-0.0104566
-0.0077335
-0.00528037
-0.00350682
-0.00195514
-0.000199312
0.00149859
0.00272729
0.00378948
0.00527592
0.00705636
0.00872944
0.0103059
0.011878
0.0134771
0.0151243
0.0168088
0.0185471
0.0203669
0.0222476
0.0241936
0.0262058
0.0282997
0.0304674
0.0327368
0.0350739
0.0374585
0.0399248
0.0424972
0.0451944
0.047973
0.0508458
0.0537808
0.0568595
0.0600074
0.0633038
0.066677
0.0701868
0.0738136
0.0775157
0.0814456
0.0853567
0.0896074
0.0938205
0.098034
0.102939
-0.0126135
-0.0122284
-0.0122188
-0.0120961
-0.0104075
-0.00770808
-0.00525289
-0.00348722
-0.00194398
-0.000194834
0.00149893
0.00273434
0.00380731
0.00529214
0.00706361
0.00873256
0.0103086
0.0118808
0.0134796
0.0151269
0.0168116
0.0185498
0.0203695
0.0222498
0.0241957
0.0262079
0.0283016
0.0304691
0.0327379
0.0350747
0.0374595
0.039926
0.0424984
0.0451952
0.0479734
0.0508462
0.0537814
0.05686
0.0600079
0.0633042
0.0666773
0.0701871
0.073814
0.0775162
0.0814461
0.0853571
0.0896078
0.0938209
0.0980363
0.102943
-0.0124538
-0.0119981
-0.0119258
-0.0119111
-0.0103548
-0.00768346
-0.00522498
-0.00346633
-0.00193187
-0.000189614
0.00149999
0.0027424
0.00382661
0.00530972
0.00707141
0.00873574
0.0103115
0.0118837
0.0134823
0.0151297
0.0168144
0.0185526
0.0203721
0.0222521
0.0241978
0.02621
0.0283036
0.0304708
0.0327391
0.0350755
0.0374605
0.0399273
0.0424997
0.045196
0.0479738
0.0508466
0.0537819
0.0568605
0.0600083
0.0633046
0.0666777
0.0701875
0.0738143
0.0775166
0.0814467
0.0853576
0.0896082
0.0938213
0.0980387
0.102946
-0.0122892
-0.0117701
-0.0116289
-0.0117134
-0.0102975
-0.00765963
-0.00519683
-0.00344412
-0.00191875
-0.000183639
0.00150174
0.00275126
0.00384692
0.00532827
0.00707971
0.00873907
0.0103144
0.0118867
0.0134851
0.0151325
0.0168174
0.0185555
0.0203749
0.0222545
0.0242
0.0262123
0.0283057
0.0304727
0.0327404
0.0350764
0.0374616
0.0399287
0.042501
0.0451968
0.0479742
0.0508471
0.0537825
0.0568611
0.0600088
0.063305
0.0666781
0.0701878
0.0738147
0.0775171
0.0814472
0.0853581
0.0896086
0.0938218
0.0980411
0.10295
-0.0121187
-0.0115439
-0.0113289
-0.0115029
-0.0102347
-0.00763659
-0.00516873
-0.00342061
-0.00190455
-0.00017691
0.00150419
0.00276079
0.00386792
0.00534755
0.0070885
0.00874264
0.0103175
0.0118898
0.013488
0.0151354
0.0168204
0.0185584
0.0203778
0.022257
0.0242022
0.0262146
0.0283079
0.0304746
0.0327417
0.0350774
0.0374628
0.0399301
0.0425024
0.0451978
0.0479747
0.0508476
0.053783
0.0568616
0.0600093
0.0633054
0.0666784
0.0701882
0.0738152
0.0775176
0.0814478
0.0853586
0.0896091
0.0938223
0.0980437
0.102953
-0.0119438
-0.0113194
-0.0110265
-0.0112795
-0.0101652
-0.00761423
-0.00514103
-0.00339585
-0.0018892
-0.000169405
0.00150732
0.00277091
0.00388943
0.00536739
0.00709777
0.00874651
0.0103208
0.0118931
0.013491
0.0151384
0.0168234
0.0185615
0.0203808
0.0222597
0.0242046
0.026217
0.0283102
0.0304767
0.0327431
0.0350785
0.037464
0.0399316
0.0425038
0.0451987
0.0479752
0.0508481
0.0537837
0.0568622
0.0600098
0.0633058
0.0666788
0.0701886
0.0738156
0.0775181
0.0814484
0.0853592
0.0896096
0.0938229
0.0980463
0.102957
-0.0117642
-0.0110969
-0.0107235
-0.0110436
-0.0100874
-0.0075921
-0.00511395
-0.00336988
-0.00187261
-0.000161051
0.00151118
0.00278165
0.00391139
0.00538771
0.00710754
0.00875076
0.0103243
0.0118966
0.0134942
0.0151416
0.0168266
0.0185647
0.0203839
0.0222624
0.024207
0.0262196
0.0283126
0.0304788
0.0327446
0.0350796
0.0374653
0.0399332
0.0425053
0.0451998
0.0479758
0.0508487
0.0537843
0.0568628
0.0600103
0.0633063
0.0666793
0.0701889
0.073816
0.0775187
0.081449
0.0853597
0.0896101
0.0938234
0.098049
0.102961
-0.0115772
-0.010875
-0.0104211
-0.0107958
-0.0100001
-0.00756997
-0.00508793
-0.00334293
-0.00185475
-0.000151799
0.00151584
0.00279304
0.00393381
0.0054085
0.00711782
0.00875542
0.0103281
0.0119002
0.0134976
0.0151448
0.0168299
0.018568
0.0203871
0.0222652
0.0242096
0.0262222
0.028315
0.030481
0.0327462
0.0350808
0.0374666
0.0399349
0.0425069
0.0452009
0.0479764
0.0508492
0.053785
0.0568635
0.0600109
0.0633067
0.0666797
0.0701894
0.0738165
0.0775193
0.0814496
0.0853603
0.0896107
0.093824
0.0980517
0.102966
-0.0113836
-0.0106527
-0.0101207
-0.0105371
-0.00990195
-0.00754717
-0.0050632
-0.00331514
-0.00183556
-0.000141601
0.0015213
0.00280512
0.00395674
0.00542979
0.00712865
0.00876054
0.0103322
0.011904
0.0135011
0.0151482
0.0168333
0.0185714
0.0203905
0.0222681
0.0242122
0.0262249
0.0283176
0.0304833
0.0327479
0.035082
0.037468
0.0399366
0.0425086
0.045202
0.047977
0.0508499
0.0537857
0.0568641
0.0600115
0.0633072
0.0666802
0.0701898
0.073817
0.0775199
0.0814503
0.0853609
0.0896112
0.0938246
0.0980545
0.10297
-0.011181
-0.0104286
-0.00982391
-0.0102692
-0.00979166
-0.00752284
-0.00503987
-0.00328663
-0.00181486
-0.000130238
0.00152769
0.0028179
0.00398018
0.00545159
0.00714006
0.00876614
0.0103366
0.011908
0.0135047
0.0151518
0.0168369
0.018575
0.020394
0.0222712
0.024215
0.0262277
0.0283202
0.0304856
0.0327497
0.0350832
0.0374694
0.0399384
0.0425103
0.0452032
0.0479777
0.0508505
0.0537865
0.0568648
0.060012
0.0633077
0.0666807
0.0701902
0.0738175
0.0775206
0.081451
0.0853616
0.0896118
0.0938252
0.0980574
0.102974
-0.0109679
-0.0102017
-0.00953071
-0.00999185
-0.00966769
-0.00749666
-0.00501866
-0.0032581
-0.00179293
-0.000117706
0.00153514
0.00283151
0.00400419
0.00547392
0.00715205
0.00877224
0.0103414
0.0119123
0.0135086
0.0151556
0.0168406
0.0185787
0.0203976
0.0222743
0.0242179
0.0262307
0.028323
0.0304881
0.0327515
0.0350845
0.037471
0.0399403
0.0425121
0.0452045
0.0479784
0.0508512
0.0537873
0.0568656
0.0600126
0.0633083
0.0666812
0.0701907
0.073818
0.0775212
0.0814517
0.0853622
0.0896124
0.0938259
0.0980604
0.102979
-0.0107445
-0.00997168
-0.00924394
-0.00970693
-0.0095284
-0.0074665
-0.00499873
-0.00322935
-0.00176959
-0.000103845
0.00154367
0.002846
0.00402887
0.00549683
0.00716463
0.00877883
0.0103465
0.0119167
0.0135127
0.0151597
0.0168445
0.0185826
0.0204013
0.0222776
0.0242209
0.0262337
0.0283258
0.0304906
0.0327535
0.0350859
0.0374726
0.0399422
0.042514
0.0452058
0.0479792
0.0508519
0.0537881
0.0568663
0.0600133
0.0633089
0.0666817
0.0701911
0.0738186
0.0775219
0.0814524
0.0853629
0.0896131
0.0938266
0.0980634
0.102984
-0.0105119
-0.00973582
-0.00896417
-0.00941746
-0.00937436
-0.00743208
-0.00498046
-0.00320086
-0.00174472
-8.8468e-05
0.00155334
0.00286122
0.00405404
0.00552029
0.0071779
0.00878601
0.010352
0.0119215
0.013517
0.0151639
0.0168487
0.0185866
0.0204052
0.022281
0.024224
0.0262369
0.0283288
0.0304932
0.0327555
0.0350873
0.0374742
0.0399441
0.0425159
0.0452072
0.0479799
0.0508526
0.0537889
0.0568671
0.0600139
0.0633095
0.0666823
0.0701917
0.0738192
0.0775227
0.0814532
0.0853637
0.0896138
0.0938273
0.0980665
0.102989
-0.0102727
-0.00949379
-0.00868956
-0.0091228
-0.00920528
-0.00739335
-0.00496474
-0.00317392
-0.0017191
-7.166e-05
0.00156447
0.00287743
0.00407979
0.00554423
0.00719174
0.00879367
0.010358
0.0119264
0.0135215
0.0151684
0.016853
0.0185907
0.0204092
0.0222846
0.0242273
0.0262402
0.0283319
0.0304959
0.0327577
0.0350889
0.037476
0.0399462
0.0425179
0.0452086
0.0479808
0.0508534
0.0537898
0.0568679
0.0600146
0.0633101
0.0666829
0.0701922
0.0738198
0.0775235
0.0814541
0.0853644
0.0896145
0.093828
0.0980696
0.102994
-0.0100213
-0.00924651
-0.00842428
-0.00882579
-0.00901882
-0.00734559
-0.00494856
-0.00314727
-0.00169224
-5.32405e-05
0.00157706
0.00289469
0.00410618
0.00556871
0.00720616
0.00880185
0.0103643
0.0119317
0.0135263
0.0151732
0.0168576
0.018595
0.0204134
0.0222883
0.0242307
0.0262436
0.0283351
0.0304987
0.0327599
0.0350904
0.0374778
0.0399483
0.0425199
0.04521
0.0479816
0.0508542
0.0537907
0.0568688
0.0600153
0.0633108
0.0666835
0.0701927
0.0738205
0.0775242
0.0814549
0.0853652
0.0896153
0.0938288
0.0980728
0.102999
-0.00975995
-0.00898987
-0.00816614
-0.00852917
-0.00881771
-0.00728919
-0.00493253
-0.00312179
-0.00166454
-3.31071e-05
0.00159115
0.00291278
0.00413295
0.00559371
0.00722137
0.00881074
0.0103711
0.0119374
0.0135314
0.0151782
0.0168624
0.0185995
0.0204177
0.0222921
0.0242343
0.0262472
0.0283384
0.0305016
0.0327622
0.0350921
0.0374796
0.0399504
0.042522
0.0452115
0.0479825
0.050855
0.0537917
0.0568696
0.060016
0.0633115
0.0666842
0.0701933
0.0738212
0.0775251
0.0814558
0.085366
0.0896161
0.0938297
0.0980761
0.103005
-0.00949185
-0.00872216
-0.00791066
-0.00823248
-0.0086044
-0.00722525
-0.00491825
-0.00309957
-0.00163739
-1.14144e-05
0.00160725
0.00293211
0.00416037
0.00561915
0.00723712
0.00882009
0.0103783
0.0119432
0.0135366
0.0151834
0.0168673
0.0186042
0.0204221
0.0222961
0.024238
0.0262509
0.0283419
0.0305046
0.0327646
0.0350938
0.0374816
0.0399527
0.0425241
0.0452131
0.0479834
0.0508559
0.0537927
0.0568706
0.0600168
0.0633122
0.0666849
0.070194
0.0738219
0.0775259
0.0814568
0.0853669
0.0896169
0.0938305
0.0980794
0.103011
-0.00920465
-0.00844562
-0.0076632
-0.0079391
-0.00837643
-0.00714669
-0.0048998
-0.00307745
-0.00160953
1.21993e-05
0.0016253
0.00295279
0.00418835
0.00564501
0.00725344
0.00883004
0.010386
0.0119495
0.0135423
0.0151889
0.0168725
0.018609
0.0204267
0.0223002
0.0242418
0.0262547
0.0283454
0.0305077
0.0327671
0.0350957
0.0374836
0.039955
0.0425263
0.0452147
0.0479844
0.0508569
0.0537937
0.0568715
0.0600176
0.063313
0.0666856
0.0701946
0.0738227
0.0775268
0.0814578
0.0853678
0.0896178
0.0938314
0.0980827
0.103016
-0.00890345
-0.00816014
-0.00742133
-0.00765013
-0.00813741
-0.00705509
-0.00487822
-0.00305659
-0.00158228
3.68479e-05
0.00164507
0.00297843
0.00421678
0.00567151
0.00727072
0.00884085
0.0103942
0.0119562
0.0135482
0.0151947
0.016878
0.018614
0.0204316
0.0223045
0.0242458
0.0262587
0.0283491
0.030511
0.0327697
0.0350976
0.0374857
0.0399574
0.0425286
0.0452164
0.0479854
0.0508578
0.0537948
0.0568725
0.0600184
0.0633138
0.0666864
0.0701953
0.0738235
0.0775278
0.0814589
0.0853688
0.0896187
0.0938324
0.0980862
0.103022
-0.00858761
-0.00786136
-0.00718
-0.00736737
-0.00789255
-0.00695332
-0.00485558
-0.00303882
-0.00155681
6.2421e-05
0.00166693
0.00300117
0.00424597
0.00569839
0.00728847
0.00885208
0.0104028
0.0119631
0.0135543
0.0152006
0.0168835
0.0186192
0.0204365
0.022309
0.02425
0.0262628
0.028353
0.0305143
0.0327724
0.0350996
0.0374879
0.0399599
0.042531
0.0452181
0.0479865
0.0508588
0.053796
0.0568735
0.0600193
0.0633146
0.0666872
0.070196
0.0738244
0.0775288
0.0814599
0.0853698
0.0896197
0.0938334
0.0980896
0.103029
-0.00823783
-0.00754776
-0.00694137
-0.00709289
-0.00763987
-0.00683462
-0.00482467
-0.00301964
-0.00153154
8.95147e-05
0.00169163
0.00302655
0.00427593
0.00572562
0.00730679
0.00886404
0.010412
0.0119706
0.0135609
0.0152069
0.0168894
0.0186246
0.0204417
0.0223136
0.0242543
0.0262671
0.0283569
0.0305178
0.0327752
0.0351017
0.0374902
0.0399624
0.0425334
0.0452198
0.0479876
0.0508599
0.0537971
0.0568746
0.0600203
0.0633155
0.066688
0.0701968
0.0738253
0.0775298
0.0814611
0.0853708
0.0896207
0.0938344
0.0980931
0.103035
-0.00787509
-0.00722449
-0.00670073
-0.00682163
-0.0073794
-0.0067009
-0.00478671
-0.00300052
-0.00150819
0.000116014
0.00171775
0.0030538
0.00430684
0.00575374
0.00732623
0.00887696
0.0104218
0.0119784
0.0135677
0.0152134
0.0168955
0.0186303
0.020447
0.0223184
0.0242588
0.0262715
0.028361
0.0305214
0.0327782
0.0351039
0.0374926
0.039965
0.042536
0.0452217
0.0479888
0.050861
0.0537984
0.0568758
0.0600212
0.0633164
0.0666889
0.0701976
0.0738262
0.0775308
0.0814623
0.0853718
0.0896218
0.0938355
0.0980967
0.103042
-0.00751822
-0.00689086
-0.00645519
-0.00655804
-0.00711869
-0.00655683
-0.00474326
-0.00298171
-0.00148636
0.000142396
0.00174614
0.00308352
0.00433891
0.00578228
0.00734606
0.0088903
0.010432
0.0119865
0.0135748
0.0152201
0.0169018
0.0186361
0.0204526
0.0223234
0.0242635
0.0262761
0.0283653
0.0305251
0.0327812
0.0351062
0.0374951
0.0399678
0.0425386
0.0452236
0.04799
0.0508622
0.0537996
0.0568769
0.0600222
0.0633173
0.0666898
0.0701984
0.0738272
0.0775319
0.0814636
0.085373
0.089623
0.0938367
0.0981003
0.103048
-0.00716865
-0.00655057
-0.00620972
-0.006305
-0.00685874
-0.00640012
-0.00468964
-0.00295896
-0.00146418
0.000168652
0.00177605
0.00311524
0.00437202
0.00581133
0.00736658
0.00890448
0.010443
0.0119953
0.0135824
0.0152273
0.0169084
0.0186422
0.0204583
0.0223286
0.0242683
0.0262808
0.0283697
0.030529
0.0327844
0.0351086
0.0374976
0.0399706
0.0425412
0.0452256
0.0479913
0.0508634
0.0538009
0.0568782
0.0600233
0.0633183
0.0666908
0.0701993
0.0738282
0.0775331
0.0814649
0.0853741
0.0896242
0.0938379
0.098104
0.103055
-0.00683862
-0.00621179
-0.00595923
-0.00605452
-0.00659583
-0.00623063
-0.00462579
-0.00293298
-0.00144338
0.000193145
0.00180664
0.0031492
0.00440688
0.00584171
0.00738834
0.00891963
0.0104546
0.0120045
0.0135903
0.0152346
0.0169152
0.0186485
0.0204643
0.022334
0.0242734
0.0262858
0.0283743
0.030533
0.0327877
0.0351112
0.0375003
0.0399735
0.042544
0.0452276
0.0479927
0.0508647
0.0538023
0.0568794
0.0600244
0.0633194
0.0666918
0.0702003
0.0738294
0.0775343
0.0814663
0.0853753
0.0896255
0.0938392
0.0981077
0.103062
-0.00652842
-0.00586989
-0.00569772
-0.0058059
-0.006334
-0.00605311
-0.00455357
-0.00290363
-0.00142261
0.00021721
0.00183884
0.00318568
0.00444345
0.00587284
0.00741058
0.00893526
0.0104667
0.0120142
0.0135986
0.0152424
0.0169223
0.0186551
0.0204705
0.0223396
0.0242787
0.0262909
0.028379
0.0305372
0.0327911
0.0351139
0.0375031
0.0399765
0.0425469
0.0452298
0.0479941
0.0508661
0.0538038
0.0568808
0.0600256
0.0633204
0.0666929
0.0702013
0.0738305
0.0775355
0.0814677
0.0853766
0.0896268
0.0938405
0.0981114
0.10307
-0.00623206
-0.00552314
-0.00542765
-0.00556158
-0.0060756
-0.00586861
-0.00447133
-0.00286792
-0.00139989
0.000240628
0.00187097
0.00322347
0.00448125
0.00590493
0.00743389
0.00895197
0.0104796
0.0120245
0.0136074
0.0152505
0.0169297
0.0186619
0.020477
0.0223455
0.0242841
0.0262962
0.0283839
0.0305415
0.0327947
0.0351167
0.0375061
0.0399796
0.0425498
0.045232
0.0479956
0.0508675
0.0538052
0.0568821
0.0600268
0.0633216
0.066694
0.0702023
0.0738318
0.0775369
0.0814693
0.0853779
0.0896282
0.0938419
0.0981152
0.103077
-0.00594103
-0.00517563
-0.00515208
-0.00531972
-0.00581904
-0.00567656
-0.00437881
-0.00282591
-0.00137604
0.000262406
0.00190277
0.00326332
0.00452126
0.00593868
0.00745855
0.00896963
0.0104932
0.0120352
0.0136165
0.0152589
0.0169374
0.0186689
0.0204837
0.0223515
0.0242898
0.0263017
0.028389
0.030546
0.0327984
0.0351196
0.0375091
0.0399828
0.0425528
0.0452342
0.0479972
0.050869
0.0538068
0.0568836
0.0600281
0.0633228
0.0666952
0.0702034
0.073833
0.0775382
0.0814709
0.0853793
0.0896297
0.0938434
0.098119
0.103085
-0.00565185
-0.00483147
-0.00487005
-0.00507783
-0.00556434
-0.00547909
-0.00427812
-0.00277791
-0.00134946
0.00028421
0.00193492
0.00330495
0.00456303
0.00597362
0.00748414
0.00898806
0.0105074
0.0120465
0.0136262
0.0152677
0.0169453
0.0186763
0.0204906
0.0223579
0.0242957
0.0263074
0.0283943
0.0305507
0.0328023
0.0351227
0.0375123
0.0399861
0.042556
0.0452366
0.0479989
0.0508705
0.0538084
0.0568851
0.0600294
0.063324
0.0666964
0.0702045
0.0738344
0.0775396
0.0814726
0.0853807
0.0896312
0.093845
0.0981229
0.103092
-0.00536988
-0.00449084
-0.00458096
-0.00483554
-0.00531238
-0.00527745
-0.00416928
-0.00272228
-0.00131863
0.000306009
0.00196623
0.0033474
0.0046063
0.00600994
0.00751115
0.00900777
0.0105225
0.0120584
0.0136362
0.0152769
0.0169537
0.0186839
0.0204978
0.0223644
0.0243018
0.0263133
0.0283998
0.0305555
0.0328063
0.035126
0.0375156
0.0399895
0.0425592
0.0452391
0.0480007
0.0508721
0.0538101
0.0568867
0.0600309
0.0633253
0.0666977
0.0702057
0.0738359
0.0775411
0.0814743
0.0853822
0.0896329
0.0938466
0.0981268
0.1031
-0.00509474
-0.00415366
-0.00428649
-0.00459268
-0.00506297
-0.00507169
-0.00405251
-0.00265933
-0.00128371
0.000327867
0.00199679
0.00339094
0.00465136
0.0060479
0.00753971
0.00902869
0.0105383
0.0120709
0.0136468
0.0152866
0.0169624
0.0186919
0.0205053
0.0223712
0.0243082
0.0263194
0.0284054
0.0305606
0.0328105
0.0351294
0.037519
0.039993
0.0425626
0.0452417
0.0480025
0.0508739
0.0538119
0.0568883
0.0600323
0.0633267
0.0666991
0.070207
0.0738374
0.0775426
0.0814762
0.0853837
0.0896346
0.0938484
0.0981307
0.103109
-0.00482635
-0.00382142
-0.00398738
-0.0043485
-0.00481608
-0.00486273
-0.00392917
-0.00258961
-0.00124352
0.00035121
0.00202687
0.00343516
0.00469797
0.00608746
0.00756978
0.00905085
0.0105551
0.012084
0.013658
0.0152966
0.0169714
0.0187001
0.020513
0.0223783
0.0243148
0.0263257
0.0284113
0.0305658
0.0328149
0.035133
0.0375226
0.0399967
0.042566
0.0452443
0.0480045
0.0508757
0.0538137
0.0568901
0.0600339
0.0633282
0.0667006
0.0702083
0.073839
0.0775442
0.0814781
0.0853853
0.0896364
0.0938502
0.0981347
0.103117
-0.00456154
-0.00349202
-0.00368433
-0.00410292
-0.00457187
-0.00465117
-0.00379944
-0.00251272
-0.00119724
0.000376315
0.0020562
0.00347986
0.00474608
0.00612847
0.00760133
0.00907454
0.010573
0.0120978
0.0136694
0.015307
0.0169809
0.0187087
0.0205211
0.0223856
0.0243217
0.0263324
0.0284174
0.0305712
0.0328194
0.0351367
0.0375263
0.0400004
0.0425696
0.0452471
0.0480065
0.0508775
0.0538156
0.0568919
0.0600355
0.0633297
0.0667021
0.0702097
0.0738407
0.0775459
0.0814802
0.085387
0.0896382
0.0938522
0.0981387
0.103125
-0.00429391
-0.00316862
-0.00337991
-0.00385506
-0.00432981
-0.00443737
-0.00366383
-0.00242964
-0.00114512
0.000403985
0.0020853
0.00352478
0.0047953
0.00617091
0.00763469
0.00909993
0.010592
0.0121122
0.0136814
0.015318
0.0169908
0.0187176
0.0205294
0.0223933
0.0243289
0.0263392
0.0284237
0.0305769
0.0328242
0.0351406
0.0375302
0.0400043
0.0425733
0.04525
0.0480086
0.0508795
0.0538176
0.0568937
0.0600373
0.0633313
0.0667037
0.0702112
0.0738424
0.0775476
0.0814823
0.0853887
0.0896402
0.0938542
0.0981427
0.103134
-0.00403495
-0.00285277
-0.00307305
-0.00360479
-0.00409102
-0.00422235
-0.00352268
-0.00234056
-0.00108639
0.000435445
0.00211435
0.00356951
0.00484573
0.00621498
0.00766966
0.0091268
0.0106122
0.0121275
0.013694
0.0153293
0.017001
0.0187269
0.0205381
0.0224012
0.0243363
0.0263462
0.0284303
0.0305827
0.0328291
0.0351447
0.0375343
0.0400083
0.0425771
0.045253
0.0480109
0.0508816
0.0538197
0.0568957
0.0600391
0.063333
0.0667054
0.0702128
0.0738443
0.0775494
0.0814846
0.0853906
0.0896422
0.0938564
0.0981468
0.103143
-0.00378389
-0.00254203
-0.00276617
-0.00335299
-0.00385473
-0.00400568
-0.00337573
-0.00224572
-0.00102126
0.00047076
0.0021435
0.00361416
0.00489733
0.00626025
0.00770597
0.00915547
0.0106341
0.0121437
0.0137071
0.015341
0.0170116
0.0187366
0.0205471
0.0224095
0.0243441
0.0263536
0.0284371
0.0305888
0.0328342
0.035149
0.0375385
0.0400125
0.042581
0.0452561
0.0480133
0.0508838
0.0538218
0.0568978
0.060041
0.0633347
0.0667072
0.0702144
0.0738463
0.0775513
0.0814869
0.0853925
0.0896443
0.0938588
0.0981509
0.103152
-0.00353615
-0.00223907
-0.00246035
-0.0030979
-0.00362051
-0.00378878
-0.00322388
-0.00214616
-0.000950329
0.000510738
0.00217375
0.00365871
0.00494965
0.0063068
0.00774404
0.00918607
0.0106574
0.0121607
0.0137207
0.0153533
0.0170226
0.0187466
0.0205565
0.0224181
0.0243522
0.0263612
0.0284442
0.0305951
0.0328396
0.0351536
0.0375429
0.0400168
0.0425851
0.0452593
0.0480158
0.0508861
0.0538241
0.0568999
0.060043
0.0633366
0.0667091
0.0702161
0.0738484
0.0775533
0.0814893
0.0853945
0.0896465
0.0938612
0.0981551
0.103161
-0.00329255
-0.00194326
-0.00215553
-0.00284062
-0.00338948
-0.00357255
-0.00306706
-0.00204171
-0.000873276
0.000556351
0.00220539
0.00370281
0.00500275
0.0063548
0.0077835
0.00921811
0.0106822
0.0121791
0.0137351
0.0153658
0.017034
0.018757
0.0205662
0.022427
0.0243605
0.0263691
0.0284515
0.0306017
0.0328451
0.0351583
0.0375475
0.0400212
0.0425893
0.0452627
0.0480184
0.0508885
0.0538265
0.0569022
0.060045
0.0633385
0.0667111
0.0702179
0.0738506
0.0775554
0.0814919
0.0853967
0.0896488
0.0938638
0.0981593
0.10317
-0.00304963
-0.00165426
-0.0018544
-0.00258141
-0.00316013
-0.003357
-0.00290548
-0.00193244
-0.000790784
0.000607233
0.00223874
0.00374673
0.00505656
0.00640395
0.00782415
0.00925192
0.0107091
0.0121989
0.01375
0.0153788
0.0170459
0.0187678
0.0205762
0.0224362
0.0243692
0.0263773
0.0284591
0.0306085
0.0328509
0.0351632
0.0375522
0.0400258
0.0425936
0.0452662
0.0480212
0.050891
0.053829
0.0569045
0.0600472
0.0633405
0.0667132
0.0702198
0.0738529
0.0775576
0.0814946
0.0853989
0.0896512
0.0938666
0.0981636
0.103179
-0.00280705
-0.00137307
-0.00155732
-0.00231937
-0.00293242
-0.00314381
-0.0027399
-0.00181867
-0.000703693
0.000663617
0.00227496
0.00379093
0.00511081
0.00645429
0.00786626
0.00928738
0.0107376
0.0122198
0.0137658
0.0153925
0.0170581
0.0187788
0.0205866
0.0224459
0.0243783
0.0263858
0.028467
0.0306155
0.0328569
0.0351684
0.0375572
0.0400305
0.0425981
0.0452698
0.0480241
0.0508937
0.0538316
0.056907
0.0600495
0.0633427
0.0667154
0.0702218
0.0738553
0.0775598
0.0814974
0.0854012
0.0896536
0.0938695
0.098168
0.103189
-0.00256764
-0.00109879
-0.00126552
-0.00205636
-0.00270662
-0.00293339
-0.00257057
-0.00170033
-0.000612127
0.00072605
0.00231451
0.00383515
0.00516521
0.00650579
0.00790967
0.00932409
0.0107678
0.0122427
0.0137827
0.0154064
0.0170707
0.0187903
0.0205975
0.0224559
0.0243877
0.0263947
0.0284752
0.0306229
0.0328632
0.0351738
0.0375624
0.0400354
0.0426027
0.0452737
0.0480272
0.0508965
0.0538343
0.0569096
0.060052
0.0633449
0.0667177
0.0702239
0.0738578
0.0775622
0.0815003
0.0854037
0.0896562
0.0938726
0.0981724
0.103198
-0.00233114
-0.000830551
-0.000981088
-0.00179315
-0.00248124
-0.00272594
-0.00239849
-0.00157734
-0.000516517
0.000793932
0.00235759
0.00387974
0.00521998
0.00655859
0.00795437
0.00936219
0.0107997
0.0122671
0.0138006
0.015421
0.0170837
0.0188023
0.0206086
0.0224662
0.0243975
0.0264039
0.0284837
0.0306305
0.0328697
0.0351795
0.0375677
0.0400405
0.0426075
0.0452776
0.0480304
0.0508995
0.0538371
0.0569122
0.0600545
0.0633473
0.0667202
0.0702262
0.0738605
0.0775647
0.0815033
0.0854063
0.0896588
0.0938759
0.0981769
0.103208
-0.00209829
-0.000568889
-0.000704095
-0.00152973
-0.00225561
-0.00252238
-0.00222489
-0.00144955
-0.000417241
0.000866683
0.00240478
0.00392551
0.005275
0.00661229
0.00800032
0.00940164
0.0108331
0.0122931
0.0138198
0.0154364
0.0170971
0.0188144
0.0206201
0.022477
0.0244077
0.0264134
0.0284926
0.0306383
0.0328765
0.0351855
0.0375733
0.0400457
0.0426125
0.0452817
0.0480338
0.0509026
0.0538401
0.0569151
0.0600572
0.0633498
0.0667227
0.0702285
0.0738633
0.0775674
0.0815064
0.085409
0.0896615
0.0938793
0.0981815
0.103218
-0.00187362
-0.000313581
-0.00043452
-0.00126795
-0.00202996
-0.00232295
-0.00205061
-0.00131695
-0.000314661
0.00094407
0.00245661
0.00397271
0.00533003
0.00666677
0.00804768
0.00944237
0.010868
0.0123209
0.0138405
0.0154524
0.017111
0.018827
0.0206319
0.0224881
0.0244183
0.0264233
0.0285018
0.0306465
0.0328835
0.0351917
0.0375791
0.0400512
0.0426176
0.045286
0.0480373
0.0509058
0.0538432
0.0569181
0.06006
0.0633525
0.0667254
0.0702311
0.0738663
0.0775701
0.0815097
0.0854118
0.0896644
0.0938829
0.0981861
0.103228
-0.00165856
-6.46086e-05
-0.000173141
-0.0010097
-0.0018036
-0.00212681
-0.0018769
-0.00118008
-0.00020873
0.00102568
0.00251302
0.00402145
0.00538528
0.00672236
0.00809635
0.00948424
0.0109041
0.0123503
0.0138626
0.0154694
0.0171254
0.01884
0.0206441
0.0224996
0.0244292
0.0264337
0.0285114
0.030655
0.0328908
0.0351982
0.0375851
0.0400568
0.042623
0.0452905
0.0480411
0.0509092
0.0538464
0.0569212
0.060063
0.0633553
0.0667283
0.0702337
0.0738694
0.077573
0.0815131
0.0854148
0.0896673
0.0938867
0.0981909
0.103237
-0.00145361
0.000177195
8.10323e-05
-0.000755869
-0.00157614
-0.00193386
-0.00170607
-0.00103922
-9.88906e-05
0.00111055
0.00257378
0.00407269
0.00544094
0.00677859
0.00814624
0.00952736
0.0109415
0.0123812
0.0138863
0.0154875
0.0171403
0.0188533
0.0206567
0.0225115
0.0244406
0.0264443
0.0285213
0.0306638
0.0328984
0.035205
0.0375913
0.0400626
0.0426285
0.0452952
0.048045
0.0509128
0.0538498
0.0569244
0.0600661
0.0633582
0.0667313
0.0702365
0.0738726
0.0775761
0.0815167
0.085418
0.0896704
0.0938907
0.0981958
0.103247
-0.00125832
0.000411467
0.000328236
-0.000508195
-0.00134874
-0.00174363
-0.001539
-0.000894911
1.5087e-05
0.00119803
0.00263856
0.00412694
0.00549719
0.00683515
0.00819737
0.00957191
0.01098
0.0124133
0.0139114
0.0155069
0.0171561
0.0188669
0.0206696
0.0225238
0.0244523
0.0264554
0.0285316
0.030673
0.0329063
0.0352121
0.0375978
0.0400686
0.0426342
0.0453001
0.0480491
0.0509166
0.0538534
0.0569279
0.0600693
0.0633613
0.0667344
0.0702394
0.073876
0.0775793
0.0815204
0.0854213
0.0896736
0.0938948
0.0982008
0.103257
-0.00107056
0.000636801
0.000568385
-0.000267705
-0.00112213
-0.00155412
-0.00137621
-0.000748988
0.000133375
0.00128818
0.002707
0.00418418
0.00555428
0.00689236
0.00824949
0.00961759
0.0110199
0.0124467
0.0139378
0.0155275
0.0171726
0.018881
0.0206828
0.0225365
0.0244645
0.0264668
0.0285423
0.0306824
0.0329145
0.0352195
0.0376046
0.0400749
0.04264
0.0453051
0.0480535
0.0509206
0.0538571
0.0569315
0.0600727
0.0633646
0.0667377
0.0702426
0.0738797
0.0775826
0.0815242
0.0854248
0.0896769
0.0938992
0.098206
0.103267
-0.000887156
0.000853494
0.000802747
-3.43346e-05
-0.000897435
-0.00136457
-0.00121896
-0.000603607
0.000256346
0.00138107
0.00277836
0.00424455
0.00561252
0.00695016
0.00830277
0.00966436
0.0110609
0.0124814
0.0139656
0.0155495
0.0171902
0.0188956
0.0206963
0.0225496
0.0244771
0.0264788
0.0285534
0.0306922
0.0329231
0.0352272
0.0376116
0.0400814
0.0426462
0.0453104
0.0480579
0.0509248
0.0538611
0.0569353
0.0600763
0.0633681
0.0667412
0.0702458
0.0738834
0.0775862
0.0815282
0.0854284
0.0896804
0.0939038
0.0982113
0.103277
-0.000705082
0.00106181
0.00103037
0.000191339
-0.000677118
-0.00117481
-0.00106679
-0.000460758
0.000384166
0.0014769
0.00285139
0.00430829
0.00567268
0.00700817
0.00835688
0.00971244
0.0111029
0.0125171
0.0139945
0.0155727
0.0172089
0.0189106
0.0207102
0.0225632
0.0244901
0.026491
0.028565
0.0307024
0.032932
0.0352352
0.0376188
0.0400882
0.0426526
0.045316
0.0480627
0.0509292
0.0538651
0.0569393
0.0600801
0.0633717
0.0667449
0.0702493
0.0738873
0.0775899
0.0815324
0.0854323
0.089684
0.0939085
0.0982167
0.103287
-0.000524536
0.00126035
0.0012492
0.00040895
-0.000463113
-0.000984271
-0.000918089
-0.000322539
0.000515727
0.00157634
0.00292576
0.00437507
0.00573512
0.00706662
0.00841137
0.00976154
0.0111463
0.0125538
0.0140241
0.0155973
0.0172291
0.0189264
0.0207243
0.0225772
0.0245036
0.0265035
0.0285768
0.0307131
0.0329413
0.0352436
0.0376263
0.0400951
0.0426591
0.0453218
0.0480678
0.0509338
0.0538694
0.0569434
0.0600841
0.0633756
0.0667487
0.070253
0.0738915
0.0775938
0.0815367
0.0854363
0.0896878
0.0939135
0.0982222
0.103297
-0.000346074
0.00145022
0.00145886
0.000619464
-0.000256632
-0.000793976
-0.000771011
-0.000190975
0.000648824
0.00168065
0.00300127
0.0044435
0.00579988
0.00712628
0.00846676
0.00981118
0.0111905
0.012592
0.0140546
0.0156227
0.0172507
0.0189432
0.0207387
0.0225915
0.0245175
0.0265166
0.0285891
0.0307239
0.0329509
0.0352524
0.0376342
0.0401024
0.0426659
0.0453278
0.048073
0.0509388
0.053874
0.0569478
0.0600882
0.0633796
0.0667527
0.0702569
0.0738959
0.0775979
0.0815412
0.0854405
0.0896917
0.0939187
0.098228
0.103308
-0.000169605
0.00163338
0.00165837
0.000822774
-5.92066e-05
-0.000606357
-0.000623813
-6.68826e-05
0.000781097
0.00179067
0.0030778
0.00451284
0.00586731
0.00718705
0.00852275
0.00986164
0.0112353
0.0126312
0.0140862
0.0156487
0.0172734
0.0189611
0.0207537
0.0226064
0.0245318
0.0265299
0.0286018
0.0307352
0.0329609
0.0352614
0.0376424
0.04011
0.0426729
0.0453341
0.0480785
0.0509438
0.0538788
0.0569524
0.0600927
0.0633838
0.0667569
0.0702609
0.0739004
0.0776022
0.0815459
0.085445
0.0896958
0.093924
0.098234
0.103318
1.80587e-06
0.00180952
0.00184573
0.00101751
0.00012896
-0.00042376
-0.000475498
5.07646e-05
0.000909679
0.00190579
0.00315628
0.00458264
0.00593714
0.00724882
0.00857899
0.00991307
0.0112815
0.0126713
0.014118
0.0156756
0.0172977
0.0189801
0.0207691
0.0226217
0.0245468
0.0265436
0.0286146
0.0307468
0.0329714
0.0352708
0.0376507
0.0401179
0.0426803
0.0453408
0.0480843
0.0509492
0.0538837
0.0569572
0.0600973
0.0633884
0.0667614
0.0702652
0.0739052
0.0776067
0.0815508
0.0854496
0.0897002
0.0939297
0.09824
0.103328
0.000164092
0.00197837
0.00202005
0.00120242
0.00030884
-0.000248706
-0.000325943
0.000163699
0.0010313
0.0020253
0.00323813
0.0046516
0.00600874
0.00731267
0.00863572
0.00996428
0.011328
0.012713
0.0141511
0.0157027
0.0173229
0.0190006
0.0207851
0.0226372
0.0245623
0.026558
0.028628
0.0307586
0.0329819
0.0352807
0.0376595
0.040126
0.0426878
0.0453477
0.0480904
0.0509549
0.053889
0.0569622
0.0601021
0.0633931
0.0667662
0.0702699
0.0739103
0.0776114
0.0815559
0.0854544
0.0897047
0.0939355
0.0982464
0.103338
0.000315209
0.00214036
0.0021828
0.00137613
0.00048018
-8.34213e-05
-0.000176631
0.000273944
0.00114386
0.00214723
0.00332453
0.00471937
0.00608151
0.00737898
0.00869307
0.0100152
0.0113743
0.0127556
0.0141855
0.0157304
0.0173487
0.0190224
0.0208023
0.0226532
0.024578
0.0265725
0.0286419
0.0307712
0.032993
0.0352907
0.0376686
0.0401346
0.0426957
0.0453549
0.0480967
0.0509608
0.0538945
0.0569676
0.0601073
0.063398
0.066771
0.0702746
0.0739156
0.0776164
0.0815612
0.0854596
0.0897094
0.0939415
0.0982529
0.103348
0.000453099
0.00229416
0.00233542
0.00153679
0.000642601
7.13555e-05
-3.04527e-05
0.000383769
0.00124709
0.00226805
0.0034166
0.00478702
0.00615391
0.00744695
0.00875148
0.0100665
0.0114208
0.0127986
0.0142201
0.0157587
0.0173759
0.0190457
0.0208203
0.0226696
0.0245943
0.0265876
0.0286557
0.0307837
0.0330047
0.0353015
0.037678
0.0401434
0.0427039
0.0453624
0.0481034
0.050967
0.0539003
0.0569731
0.0601127
0.0634034
0.0667763
0.0702797
0.0739211
0.0776216
0.0815668
0.0854649
0.0897144
0.0939478
0.0982596
0.103358
0.00057649
0.00243694
0.00247797
0.00168268
0.000795454
0.000216035
0.000109471
0.000494473
0.00134168
0.00238449
0.00351437
0.00485512
0.00622508
0.00751683
0.00881115
0.0101175
0.0114666
0.0128423
0.0142559
0.0157869
0.0174034
0.0190707
0.0208399
0.0226865
0.0246107
0.0266032
0.0286701
0.0307964
0.0330162
0.0353124
0.0376883
0.0401528
0.0427123
0.0453702
0.0481104
0.0509735
0.0539063
0.056979
0.0601184
0.0634089
0.0667819
0.0702851
0.073927
0.077627
0.0815725
0.0854705
0.0897196
0.0939544
0.0982666
0.103369
0.000686654
0.00256661
0.00261125
0.00181352
0.000935631
0.000350488
0.000240498
0.000606011
0.00143002
0.00249359
0.00361645
0.00492476
0.00629437
0.00758799
0.00887221
0.0101682
0.0115116
0.0128864
0.0142929
0.0158155
0.0174306
0.0190963
0.0208615
0.0227049
0.0246274
0.026619
0.0286849
0.0308096
0.0330282
0.0353232
0.0376983
0.0401628
0.0427215
0.0453785
0.0481178
0.0509804
0.0539126
0.0569851
0.0601244
0.0634147
0.0667876
0.0702907
0.0739332
0.0776328
0.0815785
0.0854764
0.089725
0.0939611
0.0982737
0.103379
0.000785371
0.00268144
0.00273463
0.00193064
0.00106081
0.000473988
0.000360038
0.000716484
0.00151471
0.00259349
0.00372098
0.00499801
0.00636132
0.00765844
0.00893457
0.0102196
0.0115557
0.0129303
0.0143309
0.0158447
0.0174585
0.0191227
0.0208834
0.0227238
0.0246447
0.0266357
0.0287004
0.0308228
0.0330405
0.035335
0.0377089
0.0401725
0.0427305
0.0453872
0.0481256
0.0509877
0.0539194
0.0569916
0.0601307
0.0634207
0.0667938
0.0702966
0.0739395
0.0776388
0.0815848
0.0854825
0.0897308
0.0939681
0.0982811
0.103389
0.000871833
0.00277901
0.00284405
0.00203426
0.00116996
0.000586981
0.000467469
0.000822752
0.00159782
0.00268424
0.00382545
0.00507527
0.00642631
0.00772733
0.00899737
0.0102707
0.0115982
0.0129736
0.0143707
0.0158749
0.0174867
0.0191507
0.0209073
0.0227432
0.0246612
0.0266518
0.0287164
0.0308369
0.0330531
0.035347
0.0377204
0.0401835
0.04274
0.0453958
0.0481334
0.0509952
0.0539264
0.0569984
0.0601375
0.0634273
0.0668003
0.0703029
0.0739463
0.0776451
0.0815912
0.085489
0.0897368
0.0939754
0.0982888
0.103399
0.000943589
0.0028577
0.00293581
0.00212311
0.00126027
0.00068708
0.000563176
0.000922147
0.00168071
0.00276698
0.00392715
0.00515714
0.00649084
0.00779382
0.00905955
0.0103216
0.0116389
0.0130154
0.0144111
0.015906
0.0175152
0.0191794
0.0209331
0.0227652
0.024679
0.0266676
0.0287319
0.0308506
0.0330658
0.0353592
0.0377318
0.0401946
0.0427505
0.0454056
0.0481419
0.051003
0.0539335
0.0570053
0.0601444
0.063434
0.0668072
0.0703096
0.0739533
0.0776518
0.0815981
0.0854957
0.089743
0.0939829
0.0982966
0.10341
0.00100023
0.00291681
0.00300634
0.00219645
0.00133151
0.000771046
0.000646468
0.00101244
0.00176303
0.00284304
0.00402356
0.00524252
0.00655592
0.00785737
0.00912046
0.0103731
0.0116784
0.0130548
0.0144518
0.0159381
0.0175438
0.0192088
0.0209595
0.0227875
0.0246977
0.0266847
0.0287487
0.0308651
0.0330783
0.0353715
0.037744
0.040206
0.0427606
0.0454153
0.0481509
0.0510116
0.0539413
0.0570129
0.0601518
0.0634409
0.0668143
0.0703165
0.0739608
0.0776588
0.0816053
0.0855029
0.0897496
0.0939908
0.0983047
0.10342
0.00104261
0.00295622
0.00305067
0.00224979
0.00138364
0.000837722
0.000717769
0.00109168
0.00184446
0.00291584
0.00411411
0.00532975
0.00662156
0.00791774
0.00917866
0.0104238
0.0117168
0.0130918
0.0144924
0.0159716
0.0175728
0.0192388
0.0209877
0.0228112
0.0247162
0.0267007
0.0287653
0.0308809
0.0330921
0.0353842
0.0377563
0.0402182
0.0427718
0.0454254
0.0481598
0.05102
0.0539493
0.0570207
0.0601597
0.0634486
0.066822
0.0703238
0.0739684
0.0776662
0.0816126
0.0855103
0.0897566
0.0939989
0.0983134
0.10343
0.00106475
0.00297623
0.00306804
0.00227786
0.00141347
0.000883275
0.000775949
0.00115946
0.00192324
0.00298699
0.00419782
0.00541711
0.00668869
0.00797559
0.00923364
0.0104736
0.0117548
0.0131266
0.014532
0.0160061
0.0176021
0.0192686
0.0210159
0.0228358
0.0247364
0.0267173
0.0287813
0.0308962
0.033106
0.0353977
0.0377699
0.0402308
0.0427831
0.0454363
0.0481697
0.051029
0.0539574
0.0570286
0.0601675
0.063456
0.0668299
0.0703316
0.0739766
0.0776739
0.0816204
0.0855181
0.0897638
0.0940073
0.0983222
0.103442
0.00105443
0.00296996
0.00305931
0.00228121
0.00142304
0.000906448
0.000817937
0.0012147
0.00199717
0.00305777
0.00427459
0.00550079
0.00675438
0.00802879
0.00928329
0.0105217
0.0117946
0.0131613
0.0145719
0.0160434
0.0176335
0.0192993
0.0210448
0.0228601
0.0247558
0.026734
0.0287976
0.0309124
0.0331204
0.0354108
0.0377835
0.0402447
0.0427957
0.0454478
0.0481802
0.0510388
0.0539666
0.0570374
0.060176
0.063464
0.0668378
0.070339
0.0739844
0.0776814
0.0816278
0.0855257
0.0897709
0.0940154
0.0983307
0.103451
0.0010023
0.00291989
0.0030104
0.00225145
0.00141325
0.000915146
0.000850821
0.00126295
0.00206696
0.00313055
0.00434735
0.00557961
0.00681665
0.00807444
0.00932386
0.0105624
0.011831
0.0131931
0.0146098
0.016082
0.0176665
0.0193307
0.0210749
0.0228861
0.0247767
0.0267502
0.0288126
0.0309282
0.0331354
0.0354247
0.0377975
0.0402583
0.0428085
0.0454603
0.0481917
0.0510494
0.0539766
0.0570476
0.0601863
0.063474
0.0668484
0.0703492
0.0739948
0.0776914
0.0816377
0.0855355
0.08978
0.0940254
0.0983411
0.103464
0.000917783
0.00282571
0.00290222
0.00215887
0.00135818
0.000895633
0.000872518
0.00131408
0.00214377
0.00321432
0.00442433
0.00565737
0.00687907
0.00811745
0.00935936
0.0105981
0.0118647
0.0132218
0.0146437
0.0161192
0.0176985
0.0193596
0.021102
0.0229093
0.0247959
0.026766
0.0288265
0.0309426
0.0331488
0.0354368
0.0378101
0.0402709
0.0428193
0.0454702
0.0482007
0.0510576
0.0539841
0.0570548
0.0601933
0.0634805
0.0668552
0.0703557
0.0740017
0.0776982
0.0816442
0.0855424
0.0897864
0.0940329
0.098349
0.103472
0.000820408
0.00270846
0.00276032
0.00201503
0.0012459
0.000826558
0.000859491
0.00134971
0.00221515
0.00329977
0.00450127
0.00573117
0.00694047
0.0081606
0.00939634
0.0106385
0.0119087
0.013263
0.0146888
0.0161687
0.0177429
0.0193985
0.0211381
0.022941
0.0248224
0.0267877
0.0288466
0.0309638
0.0331697
0.0354559
0.0378286
0.0402894
0.0428369
0.0454872
0.0482162
0.051072
0.0539981
0.0570688
0.060207
0.0634938
0.0668689
0.0703685
0.0740146
0.0777104
0.0816562
0.0855542
0.0897974
0.0940446
0.0983612
0.103487
0.00066213
0.00253567
0.00258063
0.00185542
0.00112517
0.000751865
0.000841514
0.00138068
0.00227241
0.00336215
0.00454791
0.00576604
0.00696382
0.00816896
0.00940072
0.0106493
0.0119273
0.0132824
0.0147127
0.0161993
0.0177699
0.0194199
0.0211569
0.0229576
0.0248365
0.0267985
0.028855
0.0309734
0.0331796
0.0354652
0.0378382
0.0402987
0.0428449
0.0454953
0.0482239
0.0510786
0.0540044
0.0570751
0.0602131
0.0634997
0.0668754
0.070375
0.0740215
0.0777174
0.0816627
0.0855613
0.089804
0.0940522
0.0983692
0.103495
0.000304852
0.00217207
0.00227572
0.00162944
0.00099652
0.000719997
0.000895176
0.00149603
0.00240725
0.00348602
0.00464087
0.00583073
0.00701233
0.0082054
0.00943527
0.0106915
0.0119792
0.0133351
0.0147651
0.016255
0.0178213
0.019463
0.0211953
0.0229919
0.0248669
0.026825
0.0288799
0.0309986
0.0332042
0.0354879
0.0378598
0.0403203
0.0428656
0.045515
0.0482416
0.0510948
0.0540203
0.0570908
0.0602283
0.0635143
0.0668901
0.0703885
0.074035
0.0777303
0.0816753
0.0855736
0.0898157
0.0940642
0.098382
0.10351
-0.000216142
0.00149271
0.00161729
0.0011081
0.000657334
0.000550091
0.00085199
0.0015317
0.0024663
0.00353435
0.00466251
0.00582604
0.00699852
0.0081909
0.0094262
0.0106956
0.0119978
0.0133605
0.0147923
0.0162859
0.0178499
0.0194851
0.0212131
0.0230085
0.0248823
0.0268365
0.0288891
0.0310089
0.0332155
0.0354998
0.0378714
0.0403303
0.0428749
0.0455255
0.0482517
0.0511038
0.0540292
0.0570997
0.060237
0.0635231
0.0668997
0.0703981
0.074045
0.07774
0.0816844
0.0855832
0.0898245
0.0940739
0.0983918
0.10352
-4.33682e-05
0.00126853
0.00122417
0.000810113
0.000535322
0.000584944
0.000985636
0.00168463
0.00258555
0.00360454
0.0046917
0.00582806
0.00699729
0.0081971
0.0094402
0.0107226
0.0120377
0.0134046
0.0148339
0.0163267
0.0178887
0.0195176
0.0212401
0.023033
0.0249058
0.026858
0.0289099
0.0310297
0.033235
0.0355187
0.0378898
0.0403483
0.0428923
0.0455425
0.0482666
0.0511172
0.0540431
0.0571133
0.0602497
0.0635353
0.0669118
0.0704091
0.0740559
0.0777509
0.0816946
0.0855936
0.0898342
0.094084
0.0984024
0.10353
-0.00239201
-0.000567642
8.08478e-05
0.000251822
0.000414744
0.000728384
0.0012099
0.00187006
0.00269448
0.00364482
0.00469052
0.00580947
0.00698508
0.00820076
0.00945562
0.0107529
0.0120827
0.0134559
0.0148843
0.0163739
0.0179329
0.0195562
0.0212725
0.0230629
0.0249348
0.0268822
0.0289312
0.0310515
0.0332567
0.0355412
0.0379117
0.040367
0.0429099
0.0455622
0.0482854
0.0511344
0.0540602
0.05713
0.060266
0.0635515
0.0669287
0.0704255
0.0740726
0.0777665
0.0817096
0.0856083
0.089848
0.094098
0.0984168
0.103548
-0.0040019
-0.00305668
-0.0017911
-0.000677935
0.000194198
0.000852086
0.00141314
0.0020273
0.00275958
0.00362466
0.00462258
0.00572985
0.00691885
0.00815914
0.00943285
0.010748
0.0120927
0.0134717
0.0148997
0.0163868
0.017945
0.0195668
0.0212793
0.0230692
0.0249428
0.0268907
0.0289404
0.0310614
0.0332652
0.0355502
0.0379215
0.0403759
0.0429188
0.0455716
0.048293
0.0511406
0.0540673
0.057137
0.0602724
0.0635579
0.0669352
0.0704314
0.0740784
0.0777729
0.0817153
0.0856147
0.0898542
0.094105
0.0984247
0.103554
-0.00516478
-0.00295841
-0.00151001
-0.000487286
0.000290529
0.000937909
0.00154436
0.00217746
0.00288989
0.00371345
0.00466827
0.00574611
0.00692525
0.00817691
0.00946576
0.0107951
0.0121523
0.013536
0.0149644
0.0164455
0.0179986
0.0196162
0.0213226
0.0231097
0.0249827
0.0269261
0.0289729
0.0310939
0.0332964
0.0355819
0.0379529
0.0404034
0.0429443
0.0455996
0.0483197
0.0511655
0.0540922
0.0571613
0.0602962
0.0635815
0.0669591
0.0704546
0.0741017
0.0777945
0.081736
0.0856347
0.0898728
0.0941231
0.0984432
0.103577
-0.00599446
-0.00477184
-0.00307877
-0.00148082
-0.000189431
0.000787711
0.00154543
0.00221324
0.00290883
0.0037065
0.00463719
0.00569783
0.00686696
0.00812605
0.00942934
0.0107722
0.0121432
0.0135339
0.0149678
0.01645
0.018002
0.0196208
0.0213243
0.0231109
0.0249859
0.0269299
0.0289772
0.0310994
0.0333004
0.0355858
0.0379588
0.0404083
0.0429487
0.0456053
0.0483247
0.0511692
0.0540969
0.0571659
0.0603003
0.0635856
0.0669634
0.0704586
0.0741055
0.0777991
0.08174
0.0856394
0.0898776
0.094129
0.09845
0.103581
-0.00736041
-0.0045297
-0.0025743
-0.00116683
-8.12559e-05
0.000810013
0.00157103
0.00225985
0.00296239
0.00375653
0.0046794
0.00573173
0.0068934
0.00814912
0.00945579
0.0108013
0.0121773
0.0135714
0.0150081
0.0164916
0.0180424
0.0196614
0.0213647
0.0231498
0.0250255
0.0269674
0.0290122
0.0311348
0.0333357
0.0356207
0.0379932
0.0404409
0.0429782
0.0456364
0.0483556
0.0511984
0.0541256
0.0571942
0.0603284
0.0636132
0.0669913
0.0704855
0.0741322
0.0778238
0.0817635
0.085662
0.0898982
0.0941488
0.0984713
0.103607
)
;

boundaryField
{
    zeroGradientPlanes
    {
        type            zeroGradient;
    }
    inlet
    {
        type            zeroGradient;
    }
    plate
    {
        type            zeroGradient;
    }
    frontAndBack
    {
        type            empty;
    }
}


// ************************************************************************* //
