/*--------------------------------*- C++ -*----------------------------------*\
| =========                 |                                                 |
| \\      /  F ield         | OpenFOAM: The Open Source CFD Toolbox           |
|  \\    /   O peration     | Version:  v2012                                 |
|   \\  /    A nd           | Website:  www.openfoam.com                      |
|    \\/     M anipulation  |                                                 |
\*---------------------------------------------------------------------------*/
FoamFile
{
    version     2.0;
    format      ascii;
    class       volScalarField;
    location    "9.8";
    object      p;
}
// * * * * * * * * * * * * * * * * * * * * * * * * * * * * * * * * * * * * * //

dimensions      [0 2 -2 0 0 0 0];


internalField   nonuniform List<scalar> 
7000
(
2.17339e-10
0.00233069
0.00300081
0.00573411
0.00487319
0.00763391
0.0100644
0.0116466
0.0121692
0.0132316
0.0118567
0.0132298
0.0110445
0.0134818
0.012515
0.0148032
0.0150038
0.0166807
0.0175805
0.0199617
5.3761e-06
0.002325
0.00300765
0.00574431
0.00487153
0.00763614
0.0100537
0.0116376
0.0121742
0.0132177
0.0118752
0.0132196
0.01106
0.0134736
0.0125197
0.0147853
0.0150048
0.0166606
0.0175811
0.0198454
1.2076e-05
0.00232418
0.00302038
0.0057502
0.00487077
0.00763552
0.010034
0.0116306
0.0121763
0.0132037
0.0118927
0.0132018
0.0110878
0.013449
0.0125415
0.0147471
0.0150171
0.0166203
0.0175807
0.0196683
2.02032e-05
0.002342
0.00303648
0.00575178
0.00487609
0.00762958
0.0100125
0.0116304
0.0121746
0.0131896
0.0119071
0.0131779
0.0111269
0.01341
0.0125742
0.0146978
0.0150338
0.0165707
0.0175713
0.0194754
3.18025e-05
0.00237798
0.00305297
0.00574941
0.00489024
0.00761911
0.00999076
0.0116344
0.0121705
0.013175
0.0119208
0.013149
0.0111767
0.0133598
0.0126145
0.014641
0.0150498
0.0165159
0.0175497
0.0192887
4.78834e-05
0.00242705
0.00306729
0.00574446
0.00491436
0.00760567
0.00996827
0.0116403
0.012166
0.0131596
0.0119349
0.0131161
0.0112351
0.0133033
0.0126613
0.0145792
0.0150645
0.0164571
0.0175155
0.0191145
6.8477e-05
0.00248527
0.00307795
0.00573856
0.00494816
0.0075914
0.00994553
0.0116466
0.0121623
0.013143
0.0119501
0.0130798
0.0113002
0.0132447
0.012714
0.0145151
0.0150784
0.0163948
0.0174698
0.0189505
9.30462e-05
0.00255007
0.00308485
0.00573304
0.0049906
0.00757894
0.00992302
0.0116522
0.0121597
0.0131243
0.0119672
0.01304
0.0113708
0.0131868
0.0127722
0.0144512
0.0150912
0.01633
0.0174135
0.0187928
0.000120746
0.00261974
0.0030891
0.00572855
0.0050406
0.00757048
0.00990087
0.0116562
0.012158
0.0131031
0.0119865
0.0129966
0.0114461
0.0131304
0.0128353
0.014389
0.0151018
0.0162649
0.017347
0.0186394
0.000150694
0.00269324
0.00309238
0.00572517
0.00509736
0.00756727
0.00987912
0.0116581
0.0121564
0.0130787
0.0120084
0.0129494
0.0115255
0.0130757
0.0129027
0.0143297
0.0151093
0.0162011
0.0172708
0.0184897
0.000182213
0.00277004
0.00309624
0.00572264
0.00516022
0.00756957
0.00985788
0.0116576
0.0121546
0.0130507
0.0120329
0.0128983
0.0116086
0.013023
0.0129731
0.0142744
0.0151124
0.0161397
0.017186
0.0183431
0.000214943
0.00284977
0.00310171
0.00572059
0.00522858
0.00757705
0.00983729
0.0116542
0.0121523
0.0130187
0.0120602
0.0128434
0.0116945
0.0129726
0.0130449
0.0142243
0.0151099
0.0160809
0.0170939
0.0181986
0.000248814
0.00293197
0.00310918
0.00571869
0.00530179
0.00758905
0.00981742
0.0116479
0.0121494
0.0129823
0.0120902
0.0127848
0.0117826
0.0129255
0.0131163
0.0141809
0.0151007
0.0160247
0.0169957
0.0180554
0.000283929
0.00301606
0.00311862
0.00571673
0.0053792
0.00760491
0.00979828
0.0116384
0.0121461
0.0129414
0.012123
0.0127228
0.0118718
0.0128827
0.013185
0.0141454
0.015084
0.0159703
0.0168933
0.017913
0.000320465
0.00310148
0.00312982
0.00571459
0.00546019
0.00762402
0.00977988
0.0116258
0.0121428
0.012896
0.0121583
0.0126578
0.0119611
0.0128454
0.0132485
0.0141184
0.0150598
0.0159172
0.0167884
0.0177711
0.000358599
0.00318769
0.00314259
0.00571216
0.00554421
0.00764585
0.00976224
0.0116099
0.0121398
0.0128463
0.0121962
0.0125907
0.0120492
0.0128153
0.0133047
0.0141
0.0150283
0.0158641
0.0166824
0.0176298
0.000398486
0.0032743
0.00315683
0.00570938
0.00563072
0.00766985
0.00974538
0.011591
0.0121375
0.0127924
0.0122363
0.0125224
0.0121343
0.0127935
0.0133521
0.0140901
0.0149903
0.0158099
0.0165767
0.0174894
0.000440258
0.003361
0.00317255
0.00570618
0.00571923
0.00769545
0.00972934
0.011569
0.0121364
0.0127349
0.0122783
0.0124543
0.0122144
0.0127812
0.0133899
0.0140874
0.0149468
0.0157527
0.0164719
0.0173504
0.000484037
0.00344764
0.00318986
0.00570252
0.0058093
0.00772205
0.00971416
0.011544
0.0121369
0.0126742
0.0123213
0.012388
0.0122875
0.0127788
0.0134174
0.0140901
0.0148994
0.0156911
0.016368
0.017213
0.000529939
0.00353411
0.00320893
0.00569837
0.00590055
0.00774911
0.00969992
0.0115162
0.0121392
0.012611
0.0123644
0.0123253
0.0123521
0.0127861
0.0134343
0.0140957
0.0148493
0.0156244
0.0162648
0.0170776
0.000578069
0.00362041
0.00322999
0.00569372
0.00599269
0.00777615
0.0096867
0.0114857
0.0121435
0.0125461
0.0124059
0.0122679
0.0124072
0.0128032
0.0134406
0.0141008
0.0147978
0.0155518
0.0161618
0.0169449
0.000628529
0.00370653
0.00325332
0.00568859
0.00608558
0.00780289
0.0096746
0.0114526
0.0121498
0.0124805
0.0124446
0.0122173
0.0124514
0.012829
0.0134374
0.0141026
0.0147461
0.0154732
0.0160575
0.0168149
0.000681411
0.00379248
0.00327918
0.005683
0.00617914
0.00782915
0.00966375
0.0114171
0.0121578
0.0124156
0.0124787
0.0121749
0.0124842
0.0128618
0.0134274
0.0140983
0.0146944
0.0153907
0.015952
0.0166867
0.000736809
0.00387823
0.00330787
0.00567701
0.00627343
0.00785489
0.00965433
0.0113795
0.0121668
0.0123528
0.0125066
0.0121411
0.0125059
0.0129
0.013413
0.0140861
0.014641
0.0153044
0.0158474
0.0165611
0.000794819
0.00396371
0.00333966
0.00567068
0.0063685
0.0078802
0.00964643
0.0113401
0.0121757
0.0122931
0.0125277
0.0121161
0.0125164
0.0129419
0.0133954
0.0140657
0.0145854
0.0152127
0.0157424
0.0164405
0.000855537
0.0040488
0.00337479
0.00566409
0.00646441
0.00790525
0.00964002
0.0112995
0.0121839
0.0122378
0.0125405
0.0121006
0.0125167
0.0129845
0.0133758
0.014037
0.0145295
0.0151167
0.0156348
0.0163236
0.000919059
0.00413337
0.00341354
0.00565734
0.00656121
0.00793018
0.0096349
0.0112585
0.0121897
0.0121882
0.0125442
0.012093
0.012509
0.0130255
0.0133473
0.0139981
0.0144734
0.0150211
0.0155256
0.0162081
0.000985499
0.00421723
0.00345613
0.00565053
0.00665885
0.00795524
0.00963071
0.0112181
0.0121925
0.0121438
0.0125403
0.0120921
0.0124938
0.0130625
0.0133344
0.0139485
0.0144133
0.0149294
0.0154174
0.0160924
0.00105497
0.00430021
0.00350274
0.0056438
0.00675726
0.0079806
0.00962731
0.0111785
0.0121925
0.012105
0.0125275
0.0120988
0.0124732
0.0130928
0.0133244
0.0138906
0.0143491
0.0148433
0.0153075
0.015977
0.00112756
0.00438216
0.00355363
0.00563729
0.00685621
0.00800697
0.00962361
0.0111415
0.0121868
0.0120734
0.0125065
0.0121096
0.0124498
0.0131163
0.013312
0.0138242
0.014275
0.0147609
0.0152128
0.0158634
0.00120343
0.00446285
0.00360888
0.00563125
0.00695531
0.00803487
0.00961906
0.0111073
0.012176
0.0120466
0.0124789
0.012123
0.0124237
0.0131323
0.0132916
0.0137478
0.0141909
0.0146778
0.0151327
0.0157531
0.00128264
0.00454221
0.00366851
0.00562609
0.00705414
0.00806485
0.00961331
0.0110757
0.0121627
0.0120236
0.012446
0.012137
0.0123969
0.0131385
0.013282
0.0136757
0.0141013
0.0145897
0.0150327
0.0156496
0.00136523
0.0046201
0.00373287
0.00562183
0.00715249
0.00809756
0.00960539
0.011048
0.012135
0.0120039
0.012413
0.0121451
0.0123734
0.0131329
0.0132287
0.0135987
0.0140031
0.0144945
0.0149445
0.0155571
0.00145158
0.00469625
0.00380181
0.00561886
0.0072499
0.00813267
0.0095959
0.0110225
0.0121402
0.0119845
0.012379
0.0121513
0.0123513
0.0131232
0.0132939
0.0135284
0.0138992
0.0143935
0.0148148
0.0154773
0.00154161
0.00477075
0.00387485
0.0056181
0.00734508
0.00817262
0.0095832
0.0110009
0.0121113
0.0119673
0.012342
0.0121603
0.0123222
0.0131079
0.0133248
0.0134392
0.0137808
0.0142886
0.0147396
0.0154079
0.00163519
0.00484366
0.00395241
0.00561947
0.00743803
0.00821794
0.00956735
0.0109828
0.0120704
0.0119512
0.0123029
0.0121687
0.0122929
0.0130695
0.0132278
0.0133545
0.0136527
0.0141829
0.014727
0.0153441
0.0017331
0.00491443
0.00403431
0.00562324
0.00752877
0.00826396
0.00955097
0.0109619
0.012059
0.0119287
0.0122669
0.0121703
0.0122671
0.0130304
0.0132556
0.0132748
0.0135329
0.0140732
0.0145935
0.0152897
0.00183486
0.00498351
0.00411959
0.00563108
0.00761498
0.00831816
0.00953187
0.0109438
0.0120345
0.0119076
0.0122246
0.0121759
0.012232
0.0129716
0.0132182
0.0132024
0.0134124
0.013967
0.0145367
0.0152436
0.00194014
0.00505126
0.00420865
0.00564295
0.007697
0.00838451
0.00951076
0.0109266
0.0120024
0.0118876
0.0121728
0.0121842
0.0121986
0.0128787
0.0131361
0.0131369
0.0132976
0.0138556
0.0145573
0.0151975
0.00205018
0.00511679
0.00430122
0.00565878
0.00777605
0.0084379
0.00949368
0.0108984
0.0120078
0.0118612
0.0121199
0.0121786
0.0121796
0.0128215
0.0131108
0.0130722
0.0131975
0.0137126
0.0143469
0.0151526
0.00216409
0.0051813
0.00439568
0.00568054
0.00784943
0.00850611
0.00947641
0.010871
0.0119935
0.0118443
0.0120602
0.0121688
0.0121517
0.012717
0.0130397
0.0130129
0.013098
0.0135906
0.0142629
0.0151132
0.00228142
0.00524526
0.00449246
0.00570781
0.00791794
0.00863712
0.0094593
0.0108448
0.0119646
0.0118377
0.0119945
0.0121443
0.0121121
0.0126185
0.0129435
0.0129504
0.0129954
0.0134828
0.0143107
0.0150711
0.00240378
0.00530747
0.00459159
0.00573998
0.0079836
0.0086285
0.00945327
0.0108015
0.0119718
0.0118257
0.0119278
0.012123
0.0121023
0.0125176
0.0128578
0.0128713
0.0129104
0.0133214
0.0140274
0.0150241
0.00252932
0.00537019
0.00469104
0.00577899
0.00804458
0.00870558
0.00944759
0.0107651
0.0119487
0.0118238
0.0118604
0.0120719
0.012088
0.0124284
0.0127482
0.0127859
0.012814
0.0132026
0.0139259
0.0149752
0.0026582
0.00543363
0.00479147
0.00582387
0.00810305
0.00879111
0.00944203
0.0107369
0.0119036
0.0118308
0.0117926
0.0119957
0.0120635
0.012353
0.0126068
0.0126868
0.0126848
0.0131113
0.0140196
0.0149303
0.00279205
0.00549628
0.00489348
0.00587308
0.00816194
0.00885581
0.00945215
0.0106908
0.0118835
0.0118318
0.0117361
0.0119399
0.0120495
0.012276
0.0124892
0.0125613
0.0125448
0.0128956
0.013686
0.0149012
0.0029281
0.00556123
0.00499538
0.00592802
0.00821934
0.00892762
0.00946637
0.010649
0.011847
0.0118321
0.0116883
0.0118732
0.0120242
0.0121984
0.0123666
0.0124219
0.0123864
0.012674
0.0135004
0.0149019
0.00306782
0.00562817
0.00509787
0.00598747
0.00827624
0.00900088
0.00948099
0.0106132
0.0117991
0.0118311
0.0116406
0.0118012
0.0119881
0.0121362
0.0122382
0.0122786
0.0122274
0.012499
0.0133794
0.0148949
0.00321142
0.0056961
0.00520167
0.0060498
0.00833444
0.00907221
0.00949577
0.0105629
0.0117489
0.0118254
0.0116002
0.0117268
0.0119387
0.0120799
0.0121149
0.012128
0.0120818
0.0123651
0.0132776
0.0148845
0.00335737
0.00576701
0.00530689
0.00611346
0.00839378
0.00914471
0.00951006
0.0105269
0.0116942
0.0118184
0.0115688
0.0116443
0.0118777
0.0120292
0.0120013
0.0119795
0.011952
0.0122495
0.0131998
0.0148675
0.00350674
0.00584056
0.00541461
0.00617735
0.0084539
0.00921856
0.00952512
0.0104863
0.0116364
0.0118097
0.0115424
0.0115608
0.0118079
0.0119732
0.0118994
0.011844
0.0118383
0.0121544
0.0131227
0.0148434
0.00365901
0.00591606
0.00552602
0.00624132
0.00851256
0.00929488
0.00954213
0.0104437
0.0115758
0.0117963
0.0115231
0.0114812
0.0117245
0.0119121
0.0118148
0.0117265
0.0117282
0.0120613
0.0130553
0.0148179
0.00381428
0.00599423
0.00564131
0.00630439
0.00856817
0.00937492
0.0095632
0.0103984
0.0115107
0.0117777
0.011511
0.0114068
0.0116297
0.0118492
0.0117448
0.011622
0.0116237
0.0119787
0.0129851
0.0147899
0.00397257
0.00607472
0.00576074
0.00636732
0.00861919
0.0094582
0.0095897
0.0103515
0.011441
0.011754
0.0115046
0.0113396
0.0115268
0.0117793
0.0116816
0.0115319
0.0115307
0.0118967
0.01292
0.0147647
0.00413379
0.00615763
0.00588498
0.0064302
0.00866351
0.00954428
0.00962368
0.0103039
0.0113665
0.011724
0.0115017
0.0112832
0.0114193
0.0116985
0.0116229
0.0114587
0.0114483
0.0118167
0.0128557
0.0147462
0.00429818
0.00624276
0.00601366
0.00649445
0.00869955
0.00963102
0.00966617
0.0102573
0.0112873
0.0116879
0.0115015
0.0112409
0.011311
0.0116057
0.0115659
0.0113975
0.0113758
0.0117419
0.012803
0.0147312
0.0044655
0.00633096
0.00614579
0.0065624
0.00872609
0.00971399
0.00971879
0.0102144
0.0112047
0.0116451
0.0114999
0.011212
0.0112049
0.0115018
0.0115077
0.0113439
0.011317
0.0116824
0.0127557
0.0147174
0.00463508
0.00642287
0.0062817
0.00663478
0.00874066
0.00979067
0.00978413
0.0101778
0.0111204
0.0115955
0.0114938
0.0111957
0.0111066
0.0113872
0.0114445
0.0112961
0.0112728
0.0116365
0.012716
0.0147051
0.00480769
0.00651677
0.00642378
0.00671034
0.00874503
0.00985908
0.00986775
0.0101517
0.0110398
0.0115426
0.0114827
0.0111897
0.0110218
0.0112641
0.0113733
0.0112528
0.0112403
0.0116042
0.0126836
0.0146943
0.00498383
0.00661207
0.00657069
0.00679067
0.00874748
0.00991428
0.00991848
0.0101401
0.0109674
0.0114883
0.0114647
0.0111895
0.010954
0.0111351
0.0112926
0.0112122
0.011216
0.0115851
0.0126652
0.0146906
0.00516215
0.00671087
0.00672081
0.00688042
0.00874081
0.00994777
0.00998718
0.0101457
0.0109038
0.0114338
0.0114403
0.0111917
0.0108787
0.0110058
0.0111982
0.0111705
0.0111996
0.0115793
0.0126596
0.0146924
0.00534331
0.00681181
0.006874
0.00697984
0.00872329
0.00996743
0.0100629
0.0101627
0.0108446
0.0113774
0.0114083
0.0111937
0.0108509
0.0108851
0.0110914
0.0111241
0.0111869
0.011581
0.0126632
0.0146994
0.00552745
0.00691342
0.00702915
0.00708792
0.00870312
0.00997507
0.0101377
0.0101908
0.0107892
0.0113189
0.0113704
0.0111938
0.0108415
0.0107797
0.0109763
0.0110674
0.0111739
0.0115905
0.0126774
0.0147175
0.00571396
0.00701766
0.00718303
0.0072053
0.00868528
0.00996878
0.0102075
0.0102292
0.0107413
0.0112613
0.0113296
0.0111854
0.0108437
0.0106968
0.0108588
0.0109977
0.0111586
0.0116077
0.0127051
0.0147461
0.00590311
0.00712377
0.00733376
0.00733188
0.00867346
0.00995041
0.0102681
0.0102763
0.0107025
0.0112044
0.0112882
0.011167
0.0108518
0.0106386
0.0107463
0.0109161
0.0111373
0.0116299
0.0127424
0.0147808
0.00609461
0.00723192
0.00748079
0.00746613
0.00867023
0.00992292
0.0103172
0.0103298
0.0106731
0.0111489
0.0112481
0.0111405
0.0108587
0.0106008
0.0106457
0.0108288
0.0111068
0.0116492
0.0127837
0.0148212
0.0062881
0.00734246
0.0076236
0.00760614
0.00867783
0.00988985
0.0103531
0.0103859
0.0106541
0.0110953
0.0112084
0.0111091
0.01086
0.0105782
0.0105646
0.0107429
0.0110639
0.0116598
0.0128264
0.014868
0.00648329
0.00745569
0.00776194
0.00774984
0.00869711
0.00985508
0.0103758
0.0104412
0.0106452
0.0110437
0.0111704
0.0110767
0.0108551
0.0105671
0.0105031
0.0106608
0.0110106
0.01166
0.0128645
0.0149162
0.00667977
0.00757183
0.00789583
0.00789544
0.00872822
0.00982178
0.0103862
0.0104919
0.0106455
0.010996
0.0111344
0.0110457
0.010844
0.0105599
0.0104555
0.0105873
0.0109539
0.0116469
0.0128912
0.0149629
0.00687708
0.0076911
0.00802565
0.00804126
0.0087705
0.00979243
0.0103863
0.0105359
0.0106535
0.0109534
0.0110987
0.0110158
0.0108291
0.0105537
0.0104203
0.0105262
0.0108958
0.0116214
0.0129077
0.0150071
0.00707477
0.00781369
0.00815181
0.00818574
0.00882291
0.00976912
0.0103787
0.0105719
0.0106669
0.0109159
0.0110624
0.0109875
0.0108131
0.010549
0.0103947
0.0104749
0.0108395
0.0115901
0.0129134
0.0150431
0.00727235
0.00793962
0.00827494
0.00832784
0.00888409
0.00975302
0.0103659
0.0105994
0.0106836
0.0108838
0.0110267
0.0109607
0.0107966
0.0105447
0.010375
0.0104326
0.0107889
0.011554
0.0129062
0.0150692
0.00746933
0.00806891
0.00839553
0.00846658
0.00895267
0.00974505
0.0103503
0.0106184
0.0107013
0.0108571
0.0109916
0.0109349
0.0107794
0.0105404
0.0103599
0.0103979
0.010742
0.0115139
0.0128915
0.0150888
0.00766519
0.00820142
0.00851431
0.00860136
0.00902706
0.00974527
0.010334
0.0106296
0.0107186
0.0108354
0.0109573
0.0109094
0.0107609
0.010536
0.0103489
0.0103684
0.0106993
0.0114754
0.0128737
0.0151015
0.00785955
0.00833684
0.00863173
0.00873187
0.00910582
0.00975354
0.0103189
0.0106341
0.0107342
0.0108182
0.0109234
0.0108838
0.0107414
0.0105305
0.0103406
0.0103439
0.0106624
0.0114386
0.0128521
0.0151074
0.00805194
0.00847492
0.00874831
0.00885783
0.00918746
0.00976942
0.0103064
0.0106333
0.0107471
0.0108048
0.0108899
0.0108575
0.0107206
0.0105226
0.0103341
0.010324
0.0106292
0.0114022
0.0128285
0.0151094
0.00824197
0.00861511
0.00886449
0.00897944
0.00927082
0.00979212
0.0102975
0.0106286
0.0107563
0.0108015
0.0108577
0.0108294
0.0106983
0.0105118
0.0103286
0.0103071
0.0105988
0.0113674
0.0128042
0.015108
0.00842926
0.00875698
0.00898048
0.00909673
0.00935481
0.00982097
0.0102925
0.0106214
0.0107607
0.0107946
0.0108269
0.0107985
0.0106737
0.0104974
0.0103222
0.0102929
0.0105722
0.0113348
0.0127786
0.0151021
0.00861345
0.00889987
0.00909655
0.00921024
0.00943844
0.00985474
0.0102916
0.0106131
0.0107604
0.0107885
0.0107985
0.0107648
0.0106457
0.0104785
0.0103134
0.0102808
0.0105493
0.0113037
0.012751
0.0150911
0.00879424
0.00904326
0.00921249
0.00932017
0.00952125
0.00989268
0.0102946
0.0106047
0.010756
0.0107813
0.0107731
0.0107294
0.0106138
0.0104541
0.0103001
0.0102686
0.010528
0.0112733
0.012721
0.0150746
0.00897122
0.0091865
0.00932834
0.00942692
0.00960263
0.00993377
0.0103012
0.0105964
0.0107486
0.0107713
0.0107495
0.0106938
0.0105781
0.0104238
0.0102803
0.0102536
0.0105074
0.0112444
0.0126899
0.0150532
0.00914415
0.00932895
0.00944364
0.00953091
0.00968249
0.00997719
0.0103111
0.0105882
0.0107395
0.0107575
0.0107243
0.0106581
0.0105394
0.0103876
0.0102523
0.0102332
0.0104861
0.0112169
0.0126587
0.0150271
0.00931258
0.00947009
0.00955807
0.0096323
0.00976068
0.010022
0.0103242
0.0105796
0.0107292
0.0107412
0.0106951
0.0106208
0.0104979
0.0103464
0.0102155
0.010204
0.0104594
0.011187
0.0126253
0.0149959
0.00947619
0.00960936
0.00967102
0.00973129
0.00983756
0.0100674
0.0103403
0.01057
0.0107157
0.0107246
0.0106617
0.0105798
0.0104536
0.0103014
0.0101709
0.0101641
0.0104232
0.0111505
0.0125867
0.0149578
0.0096343
0.0097463
0.00978258
0.00982737
0.00991269
0.0101128
0.0103599
0.0105608
0.0106991
0.0107084
0.0106259
0.0105331
0.0104044
0.0102524
0.0101209
0.0101147
0.010376
0.011104
0.0125396
0.0149103
0.00978644
0.00987995
0.00989264
0.00992188
0.00998623
0.0101557
0.0103808
0.0105541
0.0106839
0.0106904
0.01059
0.0104812
0.0103484
0.010197
0.0100655
0.0100567
0.0103174
0.0110453
0.0124808
0.0148514
0.00993213
0.0100097
0.00999942
0.0100134
0.0100622
0.0101997
0.0103993
0.0105462
0.0106576
0.0106657
0.0105544
0.0104258
0.0102844
0.0101322
0.0100014
0.00998909
0.0102466
0.0109722
0.012407
0.0147783
0.0100705
0.0101358
0.0101042
0.0101003
0.0101334
0.0102454
0.0104222
0.0105425
0.0106048
0.0106266
0.0105167
0.0103689
0.0102142
0.0100571
0.00992654
0.0099104
0.0101613
0.0108806
0.0123124
0.0146837
0.010201
0.0102563
0.0102084
0.0101885
0.0102032
0.0102823
0.0104318
0.0105378
0.0105831
0.0105816
0.0104779
0.0103161
0.0101455
0.00997812
0.00984472
0.00982428
0.0100671
0.0107758
0.0121977
0.0145616
0.0103209
0.0103719
0.0103092
0.0102816
0.0102932
0.0103349
0.0104289
0.0105115
0.0105175
0.0105155
0.0104246
0.010256
0.0100697
0.00988811
0.00974739
0.00972076
0.00995438
0.0106507
0.012058
0.0144091
0.0104279
0.0104679
0.010396
0.0103526
0.0103559
0.0104002
0.0104699
0.0105056
0.0104747
0.0104483
0.0103685
0.0101999
0.00999687
0.00979439
0.00963758
0.00960007
0.00982218
0.0105058
0.0119005
0.0142421
0.0105391
0.0105943
0.0105235
0.010461
0.0104183
0.010376
0.0103874
0.0104309
0.0104477
0.0104113
0.010333
0.0101637
0.00993891
0.00970719
0.00952412
0.00946999
0.00967871
0.0103496
0.011732
0.0140633
0.0105584
0.0106208
0.010614
0.0105889
0.0106113
0.0105679
0.0103986
0.0102788
0.0102552
0.010262
0.0102185
0.010063
0.00982551
0.00956412
0.00934539
0.00925869
0.00944269
0.0100888
0.0114444
0.0137493
0.0107739
0.0107952
0.0107001
0.0105706
0.0104442
0.0103891
0.0104104
0.0104785
0.0104662
0.0104081
0.0103083
0.0101399
0.00989826
0.00962153
0.0093609
0.00920355
0.00928157
0.00980676
0.0110376
0.0132163
0.0107185
0.0108602
0.0107091
0.0106587
0.0106132
0.0104328
0.0102238
0.0101739
0.0101878
0.0101563
0.010047
0.0098936
0.00968898
0.00951468
0.00940776
0.0094381
0.00968372
0.010309
0.0115554
0.0136942
0.0110027
0.010932
0.0107536
0.0105678
0.0104543
0.0104387
0.0105045
0.0105756
0.010567
0.0104941
0.010312
0.0100512
0.00967319
0.00918318
0.00865304
0.00820317
0.00801238
0.0083017
0.00932452
0.0113197
0.0112357
0.0108712
0.0106431
0.0104539
0.0103896
0.0102603
0.0101176
0.010155
0.0101768
0.0100582
0.00990092
0.0098052
0.00994058
0.0103597
0.0111086
0.0121131
0.0131966
0.0140729
0.0143919
0.0138191
0.0112842
0.0109633
0.0107002
0.0105655
0.0105681
0.0106157
0.0107011
0.0107638
0.0107165
0.010521
0.0101688
0.00964702
0.00895184
0.00816841
0.00740005
0.00673285
0.00630512
0.00633375
0.00709359
0.00882918
0.0114663
0.0109531
0.0106545
0.0105088
0.0105384
0.0104769
0.0103218
0.0100801
0.00989605
0.00988334
0.00984801
0.00966745
0.00952864
0.00957628
0.00990217
0.0105129
0.0113274
0.0120592
0.012313
0.011724
0.0114793
0.0109544
0.0106768
0.010623
0.0107852
0.0109598
0.0111203
0.0111859
0.0110899
0.0106928
0.0099759
0.00891238
0.00755983
0.00607575
0.00470205
0.00364626
0.00306019
0.00311103
0.00401492
0.00596839
0.0223446
0.0120822
0.00891339
0.011058
0.0135588
0.0153818
0.0167347
0.0178915
0.0191612
0.0206534
0.0223086
0.0239996
0.0256051
0.0272218
0.0289322
0.0305995
0.0322331
0.0339935
0.0358578
0.0377521
0.0397685
0.0415502
0.0430804
0.0451433
0.0475558
0.0498571
0.0521737
0.054608
0.0570318
0.0594314
0.0619475
0.0647504
0.0676037
0.0704699
0.0734956
0.0766717
0.0799714
0.083329
0.0868764
0.0904984
0.0942971
0.0982059
0.102222
0.106422
0.110647
0.115138
0.119599
0.124251
0.128751
0.133097
0.0221462
0.012139
0.00895294
0.0110745
0.0135689
0.0153887
0.0167396
0.017895
0.0191638
0.0206553
0.0223101
0.0240009
0.0256062
0.0272227
0.0289331
0.0306004
0.0322339
0.0339943
0.0358586
0.0377528
0.0397691
0.0415508
0.0430809
0.0451438
0.0475562
0.0498575
0.0521741
0.0546084
0.0570321
0.0594317
0.0619478
0.0647506
0.0676039
0.0704701
0.0734958
0.0766718
0.0799715
0.0833292
0.0868766
0.0904985
0.0942973
0.098206
0.102222
0.106422
0.110647
0.115138
0.119599
0.124251
0.128751
0.133097
0.0218949
0.0122323
0.00901839
0.0110949
0.0135792
0.0153958
0.0167447
0.0178986
0.0191663
0.0206571
0.0223116
0.0240021
0.0256073
0.0272236
0.0289339
0.0306011
0.0322346
0.033995
0.0358593
0.0377534
0.0397698
0.0415514
0.0430814
0.0451442
0.0475567
0.0498579
0.0521745
0.0546087
0.0570324
0.059432
0.061948
0.0647508
0.0676041
0.0704702
0.0734959
0.076672
0.0799717
0.0833293
0.0868767
0.0904986
0.0942974
0.0982061
0.102222
0.106422
0.110647
0.115138
0.119599
0.124252
0.128751
0.133097
0.0216653
0.012364
0.00911757
0.0111243
0.013592
0.0154046
0.0167511
0.0179033
0.0191696
0.0206595
0.0223133
0.0240035
0.0256084
0.0272245
0.0289347
0.0306018
0.0322353
0.0339956
0.0358599
0.037754
0.0397704
0.0415521
0.0430818
0.0451445
0.0475571
0.0498583
0.0521748
0.054609
0.0570327
0.0594322
0.0619482
0.064751
0.0676043
0.0704704
0.0734961
0.0766721
0.0799718
0.0833294
0.0868768
0.0904987
0.0942975
0.0982062
0.102223
0.106422
0.110647
0.115138
0.119599
0.124252
0.128751
0.133097
0.0214561
0.0125211
0.00924379
0.0111628
0.013608
0.0154158
0.0167596
0.0179099
0.0191747
0.0206631
0.0223158
0.0240053
0.0256099
0.0272257
0.0289356
0.0306026
0.0322359
0.0339962
0.0358606
0.0377546
0.0397711
0.0415528
0.0430822
0.0451448
0.0475576
0.0498587
0.0521752
0.0546094
0.0570331
0.0594325
0.0619485
0.0647512
0.0676045
0.0704706
0.0734963
0.0766723
0.079972
0.0833296
0.0868769
0.0904989
0.0942976
0.0982063
0.102223
0.106422
0.110647
0.115138
0.119599
0.124252
0.128752
0.133097
0.0212489
0.0126892
0.00938511
0.0112067
0.0136262
0.0154292
0.0167703
0.0179188
0.019182
0.0206684
0.0223193
0.0240077
0.0256117
0.0272272
0.0289368
0.0306034
0.0322365
0.0339967
0.0358611
0.0377552
0.0397719
0.0415537
0.0430826
0.0451451
0.0475581
0.0498592
0.0521756
0.0546098
0.0570334
0.0594328
0.0619487
0.0647515
0.0676047
0.0704708
0.0734964
0.0766725
0.0799721
0.0833297
0.0868771
0.090499
0.0942977
0.0982064
0.102223
0.106422
0.110647
0.115138
0.1196
0.124252
0.128752
0.133097
0.0210359
0.0128616
0.0095353
0.0112536
0.0136457
0.0154443
0.0167829
0.0179298
0.0191915
0.0206758
0.0223242
0.0240109
0.0256141
0.0272292
0.0289383
0.0306044
0.0322371
0.0339971
0.0358615
0.0377557
0.0397728
0.0415546
0.043083
0.0451455
0.0475586
0.0498596
0.052176
0.0546102
0.0570338
0.0594332
0.061949
0.0647517
0.067605
0.070471
0.0734966
0.0766726
0.0799723
0.0833298
0.0868772
0.0904991
0.0942978
0.0982066
0.102223
0.106422
0.110647
0.115138
0.1196
0.124252
0.128752
0.133098
0.0208182
0.0130369
0.00969247
0.0113024
0.0136659
0.0154606
0.0167967
0.0179422
0.0192027
0.020685
0.0223306
0.024015
0.0256171
0.0272316
0.0289402
0.0306057
0.0322379
0.0339974
0.0358616
0.037756
0.0397736
0.0415558
0.0430836
0.0451459
0.0475592
0.0498601
0.0521764
0.0546106
0.0570343
0.0594336
0.0619493
0.064752
0.0676053
0.0704712
0.0734968
0.0766728
0.0799725
0.08333
0.0868774
0.0904993
0.0942979
0.0982067
0.102223
0.106423
0.110648
0.115138
0.1196
0.124252
0.128752
0.133098
0.0205989
0.0132145
0.00985622
0.0113532
0.0136865
0.0154777
0.0168116
0.0179556
0.0192151
0.0206956
0.0223383
0.0240201
0.0256206
0.0272344
0.0289424
0.0306073
0.0322389
0.0339978
0.0358614
0.0377559
0.0397743
0.041557
0.0430844
0.0451464
0.0475598
0.0498605
0.0521768
0.0546111
0.0570348
0.059434
0.0619497
0.0647524
0.0676057
0.0704715
0.0734971
0.0766731
0.0799727
0.0833302
0.0868775
0.0904994
0.0942981
0.0982068
0.102223
0.106423
0.110648
0.115138
0.1196
0.124252
0.128753
0.133098
0.0203798
0.0133936
0.0100265
0.0114061
0.0137074
0.0154955
0.0168271
0.0179696
0.0192282
0.0207071
0.0223471
0.024026
0.0256247
0.0272375
0.0289449
0.0306094
0.0322404
0.0339984
0.0358612
0.0377554
0.0397747
0.0415583
0.0430853
0.0451472
0.0475605
0.0498609
0.0521772
0.0546115
0.0570353
0.0594345
0.0619501
0.0647528
0.0676061
0.0704718
0.0734973
0.0766733
0.0799729
0.0833304
0.0868777
0.0904996
0.0942983
0.098207
0.102223
0.106423
0.110648
0.115139
0.1196
0.124252
0.128753
0.133099
0.0201618
0.0135733
0.0102036
0.0114614
0.0137286
0.015514
0.0168434
0.0179841
0.0192418
0.0207192
0.0223565
0.0240327
0.0256292
0.0272408
0.0289476
0.0306117
0.0322423
0.0339994
0.0358609
0.0377545
0.0397745
0.0415593
0.0430864
0.0451484
0.0475615
0.0498613
0.0521774
0.0546119
0.0570358
0.0594351
0.0619506
0.0647533
0.0676065
0.0704723
0.0734977
0.0766736
0.0799731
0.0833306
0.0868779
0.0904998
0.0942984
0.0982072
0.102223
0.106423
0.110648
0.115139
0.1196
0.124253
0.128754
0.133099
0.0199454
0.0137528
0.0103873
0.0115193
0.0137501
0.015533
0.0168604
0.0179992
0.0192559
0.0207317
0.0223665
0.02404
0.0256343
0.0272443
0.0289502
0.0306141
0.0322446
0.0340007
0.0358609
0.0377532
0.0397737
0.0415598
0.0430875
0.0451499
0.0475629
0.0498618
0.0521776
0.0546121
0.0570362
0.0594356
0.0619512
0.0647539
0.0676071
0.0704727
0.0734981
0.076674
0.0799734
0.0833308
0.0868781
0.0905
0.0942986
0.0982073
0.102224
0.106423
0.110648
0.115139
0.1196
0.124253
0.128755
0.1331
0.0197309
0.0139314
0.0105778
0.0115802
0.0137716
0.0155526
0.0168781
0.0180147
0.0192703
0.0207446
0.0223769
0.0240476
0.0256397
0.0272478
0.028953
0.0306166
0.0322471
0.0340024
0.0358611
0.0377516
0.0397721
0.0415597
0.0430882
0.0451517
0.0475647
0.0498625
0.0521777
0.0546122
0.0570364
0.0594362
0.0619518
0.0647545
0.0676077
0.0704733
0.0734986
0.0766744
0.0799738
0.0833311
0.0868784
0.0905002
0.0942988
0.0982075
0.102224
0.106423
0.110648
0.115139
0.119601
0.124254
0.128756
0.133101
0.0195193
0.0141081
0.0107746
0.0116443
0.0137932
0.0155726
0.0168966
0.0180309
0.0192853
0.020758
0.0223876
0.0240556
0.0256454
0.0272515
0.0289557
0.0306191
0.0322497
0.0340043
0.0358614
0.0377499
0.0397696
0.0415588
0.0430885
0.0451536
0.047567
0.0498634
0.0521778
0.0546121
0.0570365
0.0594366
0.0619524
0.0647551
0.0676084
0.070474
0.0734993
0.076675
0.0799742
0.0833314
0.0868787
0.0905005
0.094299
0.0982078
0.102224
0.106424
0.110648
0.115139
0.119601
0.124254
0.128757
0.133102
0.019311
0.0142822
0.0109776
0.011712
0.0138149
0.015593
0.0169158
0.0180475
0.0193008
0.0207717
0.0223987
0.0240639
0.0256513
0.0272554
0.0289586
0.0306217
0.0322524
0.0340064
0.0358619
0.037748
0.0397659
0.0415568
0.043088
0.0451552
0.0475696
0.0498645
0.0521779
0.0546117
0.0570363
0.0594369
0.0619529
0.0647558
0.067609
0.0704747
0.0735
0.0766757
0.0799748
0.0833319
0.086879
0.0905007
0.0942993
0.098208
0.102224
0.106424
0.110649
0.11514
0.119601
0.124255
0.128758
0.133103
0.0191066
0.0144528
0.0111868
0.0117839
0.0138365
0.0156136
0.0169359
0.0180648
0.0193169
0.0207859
0.0224102
0.0240725
0.0256575
0.0272594
0.0289615
0.0306243
0.0322553
0.0340087
0.0358625
0.037746
0.0397616
0.0415538
0.0430869
0.0451564
0.0475725
0.0498659
0.0521779
0.0546112
0.0570359
0.059437
0.0619534
0.0647565
0.0676097
0.0704755
0.0735009
0.0766765
0.0799754
0.0833323
0.0868794
0.090501
0.0942995
0.0982082
0.102224
0.106424
0.110649
0.11514
0.119602
0.124255
0.12876
0.133105
0.0189066
0.0146195
0.0114021
0.0118606
0.0138582
0.0156343
0.0169567
0.0180829
0.0193336
0.0208006
0.022422
0.0240813
0.0256637
0.0272635
0.0289647
0.030627
0.0322582
0.0340111
0.0358632
0.0377439
0.0397565
0.0415493
0.0430853
0.0451569
0.0475752
0.0498674
0.0521779
0.0546106
0.0570353
0.0594369
0.0619539
0.0647571
0.0676103
0.0704762
0.0735018
0.0766775
0.0799762
0.0833329
0.0868798
0.0905014
0.0942998
0.0982084
0.102225
0.106424
0.110649
0.11514
0.119602
0.124256
0.128762
0.133106
0.0187112
0.0147816
0.0116236
0.0119428
0.01388
0.0156551
0.0169783
0.0181017
0.0193511
0.0208156
0.0224341
0.0240905
0.02567
0.0272678
0.028968
0.0306298
0.0322613
0.0340136
0.0358639
0.0377416
0.0397508
0.041544
0.0430833
0.0451569
0.0475777
0.049869
0.0521778
0.0546098
0.0570345
0.0594367
0.0619543
0.0647578
0.0676109
0.0704768
0.0735027
0.0766786
0.0799771
0.0833336
0.0868804
0.0905018
0.0943001
0.0982087
0.102225
0.106425
0.11065
0.115141
0.119603
0.124257
0.128764
0.133108
0.0185209
0.0149386
0.0118512
0.0120312
0.0139021
0.0156756
0.0170007
0.0181213
0.0193695
0.0208311
0.0224465
0.0241001
0.0256763
0.0272723
0.0289715
0.0306327
0.0322645
0.0340161
0.0358648
0.0377393
0.0397446
0.0415378
0.0430812
0.0451563
0.0475797
0.0498706
0.0521777
0.0546089
0.0570336
0.0594364
0.0619546
0.0647585
0.0676116
0.0704775
0.0735036
0.0766798
0.0799781
0.0833344
0.0868809
0.0905023
0.0943005
0.0982089
0.102225
0.106425
0.11065
0.115141
0.119603
0.124258
0.128766
0.13311
0.0183357
0.01509
0.0120847
0.0121265
0.0139245
0.0156959
0.0170237
0.0181419
0.0193886
0.020847
0.0224593
0.0241099
0.0256827
0.027277
0.0289751
0.0306358
0.0322678
0.0340185
0.0358658
0.0377371
0.0397381
0.0415309
0.0430794
0.0451555
0.0475811
0.0498721
0.0521775
0.054608
0.0570327
0.0594361
0.061955
0.0647592
0.0676122
0.0704781
0.0735045
0.0766809
0.0799792
0.0833352
0.0868816
0.0905028
0.0943009
0.0982092
0.102225
0.106425
0.11065
0.115142
0.119604
0.12426
0.128768
0.133113
0.0181561
0.0152352
0.0123239
0.0122297
0.0139475
0.0157156
0.0170474
0.0181635
0.0194085
0.0208634
0.0224724
0.0241201
0.0256893
0.027282
0.0289789
0.030639
0.0322713
0.034021
0.0358669
0.0377351
0.0397316
0.041524
0.0430784
0.045155
0.047582
0.0498735
0.0521773
0.054607
0.0570318
0.0594359
0.0619555
0.0647599
0.0676129
0.0704787
0.0735053
0.076682
0.0799803
0.0833361
0.0868823
0.0905033
0.0943013
0.0982095
0.102226
0.106425
0.110651
0.115142
0.119605
0.124261
0.128771
0.133115
0.0179828
0.0153737
0.0125682
0.0123415
0.0139714
0.0157347
0.0170715
0.018186
0.0194292
0.0208803
0.022486
0.0241307
0.0256962
0.0272874
0.0289829
0.0306424
0.0322748
0.0340235
0.0358682
0.0377335
0.0397254
0.0415174
0.0430785
0.0451552
0.0475824
0.0498748
0.052177
0.054606
0.0570309
0.0594358
0.0619563
0.0647607
0.0676136
0.0704793
0.0735061
0.0766831
0.0799814
0.0833371
0.086883
0.0905039
0.0943018
0.0982098
0.102226
0.106426
0.110651
0.115143
0.119605
0.124262
0.128774
0.133118
0.0178159
0.0155048
0.012817
0.0124625
0.0139967
0.0157529
0.0170961
0.0182095
0.0194506
0.0208979
0.0225002
0.0241416
0.0257036
0.0272931
0.0289872
0.030646
0.0322785
0.034026
0.0358697
0.0377324
0.0397194
0.0415116
0.0430802
0.0451565
0.0475825
0.049876
0.0521768
0.054605
0.05703
0.0594359
0.0619574
0.0647615
0.0676143
0.0704801
0.073507
0.0766841
0.0799825
0.083338
0.0868838
0.0905045
0.0943023
0.0982101
0.102226
0.106426
0.110651
0.115143
0.119606
0.124264
0.128778
0.133121
0.0176555
0.015628
0.0130695
0.0125934
0.0140237
0.01577
0.017121
0.018234
0.0194727
0.0209164
0.0225151
0.0241529
0.0257113
0.0272993
0.0289917
0.0306498
0.0322823
0.0340286
0.0358713
0.0377318
0.0397139
0.0415067
0.0430836
0.0451592
0.0475823
0.0498771
0.0521765
0.0546039
0.0570292
0.0594362
0.0619589
0.0647623
0.067615
0.070481
0.073508
0.0766851
0.0799835
0.083339
0.0868846
0.0905052
0.0943028
0.0982104
0.102226
0.106426
0.110652
0.115144
0.119607
0.124265
0.128781
0.133124
0.0175029
0.0157428
0.0133245
0.0127348
0.0140533
0.015786
0.017146
0.0182595
0.0194955
0.0209357
0.0225308
0.0241647
0.0257197
0.0273059
0.0289965
0.0306538
0.0322862
0.0340314
0.0358731
0.0377317
0.0397087
0.0415029
0.0430889
0.0451634
0.0475822
0.049878
0.0521762
0.0546028
0.0570283
0.0594368
0.0619609
0.0647632
0.0676157
0.070482
0.0735091
0.076686
0.0799845
0.0833399
0.0868854
0.0905058
0.0943033
0.0982108
0.102227
0.106426
0.110652
0.115145
0.119608
0.124267
0.128785
0.133127
0.0173592
0.0158492
0.0135808
0.012887
0.014086
0.0158009
0.0171709
0.0182859
0.019519
0.0209559
0.0225474
0.0241771
0.0257285
0.027313
0.0290017
0.0306581
0.0322903
0.0340344
0.035875
0.0377321
0.0397039
0.0415001
0.0430961
0.045169
0.0475821
0.0498786
0.0521761
0.0546017
0.0570273
0.0594376
0.0619632
0.0647642
0.0676163
0.0704832
0.0735104
0.0766869
0.0799854
0.0833409
0.0868863
0.0905065
0.0943039
0.0982111
0.102227
0.106427
0.110653
0.115145
0.119609
0.124269
0.128789
0.13313
0.0172242
0.0159477
0.0138375
0.0130501
0.0141226
0.0158144
0.0171954
0.0183132
0.0195434
0.0209771
0.0225648
0.02419
0.025738
0.0273206
0.0290073
0.0306627
0.0322945
0.0340377
0.0358771
0.0377327
0.0396994
0.041498
0.0431046
0.0451759
0.0475822
0.0498791
0.0521759
0.0546006
0.0570263
0.0594387
0.061966
0.0647654
0.0676168
0.0704846
0.073512
0.0766878
0.0799863
0.0833419
0.0868872
0.0905072
0.0943045
0.0982115
0.102227
0.106427
0.110653
0.115146
0.11961
0.124271
0.128793
0.133134
0.0170978
0.0160381
0.014093
0.0132244
0.0141644
0.0158268
0.0172191
0.0183412
0.0195687
0.0209991
0.0225831
0.0242035
0.025748
0.0273285
0.0290133
0.0306676
0.0322989
0.0340412
0.0358794
0.0377336
0.039695
0.0414965
0.0431143
0.0451838
0.0475824
0.0498794
0.0521759
0.0545995
0.0570253
0.05944
0.0619691
0.0647666
0.0676173
0.0704861
0.0735136
0.0766887
0.0799872
0.0833429
0.0868881
0.090508
0.0943051
0.0982119
0.102228
0.106427
0.110653
0.115147
0.119611
0.124273
0.128797
0.133137
0.0169804
0.0161211
0.0143458
0.0134089
0.0142122
0.0158385
0.0172422
0.01837
0.019595
0.0210221
0.0226021
0.0242176
0.0257585
0.0273369
0.0290197
0.0306728
0.0323036
0.0340449
0.0358817
0.0377346
0.0396908
0.0414955
0.0431251
0.0451926
0.0475829
0.0498795
0.0521759
0.0545984
0.0570242
0.0594415
0.0619725
0.064768
0.0676178
0.0704877
0.0735155
0.0766897
0.0799882
0.0833439
0.0868891
0.0905088
0.0943057
0.0982123
0.102228
0.106427
0.110654
0.115147
0.119612
0.124275
0.128802
0.133141
0.016872
0.0161973
0.0145946
0.0136035
0.0142672
0.0158495
0.0172638
0.0183993
0.0196223
0.0210459
0.0226218
0.0242324
0.0257696
0.0273456
0.0290265
0.0306783
0.0323084
0.0340488
0.0358841
0.0377357
0.0396866
0.0414947
0.0431365
0.045202
0.0475835
0.0498794
0.052176
0.0545973
0.057023
0.0594431
0.0619761
0.0647695
0.0676183
0.0704895
0.0735174
0.0766907
0.0799891
0.083345
0.08689
0.0905096
0.0943064
0.0982128
0.102228
0.106428
0.110654
0.115148
0.119613
0.124277
0.128806
0.133145
0.0167739
0.0162677
0.0148375
0.0138068
0.0143307
0.0158605
0.017284
0.0184289
0.0196506
0.0210706
0.0226423
0.0242479
0.0257811
0.0273547
0.0290337
0.0306841
0.0323134
0.0340528
0.0358867
0.0377368
0.0396825
0.041494
0.0431484
0.0452119
0.0475842
0.0498791
0.0521761
0.0545962
0.0570219
0.0594449
0.0619799
0.0647712
0.0676188
0.0704913
0.0735195
0.0766919
0.0799901
0.0833461
0.0868911
0.0905104
0.0943071
0.0982132
0.102229
0.106428
0.110655
0.115149
0.119614
0.124279
0.128811
0.133149
0.0166891
0.0163352
0.0150733
0.0140167
0.0144026
0.015872
0.0173027
0.0184588
0.0196802
0.0210964
0.0226636
0.0242641
0.0257932
0.0273641
0.0290413
0.0306901
0.0323186
0.034057
0.0358893
0.0377378
0.0396783
0.0414935
0.0431606
0.0452221
0.047585
0.0498788
0.0521762
0.0545951
0.0570207
0.0594468
0.0619838
0.0647729
0.0676194
0.0704933
0.0735216
0.076693
0.0799912
0.0833472
0.0868922
0.0905112
0.0943078
0.0982137
0.102229
0.106429
0.110656
0.11515
0.119616
0.124281
0.128816
0.133153
0.0166166
0.0163993
0.0153026
0.0142351
0.0144855
0.0158844
0.0173191
0.0184879
0.0197104
0.0211229
0.0226857
0.024281
0.0258059
0.027374
0.0290492
0.0306964
0.032324
0.0340613
0.035892
0.0377388
0.0396742
0.041493
0.0431729
0.0452324
0.0475859
0.0498783
0.0521764
0.054594
0.0570196
0.0594487
0.0619877
0.0647747
0.0676201
0.0704953
0.0735238
0.0766942
0.0799923
0.0833484
0.0868933
0.0905121
0.0943086
0.0982141
0.10223
0.106429
0.110656
0.115151
0.119617
0.124284
0.128821
0.133158
0.0165567
0.0164609
0.0155225
0.014459
0.0145798
0.0158998
0.0173344
0.018517
0.0197419
0.0211507
0.0227087
0.0242986
0.0258191
0.0273844
0.0290576
0.0307031
0.0323297
0.0340658
0.0358948
0.0377399
0.0396702
0.0414926
0.0431853
0.0452429
0.0475869
0.0498779
0.0521765
0.054593
0.0570184
0.0594508
0.0619917
0.0647767
0.0676208
0.0704974
0.0735261
0.0766955
0.0799934
0.0833496
0.0868944
0.0905131
0.0943093
0.0982146
0.10223
0.10643
0.110657
0.115152
0.119619
0.124286
0.128827
0.133162
0.0165077
0.0165237
0.0157321
0.0146845
0.014684
0.0159177
0.0173482
0.0185454
0.0197743
0.0211799
0.0227327
0.024317
0.025833
0.0273951
0.0290663
0.0307101
0.0323356
0.0340705
0.0358978
0.0377409
0.0396662
0.0414922
0.0431976
0.0452534
0.0475879
0.0498774
0.0521767
0.0545919
0.0570174
0.0594529
0.0619958
0.0647787
0.0676216
0.0704995
0.0735284
0.0766969
0.0799946
0.0833509
0.0868956
0.090514
0.0943102
0.0982152
0.10223
0.10643
0.110658
0.115153
0.11962
0.124289
0.128832
0.133167
0.0164644
0.0165862
0.0159339
0.0149146
0.0147996
0.0159379
0.0173588
0.0185713
0.0198063
0.0212097
0.0227576
0.0243361
0.0258474
0.0274064
0.0290754
0.0307172
0.0323417
0.0340752
0.0359008
0.0377419
0.0396623
0.0414919
0.0432099
0.0452641
0.047589
0.049877
0.0521768
0.0545909
0.0570163
0.059455
0.0619999
0.0647807
0.0676224
0.0705017
0.0735308
0.0766983
0.0799958
0.0833522
0.0868969
0.090515
0.094311
0.0982157
0.102231
0.106431
0.110658
0.115154
0.119622
0.124292
0.128838
0.133172
0.0164347
0.0166501
0.0161249
0.015145
0.0149279
0.0159655
0.0173706
0.0185973
0.0198394
0.0212409
0.0227837
0.0243562
0.0258625
0.0274183
0.0290851
0.0307249
0.0323481
0.0340802
0.0359039
0.0377429
0.0396584
0.0414917
0.043222
0.0452747
0.0475902
0.0498767
0.052177
0.05459
0.0570153
0.0594573
0.0620041
0.0647828
0.0676233
0.070504
0.0735332
0.0766997
0.0799971
0.0833536
0.0868982
0.0905161
0.0943119
0.0982162
0.102231
0.106431
0.110659
0.115155
0.119623
0.124294
0.128844
0.133177
0.0164156
0.0167184
0.016306
0.0153729
0.0150655
0.015999
0.0173821
0.0186217
0.0198725
0.0212735
0.0228112
0.0243772
0.0258783
0.0274308
0.0290951
0.0307328
0.0323548
0.0340854
0.0359071
0.037744
0.0396547
0.0414915
0.0432341
0.0452853
0.0475915
0.0498764
0.0521771
0.054589
0.0570144
0.0594596
0.0620083
0.064785
0.0676243
0.0705064
0.0735358
0.0767012
0.0799985
0.083355
0.0868995
0.0905172
0.0943128
0.0982168
0.102232
0.106432
0.11066
0.115156
0.119625
0.124297
0.128851
0.133183
0.0164053
0.0167925
0.0164817
0.0155995
0.0152104
0.0160364
0.0173909
0.0186424
0.0199039
0.0213063
0.0228396
0.024399
0.0258946
0.0274436
0.0291054
0.030741
0.0323617
0.0340907
0.0359104
0.037745
0.0396511
0.0414914
0.0432459
0.0452959
0.047593
0.0498763
0.0521773
0.0545881
0.0570135
0.0594619
0.0620126
0.0647872
0.0676253
0.0705088
0.0735384
0.0767028
0.0799999
0.0833565
0.0869009
0.0905183
0.0943138
0.0982174
0.102233
0.106432
0.110661
0.115157
0.119627
0.1243
0.128857
0.133188
0.0164186
0.0168735
0.0166478
0.0158216
0.0153662
0.016086
0.0174045
0.0186639
0.0199358
0.0213404
0.0228697
0.0244223
0.0259118
0.0274572
0.0291164
0.0307496
0.0323689
0.0340962
0.0359139
0.0377462
0.0396476
0.0414914
0.0432577
0.0453065
0.0475946
0.0498762
0.0521776
0.0545873
0.0570126
0.0594644
0.062017
0.0647895
0.0676264
0.0705114
0.073541
0.0767045
0.0800013
0.083358
0.0869023
0.0905195
0.0943147
0.098218
0.102233
0.106433
0.110662
0.115159
0.119629
0.124304
0.128864
0.133194
0.0164421
0.0169599
0.0168051
0.016037
0.0155277
0.0161442
0.0174202
0.0186839
0.0199665
0.0213753
0.0229015
0.0244469
0.02593
0.0274716
0.0291279
0.0307588
0.0323766
0.0341021
0.0359175
0.0377474
0.0396443
0.0414915
0.0432694
0.0453172
0.0475964
0.0498763
0.0521778
0.0545865
0.0570118
0.0594668
0.0620214
0.0647918
0.0676276
0.070514
0.0735438
0.0767062
0.0800028
0.0833596
0.0869038
0.0905207
0.0943158
0.0982187
0.102234
0.106434
0.110663
0.11516
0.119631
0.124307
0.128871
0.1332
0.0164772
0.017058
0.0169597
0.016245
0.0156902
0.0162069
0.0174347
0.0186998
0.0199938
0.0214091
0.0229337
0.0244723
0.0259486
0.0274861
0.0291397
0.030768
0.0323843
0.0341078
0.0359211
0.0377486
0.0396412
0.0414917
0.0432808
0.0453277
0.0475984
0.0498764
0.0521781
0.0545857
0.0570111
0.0594694
0.0620259
0.0647943
0.0676289
0.0705166
0.0735466
0.076708
0.0800044
0.0833613
0.0869054
0.0905219
0.0943169
0.0982194
0.102234
0.106434
0.110664
0.115161
0.119634
0.12431
0.128878
0.133206
0.0165449
0.0171689
0.0171085
0.0164466
0.0158612
0.0162843
0.0174583
0.0187188
0.0200216
0.0214437
0.0229681
0.0245
0.0259686
0.0275015
0.0291522
0.0307779
0.0323925
0.034114
0.035925
0.03775
0.0396383
0.0414921
0.0432922
0.0453382
0.0476005
0.0498767
0.0521785
0.054585
0.0570105
0.059472
0.0620304
0.0647968
0.0676303
0.0705194
0.0735495
0.0767098
0.0800061
0.083363
0.086907
0.0905232
0.094318
0.0982201
0.102235
0.106435
0.110665
0.115163
0.119636
0.124314
0.128885
0.133213
0.016619
0.0172845
0.0172495
0.0166401
0.0160344
0.0163704
0.0174862
0.0187374
0.0200475
0.0214778
0.0230038
0.0245294
0.0259899
0.0275178
0.0291655
0.0307885
0.0324012
0.0341206
0.0359291
0.0377514
0.0396358
0.0414925
0.0433034
0.0453487
0.0476028
0.0498771
0.0521789
0.0545843
0.0570099
0.0594746
0.062035
0.0647994
0.0676318
0.0705222
0.0735525
0.0767118
0.0800078
0.0833647
0.0869087
0.0905246
0.0943191
0.0982209
0.102236
0.106436
0.110666
0.115165
0.119638
0.124318
0.128893
0.13322
0.0167088
0.0174116
0.0173855
0.0168218
0.0162032
0.0164594
0.0175152
0.0187537
0.0200697
0.021509
0.023039
0.0245597
0.0260119
0.0275343
0.0291788
0.030799
0.0324099
0.0341271
0.0359331
0.0377528
0.0396332
0.0414932
0.0433145
0.045359
0.0476053
0.0498776
0.0521794
0.0545837
0.0570094
0.0594773
0.0620397
0.064802
0.0676333
0.0705251
0.0735556
0.0767138
0.0800096
0.0833665
0.0869104
0.090526
0.0943203
0.0982216
0.102237
0.106437
0.110667
0.115166
0.119641
0.124321
0.128901
0.133227
0.01686
0.0175582
0.0175195
0.0169963
0.0163754
0.0165604
0.017555
0.0187754
0.0200928
0.0215398
0.0230758
0.0245926
0.0260358
0.0275518
0.0291927
0.0308101
0.0324191
0.0341342
0.0359375
0.0377546
0.0396311
0.0414941
0.0433254
0.0453694
0.0476079
0.0498782
0.0521799
0.0545832
0.057009
0.0594801
0.0620444
0.0648048
0.067635
0.0705281
0.0735587
0.0767159
0.0800115
0.0833684
0.0869122
0.0905275
0.0943216
0.0982225
0.102237
0.106438
0.110668
0.115168
0.119644
0.124326
0.128909
0.133234
0.0170408
0.0177183
0.0176542
0.0171668
0.0165491
0.0166683
0.0176009
0.0187995
0.020115
0.0215689
0.0231125
0.0246272
0.0260614
0.0275705
0.0292078
0.0308223
0.032429
0.0341415
0.035942
0.0377564
0.0396291
0.0414951
0.0433362
0.0453797
0.0476108
0.049879
0.0521805
0.0545828
0.0570087
0.059483
0.0620492
0.0648077
0.0676367
0.0705312
0.0735619
0.0767181
0.0800134
0.0833704
0.086914
0.090529
0.0943229
0.0982233
0.102238
0.106438
0.110669
0.11517
0.119647
0.12433
0.128917
0.133242
0.0172071
0.0178832
0.0177889
0.0173279
0.0167161
0.0167764
0.0176501
0.0188257
0.0201359
0.0215949
0.0231477
0.024663
0.0260888
0.0275901
0.029223
0.0308342
0.0324386
0.0341487
0.0359466
0.0377582
0.0396275
0.0414963
0.0433468
0.0453898
0.0476138
0.0498799
0.0521812
0.0545825
0.0570086
0.0594859
0.062054
0.0648106
0.0676386
0.0705344
0.0735653
0.0767204
0.0800154
0.0833724
0.0869159
0.0905305
0.0943243
0.0982242
0.102239
0.106439
0.110671
0.115172
0.11965
0.124334
0.128926
0.133249
0.0173541
0.0180489
0.0179222
0.0174803
0.0168794
0.016888
0.0177058
0.018857
0.0201585
0.0216194
0.0231822
0.0247003
0.026118
0.0276105
0.0292385
0.0308468
0.0324491
0.0341568
0.0359517
0.0377604
0.0396261
0.0414978
0.0433573
0.0453999
0.047617
0.049881
0.052182
0.0545822
0.0570085
0.059489
0.0620589
0.0648137
0.0676406
0.0705377
0.0735687
0.0767227
0.0800176
0.0833745
0.0869179
0.0905321
0.0943257
0.0982252
0.10224
0.10644
0.110672
0.115174
0.119653
0.124339
0.128935
0.133258
0.0174769
0.0182126
0.0180587
0.0176307
0.017043
0.0170039
0.0177669
0.0188928
0.0201831
0.0216426
0.0232148
0.024738
0.026149
0.0276328
0.0292558
0.0308607
0.0324601
0.0341648
0.0359568
0.0377626
0.0396249
0.0414994
0.0433676
0.0454099
0.0476204
0.0498822
0.0521828
0.0545821
0.0570086
0.0594921
0.0620638
0.0648168
0.0676427
0.0705411
0.0735722
0.0767252
0.0800198
0.0833767
0.08692
0.0905338
0.0943272
0.0982262
0.102241
0.106442
0.110674
0.115176
0.119656
0.124343
0.128944
0.133266
0.0175821
0.0183781
0.0182026
0.0177797
0.0172038
0.0171207
0.0178311
0.018933
0.0202103
0.0216645
0.0232453
0.0247766
0.0261827
0.0276571
0.0292736
0.0308742
0.0324708
0.0341731
0.0359622
0.0377651
0.0396242
0.0415013
0.0433778
0.0454198
0.047624
0.0498835
0.0521838
0.0545821
0.0570088
0.0594952
0.0620688
0.0648201
0.067645
0.0705446
0.0735758
0.0767278
0.0800221
0.0833789
0.0869221
0.0905355
0.0943287
0.0982273
0.102242
0.106443
0.110675
0.115178
0.11966
0.124348
0.128953
0.133275
0.0176772
0.0185464
0.0183505
0.0179235
0.0173607
0.0172396
0.0178988
0.0189773
0.0202402
0.0216862
0.0232745
0.0248153
0.0262177
0.0276822
0.0292919
0.0308885
0.0324825
0.0341821
0.035968
0.0377677
0.0396237
0.0415034
0.0433878
0.0454296
0.0476278
0.0498851
0.0521849
0.0545822
0.0570091
0.0594985
0.0620739
0.0648234
0.0676473
0.0705482
0.0735795
0.0767304
0.0800245
0.0833812
0.0869244
0.0905373
0.0943303
0.0982284
0.102243
0.106444
0.110677
0.11518
0.119663
0.124353
0.128962
0.133284
0.0177663
0.0187137
0.0184985
0.0180634
0.017516
0.0173611
0.017969
0.0190251
0.0202742
0.0217084
0.023301
0.0248524
0.0262536
0.0277093
0.0293124
0.0309043
0.0324945
0.0341908
0.0359737
0.0377705
0.0396236
0.0415058
0.0433977
0.0454393
0.0476318
0.0498869
0.0521861
0.0545824
0.0570096
0.0595019
0.062079
0.0648269
0.0676498
0.0705519
0.0735833
0.0767332
0.080027
0.0833836
0.0869267
0.0905392
0.094332
0.0982295
0.102245
0.106445
0.110679
0.115183
0.119667
0.124359
0.128972
0.133293
0.0178504
0.0188771
0.0186487
0.0182021
0.0176687
0.0174835
0.0180413
0.0190764
0.0203118
0.0217309
0.0233253
0.0248892
0.0262917
0.0277389
0.029334
0.0309202
0.0325064
0.0342
0.0359802
0.0377739
0.0396239
0.0415085
0.0434074
0.0454489
0.0476359
0.0498888
0.0521875
0.0545828
0.0570103
0.0595053
0.0620842
0.0648305
0.0676525
0.0705557
0.0735872
0.0767361
0.0800296
0.0833861
0.0869291
0.0905411
0.0943337
0.0982307
0.102246
0.106447
0.110681
0.115185
0.119671
0.124364
0.128982
0.133303
0.0179287
0.019037
0.0188009
0.018338
0.0178183
0.0176086
0.0181159
0.0191289
0.0203522
0.0217554
0.0233492
0.0249253
0.0263303
0.0277692
0.0293565
0.0309375
0.0325195
0.0342097
0.0359867
0.0377771
0.0396244
0.0415114
0.0434171
0.0454584
0.0476403
0.049891
0.0521891
0.0545834
0.0570111
0.0595089
0.0620895
0.0648343
0.0676553
0.0705596
0.0735913
0.0767391
0.0800324
0.0833887
0.0869315
0.0905431
0.0943355
0.098232
0.102247
0.106448
0.110683
0.115188
0.119676
0.12437
0.128992
0.133313
0.0179993
0.019192
0.0189542
0.0184721
0.0179653
0.0177347
0.0181915
0.0191832
0.0203977
0.0217831
0.0233716
0.0249591
0.0263687
0.0278011
0.0293813
0.0309563
0.032533
0.0342193
0.0359932
0.0377808
0.0396254
0.0415146
0.0434266
0.0454679
0.0476449
0.0498933
0.0521907
0.0545842
0.0570121
0.0595126
0.0620948
0.0648381
0.0676582
0.0705637
0.0735954
0.0767422
0.0800352
0.0833914
0.0869341
0.0905452
0.0943374
0.0982334
0.102249
0.10645
0.110685
0.115191
0.11968
0.124376
0.129002
0.133323
0.0180634
0.0193434
0.0191096
0.0186037
0.018107
0.0178619
0.0182702
0.0192399
0.0204467
0.0218128
0.0233929
0.0249915
0.0264079
0.0278348
0.0294076
0.030976
0.0325468
0.0342293
0.0360004
0.0377848
0.0396267
0.0415181
0.043436
0.0454772
0.0476497
0.0498959
0.0521926
0.0545851
0.0570133
0.0595163
0.0621001
0.0648421
0.0676613
0.0705679
0.0735997
0.0767455
0.0800382
0.0833941
0.0869368
0.0905474
0.0943394
0.0982348
0.10225
0.106451
0.110687
0.115194
0.119685
0.124382
0.129013
0.133334
0.0181219
0.0194902
0.0192643
0.0187315
0.0182449
0.0179922
0.0183525
0.0192965
0.0204975
0.0218452
0.0234145
0.0250231
0.026447
0.027869
0.0294349
0.0309973
0.0325621
0.0342399
0.0360077
0.037789
0.0396284
0.0415219
0.0434453
0.0454864
0.0476547
0.0498988
0.0521947
0.0545863
0.0570148
0.0595202
0.0621056
0.0648462
0.0676646
0.0705722
0.073604
0.0767489
0.0800413
0.083397
0.0869396
0.0905496
0.0943415
0.0982363
0.102252
0.106453
0.110689
0.115197
0.119689
0.124388
0.129024
0.133345
0.0181732
0.0196297
0.0194185
0.0188587
0.0183799
0.0181235
0.0184366
0.0193528
0.0205507
0.0218815
0.0234368
0.0250533
0.0264853
0.0279035
0.0294639
0.0310205
0.0325781
0.0342505
0.0360152
0.0377935
0.0396304
0.0415259
0.0434546
0.0454956
0.0476599
0.0499019
0.052197
0.0545876
0.0570164
0.0595242
0.0621111
0.0648505
0.067668
0.0705766
0.0736085
0.0767524
0.0800445
0.0834
0.0869424
0.0905519
0.0943436
0.0982379
0.102253
0.106455
0.110692
0.1152
0.119694
0.124395
0.129035
0.133357
0.0182194
0.0197627
0.0195736
0.0189855
0.0185098
0.0182542
0.0185234
0.0194095
0.0206063
0.0219215
0.0234597
0.0250819
0.0265233
0.0279389
0.0294942
0.0310451
0.0325952
0.0342618
0.0360232
0.0377984
0.0396327
0.0415302
0.0434638
0.0455047
0.0476653
0.0499052
0.0521995
0.0545893
0.0570183
0.0595283
0.0621168
0.0648549
0.0676716
0.0705811
0.0736132
0.0767561
0.0800479
0.0834031
0.0869454
0.0905544
0.0943459
0.0982396
0.102255
0.106457
0.110694
0.115204
0.119699
0.124402
0.129046
0.133368
0.0182593
0.0198875
0.0197286
0.0191119
0.0186341
0.018384
0.0186143
0.0194676
0.0206631
0.0219644
0.0234832
0.0251103
0.0265615
0.0279744
0.029525
0.0310713
0.0326137
0.0342738
0.0360314
0.0378035
0.0396355
0.0415347
0.0434729
0.0455138
0.0476709
0.0499089
0.0522022
0.0545911
0.0570203
0.0595326
0.0621224
0.0648595
0.0676754
0.0705858
0.0736179
0.0767599
0.0800514
0.0834063
0.0869486
0.0905569
0.0943482
0.0982413
0.102257
0.106459
0.110697
0.115207
0.119705
0.124409
0.129057
0.133381
0.0182953
0.0200045
0.0198832
0.019238
0.0187527
0.0185128
0.0187097
0.0195256
0.0207194
0.0220105
0.0235089
0.0251382
0.0265989
0.0280092
0.0295563
0.0310994
0.0326337
0.0342861
0.03604
0.0378092
0.0396386
0.0415394
0.043482
0.0455229
0.0476767
0.0499127
0.0522052
0.0545932
0.0570227
0.059537
0.0621282
0.0648642
0.0676793
0.0705907
0.0736228
0.0767639
0.080055
0.0834096
0.0869518
0.0905595
0.0943507
0.0982432
0.102259
0.106461
0.1107
0.115211
0.11971
0.124416
0.129069
0.133393
0.0183311
0.0201129
0.0200352
0.0193648
0.018867
0.0186396
0.018808
0.0195835
0.0207757
0.0220604
0.0235362
0.0251649
0.0266362
0.0280444
0.029588
0.0311289
0.0326553
0.0342993
0.0360491
0.0378153
0.0396419
0.0415443
0.0434911
0.0455319
0.0476827
0.0499169
0.0522085
0.0545956
0.0570252
0.0595415
0.0621342
0.0648691
0.0676835
0.0705956
0.0736279
0.076768
0.0800588
0.0834131
0.0869551
0.0905622
0.0943532
0.0982452
0.102261
0.106464
0.110703
0.115215
0.119716
0.124424
0.129081
0.133406
0.0183653
0.0202103
0.0201837
0.0194941
0.0189769
0.0187615
0.0189091
0.0196431
0.020832
0.0221131
0.0235652
0.0251917
0.0266739
0.0280796
0.0296193
0.0311596
0.0326786
0.0343134
0.0360585
0.0378218
0.0396458
0.0415494
0.0435001
0.0455409
0.047689
0.0499214
0.052212
0.0545983
0.0570281
0.0595462
0.0621401
0.0648742
0.0676878
0.0706008
0.0736331
0.0767723
0.0800628
0.0834166
0.0869586
0.0905649
0.0943559
0.0982472
0.102263
0.106466
0.110706
0.115219
0.119722
0.124432
0.129093
0.133419
0.0183973
0.0202978
0.0203279
0.0196254
0.0190824
0.0188782
0.0190141
0.0197051
0.0208868
0.0221679
0.0235968
0.025218
0.0267114
0.0281146
0.0296502
0.0311912
0.0327037
0.0343283
0.0360685
0.037829
0.0396501
0.0415546
0.043509
0.0455499
0.0476955
0.0499262
0.0522158
0.0546013
0.0570312
0.0595511
0.0621463
0.0648794
0.0676924
0.0706061
0.0736384
0.0767767
0.0800669
0.0834203
0.0869622
0.0905679
0.0943586
0.0982495
0.102265
0.106469
0.110709
0.115224
0.119728
0.12444
0.129105
0.133432
0.0184318
0.0203783
0.0204662
0.0197586
0.0191856
0.0189894
0.0191211
0.0197686
0.0209392
0.0222247
0.023631
0.0252441
0.0267491
0.0281502
0.0296805
0.0312233
0.0327306
0.0343444
0.036079
0.0378368
0.0396547
0.04156
0.043518
0.0455589
0.0477021
0.0499312
0.05222
0.0546047
0.0570346
0.0595561
0.0621525
0.0648849
0.0676971
0.0706115
0.0736439
0.0767813
0.0800711
0.0834242
0.086966
0.0905709
0.0943615
0.0982518
0.102268
0.106472
0.110713
0.115229
0.119735
0.124449
0.129118
0.133446
0.0184725
0.0204528
0.0205957
0.019892
0.0192867
0.0190929
0.0192282
0.019835
0.0209904
0.0222833
0.0236685
0.02527
0.0267866
0.0281862
0.0297101
0.0312555
0.0327593
0.034362
0.0360897
0.037845
0.0396601
0.0415657
0.0435268
0.045568
0.047709
0.0499366
0.0522245
0.0546084
0.0570383
0.0595613
0.0621589
0.0648904
0.0677021
0.0706172
0.0736496
0.0767861
0.0800756
0.0834282
0.0869698
0.0905741
0.0943645
0.0982543
0.10227
0.106475
0.110716
0.115234
0.119742
0.124457
0.129131
0.13346
0.0185185
0.0205209
0.0207142
0.0200245
0.0193883
0.0191896
0.0193352
0.0199057
0.0210397
0.0223419
0.0237085
0.0252954
0.0268239
0.0282234
0.0297394
0.0312874
0.0327894
0.0343808
0.0361011
0.0378539
0.0396662
0.0415715
0.0435355
0.045577
0.0477161
0.0499423
0.0522293
0.0546125
0.0570422
0.0595666
0.0621654
0.0648962
0.0677072
0.070623
0.0736555
0.0767911
0.0800802
0.0834323
0.0869739
0.0905773
0.0943677
0.0982569
0.102273
0.106478
0.11072
0.115239
0.119748
0.124467
0.129144
0.133475
0.0185709
0.0205859
0.0208231
0.0201554
0.0194913
0.0192795
0.019439
0.0199794
0.0210866
0.0223999
0.0237522
0.0253216
0.0268612
0.0282614
0.0297682
0.0313185
0.0328205
0.0344015
0.0361134
0.0378633
0.0396727
0.0415776
0.0435444
0.045586
0.0477233
0.0499483
0.0522346
0.0546169
0.0570465
0.0595722
0.0621721
0.0649023
0.0677126
0.0706289
0.0736615
0.0767963
0.080085
0.0834367
0.0869781
0.0905808
0.0943709
0.0982597
0.102276
0.106481
0.110724
0.115244
0.119756
0.124476
0.129157
0.13349
0.01863
0.0206506
0.0209222
0.0202807
0.0195947
0.0193628
0.0195379
0.020057
0.021133
0.0224569
0.0237994
0.0253481
0.0268973
0.0283002
0.0297968
0.031349
0.0328527
0.0344238
0.0361263
0.037873
0.03968
0.0415841
0.043553
0.0455952
0.0477308
0.0499546
0.0522402
0.0546219
0.0570511
0.0595779
0.0621789
0.0649085
0.0677183
0.0706351
0.0736677
0.0768017
0.08009
0.0834412
0.0869824
0.0905843
0.0943744
0.0982627
0.102279
0.106485
0.110728
0.11525
0.119763
0.124486
0.129171
0.133505
0.0186928
0.0207156
0.0210105
0.0203977
0.0196993
0.0194422
0.0196309
0.0201381
0.021179
0.022511
0.0238491
0.025375
0.0269327
0.0283408
0.0298257
0.0313784
0.032885
0.0344474
0.0361403
0.0378832
0.0396881
0.0415913
0.0435617
0.0456042
0.0477387
0.0499612
0.052246
0.0546271
0.0570561
0.0595839
0.0621859
0.064915
0.0677241
0.0706416
0.0736742
0.0768073
0.0800952
0.0834458
0.086987
0.0905881
0.0943779
0.0982658
0.102282
0.106489
0.110733
0.115256
0.119771
0.124495
0.129185
0.13352
0.0187576
0.0207817
0.0210899
0.0205059
0.0198044
0.0195182
0.019716
0.0202207
0.0212254
0.022562
0.0239015
0.0254036
0.026967
0.0283821
0.0298551
0.0314069
0.0329173
0.0344724
0.0361557
0.037894
0.0396965
0.0415991
0.0435707
0.045613
0.0477464
0.0499683
0.0522524
0.0546326
0.0570613
0.0595902
0.0621932
0.0649217
0.0677302
0.0706481
0.0736808
0.0768132
0.0801006
0.0834506
0.0869916
0.0905919
0.0943817
0.0982691
0.102285
0.106493
0.110737
0.115262
0.119779
0.124506
0.129199
0.133536
0.0188218
0.020849
0.0211626
0.0206032
0.0199068
0.0195923
0.0197929
0.0203037
0.0212734
0.0226094
0.0239562
0.0254343
0.0269991
0.0284242
0.0298852
0.0314345
0.0329497
0.0344984
0.0361722
0.0379054
0.0397052
0.0416073
0.04358
0.0456222
0.0477543
0.0499754
0.0522592
0.0546389
0.0570669
0.0595965
0.0622005
0.0649286
0.0677366
0.0706549
0.0736875
0.0768193
0.0801063
0.0834557
0.0869965
0.0905959
0.0943855
0.0982726
0.102289
0.106497
0.110742
0.115269
0.119787
0.124516
0.129213
0.133552
0.0188814
0.0209165
0.0212298
0.0206885
0.0200048
0.019666
0.019862
0.0203851
0.0213235
0.0226527
0.0240111
0.0254674
0.02703
0.0284672
0.0299164
0.0314605
0.0329815
0.0345253
0.0361897
0.0379177
0.0397144
0.0416162
0.0435897
0.0456313
0.0477626
0.0499831
0.052266
0.0546452
0.0570731
0.0596034
0.062208
0.0649357
0.0677433
0.070662
0.0736946
0.0768255
0.080112
0.0834609
0.0870016
0.0906003
0.0943896
0.0982763
0.102292
0.106502
0.110747
0.115275
0.119795
0.124527
0.129228
0.133568
0.0189349
0.0209824
0.0212928
0.0207629
0.0200963
0.019739
0.0199233
0.020463
0.0213763
0.0226922
0.0240653
0.0255035
0.0270595
0.0285099
0.0299491
0.0314859
0.0330127
0.0345526
0.0362086
0.0379311
0.0397238
0.0416253
0.0436001
0.0456406
0.0477707
0.0499913
0.0522736
0.0546518
0.0570791
0.0596105
0.0622161
0.0649432
0.0677502
0.0706692
0.0737019
0.0768322
0.0801182
0.0834663
0.0870067
0.0906047
0.0943939
0.0982803
0.102296
0.106506
0.110752
0.115282
0.119804
0.124538
0.129243
0.133585
0.0189822
0.021045
0.0213523
0.0208275
0.0201787
0.0198108
0.0199779
0.0205351
0.021432
0.0227286
0.0241172
0.0255432
0.0270876
0.0285517
0.0299838
0.0315105
0.033043
0.0345802
0.036228
0.0379458
0.0397339
0.0416345
0.0436111
0.0456504
0.0477788
0.0499992
0.0522817
0.0546595
0.0570859
0.0596174
0.0622239
0.064951
0.0677576
0.0706768
0.0737094
0.0768389
0.0801244
0.083472
0.0870122
0.0906092
0.0943983
0.0982844
0.1023
0.106512
0.110758
0.11529
0.119813
0.124549
0.129258
0.133602
0.0190223
0.0211025
0.0214083
0.0208827
0.02025
0.0198807
0.0200275
0.0205994
0.0214895
0.0227637
0.0241656
0.0255855
0.0271156
0.0285921
0.0300204
0.0315345
0.0330715
0.0346082
0.0362478
0.0379616
0.0397452
0.0416438
0.0436223
0.0456606
0.0477873
0.0500077
0.0522897
0.0546669
0.0570934
0.0596255
0.062232
0.0649586
0.067765
0.0706846
0.0737172
0.076846
0.080131
0.0834778
0.0870178
0.0906141
0.0944029
0.0982887
0.102304
0.106517
0.110763
0.115297
0.119823
0.124561
0.129273
0.133619
0.0190543
0.021153
0.0214593
0.0209306
0.0203095
0.019946
0.0200738
0.0206552
0.0215469
0.0227985
0.0242101
0.0256298
0.0271439
0.02863
0.0300583
0.031559
0.0330989
0.0346361
0.0362679
0.0379778
0.0397573
0.0416538
0.0436345
0.0456718
0.0477956
0.0500162
0.0522985
0.0546746
0.0571003
0.0596335
0.0622411
0.0649672
0.0677727
0.0706923
0.073725
0.0768534
0.0801379
0.0834839
0.0870236
0.0906191
0.0944078
0.0982934
0.102309
0.106522
0.110769
0.115305
0.119832
0.124573
0.129289
0.133636
0.0190779
0.0211953
0.0215035
0.0209726
0.0203578
0.0200037
0.0201171
0.0207027
0.0216028
0.0228333
0.0242493
0.0256757
0.0271742
0.0286651
0.030097
0.0315839
0.0331243
0.0346645
0.0362885
0.0379943
0.0397704
0.0416635
0.0436465
0.0456844
0.047805
0.0500243
0.0523072
0.0546834
0.0571083
0.0596413
0.0622495
0.064976
0.0677815
0.070701
0.0737333
0.0768607
0.0801447
0.0834902
0.0870298
0.0906244
0.0944128
0.0982982
0.102314
0.106528
0.110776
0.115313
0.119842
0.124585
0.129305
0.133654
0.0190924
0.0212291
0.0215398
0.0210074
0.0203958
0.0200523
0.0201566
0.0207421
0.0216556
0.0228696
0.0242834
0.0257202
0.0272072
0.0286989
0.0301358
0.0316098
0.0331469
0.0346913
0.0363103
0.0380119
0.0397854
0.0416741
0.0436576
0.0456968
0.0478152
0.0500335
0.0523163
0.0546919
0.0571166
0.0596504
0.0622585
0.0649844
0.0677897
0.0707098
0.0737422
0.0768689
0.0801522
0.0834966
0.0870359
0.0906299
0.0944182
0.0983034
0.102318
0.106534
0.110782
0.115322
0.119852
0.124597
0.129321
0.133672
0.0190962
0.021253
0.0215668
0.0210333
0.0204238
0.0200902
0.0201921
0.020774
0.0217022
0.0229086
0.0243155
0.0257619
0.0272405
0.02873
0.0301745
0.031638
0.0331684
0.0347166
0.0363317
0.0380291
0.0398011
0.0416864
0.0436698
0.0457102
0.0478256
0.0500416
0.0523255
0.0547015
0.0571251
0.0596591
0.0622683
0.0649942
0.0677986
0.0707182
0.0737506
0.076877
0.0801601
0.0835038
0.0870426
0.0906356
0.0944236
0.0983087
0.102324
0.106541
0.110789
0.115331
0.119863
0.12461
0.129337
0.13369
0.0190884
0.0212657
0.0215839
0.0210494
0.0204415
0.0201157
0.0202215
0.0207998
0.021741
0.0229484
0.0243468
0.0258015
0.0272759
0.0287589
0.0302099
0.0316668
0.0331893
0.0347412
0.0363545
0.0380464
0.039817
0.0416995
0.0436815
0.0457244
0.0478383
0.0500503
0.0523335
0.0547109
0.0571346
0.0596685
0.0622777
0.0650037
0.0678085
0.0707281
0.0737598
0.076885
0.0801676
0.0835107
0.0870495
0.090642
0.0944296
0.0983144
0.102329
0.106548
0.110796
0.11534
0.119874
0.124623
0.129353
0.133708
0.019069
0.0212649
0.0215907
0.0210549
0.0204489
0.0201293
0.0202424
0.0208203
0.021772
0.0229867
0.0243768
0.025837
0.0273133
0.028789
0.0302427
0.0316949
0.0332082
0.0347623
0.0363778
0.0380661
0.0398343
0.0417143
0.0436934
0.0457374
0.0478514
0.0500603
0.0523426
0.0547205
0.0571436
0.059678
0.062288
0.0650138
0.067818
0.0707377
0.0737696
0.0768942
0.0801761
0.0835178
0.0870562
0.0906481
0.0944357
0.0983206
0.102335
0.106555
0.110804
0.115349
0.119885
0.124636
0.12937
0.133726
0.0190371
0.0212478
0.021584
0.0210476
0.0204447
0.0201317
0.0202534
0.0208359
0.0217958
0.0230226
0.0244084
0.0258694
0.0273489
0.0288188
0.0302746
0.0317239
0.0332262
0.0347794
0.0363988
0.0380855
0.039852
0.0417311
0.0437074
0.0457517
0.0478656
0.05007
0.0523505
0.0547308
0.0571544
0.0596878
0.0622979
0.0650245
0.0678286
0.0707476
0.073779
0.0769031
0.0801848
0.0835258
0.0870637
0.0906547
0.0944418
0.0983266
0.102341
0.106562
0.110811
0.115358
0.119897
0.124649
0.129387
0.133745
0.0189922
0.0212124
0.0215604
0.0210255
0.0204265
0.0201217
0.0202527
0.0208454
0.0218131
0.0230537
0.0244413
0.0258998
0.0273826
0.0288482
0.030303
0.0317528
0.0332474
0.0347964
0.036419
0.0381051
0.0398681
0.0417468
0.0437214
0.0457655
0.047881
0.0500822
0.0523588
0.0547399
0.0571652
0.0596988
0.0623086
0.065035
0.0678392
0.0707581
0.0737893
0.0769124
0.0801935
0.0835336
0.0870714
0.090662
0.0944487
0.0983334
0.102347
0.10657
0.110819
0.115368
0.119909
0.124663
0.129403
0.133763
0.0189345
0.0211578
0.0215165
0.0209871
0.0203924
0.0200984
0.0202404
0.0208483
0.0218262
0.0230802
0.0244734
0.0259274
0.0274123
0.0288763
0.0303277
0.0317768
0.0332673
0.034813
0.0364402
0.0381298
0.0398882
0.0417636
0.0437363
0.0457784
0.0478944
0.0500941
0.0523678
0.0547498
0.0571765
0.0597098
0.0623196
0.0650469
0.0678507
0.0707688
0.0737995
0.076922
0.0802028
0.0835417
0.087079
0.090669
0.0944555
0.0983404
0.102354
0.106578
0.110828
0.115378
0.119921
0.124677
0.12942
0.133782
0.0188616
0.0210823
0.0214491
0.0209289
0.02034
0.0200605
0.0202169
0.0208449
0.021838
0.0231042
0.0245064
0.0259557
0.0274384
0.0289015
0.030349
0.0317968
0.0332843
0.0348251
0.036456
0.0381534
0.0399105
0.0417826
0.0437546
0.0457946
0.047909
0.0501067
0.0523762
0.0547579
0.0571879
0.059722
0.0623306
0.0650582
0.0678628
0.0707806
0.0738104
0.076932
0.0802123
0.0835502
0.0870872
0.0906766
0.0944625
0.0983472
0.102361
0.106586
0.110837
0.115389
0.119933
0.124691
0.129438
0.133802
0.0187658
0.0209815
0.0213529
0.0208457
0.0202661
0.0200042
0.0201792
0.0208322
0.0218486
0.0231281
0.0245418
0.0259876
0.027464
0.0289256
0.0303677
0.0318129
0.0333016
0.0348397
0.0364706
0.0381754
0.0399321
0.0417987
0.0437714
0.0458113
0.0479239
0.0501214
0.0523881
0.0547676
0.0571994
0.0597349
0.0623429
0.0650703
0.0678749
0.0707921
0.0738216
0.0769425
0.0802223
0.0835589
0.0870955
0.0906845
0.0944699
0.0983548
0.102368
0.106594
0.110845
0.115399
0.119945
0.124704
0.129454
0.133819
0.0186369
0.0208493
0.0212213
0.0207302
0.0201687
0.0199301
0.020128
0.0208088
0.0218551
0.0231482
0.024573
0.0260185
0.0274867
0.0289459
0.0303846
0.0318269
0.0333164
0.0348543
0.0364863
0.0381993
0.0399583
0.041817
0.043787
0.0458267
0.0479361
0.0501336
0.0523992
0.0547775
0.0572125
0.0597499
0.0623565
0.065084
0.0678895
0.070806
0.0738343
0.0769543
0.0802337
0.0835692
0.0871054
0.0906938
0.0944786
0.0983636
0.102377
0.106604
0.110856
0.115411
0.11996
0.12472
0.129472
0.13384
0.0184717
0.0206783
0.0210463
0.0205731
0.0200418
0.019838
0.0200695
0.0207825
0.0218628
0.0231684
0.0245983
0.0260449
0.0275037
0.0289586
0.0303963
0.0318383
0.0333315
0.0348714
0.036502
0.0382211
0.0399852
0.041837
0.0438038
0.0458439
0.0479485
0.0501446
0.0524088
0.0547833
0.0572198
0.0597605
0.0623665
0.0650934
0.0678994
0.0708157
0.0738437
0.0769631
0.0802419
0.0835764
0.0871124
0.0907008
0.094485
0.09837
0.102383
0.106611
0.110864
0.11542
0.119971
0.124733
0.129487
0.133856
0.0182843
0.0204664
0.0208237
0.0203688
0.0198777
0.0197217
0.0200031
0.0207575
0.0218744
0.0231931
0.0246236
0.0260691
0.0275162
0.0289634
0.0304009
0.0318446
0.0333438
0.0348928
0.0365258
0.0382482
0.0400181
0.0418632
0.0438243
0.0458661
0.0479673
0.0501625
0.0524281
0.0548003
0.0572379
0.059781
0.0623861
0.0651119
0.0679182
0.0708336
0.0738603
0.0769785
0.0802568
0.0835899
0.0871253
0.0907128
0.0944962
0.0983815
0.102394
0.106624
0.110877
0.115434
0.119987
0.12475
0.129507
0.133878
0.0180733
0.0202105
0.0205526
0.0201224
0.0196801
0.0195818
0.0199254
0.0207269
0.0218789
0.023209
0.0246337
0.0260749
0.0275088
0.0289461
0.0303867
0.0318371
0.0333438
0.0349014
0.036536
0.0382599
0.040039
0.0418805
0.0438329
0.045875
0.0479731
0.0501664
0.052433
0.0548031
0.0572415
0.0597888
0.0623943
0.0651192
0.0679262
0.0708421
0.0738685
0.076986
0.0802637
0.0835961
0.0871315
0.0907191
0.0945018
0.0983871
0.1024
0.10663
0.110884
0.115443
0.119998
0.124762
0.129521
0.133893
0.0177238
0.0198546
0.0202221
0.0198492
0.0194962
0.0194917
0.0199237
0.0207791
0.0219524
0.0232777
0.0246798
0.026105
0.0275211
0.0289458
0.0303909
0.0318524
0.0333696
0.0349395
0.0365759
0.0382948
0.0400781
0.0419163
0.0438585
0.0459009
0.0479985
0.0501889
0.0524563
0.0548249
0.0572619
0.0598107
0.0624167
0.06514
0.0679461
0.0708612
0.0738868
0.077003
0.0802799
0.0836109
0.0871456
0.0907324
0.0945143
0.0983999
0.102412
0.106644
0.110898
0.115457
0.120013
0.124778
0.12954
0.133915
0.0169979
0.0190521
0.0194811
0.0192608
0.0190959
0.0192686
0.0198454
0.0207759
0.0219677
0.0232816
0.0246565
0.0260672
0.0274769
0.0289003
0.0303575
0.0318356
0.0333648
0.0349457
0.0365881
0.038305
0.0400948
0.0419346
0.0438659
0.0459058
0.0480053
0.0501941
0.0524623
0.0548326
0.0572699
0.059821
0.0624287
0.0651514
0.0679574
0.0708728
0.0738983
0.0770133
0.0802892
0.0836196
0.0871542
0.0907406
0.0945215
0.0984072
0.102419
0.106652
0.110907
0.115468
0.120027
0.124793
0.129556
0.133931
0.0172003
0.0187813
0.0190358
0.0188917
0.0188995
0.019234
0.0199192
0.0208775
0.0220435
0.0233188
0.0246532
0.0260437
0.0274527
0.0288814
0.0303536
0.0318504
0.0333926
0.034982
0.0366254
0.0383342
0.040122
0.041964
0.0438877
0.0459231
0.0480256
0.0502129
0.0524783
0.0548494
0.0572857
0.0598358
0.0624457
0.0651682
0.0679719
0.0708868
0.0739129
0.0770272
0.080302
0.0836318
0.087166
0.0907522
0.0945324
0.0984182
0.10243
0.106663
0.110918
0.115479
0.120038
0.124806
0.129571
0.133947
0.0148463
0.0169702
0.0178768
0.0183302
0.0187755
0.0193586
0.020111
0.0210271
0.0221162
0.023329
0.0246204
0.0259916
0.0274061
0.0288483
0.0303401
0.0318566
0.0334105
0.0350075
0.0366567
0.0383643
0.0401505
0.041995
0.0439118
0.0459389
0.0480454
0.0502342
0.0524967
0.0548712
0.0573092
0.0598575
0.0624689
0.0651918
0.0679938
0.0709078
0.0739337
0.0770459
0.080319
0.0836479
0.0871815
0.0907665
0.094545
0.0984307
0.102442
0.106676
0.110933
0.115496
0.120057
0.124825
0.129591
0.13397
0.013074
0.0142657
0.0158575
0.0173185
0.0185111
0.0194435
0.0202687
0.0211418
0.0221467
0.0232867
0.0245366
0.0258953
0.0273251
0.0287903
0.0303071
0.0318474
0.0334161
0.0350203
0.0366703
0.038373
0.0401542
0.0420022
0.043919
0.0459394
0.0480499
0.0502418
0.0524993
0.0548754
0.0573149
0.0598605
0.0624744
0.0651995
0.0679989
0.0709128
0.0739408
0.0770528
0.0803249
0.0836538
0.0871872
0.0907723
0.0945507
0.098437
0.102448
0.106682
0.110939
0.115501
0.120064
0.124833
0.129601
0.13398
0.0119617
0.0144796
0.0162241
0.0175192
0.0185689
0.0194985
0.0203813
0.0212756
0.0222503
0.0233439
0.0245565
0.0258884
0.0273136
0.0287885
0.0303211
0.0318773
0.0334564
0.0350669
0.0367191
0.0384209
0.0401953
0.042043
0.043958
0.0459678
0.0480799
0.0502766
0.0525296
0.054908
0.0573517
0.0598934
0.0625069
0.0652335
0.0680306
0.0709421
0.0739698
0.0770794
0.0803492
0.0836769
0.0872094
0.090793
0.0945693
0.0984552
0.102466
0.106701
0.110959
0.115523
0.120087
0.124855
0.129624
0.134006
0.0110296
0.0125544
0.0145557
0.0164552
0.0180474
0.0193249
0.0203596
0.0212916
0.0222497
0.0233156
0.0245135
0.0258295
0.0272496
0.0287308
0.0302772
0.0318495
0.0334421
0.0350637
0.0367188
0.0384217
0.0401929
0.042041
0.0439617
0.0459651
0.0480774
0.0502806
0.0525289
0.0549066
0.0573538
0.0598928
0.0625067
0.0652366
0.0680322
0.0709428
0.0739727
0.0770827
0.0803516
0.0836795
0.0872121
0.090796
0.0945722
0.0984585
0.102469
0.106704
0.110962
0.115526
0.12009
0.124861
0.12963
0.134011
0.00962639
0.0127881
0.0150647
0.0167868
0.0181727
0.0193494
0.0203768
0.0213251
0.0222927
0.0233543
0.0245494
0.0258601
0.027273
0.0287531
0.0302997
0.0318755
0.0334698
0.0350953
0.0367537
0.038459
0.0402304
0.0420763
0.0439986
0.046
0.048109
0.0503164
0.0525655
0.0549423
0.0573935
0.0599317
0.0625431
0.0652733
0.0680689
0.0709767
0.0740051
0.0771133
0.0803804
0.0837067
0.0872378
0.0908204
0.0945941
0.0984798
0.10249
0.106726
0.110985
0.115549
0.120115
0.124884
0.129654
0.13404
)
;

boundaryField
{
    zeroGradientPlanes
    {
        type            zeroGradient;
    }
    inlet
    {
        type            zeroGradient;
    }
    plate
    {
        type            zeroGradient;
    }
    frontAndBack
    {
        type            empty;
    }
}


// ************************************************************************* //
