/*--------------------------------*- C++ -*----------------------------------*\
| =========                 |                                                 |
| \\      /  F ield         | OpenFOAM: The Open Source CFD Toolbox           |
|  \\    /   O peration     | Version:  v2012                                 |
|   \\  /    A nd           | Website:  www.openfoam.com                      |
|    \\/     M anipulation  |                                                 |
\*---------------------------------------------------------------------------*/
FoamFile
{
    version     2.0;
    format      ascii;
    class       volScalarField;
    location    "2.6";
    object      p;
}
// * * * * * * * * * * * * * * * * * * * * * * * * * * * * * * * * * * * * * //

dimensions      [0 2 -2 0 0 0 0];


internalField   nonuniform List<scalar> 
7000
(
-2.81232e-10
0.00952457
0.0128804
0.00926573
0.00572836
0.00514857
0.00488893
0.00861635
0.00676116
0.011282
0.0140314
0.016533
0.0189719
0.0225959
0.0235689
0.0251545
0.0262611
0.0288975
0.0311904
0.0369818
1.11017e-06
0.00953337
0.012868
0.00926049
0.00573493
0.00515864
0.00489776
0.00859552
0.00677968
0.0112736
0.014027
0.0165474
0.0189611
0.0225889
0.0235655
0.0251382
0.0262819
0.0288625
0.0312336
0.0367188
2.81546e-06
0.00954992
0.0128513
0.00925719
0.00574134
0.00516868
0.00491124
0.00856491
0.00680827
0.0112629
0.0140271
0.0165681
0.0189459
0.0225866
0.0235549
0.0251186
0.0263021
0.0288075
0.0312726
0.0362466
6.25511e-06
0.00956913
0.012831
0.00925497
0.00575183
0.00517867
0.00493394
0.00852866
0.00683145
0.0112623
0.0140267
0.0166035
0.0189294
0.0225793
0.0235345
0.0250894
0.0263177
0.0287431
0.0312789
0.0357536
1.28168e-05
0.00958706
0.0128036
0.00925333
0.00576702
0.00518909
0.00496883
0.00848518
0.0068512
0.0112693
0.014026
0.0166323
0.0189114
0.0225611
0.0235086
0.0250495
0.0263311
0.0286684
0.0312606
0.0352917
2.38082e-05
0.00960074
0.0127682
0.00925167
0.00578744
0.00520098
0.00501496
0.00843472
0.00687077
0.0112798
0.0140265
0.0166566
0.0188922
0.0225314
0.023481
0.024999
0.0263423
0.0285851
0.0312216
0.0348665
4.03684e-05
0.00960877
0.0127254
0.00924988
0.00581262
0.0052145
0.00506901
0.00837857
0.00689025
0.0112902
0.0140283
0.0166771
0.0188725
0.022488
0.0234525
0.0249382
0.0263495
0.0284943
0.0311621
0.0344723
6.33837e-05
0.00961151
0.0126762
0.00924831
0.00584233
0.00522895
0.00512735
0.0083175
0.00690882
0.0112981
0.0140306
0.0166925
0.0188519
0.0224361
0.0234226
0.0248681
0.0263502
0.0283972
0.0310813
0.0341021
9.33566e-05
0.00961029
0.0126217
0.00924766
0.00587668
0.00524333
0.00518707
0.00825201
0.00692642
0.0113021
0.0140319
0.0167011
0.0188303
0.0223736
0.0233898
0.0247894
0.0263417
0.0282946
0.0309784
0.0337499
0.000130273
0.00960663
0.0125633
0.00924873
0.00591584
0.00525723
0.00524672
0.00818177
0.0069441
0.0113011
0.0140311
0.0167014
0.0188078
0.0223005
0.0233527
0.0247035
0.0263215
0.028187
0.0308534
0.0334105
0.000173578
0.00960174
0.0125018
0.00925217
0.00595983
0.0052709
0.00530619
0.00811053
0.00696403
0.0112954
0.0140274
0.0166923
0.0187847
0.0222168
0.0233097
0.0246117
0.0262876
0.0280745
0.0307067
0.0330787
0.000222317
0.00959639
0.0124381
0.00925828
0.00600834
0.00528519
0.00536625
0.0080395
0.0069892
0.0112855
0.0140208
0.0166727
0.0187611
0.0221229
0.0232591
0.0245155
0.0262387
0.0279569
0.0305389
0.03275
0.000275377
0.00959094
0.0123727
0.00926687
0.00606073
0.00530134
0.00542794
0.00797136
0.00702301
0.0112731
0.0140121
0.016642
0.0187371
0.0220196
0.0231993
0.0244162
0.0261747
0.0278334
0.0303508
0.0324207
0.000331736
0.00958544
0.0123059
0.00927736
0.00611618
0.00532058
0.00549219
0.00790896
0.00706863
0.01126
0.0140024
0.0166
0.0187122
0.0219079
0.0231286
0.0243143
0.0260955
0.0277031
0.0301434
0.0320878
0.000390627
0.00957978
0.0122378
0.00928897
0.00617388
0.00534379
0.00555957
0.00785483
0.0071284
0.0112483
0.0139931
0.0165468
0.0186864
0.0217895
0.0230453
0.0242096
0.0260009
0.0275645
0.0299178
0.0317493
0.000451584
0.00957379
0.0121684
0.00930092
0.00623319
0.00537144
0.00563024
0.00781068
0.0072034
0.0112395
0.0139852
0.0164829
0.0186582
0.0216661
0.0229483
0.024102
0.0258912
0.0274151
0.029675
0.0314038
0.000514376
0.00956734
0.0120978
0.00931247
0.00629367
0.00540355
0.00570406
0.00777715
0.00729331
0.0112343
0.0139796
0.0164094
0.0186259
0.0215396
0.0228376
0.0239906
0.0257673
0.027253
0.0294155
0.0310495
0.000578918
0.00956039
0.0120262
0.00932301
0.00635512
0.00543973
0.00578075
0.00775378
0.00739665
0.0112324
0.0139765
0.0163281
0.0185875
0.021412
0.0227131
0.0238738
0.0256305
0.0270769
0.029139
0.0306854
0.000645188
0.0095529
0.0119535
0.00933211
0.00641749
0.00547941
0.00585995
0.00773923
0.00751118
0.011233
0.0139759
0.0162408
0.0185409
0.0212849
0.0225758
0.0237502
0.025482
0.0268862
0.0288461
0.0303108
0.000713182
0.00954485
0.0118799
0.00933941
0.00648078
0.0055219
0.00594133
0.00773166
0.00763452
0.0112349
0.0139766
0.0161497
0.0184847
0.0211596
0.0224272
0.0236179
0.0253224
0.0266808
0.0285371
0.0299257
0.000782898
0.00953621
0.0118058
0.00934468
0.006545
0.00556648
0.00602462
0.00772913
0.00776442
0.0112373
0.0139774
0.0160575
0.0184179
0.0210364
0.0222689
0.0234744
0.0251517
0.0264618
0.0282133
0.0295299
0.000854334
0.00952694
0.0117312
0.00934771
0.00661019
0.0056125
0.00610958
0.00772998
0.00789888
0.0112396
0.0139765
0.0159662
0.0183397
0.0209153
0.0221028
0.0233178
0.0249698
0.0262296
0.0278755
0.0291236
0.000927496
0.009517
0.0116565
0.00934838
0.00667639
0.00565942
0.00619599
0.00773294
0.00803605
0.0112415
0.0139723
0.0158776
0.0182497
0.0207954
0.0219312
0.0231469
0.0247766
0.0259842
0.027524
0.0287078
0.0010024
0.00950633
0.0115819
0.00934662
0.00674369
0.00570683
0.00628364
0.0077372
0.0081742
0.0112436
0.0139633
0.0157932
0.018147
0.020675
0.0217572
0.0229607
0.0245715
0.0257269
0.0271589
0.028283
0.00107905
0.00949484
0.0115077
0.00934244
0.00681222
0.00575444
0.00637232
0.00774237
0.00831187
0.0112466
0.0139477
0.0157139
0.0180322
0.0205519
0.0215832
0.0227585
0.0243522
0.0254599
0.0267833
0.0278491
0.0011575
0.00948243
0.0114342
0.00933582
0.00688204
0.00580219
0.00646185
0.00774847
0.0084474
0.0112519
0.0139241
0.0156392
0.0179068
0.0204234
0.021411
0.0225422
0.0241151
0.0251815
0.0264011
0.0274086
0.00123777
0.00946895
0.0113616
0.00932681
0.00695309
0.00585016
0.00655198
0.0077562
0.00857908
0.0112602
0.013892
0.0155685
0.0177722
0.0202864
0.0212395
0.0223151
0.023862
0.0248892
0.0260105
0.0269641
0.00131993
0.00945424
0.0112903
0.00931547
0.00702529
0.00589835
0.00664248
0.00776622
0.00870628
0.0112723
0.0138505
0.0155022
0.0176304
0.0201381
0.0210674
0.0220763
0.0235947
0.02459
0.0256118
0.0265119
0.00140404
0.00943814
0.0112205
0.00930177
0.00709865
0.00594679
0.00673293
0.00777962
0.00882767
0.0112897
0.0137987
0.0154381
0.0174834
0.0199777
0.0208916
0.021828
0.0233109
0.0242843
0.025213
0.0260511
0.0014902
0.00942043
0.0111524
0.00928578
0.0071729
0.00599607
0.00682222
0.00779836
0.00894188
0.0113122
0.0137381
0.0153746
0.0173305
0.0198074
0.0207074
0.0215681
0.0230128
0.0239703
0.0248205
0.0255838
0.00157855
0.00940091
0.0110863
0.00926763
0.00724776
0.00604664
0.00690989
0.00782281
0.00904884
0.0113394
0.0136686
0.0153099
0.0171761
0.0196212
0.0205226
0.021293
0.0226856
0.0236528
0.0244463
0.0251133
0.00166912
0.00937942
0.0110223
0.00924739
0.00732285
0.00609933
0.00699515
0.00785364
0.00914797
0.0113715
0.0135922
0.0152384
0.0170253
0.0194189
0.0203336
0.0210226
0.0223369
0.0233121
0.024044
0.024658
0.00176205
0.00935568
0.0109607
0.00922502
0.00739787
0.00615469
0.00707675
0.00789159
0.009239
0.0114046
0.0135146
0.0151579
0.0168748
0.0192088
0.0201306
0.0207497
0.0219797
0.0229024
0.0236427
0.0242323
0.00185769
0.00932936
0.0109018
0.00920072
0.00747213
0.00621311
0.00715487
0.00793533
0.0093241
0.0114386
0.0134348
0.0150693
0.016729
0.0189808
0.0199361
0.0204667
0.0216004
0.0224971
0.0231511
0.0238106
0.00195583
0.00930038
0.0108454
0.00917534
0.00754418
0.00627671
0.00722739
0.00798662
0.00940222
0.0114737
0.0133508
0.0149744
0.0165801
0.0187464
0.0197117
0.0201551
0.0211818
0.0220975
0.0227648
0.023386
0.00205661
0.0092685
0.0107917
0.00914853
0.00761446
0.00634471
0.00729423
0.00804542
0.00946839
0.0115075
0.0132694
0.0148704
0.0164186
0.0185057
0.0194255
0.019844
0.0207653
0.021677
0.0224677
0.0229725
0.00216072
0.00923312
0.0107415
0.00912054
0.00768176
0.00641739
0.00735733
0.00810581
0.00953885
0.0115363
0.0131908
0.0147558
0.016258
0.0182462
0.0192093
0.0195144
0.0203947
0.021248
0.0218745
0.0225554
0.00226761
0.00919429
0.0106936
0.00909348
0.00774363
0.00649702
0.00741391
0.008172
0.00960114
0.0115618
0.0131113
0.0146363
0.0160846
0.0179691
0.0189212
0.0191908
0.0199789
0.02084
0.0214717
0.0221235
0.00237732
0.00915192
0.0106482
0.00906682
0.00780153
0.00658134
0.00746547
0.0082428
0.00963508
0.0115855
0.0130328
0.0145078
0.0158974
0.0176658
0.0185468
0.0188746
0.0195356
0.0204298
0.0212888
0.0217113
0.00249101
0.00910517
0.0106062
0.00904075
0.00785441
0.00666984
0.00751584
0.00830909
0.00975345
0.0115972
0.0129557
0.0143691
0.0157126
0.0173778
0.0182985
0.0185187
0.0191799
0.0199185
0.0205416
0.021321
0.00260754
0.00905469
0.0105653
0.00901856
0.00789943
0.00676407
0.00756238
0.0083765
0.00980856
0.0116089
0.0128748
0.014222
0.0155179
0.0170638
0.0179538
0.0181578
0.0187744
0.019496
0.0201026
0.020896
0.00272725
0.00900014
0.0105261
0.00899958
0.00793915
0.00686018
0.00760742
0.0084427
0.0098467
0.0116241
0.0127847
0.0140631
0.0153132
0.0167498
0.017329
0.0177461
0.0183215
0.0191787
0.0200699
0.020487
0.00285121
0.00894081
0.010489
0.00898396
0.00797401
0.00695499
0.00765767
0.00849986
0.00990031
0.0116209
0.0126928
0.0138939
0.0151084
0.0164603
0.0171886
0.0173827
0.0179044
0.0184704
0.0190579
0.0201328
0.00297795
0.00887782
0.0104512
0.00897478
0.00800206
0.00705019
0.00770921
0.00855468
0.00994303
0.0116048
0.012602
0.0137179
0.0148913
0.0161814
0.0168632
0.0169877
0.0173546
0.0178937
0.0188843
0.0198766
0.00310853
0.00881104
0.0104127
0.00897131
0.00802605
0.00714309
0.00776106
0.00860865
0.00997284
0.0115849
0.012507
0.0135344
0.0146637
0.0158943
0.0164842
0.0165654
0.0168381
0.0174482
0.0184348
0.0194558
0.0032433
0.00874025
0.0103728
0.0089733
0.00804751
0.0072317
0.00781473
0.00866006
0.0099944
0.0115554
0.0124075
0.0133494
0.0144255
0.0155962
0.016122
0.0161346
0.0164203
0.0169789
0.0177032
0.0190365
0.00338128
0.00866665
0.0103303
0.00898089
0.00806737
0.00731574
0.00786822
0.00870977
0.010008
0.0115124
0.0123075
0.0131643
0.0141713
0.0152915
0.0157583
0.0157417
0.0159574
0.0164692
0.0174483
0.0186536
0.0035233
0.0085908
0.0102842
0.00899261
0.0080886
0.00739397
0.00792101
0.00875613
0.0100132
0.0114604
0.0122053
0.0129724
0.0139102
0.0149772
0.0154401
0.0153369
0.0155079
0.0160087
0.0169206
0.0182607
0.00366906
0.00851275
0.010234
0.00900828
0.00811177
0.00746695
0.00797117
0.00879773
0.0100132
0.0113991
0.0120967
0.0127791
0.0136445
0.0146557
0.0151117
0.0149497
0.0150439
0.0155362
0.0164785
0.0178716
0.00381838
0.00843345
0.0101793
0.00902593
0.00813739
0.00753584
0.00801782
0.00883428
0.0100071
0.0113281
0.0119843
0.012586
0.0133728
0.014321
0.014778
0.014583
0.0145718
0.0150626
0.0160409
0.0174774
0.00397146
0.00835362
0.0101193
0.00904429
0.00816649
0.00760194
0.0080601
0.008863
0.00999422
0.0112506
0.0118684
0.0123905
0.0130962
0.0139758
0.0144462
0.0142029
0.0141555
0.0145983
0.0155609
0.0170832
0.004128
0.00827369
0.010054
0.00906288
0.00819786
0.00766604
0.00809765
0.00888409
0.00997538
0.0111661
0.0117482
0.0121936
0.012815
0.0136275
0.0140982
0.0138726
0.0136949
0.0141205
0.0151263
0.0166981
0.00428794
0.00819453
0.00998331
0.00907996
0.00823032
0.00772931
0.00813238
0.00889681
0.00994843
0.0110747
0.0116234
0.0119962
0.0125324
0.0132708
0.0137407
0.0135359
0.0133414
0.0136636
0.0146524
0.0163061
0.00445108
0.00811671
0.00990678
0.00909529
0.0082632
0.00779168
0.00816432
0.00890029
0.00991331
0.0109771
0.0114934
0.0118016
0.0122471
0.0129101
0.0133718
0.0131997
0.0129127
0.0132029
0.0142082
0.0159205
0.00461705
0.00804127
0.00982469
0.00910829
0.00829485
0.00785196
0.0081948
0.00889687
0.00986974
0.0108724
0.0113574
0.0116094
0.0119591
0.0125442
0.0129951
0.0128627
0.012563
0.0127783
0.0137527
0.015525
0.00478561
0.00796898
0.00973688
0.00911822
0.0083246
0.00790954
0.00822457
0.00888723
0.00981668
0.0107605
0.011214
0.0114197
0.011674
0.0121742
0.0126104
0.0125219
0.0122203
0.012369
0.0133177
0.0151351
0.00495617
0.00790082
0.00964294
0.00912481
0.00835168
0.00796191
0.00825342
0.00887347
0.00975491
0.0106418
0.0110654
0.0112322
0.0113935
0.0118018
0.0122165
0.0121733
0.0118892
0.0119939
0.0129034
0.0147465
0.00512821
0.00783797
0.00954221
0.00912759
0.00837525
0.00800635
0.00828091
0.00885817
0.00968562
0.0105162
0.010903
0.0110441
0.0111185
0.0114276
0.0118146
0.0118166
0.0115679
0.0116459
0.0125103
0.0143653
0.00530114
0.00778144
0.00943756
0.00912639
0.00839535
0.00804036
0.00830507
0.00884355
0.00961062
0.0103845
0.0107298
0.0108523
0.0108596
0.011049
0.011402
0.0114527
0.0112511
0.0113169
0.0121441
0.013999
0.00547385
0.00773222
0.00932942
0.00912056
0.00841205
0.00806215
0.00832387
0.00883092
0.00953167
0.0102477
0.0105468
0.0106577
0.0106159
0.0106864
0.010983
0.0110779
0.0109339
0.0110095
0.0118073
0.0136484
0.00564538
0.00769114
0.00921962
0.00910888
0.00842501
0.00807189
0.00833569
0.00881981
0.00944986
0.0101061
0.010356
0.0104453
0.0103828
0.0103432
0.0105619
0.0106903
0.0106138
0.0107182
0.0114985
0.0133168
0.00581524
0.007658
0.00910957
0.00909008
0.00843347
0.00807215
0.00833927
0.00880944
0.009366
0.00995953
0.0101605
0.0102165
0.0101535
0.0100235
0.0101473
0.0102902
0.0102859
0.010437
0.0112147
0.0130062
0.00598246
0.00763278
0.00899946
0.00906311
0.00843894
0.00806521
0.00833264
0.00879738
0.00928094
0.00980749
0.00996252
0.00997433
0.00991945
0.0097263
0.00974082
0.00987895
0.00994589
0.0101587
0.0109501
0.012716
0.00614584
0.007616
0.00889027
0.00902703
0.00844292
0.00805302
0.00831356
0.00878023
0.00919554
0.00965009
0.00976483
0.00972313
0.00967148
0.00944673
0.00936135
0.00946519
0.00959166
0.00987489
0.0106969
0.0124433
0.0063048
0.00760751
0.00878225
0.0089821
0.00844638
0.00803732
0.00828035
0.00875417
0.00911055
0.00948827
0.0095682
0.009467
0.00940755
0.00917899
0.00901031
0.00905898
0.0092233
0.00957811
0.0104447
0.0121832
0.00645879
0.00760644
0.00867612
0.00892924
0.00844902
0.00801888
0.00823265
0.00871606
0.00902645
0.00932342
0.0093715
0.00921147
0.00912999
0.0089123
0.00868383
0.00866763
0.00884542
0.00926405
0.0101842
0.0119306
0.00660711
0.00761227
0.00857344
0.00886881
0.00844891
0.00799927
0.00817231
0.00866314
0.00894236
0.00915701
0.00917348
0.00896019
0.0088422
0.0086381
0.00837742
0.00829718
0.00846604
0.00893276
0.0099083
0.0116779
0.00674922
0.0076245
0.00847537
0.00880076
0.00844432
0.00798043
0.00810172
0.00859257
0.00885586
0.00899058
0.00897294
0.00871506
0.00854864
0.00835322
0.00808299
0.00794965
0.00809243
0.00858814
0.00961329
0.0114176
0.00688471
0.00764242
0.0083828
0.00872571
0.00843398
0.00796286
0.00802323
0.0085029
0.00876354
0.00882563
0.0087697
0.00847662
0.00825497
0.00805723
0.00779193
0.00762237
0.00773064
0.00823679
0.0093011
0.0111474
0.00701323
0.00766524
0.00829657
0.00864454
0.00841622
0.00794595
0.00794028
0.00839486
0.00866162
0.00866293
0.00856424
0.00824355
0.00796529
0.007753
0.00749702
0.00730969
0.00738415
0.0078862
0.00897899
0.0108685
0.00713442
0.00769221
0.00821739
0.00855822
0.00838957
0.00792852
0.00785623
0.00827025
0.00854624
0.00850192
0.00835695
0.00801409
0.00768259
0.00744485
0.00719521
0.00700486
0.00705333
0.00754369
0.0086548
0.0105828
0.00724812
0.00772245
0.0081456
0.00846785
0.00835305
0.00790907
0.00777346
0.00813171
0.00841458
0.00834068
0.00814844
0.0077869
0.0074084
0.00713719
0.0068874
0.00670195
0.00673617
0.00721333
0.00833392
0.0102933
0.00735418
0.00775501
0.00808157
0.0083747
0.00830585
0.00788552
0.00769335
0.00798311
0.00826565
0.00817667
0.0079394
0.00756081
0.00714252
0.00683354
0.00657598
0.00639727
0.00642822
0.00689534
0.00802065
0.0100048
0.00745247
0.0077889
0.00802538
0.00828005
0.00824796
0.00785589
0.00761598
0.0078287
0.00809979
0.00800704
0.00772999
0.00733474
0.00688438
0.00653615
0.00626378
0.00608953
0.0061249
0.00658822
0.00771717
0.00971978
0.00754307
0.00782329
0.00797668
0.0081849
0.00817984
0.00781845
0.00754064
0.00767238
0.00791845
0.00782919
0.00752
0.00710751
0.00663276
0.00624634
0.00595386
0.00577941
0.00582265
0.00628855
0.00742191
0.00943882
0.00762608
0.00785724
0.00793509
0.00809037
0.0081021
0.00777167
0.0074658
0.00751719
0.00772402
0.00764109
0.00730911
0.00687839
0.00638558
0.00596467
0.00564894
0.00546911
0.0055196
0.00599205
0.00713219
0.00916193
0.00770171
0.00788992
0.00789985
0.00799745
0.00801571
0.00771467
0.00738956
0.00736533
0.00752026
0.00744141
0.00709615
0.00664681
0.0061407
0.00569078
0.00535048
0.00516101
0.00521564
0.00569604
0.00684534
0.00888754
0.00777008
0.00792067
0.00787024
0.00790703
0.0079217
0.00764702
0.00730992
0.00721729
0.00731135
0.00722998
0.00687996
0.0064131
0.00589611
0.00542338
0.00505904
0.00485655
0.00491156
0.00539907
0.00655811
0.00861329
0.00783147
0.00794876
0.00784524
0.00781992
0.00782128
0.00756878
0.0072253
0.00707272
0.00710097
0.00700737
0.00665896
0.00617824
0.00565033
0.00515981
0.00477403
0.00455679
0.00460864
0.00510079
0.00626904
0.00833775
0.00788609
0.00797379
0.00782387
0.00773657
0.00771563
0.0074801
0.00713437
0.00693061
0.00689232
0.00677575
0.00643131
0.00594215
0.00540304
0.0048979
0.00449391
0.00426191
0.00430788
0.00480203
0.00597796
0.0080598
0.00793433
0.00799522
0.00780501
0.00765737
0.00760613
0.00738156
0.00703628
0.00678929
0.00668754
0.00653859
0.00619537
0.00570351
0.0051542
0.00463668
0.00421724
0.00397098
0.00400953
0.00450362
0.00568557
0.00777941
0.00797657
0.00801292
0.00778754
0.00758221
0.00749422
0.00727409
0.00693047
0.00664689
0.00648724
0.00630006
0.00595147
0.00546095
0.00490368
0.00437489
0.00394232
0.00368277
0.00371334
0.00420595
0.0053922
0.00749633
0.00801301
0.00802654
0.00777054
0.0075111
0.00738137
0.00715872
0.0068171
0.00650197
0.00628961
0.00606334
0.00570143
0.00521284
0.0046517
0.00411223
0.0036675
0.00339613
0.00341858
0.00390843
0.00509736
0.00721001
0.00804413
0.00803621
0.00775312
0.00744348
0.0072684
0.0070365
0.0066969
0.00635482
0.00609311
0.00582971
0.00544849
0.00495795
0.00439633
0.00384837
0.0033927
0.00310987
0.00312398
0.00361017
0.00480064
0.00692029
0.00806982
0.00804196
0.00773504
0.00737928
0.00715634
0.00690843
0.00656932
0.0062055
0.00589712
0.00559888
0.00519636
0.00469781
0.00413601
0.00358187
0.00311666
0.00282307
0.00282866
0.00331021
0.00450086
0.00662591
0.00809072
0.0080438
0.00771505
0.00731787
0.00704681
0.00677638
0.00643477
0.00605426
0.00570128
0.00536911
0.00494638
0.00443483
0.00387094
0.00331139
0.00283789
0.00253475
0.00253184
0.00300769
0.00419682
0.00632544
0.00810685
0.00804269
0.0076934
0.00725812
0.00694022
0.00664188
0.00629291
0.00590124
0.00550753
0.00513925
0.00469815
0.00417196
0.00360299
0.00303662
0.00255452
0.00224238
0.00223084
0.00270042
0.00388646
0.00601642
0.00811824
0.00803858
0.00767056
0.00719971
0.0068369
0.00650841
0.00614469
0.00574418
0.00531644
0.00490933
0.0044507
0.00390917
0.00333303
0.00276009
0.0022678
0.00194543
0.00192438
0.00238688
0.0035688
0.00569753
0.00812533
0.00803173
0.00764683
0.00714304
0.00673488
0.00637577
0.00599454
0.00558567
0.00512842
0.00467872
0.00420458
0.00365117
0.00305926
0.00247725
0.00197393
0.00163949
0.00160807
0.00206233
0.00323662
0.00536174
0.00812789
0.00802222
0.00762172
0.00708976
0.0066373
0.00624259
0.00583722
0.00542485
0.00495097
0.00445279
0.0039532
0.00340438
0.00280809
0.00220492
0.00168325
0.00133225
0.00128435
0.00172581
0.00289192
0.00501152
0.00812558
0.00801159
0.00759508
0.00703729
0.00654397
0.00611625
0.00567376
0.00524378
0.00477595
0.00424979
0.00369734
0.00310978
0.00251505
0.0019202
0.00138946
0.00102192
0.000953036
0.00137087
0.00251551
0.00462015
0.00813342
0.00800943
0.00757758
0.0069884
0.00645293
0.00599552
0.0055249
0.00505351
0.00457428
0.00406873
0.00354842
0.00296372
0.00230635
0.00167183
0.00112163
0.000738347
0.000649019
0.00103874
0.00215565
0.00423847
0.00807923
0.00798957
0.00756208
0.00694448
0.00636386
0.00587208
0.00538718
0.00489328
0.00435658
0.00375308
0.0031583
0.00258051
0.00198586
0.00136814
0.000809782
0.000408144
0.000305612
0.000696559
0.00181425
0.00388824
0.00810686
0.00798149
0.00753605
0.00690106
0.00626589
0.00571043
0.00520776
0.00476184
0.00434196
0.00384101
0.00322924
0.00253883
0.00183431
0.00112336
0.000453712
-6.37073e-05
-0.000283423
-3.55714e-06
0.001016
0.00300176
0.00803323
0.00797259
0.0074943
0.00694224
0.00630727
0.00559282
0.00493554
0.00436468
0.00383839
0.00331006
0.00275436
0.00222131
0.0016951
0.00121238
0.000773958
0.000448299
0.000343107
0.000639854
0.00158305
0.00343844
0.00814408
0.00792367
0.00746416
0.0067923
0.00609843
0.00555164
0.00504731
0.00461867
0.00413537
0.00359863
0.0028967
0.00208661
0.00120373
0.000305323
-0.000564688
-0.00130511
-0.00176082
-0.00171582
-0.000904188
0.000907637
0.00835615
0.00781641
0.00725689
0.00658295
0.0059524
0.00524537
0.00459588
0.00404429
0.00355163
0.0029771
0.00240252
0.00191737
0.00169664
0.00174325
0.00208789
0.0026804
0.00340307
0.00397807
0.00403785
0.00324521
0.00831787
0.00783365
0.00723928
0.00662984
0.00610276
0.0056017
0.00514048
0.00464874
0.00410824
0.00344138
0.00260571
0.00157641
0.000389004
-0.0008382
-0.00196921
-0.00297192
-0.00365792
-0.00386036
-0.00331486
-0.00177556
0.00847576
0.00778976
0.00714478
0.00651367
0.00599612
0.00537197
0.00468794
0.00389156
0.00316941
0.00263271
0.00210674
0.00148781
0.000961497
0.000660539
0.00064508
0.000937053
0.00138836
0.00178181
0.00175771
0.000955237
0.00846729
0.00776381
0.00712788
0.00658312
0.0062169
0.0058418
0.00546962
0.0049861
0.00437156
0.0034878
0.00229332
0.000738926
-0.00109718
-0.00302902
-0.00480593
-0.00621551
-0.0071087
-0.00731292
-0.00662409
-0.0048601
0.0469896
0.0222263
0.011703
0.00941651
0.00920813
0.00942696
0.00926789
0.00852594
0.00767481
0.00704844
0.0065784
0.00618222
0.00582321
0.00544468
0.00511283
0.0048248
0.00448367
0.00411724
0.00380695
0.00352345
0.00322154
0.00299336
0.00267873
0.00213643
0.00168619
0.00147538
0.00122242
0.000902584
0.000536893
0.000125048
-0.000343661
-0.000773908
-0.00115538
-0.00161347
-0.00210738
-0.00261502
-0.00307506
-0.00360331
-0.00410621
-0.00466684
-0.00523819
-0.00579528
-0.00644706
-0.00700067
-0.0077785
-0.00845267
-0.00929758
-0.0102751
-0.0113713
-0.0128652
0.0459239
0.0222702
0.0117524
0.00943542
0.00921832
0.00943418
0.00927336
0.00853007
0.00767794
0.00705087
0.00658036
0.00618384
0.00582458
0.00544583
0.0051138
0.00482565
0.00448447
0.00411799
0.00380764
0.00352411
0.00322213
0.00299391
0.00267927
0.00213692
0.00168661
0.00147577
0.00122279
0.000902918
0.000537201
0.00012533
-0.000343406
-0.000773682
-0.00115517
-0.00161328
-0.0021072
-0.00261485
-0.00307491
-0.00360316
-0.00410607
-0.00466671
-0.00523807
-0.00579517
-0.00644695
-0.00700057
-0.00777841
-0.00845259
-0.00929751
-0.010275
-0.0113712
-0.0128652
0.044999
0.0223563
0.0118325
0.00946034
0.00922892
0.00944155
0.00927892
0.00853407
0.00768087
0.00705313
0.00658218
0.00618532
0.00582582
0.00544687
0.00511467
0.00482642
0.00448518
0.00411864
0.00380824
0.00352468
0.00322265
0.00299439
0.00267976
0.00213734
0.00168696
0.00147611
0.00122312
0.000903217
0.000537477
0.000125581
-0.000343182
-0.000773485
-0.00115499
-0.00161311
-0.00210704
-0.00261471
-0.00307477
-0.00360304
-0.00410595
-0.0046666
-0.00523796
-0.00579507
-0.00644686
-0.00700049
-0.00777833
-0.00845252
-0.00929745
-0.010275
-0.0113712
-0.0128653
0.0441678
0.0224653
0.0119512
0.00949944
0.00924299
0.00945055
0.00928565
0.00853883
0.00768431
0.00705578
0.00658425
0.00618697
0.00582719
0.00544802
0.00511561
0.00482722
0.00448587
0.00411926
0.00380883
0.00352524
0.00322316
0.00299489
0.00268027
0.00213776
0.00168728
0.00147645
0.00122345
0.000903518
0.000537755
0.000125833
-0.000342961
-0.000773292
-0.0011548
-0.00161293
-0.00210689
-0.00261457
-0.00307464
-0.00360291
-0.00410583
-0.00466648
-0.00523786
-0.00579497
-0.00644677
-0.0070004
-0.00777825
-0.00845245
-0.00929737
-0.0102749
-0.0113712
-0.0128654
0.0433636
0.0225839
0.0121023
0.00955365
0.00926187
0.00946209
0.0092943
0.00854508
0.00768896
0.00705935
0.00658698
0.00618906
0.00582889
0.00544945
0.00511678
0.00482814
0.00448662
0.00411991
0.00380942
0.00352582
0.0032237
0.00299541
0.00268083
0.00213819
0.0016876
0.00147681
0.00122381
0.000903841
0.000538056
0.000126104
-0.000342726
-0.000773087
-0.0011546
-0.00161275
-0.00210672
-0.00261442
-0.0030745
-0.00360278
-0.00410571
-0.00466637
-0.00523775
-0.00579487
-0.00644668
-0.00700031
-0.00777816
-0.00845237
-0.00929729
-0.0102749
-0.0113711
-0.0128656
0.0425666
0.022706
0.0122719
0.00961754
0.00928422
0.00947589
0.00930497
0.00855313
0.00769525
0.00706422
0.00659063
0.00619179
0.00583109
0.00545134
0.0051183
0.00482927
0.00448747
0.00412061
0.00381003
0.00352639
0.00322424
0.00299599
0.00268145
0.00213865
0.00168793
0.0014772
0.0012242
0.000904189
0.000538385
0.000126399
-0.000342472
-0.000772863
-0.00115438
-0.00161255
-0.00210655
-0.00261427
-0.00307435
-0.00360264
-0.00410558
-0.00466624
-0.00523764
-0.00579476
-0.00644657
-0.00700021
-0.00777807
-0.00845229
-0.0092972
-0.0102748
-0.011371
-0.0128658
0.0417773
0.0228276
0.012451
0.00968637
0.0093082
0.00949119
0.00931728
0.00856288
0.00770328
0.00707058
0.00659535
0.0061953
0.00583392
0.00545381
0.00512032
0.00483073
0.00448851
0.00412141
0.00381067
0.00352695
0.00322478
0.00299662
0.00268216
0.00213917
0.00168828
0.00147761
0.00122461
0.000904565
0.000538745
0.000126723
-0.000342193
-0.000772615
-0.00115414
-0.00161233
-0.00210636
-0.0026141
-0.00307419
-0.00360249
-0.00410544
-0.00466611
-0.00523752
-0.00579464
-0.00644647
-0.00700011
-0.00777797
-0.00845219
-0.0092971
-0.0102747
-0.0113709
-0.0128661
0.0409978
0.022946
0.012636
0.00975809
0.00933273
0.0095074
0.00933082
0.00857396
0.00771284
0.00707833
0.0066011
0.00619956
0.0058374
0.00545691
0.00512289
0.00483259
0.00448983
0.0041224
0.00381139
0.00352747
0.00322528
0.00299727
0.00268298
0.00213978
0.00168868
0.00147806
0.00122504
0.000904965
0.000539141
0.000127082
-0.000341882
-0.000772336
-0.00115386
-0.00161208
-0.00210616
-0.00261392
-0.00307401
-0.00360234
-0.0041053
-0.00466598
-0.0052374
-0.00579452
-0.00644635
-0.00699999
-0.00777786
-0.00845208
-0.00929698
-0.0102745
-0.0113707
-0.0128665
0.0402283
0.0230601
0.0128264
0.00983215
0.00935724
0.00952418
0.0093453
0.00858597
0.00772353
0.00708719
0.00660767
0.00620443
0.00584145
0.00546062
0.00512599
0.00483488
0.00449152
0.00412371
0.00381227
0.003528
0.0032257
0.0029979
0.00268389
0.00214052
0.00168918
0.00147854
0.00122548
0.000905382
0.000539571
0.000127482
-0.000341532
-0.000772016
-0.00115354
-0.0016118
-0.00210592
-0.00261372
-0.00307383
-0.00360217
-0.00410515
-0.00466584
-0.00523727
-0.00579439
-0.00644623
-0.00699987
-0.00777774
-0.00845196
-0.00929684
-0.0102743
-0.0113705
-0.0128668
0.0394679
0.023169
0.0130217
0.00990818
0.00938119
0.00954113
0.00936048
0.00859857
0.00773491
0.00709682
0.00661483
0.00620972
0.00584593
0.00546482
0.00512953
0.00483751
0.00449356
0.00412539
0.00381344
0.00352862
0.00322604
0.00299844
0.00268485
0.00214143
0.00168983
0.00147911
0.00122592
0.000905798
0.000540026
0.000127921
-0.000341138
-0.000771651
-0.00115318
-0.00161147
-0.00210565
-0.00261349
-0.00307361
-0.00360198
-0.00410498
-0.00466568
-0.00523713
-0.00579425
-0.0064461
-0.00699973
-0.00777761
-0.00845182
-0.00929668
-0.0102741
-0.0113702
-0.0128672
0.0387154
0.0232716
0.0132209
0.00998564
0.00940396
0.00955776
0.00937611
0.00861152
0.00774667
0.0071069
0.00662235
0.00621525
0.00585069
0.00546938
0.00513338
0.00484036
0.0044959
0.00412745
0.00381494
0.00352942
0.00322634
0.00299881
0.00268576
0.00214247
0.00169071
0.00147983
0.00122638
0.000906189
0.000540485
0.000128392
-0.000340698
-0.000771237
-0.00115277
-0.00161109
-0.00210533
-0.00261321
-0.00307336
-0.00360177
-0.00410479
-0.00466552
-0.00523698
-0.00579411
-0.00644596
-0.00699958
-0.00777747
-0.00845166
-0.00929648
-0.0102738
-0.0113697
-0.0128677
0.0379701
0.023366
0.0134228
0.010064
0.00942491
0.00957333
0.00939174
0.00862456
0.00775855
0.00711722
0.0066301
0.00622093
0.0058556
0.0054742
0.00513742
0.00484333
0.0044984
0.00412983
0.00381679
0.00353047
0.00322666
0.00299897
0.0026865
0.00214357
0.00169185
0.00148077
0.00122688
0.000906535
0.000540913
0.000128874
-0.000340217
-0.000770775
-0.00115231
-0.00161065
-0.00210494
-0.00261288
-0.00307308
-0.00360153
-0.00410458
-0.00466534
-0.00523683
-0.00579396
-0.00644581
-0.00699942
-0.00777731
-0.00845148
-0.00929626
-0.0102734
-0.0113692
-0.0128681
0.0372315
0.0234504
0.0136264
0.0101428
0.00944362
0.00958708
0.00940676
0.00863739
0.00777038
0.00712763
0.006638
0.00622676
0.00586064
0.00547918
0.00514161
0.00484632
0.00450095
0.0041324
0.00381893
0.0035318
0.00322707
0.00299892
0.00268697
0.00214459
0.00169319
0.00148201
0.00122748
0.000906827
0.000541273
0.000129335
-0.000339706
-0.000770267
-0.00115181
-0.00161017
-0.00210448
-0.00261248
-0.00307273
-0.00360124
-0.00410433
-0.00466513
-0.00523665
-0.0057938
-0.00644565
-0.00699925
-0.00777713
-0.00845126
-0.00929599
-0.0102729
-0.0113685
-0.0128685
0.0365001
0.023523
0.0138304
0.0102221
0.00946027
0.0095984
0.00942046
0.00864969
0.00778201
0.00713804
0.00664606
0.00623277
0.0058658
0.00548426
0.0051459
0.00484934
0.00450349
0.00413507
0.00382125
0.00353334
0.00322759
0.00299865
0.00268709
0.0021454
0.00169465
0.00148359
0.00122825
0.000907076
0.000541534
0.000129735
-0.000339185
-0.000769717
-0.00115128
-0.00160965
-0.00210395
-0.00261199
-0.00307232
-0.0036009
-0.00410403
-0.00466488
-0.00523645
-0.00579363
-0.00644549
-0.00699907
-0.00777693
-0.00845102
-0.00929567
-0.0102724
-0.0113676
-0.012869
0.035777
0.0235821
0.0140338
0.0103029
0.00947607
0.00960725
0.00943225
0.00866113
0.00779329
0.00714839
0.00665428
0.00623906
0.00587115
0.00548939
0.00515028
0.00485241
0.00450599
0.00413776
0.00382369
0.00353504
0.00322819
0.00299818
0.00268679
0.00214589
0.00169607
0.00148547
0.00122923
0.000907298
0.000541677
0.000130038
-0.00033868
-0.000769127
-0.00115074
-0.00160912
-0.00210337
-0.00261141
-0.00307184
-0.00360051
-0.00410369
-0.00466459
-0.00523622
-0.00579345
-0.00644531
-0.00699888
-0.00777672
-0.00845074
-0.0092953
-0.0102717
-0.0113665
-0.0128694
0.0350637
0.0236261
0.0142358
0.0103869
0.00949327
0.00961428
0.00944176
0.00867147
0.00780414
0.00715865
0.0066627
0.00624572
0.00587678
0.00549453
0.00515471
0.00485557
0.00450849
0.00414042
0.00382618
0.00353683
0.00322883
0.00299751
0.00268604
0.00214602
0.00169733
0.00148754
0.00123041
0.000907509
0.000541702
0.000130222
-0.000338215
-0.000768503
-0.00115016
-0.0016086
-0.00210277
-0.00261075
-0.00307126
-0.00360006
-0.00410329
-0.00466424
-0.00523595
-0.00579324
-0.00644513
-0.00699868
-0.0077765
-0.00845043
-0.00929489
-0.0102709
-0.0113652
-0.0128697
0.0343616
0.0236542
0.0144366
0.0104767
0.00951463
0.00962072
0.00944901
0.0086806
0.00781451
0.0071688
0.00667134
0.00625284
0.00588278
0.00549966
0.00515916
0.00485887
0.00451105
0.00414306
0.00382872
0.0035387
0.00322947
0.00299663
0.00268479
0.00214576
0.00169834
0.00148968
0.00123177
0.000907712
0.00054162
0.000130285
-0.000337806
-0.000767857
-0.00114956
-0.00160811
-0.00210216
-0.00261001
-0.0030706
-0.00359955
-0.00410284
-0.00466383
-0.00523561
-0.00579301
-0.00644493
-0.00699848
-0.00777627
-0.0084501
-0.00929442
-0.0102699
-0.0113637
-0.01287
0.033672
0.023666
0.0146364
0.0105746
0.00954258
0.00962794
0.00945431
0.00868861
0.00782446
0.0071789
0.00668022
0.00626046
0.00588921
0.00550478
0.00516358
0.00486232
0.00451375
0.00414569
0.0038313
0.00354065
0.00323011
0.00299556
0.00268304
0.00214515
0.00169907
0.00149172
0.00123326
0.000907901
0.000541452
0.000130247
-0.000337448
-0.000767202
-0.00114891
-0.00160763
-0.00210157
-0.00260923
-0.00306985
-0.00359898
-0.00410235
-0.00466337
-0.00523522
-0.00579273
-0.00644472
-0.00699828
-0.00777602
-0.00844975
-0.00929391
-0.0102689
-0.011362
-0.0128702
0.0329958
0.0236616
0.0148356
0.0106821
0.00957835
0.00963692
0.00945815
0.00869572
0.00783412
0.00718899
0.00668935
0.00626857
0.00589609
0.00550994
0.00516794
0.00486589
0.00451663
0.00414835
0.00383393
0.00354268
0.00323078
0.00299433
0.00268085
0.00214423
0.0016996
0.00149357
0.00123482
0.000908074
0.000541225
0.000130145
-0.000337116
-0.000766549
-0.00114822
-0.00160717
-0.00210099
-0.00260842
-0.00306903
-0.00359835
-0.00410182
-0.00466286
-0.00523476
-0.0057924
-0.0064445
-0.00699809
-0.00777577
-0.00844937
-0.00929335
-0.0102677
-0.01136
-0.0128703
0.0323336
0.0236411
0.0150346
0.0107995
0.00962169
0.00964791
0.00946102
0.00870225
0.00784361
0.00719914
0.00669873
0.00627713
0.00590342
0.00551517
0.00517227
0.00486958
0.0045197
0.00415106
0.00383662
0.00354481
0.00323151
0.002993
0.0026783
0.00214311
0.00170004
0.00149516
0.0012364
0.000908235
0.000540971
0.000130028
-0.000336769
-0.000765901
-0.00114751
-0.0016067
-0.00210043
-0.00260761
-0.00306815
-0.00359768
-0.00410127
-0.00466232
-0.00523424
-0.00579202
-0.00644425
-0.00699789
-0.00777551
-0.00844897
-0.00929275
-0.0102664
-0.0113578
-0.0128703
0.0316847
0.0236049
0.0152332
0.0109265
0.00967122
0.00966039
0.00946329
0.00870854
0.00785308
0.00720939
0.00670835
0.00628608
0.00591114
0.00552054
0.00517661
0.00487338
0.00452294
0.00415384
0.00383938
0.00354703
0.00323233
0.00299164
0.00267554
0.00214195
0.00170056
0.00149651
0.00123797
0.000908398
0.000540717
0.000129944
-0.000336359
-0.000765247
-0.0011468
-0.00160623
-0.00209985
-0.00260681
-0.00306724
-0.00359696
-0.00410069
-0.00466175
-0.00523367
-0.00579158
-0.00644397
-0.00699769
-0.00777524
-0.00844855
-0.00929211
-0.010265
-0.0113554
-0.0128702
0.0310493
0.0235534
0.015431
0.011062
0.00972505
0.00967342
0.00946517
0.00871488
0.00786267
0.00721979
0.00671819
0.00629537
0.00591919
0.00552611
0.00518102
0.00487731
0.00452633
0.00415671
0.00384222
0.00354936
0.00323329
0.00299032
0.00267269
0.00214098
0.00170137
0.00149769
0.00123951
0.000908575
0.000540483
0.000129933
-0.000335843
-0.000764562
-0.00114614
-0.00160576
-0.00209922
-0.002606
-0.00306631
-0.00359622
-0.00410009
-0.00466117
-0.00523306
-0.00579109
-0.00644366
-0.00699749
-0.00777497
-0.00844812
-0.00929143
-0.0102635
-0.0113527
-0.0128701
0.0304279
0.023487
0.0156272
0.0112052
0.00978148
0.00968595
0.00946672
0.00872148
0.00787249
0.00723036
0.00672823
0.00630496
0.0059275
0.00553192
0.00518558
0.0048814
0.00452983
0.00415966
0.00384515
0.00355178
0.00323442
0.0029891
0.00266992
0.00214042
0.00170267
0.00149879
0.00124099
0.000908778
0.00054028
0.000130019
-0.000335185
-0.000763808
-0.00114556
-0.00160529
-0.00209852
-0.00260518
-0.0030654
-0.00359547
-0.00409946
-0.00466057
-0.00523242
-0.00579056
-0.00644333
-0.00699729
-0.00777469
-0.00844765
-0.00929071
-0.010262
-0.0113499
-0.0128698
0.0298208
0.0234055
0.015821
0.0113554
0.00983933
0.00969711
0.00946784
0.00872844
0.0078826
0.00724112
0.00673849
0.00631481
0.00593604
0.00553799
0.00519036
0.00488568
0.00453342
0.0041627
0.00384814
0.0035543
0.00323573
0.00298802
0.00266733
0.0021405
0.00170464
0.00149992
0.00124238
0.000909009
0.000540109
0.000130206
-0.000334365
-0.000762947
-0.00114507
-0.00160484
-0.00209771
-0.00260432
-0.0030645
-0.00359472
-0.00409882
-0.00465995
-0.00523176
-0.00579
-0.00644297
-0.00699709
-0.0077744
-0.00844717
-0.00928995
-0.0102604
-0.011347
-0.0128695
0.0292276
0.0233093
0.0160113
0.011512
0.00989803
0.00970626
0.00946835
0.00873578
0.00789304
0.00725205
0.00674894
0.00632491
0.00594479
0.00554431
0.00519537
0.00489018
0.00453711
0.00416584
0.00385121
0.0035569
0.00323723
0.0029871
0.002665
0.00214136
0.00170738
0.0015012
0.00124363
0.000909261
0.000539963
0.000130484
-0.000333374
-0.000761946
-0.00114467
-0.0016044
-0.00209681
-0.0026034
-0.00306362
-0.00359397
-0.00409815
-0.00465932
-0.00523108
-0.00578942
-0.00644259
-0.00699688
-0.0077741
-0.00844666
-0.00928915
-0.0102587
-0.0113439
-0.0128692
0.0286481
0.0231985
0.0161967
0.0116745
0.00995758
0.00971303
0.00946795
0.00874343
0.00790384
0.00726316
0.00675958
0.00633526
0.00595376
0.00555088
0.00520064
0.0048949
0.00454088
0.00416907
0.00385436
0.00355959
0.00323891
0.00298635
0.00266295
0.00214303
0.00171092
0.00150268
0.00124473
0.000909524
0.000539834
0.000130832
-0.000332214
-0.000760787
-0.00114435
-0.00160398
-0.00209581
-0.00260241
-0.00306275
-0.00359321
-0.00409746
-0.00465866
-0.00523037
-0.00578883
-0.00644219
-0.00699666
-0.00777379
-0.00844612
-0.0092883
-0.0102569
-0.0113406
-0.0128688
0.028083
0.0230735
0.016376
0.0118428
0.0100185
0.00971727
0.00946626
0.00875121
0.00791499
0.00727448
0.00677041
0.00634583
0.00596293
0.00555769
0.00520616
0.00489985
0.00454476
0.00417241
0.0038576
0.00356237
0.00324076
0.00298577
0.00266116
0.00214549
0.00171522
0.00150439
0.00124565
0.000909786
0.000539718
0.000131228
-0.000330894
-0.000759469
-0.00114406
-0.00160357
-0.00209472
-0.00260134
-0.00306186
-0.00359246
-0.00409674
-0.00465797
-0.00522963
-0.00578821
-0.00644175
-0.00699643
-0.00777347
-0.00844555
-0.0092874
-0.0102551
-0.0113373
-0.0128683
0.0275321
0.0229353
0.0165474
0.0120163
0.0100815
0.00971913
0.00946296
0.00875891
0.00792643
0.00728596
0.00678143
0.00635663
0.00597232
0.00556471
0.0052119
0.00490501
0.00454874
0.00417585
0.00386091
0.00356524
0.00324276
0.00298532
0.00265961
0.00214862
0.00172018
0.00150634
0.00124639
0.000910038
0.000539612
0.000131657
-0.00032943
-0.000758006
-0.00114376
-0.00160314
-0.00209356
-0.0026002
-0.00306096
-0.00359168
-0.00409598
-0.00465726
-0.00522886
-0.00578758
-0.0064413
-0.00699619
-0.00777312
-0.00844496
-0.00928646
-0.0102532
-0.0113337
-0.0128678
0.0269935
0.0227848
0.0167098
0.0121943
0.0101475
0.00971874
0.00945767
0.00876638
0.00793823
0.00729768
0.00679264
0.00636766
0.00598196
0.00557195
0.00521784
0.00491036
0.00455285
0.0041794
0.00386431
0.0035682
0.0032449
0.00298497
0.00265826
0.0021523
0.00172568
0.00150848
0.00124698
0.000910279
0.000539517
0.000132109
-0.00032784
-0.000756419
-0.00114341
-0.00160269
-0.00209234
-0.002599
-0.00306002
-0.00359088
-0.00409519
-0.00465651
-0.00522807
-0.00578693
-0.00644081
-0.00699593
-0.00777276
-0.00844435
-0.00928547
-0.0102513
-0.0113301
-0.0128672
0.0264681
0.0226227
0.0168609
0.0123758
0.0102177
0.00971661
0.00945004
0.00877325
0.00795031
0.00730962
0.00680403
0.0063789
0.00599185
0.00557943
0.00522401
0.00491591
0.00455708
0.00418306
0.0038678
0.00357124
0.00324715
0.00298471
0.00265709
0.00215639
0.0017316
0.00151079
0.00124745
0.000910511
0.000539434
0.000132579
-0.000326144
-0.000754735
-0.00114301
-0.0016022
-0.00209107
-0.00259773
-0.00305903
-0.00359004
-0.00409437
-0.00465574
-0.00522724
-0.00578625
-0.0064403
-0.00699565
-0.00777237
-0.0084437
-0.00928442
-0.0102493
-0.0113263
-0.0128666
0.0259563
0.022451
0.0169993
0.0125588
0.0102926
0.00971316
0.00943982
0.00877922
0.00796259
0.00732181
0.00681562
0.00639033
0.00600195
0.0055871
0.00523034
0.00492164
0.00456146
0.00418682
0.00387137
0.00357436
0.00324949
0.00298451
0.00265607
0.00216078
0.00173784
0.00151323
0.00124782
0.000910743
0.000539366
0.000133069
-0.000324361
-0.000752974
-0.00114254
-0.00160167
-0.00208976
-0.0025964
-0.00305799
-0.00358916
-0.00409351
-0.00465493
-0.00522638
-0.00578555
-0.00643977
-0.00699534
-0.00777196
-0.00844303
-0.00928332
-0.0102472
-0.0113223
-0.0128659
0.0254625
0.0222713
0.0171249
0.012743
0.0103727
0.00970841
0.00942656
0.00878406
0.00797516
0.00733436
0.00682746
0.006402
0.00601233
0.005595
0.00523684
0.00492753
0.00456598
0.00419069
0.00387503
0.00357756
0.00325192
0.00298437
0.00265519
0.00216539
0.00174434
0.00151577
0.00124815
0.00091098
0.000539317
0.00013358
-0.000322505
-0.000751151
-0.001142
-0.0016011
-0.00208841
-0.00259503
-0.00305691
-0.00358825
-0.00409262
-0.00465409
-0.0052255
-0.00578481
-0.00643921
-0.006995
-0.00777152
-0.00844232
-0.00928216
-0.010245
-0.0113182
-0.0128651
0.0249982
0.0220845
0.0172347
0.012927
0.0104597
0.00970391
0.00941024
0.00878709
0.00798754
0.00734705
0.00683939
0.00641379
0.00602291
0.0056031
0.00524356
0.0049336
0.00457063
0.00419465
0.00387877
0.00358083
0.00325441
0.00298426
0.00265443
0.00217015
0.00175102
0.0015184
0.00124847
0.000911234
0.00053929
0.000134116
-0.00032059
-0.000749277
-0.00114139
-0.00160049
-0.00208703
-0.0025936
-0.00305577
-0.00358728
-0.0040917
-0.00465322
-0.00522458
-0.00578405
-0.00643863
-0.00699463
-0.00777105
-0.00844158
-0.00928094
-0.0102427
-0.0113139
-0.0128643
0.0245561
0.0218942
0.0173298
0.0131091
0.0105531
0.0097002
0.00939112
0.00878844
0.00800006
0.00736025
0.00685168
0.00642582
0.00603373
0.0056114
0.00525045
0.00493988
0.00457546
0.00419873
0.00388261
0.00358416
0.00325696
0.00298418
0.00265381
0.00217502
0.00175785
0.00152112
0.00124879
0.000911512
0.000539289
0.000134679
-0.000318624
-0.000747356
-0.00114073
-0.00159983
-0.0020856
-0.00259212
-0.00305459
-0.00358628
-0.00409074
-0.00465232
-0.00522363
-0.00578326
-0.00643803
-0.00699423
-0.00777055
-0.0084408
-0.00927965
-0.0102404
-0.0113095
-0.0128634
0.0241169
0.0217007
0.0174091
0.0132865
0.010652
0.009697
0.00936882
0.00878777
0.00801261
0.00737401
0.00686436
0.00643811
0.00604479
0.00561994
0.00525758
0.00494631
0.0045804
0.00420292
0.00388657
0.00358758
0.00325956
0.00298414
0.00265332
0.00217999
0.00176481
0.00152393
0.00124914
0.00091182
0.000539317
0.000135271
-0.000316613
-0.000745387
-0.00114003
-0.00159915
-0.00208414
-0.0025906
-0.00305335
-0.00358523
-0.00408974
-0.00465139
-0.00522264
-0.00578243
-0.00643741
-0.0069938
-0.00777002
-0.00843999
-0.00927829
-0.0102379
-0.0113049
-0.0128624
0.0236915
0.0215032
0.0174689
0.013458
0.0107582
0.00969616
0.00934296
0.00878341
0.00802369
0.00738744
0.00687693
0.00645036
0.00605588
0.00562859
0.00526487
0.0049529
0.00458543
0.00420715
0.00389058
0.00359104
0.00326219
0.0029841
0.00265293
0.00218501
0.00177187
0.00152684
0.00124954
0.000912162
0.000539378
0.000135894
-0.00031456
-0.000743373
-0.00113928
-0.00159842
-0.00208263
-0.00258902
-0.00305207
-0.00358414
-0.00408871
-0.00465042
-0.00522162
-0.00578158
-0.00643677
-0.00699334
-0.00776947
-0.00843914
-0.00927685
-0.0102354
-0.0113002
-0.0128613
0.0233094
0.0213099
0.017516
0.0136227
0.0108697
0.00969836
0.009315
0.00877667
0.00803466
0.00740175
0.00689019
0.00646302
0.00606729
0.0056375
0.00527238
0.0049597
0.00459064
0.00421151
0.00389469
0.00359456
0.00326485
0.0029841
0.00265267
0.00219011
0.00177902
0.00152983
0.00124999
0.000912542
0.000539474
0.000136553
-0.000312467
-0.000741311
-0.0011385
-0.00159767
-0.00208106
-0.00258739
-0.00305074
-0.00358301
-0.00408763
-0.00464941
-0.00522056
-0.00578069
-0.00643611
-0.00699286
-0.00776889
-0.00843824
-0.00927533
-0.0102328
-0.0112953
-0.0128601
0.0229286
0.0211196
0.0175467
0.0137764
0.0109848
0.00970448
0.00928543
0.00876726
0.00804476
0.00741648
0.00690395
0.00647597
0.00607892
0.00564671
0.00528023
0.00496668
0.00459598
0.00421604
0.00389898
0.00359819
0.00326755
0.00298415
0.0026525
0.00219527
0.00178625
0.00153292
0.00125051
0.00091296
0.000539605
0.000137247
-0.000310333
-0.000739199
-0.00113767
-0.00159687
-0.00207944
-0.0025857
-0.00304936
-0.00358184
-0.00408652
-0.00464837
-0.00521946
-0.00577978
-0.00643542
-0.00699235
-0.00776827
-0.0084373
-0.00927372
-0.0102302
-0.0112902
-0.0128588
0.0224964
0.0209284
0.0175583
0.013919
0.0111041
0.00971546
0.00925285
0.00875246
0.00805166
0.00743019
0.00691747
0.00648873
0.00609039
0.00565588
0.00528814
0.00497374
0.00460133
0.00422057
0.00390326
0.00360181
0.00327024
0.0029842
0.00265241
0.00220045
0.00179353
0.00153612
0.00125109
0.00091342
0.000539774
0.000137977
-0.000308163
-0.000737042
-0.00113681
-0.00159603
-0.00207777
-0.00258396
-0.00304793
-0.00358062
-0.00408537
-0.00464729
-0.00521832
-0.00577883
-0.00643472
-0.00699181
-0.00776762
-0.00843631
-0.00927202
-0.0102274
-0.0112849
-0.0128575
0.0222251
0.0207501
0.0175634
0.0140516
0.0112246
0.0097316
0.00921998
0.00873521
0.00805776
0.00744478
0.00693213
0.00650224
0.0061023
0.00566537
0.00529631
0.00498099
0.00460681
0.00422519
0.00390767
0.00360552
0.00327298
0.00298434
0.00265243
0.00220569
0.00180086
0.00153939
0.00125173
0.000913922
0.000539988
0.000138751
-0.00030595
-0.000734834
-0.00113591
-0.00159514
-0.00207604
-0.00258216
-0.00304645
-0.00357935
-0.00408417
-0.00464617
-0.00521713
-0.00577785
-0.00643398
-0.00699124
-0.00776694
-0.00843527
-0.00927023
-0.0102245
-0.0112795
-0.012856
0.02188
0.0205687
0.0175513
0.0141666
0.0113444
0.00975509
0.00918856
0.00871525
0.00806157
0.00745895
0.00694723
0.00651618
0.00611446
0.00567513
0.0053048
0.00498851
0.00461254
0.00423009
0.00391229
0.00360934
0.00327574
0.0029845
0.00265251
0.00221095
0.00180823
0.00154279
0.00125246
0.000914465
0.000540241
0.000139568
-0.000303696
-0.000732575
-0.00113495
-0.00159421
-0.00207424
-0.0025803
-0.00304491
-0.00357804
-0.00408292
-0.00464501
-0.00521591
-0.00577684
-0.00643322
-0.00699065
-0.00776623
-0.00843419
-0.00926834
-0.0102215
-0.0112739
-0.0128544
0.0215148
0.0203868
0.0175218
0.0142657
0.0114621
0.00978388
0.00915585
0.00868945
0.00806057
0.00747105
0.00696186
0.00652997
0.0061264
0.00568474
0.00531329
0.00499606
0.00461826
0.0042349
0.00391685
0.00361308
0.00327843
0.0029847
0.00265268
0.00221622
0.0018156
0.00154626
0.00125327
0.00091505
0.000540539
0.000140427
-0.000301406
-0.000730272
-0.00113395
-0.00159322
-0.00207239
-0.00257838
-0.00304332
-0.00357668
-0.00408163
-0.0046438
-0.00521465
-0.0057758
-0.00643244
-0.00699003
-0.00776548
-0.00843305
-0.00926635
-0.0102185
-0.0112682
-0.0128526
0.0213213
0.0202315
0.0174936
0.014354
0.0115754
0.00981761
0.00912495
0.00866163
0.00805747
0.00748273
0.00697733
0.00654474
0.006139
0.00569469
0.00532196
0.0050037
0.00462396
0.00423972
0.00392152
0.00361697
0.00328122
0.00298503
0.00265297
0.00222152
0.00182297
0.00154981
0.00125415
0.000915687
0.00054089
0.00014134
-0.000299069
-0.000727917
-0.00113289
-0.00159217
-0.00207047
-0.0025764
-0.00304166
-0.00357527
-0.00408029
-0.00464256
-0.00521334
-0.00577472
-0.00643162
-0.00698938
-0.00776469
-0.00843186
-0.00926424
-0.0102153
-0.0112623
-0.0128507
0.0210833
0.020069
0.0174515
0.0144233
0.0116838
0.00985958
0.00909892
0.00863255
0.00805131
0.00749268
0.00699284
0.0065602
0.00615204
0.00570483
0.00533077
0.00501162
0.00463005
0.00424491
0.00392644
0.00362097
0.00328401
0.00298536
0.00265331
0.00222682
0.00183036
0.00155347
0.00125513
0.000916366
0.000541291
0.000142305
-0.000296688
-0.000725512
-0.00113176
-0.00159106
-0.00206849
-0.00257436
-0.00303995
-0.00357381
-0.0040789
-0.00464126
-0.00521198
-0.0057736
-0.00643077
-0.0069887
-0.00776386
-0.00843062
-0.00926202
-0.0102121
-0.0112562
-0.0128487
0.0208221
0.0199098
0.0174005
0.0144783
0.0117855
0.00990469
0.00907435
0.00859968
0.00804042
0.00749965
0.00700744
0.00657574
0.00616519
0.005715
0.00533974
0.00501975
0.00463617
0.00424994
0.0039312
0.00362483
0.00328671
0.00298576
0.00265377
0.00223213
0.00183772
0.0015572
0.00125619
0.000917094
0.000541749
0.000143322
-0.000294269
-0.000723061
-0.00113058
-0.00158989
-0.00206645
-0.00257226
-0.00303817
-0.0035723
-0.00407746
-0.00463993
-0.00521059
-0.00577245
-0.00642989
-0.00698799
-0.00776299
-0.00842931
-0.00925969
-0.0102087
-0.0112499
-0.0128465
0.0205762
0.0197617
0.0173508
0.0145199
0.0118762
0.00995019
0.00905199
0.00856556
0.00802661
0.00750414
0.00702119
0.00659181
0.0061792
0.00572561
0.00534871
0.00502766
0.00464207
0.00425495
0.00393612
0.00362888
0.00328952
0.00298627
0.00265433
0.00223742
0.00184506
0.00156102
0.00125736
0.000917881
0.000542267
0.0001444
-0.000291801
-0.000720558
-0.00112933
-0.00158866
-0.00206435
-0.0025701
-0.00303633
-0.00357073
-0.00407597
-0.00463854
-0.00520914
-0.00577126
-0.00642897
-0.00698724
-0.00776207
-0.00842795
-0.00925723
-0.0102053
-0.0112435
-0.0128442
0.0203207
0.0196114
0.0172938
0.0145459
0.0119564
0.00999888
0.00903484
0.00853166
0.00801005
0.00750579
0.00703382
0.0066083
0.00619381
0.00573631
0.00535754
0.00503572
0.00464843
0.00426036
0.00394125
0.00363298
0.00329228
0.00298681
0.00265498
0.00224273
0.00185239
0.00156493
0.00125863
0.000918726
0.000542853
0.000145543
-0.000289287
-0.000718009
-0.00112801
-0.00158736
-0.00206218
-0.00256788
-0.00303443
-0.00356911
-0.00407441
-0.00463711
-0.00520765
-0.00577003
-0.00642801
-0.00698646
-0.00776111
-0.00842652
-0.00925464
-0.0102017
-0.011237
-0.0128417
0.0200644
0.0194605
0.0172338
0.0145625
0.0120287
0.0100488
0.00902092
0.00849706
0.00799051
0.00750437
0.00704459
0.00662446
0.00620885
0.00574759
0.00536691
0.00504421
0.00465486
0.00426553
0.0039462
0.00363702
0.00329505
0.00298744
0.00265573
0.00224801
0.00185965
0.00156891
0.00126
0.000919635
0.000543505
0.000146746
-0.000286729
-0.000715406
-0.00112661
-0.00158598
-0.00205995
-0.0025656
-0.00303245
-0.00356743
-0.0040728
-0.00463562
-0.0052061
-0.00576876
-0.00642702
-0.00698564
-0.00776009
-0.00842502
-0.00925192
-0.010198
-0.0112303
-0.012839
0.0197963
0.0193077
0.0171733
0.0145702
0.0120896
0.0100961
0.00900941
0.00846254
0.00796872
0.00749984
0.00705305
0.00664033
0.00622497
0.00575973
0.00537625
0.00505225
0.00466094
0.00427069
0.00395137
0.00364126
0.00329782
0.00298809
0.00265657
0.00225327
0.00186689
0.00157298
0.00126149
0.000920615
0.000544235
0.000148026
-0.000284118
-0.00071275
-0.00112514
-0.00158453
-0.00205765
-0.00256326
-0.00303041
-0.0035657
-0.00407113
-0.00463409
-0.00520451
-0.00576745
-0.00642599
-0.00698479
-0.00775902
-0.00842346
-0.00924907
-0.0101942
-0.0112234
-0.0128361
0.0195252
0.0191547
0.0171095
0.0145665
0.0121385
0.010141
0.00900103
0.00842854
0.00794479
0.0074924
0.0070593
0.00665565
0.00624146
0.00577192
0.00538536
0.00506038
0.00466744
0.00427612
0.00395656
0.00364539
0.00330051
0.00298883
0.00265758
0.00225855
0.00187408
0.00157713
0.0012631
0.000921677
0.000545051
0.00014938
-0.000281463
-0.00071005
-0.00112359
-0.001583
-0.00205528
-0.00256086
-0.00302829
-0.00356391
-0.0040694
-0.0046325
-0.00520287
-0.00576609
-0.00642491
-0.00698389
-0.0077579
-0.00842182
-0.00924608
-0.0101903
-0.0112164
-0.0128331
0.0192654
0.0190027
0.0170406
0.0145539
0.0121771
0.010183
0.00899466
0.00839484
0.00791936
0.00748248
0.00706265
0.00666915
0.00625781
0.00578491
0.00539532
0.005069
0.00467392
0.00428121
0.00396157
0.00364959
0.00330332
0.0029897
0.00265867
0.00226376
0.0018812
0.00158135
0.00126483
0.00092281
0.000545936
0.000150803
-0.000278758
-0.000707293
-0.00112196
-0.00158139
-0.00205284
-0.00255838
-0.0030261
-0.00356205
-0.0040676
-0.00463085
-0.00520117
-0.00576468
-0.00642379
-0.00698295
-0.00775672
-0.00842011
-0.00924294
-0.0101863
-0.0112093
-0.0128298
0.0190036
0.0188461
0.0169656
0.0145336
0.0122054
0.0102205
0.00898945
0.00836193
0.0078927
0.00746968
0.00706264
0.00668103
0.00627484
0.00579912
0.00540561
0.00507727
0.00468008
0.00428629
0.00396679
0.00365393
0.00330607
0.00299055
0.00265984
0.00226897
0.00188826
0.00158564
0.00126668
0.000924039
0.000546922
0.000152317
-0.000275992
-0.000704476
-0.00112024
-0.0015797
-0.00205033
-0.00255585
-0.00302383
-0.00356014
-0.00406574
-0.00462915
-0.00519942
-0.00576323
-0.00642262
-0.00698197
-0.00775547
-0.00841831
-0.00923966
-0.0101821
-0.011202
-0.0128263
0.0187463
0.0186872
0.0168856
0.0145058
0.0122229
0.0102527
0.00898534
0.00832946
0.00786432
0.00745445
0.0070602
0.00669142
0.00629163
0.0058135
0.00541588
0.0050857
0.0046866
0.00429148
0.00397184
0.0036581
0.00330876
0.0029915
0.00266117
0.00227415
0.00189525
0.00159001
0.00126868
0.000925372
0.000548012
0.000153915
-0.000273178
-0.000701606
-0.00111844
-0.00157793
-0.00204775
-0.00255324
-0.00302148
-0.00355816
-0.00406381
-0.00462739
-0.00519761
-0.00576173
-0.00642141
-0.00698094
-0.00775416
-0.00841643
-0.00923623
-0.0101779
-0.0111946
-0.0128226
0.0184883
0.0185271
0.0168007
0.0144698
0.01223
0.0102794
0.00898123
0.0082969
0.00783504
0.00743799
0.00705521
0.00669897
0.00630713
0.00582826
0.00542708
0.00509476
0.00469311
0.00429626
0.00397666
0.00366234
0.00331154
0.00299253
0.00266259
0.00227931
0.00190217
0.00159445
0.0012708
0.000926796
0.000549195
0.000155598
-0.000270314
-0.000698682
-0.00111654
-0.00157607
-0.00204509
-0.00255056
-0.00301905
-0.00355611
-0.00406181
-0.00462557
-0.00519575
-0.00576017
-0.00642015
-0.00697986
-0.00775278
-0.00841446
-0.00923265
-0.0101735
-0.011187
-0.0128186
0.0182262
0.0183649
0.0167096
0.0144258
0.0122273
0.0102997
0.00897655
0.00826501
0.0078053
0.00741945
0.00704672
0.00670353
0.00632194
0.00584387
0.00543892
0.00510378
0.00469942
0.00430095
0.00398152
0.00366663
0.00331428
0.00299358
0.00266411
0.00228444
0.001909
0.00159894
0.00127307
0.000928337
0.000550483
0.000157376
-0.000267387
-0.000695699
-0.00111454
-0.0015741
-0.00204234
-0.00254781
-0.00301654
-0.003554
-0.00405974
-0.00462369
-0.00519383
-0.00575857
-0.00641883
-0.00697873
-0.00775134
-0.0084124
-0.00922892
-0.0101689
-0.0111794
-0.0128145
0.0179617
0.0182007
0.0166132
0.014374
0.0122143
0.0103134
0.00897162
0.00823312
0.00777383
0.00739871
0.00703591
0.00670595
0.00633558
0.00585922
0.00545087
0.00511317
0.00470615
0.00430569
0.00398615
0.00367074
0.00331697
0.00299469
0.00266573
0.00228954
0.00191578
0.0016035
0.00127546
0.00092999
0.000551894
0.000159253
-0.000264393
-0.000692644
-0.00111245
-0.00157205
-0.00203952
-0.00254499
-0.00301394
-0.00355182
-0.00405759
-0.00462174
-0.00519185
-0.0057569
-0.00641746
-0.00697754
-0.00774982
-0.00841024
-0.00922503
-0.0101642
-0.0111716
-0.01281
0.0176876
0.0180329
0.0165118
0.0143139
0.0121916
0.0103208
0.00896541
0.00820012
0.00774095
0.00737694
0.00702312
0.00670547
0.00634708
0.00587404
0.00546349
0.00512339
0.0047131
0.00431006
0.00399042
0.00367479
0.00331968
0.00299585
0.00266744
0.00229462
0.00192245
0.00160812
0.00127799
0.00093177
0.000553439
0.000161238
-0.000261344
-0.000689531
-0.00111026
-0.0015699
-0.00203661
-0.00254209
-0.00301126
-0.00354956
-0.00405536
-0.00461972
-0.00518981
-0.00575518
-0.00641604
-0.00697629
-0.00774822
-0.00840797
-0.00922099
-0.0101594
-0.0111636
-0.0128054
0.0174054
0.0178606
0.0164056
0.0142469
0.0121599
0.0103208
0.00895678
0.00816627
0.00770712
0.00735397
0.0070078
0.00670195
0.00635671
0.00588848
0.00547643
0.00513394
0.00472016
0.00431434
0.00399457
0.00367878
0.00332232
0.00299703
0.00266925
0.00229964
0.00192902
0.00161281
0.00128071
0.000933679
0.000555082
0.000163322
-0.000258231
-0.000686356
-0.00110796
-0.00156765
-0.00203362
-0.0025391
-0.00300847
-0.00354724
-0.00405306
-0.00461764
-0.00518771
-0.00575339
-0.00641457
-0.00697497
-0.00774655
-0.0084056
-0.0092168
-0.0101545
-0.0111556
-0.0128004
0.0171146
0.0176823
0.0162964
0.014174
0.0121181
0.0103123
0.00894607
0.00813191
0.00767196
0.00732946
0.00699002
0.00669568
0.00636442
0.00590178
0.00548911
0.00514503
0.00472784
0.00431865
0.00399837
0.00368251
0.00332488
0.00299823
0.00267113
0.00230467
0.00193556
0.00161754
0.00128354
0.000935728
0.000556858
0.000165503
-0.000255034
-0.000683095
-0.00110555
-0.00156528
-0.00203054
-0.00253604
-0.0030056
-0.00354483
-0.00405067
-0.0046155
-0.00518555
-0.00575154
-0.00641303
-0.00697359
-0.00774479
-0.00840311
-0.00921245
-0.0101494
-0.0111474
-0.0127952
0.0168146
0.0174969
0.0161843
0.0140951
0.0120661
0.0102957
0.00893368
0.00809653
0.00763439
0.00730311
0.00697013
0.00668691
0.00637007
0.00591365
0.00550148
0.00515681
0.00473606
0.00432277
0.00400178
0.00368613
0.00332741
0.0029994
0.00267308
0.00230968
0.00194197
0.00162228
0.00128651
0.000937941
0.000558808
0.000167796
-0.000251784
-0.00067976
-0.00110303
-0.00156282
-0.00202736
-0.00253289
-0.00300264
-0.00354234
-0.0040482
-0.00461328
-0.00518333
-0.00574963
-0.00641143
-0.00697213
-0.00774296
-0.0084005
-0.00920795
-0.0101441
-0.0111392
-0.0127897
0.016508
0.017303
0.0160687
0.0140111
0.012005
0.0102706
0.00891844
0.00805902
0.00759409
0.00727595
0.00694878
0.00667529
0.00637353
0.00592401
0.00551302
0.00516888
0.00474487
0.00432698
0.00400498
0.00368954
0.0033298
0.00300055
0.00267506
0.00231463
0.00194832
0.00162712
0.00128963
0.000940275
0.000560894
0.000170232
-0.000248465
-0.000676369
-0.00110038
-0.00156023
-0.0020241
-0.00252965
-0.00299958
-0.00353978
-0.00404563
-0.00461098
-0.00518104
-0.00574764
-0.00640978
-0.00697059
-0.00774103
-0.00839777
-0.0092033
-0.0101387
-0.0111308
-0.012784
0.0161976
0.0170993
0.0159494
0.013924
0.0119356
0.0102356
0.00889934
0.00802031
0.0075518
0.00724772
0.00692515
0.00666027
0.00637495
0.00593291
0.00552325
0.00518113
0.00475462
0.00433137
0.00400772
0.00369263
0.00333209
0.00300168
0.00267706
0.00231954
0.00195461
0.001632
0.00129291
0.000942779
0.000563107
0.000172776
-0.000245032
-0.000672895
-0.00109764
-0.00155753
-0.00202073
-0.00252632
-0.00299641
-0.00353714
-0.00404299
-0.00460861
-0.00517869
-0.00574557
-0.00640807
-0.00696897
-0.00773902
-0.00839489
-0.0091985
-0.0101332
-0.0111223
-0.012778
0.0158872
0.0168858
0.0158256
0.0138345
0.0118582
0.0101897
0.00887651
0.00798102
0.00750604
0.0072172
0.00689991
0.00664245
0.00637447
0.00594035
0.00553178
0.00519313
0.00476521
0.00433593
0.0040101
0.0036956
0.00333431
0.00300265
0.00267902
0.00232441
0.0019608
0.00163692
0.00129636
0.000945459
0.000565463
0.000175407
-0.000241517
-0.000669296
-0.00109477
-0.00155473
-0.00201725
-0.00252288
-0.00299314
-0.00353439
-0.00404026
-0.00460616
-0.00517627
-0.00574342
-0.00640629
-0.00696727
-0.00773693
-0.00839189
-0.00919353
-0.0101275
-0.0111137
-0.0127717
0.0155819
0.0166635
0.015696
0.0137427
0.0117739
0.0101328
0.0088491
0.00794074
0.0074565
0.00718496
0.00687381
0.00662126
0.00637151
0.00594641
0.00553836
0.00520446
0.00477666
0.00434098
0.00401219
0.0036982
0.00333632
0.00300353
0.00268099
0.00232925
0.00196693
0.00164186
0.00129992
0.000948317
0.000568016
0.00017818
-0.000237953
-0.000665627
-0.00109173
-0.0015518
-0.00201371
-0.00251935
-0.00298977
-0.00353157
-0.00403742
-0.00460364
-0.00517379
-0.0057412
-0.00640444
-0.00696546
-0.00773474
-0.00838875
-0.00918842
-0.0101216
-0.0111049
-0.0127651
0.0152875
0.0164345
0.0155582
0.0136485
0.0116847
0.0100646
0.00881556
0.00790013
0.00740336
0.00714998
0.0068466
0.0065966
0.00636606
0.00595155
0.0055429
0.00521456
0.00478892
0.00434658
0.00401382
0.00370045
0.00333831
0.0030044
0.00268286
0.00233395
0.00197298
0.00164686
0.00130365
0.000951375
0.000570735
0.000181077
-0.000234289
-0.000661895
-0.00108858
-0.0015487
-0.00201004
-0.00251575
-0.00298629
-0.00352864
-0.0040345
-0.00460102
-0.00517124
-0.00573889
-0.00640254
-0.00696355
-0.00773244
-0.00838547
-0.00918316
-0.0101156
-0.0110961
-0.0127582
0.0150082
0.0162002
0.0154103
0.0135509
0.0115923
0.00998555
0.00877419
0.00785917
0.00734648
0.00711152
0.00681916
0.0065688
0.00635751
0.00595596
0.00554541
0.0052227
0.00480176
0.00435297
0.00401509
0.00370248
0.00334027
0.00300503
0.00268457
0.00233858
0.00197894
0.00165193
0.00130755
0.000954582
0.000573585
0.000184116
-0.000230486
-0.000658048
-0.00108535
-0.00154551
-0.00200621
-0.002512
-0.00298274
-0.00352562
-0.00403147
-0.00459832
-0.00516861
-0.00573648
-0.00640058
-0.00696155
-0.00773004
-0.00838202
-0.00917774
-0.0101094
-0.0110871
-0.0127511
0.0147446
0.0159639
0.0152513
0.0134487
0.0114982
0.00989637
0.00872301
0.00781784
0.00728677
0.00706875
0.0067913
0.0065381
0.00634519
0.00595956
0.00554622
0.0052285
0.00481473
0.00436047
0.00401622
0.00370387
0.00334203
0.00300563
0.00268621
0.00234314
0.00198482
0.00165696
0.00131159
0.000958035
0.000576627
0.000187265
-0.000226597
-0.000654075
-0.00108194
-0.00154222
-0.00200233
-0.00250811
-0.00297903
-0.00352252
-0.00402837
-0.00459554
-0.00516592
-0.00573397
-0.00639855
-0.00695944
-0.00772757
-0.00837844
-0.00917216
-0.0101031
-0.011078
-0.0127436
0.0144959
0.0157288
0.015081
0.0133395
0.0114029
0.00979848
0.00866072
0.0077758
0.00722476
0.00702036
0.00676293
0.00650542
0.00632857
0.00596223
0.00554592
0.00523153
0.00482719
0.00436902
0.00401735
0.0037047
0.00334367
0.00300627
0.0026877
0.00234746
0.00199063
0.00166208
0.00131575
0.000961696
0.000579872
0.000190532
-0.000222629
-0.000650007
-0.00107836
-0.00153874
-0.00199835
-0.00250418
-0.0029752
-0.00351925
-0.00402516
-0.00459268
-0.00516317
-0.00573137
-0.00639644
-0.0069572
-0.00772497
-0.00837473
-0.00916643
-0.0100966
-0.0110688
-0.0127359
0.0142592
0.0154974
0.0148997
0.0132205
0.0113064
0.0096946
0.00858585
0.00773145
0.00716182
0.0069661
0.00673356
0.00647106
0.00630721
0.00596394
0.00554487
0.00523146
0.00483862
0.00437856
0.00401857
0.00370515
0.00334522
0.0030067
0.00268897
0.00235168
0.00199633
0.00166724
0.0013201
0.000965493
0.000583238
0.000193982
-0.000218511
-0.000645859
-0.00107468
-0.0015351
-0.00199418
-0.00250013
-0.00297133
-0.00351589
-0.00402181
-0.00458971
-0.00516036
-0.00572868
-0.00639427
-0.00695485
-0.00772224
-0.00837084
-0.00916057
-0.0100899
-0.0110595
-0.0127279
0.0140292
0.0152706
0.0147087
0.0130902
0.0112084
0.00958684
0.0084977
0.00768285
0.00709913
0.00690552
0.00670195
0.00643621
0.00628109
0.00596371
0.00554357
0.00522847
0.0048482
0.004389
0.00402025
0.00370487
0.00334655
0.00300736
0.00269006
0.00235554
0.0020019
0.00167243
0.00132462
0.000969579
0.000586764
0.000197504
-0.000214256
-0.000641554
-0.00107084
-0.00153136
-0.00198992
-0.00249588
-0.00296733
-0.00351248
-0.00401839
-0.00458662
-0.00515743
-0.00572588
-0.00639205
-0.00695239
-0.00771942
-0.00836678
-0.00915452
-0.0100832
-0.0110501
-0.0127196
0.0138002
0.0150484
0.0145105
0.0129473
0.0111067
0.00947747
0.00839684
0.00762751
0.00703717
0.00683887
0.0066673
0.0064017
0.00625001
0.00596051
0.00554264
0.00522302
0.00485521
0.0043999
0.00402268
0.00370398
0.0033473
0.00300827
0.00269134
0.00235905
0.00200718
0.00167764
0.00132927
0.000973923
0.000590575
0.000201161
-0.000209963
-0.000637141
-0.00106683
-0.00152745
-0.00198555
-0.00249156
-0.00296315
-0.00350889
-0.00401492
-0.00458349
-0.00515442
-0.00572293
-0.00638974
-0.00694981
-0.00771649
-0.00836262
-0.0091483
-0.0100762
-0.0110406
-0.0127111
0.0135688
0.0148304
0.0143078
0.0127906
0.0109984
0.0093687
0.00828482
0.00756257
0.00697641
0.00676739
0.00662807
0.00636735
0.00621464
0.00595399
0.00554199
0.00521539
0.00485937
0.00441068
0.00402582
0.00370292
0.00334754
0.00300891
0.0026927
0.00236264
0.00201223
0.0016827
0.00133402
0.00097842
0.00059456
0.000205088
-0.000205492
-0.000632698
-0.00106269
-0.00152337
-0.00198101
-0.00248712
-0.00295893
-0.00350513
-0.00401126
-0.00458028
-0.00515141
-0.0057199
-0.00638731
-0.00694708
-0.00771342
-0.00835832
-0.00914199
-0.0100691
-0.0110309
-0.0127023
0.0133329
0.0146143
0.0141027
0.0126215
0.0108809
0.00926063
0.00816429
0.00748622
0.00691607
0.0066921
0.00658282
0.00633355
0.00617609
0.00594293
0.00554143
0.00520627
0.0048602
0.00442079
0.00402986
0.00370166
0.00334716
0.00300961
0.002694
0.00236589
0.0020173
0.00168787
0.00133881
0.000983019
0.000598643
0.000209132
-0.000200755
-0.000628011
-0.00105843
-0.00151919
-0.00197636
-0.00248251
-0.00295457
-0.00350133
-0.00400751
-0.00457687
-0.00514827
-0.00571682
-0.00638487
-0.00694421
-0.00771019
-0.00835382
-0.0091355
-0.010062
-0.0110212
-0.0126932
0.0130919
0.0143976
0.0138967
0.0124424
0.0107519
0.00915203
0.00803775
0.00739728
0.0068548
0.00661396
0.00653098
0.00630022
0.00613517
0.00592641
0.00554047
0.00519645
0.00485761
0.00442953
0.0040347
0.0037006
0.00334599
0.00301011
0.00269572
0.00236884
0.00202182
0.00169322
0.00134395
0.000987789
0.000602818
0.000213233
-0.000196002
-0.000623125
-0.00105386
-0.00151483
-0.00197161
-0.00247783
-0.00295008
-0.00349733
-0.0040037
-0.00457344
-0.00514499
-0.00571352
-0.00638237
-0.00694129
-0.00770687
-0.0083492
-0.00912878
-0.0100546
-0.0110114
-0.0126839
0.012847
0.0141793
0.0136904
0.0122549
0.0106099
0.00904198
0.00790756
0.00729428
0.00679108
0.00653527
0.00647182
0.00626571
0.00609295
0.00590482
0.00553845
0.00518609
0.00485173
0.00443619
0.00403989
0.00370018
0.00334449
0.00301003
0.00269759
0.00237209
0.00202591
0.0016981
0.00134928
0.000992994
0.000607259
0.000217513
-0.000191181
-0.00061834
-0.00104915
-0.00151014
-0.00196658
-0.002473
-0.00294556
-0.00349324
-0.00399973
-0.00456991
-0.00514171
-0.00571012
-0.00637965
-0.0069382
-0.00770344
-0.0083445
-0.009122
-0.010047
-0.0110014
-0.0126743
0.0125997
0.013958
0.0134833
0.0120611
0.0104537
0.00892786
0.00777706
0.00717782
0.00672184
0.00645742
0.0064058
0.00622844
0.00605007
0.00587806
0.00553492
0.005176
0.00484271
0.00444012
0.00404493
0.00370026
0.0033428
0.00300966
0.00269951
0.0023753
0.00202999
0.0017029
0.00135435
0.000998197
0.00061204
0.000222141
-0.00018608
-0.000613349
-0.00104449
-0.00150548
-0.0019614
-0.0024679
-0.0029408
-0.00348901
-0.00399573
-0.00456627
-0.00513829
-0.0057067
-0.00637694
-0.00693489
-0.00769979
-0.00833962
-0.0091151
-0.0100395
-0.0109914
-0.0126645
0.012351
0.0137329
0.013274
0.0118641
0.0102838
0.00880525
0.00764828
0.00705059
0.00664388
0.00637952
0.00633428
0.0061887
0.00600705
0.00584561
0.00552843
0.00516672
0.00483158
0.00444086
0.00404914
0.00370078
0.00334097
0.00300875
0.00270179
0.00237889
0.00203353
0.0017076
0.0013598
0.00100331
0.000616619
0.000226989
-0.000180663
-0.000608031
-0.00103943
-0.00150074
-0.0019563
-0.00246283
-0.00293589
-0.00348448
-0.00399152
-0.00456256
-0.00513483
-0.00570308
-0.00637418
-0.00693159
-0.00769601
-0.00833456
-0.00910793
-0.0100318
-0.0109813
-0.0126545
0.0121015
0.0135045
0.0130606
0.0116642
0.0101029
0.00867149
0.00752027
0.00691512
0.00655584
0.00630127
0.0062574
0.00614547
0.00596531
0.00580837
0.00551753
0.00515737
0.00481885
0.0044388
0.00405227
0.00370169
0.0033393
0.00300711
0.00270361
0.00238317
0.00203739
0.00171171
0.00136517
0.0010089
0.000621349
0.000231663
-0.000175253
-0.000602574
-0.00103405
-0.00149549
-0.00195084
-0.00245773
-0.00293113
-0.00347997
-0.00398719
-0.00455858
-0.00513119
-0.0056994
-0.00637123
-0.00692813
-0.00769218
-0.00832949
-0.00910069
-0.0100238
-0.0109711
-0.0126443
0.0118506
0.0132737
0.012842
0.0114602
0.00991311
0.00852525
0.00739162
0.00677395
0.00645688
0.00622274
0.00617603
0.0060958
0.00592452
0.0057687
0.00550243
0.00514746
0.0048042
0.00443335
0.00405407
0.00370309
0.00333822
0.00300518
0.00270486
0.00238738
0.00204147
0.00171592
0.00137034
0.0010144
0.000626479
0.000236788
-0.000169855
-0.000597174
-0.00102865
-0.00149016
-0.00194503
-0.00245216
-0.00292605
-0.00347539
-0.003983
-0.00455473
-0.0051274
-0.00569549
-0.00636819
-0.00692446
-0.00768812
-0.00832428
-0.00909342
-0.0100159
-0.0109608
-0.0126337
0.0115968
0.0130399
0.0126181
0.0112513
0.00971578
0.00836482
0.00726028
0.00663029
0.00634635
0.00614283
0.00609284
0.00603921
0.00588244
0.00572628
0.00548325
0.00513795
0.00478905
0.00442398
0.00405303
0.00370452
0.003338
0.00300332
0.00270579
0.00239198
0.00204556
0.00171956
0.00137562
0.00102009
0.000631399
0.000242151
-0.000163841
-0.0005915
-0.00102315
-0.00148485
-0.00193932
-0.00244662
-0.00292067
-0.00347032
-0.00397848
-0.00455077
-0.00512381
-0.00569163
-0.00636505
-0.00692069
-0.00768387
-0.00831888
-0.00908586
-0.0100079
-0.0109506
-0.0126231
0.011339
0.0128021
0.0123893
0.0110364
0.0095119
0.00819058
0.00712258
0.00648574
0.00622453
0.00605905
0.00601011
0.00597794
0.00583976
0.00568051
0.00545691
0.00512724
0.00477502
0.00441277
0.0040493
0.00370508
0.00333835
0.0030016
0.00270597
0.00239657
0.00205066
0.00172306
0.00138003
0.00102594
0.000636844
0.000247397
-0.000157917
-0.000585352
-0.00101717
-0.00147921
-0.00193341
-0.00244114
-0.00291553
-0.00346527
-0.00397378
-0.0045464
-0.00511976
-0.00568769
-0.00636197
-0.00691693
-0.00767959
-0.00831345
-0.00907824
-0.00999955
-0.0109403
-0.0126123
0.011076
0.012559
0.0121555
0.0108145
0.00930217
0.00800435
0.0069752
0.0063406
0.00609328
0.00596861
0.00592772
0.00591233
0.00579736
0.0056356
0.00542385
0.00511144
0.00475968
0.00439954
0.00404393
0.00370586
0.00333965
0.00300021
0.00270558
0.0024007
0.00205601
0.00172693
0.0013842
0.00103127
0.000642297
0.000253193
-0.000151749
-0.000579273
-0.001011
-0.00147321
-0.00192712
-0.00243535
-0.00291015
-0.00346026
-0.0039693
-0.00454221
-0.00511565
-0.0056833
-0.0063585
-0.00691293
-0.0076752
-0.008308
-0.00907064
-0.0099914
-0.0109299
-0.0126013
0.0108071
0.0123083
0.0119152
0.0105849
0.00908625
0.00780786
0.00681616
0.00619507
0.00595598
0.00587014
0.00584489
0.00584113
0.00575166
0.0055929
0.00538863
0.0050932
0.004743
0.00438201
0.00403365
0.00370572
0.0033431
0.00300048
0.00270523
0.00240465
0.00206181
0.00173066
0.00138785
0.00103666
0.000647762
0.000258631
-0.000145367
-0.000572661
-0.00100466
-0.00146715
-0.00192062
-0.00242936
-0.00290448
-0.0034548
-0.0039646
-0.0045379
-0.00511174
-0.00567924
-0.00635502
-0.00690869
-0.00767043
-0.00830233
-0.00906282
-0.00998308
-0.0109197
-0.0125902
0.010532
0.0120484
0.0116661
0.0103463
0.00886211
0.00760272
0.00664568
0.00604754
0.00581618
0.00576409
0.00576177
0.00576657
0.00570025
0.00554886
0.00534882
0.00507229
0.00472944
0.00436496
0.00401915
0.00370141
0.00334557
0.00300138
0.00270533
0.00240889
0.00206855
0.00173548
0.00139116
0.00104139
0.000653768
0.000264517
-0.000139466
-0.000566258
-0.000998024
-0.00146084
-0.00191405
-0.00242332
-0.00289869
-0.0034492
-0.00395963
-0.00453326
-0.00510738
-0.00567492
-0.00635166
-0.0069047
-0.0076658
-0.00829659
-0.00905493
-0.00997455
-0.0109093
-0.0125791
0.0102498
0.0117779
0.0114062
0.0100973
0.00862756
0.00738816
0.00646379
0.00589563
0.00567627
0.00565211
0.00567798
0.00569201
0.00564488
0.00550452
0.00530405
0.00504232
0.00471363
0.00435006
0.00400565
0.00369777
0.00334845
0.00300132
0.00270352
0.00241174
0.00207484
0.00174083
0.0013953
0.00104629
0.00065983
0.000271119
-0.000132543
-0.000559461
-0.000991521
-0.00145455
-0.00190741
-0.00241742
-0.00289301
-0.00344361
-0.00395479
-0.00452851
-0.00510296
-0.00567028
-0.00634777
-0.00690029
-0.00766101
-0.00829099
-0.00904712
-0.0099662
-0.010899
-0.0125678
0.00995846
0.0114961
0.0111335
0.00983715
0.00838206
0.00716351
0.00627086
0.00573713
0.00553689
0.00553614
0.00559221
0.00561796
0.00558519
0.00545995
0.00525947
0.00500648
0.00469309
0.00433211
0.00398818
0.00369318
0.00335544
0.00300557
0.00270318
0.00241388
0.00207957
0.00174472
0.00139804
0.00105018
0.00066594
0.000277887
-0.000125461
-0.000551648
-0.000983778
-0.00144753
-0.00190035
-0.00241119
-0.0028872
-0.00343806
-0.00395007
-0.00452398
-0.00509866
-0.00566592
-0.006344
-0.00689581
-0.00765577
-0.00828495
-0.00903906
-0.00995759
-0.0108888
-0.0125566
0.00965487
0.0112001
0.0108448
0.00956222
0.00812413
0.00692828
0.00606887
0.00557186
0.00539852
0.00541999
0.00550469
0.00554518
0.00552106
0.00541116
0.00521369
0.0049655
0.00467058
0.00431645
0.0039688
0.00368325
0.00335957
0.00301043
0.00270505
0.00241902
0.00208652
0.00175003
0.00140157
0.0010531
0.000670624
0.0002842
-0.000118896
-0.000544941
-0.000976611
-0.0014402
-0.00189279
-0.00240457
-0.00288079
-0.003432
-0.003945
-0.00451908
-0.00509429
-0.0056615
-0.00634036
-0.00689167
-0.00765097
-0.00827921
-0.00903099
-0.00994889
-0.0108782
-0.0125443
0.00933644
0.0108867
0.0105376
0.0092696
0.00785178
0.00668152
0.00585797
0.0053997
0.00526016
0.00530534
0.00541542
0.00547457
0.00545648
0.00535898
0.00516758
0.00491931
0.00464049
0.00430062
0.00395211
0.00367394
0.00336408
0.00301432
0.00270375
0.00242131
0.00209228
0.00175584
0.00140725
0.00105868
0.000677307
0.000291794
-0.000111055
-0.000537121
-0.000969416
-0.00143344
-0.0018858
-0.00239834
-0.00287479
-0.00342612
-0.00394002
-0.00451407
-0.00508974
-0.00565701
-0.00633651
-0.00688732
-0.00764611
-0.00827392
-0.00902385
-0.00994119
-0.0108692
-0.0125347
0.0089968
0.0105486
0.0102064
0.00895526
0.00756351
0.00642484
0.00564228
0.0052246
0.00512252
0.00519346
0.00532289
0.00540154
0.0053905
0.00530177
0.00512077
0.00487355
0.00460722
0.00428405
0.0039357
0.00366205
0.00336861
0.00302223
0.00270503
0.00242302
0.00209521
0.00175808
0.00141005
0.00106184
0.000682893
0.000300047
-0.00010188
-0.000527606
-0.000959579
-0.00142385
-0.00187647
-0.00239024
-0.00286699
-0.00341895
-0.00393388
-0.00450798
-0.00508417
-0.00565136
-0.00633148
-0.00688186
-0.00763984
-0.00826677
-0.00901446
-0.00993127
-0.0108575
-0.0125207
0.0086348
0.0101795
0.00984213
0.00860979
0.0072523
0.0061555
0.0054243
0.00505436
0.00499189
0.00509052
0.00523326
0.00532603
0.00532237
0.00523775
0.00506778
0.00482526
0.00457018
0.00426999
0.00392706
0.00365242
0.00337151
0.00302991
0.0027069
0.00242594
0.00210007
0.0017617
0.0014132
0.00106395
0.000685023
0.000303619
-9.72335e-05
-0.000523057
-0.000955675
-0.00141972
-0.00187191
-0.0023862
-0.00286306
-0.00341504
-0.0039308
-0.00450458
-0.00508132
-0.0056485
-0.00632907
-0.00687904
-0.00763654
-0.00826314
-0.00900899
-0.00992499
-0.01085
-0.0125129
0.00822826
0.00976488
0.00943087
0.00822048
0.00690801
0.0058657
0.00519665
0.00488503
0.00486607
0.00499461
0.00514797
0.00524962
0.00525408
0.00517069
0.00501146
0.00477809
0.00453095
0.00425364
0.00392306
0.00364728
0.00337814
0.00304395
0.00271357
0.00243077
0.00210706
0.00176927
0.00142233
0.00107397
0.000696629
0.000316749
-8.29443e-05
-0.000508571
-0.000941712
-0.00140666
-0.00185935
-0.00237497
-0.0028524
-0.00340542
-0.00392223
-0.00449604
-0.00507359
-0.00564092
-0.00632213
-0.00687201
-0.00762864
-0.00825466
-0.00899853
-0.00991422
-0.0108378
-0.0124978
0.00780755
0.0093066
0.00896764
0.00778436
0.0065297
0.00555547
0.00495932
0.00471537
0.00474002
0.00489314
0.00504967
0.0051513
0.00516346
0.0050816
0.00493387
0.00471756
0.00448057
0.0042267
0.00391202
0.00363075
0.00336887
0.00304574
0.00271117
0.00242591
0.00210376
0.00176554
0.00141874
0.00107086
0.000694092
0.000316043
-8.12699e-05
-0.000506335
-0.00093997
-0.00140425
-0.00185638
-0.00237234
-0.00285
-0.00340311
-0.00392059
-0.00449393
-0.00507215
-0.00563936
-0.00632082
-0.00687025
-0.00762638
-0.00825196
-0.00899396
-0.00990852
-0.010831
-0.0124906
0.00741865
0.00885717
0.00850851
0.00737068
0.00620264
0.00532328
0.00481679
0.00464433
0.00469896
0.00485514
0.00499898
0.00508668
0.00510045
0.00501908
0.00487943
0.00468389
0.00445649
0.0042224
0.0039285
0.00364178
0.00338036
0.00306624
0.00272583
0.00243539
0.00211588
0.00177921
0.00143273
0.00108591
0.000709764
0.00033041
-6.58927e-05
-0.000490147
-0.000925276
-0.00139121
-0.00184363
-0.00236028
-0.00283873
-0.00339308
-0.00391149
-0.00448478
-0.00506396
-0.00563138
-0.00631334
-0.00686313
-0.00761842
-0.00824389
-0.00898425
-0.00989872
-0.0108198
-0.0124767
0.00641186
0.00784491
0.00759951
0.0066327
0.00565969
0.00495783
0.00459714
0.00451866
0.00460238
0.00475355
0.0048829
0.0049581
0.00497975
0.00491215
0.00478917
0.00462188
0.00440902
0.00418966
0.00391783
0.00362844
0.00336571
0.00306475
0.00272405
0.00242757
0.00210955
0.00177471
0.00142796
0.00108346
0.000710143
0.000331771
-6.18477e-05
-0.000484271
-0.00091982
-0.00138571
-0.00183752
-0.00235471
-0.00283409
-0.00338902
-0.00390806
-0.00448107
-0.00506138
-0.00562882
-0.00631096
-0.00686036
-0.00761506
-0.00823996
-0.00897832
-0.00989161
-0.0108117
-0.0124672
0.00644774
0.00738979
0.00698599
0.00611235
0.00532848
0.00479884
0.00455107
0.00451007
0.00457746
0.00469448
0.004798
0.0048573
0.0048827
0.00483387
0.00472976
0.00459102
0.00439506
0.00418549
0.00393367
0.00364286
0.00336927
0.00307523
0.00273577
0.00243292
0.00211745
0.00178622
0.00143758
0.00109384
0.000722158
0.000340179
-5.36833e-05
-0.000473437
-0.000910625
-0.00137908
-0.0018305
-0.00234678
-0.002827
-0.00338283
-0.0039022
-0.00447467
-0.00505573
-0.00562322
-0.00630588
-0.00685591
-0.0076102
-0.00823511
-0.00897265
-0.00988533
-0.0108051
-0.0124597
0.00407292
0.00556684
0.00575853
0.00544953
0.00509123
0.0048136
0.00463632
0.00455489
0.00455535
0.0046156
0.00469026
0.00474208
0.00477611
0.00475158
0.00467072
0.00455812
0.00437996
0.00417389
0.00393725
0.00365247
0.00337054
0.00308375
0.00274895
0.00243745
0.0021212
0.00179417
0.00144415
0.00110217
0.000735591
0.000353385
-3.95049e-05
-0.000456687
-0.000893935
-0.00136412
-0.00181544
-0.00233269
-0.00281487
-0.00337214
-0.0038925
-0.00446514
-0.00504798
-0.00561593
-0.00629897
-0.0068492
-0.00760289
-0.00822756
-0.00896278
-0.00987495
-0.0107928
-0.0124435
0.00211752
0.00265694
0.00357332
0.00431712
0.00472774
0.00480773
0.00470562
0.00457958
0.00450524
0.00449743
0.00453744
0.00458676
0.004635
0.00464211
0.00459278
0.00450881
0.0043538
0.00415426
0.00392961
0.0036507
0.00335668
0.00307177
0.00274531
0.0024297
0.00211479
0.00179374
0.00144155
0.00109953
0.000736114
0.000350443
-4.40564e-05
-0.000457126
-0.000894753
-0.0013676
-0.00181785
-0.00233274
-0.00281563
-0.00337331
-0.00389344
-0.00446553
-0.0050489
-0.00561661
-0.00629956
-0.00685007
-0.00760315
-0.00822778
-0.00896251
-0.00987356
-0.0107914
-0.0124426
0.000988351
0.00288507
0.00391102
0.00444331
0.00470314
0.00477942
0.00473607
0.00463946
0.00455192
0.00450106
0.00450172
0.00453502
0.00458059
0.00460363
0.00457629
0.00450947
0.00437106
0.00417404
0.0039532
0.00368266
0.00337903
0.0030931
0.00277325
0.00244928
0.00213085
0.00181435
0.00146061
0.00111834
0.000760595
0.000375012
-2.07074e-05
-0.000431706
-0.000868535
-0.00134429
-0.00179508
-0.00231112
-0.00279669
-0.00335626
-0.00387785
-0.00445032
-0.00503587
-0.00560421
-0.00628787
-0.0068392
-0.00759205
-0.00821666
-0.00894933
-0.0098603
-0.010776
-0.012422
-0.000105691
0.000798088
0.00212302
0.00330528
0.00412312
0.00454366
0.00465615
0.00460311
0.00450909
0.0044313
0.00440887
0.0044355
0.0044797
0.00451264
0.00450496
0.00445391
0.0043346
0.00414892
0.00393399
0.00367332
0.00336435
0.00307453
0.00276435
0.00243864
0.0021184
0.00180808
0.00145322
0.00110928
0.000754694
0.00036788
-3.06944e-05
-0.000438612
-0.000874121
-0.00135223
-0.00180267
-0.00231605
-0.00280193
-0.00336187
-0.00388303
-0.00445491
-0.00504075
-0.00560888
-0.00629239
-0.00684383
-0.00759629
-0.00822076
-0.00895324
-0.00986275
-0.0107788
-0.0124259
-0.00155922
0.00100237
0.00261292
0.00360908
0.00420807
0.00452561
0.00463671
0.00460756
0.00452687
0.00444908
0.00441951
0.00444311
0.00448468
0.00451506
0.00451109
0.00446345
0.00434806
0.00416687
0.0039516
0.00369719
0.00339074
0.00309769
0.00279099
0.00246471
0.00213991
0.00183116
0.00147777
0.00113217
0.000780648
0.000396337
-3.10797e-06
-0.000412007
-0.000845918
-0.00132504
-0.00177711
-0.00229223
-0.00278007
-0.0033416
-0.00386503
-0.00443718
-0.00502545
-0.00559445
-0.00627891
-0.00683166
-0.00758412
-0.00820879
-0.00893971
-0.00984904
-0.0107623
-0.0124034
)
;

boundaryField
{
    zeroGradientPlanes
    {
        type            zeroGradient;
    }
    inlet
    {
        type            zeroGradient;
    }
    plate
    {
        type            zeroGradient;
    }
    frontAndBack
    {
        type            empty;
    }
}


// ************************************************************************* //
