/*--------------------------------*- C++ -*----------------------------------*\
| =========                 |                                                 |
| \\      /  F ield         | OpenFOAM: The Open Source CFD Toolbox           |
|  \\    /   O peration     | Version:  v2012                                 |
|   \\  /    A nd           | Website:  www.openfoam.com                      |
|    \\/     M anipulation  |                                                 |
\*---------------------------------------------------------------------------*/
FoamFile
{
    version     2.0;
    format      ascii;
    class       volScalarField;
    location    "5.6";
    object      p;
}
// * * * * * * * * * * * * * * * * * * * * * * * * * * * * * * * * * * * * * //

dimensions      [0 2 -2 0 0 0 0];


internalField   nonuniform List<scalar> 
7000
(
2.33163e-10
0.00109464
-0.00155658
-0.000277793
0.000224184
0.00299448
0.00454639
0.00889774
0.00998475
0.0114353
0.0119883
0.0146307
0.0151596
0.0175142
0.0186759
0.0215945
0.0241006
0.0280965
0.0319195
0.0390557
-9.58451e-06
0.00109298
-0.00155073
-0.000267089
0.00021509
0.0029871
0.00455136
0.00889925
0.00997882
0.0114414
0.0119812
0.0146261
0.0151574
0.0175031
0.0186835
0.0215699
0.0241189
0.0280438
0.031958
0.0387664
-1.79966e-05
0.00109266
-0.00154573
-0.000257122
0.000202128
0.0029769
0.00456038
0.00890185
0.00997073
0.01145
0.0119692
0.0146225
0.0151552
0.0174903
0.0186902
0.0215384
0.024132
0.0279712
0.0319843
0.0382649
-2.61066e-05
0.00109333
-0.00153971
-0.000249232
0.000191747
0.0029678
0.00456796
0.00890874
0.00996099
0.0114579
0.0119553
0.0146158
0.0151533
0.0174725
0.0186982
0.0215
0.0241423
0.0278898
0.0319679
0.0377444
-3.44812e-05
0.00109491
-0.00153124
-0.00024201
0.000186153
0.00295813
0.00457455
0.00891786
0.00995044
0.0114636
0.011941
0.0146053
0.0151534
0.0174497
0.0187081
0.0214544
0.0241539
0.0277954
0.0319171
0.037251
-4.31551e-05
0.00109764
-0.00151861
-0.000233708
0.000185874
0.00294703
0.00458157
0.00892759
0.00994014
0.0114666
0.0119272
0.0145908
0.0151561
0.0174213
0.0187199
0.0214022
0.0241651
0.0276893
0.031839
0.0367859
-5.2105e-05
0.00110177
-0.00150072
-0.000222971
0.000190798
0.00293539
0.00458951
0.00893751
0.00993061
0.0114668
0.0119143
0.0145719
0.0151615
0.017387
0.0187334
0.0213431
0.0241736
0.0275742
0.0317347
0.0363397
-6.13171e-05
0.00110766
-0.00147706
-0.000209268
0.000200395
0.0029242
0.00459839
0.00894726
0.00992181
0.0114636
0.0119022
0.0145483
0.0151694
0.0173466
0.0187482
0.0212773
0.0241774
0.0274519
0.0316028
0.0359046
-7.07854e-05
0.00111583
-0.00144755
-0.000192955
0.000213635
0.00291371
0.00460803
0.00895618
0.00991325
0.0114562
0.0118908
0.0145194
0.0151795
0.0172998
0.0187635
0.0212055
0.0241742
0.0273235
0.0314423
0.0354754
-8.05079e-05
0.00112682
-0.00141251
-0.000174805
0.000229323
0.00290361
0.00461817
0.00896325
0.00990428
0.0114439
0.0118802
0.0144848
0.0151915
0.0172469
0.0187783
0.0211289
0.0241614
0.0271899
0.0312527
0.0350481
-9.04747e-05
0.00114098
-0.00137254
-0.000155344
0.000246851
0.00289367
0.00462859
0.0089673
0.00989387
0.0114259
0.0118702
0.014444
0.0152051
0.017188
0.0187917
0.0210487
0.0241364
0.0270513
0.0310344
0.0346189
-0.000100657
0.00115833
-0.00132852
-0.000134522
0.00026653
0.00288421
0.00463923
0.00896714
0.00988148
0.0114016
0.0118611
0.014397
0.01522
0.0171237
0.0188019
0.0209667
0.0240968
0.0269077
0.0307884
0.0341843
-0.000111001
0.00117856
-0.00128141
-0.000111861
0.000289434
0.00287623
0.00465029
0.00896186
0.00986673
0.0113704
0.0118529
0.0143435
0.0152358
0.0170551
0.0188072
0.0208841
0.0240406
0.0267582
0.0305163
0.033741
-0.000121447
0.00120111
-0.00123205
-8.68131e-05
0.000317139
0.00287096
0.00466226
0.00895092
0.0098497
0.011332
0.011846
0.0142836
0.0152515
0.0169833
0.0188054
0.0208021
0.0239664
0.0266014
0.03022
0.0332866
-0.000131953
0.00122526
-0.00118098
-5.9091e-05
0.000350447
0.00286931
0.00467574
0.00893421
0.00983094
0.0112865
0.0118403
0.0142176
0.0152662
0.0169101
0.0187944
0.020721
0.0238733
0.0264355
0.0299016
0.0328192
-0.000142474
0.00125039
-0.00112849
-2.87979e-05
0.000389165
0.00287137
0.00469125
0.00891195
0.00981128
0.0112339
0.0118359
0.0141461
0.0152782
0.0168371
0.0187726
0.0206409
0.0237612
0.0262582
0.0295631
0.0323378
-0.000152964
0.00127599
-0.0010746
3.65994e-06
0.000432433
0.0028764
0.00470906
0.00888451
0.00979168
0.0111743
0.0118326
0.0140702
0.0152858
0.0167658
0.0187384
0.0205608
0.023631
0.0260675
0.0292059
0.0318423
-0.000163384
0.00130175
-0.00101916
3.77597e-05
0.000479064
0.00288322
0.00472924
0.00885229
0.00977294
0.0111081
0.01183
0.0139911
0.0152868
0.0166975
0.0186907
0.020479
0.0234841
0.0258618
0.0288311
0.0313329
-0.000173697
0.00132749
-0.00096201
7.30326e-05
0.000527966
0.00289056
0.0047517
0.00881562
0.00975562
0.0110357
0.0118272
0.0139108
0.0152792
0.0166329
0.0186296
0.0203931
0.0233213
0.0256404
0.0284404
0.0308101
-0.000183856
0.00135313
-0.000902983
0.000109131
0.000578383
0.0028974
0.00477639
0.00877477
0.00973999
0.0109576
0.011823
0.0138315
0.0152613
0.0165719
0.018556
0.0203006
0.0231429
0.0254029
0.0280359
0.0302748
-0.000193809
0.00137865
-0.000841958
0.000145821
0.000629912
0.00290303
0.00480327
0.00872992
0.00972604
0.0108746
0.0118155
0.0137549
0.0152321
0.0165133
0.0184708
0.0202003
0.0229495
0.0251477
0.0276189
0.0297292
-0.000203492
0.00140401
-0.000778846
0.000182966
0.000682416
0.00290701
0.00483235
0.0086813
0.00971338
0.0107879
0.0118031
0.0136824
0.0151913
0.0164557
0.0183743
0.0200901
0.0227435
0.0248743
0.0271886
0.0291748
-0.000212836
0.00142919
-0.000713573
0.00022048
0.000735924
0.00290907
0.0048636
0.0086291
0.00970146
0.0106991
0.011784
0.0136152
0.0151387
0.0163979
0.0182679
0.0199662
0.0225264
0.0245863
0.0267452
0.0286118
-0.000221761
0.00145409
-0.000646077
0.000258301
0.000790531
0.00290911
0.00489694
0.0085736
0.00968962
0.0106097
0.0117564
0.0135538
0.0150747
0.0163374
0.0181554
0.0198258
0.0222934
0.0242869
0.0262938
0.0280409
-0.00023018
0.00147863
-0.000576324
0.00029638
0.000846343
0.00290706
0.00493241
0.00851531
0.0096764
0.0105214
0.0117194
0.013498
0.0150004
0.0162696
0.0180384
0.0196735
0.0220407
0.0239709
0.0258386
0.0274666
-0.000238001
0.00150268
-0.000504283
0.000334677
0.00090348
0.00290291
0.00496971
0.00845518
0.00966023
0.0104354
0.0116724
0.013447
0.0149182
0.016192
0.0179129
0.0195111
0.021775
0.0236347
0.0253757
0.0268917
-0.000245124
0.00152607
-0.000429882
0.000373145
0.000961966
0.00289699
0.00500824
0.00839397
0.00964041
0.0103523
0.0116148
0.0133992
0.0148297
0.0161037
0.0177797
0.0193325
0.0214984
0.0232857
0.0249045
0.0263142
-0.000251436
0.00154863
-0.00035305
0.000411756
0.00102182
0.00288943
0.00504782
0.00833241
0.00961538
0.0102731
0.0115471
0.0133524
0.0147371
0.0160003
0.0176403
0.0191408
0.0212048
0.0229253
0.0244288
0.0257355
-0.000256814
0.00157014
-0.00027378
0.000450518
0.00108319
0.00288027
0.00508754
0.00827221
0.00958394
0.0101972
0.0114696
0.0133063
0.0146416
0.0158827
0.0174885
0.0189368
0.0208977
0.0225557
0.0239436
0.0251565
-0.000261144
0.00159043
-0.000192008
0.00048949
0.00114576
0.00287041
0.00512592
0.0082143
0.00954586
0.010126
0.0113807
0.0132593
0.0145435
0.015751
0.0173275
0.0187159
0.0205686
0.0221758
0.0234723
0.0245783
-0.000264264
0.00160928
-0.000107629
0.000528651
0.00120952
0.00285997
0.00516245
0.00815982
0.00949928
0.0100597
0.0112847
0.0132024
0.0144491
0.0156019
0.0171499
0.0184949
0.0202205
0.0217636
0.023012
0.0240113
-0.00026611
0.00162653
-2.06594e-05
0.000568159
0.00127411
0.0028496
0.00519617
0.00810949
0.00944549
0.00999281
0.0111872
0.0131346
0.0143543
0.0154407
0.0169518
0.0182645
0.0198744
0.0213306
0.022513
0.0234512
-0.000266518
0.00164194
6.90669e-05
0.000607943
0.00133909
0.00284019
0.00522593
0.00806273
0.00938785
0.00992135
0.0110866
0.0130592
0.0142562
0.0152669
0.0167441
0.018006
0.0195133
0.0208992
0.0220166
0.0228926
-0.000265059
0.00165509
0.000161411
0.000648075
0.0014047
0.00283111
0.00525199
0.00801999
0.00932281
0.00985082
0.0109839
0.0129678
0.0141613
0.0150824
0.0165119
0.0177505
0.0191339
0.0204379
0.021477
0.0223532
-0.000262035
0.00166641
0.000255909
0.000689586
0.00146864
0.00282521
0.00527244
0.00798149
0.00924867
0.00978475
0.0108784
0.0128682
0.0140522
0.014897
0.0162565
0.0174726
0.0187525
0.0199567
0.0209667
0.0218237
-0.000257326
0.00167558
0.000353051
0.000731869
0.00153114
0.00282282
0.00528548
0.00794733
0.00917268
0.00970438
0.0107718
0.0127658
0.0139316
0.0146939
0.0159893
0.0171579
0.0183618
0.0194917
0.0205044
0.0212847
-0.000249816
0.00168092
0.00045252
0.000775058
0.00159373
0.00282101
0.00529433
0.00791337
0.00910211
0.0096133
0.0106636
0.0126467
0.0138151
0.0144719
0.0157039
0.0168477
0.0179537
0.0190149
0.019933
0.0207551
-0.000240456
0.0016849
0.00055302
0.000821347
0.00165147
0.00282495
0.00529568
0.00788214
0.0090219
0.00952697
0.0105484
0.0125182
0.0136829
0.0142503
0.0153818
0.0165133
0.0175601
0.018533
0.0194129
0.0202306
-0.000229132
0.00168824
0.0006552
0.000869958
0.00170518
0.00283377
0.00528914
0.00785293
0.00893788
0.00942874
0.0104298
0.0123788
0.0135339
0.0140182
0.0150429
0.0161431
0.0171656
0.0180639
0.0189664
0.0196976
-0.000213964
0.00165961
0.000758512
0.000921074
0.0017587
0.00284091
0.00528154
0.00781674
0.00887867
0.00931124
0.0103049
0.0122229
0.0133788
0.013765
0.014721
0.0157874
0.0167319
0.0175729
0.0183356
0.0191708
-0.000196833
0.00165566
0.000860764
0.000977202
0.00180596
0.0028547
0.00526652
0.00778105
0.00880106
0.00920415
0.0101715
0.0120642
0.0132021
0.013498
0.0143559
0.0154121
0.0163081
0.0170899
0.017814
0.0186482
-0.000177388
0.00165056
0.00096257
0.00103726
0.00184793
0.00287481
0.00524518
0.00774393
0.00870928
0.00909863
0.0100338
0.0118828
0.0130097
0.0132314
0.0139539
0.0149921
0.0158916
0.0166353
0.0174337
0.0181217
-0.000152618
0.00163645
0.00106336
0.00110113
0.00189188
0.00288732
0.00522689
0.00769568
0.00867146
0.00897508
0.00988844
0.0116902
0.0128217
0.0129433
0.0135548
0.0145548
0.0154485
0.0161577
0.0167535
0.0175938
-0.000126506
0.00162553
0.0011603
0.00117144
0.00192895
0.00290524
0.0052026
0.00764568
0.00856313
0.00886854
0.00972458
0.0114941
0.012609
0.0126646
0.0131342
0.0140663
0.0149801
0.0157131
0.0162637
0.0170724
-9.7353e-05
0.00161264
0.00125436
0.00124642
0.00196167
0.00292728
0.00517381
0.00759299
0.00833525
0.00876362
0.00955295
0.0112776
0.01239
0.0123977
0.0126882
0.0135389
0.0144756
0.0152702
0.0160065
0.0165742
-6.1783e-05
0.00159352
0.00134511
0.00132475
0.00199869
0.00293763
0.00514966
0.00752697
0.00845294
0.00861938
0.00938252
0.0110385
0.0121703
0.0121222
0.0123048
0.0131018
0.0139419
0.0146342
0.0152051
0.0160783
-2.6104e-05
0.00157797
0.00142998
0.00140878
0.00203145
0.00295005
0.0051213
0.00745507
0.00836769
0.00848035
0.00919587
0.0107932
0.0119275
0.0118638
0.0119192
0.0126111
0.0133952
0.0139915
0.014561
0.0156316
1.48597e-05
0.00156014
0.00151025
0.00149536
0.00206474
0.00296224
0.00508579
0.00737998
0.00823042
0.00834698
0.00899429
0.0105364
0.0116748
0.011608
0.0115144
0.0121192
0.0128358
0.0133637
0.0140273
0.0151932
6.00906e-05
0.00154088
0.00158511
0.00158345
0.00210076
0.0029708
0.00504622
0.00729355
0.00813363
0.00821109
0.0087844
0.0102692
0.0114068
0.011341
0.0111269
0.0115989
0.0122331
0.0128143
0.0135734
0.0147384
0.000107701
0.00152257
0.00165352
0.00167269
0.0021386
0.0029788
0.00500013
0.00719812
0.00802725
0.0080704
0.00856883
0.00999027
0.0111206
0.0110708
0.010736
0.0110387
0.0116709
0.0123352
0.0131184
0.0142492
0.000160245
0.00150389
0.00171651
0.00176119
0.00217829
0.00298518
0.00494848
0.00709525
0.00790845
0.00792564
0.0083534
0.00969775
0.0108186
0.010782
0.0103397
0.0105104
0.0111469
0.0118266
0.0126073
0.0137809
0.000216026
0.00148591
0.00177378
0.00184802
0.00221838
0.00299095
0.00489388
0.00697972
0.00778442
0.00778294
0.00813587
0.00939009
0.0104946
0.0104759
0.00997178
0.0100099
0.010588
0.0112764
0.0121322
0.0133558
0.000275641
0.00146872
0.00182502
0.00193243
0.0022596
0.00299566
0.00483383
0.00685499
0.00765559
0.0076374
0.00791243
0.00906555
0.0101559
0.0101635
0.00961319
0.00951212
0.010019
0.0107381
0.0116562
0.0129299
0.00033882
0.00145289
0.00187056
0.00201412
0.00230007
0.00299772
0.00477061
0.00672343
0.00751545
0.00748617
0.00769
0.00873505
0.00980289
0.0098348
0.00925417
0.00903086
0.00945811
0.0101912
0.0111718
0.0125013
0.000405484
0.00143914
0.00191018
0.00209117
0.00233892
0.00299976
0.00470522
0.00658333
0.0073625
0.00732864
0.00747221
0.00839685
0.00943048
0.00949356
0.00889846
0.00856982
0.00890508
0.00963645
0.010664
0.0120661
0.000475377
0.0014273
0.00194378
0.00216471
0.00237571
0.00299859
0.00463648
0.00643802
0.00720119
0.00716388
0.00725295
0.00804925
0.00904055
0.00914202
0.00854523
0.00812681
0.00836077
0.00907447
0.0101497
0.0116267
0.000548847
0.00141881
0.0019702
0.00223422
0.00241094
0.00299032
0.00456322
0.00628888
0.00703336
0.00699102
0.00703295
0.00770014
0.00863294
0.00877685
0.00818696
0.00769325
0.00783047
0.00851604
0.00961836
0.0111764
0.000624079
0.00141443
0.00199069
0.00229861
0.00244136
0.00299498
0.00448734
0.00613214
0.00685723
0.00680895
0.00681282
0.00735583
0.00820862
0.00839312
0.00782754
0.00727705
0.00731593
0.00795572
0.00908282
0.0107185
0.000701471
0.00141344
0.00200665
0.00235707
0.00246752
0.00297538
0.00441122
0.00597181
0.00667916
0.00662053
0.00659079
0.00701567
0.00777104
0.00799108
0.00746428
0.00687477
0.0068187
0.00740351
0.00853937
0.0102519
0.000783365
0.00141585
0.00201716
0.00240902
0.0024963
0.00294657
0.00430353
0.00580786
0.00650419
0.0064281
0.00636293
0.00668388
0.00732791
0.00756869
0.00709264
0.0064825
0.00634229
0.00686471
0.00800195
0.00978171
0.000864568
0.00142269
0.00202448
0.00245624
0.00251823
0.00290303
0.00419761
0.0056655
0.00632872
0.0062314
0.00612706
0.00636047
0.00688395
0.00712757
0.00671002
0.00609773
0.0058887
0.00634592
0.0074726
0.00930877
0.000946926
0.00143556
0.00202669
0.00249473
0.00253468
0.00286008
0.00408635
0.0054944
0.00614862
0.00603231
0.00588384
0.00604165
0.00644522
0.00667051
0.00631042
0.00571664
0.00545427
0.00584472
0.00695477
0.00883631
0.00103132
0.00145238
0.00202213
0.00252354
0.00255269
0.00281466
0.00396638
0.00531754
0.00596253
0.00583294
0.0056306
0.00572279
0.00601317
0.00619927
0.00589407
0.00533201
0.00503352
0.00536661
0.00645657
0.00837139
0.00111458
0.00147254
0.00201405
0.00254324
0.00256829
0.00276859
0.00384215
0.00512773
0.0057641
0.00562792
0.00536777
0.00539895
0.0055916
0.00572542
0.00546304
0.00494197
0.0046303
0.00491534
0.00597829
0.00791423
0.00119696
0.00149782
0.00200227
0.00255137
0.00258268
0.00272479
0.00371061
0.00492455
0.00554843
0.00541804
0.00510328
0.00507335
0.00518395
0.00525536
0.0050186
0.00454344
0.00423526
0.00448261
0.00551803
0.00746612
0.00127811
0.00152695
0.00198711
0.00254929
0.00259496
0.00268104
0.0035706
0.0047108
0.00531998
0.00520685
0.00484358
0.00474483
0.00478279
0.00478822
0.00456374
0.00413284
0.00384161
0.00406686
0.00507879
0.00703239
0.00135704
0.00155937
0.00197096
0.00253746
0.00260112
0.00263679
0.00342841
0.00449081
0.0050792
0.00498923
0.00458686
0.00441047
0.0043832
0.00432824
0.00410492
0.0037141
0.00344901
0.00366633
0.00465961
0.00661154
0.0014333
0.00159491
0.00195462
0.00251542
0.00259957
0.00259298
0.00328499
0.00426536
0.00482353
0.0047579
0.00433119
0.00407487
0.00398651
0.00387751
0.00364676
0.00328999
0.00305411
0.00327439
0.00425519
0.00620206
0.00150654
0.00163294
0.00193865
0.00248393
0.00258914
0.00254857
0.00314039
0.00403491
0.00455519
0.00451068
0.00407738
0.00374504
0.00359231
0.00343366
0.00319061
0.00286138
0.00265536
0.00288674
0.00386196
0.00580368
0.00157643
0.00167275
0.0019237
0.00244386
0.00256832
0.00250216
0.00299552
0.00380147
0.00427741
0.00424687
0.00382279
0.00342268
0.00320009
0.00299442
0.00273747
0.00243076
0.00225391
0.0025011
0.00347649
0.00541436
0.00164268
0.00171355
0.0019102
0.00239609
0.0025362
0.00245278
0.00285098
0.00356602
0.00399275
0.00396598
0.00356159
0.00310725
0.00281291
0.00256083
0.00228811
0.00199934
0.0018504
0.00211591
0.0030955
0.00503145
0.00170502
0.00175455
0.0018985
0.00234173
0.00249217
0.00239879
0.00270688
0.00332931
0.00370355
0.00366974
0.00328962
0.00279812
0.00243467
0.00213413
0.00184201
0.00156794
0.00144604
0.00173046
0.00271592
0.00465182
0.00176329
0.001795
0.00188846
0.00228186
0.00243619
0.00233859
0.00256325
0.00309206
0.00341197
0.0033611
0.00300389
0.00249286
0.00206654
0.00171475
0.00139985
0.00113733
0.00104039
0.001344
0.0023371
0.00427458
0.00181736
0.00183415
0.00187992
0.0022175
0.00236844
0.00227066
0.00241972
0.00285467
0.00311971
0.00304363
0.00270307
0.00218761
0.00170792
0.00130497
0.000963782
0.000706699
0.000631503
0.000955679
0.00195953
0.00390042
0.00186717
0.00187122
0.0018725
0.00214982
0.00228949
0.00219359
0.00227583
0.00261749
0.00282772
0.00272085
0.00238739
0.00187783
0.00135787
0.000906828
0.000534529
0.000275778
0.000220113
0.000566308
0.00158315
0.0035286
0.00191274
0.00190557
0.00186563
0.00207972
0.00220016
0.00210635
0.00213093
0.00238109
0.00253637
0.00239601
0.00205882
0.00155998
0.00101403
0.000520023
0.000113566
-0.000153062
-0.000193285
0.000174435
0.00120634
0.00315832
0.00195398
0.00193658
0.00185872
0.00200813
0.00210156
0.00200823
0.00198413
0.00214553
0.00224536
0.0020716
0.00172082
0.00123261
0.000672572
0.000143205
-0.000296723
-0.000577246
-0.000608662
-0.000221547
0.000827732
0.00278937
0.00199094
0.00196383
0.00185093
0.00193564
0.001995
0.00189888
0.00183441
0.00191143
0.00195427
0.00174937
0.00137767
0.000894519
0.000329552
-0.00022544
-0.000695728
-0.000994967
-0.0010247
-0.000621546
0.000446399
0.00242087
0.00202358
0.00198692
0.00184159
0.00186275
0.00188183
0.00177823
0.00168042
0.00167931
0.00166291
0.00142994
0.00103316
0.000546647
-1.77291e-05
-0.00058865
-0.0010847
-0.00140484
-0.00143862
-0.00102418
6.14843e-05
0.0020503
0.00205188
0.00200555
0.00182992
0.00178965
0.0017637
0.00164699
0.00152075
0.0014494
0.00137182
0.00111236
0.000690281
0.000192569
-0.000371372
-0.000950697
-0.0014658
-0.0018061
-0.00184843
-0.00142807
-0.000327766
0.00167736
0.00207588
0.00201963
0.00181537
0.00171617
0.001642
0.00150634
0.00135422
0.00122161
0.00108205
0.000794766
0.000351079
-0.000163582
-0.000730839
-0.00131425
-0.00184169
-0.00219929
-0.00225308
-0.00183273
-0.00072144
0.00130051
0.00209562
0.00202898
0.00179733
0.00164206
0.00151808
0.00135822
0.00118053
0.000995115
0.000795105
0.000476022
1.41146e-05
-0.000519461
-0.00109431
-0.00168016
-0.00221429
-0.00258522
-0.00265118
-0.00223479
-0.00111678
0.000919852
0.00211097
0.00203382
0.00177567
0.00156698
0.00139247
0.00120392
0.000999621
0.000768678
0.000513534
0.000158324
-0.000321932
-0.000873433
-0.00145956
-0.00205021
-0.0025871
-0.00296786
-0.00304503
-0.0026341
-0.001512
0.00053688
0.00212211
0.00203418
0.0017502
0.00149145
0.00126629
0.00104477
0.000811695
0.000539265
0.000235809
-0.000156908
-0.000657167
-0.0012234
-0.00182238
-0.00242151
-0.00296353
-0.00335032
-0.00343609
-0.00303151
-0.00190848
0.000149644
0.00212876
0.00203004
0.00172037
0.00141474
0.00114075
0.000883715
0.00062066
0.000306536
-4.03046e-05
-0.000469374
-0.000993933
-0.00157298
-0.00218137
-0.00278845
-0.00333865
-0.00373145
-0.00382397
-0.00342564
-0.00230459
-0.00024121
0.00213113
0.00202219
0.00168688
0.00133651
0.00101441
0.000719876
0.000427724
7.41176e-05
-0.000312216
-0.000774484
-0.001331
-0.00192765
-0.00254122
-0.00315943
-0.00371543
-0.0041152
-0.00421421
-0.00382067
-0.00270112
-0.000633713
0.00212891
0.00201037
0.00165083
0.00125888
0.000889423
0.000552969
0.000230353
-0.000160152
-0.000583217
-0.00106909
-0.00165634
-0.0022879
-0.00292362
-0.00353614
-0.0040934
-0.00449876
-0.00460588
-0.00421963
-0.00310295
-0.00103338
0.00212191
0.00199509
0.00161154
0.00118132
0.000769275
0.000387638
3.1713e-05
-0.000395007
-0.00086092
-0.00136355
-0.00196934
-0.0026064
-0.00327063
-0.00390702
-0.00447382
-0.0048857
-0.00499895
-0.00461897
-0.00350589
-0.00143653
0.00211184
0.00196839
0.00156807
0.00110193
0.000651498
0.000224033
-0.000168689
-0.000626361
-0.00113594
-0.0016616
-0.00229693
-0.00295023
-0.00361892
-0.0042704
-0.00485259
-0.00527647
-0.00539897
-0.00502799
-0.00392288
-0.00185739
0.00209409
0.00197856
0.00153661
0.00103334
0.000542778
6.66759e-05
-0.000369024
-0.00085352
-0.00140579
-0.00193007
-0.00257998
-0.00327782
-0.00396886
-0.00463039
-0.00522183
-0.00566106
-0.0058017
-0.00544599
-0.00435036
-0.00228589
0.00206987
0.00190452
0.00147405
0.000959315
0.000430792
-9.33498e-05
-0.000568971
-0.00106707
-0.0016746
-0.00229141
-0.00289385
-0.00359337
-0.00431612
-0.00500469
-0.00560571
-0.00605375
-0.00621334
-0.00588007
-0.00480303
-0.00275212
0.00205619
0.00191947
0.0014545
0.000872982
0.000290284
-0.000289669
-0.000812467
-0.00129192
-0.00183316
-0.00250036
-0.00315544
-0.00386534
-0.00459996
-0.00531817
-0.00595116
-0.00641874
-0.00659441
-0.00628557
-0.00524304
-0.00322947
0.00196785
0.00182505
0.00148875
0.000949772
0.000263643
-0.000424338
-0.00104079
-0.00165496
-0.00223514
-0.0028367
-0.00349275
-0.00421757
-0.00496586
-0.00569168
-0.00633252
-0.00680285
-0.00697242
-0.00665522
-0.0056095
-0.00359976
0.00203089
0.00189279
0.0013608
0.000688031
3.05647e-05
-0.000583462
-0.00112
-0.00159289
-0.00227378
-0.00293941
-0.00363229
-0.00437537
-0.00516261
-0.00596373
-0.00671756
-0.00731918
-0.00761997
-0.00741975
-0.00647461
-0.00455269
0.00193456
0.00182092
0.00131422
0.000764168
0.000105632
-0.000710256
-0.00153219
-0.00223049
-0.00276239
-0.00336549
-0.00403866
-0.00472586
-0.00541807
-0.00604324
-0.00657125
-0.00694809
-0.00709634
-0.00684933
-0.00596495
-0.00417769
0.00203897
0.00178891
0.00127723
0.000580708
-0.000150476
-0.000769163
-0.00135342
-0.00181473
-0.00247387
-0.00320858
-0.00403583
-0.004878
-0.00579102
-0.00680327
-0.00781316
-0.0086774
-0.00922583
-0.0092545
-0.00850131
-0.00674141
0.00224646
0.00165443
0.0010457
0.000334797
-0.000366417
-0.00113659
-0.00185637
-0.00248656
-0.00309906
-0.00387383
-0.00457003
-0.00518482
-0.00557325
-0.00563112
-0.0053212
-0.00473922
-0.00406186
-0.00355088
-0.00356627
-0.00443193
0.00220331
0.0016814
0.00104683
0.000408045
-0.000149419
-0.000731432
-0.00128668
-0.00187986
-0.00255786
-0.00339179
-0.00438499
-0.00550435
-0.00671418
-0.00797926
-0.00923819
-0.0103362
-0.0111403
-0.0114283
-0.0109473
-0.00946646
0.00235181
0.00162058
0.00092779
0.000246168
-0.000325544
-0.0010271
-0.00179464
-0.00269498
-0.00354989
-0.00421908
-0.00484427
-0.00555971
-0.00621767
-0.00666227
-0.0067746
-0.00657126
-0.00613961
-0.0057781
-0.00586368
-0.00674838
0.0023383
0.00158939
0.000914664
0.000312683
-9.72639e-05
-0.000514001
-0.000968655
-0.00157282
-0.00235402
-0.0033981
-0.00472847
-0.00639129
-0.0082901
-0.0102506
-0.0120599
-0.0135568
-0.0145522
-0.0148643
-0.0142729
-0.0125882
0.0506779
0.0213837
0.0093769
0.0065687
0.00512411
0.00354911
0.00222767
0.00110394
-0.000101487
-0.00133365
-0.0024799
-0.00358941
-0.00469803
-0.00568868
-0.00657654
-0.00753685
-0.00854689
-0.00949417
-0.0104704
-0.0115266
-0.0125829
-0.0136253
-0.0147257
-0.0158459
-0.0169627
-0.0180613
-0.0192219
-0.020492
-0.0218086
-0.0231429
-0.024496
-0.0258867
-0.0273262
-0.0288691
-0.0304393
-0.0320815
-0.0337817
-0.0355497
-0.0373862
-0.0392687
-0.0412563
-0.0432542
-0.0454011
-0.0475656
-0.0499099
-0.0523045
-0.054852
-0.0576051
-0.0603752
-0.0635764
0.0495058
0.0214305
0.00942299
0.00658771
0.00513431
0.00355588
0.00223268
0.00110791
-9.83012e-05
-0.00133109
-0.00247781
-0.00358767
-0.00469659
-0.00568748
-0.00657549
-0.00753592
-0.00854608
-0.00949345
-0.0104697
-0.0115259
-0.0125823
-0.0136247
-0.0147252
-0.0158455
-0.0169623
-0.0180609
-0.0192215
-0.0204917
-0.0218083
-0.0231427
-0.0244957
-0.0258865
-0.027326
-0.0288689
-0.0304391
-0.0320813
-0.0337816
-0.0355496
-0.037386
-0.0392686
-0.0412561
-0.0432541
-0.045401
-0.0475655
-0.0499099
-0.0523044
-0.0548519
-0.057605
-0.0603752
-0.0635764
0.0485627
0.0215325
0.00949517
0.00661135
0.00514543
0.00356263
0.00223747
0.00111168
-9.53285e-05
-0.00132876
-0.00247591
-0.00358609
-0.00469531
-0.00568643
-0.00657455
-0.00753509
-0.00854537
-0.00949282
-0.0104691
-0.0115254
-0.0125818
-0.0136243
-0.0147248
-0.0158451
-0.0169619
-0.0180606
-0.0192212
-0.0204914
-0.021808
-0.0231424
-0.0244955
-0.0258863
-0.0273259
-0.0288687
-0.030439
-0.0320812
-0.0337814
-0.0355494
-0.0373859
-0.0392685
-0.041256
-0.043254
-0.0454009
-0.0475654
-0.0499098
-0.0523043
-0.0548518
-0.0576049
-0.0603752
-0.0635764
0.047711
0.0216553
0.00959651
0.00664609
0.00516074
0.00357107
0.00224311
0.00111601
-9.19917e-05
-0.00132617
-0.00247381
-0.00358436
-0.00469393
-0.00568531
-0.00657356
-0.00753422
-0.00854464
-0.00949217
-0.0104685
-0.0115249
-0.0125814
-0.0136238
-0.0147244
-0.0158447
-0.0169616
-0.0180603
-0.0192209
-0.0204912
-0.0218078
-0.0231422
-0.0244953
-0.0258861
-0.0273257
-0.0288686
-0.0304388
-0.032081
-0.0337813
-0.0355493
-0.0373858
-0.0392684
-0.0412559
-0.0432539
-0.0454008
-0.0475653
-0.0499097
-0.0523042
-0.0548518
-0.0576049
-0.0603752
-0.0635765
0.0468538
0.0217795
0.00972011
0.00669231
0.00518177
0.00358249
0.00225047
0.00112149
-8.78146e-05
-0.00132293
-0.00247117
-0.00358217
-0.00469221
-0.00568396
-0.0065724
-0.00753323
-0.00854382
-0.00949145
-0.0104679
-0.0115243
-0.0125809
-0.0136234
-0.014724
-0.0158443
-0.0169612
-0.01806
-0.0192206
-0.0204909
-0.0218075
-0.023142
-0.0244951
-0.0258859
-0.0273255
-0.0288684
-0.0304387
-0.0320809
-0.0337812
-0.0355492
-0.0373857
-0.0392683
-0.0412558
-0.0432538
-0.0454007
-0.0475652
-0.0499096
-0.0523042
-0.0548517
-0.0576048
-0.0603752
-0.0635767
0.04598
0.0219016
0.0098562
0.0067454
0.00520724
0.00359687
0.00225979
0.00112834
-8.25926e-05
-0.00131882
-0.00246776
-0.0035793
-0.00468992
-0.00568221
-0.00657099
-0.00753206
-0.00854284
-0.00949061
-0.0104672
-0.0115237
-0.0125803
-0.0136229
-0.0147235
-0.0158439
-0.0169608
-0.0180596
-0.0192202
-0.0204906
-0.0218072
-0.0231417
-0.0244949
-0.0258857
-0.0273253
-0.0288682
-0.0304385
-0.0320807
-0.033781
-0.0355491
-0.0373856
-0.0392681
-0.0412557
-0.0432537
-0.0454006
-0.0475651
-0.0499095
-0.0523041
-0.0548516
-0.0576048
-0.0603752
-0.0635769
0.0450956
0.0220198
0.00999861
0.00680122
0.00523493
0.00361331
0.00227079
0.00113649
-7.63288e-05
-0.00131376
-0.00246347
-0.0035756
-0.00468689
-0.00567989
-0.00656922
-0.00753064
-0.00854166
-0.00948963
-0.0104663
-0.011523
-0.0125797
-0.0136223
-0.014723
-0.0158435
-0.0169604
-0.0180592
-0.0192198
-0.0204902
-0.0218069
-0.0231414
-0.0244946
-0.0258854
-0.0273251
-0.028868
-0.0304383
-0.0320806
-0.0337809
-0.0355489
-0.0373854
-0.039268
-0.0412556
-0.0432536
-0.0454005
-0.047565
-0.0499094
-0.052304
-0.0548515
-0.0576047
-0.0603752
-0.0635772
0.0442055
0.0221317
0.0101448
0.00685783
0.00526333
0.00363089
0.00228295
0.00114567
-6.91915e-05
-0.00130788
-0.00245835
-0.00357105
-0.00468301
-0.00567688
-0.00656699
-0.00752891
-0.00854024
-0.00948846
-0.0104654
-0.0115222
-0.0125789
-0.0136216
-0.0147224
-0.015843
-0.0169599
-0.0180587
-0.0192193
-0.0204898
-0.0218066
-0.0231411
-0.0244943
-0.0258852
-0.0273248
-0.0288678
-0.0304381
-0.0320804
-0.0337807
-0.0355488
-0.0373853
-0.0392679
-0.0412555
-0.0432535
-0.0454004
-0.0475649
-0.0499093
-0.0523039
-0.0548514
-0.0576045
-0.0603751
-0.0635775
0.043312
0.0222352
0.0102944
0.00691478
0.00529167
0.00364896
0.00229581
0.00115557
-6.14086e-05
-0.00130136
-0.00245255
-0.00356577
-0.00467838
-0.00567315
-0.00656422
-0.00752683
-0.00853856
-0.00948711
-0.0104643
-0.0115212
-0.0125781
-0.0136209
-0.0147218
-0.0158424
-0.0169594
-0.0180582
-0.0192188
-0.0204893
-0.0218062
-0.0231408
-0.024494
-0.0258849
-0.0273245
-0.0288675
-0.0304379
-0.0320802
-0.0337805
-0.0355486
-0.0373852
-0.0392677
-0.0412553
-0.0432534
-0.0454002
-0.0475648
-0.0499092
-0.0523038
-0.0548513
-0.0576044
-0.060375
-0.0635778
0.0424162
0.0223292
0.0104475
0.00697202
0.00531952
0.00366711
0.00230903
0.00116594
-5.31841e-05
-0.0012944
-0.00244626
-0.00355998
-0.00467317
-0.00566879
-0.00656091
-0.00752436
-0.00853661
-0.00948559
-0.0104631
-0.0115201
-0.012577
-0.0136199
-0.014721
-0.0158417
-0.0169589
-0.0180577
-0.0192182
-0.0204888
-0.0218058
-0.0231404
-0.0244936
-0.0258845
-0.0273242
-0.0288672
-0.0304377
-0.03208
-0.0337804
-0.0355484
-0.037385
-0.0392676
-0.0412552
-0.0432532
-0.0454001
-0.0475647
-0.0499091
-0.0523036
-0.0548511
-0.0576042
-0.0603749
-0.0635783
0.0415194
0.0224129
0.0106042
0.00702952
0.00534653
0.00368508
0.00232233
0.00117656
-4.46896e-05
-0.00128716
-0.00243963
-0.00355385
-0.0046676
-0.00566398
-0.0065571
-0.00752152
-0.00853441
-0.00948394
-0.0104617
-0.0115188
-0.0125758
-0.0136188
-0.01472
-0.0158409
-0.0169583
-0.0180572
-0.0192176
-0.0204882
-0.0218052
-0.0231399
-0.0244932
-0.0258842
-0.0273239
-0.0288669
-0.0304374
-0.0320797
-0.0337801
-0.0355482
-0.0373848
-0.0392675
-0.0412551
-0.0432531
-0.0454
-0.0475645
-0.0499089
-0.0523035
-0.054851
-0.0576039
-0.0603747
-0.0635787
0.040623
0.0224854
0.0107644
0.00708726
0.00537241
0.00370269
0.00233555
0.00118719
-3.60877e-05
-0.00127977
-0.00243279
-0.0035475
-0.00466183
-0.00565889
-0.00655293
-0.00751833
-0.00853198
-0.00948217
-0.0104604
-0.0115175
-0.0125745
-0.0136176
-0.0147189
-0.01584
-0.0169576
-0.0180567
-0.019217
-0.0204875
-0.0218046
-0.0231393
-0.0244928
-0.0258838
-0.0273235
-0.0288666
-0.0304371
-0.0320794
-0.0337799
-0.035548
-0.0373847
-0.0392673
-0.0412549
-0.043253
-0.0453998
-0.0475644
-0.0499087
-0.0523033
-0.0548507
-0.0576036
-0.0603744
-0.0635792
0.0397283
0.0225458
0.010928
0.00714531
0.005397
0.00371987
0.00234856
0.00119763
-2.75445e-05
-0.00127234
-0.00242582
-0.00354099
-0.00465593
-0.00565367
-0.0065485
-0.00751487
-0.00852937
-0.00948032
-0.010459
-0.0115161
-0.012573
-0.0136162
-0.0147175
-0.0158388
-0.0169569
-0.0180562
-0.0192164
-0.0204868
-0.0218038
-0.0231386
-0.0244922
-0.0258834
-0.0273231
-0.0288662
-0.0304367
-0.0320791
-0.0337796
-0.0355478
-0.0373844
-0.0392671
-0.0412548
-0.0432528
-0.0453997
-0.0475642
-0.0499086
-0.0523031
-0.0548505
-0.0576032
-0.0603741
-0.0635798
0.0388368
0.0225931
0.0110945
0.00720388
0.00542032
0.00373675
0.00236142
0.00120766
-1.92244e-05
-0.00126496
-0.00241879
-0.00353439
-0.00464992
-0.00564836
-0.00654394
-0.00751122
-0.0085266
-0.00947839
-0.0104575
-0.0115146
-0.0125715
-0.0136148
-0.014716
-0.0158373
-0.0169559
-0.0180557
-0.0192159
-0.020486
-0.0218029
-0.0231378
-0.0244916
-0.0258829
-0.0273227
-0.0288658
-0.0304364
-0.0320788
-0.0337792
-0.0355475
-0.0373842
-0.0392669
-0.0412546
-0.0432527
-0.0453995
-0.047564
-0.0499084
-0.0523028
-0.0548502
-0.0576026
-0.0603735
-0.0635803
0.0379501
0.0226264
0.0112639
0.00726334
0.00544259
0.00375366
0.00237432
0.00121719
-1.12759e-05
-0.00125772
-0.00241176
-0.0035277
-0.0046438
-0.00564299
-0.00653932
-0.00750747
-0.00852374
-0.00947638
-0.0104561
-0.0115132
-0.01257
-0.0136133
-0.0147145
-0.0158357
-0.0169548
-0.0180552
-0.0192155
-0.0204854
-0.021802
-0.0231369
-0.0244909
-0.0258825
-0.0273223
-0.0288654
-0.030436
-0.0320784
-0.0337789
-0.0355471
-0.0373839
-0.0392667
-0.0412544
-0.0432525
-0.0453993
-0.0475638
-0.0499082
-0.0523025
-0.0548498
-0.057602
-0.0603729
-0.0635809
0.0370692
0.0226447
0.0114359
0.00732425
0.0054642
0.00377104
0.00238763
0.00122619
-3.81269e-06
-0.00125065
-0.00240476
-0.00352094
-0.00463752
-0.00563751
-0.00653471
-0.00750368
-0.0085208
-0.00947431
-0.0104546
-0.0115117
-0.0125684
-0.0136117
-0.0147129
-0.015834
-0.0169535
-0.0180547
-0.0192151
-0.0204848
-0.021801
-0.0231358
-0.0244901
-0.0258819
-0.0273219
-0.028865
-0.0304355
-0.032078
-0.0337785
-0.0355467
-0.0373835
-0.0392664
-0.0412542
-0.0432523
-0.0453992
-0.0475636
-0.0499079
-0.0523022
-0.0548494
-0.0576012
-0.0603721
-0.0635814
0.0361957
0.0226472
0.0116104
0.00738735
0.00548559
0.00378931
0.00240171
0.00123478
3.10604e-06
-0.00124378
-0.00239779
-0.0035141
-0.00463104
-0.00563187
-0.00653011
-0.00749989
-0.00851781
-0.00947217
-0.010453
-0.0115101
-0.0125667
-0.0136102
-0.0147112
-0.0158322
-0.0169521
-0.0180542
-0.0192149
-0.0204843
-0.0218001
-0.0231346
-0.0244891
-0.0258814
-0.0273215
-0.0288646
-0.0304351
-0.0320776
-0.0337781
-0.0355463
-0.0373831
-0.0392661
-0.0412539
-0.0432521
-0.045399
-0.0475634
-0.0499077
-0.0523018
-0.054849
-0.0576003
-0.0603711
-0.0635819
0.0353306
0.0226331
0.011787
0.00745347
0.00550707
0.00380868
0.00241686
0.00124313
9.48689e-06
-0.00123712
-0.00239085
-0.00350715
-0.00462428
-0.00562599
-0.00652554
-0.00749613
-0.0085148
-0.00946995
-0.0104514
-0.0115085
-0.012565
-0.0136086
-0.0147096
-0.0158304
-0.0169507
-0.0180537
-0.0192148
-0.0204838
-0.0217992
-0.0231334
-0.024488
-0.0258807
-0.0273212
-0.0288643
-0.0304347
-0.0320772
-0.0337776
-0.0355459
-0.0373827
-0.0392657
-0.0412536
-0.0432519
-0.0453988
-0.0475632
-0.0499074
-0.0523014
-0.0548484
-0.0575993
-0.0603699
-0.0635824
0.0344748
0.0226015
0.0119655
0.00752336
0.0055288
0.00382906
0.00243316
0.00125145
1.53989e-05
-0.00123064
-0.00238392
-0.00350006
-0.00461717
-0.00561976
-0.00652095
-0.00749242
-0.00851176
-0.00946767
-0.0104497
-0.0115069
-0.0125633
-0.0136069
-0.0147079
-0.0158286
-0.0169492
-0.0180532
-0.0192148
-0.0204835
-0.0217982
-0.0231321
-0.0244869
-0.02588
-0.0273209
-0.028864
-0.0304343
-0.0320767
-0.0337772
-0.0355454
-0.0373822
-0.0392652
-0.0412533
-0.0432517
-0.0453986
-0.047563
-0.0499072
-0.052301
-0.0548479
-0.0575981
-0.0603686
-0.0635829
0.0336294
0.0225517
0.0121454
0.00759769
0.00555075
0.00385006
0.00245048
0.00125991
2.09538e-05
-0.00122429
-0.00237698
-0.00349283
-0.00460964
-0.00561312
-0.00651631
-0.00748876
-0.0085087
-0.0094653
-0.0104479
-0.0115051
-0.0125615
-0.0136052
-0.0147061
-0.0158268
-0.0169477
-0.0180527
-0.0192148
-0.0204831
-0.0217973
-0.0231308
-0.0244857
-0.0258792
-0.0273206
-0.0288637
-0.0304338
-0.0320763
-0.0337768
-0.0355449
-0.0373817
-0.0392648
-0.0412529
-0.0432514
-0.0453984
-0.0475627
-0.0499069
-0.0523006
-0.0548472
-0.0575968
-0.060367
-0.0635833
0.0327952
0.0224832
0.0123259
0.00767703
0.00557277
0.00387107
0.0024685
0.00126861
2.62754e-05
-0.00121802
-0.00237002
-0.00348545
-0.00460168
-0.00560605
-0.00651158
-0.00748514
-0.00850561
-0.00946287
-0.010446
-0.0115034
-0.0125597
-0.0136034
-0.0147043
-0.0158249
-0.0169462
-0.0180522
-0.019215
-0.0204828
-0.0217963
-0.0231295
-0.0244845
-0.0258784
-0.0273202
-0.0288634
-0.0304334
-0.0320758
-0.0337763
-0.0355445
-0.0373812
-0.0392642
-0.0412524
-0.0432511
-0.0453982
-0.0475625
-0.0499065
-0.0523002
-0.0548466
-0.0575954
-0.0603653
-0.0635837
0.0319735
0.0223954
0.012506
0.00776182
0.00559472
0.00389137
0.00248677
0.00127758
3.14781e-05
-0.0012118
-0.00236299
-0.00347793
-0.00459332
-0.00559857
-0.00650672
-0.00748152
-0.00850248
-0.00946035
-0.010444
-0.0115015
-0.0125578
-0.0136016
-0.0147024
-0.015823
-0.0169447
-0.0180515
-0.0192151
-0.0204823
-0.0217953
-0.0231282
-0.0244832
-0.0258776
-0.0273199
-0.0288631
-0.0304329
-0.0320753
-0.0337758
-0.035544
-0.0373807
-0.0392637
-0.041252
-0.0432508
-0.0453979
-0.0475622
-0.0499062
-0.0522997
-0.0548459
-0.0575939
-0.0603634
-0.063584
0.0311653
0.0222881
0.0126846
0.00785248
0.00561654
0.00391025
0.00250483
0.00128679
3.66565e-05
-0.00120558
-0.0023559
-0.00347027
-0.00458459
-0.00559074
-0.0065017
-0.00747787
-0.00849927
-0.00945775
-0.010442
-0.0114996
-0.012556
-0.0135998
-0.0147005
-0.015821
-0.016943
-0.0180508
-0.0192153
-0.0204818
-0.0217941
-0.0231268
-0.024482
-0.0258768
-0.0273196
-0.0288627
-0.0304325
-0.0320748
-0.0337754
-0.0355435
-0.0373801
-0.0392631
-0.0412514
-0.0432504
-0.0453977
-0.0475619
-0.0499059
-0.0522992
-0.0548452
-0.0575923
-0.0603614
-0.0635842
0.030371
0.0221608
0.0128603
0.0079493
0.00563835
0.00392712
0.0025222
0.00129617
4.18735e-05
-0.00119936
-0.00234872
-0.00346249
-0.00457558
-0.00558264
-0.00649649
-0.00747414
-0.00849599
-0.00945507
-0.0104399
-0.0114977
-0.012554
-0.0135978
-0.0146984
-0.0158189
-0.0169413
-0.0180499
-0.0192153
-0.0204812
-0.0217929
-0.0231253
-0.0244808
-0.025876
-0.0273193
-0.0288624
-0.030432
-0.0320743
-0.0337748
-0.035543
-0.0373795
-0.0392626
-0.0412509
-0.04325
-0.0453974
-0.0475616
-0.0499055
-0.0522987
-0.0548444
-0.0575907
-0.0603592
-0.0635845
0.0295917
0.0220138
0.0130317
0.00805247
0.00566038
0.00394151
0.00253848
0.00130562
4.71836e-05
-0.0011931
-0.00234147
-0.00345458
-0.00456634
-0.00557432
-0.00649109
-0.00747029
-0.00849259
-0.0094523
-0.0104377
-0.0114956
-0.012552
-0.0135958
-0.0146963
-0.0158167
-0.0169393
-0.0180489
-0.0192153
-0.0204804
-0.0217915
-0.0231238
-0.0244795
-0.0258751
-0.027319
-0.028862
-0.0304314
-0.0320738
-0.0337743
-0.0355424
-0.0373789
-0.039262
-0.0412504
-0.0432496
-0.0453972
-0.0475614
-0.0499051
-0.0522982
-0.0548436
-0.057589
-0.0603569
-0.0635847
0.0288282
0.0218473
0.0131973
0.00816207
0.00568309
0.00395307
0.00255323
0.00131503
5.26329e-05
-0.00118679
-0.00233412
-0.00344655
-0.00455692
-0.00556585
-0.0064855
-0.00746629
-0.00848908
-0.00944944
-0.0104355
-0.0114936
-0.01255
-0.0135937
-0.0146941
-0.0158144
-0.0169373
-0.0180478
-0.0192151
-0.0204795
-0.02179
-0.0231222
-0.0244782
-0.0258743
-0.0273186
-0.0288615
-0.0304308
-0.0320733
-0.0337738
-0.0355419
-0.0373783
-0.0392614
-0.0412498
-0.0432491
-0.0453969
-0.0475611
-0.0499047
-0.0522976
-0.0548428
-0.0575872
-0.0603546
-0.0635848
0.0280816
0.0216621
0.0133552
0.00827785
0.00570711
0.00396166
0.00256611
0.00132426
5.82144e-05
-0.00118045
-0.00232669
-0.00343837
-0.00454734
-0.00555723
-0.00647971
-0.00746215
-0.00848544
-0.00944649
-0.0104332
-0.0114915
-0.0125478
-0.0135915
-0.0146919
-0.0158121
-0.016935
-0.0180465
-0.0192148
-0.0204785
-0.0217885
-0.0231206
-0.0244769
-0.0258735
-0.0273182
-0.0288609
-0.0304302
-0.0320728
-0.0337732
-0.0355413
-0.0373777
-0.0392607
-0.0412492
-0.0432487
-0.0453967
-0.0475607
-0.0499043
-0.052297
-0.054842
-0.0575854
-0.0603521
-0.063585
0.0273516
0.0214588
0.0135039
0.0083993
0.00573303
0.00396712
0.00257672
0.00133323
6.40308e-05
-0.00117405
-0.00231923
-0.00343012
-0.00453767
-0.00554848
-0.00647372
-0.00745784
-0.00848167
-0.00944345
-0.0104309
-0.0114893
-0.0125456
-0.0135893
-0.0146895
-0.0158096
-0.0169326
-0.0180451
-0.0192144
-0.0204774
-0.0217868
-0.023119
-0.0244755
-0.0258727
-0.0273177
-0.0288603
-0.0304295
-0.0320722
-0.0337726
-0.0355406
-0.037377
-0.0392601
-0.0412486
-0.0432483
-0.0453964
-0.0475604
-0.0499039
-0.0522964
-0.054841
-0.0575835
-0.0603496
-0.0635851
0.0266392
0.0212382
0.0136417
0.00852609
0.00576208
0.00396964
0.00258454
0.0013416
7.00773e-05
-0.00116745
-0.00231163
-0.00342173
-0.00452788
-0.00553959
-0.00646755
-0.00745337
-0.00847776
-0.00944032
-0.0104285
-0.0114871
-0.0125433
-0.0135869
-0.0146871
-0.0158072
-0.0169301
-0.0180437
-0.0192139
-0.0204762
-0.021785
-0.0231173
-0.024474
-0.0258719
-0.0273172
-0.0288596
-0.0304288
-0.0320717
-0.033772
-0.03554
-0.0373764
-0.0392594
-0.0412479
-0.0432478
-0.045396
-0.0475601
-0.0499034
-0.0522957
-0.0548401
-0.0575815
-0.0603469
-0.0635852
0.0259432
0.0210019
0.0137664
0.00865629
0.00579471
0.00396962
0.00258952
0.00134925
7.62666e-05
-0.00116081
-0.00230399
-0.00341322
-0.00451798
-0.00553055
-0.0064612
-0.00744876
-0.00847371
-0.00943709
-0.010426
-0.0114849
-0.0125409
-0.0135845
-0.0146847
-0.0158046
-0.0169275
-0.0180422
-0.0192133
-0.020475
-0.0217832
-0.0231155
-0.0244725
-0.025871
-0.0273167
-0.0288589
-0.0304281
-0.0320711
-0.0337713
-0.0355393
-0.0373757
-0.0392587
-0.0412473
-0.0432473
-0.0453957
-0.0475597
-0.049903
-0.0522951
-0.054839
-0.0575795
-0.0603442
-0.0635853
0.0252659
0.0207508
0.0138769
0.00878889
0.0058313
0.00396688
0.00259113
0.00135603
8.27771e-05
-0.00115398
-0.00229636
-0.00340469
-0.00450801
-0.00552134
-0.00645467
-0.00744399
-0.00846953
-0.00943377
-0.0104235
-0.0114825
-0.0125384
-0.013582
-0.0146822
-0.015802
-0.0169248
-0.0180406
-0.0192126
-0.0204737
-0.0217814
-0.0231137
-0.0244709
-0.0258702
-0.0273161
-0.0288581
-0.0304272
-0.0320705
-0.0337706
-0.0355386
-0.0373749
-0.039258
-0.0412466
-0.0432468
-0.0453954
-0.0475593
-0.0499025
-0.0522944
-0.054838
-0.0575774
-0.0603414
-0.0635854
0.0246115
0.020487
0.0139717
0.00892372
0.00587361
0.00396204
0.0025886
0.00136107
8.94e-05
-0.00114677
-0.00228849
-0.00339601
-0.00449794
-0.00551197
-0.00644798
-0.00743907
-0.0084652
-0.00943034
-0.0104209
-0.0114802
-0.0125359
-0.0135795
-0.0146797
-0.0157993
-0.016922
-0.018039
-0.0192119
-0.0204724
-0.0217794
-0.0231118
-0.0244693
-0.0258693
-0.0273155
-0.0288573
-0.0304264
-0.0320699
-0.0337699
-0.0355379
-0.0373742
-0.0392573
-0.0412459
-0.0432462
-0.045395
-0.0475589
-0.0499021
-0.0522936
-0.0548368
-0.0575752
-0.0603385
-0.0635855
0.0239786
0.0202132
0.0140491
0.00905728
0.00592116
0.0039563
0.00258271
0.00136446
9.58681e-05
-0.00113957
-0.00228071
-0.00338733
-0.00448782
-0.00550247
-0.00644116
-0.00743404
-0.00846078
-0.00942682
-0.0104183
-0.0114778
-0.0125333
-0.0135769
-0.0146771
-0.0157966
-0.0169192
-0.0180373
-0.0192111
-0.0204711
-0.0217774
-0.0231098
-0.0244677
-0.0258683
-0.0273149
-0.0288565
-0.0304255
-0.0320693
-0.0337692
-0.0355371
-0.0373734
-0.0392565
-0.0412451
-0.0432456
-0.0453946
-0.0475585
-0.0499015
-0.0522929
-0.0548356
-0.057573
-0.0603355
-0.0635855
0.0233686
0.0199297
0.0141095
0.00918985
0.00597458
0.00394966
0.00257297
0.00136593
0.000102415
-0.00113195
-0.00227277
-0.00337853
-0.00447754
-0.00549274
-0.00643415
-0.00742888
-0.00845624
-0.00942321
-0.0104156
-0.0114753
-0.0125307
-0.0135742
-0.0146744
-0.0157937
-0.0169163
-0.0180355
-0.0192103
-0.0204696
-0.0217754
-0.0231078
-0.024466
-0.0258674
-0.0273142
-0.0288556
-0.0304245
-0.0320686
-0.0337684
-0.0355363
-0.0373726
-0.0392557
-0.0412444
-0.043245
-0.0453941
-0.047558
-0.049901
-0.0522921
-0.0548343
-0.0575707
-0.0603324
-0.0635855
0.022777
0.0196377
0.0141511
0.00931943
0.00603408
0.00394258
0.00255846
0.00136435
0.000108692
-0.00112382
-0.0022645
-0.0033696
-0.0044672
-0.00548285
-0.00642697
-0.00742356
-0.00845157
-0.00941949
-0.0104128
-0.0114728
-0.012528
-0.0135714
-0.0146717
-0.0157908
-0.0169134
-0.0180338
-0.0192095
-0.0204682
-0.0217733
-0.0231057
-0.0244642
-0.0258664
-0.0273136
-0.0288547
-0.0304235
-0.032068
-0.0337676
-0.0355355
-0.0373717
-0.0392549
-0.0412436
-0.0432444
-0.0453937
-0.0475575
-0.0499004
-0.0522913
-0.0548329
-0.0575683
-0.0603292
-0.0635854
0.0222003
0.0193398
0.0141717
0.00944159
0.0060983
0.0039366
0.00254049
0.00135958
0.000113689
-0.00111613
-0.00225654
-0.00336089
-0.00445697
-0.00547295
-0.00641976
-0.00741824
-0.00844691
-0.00941574
-0.01041
-0.0114702
-0.0125252
-0.0135686
-0.0146689
-0.0157878
-0.0169104
-0.0180319
-0.0192086
-0.0204667
-0.0217711
-0.0231036
-0.0244624
-0.0258653
-0.0273129
-0.0288537
-0.0304225
-0.0320672
-0.0337668
-0.0355346
-0.0373708
-0.039254
-0.0412428
-0.0432438
-0.0453932
-0.047557
-0.0498998
-0.0522905
-0.0548315
-0.0575659
-0.0603259
-0.0635853
0.0216465
0.0190403
0.0141768
0.00955859
0.00616853
0.0039325
0.00251917
0.00135162
0.000117991
-0.00110782
-0.002248
-0.00335182
-0.00444646
-0.00546282
-0.00641236
-0.00741278
-0.00844213
-0.00941187
-0.0104071
-0.0114676
-0.0125224
-0.0135657
-0.014666
-0.0157848
-0.0169073
-0.01803
-0.0192076
-0.0204651
-0.0217689
-0.0231014
-0.0244605
-0.0258643
-0.0273121
-0.0288528
-0.0304215
-0.0320665
-0.0337659
-0.0355337
-0.0373699
-0.0392531
-0.0412419
-0.0432431
-0.0453927
-0.0475565
-0.0498991
-0.0522896
-0.05483
-0.0575634
-0.0603224
-0.0635852
0.0211084
0.0187372
0.0141635
0.00966594
0.00624131
0.00393024
0.00249411
0.00133966
0.000121085
-0.00109915
-0.00223905
-0.00334264
-0.00443597
-0.00545256
-0.00640474
-0.00740714
-0.00843721
-0.00940788
-0.0104041
-0.0114649
-0.0125195
-0.0135628
-0.0146631
-0.0157817
-0.0169042
-0.0180281
-0.0192067
-0.0204635
-0.0217666
-0.0230991
-0.0244586
-0.0258631
-0.0273113
-0.0288518
-0.0304204
-0.0320657
-0.033765
-0.0355328
-0.037369
-0.0392522
-0.0412411
-0.0432424
-0.0453922
-0.0475559
-0.0498985
-0.0522887
-0.0548284
-0.0575608
-0.0603189
-0.063585
0.0205844
0.0184311
0.0141285
0.00975939
0.00631503
0.00393181
0.00246665
0.00132294
0.000120943
-0.00109189
-0.00223069
-0.00333391
-0.00442582
-0.00544249
-0.00639721
-0.0074016
-0.00843242
-0.00940397
-0.0104012
-0.0114622
-0.0125165
-0.0135598
-0.0146602
-0.0157785
-0.016901
-0.0180261
-0.0192056
-0.0204618
-0.0217643
-0.0230967
-0.0244566
-0.025862
-0.0273105
-0.0288507
-0.0304193
-0.0320649
-0.0337641
-0.0355319
-0.037368
-0.0392513
-0.0412401
-0.0432417
-0.0453916
-0.0475553
-0.0498977
-0.0522877
-0.0548266
-0.0575582
-0.0603153
-0.0635847
0.0200905
0.0181351
0.0140824
0.00984418
0.00639182
0.00393811
0.00243764
0.00130242
0.000119015
-0.00108391
-0.00222113
-0.00332436
-0.00441528
-0.00543224
-0.00638951
-0.0073959
-0.00842744
-0.00939988
-0.0103982
-0.0114594
-0.0125135
-0.0135567
-0.0146571
-0.0157753
-0.0168978
-0.0180241
-0.0192045
-0.02046
-0.0217619
-0.0230943
-0.0244546
-0.0258607
-0.0273097
-0.0288496
-0.0304182
-0.0320641
-0.0337631
-0.0355309
-0.037367
-0.0392503
-0.0412392
-0.0432409
-0.045391
-0.0475547
-0.049897
-0.0522867
-0.0548248
-0.0575554
-0.0603116
-0.0635844
0.0196027
0.0178377
0.0140205
0.00991284
0.00646462
0.00394779
0.00240759
0.00127798
0.000114401
-0.0010766
-0.00221137
-0.00331473
-0.00440481
-0.00542186
-0.00638152
-0.00738994
-0.00842231
-0.00939567
-0.010395
-0.0114566
-0.0125104
-0.0135535
-0.014654
-0.0157719
-0.0168944
-0.0180219
-0.0192034
-0.0204582
-0.0217595
-0.0230919
-0.0244525
-0.0258595
-0.0273088
-0.0288485
-0.030417
-0.0320632
-0.0337621
-0.0355299
-0.0373659
-0.0392493
-0.0412382
-0.0432401
-0.0453904
-0.0475541
-0.0498962
-0.0522856
-0.0548229
-0.0575527
-0.0603078
-0.063584
0.0191205
0.017535
0.0139377
0.00996149
0.00653237
0.00396156
0.00237651
0.00124779
0.000104336
-0.00107215
-0.00220259
-0.00330567
-0.00439491
-0.00541194
-0.00637383
-0.00738424
-0.00841743
-0.00939166
-0.010392
-0.0114538
-0.0125074
-0.0135503
-0.0146509
-0.0157686
-0.0168911
-0.0180198
-0.0192022
-0.0204564
-0.021757
-0.0230893
-0.0244503
-0.0258581
-0.0273079
-0.0288474
-0.0304158
-0.0320623
-0.033761
-0.0355288
-0.0373649
-0.0392482
-0.0412372
-0.0432393
-0.0453898
-0.0475534
-0.0498953
-0.0522846
-0.0548209
-0.0575498
-0.0603038
-0.0635835
0.018689
0.0172615
0.0138496
0.0100011
0.00660049
0.00398147
0.00234678
0.00121458
9.1544e-05
-0.00106758
-0.00219227
-0.00329521
-0.00438439
-0.0054019
-0.00636603
-0.00737837
-0.0084123
-0.00938739
-0.0103888
-0.0114509
-0.0125042
-0.0135471
-0.0146477
-0.0157652
-0.0168876
-0.0180175
-0.0192009
-0.0204545
-0.0217544
-0.0230867
-0.0244481
-0.0258568
-0.0273069
-0.0288462
-0.0304146
-0.0320614
-0.0337599
-0.0355277
-0.0373637
-0.0392471
-0.0412362
-0.0432384
-0.0453892
-0.0475527
-0.0498944
-0.0522834
-0.0548188
-0.0575469
-0.0602998
-0.063583
0.0182529
0.0169841
0.0137458
0.0100202
0.00665841
0.00400396
0.00231922
0.00117909
7.50805e-05
-0.00106552
-0.00218259
-0.00328477
-0.00437396
-0.00539173
-0.00635787
-0.00737215
-0.00840698
-0.00938304
-0.0103855
-0.011448
-0.012501
-0.0135438
-0.0146444
-0.0157616
-0.0168841
-0.0180152
-0.0191995
-0.0204525
-0.0217517
-0.023084
-0.0244458
-0.0258553
-0.0273059
-0.0288449
-0.0304133
-0.0320604
-0.0337588
-0.0355265
-0.0373626
-0.039246
-0.0412351
-0.0432376
-0.0453885
-0.047552
-0.0498935
-0.0522822
-0.0548166
-0.0575439
-0.0602957
-0.0635823
0.0178123
0.0166883
0.0136235
0.0100184
0.00670608
0.00402725
0.00229161
0.00113829
5.18278e-05
-0.00106798
-0.00217442
-0.00327466
-0.00436388
-0.00538212
-0.00635023
-0.00736638
-0.00840206
-0.00937896
-0.0103824
-0.0114451
-0.0124978
-0.0135404
-0.0146412
-0.0157581
-0.0168806
-0.0180129
-0.0191981
-0.0204505
-0.0217491
-0.0230813
-0.0244434
-0.0258538
-0.0273048
-0.0288437
-0.030412
-0.0320594
-0.0337576
-0.0355254
-0.0373613
-0.0392448
-0.041234
-0.0432367
-0.0453878
-0.0475512
-0.0498925
-0.052281
-0.0548143
-0.0575409
-0.0602915
-0.0635816
0.0174767
0.0164452
0.0134976
0.0100074
0.00674901
0.00405323
0.0022671
0.00109643
2.55233e-05
-0.00107216
-0.00216588
-0.00326336
-0.00435316
-0.00537253
-0.00634265
-0.00736054
-0.00839689
-0.00937461
-0.0103792
-0.0114422
-0.0124946
-0.0135371
-0.0146378
-0.0157545
-0.0168769
-0.0180104
-0.0191966
-0.0204483
-0.0217463
-0.0230785
-0.024441
-0.0258523
-0.0273037
-0.0288424
-0.0304106
-0.0320583
-0.0337563
-0.0355241
-0.0373601
-0.0392436
-0.0412329
-0.0432357
-0.045387
-0.0475505
-0.0498915
-0.0522797
-0.0548118
-0.0575377
-0.0602872
-0.0635808
0.0171689
0.0161919
0.0133594
0.00997707
0.00677839
0.00407832
0.00224658
0.001055
-3.86832e-06
-0.00108015
-0.00215924
-0.00325228
-0.00434227
-0.00536265
-0.00633469
-0.00735436
-0.00839158
-0.00937027
-0.0103759
-0.0114393
-0.0124913
-0.0135336
-0.0146343
-0.0157507
-0.0168732
-0.0180079
-0.019195
-0.0204461
-0.0217435
-0.0230756
-0.0244385
-0.0258506
-0.0273025
-0.028841
-0.0304092
-0.0320572
-0.0337551
-0.0355229
-0.0373588
-0.0392423
-0.0412317
-0.0432347
-0.0453863
-0.0475496
-0.0498904
-0.0522783
-0.0548092
-0.0575346
-0.0602828
-0.0635798
0.0168156
0.0159231
0.0132136
0.0099316
0.00679599
0.00410003
0.00222715
0.00101118
-3.92711e-05
-0.00109372
-0.00215531
-0.0032416
-0.00433112
-0.00535288
-0.00632716
-0.00734871
-0.00838671
-0.00936615
-0.0103728
-0.0114363
-0.0124879
-0.0135301
-0.0146309
-0.0157471
-0.0168695
-0.0180053
-0.0191934
-0.0204439
-0.0217406
-0.0230726
-0.0244359
-0.025849
-0.0273013
-0.0288396
-0.0304077
-0.032056
-0.0337537
-0.0355216
-0.0373575
-0.039241
-0.0412305
-0.0432337
-0.0453855
-0.0475488
-0.0498892
-0.0522769
-0.0548065
-0.0575313
-0.0602783
-0.0635787
0.0164271
0.0156722
0.0130681
0.00987673
0.00680238
0.00411626
0.00220778
0.000966893
-7.73292e-05
-0.00111045
-0.00215328
-0.00323123
-0.00431989
-0.00534333
-0.00631991
-0.00734319
-0.00838177
-0.00936188
-0.0103695
-0.0114334
-0.0124848
-0.0135268
-0.0146275
-0.0157433
-0.0168657
-0.0180027
-0.0191916
-0.0204415
-0.0217376
-0.0230696
-0.0244333
-0.0258472
-0.0272999
-0.0288381
-0.0304062
-0.0320548
-0.0337523
-0.0355202
-0.0373561
-0.0392397
-0.0412292
-0.0432327
-0.0453846
-0.0475479
-0.049888
-0.0522754
-0.0548037
-0.057528
-0.0602738
-0.0635775
0.0160272
0.0154153
0.0129199
0.00980868
0.00679398
0.0041253
0.00219051
0.000924878
-0.000116711
-0.00113107
-0.00215467
-0.00322222
-0.00430866
-0.00533328
-0.00631214
-0.00733743
-0.00837688
-0.00935781
-0.0103665
-0.0114305
-0.0124814
-0.0135231
-0.0146238
-0.0157394
-0.0168619
-0.0179999
-0.0191897
-0.0204391
-0.0217346
-0.0230665
-0.0244306
-0.0258454
-0.0272986
-0.0288366
-0.0304047
-0.0320535
-0.0337509
-0.0355188
-0.0373546
-0.0392383
-0.0412279
-0.0432316
-0.0453837
-0.047547
-0.0498868
-0.0522739
-0.0548007
-0.0575246
-0.0602692
-0.0635762
0.0156347
0.0151547
0.0127683
0.00973153
0.00677519
0.00412975
0.00217413
0.00088306
-0.000159621
-0.00115668
-0.00215952
-0.00321419
-0.00429711
-0.0053228
-0.00630437
-0.00733206
-0.00837241
-0.00935384
-0.0103632
-0.0114275
-0.0124781
-0.0135196
-0.0146204
-0.0157356
-0.016858
-0.0179971
-0.0191877
-0.0204366
-0.0217315
-0.0230633
-0.0244278
-0.0258435
-0.0272971
-0.028835
-0.030403
-0.0320522
-0.0337494
-0.0355174
-0.0373531
-0.0392369
-0.0412266
-0.0432304
-0.0453828
-0.047546
-0.0498854
-0.0522723
-0.0547977
-0.0575211
-0.0602645
-0.0635747
0.0152438
0.0148839
0.0126146
0.00964867
0.00674648
0.00412567
0.00215407
0.000840271
-0.000204359
-0.00118532
-0.00216719
-0.00320786
-0.00428626
-0.00531262
-0.00629675
-0.00732676
-0.00836787
-0.0093498
-0.0103601
-0.0114248
-0.012475
-0.0135162
-0.0146167
-0.0157316
-0.016854
-0.0179942
-0.0191857
-0.0204341
-0.0217283
-0.02306
-0.024425
-0.0258415
-0.0272956
-0.0288334
-0.0304014
-0.0320509
-0.0337478
-0.0355159
-0.0373516
-0.0392354
-0.0412252
-0.0432293
-0.0453818
-0.047545
-0.049884
-0.0522706
-0.0547944
-0.0575175
-0.0602597
-0.063573
0.0148539
0.0146077
0.0124576
0.00955831
0.00670452
0.00411134
0.00213165
0.000799126
-0.000249563
-0.00121756
-0.00217905
-0.00320431
-0.0042765
-0.00530226
-0.00628844
-0.00732115
-0.00836369
-0.00934639
-0.0103574
-0.0114221
-0.0124717
-0.0135125
-0.0146131
-0.0157277
-0.0168501
-0.0179913
-0.0191835
-0.0204314
-0.021725
-0.0230567
-0.0244221
-0.0258395
-0.027294
-0.0288317
-0.0303996
-0.0320494
-0.0337462
-0.0355143
-0.03735
-0.0392339
-0.0412238
-0.043228
-0.0453808
-0.047544
-0.0498825
-0.0522689
-0.0547911
-0.0575139
-0.0602549
-0.0635713
0.0144752
0.014328
0.0122934
0.00945918
0.00665242
0.00408974
0.00210669
0.000757487
-0.000296936
-0.0012539
-0.00219479
-0.00320307
-0.00426748
-0.00529177
-0.00627998
-0.00731592
-0.00836002
-0.00934301
-0.0103544
-0.0114191
-0.0124685
-0.0135091
-0.0146095
-0.0157238
-0.016846
-0.0179882
-0.0191812
-0.0204287
-0.0217217
-0.0230532
-0.0244191
-0.0258373
-0.0272924
-0.02883
-0.0303979
-0.0320479
-0.0337445
-0.0355127
-0.0373483
-0.0392323
-0.0412223
-0.0432268
-0.0453798
-0.0475429
-0.049881
-0.0522671
-0.0547876
-0.0575102
-0.06025
-0.0635693
0.0141094
0.0140441
0.0121205
0.0093536
0.00659248
0.00405968
0.00207605
0.000713983
-0.000345575
-0.00129291
-0.00221366
-0.00320422
-0.00426008
-0.0052821
-0.00627157
-0.00731037
-0.00835606
-0.0093396
-0.0103517
-0.0114167
-0.0124656
-0.0135057
-0.0146058
-0.0157197
-0.016842
-0.0179851
-0.0191789
-0.0204259
-0.0217183
-0.0230497
-0.024416
-0.0258351
-0.0272906
-0.0288281
-0.030396
-0.0320464
-0.0337427
-0.035511
-0.0373466
-0.0392306
-0.0412207
-0.0432255
-0.0453787
-0.0475418
-0.0498793
-0.0522652
-0.054784
-0.0575064
-0.060245
-0.0635672
0.0137565
0.0137569
0.011938
0.00924143
0.00652338
0.00401981
0.00203947
0.000669297
-0.000394665
-0.00133448
-0.00223615
-0.00320869
-0.00425508
-0.00527314
-0.0062624
-0.00730408
-0.00835238
-0.00933704
-0.0103496
-0.0114143
-0.0124625
-0.0135021
-0.0146021
-0.0157158
-0.0168379
-0.0179819
-0.0191764
-0.020423
-0.0217148
-0.0230462
-0.0244128
-0.0258329
-0.0272888
-0.0288262
-0.0303941
-0.0320448
-0.0337409
-0.0355093
-0.0373449
-0.039229
-0.0412192
-0.0432241
-0.0453775
-0.0475406
-0.0498776
-0.0522632
-0.0547802
-0.0575026
-0.06024
-0.0635649
0.0134147
0.0134705
0.0117455
0.00912047
0.00644496
0.00397149
0.00199735
0.000622711
-0.000444594
-0.00137904
-0.00226274
-0.00321633
-0.00425191
-0.00526477
-0.00625316
-0.00729807
-0.0083493
-0.00933467
-0.0103472
-0.0114118
-0.0124596
-0.0134988
-0.0145985
-0.0157117
-0.0168337
-0.0179786
-0.0191738
-0.02042
-0.0217112
-0.0230425
-0.0244096
-0.0258305
-0.0272869
-0.0288243
-0.0303921
-0.0320431
-0.033739
-0.0355075
-0.0373431
-0.0392272
-0.0412175
-0.0432227
-0.0453763
-0.0475394
-0.0498758
-0.0522612
-0.0547764
-0.0574986
-0.0602349
-0.0635624
0.0130805
0.0131858
0.0115409
0.00898865
0.00635869
0.00391614
0.00194916
0.000572786
-0.000496168
-0.00142671
-0.0022928
-0.0032263
-0.00425084
-0.00525838
-0.00624463
-0.00729168
-0.00834568
-0.00933217
-0.0103452
-0.0114099
-0.012457
-0.0134955
-0.0145948
-0.0157076
-0.0168296
-0.0179752
-0.0191711
-0.0204169
-0.0217075
-0.0230388
-0.0244063
-0.025828
-0.0272849
-0.0288222
-0.0303901
-0.0320414
-0.033737
-0.0355057
-0.0373412
-0.0392254
-0.0412159
-0.0432212
-0.045375
-0.0475382
-0.049874
-0.052259
-0.0547724
-0.0574946
-0.0602298
-0.0635597
0.0127501
0.0129034
0.0113251
0.00884671
0.00626499
0.00385304
0.00189358
0.000518298
-0.000549283
-0.00147638
-0.00232604
-0.00323966
-0.00425309
-0.00525422
-0.00623609
-0.00728431
-0.00834194
-0.00933045
-0.0103439
-0.0114081
-0.0124544
-0.0134922
-0.0145912
-0.0157036
-0.0168254
-0.0179718
-0.0191682
-0.0204137
-0.0217038
-0.023035
-0.0244029
-0.0258255
-0.0272828
-0.0288201
-0.0303879
-0.0320396
-0.033735
-0.0355038
-0.0373392
-0.0392235
-0.0412141
-0.0432197
-0.0453737
-0.0475368
-0.049872
-0.0522568
-0.0547683
-0.0574904
-0.0602247
-0.0635569
0.0124193
0.012624
0.0111
0.00869307
0.00616269
0.00378264
0.00183094
0.000459428
-0.000603338
-0.00152814
-0.00236352
-0.00325645
-0.00425765
-0.00525163
-0.00622811
-0.00727704
-0.00833858
-0.00932903
-0.0103425
-0.0114064
-0.0124522
-0.0134892
-0.0145877
-0.0156995
-0.0168212
-0.0179683
-0.0191653
-0.0204104
-0.0216999
-0.0230311
-0.0243995
-0.0258228
-0.0272806
-0.0288179
-0.0303857
-0.0320377
-0.0337329
-0.0355018
-0.0373372
-0.0392216
-0.0412123
-0.0432181
-0.0453724
-0.0475354
-0.0498699
-0.0522545
-0.054764
-0.0574862
-0.0602194
-0.0635538
0.0120829
0.0123475
0.0108661
0.00852622
0.00605085
0.00370542
0.00176171
0.000395531
-0.000659623
-0.00158286
-0.00240501
-0.00327581
-0.0042644
-0.00525169
-0.00622173
-0.00726981
-0.00833465
-0.00932733
-0.0103415
-0.0114053
-0.0124502
-0.0134863
-0.0145841
-0.0156955
-0.0168169
-0.0179646
-0.0191622
-0.020407
-0.021696
-0.0230272
-0.0243959
-0.0258201
-0.0272783
-0.0288156
-0.0303834
-0.0320357
-0.0337307
-0.0354998
-0.0373351
-0.0392196
-0.0412105
-0.0432165
-0.0453709
-0.047534
-0.0498678
-0.052252
-0.0547597
-0.0574819
-0.0602142
-0.0635506
0.0117374
0.0120722
0.010627
0.00834677
0.00592862
0.00362197
0.00168648
0.000325064
-0.000719134
-0.00163956
-0.00244984
-0.00329827
-0.00427396
-0.00525472
-0.00621691
-0.00726229
-0.00833035
-0.00932607
-0.0103411
-0.0114045
-0.0124485
-0.0134835
-0.0145807
-0.0156914
-0.0168127
-0.017961
-0.0191591
-0.0204036
-0.021692
-0.0230231
-0.0243923
-0.0258173
-0.0272759
-0.0288132
-0.0303811
-0.0320337
-0.0337284
-0.0354977
-0.037333
-0.0392175
-0.0412086
-0.0432148
-0.0453695
-0.0475325
-0.0498656
-0.0522495
-0.0547552
-0.0574775
-0.0602089
-0.0635471
0.0113832
0.0117979
0.0103847
0.00815422
0.00579497
0.00353269
0.00160516
0.000247355
-0.000781542
-0.00169769
-0.00249853
-0.00332445
-0.00428627
-0.00526052
-0.00621384
-0.00725513
-0.00832619
-0.00932504
-0.0103406
-0.0114039
-0.0124472
-0.0134812
-0.0145774
-0.0156874
-0.0168084
-0.0179572
-0.0191557
-0.0204
-0.0216879
-0.0230191
-0.0243885
-0.0258144
-0.0272734
-0.0288108
-0.0303786
-0.0320316
-0.033726
-0.0354956
-0.0373308
-0.0392154
-0.0412067
-0.043213
-0.0453679
-0.0475309
-0.0498633
-0.0522468
-0.0547506
-0.057473
-0.0602035
-0.0635435
0.0110192
0.0115213
0.0101402
0.00795071
0.00564931
0.00343596
0.00151784
0.000162653
-0.000847518
-0.00175792
-0.00255163
-0.0033545
-0.00430088
-0.00526881
-0.00621296
-0.00724886
-0.00832181
-0.00932365
-0.0103404
-0.0114038
-0.0124464
-0.013479
-0.0145742
-0.0156835
-0.0168041
-0.0179533
-0.0191523
-0.0203963
-0.0216838
-0.0230149
-0.0243848
-0.0258113
-0.0272708
-0.0288083
-0.0303761
-0.0320293
-0.0337235
-0.0354933
-0.0373285
-0.0392132
-0.0412047
-0.0432111
-0.0453663
-0.0475292
-0.0498609
-0.0522441
-0.054746
-0.0574684
-0.0601981
-0.0635396
0.0106454
0.0112399
0.0098969
0.00773857
0.0054893
0.00333064
0.00142655
7.11182e-05
-0.000918424
-0.00182033
-0.0026088
-0.00338805
-0.00431737
-0.00527995
-0.00621487
-0.00724349
-0.00831734
-0.00932243
-0.0103406
-0.011404
-0.0124458
-0.0134771
-0.0145712
-0.0156796
-0.0167998
-0.0179494
-0.0191488
-0.0203925
-0.0216795
-0.0230107
-0.0243809
-0.0258082
-0.0272681
-0.0288056
-0.0303735
-0.0320271
-0.0337209
-0.035491
-0.0373261
-0.0392109
-0.0412026
-0.0432092
-0.0453646
-0.0475275
-0.0498583
-0.0522412
-0.0547412
-0.0574637
-0.0601926
-0.0635356
0.0102649
0.0109523
0.00965441
0.00751918
0.00531462
0.00321641
0.00133229
-2.76107e-05
-0.000995655
-0.00188462
-0.0026693
-0.00342552
-0.00433658
-0.00529433
-0.00621947
-0.00723922
-0.00831339
-0.00932142
-0.0103407
-0.0114045
-0.0124458
-0.0134756
-0.0145684
-0.0156758
-0.0167956
-0.0179454
-0.0191451
-0.0203885
-0.0216751
-0.0230064
-0.0243769
-0.025805
-0.0272653
-0.0288028
-0.0303708
-0.0320247
-0.0337183
-0.0354886
-0.0373237
-0.0392086
-0.0412005
-0.0432072
-0.0453629
-0.0475257
-0.0498557
-0.0522382
-0.0547363
-0.057459
-0.060187
-0.0635313
0.00987913
0.0106559
0.00941113
0.0072959
0.00512702
0.00309153
0.00123424
-0.000133593
-0.00107987
-0.00195042
-0.00273316
-0.00346806
-0.00435854
-0.00531115
-0.00622682
-0.00723676
-0.00830993
-0.00932015
-0.0103408
-0.0114055
-0.0124463
-0.0134745
-0.0145658
-0.0156722
-0.0167914
-0.0179413
-0.0191414
-0.0203845
-0.0216707
-0.023002
-0.0243728
-0.0258017
-0.0272624
-0.0287999
-0.030368
-0.0320221
-0.0337156
-0.0354862
-0.0373212
-0.0392062
-0.0411983
-0.0432051
-0.0453611
-0.0475238
-0.0498531
-0.0522351
-0.0547314
-0.0574541
-0.0601815
-0.0635269
0.00949141
0.0103505
0.00916579
0.00707153
0.00492741
0.00295282
0.00113213
-0.000244891
-0.00117132
-0.00201855
-0.00280084
-0.00351589
-0.00438263
-0.00533023
-0.00623742
-0.00723602
-0.00830716
-0.00931929
-0.0103411
-0.0114066
-0.0124471
-0.0134738
-0.0145635
-0.0156686
-0.0167871
-0.0179372
-0.0191375
-0.0203804
-0.0216662
-0.0229976
-0.0243687
-0.0257982
-0.0272593
-0.028797
-0.0303652
-0.0320195
-0.0337127
-0.0354836
-0.0373187
-0.0392037
-0.0411961
-0.043203
-0.0453593
-0.0475218
-0.0498503
-0.0522319
-0.0547263
-0.0574491
-0.0601758
-0.0635222
0.00910479
0.0100358
0.00891615
0.00684713
0.00471755
0.00279884
0.00102616
-0.000359714
-0.00127189
-0.00209055
-0.00287117
-0.00356837
-0.00440919
-0.00535186
-0.00625127
-0.00723717
-0.0083058
-0.00931922
-0.010341
-0.0114077
-0.0124486
-0.0134735
-0.0145614
-0.0156654
-0.0167831
-0.017933
-0.0191335
-0.0203761
-0.0216616
-0.0229931
-0.0243645
-0.0257947
-0.0272561
-0.0287938
-0.0303622
-0.0320168
-0.0337098
-0.0354809
-0.037316
-0.0392011
-0.0411938
-0.0432007
-0.0453574
-0.0475197
-0.0498474
-0.0522285
-0.0547212
-0.0574441
-0.0601701
-0.0635174
0.00872106
0.00971304
0.00866003
0.00662285
0.00450076
0.00262903
0.00091409
-0.000477435
-0.00138176
-0.00216626
-0.00294278
-0.00362634
-0.00443959
-0.00537588
-0.00626845
-0.00724051
-0.00830551
-0.00931969
-0.010341
-0.0114091
-0.0124507
-0.0134736
-0.0145596
-0.0156623
-0.0167792
-0.0179287
-0.0191293
-0.0203717
-0.0216569
-0.0229886
-0.0243601
-0.0257911
-0.0272528
-0.0287906
-0.0303591
-0.032014
-0.0337068
-0.0354782
-0.0373132
-0.0391984
-0.0411915
-0.0431984
-0.0453554
-0.0475175
-0.0498444
-0.052225
-0.0547159
-0.057439
-0.0601643
-0.0635124
0.0083416
0.00938457
0.00839545
0.00639751
0.00428059
0.00244351
0.000793087
-0.000596311
-0.00150001
-0.00224738
-0.00301646
-0.00369035
-0.00447365
-0.00540141
-0.00628904
-0.0072462
-0.00830634
-0.0093214
-0.0103413
-0.0114106
-0.0124531
-0.0134741
-0.014558
-0.0156593
-0.0167753
-0.0179246
-0.0191251
-0.0203671
-0.0216521
-0.0229841
-0.0243557
-0.0257874
-0.0272494
-0.0287873
-0.0303559
-0.032011
-0.0337036
-0.0354754
-0.0373105
-0.0391957
-0.041189
-0.0431959
-0.0453534
-0.0475153
-0.0498414
-0.0522215
-0.0547106
-0.0574338
-0.0601585
-0.0635071
0.00796621
0.00905221
0.00812148
0.00616872
0.00405957
0.00224398
0.000660269
-0.000715845
-0.00162615
-0.00233606
-0.00309188
-0.00375902
-0.00451128
-0.00542861
-0.00631318
-0.00725468
-0.00830882
-0.00932464
-0.0103418
-0.0114115
-0.0124563
-0.0134754
-0.0145565
-0.0156566
-0.0167717
-0.0179204
-0.0191209
-0.0203625
-0.0216472
-0.0229793
-0.0243512
-0.0257836
-0.0272458
-0.0287838
-0.0303526
-0.0320079
-0.0337004
-0.0354724
-0.0373076
-0.0391929
-0.0411866
-0.0431933
-0.0453512
-0.0475129
-0.0498382
-0.0522178
-0.0547052
-0.0574285
-0.0601526
-0.0635017
0.00759469
0.00871805
0.00783856
0.00593375
0.00383891
0.0020328
0.000512457
-0.00083657
-0.00175811
-0.00243268
-0.0031684
-0.00383235
-0.00455423
-0.00545749
-0.00634049
-0.00726622
-0.00831266
-0.00932935
-0.010343
-0.0114124
-0.0124598
-0.0134772
-0.0145552
-0.0156539
-0.0167683
-0.0179164
-0.0191164
-0.0203578
-0.0216425
-0.0229745
-0.0243465
-0.0257797
-0.0272421
-0.0287803
-0.0303493
-0.0320047
-0.0336971
-0.0354694
-0.0373046
-0.03919
-0.0411841
-0.0431908
-0.045349
-0.0475104
-0.0498349
-0.052214
-0.0546997
-0.0574232
-0.0601466
-0.0634962
0.00722687
0.0083832
0.00754777
0.0056902
0.00361842
0.00181311
0.000348028
-0.000959079
-0.00189402
-0.00253861
-0.0032466
-0.00390994
-0.00460325
-0.00548787
-0.00637046
-0.00728105
-0.00831793
-0.00933583
-0.0103454
-0.011413
-0.0124634
-0.0134797
-0.0145544
-0.0156515
-0.0167649
-0.0179123
-0.0191119
-0.0203528
-0.0216375
-0.0229699
-0.0243418
-0.0257756
-0.0272382
-0.0287765
-0.0303458
-0.0320014
-0.0336936
-0.0354662
-0.0373016
-0.0391869
-0.0411814
-0.043188
-0.0453469
-0.047508
-0.0498315
-0.0522101
-0.0546941
-0.0574177
-0.0601406
-0.0634904
0.00686172
0.00804789
0.00725098
0.00543635
0.00339613
0.00158908
0.000166765
-0.00108631
-0.0020322
-0.00265477
-0.00332777
-0.00399003
-0.00465784
-0.00552038
-0.0064034
-0.00729947
-0.00832467
-0.00934404
-0.0103494
-0.0114134
-0.012467
-0.0134828
-0.0145537
-0.0156492
-0.016762
-0.0179083
-0.0191074
-0.0203479
-0.0216324
-0.0229649
-0.0243371
-0.0257716
-0.0272341
-0.0287725
-0.0303421
-0.031998
-0.0336902
-0.035463
-0.0372985
-0.0391839
-0.0411787
-0.0431851
-0.0453444
-0.0475054
-0.0498281
-0.0522062
-0.0546884
-0.0574122
-0.0601346
-0.0634845
0.00649909
0.00771201
0.00694998
0.00517162
0.00316957
0.00136401
-3.10224e-05
-0.00122213
-0.00217014
-0.00278011
-0.00341379
-0.00407223
-0.00471815
-0.00555486
-0.00643873
-0.00732222
-0.00833317
-0.00935353
-0.0103551
-0.0114143
-0.0124705
-0.0134865
-0.0145532
-0.0156466
-0.0167593
-0.0179048
-0.0191029
-0.0203428
-0.0216274
-0.0229598
-0.024332
-0.0257674
-0.0272302
-0.0287686
-0.0303384
-0.0319942
-0.0336864
-0.0354596
-0.0372953
-0.0391807
-0.041176
-0.0431823
-0.045342
-0.0475025
-0.0498245
-0.0522022
-0.0546828
-0.0574066
-0.0601284
-0.0634784
0.00613942
0.00737457
0.00664559
0.00489721
0.00293571
0.00113901
-0.000242728
-0.00136928
-0.00230756
-0.0029134
-0.00350526
-0.0041563
-0.00478532
-0.00559181
-0.00647473
-0.00734907
-0.00834451
-0.00936463
-0.0103627
-0.0114155
-0.0124739
-0.0134909
-0.0145533
-0.015644
-0.0167564
-0.0179013
-0.0190987
-0.0203379
-0.0216223
-0.0229548
-0.024327
-0.0257629
-0.0272257
-0.0287646
-0.0303347
-0.0319906
-0.0336827
-0.0354561
-0.037292
-0.0391775
-0.0411732
-0.0431792
-0.0453396
-0.0474998
-0.0498207
-0.052198
-0.054677
-0.057401
-0.0601223
-0.0634721
0.00578247
0.00703489
0.00633809
0.00461507
0.00269147
0.000913972
-0.000463678
-0.00153066
-0.00244564
-0.00305282
-0.00360338
-0.00424103
-0.00485853
-0.00563302
-0.00651206
-0.00737943
-0.00835788
-0.00937729
-0.0103728
-0.0114177
-0.0124766
-0.0134953
-0.014554
-0.0156418
-0.0167538
-0.0178976
-0.019094
-0.0203331
-0.0216174
-0.0229496
-0.0243219
-0.0257587
-0.0272211
-0.0287601
-0.0303306
-0.0319868
-0.0336791
-0.0354526
-0.0372886
-0.0391741
-0.0411702
-0.0431761
-0.045337
-0.047497
-0.049817
-0.0521939
-0.0546711
-0.0573952
-0.0601161
-0.0634658
0.00542788
0.00669291
0.00602623
0.00432686
0.00243569
0.000687
-0.000690641
-0.00170762
-0.00258512
-0.00319587
-0.00371012
-0.00432678
-0.00493592
-0.00567884
-0.00655106
-0.00741419
-0.00837377
-0.00939033
-0.0103851
-0.0114217
-0.0124794
-0.0134996
-0.0145549
-0.0156393
-0.0167512
-0.0178947
-0.0190897
-0.0203279
-0.0216124
-0.0229444
-0.0243167
-0.0257541
-0.0272166
-0.0287558
-0.0303264
-0.0319826
-0.033675
-0.0354489
-0.0372853
-0.0391708
-0.0411672
-0.0431729
-0.0453343
-0.0474939
-0.0498131
-0.0521896
-0.0546653
-0.0573895
-0.0601098
-0.0634593
0.00507525
0.0063489
0.00570827
0.00403383
0.00216898
0.000454908
-0.000921161
-0.00189974
-0.00272836
-0.00334042
-0.00382507
-0.00441428
-0.00501747
-0.00572978
-0.00659021
-0.00745258
-0.00839445
-0.00940487
-0.0103982
-0.0114265
-0.0124825
-0.0135044
-0.0145566
-0.015637
-0.0167482
-0.0178915
-0.0190858
-0.0203233
-0.0216072
-0.0229387
-0.0243114
-0.0257495
-0.0272117
-0.0287513
-0.0303224
-0.0319786
-0.0336709
-0.0354449
-0.0372816
-0.0391673
-0.0411643
-0.0431696
-0.0453316
-0.0474909
-0.0498091
-0.0521852
-0.0546594
-0.0573838
-0.0601036
-0.0634526
0.00472232
0.00600344
0.00538335
0.00373566
0.00189253
0.000215139
-0.0011528
-0.0021055
-0.00287954
-0.00348493
-0.00394704
-0.00450381
-0.00510163
-0.00578709
-0.00663051
-0.00749336
-0.00841901
-0.0094214
-0.0104138
-0.0114328
-0.0124847
-0.0135081
-0.0145586
-0.0156358
-0.0167456
-0.0178883
-0.0190815
-0.0203186
-0.0216026
-0.0229333
-0.0243056
-0.0257447
-0.0272067
-0.0287464
-0.0303179
-0.0319744
-0.0336671
-0.0354411
-0.037278
-0.0391635
-0.041161
-0.0431663
-0.0453288
-0.0474878
-0.0498051
-0.0521809
-0.0546534
-0.0573778
-0.0600973
-0.0634459
0.00436646
0.0056566
0.00505103
0.00343101
0.00160743
-3.45192e-05
-0.00138481
-0.00232144
-0.00304114
-0.00362944
-0.00407536
-0.00459679
-0.00518628
-0.00585005
-0.0066732
-0.00753651
-0.00844763
-0.00943926
-0.0104316
-0.0114419
-0.0124873
-0.0135108
-0.0145597
-0.0156344
-0.0167431
-0.0178857
-0.0190782
-0.020314
-0.0215976
-0.0229279
-0.0243001
-0.0257396
-0.0272014
-0.0287416
-0.0303133
-0.0319699
-0.0336627
-0.0354371
-0.0372744
-0.03916
-0.0411577
-0.0431627
-0.0453258
-0.0474846
-0.0498009
-0.0521765
-0.0546476
-0.057372
-0.0600909
-0.063439
0.00400612
0.00530776
0.00471204
0.00311838
0.00131446
-0.000295511
-0.00161877
-0.00254362
-0.00321337
-0.00377401
-0.0042086
-0.00469486
-0.00527142
-0.00591839
-0.00671829
-0.00758053
-0.00848082
-0.00945949
-0.0104501
-0.0114527
-0.0124916
-0.0135143
-0.0145609
-0.0156327
-0.0167397
-0.0178818
-0.0190748
-0.0203105
-0.0215932
-0.0229223
-0.0242943
-0.0257347
-0.0271961
-0.0287365
-0.0303086
-0.0319654
-0.0336585
-0.0354327
-0.0372705
-0.0391562
-0.0411546
-0.0431593
-0.0453228
-0.0474813
-0.0497966
-0.0521721
-0.0546416
-0.0573661
-0.0600847
-0.063432
0.00363887
0.00495472
0.00436682
0.0027964
0.00101392
-0.000567936
-0.0018579
-0.00276921
-0.00339572
-0.00391903
-0.00434342
-0.00479861
-0.00535752
-0.00599202
-0.0067677
-0.00762529
-0.00851758
-0.00948167
-0.0104692
-0.0114647
-0.0124954
-0.0135173
-0.014563
-0.0156329
-0.0167377
-0.0178779
-0.0190706
-0.020306
-0.0215883
-0.0229169
-0.0242886
-0.0257292
-0.0271908
-0.0287316
-0.0303037
-0.0319607
-0.0336541
-0.0354285
-0.0372667
-0.0391523
-0.0411509
-0.0431556
-0.0453198
-0.0474781
-0.0497924
-0.0521676
-0.0546357
-0.0573601
-0.0600784
-0.0634251
0.00326384
0.00459494
0.0040147
0.00246422
0.000705511
-0.000850701
-0.00210449
-0.00299699
-0.00358695
-0.0040666
-0.00447738
-0.00490681
-0.005445
-0.0060699
-0.00682295
-0.00767173
-0.00855804
-0.00950675
-0.0104887
-0.0114784
-0.0124995
-0.0135182
-0.014563
-0.0156323
-0.0167366
-0.0178753
-0.019068
-0.020303
-0.0215834
-0.0229106
-0.0242824
-0.0257236
-0.0271849
-0.0287263
-0.0302988
-0.0319562
-0.0336498
-0.0354241
-0.0372628
-0.0391484
-0.0411475
-0.0431518
-0.0453164
-0.0474747
-0.0497881
-0.0521632
-0.0546298
-0.0573542
-0.0600721
-0.063418
0.0028822
0.00422597
0.00365375
0.00212058
0.000387574
-0.00114254
-0.00235872
-0.00322545
-0.00378394
-0.00421741
-0.00460911
-0.00501783
-0.00553306
-0.00615017
-0.00688487
-0.00772093
-0.00860236
-0.00953635
-0.0105088
-0.0114925
-0.0125048
-0.0135199
-0.0145631
-0.0156308
-0.0167341
-0.0178712
-0.0190643
-0.0203005
-0.0215801
-0.0229055
-0.0242762
-0.0257176
-0.027179
-0.0287207
-0.0302932
-0.0319512
-0.0336454
-0.0354197
-0.0372589
-0.0391445
-0.041144
-0.0431483
-0.0453133
-0.0474712
-0.0497835
-0.0521586
-0.0546238
-0.0573481
-0.0600658
-0.063411
0.00249025
0.00384407
0.00328055
0.00176327
5.68116e-05
-0.00144488
-0.0026223
-0.00345459
-0.00398282
-0.00437196
-0.00473854
-0.00513032
-0.00562246
-0.00623001
-0.00695066
-0.00777221
-0.008649
-0.00957024
-0.0105304
-0.0115078
-0.0125108
-0.0135202
-0.014563
-0.0156307
-0.0167334
-0.017868
-0.0190599
-0.0202965
-0.0215752
-0.0228996
-0.0242704
-0.025712
-0.0271733
-0.0287155
-0.030288
-0.0319464
-0.0336407
-0.035415
-0.0372548
-0.0391405
-0.0411405
-0.0431445
-0.0453101
-0.047468
-0.0497793
-0.0521542
-0.054618
-0.0573421
-0.0600592
-0.063403
0.00208856
0.00344829
0.00289353
0.00139238
-0.000286228
-0.00175648
-0.0028948
-0.00368488
-0.00417998
-0.0045285
-0.00486629
-0.00524404
-0.0057165
-0.00631256
-0.00702095
-0.0078257
-0.00869504
-0.00960554
-0.0105521
-0.0115225
-0.0125188
-0.0135215
-0.0145618
-0.0156295
-0.0167326
-0.0178658
-0.0190567
-0.0202936
-0.0215712
-0.022893
-0.0242626
-0.0257048
-0.0271668
-0.0287094
-0.0302822
-0.0319416
-0.0336365
-0.0354106
-0.037251
-0.0391366
-0.0411372
-0.0431412
-0.0453071
-0.0474649
-0.0497753
-0.0521503
-0.0546129
-0.0573368
-0.060054
-0.0633977
0.00166827
0.00303064
0.00248316
0.00100061
-0.000645591
-0.00207763
-0.00317407
-0.00391601
-0.00437306
-0.0046846
-0.0049912
-0.00535593
-0.00581407
-0.00639776
-0.00709628
-0.00788499
-0.0087433
-0.00964271
-0.010574
-0.0115348
-0.012525
-0.0135228
-0.0145617
-0.0156301
-0.0167328
-0.0178642
-0.0190535
-0.0202905
-0.0215677
-0.0228881
-0.0242561
-0.0256975
-0.0271594
-0.0287025
-0.030275
-0.0319348
-0.03363
-0.0354043
-0.0372454
-0.0391311
-0.0411321
-0.043136
-0.0453025
-0.0474605
-0.0497698
-0.0521447
-0.054606
-0.0573297
-0.0600462
-0.0633878
0.00123547
0.00259219
0.00204988
0.000588005
-0.00102129
-0.00240634
-0.0034527
-0.00414079
-0.0045551
-0.00483516
-0.00511426
-0.00546605
-0.00591429
-0.00648552
-0.0071734
-0.00794733
-0.00879229
-0.00968038
-0.0105968
-0.0115461
-0.0125311
-0.0135234
-0.0145593
-0.0156297
-0.0167345
-0.0178649
-0.0190522
-0.0202886
-0.0215656
-0.0228844
-0.0242512
-0.0256934
-0.0271563
-0.0286995
-0.0302722
-0.0319327
-0.0336283
-0.0354021
-0.0372436
-0.0391292
-0.0411307
-0.0431344
-0.0453011
-0.047459
-0.0497675
-0.0521425
-0.0546027
-0.0573259
-0.0600424
-0.0633842
0.000753913
0.00210267
0.00156754
0.000135018
-0.00142328
-0.00274672
-0.00373126
-0.00435828
-0.00472367
-0.00497394
-0.00523094
-0.00557242
-0.00601501
-0.0065756
-0.0072523
-0.00801058
-0.00883751
-0.00971106
-0.010613
-0.0115502
-0.0125315
-0.0135212
-0.0145534
-0.0156239
-0.0167293
-0.0178589
-0.0190446
-0.0202801
-0.0215575
-0.0228755
-0.0242396
-0.025681
-0.0271448
-0.0286888
-0.0302612
-0.0319226
-0.033619
-0.0353932
-0.0372356
-0.0391213
-0.0411236
-0.0431274
-0.0452949
-0.0474531
-0.0497607
-0.0521357
-0.0545947
-0.0573179
-0.0600338
-0.0633732
0.000221792
0.00153826
0.000999262
-0.000398501
-0.00188761
-0.00312797
-0.00403057
-0.00458598
-0.0048977
-0.00512167
-0.00536557
-0.00569989
-0.00613944
-0.00669047
-0.00735253
-0.00809397
-0.0089003
-0.00975613
-0.0106435
-0.0115669
-0.0125429
-0.0135304
-0.0145593
-0.0156313
-0.0167385
-0.0178663
-0.019049
-0.0202819
-0.0215592
-0.0228771
-0.0242392
-0.0256802
-0.0271447
-0.0286885
-0.0302606
-0.0319223
-0.0336188
-0.0353924
-0.0372351
-0.0391207
-0.0411235
-0.0431268
-0.0452944
-0.0474526
-0.0497596
-0.0521345
-0.0545925
-0.0573149
-0.0600306
-0.06337
-0.000187045
0.0010594
0.000497516
-0.000861909
-0.00226708
-0.00340834
-0.00421675
-0.00470378
-0.00497883
-0.00519806
-0.00545212
-0.00579202
-0.00623418
-0.00677839
-0.00742288
-0.0081451
-0.00893088
-0.00976889
-0.0106463
-0.01156
-0.0125333
-0.0135223
-0.0145472
-0.0156183
-0.0167278
-0.0178566
-0.0190386
-0.0202695
-0.0215473
-0.022866
-0.024225
-0.0256653
-0.0271319
-0.0286769
-0.0302486
-0.0319115
-0.0336093
-0.0353834
-0.0372268
-0.0391128
-0.0411163
-0.0431199
-0.0452881
-0.0474469
-0.0497528
-0.0521282
-0.0545852
-0.0573077
-0.0600229
-0.0633601
-0.00125238
-7.9054e-07
-0.00044974
-0.00163164
-0.00284598
-0.00381276
-0.00447374
-0.00487155
-0.00511201
-0.00533354
-0.00560097
-0.00594365
-0.00638151
-0.00691235
-0.00753137
-0.00822914
-0.00899172
-0.00980789
-0.010673
-0.0115766
-0.0125439
-0.0135343
-0.0145578
-0.0156275
-0.0167373
-0.0178639
-0.0190425
-0.0202695
-0.021547
-0.0228675
-0.0242245
-0.0256627
-0.0271295
-0.0286747
-0.0302457
-0.0319085
-0.0336067
-0.0353803
-0.0372241
-0.0391103
-0.0411146
-0.0431178
-0.0452864
-0.0474454
-0.0497509
-0.0521259
-0.0545818
-0.0573034
-0.0600181
-0.0633543
-0.0012964
-0.000543551
-0.00114739
-0.0022265
-0.00324625
-0.00403684
-0.00457281
-0.00492436
-0.00517617
-0.00542807
-0.00572189
-0.00607101
-0.00650098
-0.00701382
-0.00760405
-0.00827567
-0.00901962
-0.009819
-0.0106769
-0.011576
-0.0125385
-0.0135305
-0.0145524
-0.0156185
-0.0167304
-0.0178602
-0.0190382
-0.020262
-0.0215388
-0.0228609
-0.0242156
-0.0256524
-0.0271216
-0.0286682
-0.0302385
-0.0319019
-0.0336018
-0.0353754
-0.0372193
-0.0391056
-0.0411105
-0.0431138
-0.045283
-0.0474425
-0.0497474
-0.0521228
-0.0545785
-0.0572995
-0.0600146
-0.0633505
-0.00369229
-0.00237893
-0.00235564
-0.00287508
-0.00348999
-0.00404541
-0.00451224
-0.00490424
-0.00522946
-0.00553595
-0.00585619
-0.00620838
-0.0066266
-0.00711804
-0.00767815
-0.00832192
-0.00904619
-0.00982889
-0.0106781
-0.0115745
-0.0125328
-0.0135269
-0.0145523
-0.015615
-0.0167249
-0.0178545
-0.0190301
-0.0202506
-0.0215272
-0.0228526
-0.0242067
-0.0256407
-0.0271093
-0.0286574
-0.030227
-0.0318903
-0.0335911
-0.0353652
-0.0372098
-0.0390969
-0.0411033
-0.0431066
-0.0452767
-0.047437
-0.0497416
-0.052117
-0.0545712
-0.0572921
-0.0600054
-0.0633378
-0.00568333
-0.00532332
-0.00462192
-0.00409483
-0.00391061
-0.00409119
-0.00447411
-0.00490659
-0.00531341
-0.00568528
-0.00603603
-0.00638834
-0.00678403
-0.00724355
-0.00776902
-0.00838271
-0.00908761
-0.00985712
-0.0106991
-0.0115934
-0.0125466
-0.0135387
-0.0145645
-0.0156219
-0.0167304
-0.0178637
-0.0190382
-0.0202546
-0.0215297
-0.0228562
-0.0242093
-0.0256411
-0.0271114
-0.0286611
-0.0302297
-0.0318924
-0.033595
-0.0353684
-0.0372126
-0.0390997
-0.0411063
-0.0431093
-0.0452793
-0.0474398
-0.0497436
-0.052119
-0.0545732
-0.057293
-0.0600066
-0.0633401
-0.00682009
-0.00509892
-0.00425788
-0.00394892
-0.00394445
-0.00414228
-0.00446676
-0.00486841
-0.00529109
-0.00569748
-0.00608294
-0.00645764
-0.00685304
-0.00729552
-0.0078006
-0.0083925
-0.00907942
-0.00983783
-0.0106739
-0.0115695
-0.0125231
-0.0135162
-0.0145492
-0.0156051
-0.01671
-0.0178453
-0.0190186
-0.0202329
-0.0215084
-0.022838
-0.0241921
-0.0256216
-0.0270901
-0.0286423
-0.0302104
-0.031873
-0.0335769
-0.0353514
-0.0371968
-0.0390849
-0.0410935
-0.0430968
-0.0452682
-0.0474299
-0.0497343
-0.0521096
-0.0545626
-0.0572826
-0.0599941
-0.0633225
-0.00795985
-0.00724495
-0.00611238
-0.00514057
-0.00455696
-0.00440005
-0.00456596
-0.00492164
-0.00535552
-0.00578453
-0.00618821
-0.00657597
-0.0069691
-0.00739562
-0.00788213
-0.00845604
-0.00912459
-0.00987103
-0.0106984
-0.0115906
-0.0125422
-0.0135308
-0.0145653
-0.0156192
-0.0167197
-0.0178581
-0.0190314
-0.0202421
-0.0215165
-0.0228462
-0.0242007
-0.0256288
-0.0270973
-0.0286509
-0.0302186
-0.03188
-0.0335851
-0.0353592
-0.0372039
-0.0390919
-0.0411006
-0.0431036
-0.0452749
-0.0474366
-0.0497404
-0.0521156
-0.0545686
-0.0572871
-0.059999
-0.0633289
-0.0094174
-0.00703993
-0.00561288
-0.00481884
-0.00446251
-0.00441927
-0.00459445
-0.00492872
-0.00534873
-0.00577536
-0.00618082
-0.00657522
-0.00697433
-0.00740068
-0.00788375
-0.00845354
-0.00911592
-0.00985616
-0.0106789
-0.011568
-0.0125198
-0.013507
-0.0145435
-0.0155995
-0.0166967
-0.0178346
-0.0190088
-0.0202191
-0.0214938
-0.0228252
-0.0241809
-0.0256088
-0.0270745
-0.0286294
-0.0301978
-0.031859
-0.0335648
-0.0353403
-0.0371867
-0.0390753
-0.0410865
-0.0430902
-0.0452629
-0.0474262
-0.0497311
-0.052106
-0.0545582
-0.0572768
-0.0599857
-0.0633096
)
;

boundaryField
{
    zeroGradientPlanes
    {
        type            zeroGradient;
    }
    inlet
    {
        type            zeroGradient;
    }
    plate
    {
        type            zeroGradient;
    }
    frontAndBack
    {
        type            empty;
    }
}


// ************************************************************************* //
