/*--------------------------------*- C++ -*----------------------------------*\
| =========                 |                                                 |
| \\      /  F ield         | OpenFOAM: The Open Source CFD Toolbox           |
|  \\    /   O peration     | Version:  v2012                                 |
|   \\  /    A nd           | Website:  www.openfoam.com                      |
|    \\/     M anipulation  |                                                 |
\*---------------------------------------------------------------------------*/
FoamFile
{
    version     2.0;
    format      ascii;
    class       volScalarField;
    location    "4";
    object      p;
}
// * * * * * * * * * * * * * * * * * * * * * * * * * * * * * * * * * * * * * //

dimensions      [0 2 -2 0 0 0 0];


internalField   nonuniform List<scalar> 
7000
(
-1.68897e-10
0.00490824
0.00612096
0.000951207
0.00436288
0.00717472
0.00259115
0.00444003
0.00367764
0.00592891
0.00335244
0.00607798
0.00489154
0.00561689
0.00527253
0.00650338
0.00661381
0.00791393
0.00850704
0.0102393
1.18641e-05
0.00489338
0.00611434
0.000975438
0.00435916
0.0071294
0.00263163
0.00443551
0.0036886
0.00592512
0.00336335
0.00605914
0.00489393
0.00561364
0.00527667
0.00650246
0.00662236
0.00790792
0.00851163
0.0101473
2.35541e-05
0.0048732
0.0061096
0.00100083
0.0043431
0.00708168
0.00266778
0.00442999
0.00370497
0.0059143
0.00337966
0.00602897
0.00490689
0.0056041
0.00529274
0.00649132
0.00664317
0.00788574
0.00851522
0.0100031
3.42356e-05
0.00485792
0.00610611
0.00102344
0.00432709
0.00703827
0.00269924
0.00442463
0.00372659
0.00589411
0.00339914
0.00599562
0.0049248
0.00559201
0.00531377
0.00647213
0.00666711
0.00785398
0.00851077
0.00984374
4.62666e-05
0.00484823
0.00610143
0.00104614
0.00431687
0.00699762
0.00272877
0.00441981
0.00375488
0.00586303
0.00342391
0.00595862
0.00494363
0.00557817
0.00533567
0.00644805
0.00669144
0.00781816
0.00849768
0.00969043
6.09201e-05
0.00484268
0.0060942
0.0010711
0.00431276
0.00696
0.0027582
0.00441566
0.00378978
0.00582193
0.00345439
0.00591652
0.00496367
0.00556246
0.00535895
0.00642107
0.0067162
0.0077802
0.00847571
0.00954958
7.88732e-05
0.00484022
0.00608365
0.00109974
0.00431434
0.00692516
0.00278837
0.0044121
0.00383014
0.00577347
0.00348959
0.00586988
0.00498637
0.00554503
0.00538454
0.00639168
0.00674075
0.00773972
0.00844461
0.00941873
0.000100426
0.00483982
0.00606954
0.0011331
0.004321
0.00689176
0.00281963
0.00440877
0.00387467
0.00572079
0.0035287
0.00582001
0.00501215
0.0055257
0.00541205
0.00635991
0.00676353
0.00769674
0.00840445
0.00929379
0.000125461
0.0048404
0.00605227
0.0011717
0.00433138
0.00685825
0.00285208
0.00440511
0.00392253
0.00566633
0.00357134
0.00576768
0.00504067
0.00550393
0.00544087
0.00632619
0.00678301
0.0076525
0.00835532
0.00917237
0.000153573
0.00484117
0.00603257
0.00121534
0.00434387
0.00682362
0.00288564
0.00440052
0.00397329
0.00561145
0.00361734
0.00571331
0.00507171
0.00547934
0.0054707
0.00629133
0.00679818
0.00760858
0.00829751
0.00905364
0.000184268
0.00484171
0.00601119
0.00126334
0.00435724
0.00678742
0.00292025
0.00439453
0.00402671
0.00555668
0.00366656
0.00565739
0.00510526
0.00545186
0.00550137
0.00625665
0.00680845
0.00756606
0.00823186
0.00893723
0.000217129
0.00484181
0.00598869
0.00131474
0.00437083
0.00674962
0.00295601
0.00438683
0.00408256
0.00550214
0.00371879
0.0056005
0.00514137
0.00542185
0.00553244
0.00622376
0.00681326
0.00752527
0.00815972
0.00882253
0.000251859
0.00484143
0.00596542
0.00136865
0.00438442
0.00671039
0.0029931
0.00437721
0.00414067
0.00544783
0.0037737
0.00554316
0.00517999
0.00539002
0.00556301
0.00619433
0.00681194
0.00748604
0.0080826
0.0087088
0.00028827
0.00484055
0.00594156
0.00142435
0.00439807
0.00666991
0.0030317
0.00436552
0.0042009
0.00539376
0.00383083
0.00548588
0.0052209
0.00535739
0.00559176
0.0061696
0.00680394
0.00744783
0.008002
0.00859541
0.000326234
0.00483917
0.00591724
0.00148133
0.00441196
0.00662831
0.00307199
0.0043517
0.00426317
0.00533997
0.00388963
0.00542907
0.00526358
0.00532524
0.00561713
0.00615024
0.00678893
0.00740982
0.00791923
0.008482
0.000365639
0.00483729
0.00589262
0.00153924
0.00442625
0.00658566
0.00311409
0.00433568
0.00432741
0.00528653
0.00394951
0.00537319
0.00530722
0.00529499
0.00563755
0.00613646
0.00676688
0.0073708
0.00783543
0.0083685
0.000406379
0.00483489
0.00586785
0.00159782
0.00444114
0.00654204
0.00315814
0.00431745
0.00439351
0.00523358
0.0040098
0.0053187
0.0053507
0.00526802
0.00565165
0.00612819
0.00673805
0.007329
0.00775142
0.00825529
0.000448361
0.00483198
0.00584315
0.0016569
0.00445673
0.00649751
0.00320423
0.00429701
0.00446133
0.00518129
0.00406974
0.00526621
0.00539271
0.00524546
0.0056583
0.00612493
0.00670333
0.00728252
0.00766736
0.00814294
0.000491534
0.00482853
0.00581871
0.00171631
0.00447309
0.00645215
0.00325245
0.0042744
0.00453061
0.00512996
0.00412844
0.00521653
0.00543185
0.00522825
0.00565666
0.00612544
0.00666423
0.00723006
0.00758286
0.00803192
0.0005359
0.0048245
0.00579471
0.00177598
0.00449022
0.00640602
0.00330287
0.00424969
0.00460099
0.00508011
0.00418487
0.00517048
0.00546674
0.00521716
0.00564643
0.00612778
0.00662236
0.00717107
0.00749734
0.00792248
0.000581524
0.00481984
0.00577125
0.00183588
0.00450807
0.00635921
0.00335553
0.004223
0.00467197
0.00503255
0.00423789
0.00512874
0.00549616
0.00521254
0.00562796
0.00612964
0.00657896
0.00710563
0.00741054
0.00781472
0.000628517
0.00481448
0.00574842
0.00189602
0.00452656
0.00631176
0.0034104
0.00419459
0.00474287
0.00498827
0.00428629
0.00509195
0.00551919
0.00521419
0.00560212
0.00612875
0.00653467
0.00703412
0.00732261
0.00770901
0.000677014
0.00480834
0.00572623
0.0019565
0.00454558
0.00626374
0.00346744
0.0041648
0.00481289
0.00494851
0.00432878
0.00506055
0.00553522
0.0052214
0.00557045
0.00612332
0.00648989
0.00695659
0.00723317
0.00760619
0.000727151
0.00480134
0.00570472
0.00201741
0.00456503
0.00621522
0.00352655
0.00413412
0.00488098
0.0049146
0.00436435
0.00503496
0.00554396
0.00523279
0.0055347
0.00611203
0.00644531
0.00687371
0.0071414
0.00750656
0.000779052
0.00479341
0.00568394
0.00207885
0.00458479
0.00616629
0.00358752
0.00410324
0.00494607
0.00488757
0.00439211
0.00501566
0.00554569
0.00524649
0.00549638
0.00609344
0.00640104
0.00678702
0.00704739
0.00741016
0.000832826
0.00478445
0.00566394
0.00214095
0.00460472
0.00611712
0.00365004
0.00407286
0.00500712
0.00486864
0.00441104
0.00500245
0.00554129
0.00526083
0.00545733
0.0060666
0.00635654
0.00669821
0.00695144
0.00731674
0.000888564
0.00477442
0.0056448
0.00220382
0.00462467
0.00606794
0.0037137
0.00404394
0.00506268
0.00485879
0.00442107
0.00499426
0.00553172
0.00527355
0.00541876
0.00603163
0.00631105
0.00660968
0.00685512
0.00722535
0.000946356
0.00476323
0.00562659
0.00226757
0.00464441
0.00601906
0.00377799
0.00401739
0.00511221
0.00485763
0.00442272
0.00499013
0.005519
0.00528249
0.00538023
0.00598884
0.00626299
0.00652238
0.00676067
0.0071366
0.00100629
0.00475081
0.00560937
0.00233234
0.00466382
0.00597073
0.00384246
0.00399385
0.00515505
0.00486577
0.00441598
0.00498837
0.00550554
0.00528746
0.0053411
0.00593902
0.00621275
0.00643634
0.00666584
0.00705138
0.00106842
0.00473714
0.00559314
0.00239828
0.00468267
0.00592366
0.00390604
0.00397416
0.00518999
0.00488383
0.00440082
0.00498763
0.00549177
0.00528855
0.00530066
0.0058822
0.00615647
0.00635094
0.00658239
0.00696942
0.00113286
0.00472211
0.00557796
0.00246551
0.0047007
0.00587822
0.00396837
0.00395893
0.00521692
0.00491069
0.00437836
0.00498642
0.00547874
0.00528558
0.00525818
0.0058181
0.00609405
0.0062646
0.00651136
0.00689099
0.00119964
0.00470571
0.00556376
0.00253434
0.00471768
0.00583473
0.00402898
0.00394855
0.00523546
0.00494583
0.00435251
0.00497919
0.00546979
0.00527889
0.00521309
0.00575155
0.00602933
0.00617729
0.00641928
0.00681848
0.00126878
0.00468797
0.00555045
0.00260492
0.00473296
0.00579424
0.00408704
0.00394282
0.00524568
0.00498649
0.00432941
0.00496119
0.00546639
0.00526966
0.00516472
0.00567631
0.00595875
0.00608629
0.00633448
0.00675545
0.00134054
0.00466867
0.00553818
0.00267724
0.0047466
0.00575624
0.00414425
0.00394204
0.00524901
0.00502929
0.00432043
0.00493338
0.00546659
0.00525944
0.00511457
0.00559624
0.00588566
0.00599427
0.00620565
0.00669928
0.00141475
0.00464797
0.00552639
0.0027522
0.00475819
0.00572186
0.00419769
0.00394708
0.00524493
0.00507736
0.00430416
0.00490428
0.00546317
0.00524853
0.005061
0.00549711
0.00580353
0.00590684
0.00612104
0.00664733
0.00149137
0.0046261
0.0055148
0.00282999
0.00476691
0.00569247
0.00424541
0.00395642
0.00523303
0.00513105
0.00419369
0.00487091
0.00545522
0.00523387
0.00499868
0.0053892
0.00571119
0.00582426
0.00608805
0.0065997
0.00157089
0.00460264
0.00550396
0.00291013
0.00477362
0.00566496
0.00429672
0.00396839
0.00521781
0.00517995
0.00427734
0.00482373
0.00544324
0.00522264
0.00493388
0.00527743
0.00562045
0.00574767
0.00596103
0.00655663
0.00165285
0.00457817
0.00549259
0.00299412
0.00477707
0.00564227
0.00434381
0.00398498
0.00519902
0.00522896
0.00429763
0.00477426
0.00542672
0.00520051
0.0048605
0.00516145
0.00552245
0.00567945
0.00590372
0.0065171
0.00173714
0.00455325
0.00548005
0.00308239
0.00477638
0.00562535
0.00438394
0.00400392
0.00517594
0.00528259
0.0042694
0.00472631
0.00540329
0.00516167
0.00477995
0.00504281
0.0054208
0.00561551
0.00591947
0.00647808
0.00182459
0.00452727
0.00546746
0.00317334
0.00477437
0.00560774
0.00443587
0.00402079
0.00515387
0.00532429
0.00430832
0.0046645
0.00536847
0.00514817
0.00470875
0.00492081
0.0053239
0.00554309
0.00576444
0.00644232
0.00191422
0.00450145
0.00545243
0.00326918
0.00476906
0.0055948
0.00448437
0.00403973
0.0051288
0.00536781
0.00433019
0.00459519
0.00532073
0.00511381
0.00462878
0.0047962
0.00520872
0.00547464
0.00572843
0.00641937
0.00200614
0.00447626
0.00543444
0.00337014
0.00476024
0.00558588
0.00452696
0.00406105
0.00509728
0.00542276
0.00433464
0.00451874
0.0052517
0.00508325
0.0045453
0.00466814
0.0050719
0.00540366
0.00581678
0.00641213
0.00210118
0.00445117
0.00541516
0.00347343
0.00475324
0.00557119
0.00458932
0.00407787
0.00506487
0.00546336
0.00443917
0.00445085
0.005187
0.00505807
0.00447699
0.00453477
0.00492901
0.00527593
0.00564332
0.00642386
0.00219782
0.0044281
0.00539105
0.00358149
0.00474498
0.00555651
0.00465351
0.00409543
0.00502802
0.00549312
0.00449089
0.00437219
0.00511531
0.00503377
0.00441463
0.00439535
0.00477243
0.00512446
0.00554274
0.00646293
0.00229676
0.00440712
0.00536309
0.00369332
0.00473732
0.00554081
0.00471725
0.0041207
0.00497947
0.00552687
0.00452902
0.00429888
0.00502875
0.00500999
0.00436232
0.00425502
0.00460239
0.00498785
0.00550482
0.00650508
0.00239818
0.00438802
0.00533187
0.00380728
0.00473413
0.00551924
0.00478695
0.00415215
0.00492141
0.00554283
0.00457852
0.00423557
0.00492719
0.00498274
0.00432108
0.00411811
0.00443621
0.00487105
0.0054726
0.00655031
0.00250069
0.00437246
0.00529585
0.00392364
0.00473473
0.00549326
0.00485734
0.00418942
0.00485805
0.00553931
0.00464388
0.00418214
0.00480881
0.00494695
0.00429198
0.0039895
0.00427669
0.00476038
0.00546104
0.00659979
0.00260532
0.00436047
0.00525609
0.0040395
0.00474407
0.00546063
0.00492557
0.0042369
0.00478949
0.00552075
0.00471655
0.00413407
0.00468108
0.00490386
0.00427817
0.00387885
0.0041295
0.00466106
0.00543354
0.00664294
0.00271126
0.00435219
0.00521269
0.0041539
0.00476214
0.00542302
0.00499167
0.00429241
0.00471802
0.0054869
0.00478873
0.00410255
0.00455729
0.00484765
0.00427144
0.00378667
0.00398796
0.00455667
0.00539964
0.00668251
0.00281817
0.00434829
0.00516681
0.00426403
0.00478955
0.00538479
0.00504743
0.00435339
0.0046502
0.00543681
0.00485822
0.0040927
0.004436
0.00476694
0.00426284
0.00372012
0.00386131
0.00445113
0.00536105
0.00671695
0.00292662
0.00434887
0.00511974
0.00436743
0.00482748
0.0053455
0.00509397
0.00442184
0.00458797
0.00537052
0.00492242
0.00410129
0.00431572
0.00466597
0.00425751
0.00368518
0.00374932
0.00434002
0.00530351
0.00674457
0.00303571
0.00435407
0.00507238
0.00446333
0.00487187
0.00530998
0.00513243
0.00449281
0.00453226
0.00529056
0.00497896
0.00412584
0.00420324
0.00455466
0.00425059
0.00367116
0.00364585
0.00421926
0.0052429
0.00677481
0.00314567
0.00436417
0.0050264
0.00454956
0.00492306
0.00528106
0.00515809
0.00456419
0.00448768
0.00520165
0.00502278
0.00416177
0.00410347
0.0044362
0.00423098
0.00366947
0.00355867
0.00410805
0.00518183
0.00679726
0.00325639
0.00437934
0.00498227
0.00462588
0.00497741
0.00525835
0.00517844
0.00463556
0.00445441
0.00510461
0.00504931
0.00420826
0.00402301
0.00431507
0.00419261
0.00367476
0.00349983
0.00400842
0.00511073
0.00680796
0.00336752
0.00439956
0.00494123
0.00469159
0.00503363
0.00524493
0.00519056
0.0047025
0.00443279
0.0050036
0.00505863
0.00426425
0.00396228
0.00419157
0.00413305
0.00368671
0.0034693
0.00391742
0.00503548
0.00681666
0.0034788
0.00442547
0.00490419
0.00474668
0.00508911
0.00523899
0.0051987
0.0047655
0.00442465
0.00490241
0.00505023
0.00432411
0.00391773
0.0040705
0.00406138
0.00369804
0.00345875
0.00384853
0.0049685
0.00681604
0.00358998
0.00445718
0.0048719
0.00479166
0.00514209
0.00523951
0.00520415
0.00482455
0.00442878
0.00480397
0.00502367
0.00438216
0.00389028
0.00396185
0.00397925
0.00369644
0.00346828
0.00380745
0.00490474
0.00680778
0.00370063
0.00449496
0.00484539
0.00482745
0.00519045
0.00524487
0.00520571
0.00487827
0.00444526
0.00471379
0.00498085
0.00443467
0.00387992
0.00386653
0.00388908
0.00368307
0.0034883
0.00378599
0.00485767
0.00680672
0.00381064
0.0045389
0.00482573
0.00485436
0.00523299
0.00525166
0.0052074
0.00492945
0.00447501
0.00463375
0.00492326
0.00447868
0.00388324
0.00378531
0.00379933
0.00365333
0.0035048
0.00379152
0.00484263
0.00681173
0.00391991
0.00458879
0.00481361
0.00487396
0.00526995
0.00525611
0.00520085
0.00498135
0.0045166
0.00456778
0.00485511
0.00451149
0.00389767
0.00371962
0.00371229
0.00361072
0.00352092
0.00381817
0.00485075
0.0068271
0.00402786
0.0046452
0.00480989
0.00488865
0.00529711
0.00525401
0.0051957
0.00503405
0.00457615
0.00451829
0.00478018
0.00453003
0.0039208
0.00366827
0.00363288
0.00356392
0.00352848
0.00385027
0.0048815
0.00685989
0.004135
0.00470522
0.0048166
0.00489876
0.00531056
0.00525298
0.00519269
0.00508164
0.00463646
0.00448494
0.0047019
0.0045336
0.00394881
0.00363167
0.00356501
0.0035138
0.00352542
0.00388486
0.00492888
0.00690766
0.00424132
0.00476751
0.00483397
0.00490508
0.00531249
0.0052543
0.005191
0.00512269
0.00470001
0.00446792
0.00462552
0.00452245
0.00397801
0.00360879
0.0035072
0.00346513
0.00351746
0.00391585
0.00498122
0.0069664
0.00434675
0.0048315
0.00485982
0.00491084
0.00530679
0.00525601
0.00518963
0.00515722
0.00476392
0.00446534
0.00455405
0.00449796
0.0040052
0.00359621
0.00345998
0.00342447
0.00350723
0.00393948
0.00503169
0.00703178
0.00445148
0.00489586
0.00489276
0.00491903
0.00529582
0.00525623
0.00518801
0.00518491
0.00482537
0.00447467
0.00449169
0.00446405
0.00402756
0.00359233
0.00342361
0.00339211
0.00349783
0.00395849
0.00507747
0.00709793
0.00455542
0.00496064
0.00493102
0.00493078
0.00528271
0.00525491
0.00518557
0.00520529
0.00488323
0.0044952
0.00444034
0.00442316
0.00404394
0.00359725
0.00339606
0.00336608
0.00349222
0.00397585
0.00511685
0.00715995
0.00465866
0.00502519
0.00497336
0.00494695
0.00526936
0.0052516
0.00518139
0.00521896
0.00493745
0.00452471
0.00439946
0.00437833
0.00405492
0.00360988
0.00337542
0.00334326
0.00348961
0.00399394
0.00515342
0.00721908
0.00476115
0.00508962
0.00501897
0.00496775
0.00525686
0.00524655
0.00517574
0.00522676
0.00498662
0.00456055
0.00436989
0.00433335
0.00405926
0.00362651
0.00336078
0.0033227
0.00348997
0.00401675
0.00519257
0.00727542
0.00486288
0.00515392
0.00506707
0.00499297
0.00524612
0.00524057
0.00516909
0.00522874
0.00502926
0.00460161
0.00435253
0.00428962
0.00405532
0.00364505
0.00335519
0.00330637
0.00349187
0.0040421
0.00523233
0.00732899
0.00496378
0.00521815
0.00511704
0.00502223
0.00523812
0.00523429
0.00516123
0.00522519
0.00506527
0.0046465
0.00434623
0.00424793
0.00404376
0.00366474
0.00335943
0.00329382
0.00349193
0.00406565
0.00527381
0.00738585
0.00506377
0.00528237
0.00516835
0.00505494
0.00523342
0.00522846
0.00515251
0.00521684
0.00509432
0.00469282
0.00434986
0.00421062
0.00402617
0.0036827
0.00337115
0.00328618
0.00349095
0.00408827
0.00531911
0.00744571
0.0051628
0.00534665
0.00522053
0.00509057
0.00523221
0.00522383
0.00514358
0.00520407
0.00511541
0.00473856
0.00436355
0.00418063
0.00400376
0.00369572
0.00338833
0.00328552
0.00349072
0.00410905
0.00536295
0.00750415
0.00526074
0.00541112
0.00527326
0.00512842
0.00523453
0.00522105
0.00513512
0.0051876
0.00512818
0.0047821
0.00438665
0.00415978
0.00397795
0.00370129
0.00340781
0.00329205
0.00349253
0.00412626
0.00540205
0.00756059
0.00535747
0.00547583
0.00532634
0.00516801
0.00524035
0.00522043
0.00512798
0.00516857
0.00513277
0.00482148
0.00441632
0.00414879
0.00395176
0.00369898
0.00342651
0.00330483
0.00349762
0.00414058
0.00543602
0.00761346
0.00545286
0.00554088
0.00537944
0.00520878
0.0052496
0.00522201
0.00512272
0.00514825
0.0051295
0.00485457
0.00444952
0.00414782
0.00392909
0.0036903
0.003441
0.00332056
0.00350596
0.00415338
0.005465
0.0076616
0.00554676
0.00560626
0.00543261
0.00525027
0.0052617
0.00522573
0.00511976
0.0051279
0.00511913
0.00488007
0.0044839
0.00415545
0.00391238
0.00367709
0.0034485
0.00333587
0.00351708
0.0041662
0.00549042
0.00770517
0.00563902
0.00567193
0.00548574
0.00529237
0.00527639
0.00523157
0.00511918
0.00510843
0.00510296
0.00489724
0.00451717
0.00416912
0.0039024
0.00366221
0.00344912
0.00334839
0.00352925
0.00417902
0.0055123
0.0077433
0.00572951
0.00573784
0.0055388
0.00533455
0.00529327
0.0052396
0.00512076
0.00509091
0.00508283
0.00490507
0.00454721
0.0041867
0.00389873
0.00364839
0.00344396
0.00335572
0.00353968
0.00419064
0.00553065
0.0077761
0.00581804
0.00580385
0.00559198
0.00537626
0.00531167
0.00524931
0.00512435
0.00507599
0.00506071
0.00490348
0.00457187
0.00420604
0.00390012
0.00363716
0.0034343
0.00335673
0.00354633
0.0042002
0.00554587
0.00780341
0.00590447
0.00586979
0.00564534
0.00541747
0.00533118
0.00526056
0.00512985
0.00506326
0.0050381
0.00489351
0.00458871
0.004225
0.00390448
0.00362892
0.00342188
0.00335169
0.00354803
0.00420659
0.00555764
0.00782491
0.0059887
0.00593539
0.00569888
0.00545843
0.00535125
0.0052729
0.00513722
0.00505216
0.00501635
0.00487714
0.00459581
0.00424165
0.00390942
0.00362235
0.00340732
0.00334042
0.0035431
0.00420759
0.00556505
0.00784125
0.00607065
0.00600044
0.00575241
0.0054991
0.00537181
0.00528561
0.00514625
0.00504223
0.00499575
0.00485756
0.00459185
0.00425308
0.00391413
0.00361712
0.00339178
0.0033231
0.00352968
0.00420003
0.00556476
0.00785002
0.00615016
0.0060647
0.00580579
0.00553952
0.00539259
0.00529827
0.00515701
0.00503311
0.00497509
0.00483755
0.00457737
0.00425488
0.00391586
0.00361213
0.00337674
0.00330215
0.00350952
0.00418399
0.00555531
0.00784879
0.00622719
0.00612793
0.00585864
0.00557996
0.00541374
0.00530987
0.00516912
0.00502589
0.0049524
0.00481821
0.00455671
0.00424485
0.00390941
0.003602
0.0033593
0.00327711
0.00348313
0.00416015
0.00553799
0.00783972
0.0063015
0.00618987
0.005911
0.00562046
0.00543552
0.00531967
0.00518091
0.00502204
0.00492667
0.00479794
0.0045347
0.00422566
0.00389433
0.00358444
0.00333633
0.00324484
0.00344603
0.00412324
0.00550723
0.00781865
0.00637288
0.00625029
0.00596255
0.00566108
0.00545851
0.00532807
0.00519022
0.00502163
0.0048986
0.004773
0.00451181
0.00419952
0.00387163
0.00356072
0.0033095
0.00320767
0.00339962
0.00407193
0.00545809
0.00777794
0.00644116
0.00630908
0.00601324
0.00570114
0.00548233
0.0053361
0.00519534
0.00502375
0.00487129
0.00474134
0.00448725
0.00416769
0.00383842
0.00352611
0.00327426
0.00316441
0.00334565
0.00400943
0.00539348
0.00771886
0.00650606
0.00636603
0.00606301
0.00574132
0.0055066
0.0053436
0.00519491
0.00502501
0.00484736
0.00470334
0.00445963
0.00413407
0.00379832
0.00348068
0.00322694
0.0031109
0.00328095
0.00393384
0.00531139
0.00763759
0.00656757
0.00642071
0.00611078
0.00578217
0.00553381
0.00535284
0.00519006
0.00502241
0.00482703
0.0046598
0.00442393
0.00409675
0.00375313
0.00342721
0.00316749
0.00304575
0.00320589
0.00384821
0.00521501
0.00753363
0.00662361
0.00647462
0.00615796
0.00582318
0.00556193
0.00536416
0.0051827
0.00501405
0.00481061
0.00461698
0.00438061
0.00405459
0.00370091
0.00336208
0.00309053
0.00296182
0.00311398
0.00374598
0.00510218
0.00741359
0.00666755
0.0065209
0.00619809
0.00585834
0.00558343
0.00536978
0.00517205
0.00499811
0.00479252
0.00457692
0.00433244
0.00400811
0.003644
0.00328784
0.00299722
0.00285536
0.00299644
0.00361702
0.00496211
0.00726701
0.00672671
0.00657725
0.00626184
0.0059084
0.00560422
0.00537
0.00515801
0.00497827
0.00477138
0.00453821
0.00428057
0.00395627
0.00358144
0.00320668
0.00289283
0.00272646
0.00284212
0.00344213
0.00477362
0.00707289
0.00669515
0.00660811
0.0063331
0.00597619
0.00563214
0.00536859
0.00514481
0.00495977
0.00475868
0.00452415
0.00425564
0.00392122
0.00352944
0.00313019
0.00278134
0.00257262
0.00264337
0.00320041
0.00449072
0.00675175
0.00682495
0.0066773
0.00634328
0.00596352
0.00563242
0.00535043
0.00509693
0.00490734
0.00473498
0.00453466
0.00427708
0.0039479
0.00356615
0.00317807
0.00282524
0.00258361
0.00259096
0.00305195
0.00422551
0.00635325
0.00676837
0.00669926
0.00636322
0.0060918
0.0057767
0.00538615
0.00500882
0.00478141
0.00457929
0.00438109
0.00409714
0.00376139
0.00337773
0.00302507
0.0027593
0.00266325
0.00281315
0.00337386
0.00458561
0.00671515
0.00692544
0.00669367
0.00639494
0.00603487
0.00567199
0.00538759
0.00516706
0.0050393
0.00489272
0.00466924
0.00434186
0.00395302
0.00347882
0.00291132
0.00229259
0.00173842
0.0014295
0.00160247
0.0025305
0.00445033
0.00717192
0.00664223
0.0062307
0.00586206
0.00557778
0.00519166
0.00484301
0.00468279
0.00452803
0.00425626
0.00393113
0.00364231
0.00357898
0.00385017
0.00449527
0.00542645
0.00646212
0.0073008
0.00757497
0.00695395
0.0071716
0.00667683
0.00625885
0.00598094
0.0058498
0.00576486
0.00557916
0.00537264
0.00510797
0.00470016
0.00417791
0.00352902
0.00276563
0.00192101
0.00105514
0.000265883
-0.00028128
-0.000356654
0.000315947
0.00198281
0.00734277
0.00665396
0.00620119
0.00590249
0.00573265
0.00544175
0.0051139
0.00467654
0.00433248
0.00413453
0.00390794
0.00357928
0.00329828
0.00319974
0.003408
0.00393669
0.00468292
0.00535127
0.00554549
0.00490089
0.00734386
0.00663469
0.00618015
0.00599092
0.00604789
0.00613952
0.0060876
0.00592814
0.00559364
0.00495578
0.00404046
0.00283731
0.00137651
-0.000197567
-0.0016612
-0.00281186
-0.00349268
-0.00352836
-0.00269897
-0.000808705
0.0119292
0.00276027
-0.000313392
0.00156398
0.00397893
0.00606274
0.00789034
0.00947113
0.0107912
0.0121327
0.0138513
0.015637
0.016973
0.0181308
0.0193542
0.0204429
0.0217742
0.0235738
0.0252762
0.0268909
0.0286409
0.0302344
0.0317715
0.033515
0.0354472
0.0373349
0.0392354
0.0413719
0.0436471
0.0458723
0.0480877
0.0504859
0.0529775
0.0555769
0.0582321
0.0610024
0.0638419
0.0668096
0.069887
0.0730406
0.0763391
0.0796535
0.0831773
0.0867489
0.0904781
0.0943475
0.0982577
0.102397
0.106327
0.110459
0.0117854
0.002818
-0.000273827
0.00157913
0.00398647
0.0060674
0.00789394
0.00947432
0.010794
0.012135
0.0138531
0.0156387
0.0169746
0.0181321
0.0193554
0.020444
0.0217752
0.0235747
0.0252771
0.0268916
0.0286415
0.030235
0.0317721
0.0335154
0.0354477
0.0373353
0.0392358
0.0413722
0.0436474
0.0458726
0.0480879
0.0504861
0.0529777
0.0555771
0.0582322
0.0610026
0.063842
0.0668098
0.0698872
0.0730407
0.0763393
0.0796536
0.0831774
0.086749
0.0904782
0.0943476
0.0982578
0.102397
0.106327
0.110459
0.0115768
0.00290745
-0.000209119
0.00160006
0.00399605
0.00607286
0.00789756
0.00947725
0.0107965
0.012137
0.0138549
0.0156403
0.0169761
0.0181333
0.0193565
0.0204449
0.0217759
0.0235755
0.0252779
0.0268923
0.0286422
0.0302356
0.0317725
0.0335158
0.035448
0.0373357
0.0392361
0.0413724
0.0436477
0.0458728
0.0480881
0.0504863
0.0529779
0.0555773
0.0582324
0.0610027
0.0638422
0.0668099
0.0698873
0.0730408
0.0763394
0.0796537
0.0831775
0.0867491
0.0904783
0.0943476
0.0982579
0.102397
0.106327
0.11046
0.0113845
0.0030324
-0.000110448
0.00163334
0.00401097
0.00608097
0.00790214
0.0094804
0.0107991
0.0121393
0.0138568
0.0156421
0.0169777
0.0181346
0.0193576
0.0204458
0.0217766
0.0235764
0.0252787
0.0268929
0.0286428
0.0302362
0.031773
0.0335162
0.0354484
0.037336
0.0392364
0.0413727
0.0436479
0.045873
0.0480883
0.0504865
0.0529781
0.0555775
0.0582326
0.0610029
0.0638423
0.06681
0.0698874
0.073041
0.0763395
0.0796538
0.0831776
0.0867491
0.0904784
0.0943477
0.0982579
0.102397
0.106327
0.11046
0.0112143
0.00318285
1.67182e-05
0.00167961
0.00403263
0.00609306
0.0079086
0.00948426
0.0108022
0.0121421
0.0138591
0.0156441
0.0169794
0.018136
0.0193589
0.0204468
0.0217773
0.0235773
0.0252796
0.0268936
0.0286436
0.0302369
0.0317735
0.0335166
0.0354488
0.0373364
0.0392367
0.041373
0.0436482
0.0458733
0.0480885
0.0504867
0.0529783
0.0555777
0.0582328
0.061003
0.0638425
0.0668102
0.0698875
0.0730411
0.0763396
0.0796539
0.0831777
0.0867492
0.0904784
0.0943478
0.098258
0.102397
0.106327
0.11046
0.0110494
0.00334507
0.000160345
0.00173463
0.00405971
0.00610902
0.00791732
0.00948927
0.0108061
0.0121455
0.0138618
0.0156462
0.0169811
0.0181375
0.0193604
0.0204479
0.0217781
0.0235783
0.0252806
0.0268943
0.0286445
0.0302376
0.031774
0.0335171
0.0354493
0.0373368
0.039237
0.0413733
0.0436485
0.0458736
0.0480888
0.0504869
0.0529785
0.0555778
0.0582329
0.0610032
0.0638426
0.0668103
0.0698877
0.0730412
0.0763397
0.079654
0.0831778
0.0867493
0.0904785
0.0943479
0.0982581
0.102398
0.106328
0.11046
0.0108808
0.00351231
0.000313657
0.00179466
0.00409002
0.00612773
0.00792808
0.00949566
0.010811
0.0121498
0.0138648
0.0156481
0.0169828
0.0181391
0.019362
0.0204493
0.0217791
0.0235795
0.0252816
0.0268951
0.0286454
0.0302385
0.0317746
0.0335177
0.0354499
0.0373373
0.0392374
0.0413736
0.0436489
0.0458739
0.048089
0.0504872
0.0529787
0.055578
0.0582331
0.0610034
0.0638428
0.0668105
0.0698878
0.0730413
0.0763398
0.0796541
0.0831779
0.0867494
0.0904786
0.094348
0.0982582
0.102398
0.106328
0.11046
0.0107081
0.00368316
0.0004746
0.00185799
0.00412203
0.00614811
0.00794035
0.00950338
0.010817
0.0121549
0.013868
0.0156498
0.016984
0.0181404
0.0193637
0.020451
0.0217805
0.023581
0.0252827
0.0268957
0.0286464
0.0302395
0.0317754
0.0335183
0.0354505
0.0373379
0.0392378
0.041374
0.0436493
0.0458743
0.0480893
0.0504874
0.052979
0.0555783
0.0582333
0.0610036
0.063843
0.0668107
0.069888
0.0730415
0.07634
0.0796542
0.083178
0.0867495
0.0904787
0.0943481
0.0982583
0.102398
0.106328
0.110461
0.0105336
0.00385759
0.000642901
0.00192408
0.00415503
0.00616951
0.00795365
0.00951214
0.010824
0.0121606
0.0138714
0.015651
0.0169847
0.0181413
0.0193652
0.0204528
0.0217826
0.0235831
0.025284
0.0268963
0.0286474
0.0302405
0.0317762
0.0335191
0.0354513
0.0373386
0.0392383
0.0413745
0.0436498
0.0458747
0.0480896
0.0504877
0.0529792
0.0555785
0.0582336
0.0610038
0.0638432
0.0668108
0.0698882
0.0730417
0.0763402
0.0796544
0.0831781
0.0867497
0.0904788
0.0943482
0.0982584
0.102398
0.106328
0.110461
0.0103592
0.00403515
0.000818602
0.00199297
0.00418874
0.00619168
0.00796772
0.0095217
0.0108318
0.0121669
0.0138746
0.0156517
0.0169847
0.0181416
0.0193662
0.0204547
0.0217852
0.0235861
0.0252857
0.0268968
0.0286482
0.0302415
0.031777
0.03352
0.0354522
0.0373393
0.0392389
0.0413751
0.0436504
0.0458752
0.04809
0.050488
0.0529795
0.0555787
0.0582338
0.061004
0.0638434
0.066811
0.0698884
0.0730419
0.0763403
0.0796545
0.0831783
0.0867498
0.0904789
0.0943483
0.0982585
0.102398
0.106329
0.110462
0.010186
0.00421498
0.00100174
0.00206484
0.00422307
0.00621453
0.00798246
0.00953189
0.0108401
0.0121736
0.0138778
0.0156518
0.0169842
0.0181413
0.0193666
0.0204561
0.021788
0.02359
0.0252881
0.0268973
0.0286488
0.0302422
0.0317778
0.033521
0.0354532
0.0373402
0.0392397
0.0413758
0.0436511
0.0458758
0.0480905
0.0504884
0.0529798
0.055579
0.058234
0.0610042
0.0638436
0.0668112
0.0698886
0.0730421
0.0763405
0.0796547
0.0831784
0.08675
0.0904791
0.0943484
0.0982586
0.102398
0.106329
0.110462
0.0100144
0.00439621
0.00119229
0.00213998
0.00425797
0.00623801
0.00799789
0.00954268
0.010849
0.0121806
0.0138807
0.0156514
0.016983
0.0181404
0.0193664
0.0204569
0.0217905
0.0235945
0.0252912
0.0268978
0.0286491
0.0302426
0.0317784
0.0335219
0.0354542
0.0373412
0.0392406
0.0413766
0.0436519
0.0458765
0.0480911
0.0504889
0.0529802
0.0555793
0.0582343
0.0610045
0.0638438
0.0668114
0.0698888
0.0730423
0.0763408
0.0796549
0.0831786
0.0867501
0.0904792
0.0943486
0.0982588
0.102399
0.10633
0.110463
0.00984499
0.00457801
0.00139019
0.00221862
0.00429337
0.00626208
0.00801404
0.00955413
0.0108586
0.0121879
0.0138836
0.0156504
0.0169814
0.018139
0.0193657
0.0204569
0.0217925
0.0235992
0.0252948
0.0268983
0.0286489
0.0302426
0.0317788
0.0335228
0.0354553
0.0373422
0.0392416
0.0413776
0.0436527
0.0458773
0.0480918
0.0504895
0.0529807
0.0555796
0.0582347
0.0610048
0.063844
0.0668116
0.069889
0.0730425
0.076341
0.0796552
0.0831789
0.0867503
0.0904794
0.0943488
0.098259
0.102399
0.106331
0.110464
0.00967814
0.00475958
0.00159525
0.00230107
0.00432921
0.00628667
0.00803098
0.00956632
0.0108688
0.0121958
0.0138863
0.0156487
0.0169791
0.0181372
0.0193646
0.0204564
0.0217935
0.0236032
0.0252987
0.0268987
0.0286482
0.030242
0.0317788
0.0335236
0.0354563
0.0373432
0.0392427
0.0413787
0.0436536
0.0458781
0.0480926
0.0504903
0.0529813
0.05558
0.058235
0.0610051
0.0638443
0.0668118
0.0698892
0.0730427
0.0763412
0.0796554
0.0831791
0.0867506
0.0904796
0.094349
0.0982592
0.102399
0.106332
0.110465
0.00951431
0.00494008
0.00180731
0.00238769
0.00436548
0.00631174
0.00804877
0.00957932
0.0108798
0.0122043
0.0138893
0.0156464
0.0169763
0.0181352
0.0193635
0.0204554
0.0217935
0.0236062
0.0253024
0.0268987
0.0286469
0.0302408
0.0317784
0.0335243
0.0354573
0.0373442
0.0392438
0.0413799
0.0436547
0.0458789
0.0480935
0.0504913
0.052982
0.0555804
0.0582354
0.0610055
0.0638446
0.0668121
0.0698894
0.0730429
0.0763415
0.0796557
0.0831794
0.0867509
0.0904799
0.0943493
0.0982594
0.1024
0.106333
0.110466
0.00935384
0.00511872
0.0020262
0.00247896
0.00440216
0.0063372
0.00806746
0.00959321
0.0108916
0.0122134
0.0138927
0.0156435
0.016973
0.018133
0.0193624
0.0204543
0.0217926
0.0236076
0.0253054
0.0268983
0.0286448
0.0302391
0.0317778
0.0335249
0.0354583
0.0373452
0.0392448
0.0413812
0.0436558
0.0458797
0.0480944
0.0504924
0.0529829
0.0555809
0.0582358
0.0610059
0.063845
0.0668123
0.0698896
0.0730431
0.0763417
0.079656
0.0831797
0.0867512
0.0904802
0.0943496
0.0982597
0.1024
0.106334
0.110468
0.00919705
0.00529473
0.00225176
0.00257541
0.0044393
0.00636294
0.00808706
0.00960801
0.0109043
0.0122232
0.0138964
0.0156403
0.0169691
0.0181307
0.0193616
0.0204533
0.0217913
0.0236073
0.0253074
0.0268975
0.0286418
0.0302368
0.031777
0.0335255
0.0354594
0.0373461
0.0392459
0.0413826
0.043657
0.0458805
0.0480952
0.0504936
0.0529839
0.0555815
0.0582363
0.0610064
0.0638454
0.0668127
0.0698898
0.0730433
0.076342
0.0796563
0.0831801
0.0867516
0.0904806
0.09435
0.0982601
0.1024
0.106335
0.11047
0.00904431
0.00546743
0.00248382
0.0026777
0.00447697
0.00638882
0.00810757
0.00962374
0.0109176
0.0122338
0.0139005
0.0156369
0.0169649
0.0181285
0.0193613
0.020453
0.0217899
0.0236055
0.0253083
0.0268963
0.0286381
0.030234
0.0317762
0.0335261
0.0354606
0.0373471
0.0392469
0.0413839
0.0436583
0.0458812
0.048096
0.0504947
0.0529851
0.0555822
0.0582368
0.0610069
0.0638459
0.066813
0.0698901
0.0730434
0.0763421
0.0796565
0.0831804
0.086752
0.090481
0.0943504
0.0982605
0.102401
0.106337
0.110471
0.00889604
0.00563624
0.0027222
0.00278651
0.0045153
0.00641468
0.00812896
0.00964041
0.0109317
0.012245
0.0139052
0.0156336
0.0169606
0.0181265
0.0193616
0.0204537
0.021789
0.0236025
0.0253083
0.0268948
0.0286338
0.030231
0.0317756
0.033527
0.0354618
0.0373481
0.0392479
0.0413851
0.0436596
0.045882
0.0480967
0.0504959
0.0529864
0.0555829
0.0582372
0.0610074
0.0638465
0.0668135
0.0698903
0.0730436
0.0763423
0.0796568
0.0831808
0.0867524
0.0904814
0.094351
0.098261
0.102402
0.106339
0.110474
0.00875268
0.00580062
0.00296664
0.00290258
0.00455446
0.00644034
0.00815116
0.00965802
0.0109464
0.0122569
0.0139104
0.0156306
0.0169563
0.018125
0.0193628
0.0204559
0.0217893
0.0235991
0.0253076
0.0268895
0.0286293
0.0302279
0.0317755
0.0335282
0.0354631
0.0373493
0.0392491
0.0413863
0.0436608
0.0458827
0.0480974
0.0504969
0.0529878
0.0555837
0.0582377
0.061008
0.063847
0.0668139
0.0698906
0.0730437
0.0763424
0.079657
0.0831811
0.0867528
0.0904819
0.0943515
0.0982615
0.102402
0.106341
0.110476
0.00861473
0.00596009
0.00321677
0.00302665
0.00459472
0.00646564
0.00817408
0.00967657
0.0109617
0.0122695
0.0139161
0.0156282
0.0169523
0.0181241
0.0193647
0.02046
0.0217916
0.0235958
0.0253066
0.0268888
0.0286247
0.0302251
0.0317759
0.0335297
0.0354645
0.0373505
0.0392505
0.0413874
0.0436619
0.0458835
0.0480981
0.0504978
0.052989
0.0555845
0.0582382
0.0610085
0.0638476
0.0668144
0.069891
0.0730439
0.0763425
0.0796571
0.0831815
0.0867532
0.0904824
0.0943521
0.0982621
0.102403
0.106343
0.110478
0.00848263
0.00611418
0.00347214
0.00315945
0.00463639
0.00649039
0.00819763
0.00969609
0.0109777
0.0122827
0.0139225
0.0156265
0.0169488
0.018124
0.0193674
0.0204663
0.0217963
0.0235935
0.0253055
0.0268892
0.0286205
0.0302226
0.0317771
0.0335316
0.0354659
0.0373519
0.0392522
0.0413886
0.0436627
0.0458842
0.048099
0.0504987
0.0529901
0.0555854
0.0582387
0.061009
0.0638483
0.066815
0.0698913
0.0730441
0.0763427
0.0796573
0.0831818
0.0867537
0.090483
0.0943527
0.0982628
0.102404
0.106346
0.110481
0.00835715
0.00626242
0.00373212
0.0033017
0.00467991
0.00651443
0.00822166
0.00971662
0.0109943
0.0122965
0.0139296
0.0156257
0.016946
0.0181245
0.0193709
0.0204747
0.0218037
0.0235926
0.0253047
0.0268903
0.0286168
0.0302206
0.0317791
0.033534
0.0354672
0.0373534
0.0392544
0.0413899
0.0436633
0.0458848
0.0480999
0.0504996
0.0529911
0.0555861
0.0582392
0.0610096
0.0638489
0.0668156
0.0698917
0.0730442
0.0763427
0.0796575
0.0831822
0.0867541
0.0904835
0.0943534
0.0982636
0.102405
0.106348
0.110484
0.00823911
0.00640449
0.00399589
0.00345399
0.00472583
0.00653763
0.00824598
0.00973818
0.0110117
0.0123109
0.0139374
0.0156257
0.0169439
0.0181257
0.019375
0.0204851
0.0218136
0.0235932
0.0253043
0.0268924
0.0286136
0.0302191
0.0317818
0.0335367
0.0354684
0.037355
0.0392571
0.0413915
0.0436636
0.0458854
0.048101
0.0505006
0.0529919
0.0555869
0.0582397
0.0610101
0.0638496
0.0668162
0.0698921
0.0730444
0.0763428
0.0796576
0.0831825
0.0867546
0.0904841
0.0943541
0.0982643
0.102406
0.106351
0.110487
0.00812914
0.00654019
0.00426248
0.00361677
0.00477476
0.00655991
0.00827043
0.00976081
0.0110299
0.0123259
0.0139458
0.0156265
0.0169426
0.0181275
0.0193797
0.0204972
0.021826
0.0235954
0.0253044
0.0268959
0.0286109
0.0302181
0.0317852
0.0335399
0.0354696
0.0373568
0.0392602
0.0413934
0.0436636
0.0458859
0.0481023
0.0505017
0.0529927
0.0555877
0.0582401
0.0610107
0.0638503
0.0668168
0.0698926
0.0730447
0.076343
0.0796578
0.0831829
0.086755
0.0904847
0.0943548
0.0982651
0.102407
0.106354
0.11049
0.00802782
0.00666945
0.00453087
0.00379039
0.00482744
0.00658116
0.0082947
0.00978451
0.011049
0.0123414
0.013955
0.0156279
0.0169419
0.0181299
0.0193849
0.0205107
0.0218402
0.0235988
0.0253049
0.0268999
0.0286087
0.0302174
0.0317891
0.0335433
0.0354707
0.0373586
0.0392639
0.0413956
0.0436635
0.0458863
0.0481037
0.050503
0.0529934
0.0555885
0.0582406
0.0610113
0.063851
0.0668175
0.069893
0.0730449
0.0763431
0.079658
0.0831834
0.0867555
0.0904853
0.0943555
0.098266
0.102409
0.106357
0.110493
0.00793533
0.00679231
0.0047998
0.00397495
0.00488485
0.00660148
0.00831852
0.00980923
0.0110691
0.0123574
0.0139648
0.0156298
0.0169418
0.0181328
0.0193905
0.0205251
0.021856
0.0236033
0.0253057
0.0269033
0.0286068
0.0302169
0.0317934
0.0335471
0.0354719
0.0373606
0.039268
0.0413981
0.0436634
0.0458867
0.0481054
0.0505045
0.0529941
0.0555893
0.0582412
0.061012
0.0638517
0.0668181
0.0698934
0.0730451
0.0763432
0.0796583
0.0831838
0.0867561
0.090486
0.0943563
0.0982669
0.10241
0.10636
0.110497
0.00785189
0.00690912
0.00506793
0.00417017
0.00494793
0.00662099
0.00834163
0.00983492
0.0110902
0.0123742
0.0139753
0.0156322
0.0169423
0.0181361
0.0193965
0.0205402
0.0218728
0.0236084
0.0253067
0.0269065
0.0286051
0.0302166
0.0317979
0.033551
0.0354731
0.0373627
0.0392724
0.0414008
0.0436632
0.045887
0.0481071
0.0505062
0.052995
0.0555903
0.0582418
0.0610127
0.0638525
0.0668188
0.0698939
0.0730453
0.0763434
0.0796585
0.0831843
0.0867566
0.0904867
0.0943571
0.0982678
0.102411
0.106364
0.1105
0.00777812
0.0070204
0.00533391
0.00437577
0.00501798
0.00663995
0.00836359
0.00986135
0.0111125
0.0123916
0.0139863
0.015635
0.0169432
0.0181398
0.019403
0.0205558
0.0218903
0.0236139
0.025308
0.0269096
0.0286036
0.0302165
0.0318027
0.0335552
0.0354744
0.0373648
0.039277
0.0414037
0.0436631
0.0458874
0.0481091
0.050508
0.0529959
0.0555913
0.0582424
0.0610135
0.0638533
0.0668195
0.0698944
0.0730456
0.0763435
0.0796589
0.0831849
0.0867572
0.0904874
0.0943579
0.0982688
0.102413
0.106367
0.110504
0.0077144
0.00712691
0.00559585
0.00459055
0.00509614
0.006659
0.00838434
0.00988846
0.0111358
0.0124097
0.013998
0.0156382
0.0169446
0.0181439
0.0194098
0.0205717
0.0219083
0.0236198
0.0253095
0.0269125
0.0286022
0.0302164
0.0318076
0.0335594
0.0354758
0.0373671
0.0392818
0.0414067
0.0436631
0.0458878
0.0481111
0.0505099
0.052997
0.0555924
0.0582432
0.0610143
0.0638542
0.0668202
0.0698949
0.0730458
0.0763437
0.0796592
0.0831854
0.0867578
0.0904881
0.0943588
0.0982698
0.102414
0.106371
0.110508
0.00766165
0.00723009
0.00585269
0.00481322
0.00518303
0.00667828
0.00840354
0.00991613
0.0111605
0.0124287
0.0140101
0.0156418
0.0169464
0.0181483
0.019417
0.020588
0.0219267
0.0236259
0.025311
0.0269154
0.0286007
0.0302164
0.0318125
0.0335639
0.0354772
0.0373695
0.0392867
0.0414098
0.0436631
0.0458882
0.0481133
0.0505119
0.0529981
0.0555936
0.058244
0.0610151
0.063855
0.066821
0.0698954
0.073046
0.0763439
0.0796596
0.0831861
0.0867584
0.0904889
0.0943597
0.0982708
0.102416
0.106375
0.110512
0.00762201
0.00733117
0.00610364
0.00504364
0.00528022
0.00669826
0.00842045
0.00994364
0.0111863
0.0124487
0.014023
0.015646
0.0169487
0.0181546
0.0194246
0.0206046
0.0219453
0.0236322
0.0253127
0.0269181
0.0285994
0.0302164
0.0318175
0.0335684
0.0354788
0.037372
0.0392917
0.041413
0.0436632
0.0458887
0.0481156
0.050514
0.0529994
0.0555948
0.0582449
0.061016
0.0638559
0.0668217
0.0698959
0.0730462
0.0763441
0.0796601
0.0831867
0.086759
0.0904897
0.0943607
0.0982719
0.102417
0.106379
0.110517
0.0075981
0.00743165
0.00634673
0.00527988
0.00538893
0.00672083
0.00843583
0.00997094
0.011213
0.0124693
0.0140364
0.0156506
0.0169514
0.0181596
0.0194325
0.0206213
0.021964
0.0236387
0.0253145
0.0269208
0.028598
0.0302165
0.0318226
0.033573
0.0354806
0.0373746
0.0392968
0.0414163
0.0436634
0.0458892
0.048118
0.0505161
0.0530008
0.0555961
0.0582459
0.061017
0.0638569
0.0668225
0.0698965
0.0730464
0.0763443
0.0796606
0.0831874
0.0867597
0.0904906
0.0943617
0.0982731
0.102419
0.106383
0.110521
0.00758957
0.00753359
0.00658179
0.00552062
0.00550928
0.00674639
0.0084496
0.0099981
0.0112412
0.0124912
0.0140505
0.0156557
0.0169547
0.0181651
0.0194409
0.0206384
0.0219829
0.0236453
0.0253165
0.0269234
0.0285967
0.0302167
0.0318277
0.0335777
0.0354824
0.0373773
0.039302
0.0414197
0.0436637
0.0458898
0.0481205
0.0505184
0.0530022
0.0555975
0.0582469
0.061018
0.0638579
0.0668234
0.069897
0.0730466
0.0763445
0.079661
0.0831881
0.0867604
0.0904915
0.0943628
0.0982743
0.102421
0.106387
0.110526
0.00759133
0.00763699
0.00680857
0.00576477
0.00564132
0.00677489
0.00846067
0.010024
0.0112705
0.0125145
0.0140655
0.0156615
0.0169584
0.0181709
0.0194497
0.0206557
0.022002
0.0236523
0.0253186
0.0269261
0.0285955
0.030217
0.0318328
0.0335826
0.0354844
0.0373802
0.0393073
0.0414232
0.0436641
0.0458905
0.0481231
0.0505207
0.0530037
0.0555989
0.058248
0.061019
0.0638589
0.0668242
0.0698976
0.0730468
0.0763448
0.0796616
0.0831889
0.0867611
0.0904924
0.0943638
0.0982756
0.102422
0.106391
0.11053
0.00760325
0.00774285
0.00702491
0.0060096
0.00578604
0.00680898
0.00847019
0.0100479
0.0112997
0.0125382
0.014081
0.0156678
0.0169626
0.018177
0.0194589
0.0206731
0.022021
0.0236594
0.0253209
0.0269287
0.0285944
0.0302173
0.0318379
0.0335875
0.0354864
0.0373832
0.0393126
0.0414268
0.0436645
0.0458912
0.0481258
0.0505231
0.0530053
0.0556003
0.0582491
0.0610201
0.0638599
0.0668251
0.0698982
0.0730471
0.0763451
0.0796621
0.0831897
0.0867619
0.0904934
0.094365
0.0982769
0.102424
0.106396
0.110535
0.0076293
0.0078542
0.00723258
0.00625439
0.00594301
0.00684978
0.00847925
0.0100711
0.0113304
0.0125639
0.0140976
0.0156749
0.0169674
0.0181837
0.0194686
0.0206908
0.0220402
0.0236667
0.0253233
0.0269314
0.0285933
0.0302176
0.0318431
0.0335925
0.0354887
0.0373863
0.0393181
0.0414305
0.0436651
0.045892
0.0481285
0.0505256
0.0530069
0.0556018
0.0582503
0.0610212
0.063861
0.066826
0.0698989
0.0730473
0.0763453
0.0796627
0.0831906
0.0867626
0.0904944
0.0943662
0.0982783
0.102426
0.1064
0.110541
0.00766458
0.00797173
0.00743214
0.00649676
0.00610996
0.00689753
0.00848749
0.0100924
0.0113614
0.0125909
0.0141155
0.0156828
0.0169726
0.0181908
0.0194786
0.0207088
0.0220595
0.0236744
0.025326
0.0269342
0.0285923
0.0302181
0.0318483
0.0335976
0.035491
0.0373896
0.0393238
0.0414343
0.0436657
0.0458929
0.0481314
0.0505281
0.0530086
0.0556033
0.0582515
0.0610224
0.0638622
0.0668269
0.0698995
0.0730476
0.0763457
0.0796633
0.0831914
0.0867635
0.0904955
0.0943674
0.0982797
0.102428
0.106405
0.110546
0.00770878
0.00809575
0.00762344
0.00673533
0.00628711
0.00695433
0.00849518
0.01011
0.0113907
0.0126178
0.0141337
0.0156915
0.0169786
0.0181983
0.0194891
0.0207269
0.0220788
0.0236824
0.0253287
0.026937
0.0285915
0.0302186
0.0318535
0.0336028
0.0354935
0.037393
0.0393295
0.0414382
0.0436664
0.0458939
0.0481342
0.0505308
0.0530104
0.0556049
0.0582527
0.0610236
0.0638633
0.0668279
0.0699002
0.0730479
0.076346
0.0796639
0.0831923
0.0867643
0.0904966
0.0943687
0.0982813
0.10243
0.10641
0.110552
0.00777072
0.00822867
0.0078098
0.00697044
0.00647348
0.00702148
0.00850474
0.0101267
0.0114208
0.0126471
0.0141539
0.0157015
0.0169854
0.0182064
0.0195002
0.0207454
0.0220981
0.0236905
0.0253316
0.0269398
0.0285908
0.0302192
0.0318588
0.0336081
0.0354962
0.0373965
0.0393353
0.0414422
0.0436673
0.0458949
0.0481372
0.0505335
0.0530122
0.0556065
0.058254
0.0610249
0.0638645
0.0668289
0.0699009
0.0730482
0.0763463
0.0796645
0.0831933
0.0867652
0.0904978
0.09437
0.0982829
0.102433
0.106415
0.110557
0.00784353
0.00836886
0.00798865
0.00719646
0.00666529
0.0071001
0.00851777
0.0101421
0.0114501
0.0126768
0.0141752
0.0157126
0.0169926
0.0182148
0.0195117
0.0207641
0.0221177
0.0236991
0.0253349
0.0269428
0.0285902
0.0302199
0.0318642
0.0336135
0.035499
0.0374002
0.0393413
0.0414463
0.0436682
0.045896
0.0481402
0.0505363
0.0530141
0.0556082
0.0582554
0.0610262
0.0638658
0.06683
0.0699017
0.0730485
0.0763467
0.0796652
0.0831943
0.0867662
0.090499
0.0943714
0.0982846
0.102435
0.10642
0.110563
0.00792998
0.00851547
0.0081608
0.00741405
0.00686153
0.007189
0.00853217
0.0101534
0.011476
0.0127057
0.0141971
0.0157247
0.0170009
0.0182238
0.0195236
0.020783
0.0221372
0.0237079
0.0253381
0.0269458
0.0285897
0.0302206
0.0318695
0.033619
0.0355019
0.0374041
0.0393473
0.0414505
0.0436692
0.0458972
0.0481432
0.0505391
0.0530161
0.05561
0.0582568
0.0610276
0.0638671
0.066831
0.0699024
0.0730488
0.0763471
0.0796659
0.0831953
0.0867671
0.0905003
0.0943729
0.0982863
0.102437
0.106426
0.11057
0.0080521
0.00867609
0.00833514
0.0076264
0.00706102
0.00728857
0.00855118
0.0101643
0.0115019
0.0127364
0.0142214
0.0157391
0.0170105
0.0182335
0.0195359
0.0208021
0.0221569
0.023717
0.0253417
0.0269489
0.0285895
0.0302216
0.031875
0.0336246
0.035505
0.0374081
0.0393535
0.0414549
0.0436704
0.0458985
0.0481464
0.0505421
0.0530182
0.0556118
0.0582582
0.061029
0.0638684
0.0668322
0.0699032
0.0730492
0.0763476
0.0796666
0.0831964
0.0867682
0.0905016
0.0943744
0.0982882
0.10244
0.106431
0.110576
0.00819679
0.00884717
0.00850854
0.00782942
0.00726243
0.00740189
0.00857886
0.0101769
0.0115266
0.0127661
0.014246
0.015754
0.0170205
0.0182436
0.0195489
0.0208217
0.0221768
0.0237266
0.0253456
0.0269521
0.0285894
0.0302225
0.0318804
0.0336303
0.0355083
0.0374122
0.0393598
0.0414593
0.0436717
0.0458999
0.0481496
0.0505451
0.0530203
0.0556137
0.0582597
0.0610305
0.0638698
0.0668333
0.0699041
0.0730496
0.076348
0.0796674
0.0831975
0.0867692
0.090503
0.094376
0.0982901
0.102443
0.106437
0.110583
0.00833599
0.00901996
0.00868116
0.00802559
0.00746416
0.00752423
0.00861068
0.0101866
0.0115473
0.0127937
0.0142712
0.0157713
0.0170325
0.0182547
0.0195623
0.0208413
0.0221966
0.0237363
0.0253496
0.0269553
0.0285894
0.0302235
0.0318859
0.0336361
0.0355118
0.0374165
0.0393661
0.0414639
0.0436732
0.0459014
0.0481529
0.0505483
0.0530226
0.0556157
0.0582613
0.061032
0.0638713
0.0668345
0.069905
0.0730501
0.0763485
0.0796682
0.0831987
0.0867703
0.0905045
0.0943777
0.0982922
0.102445
0.106443
0.110589
0.00846901
0.00919617
0.00885676
0.00821416
0.00766101
0.0076522
0.00864843
0.010198
0.0115679
0.0128216
0.014298
0.0157908
0.017046
0.0182664
0.019576
0.020861
0.0222166
0.0237466
0.025354
0.0269587
0.0285898
0.0302248
0.0318915
0.033642
0.0355155
0.0374209
0.0393726
0.0414686
0.0436748
0.045903
0.0481562
0.0505515
0.0530249
0.0556177
0.058263
0.0610336
0.0638728
0.0668358
0.0699059
0.0730505
0.0763491
0.079669
0.0831999
0.0867715
0.090506
0.0943795
0.0982943
0.102448
0.106449
0.110597
0.00859657
0.00937348
0.00903397
0.00839555
0.00785453
0.00778989
0.00869695
0.010214
0.0115884
0.0128475
0.0143241
0.0158113
0.0170606
0.018279
0.0195905
0.0208812
0.0222369
0.0237572
0.0253587
0.0269623
0.0285903
0.0302263
0.0318971
0.033648
0.0355193
0.0374255
0.0393792
0.0414734
0.0436765
0.0459047
0.0481597
0.0505548
0.0530273
0.0556198
0.0582647
0.0610353
0.0638743
0.0668371
0.0699068
0.073051
0.0763497
0.0796699
0.0832012
0.0867727
0.0905077
0.0943813
0.0982966
0.102451
0.106455
0.110604
0.00871802
0.00954938
0.00921506
0.00857579
0.00804795
0.00793474
0.00875264
0.0102312
0.0116067
0.0128709
0.0143498
0.0158341
0.017078
0.0182931
0.0196057
0.0209014
0.0222569
0.023768
0.0253637
0.026966
0.0285911
0.0302278
0.0319028
0.0336541
0.0355233
0.0374303
0.039386
0.0414784
0.0436784
0.0459066
0.0481633
0.0505583
0.0530298
0.055622
0.0582665
0.061037
0.0638759
0.0668384
0.0699078
0.0730516
0.0763503
0.0796708
0.0832025
0.086774
0.0905094
0.0943832
0.0982989
0.102455
0.106461
0.110611
0.00883911
0.00972736
0.00940352
0.00875501
0.00823605
0.00808161
0.00881408
0.0102517
0.0116262
0.0128937
0.0143752
0.0158584
0.0170969
0.018308
0.0196211
0.0209217
0.0222772
0.0237794
0.025369
0.0269699
0.0285921
0.0302296
0.0319085
0.0336604
0.0355276
0.0374353
0.0393928
0.0414835
0.0436805
0.0459086
0.0481669
0.0505618
0.0530324
0.0556243
0.0582683
0.0610388
0.0638776
0.0668398
0.0699089
0.0730522
0.076351
0.0796717
0.0832039
0.0867753
0.0905111
0.0943852
0.0983014
0.102458
0.106467
0.110619
0.00896263
0.00990729
0.00959466
0.00892963
0.00841826
0.00823174
0.00888359
0.0102774
0.0116475
0.0129151
0.0143985
0.015883
0.0171178
0.0183245
0.0196376
0.0209426
0.0222976
0.023791
0.0253747
0.026974
0.0285935
0.0302316
0.0319143
0.0336667
0.035532
0.0374404
0.0393997
0.0414888
0.0436828
0.0459107
0.0481706
0.0505654
0.0530352
0.0556266
0.0582703
0.0610407
0.0638793
0.0668413
0.06991
0.0730528
0.0763517
0.0796727
0.0832053
0.0867767
0.090513
0.0943872
0.098304
0.102461
0.106474
0.110627
0.00909149
0.0100865
0.00978577
0.00910277
0.00859739
0.00838548
0.00895999
0.0103071
0.0116701
0.012935
0.0144199
0.0159088
0.0171415
0.018343
0.019655
0.0209634
0.0223179
0.0238031
0.0253809
0.0269784
0.0285951
0.0302337
0.0319201
0.0336732
0.0355367
0.0374457
0.0394068
0.0414942
0.0436852
0.045913
0.0481745
0.0505691
0.053038
0.055629
0.0582723
0.0610427
0.0638811
0.0668428
0.0699111
0.0730534
0.0763525
0.0796738
0.0832068
0.0867782
0.090515
0.0943894
0.0983067
0.102465
0.10648
0.110636
0.00922569
0.0102636
0.00997731
0.00927582
0.00877321
0.00854128
0.00904181
0.0103406
0.0116953
0.0129552
0.01444
0.0159349
0.0171669
0.0183629
0.0196731
0.0209846
0.0223385
0.0238156
0.0253873
0.0269829
0.028597
0.0302361
0.0319261
0.0336798
0.0355415
0.0374512
0.039414
0.0414997
0.0436879
0.0459155
0.0481784
0.050573
0.0530409
0.0556315
0.0582744
0.0610447
0.063883
0.0668444
0.0699123
0.0730541
0.0763533
0.0796748
0.0832084
0.0867797
0.090517
0.0943917
0.0983095
0.102469
0.106487
0.110644
0.00935895
0.0104386
0.0101688
0.00944908
0.00894576
0.00869824
0.00912851
0.0103783
0.0117238
0.0129761
0.0144581
0.0159602
0.0171938
0.0183848
0.0196926
0.0210063
0.022359
0.0238283
0.0253942
0.0269878
0.0285994
0.0302388
0.031932
0.0336865
0.0355466
0.0374569
0.0394213
0.0415054
0.0436908
0.0459181
0.0481824
0.0505769
0.0530439
0.0556341
0.0582766
0.0610468
0.0638849
0.066846
0.0699136
0.0730549
0.0763542
0.079676
0.0832101
0.0867813
0.0905191
0.0943941
0.0983124
0.102473
0.106494
0.110653
0.00949406
0.0106136
0.0103606
0.00962242
0.0091137
0.00885513
0.00922007
0.0104201
0.0117559
0.0129982
0.0144742
0.0159846
0.0172228
0.0184089
0.0197132
0.0210283
0.0223798
0.0238416
0.0254016
0.0269929
0.028602
0.0302416
0.0319382
0.0336934
0.035552
0.0374627
0.0394288
0.0415112
0.0436938
0.0459209
0.0481866
0.050581
0.0530471
0.0556368
0.0582789
0.061049
0.0638869
0.0668477
0.0699149
0.0730557
0.0763552
0.0796772
0.0832118
0.086783
0.0905214
0.0943965
0.0983155
0.102477
0.106501
0.110662
0.00962968
0.0107874
0.0105496
0.00979324
0.00927771
0.00901376
0.00931736
0.0104651
0.0117909
0.0130219
0.0144892
0.0160082
0.0172528
0.0184346
0.0197351
0.0210511
0.0224008
0.0238551
0.0254093
0.0269982
0.028605
0.0302448
0.0319444
0.0337004
0.0355575
0.0374688
0.0394363
0.0415173
0.0436971
0.0459238
0.0481908
0.0505851
0.0530504
0.0556396
0.0582812
0.0610512
0.0638889
0.0668494
0.0699163
0.0730566
0.0763562
0.0796784
0.0832136
0.0867848
0.0905238
0.0943991
0.0983187
0.102481
0.106508
0.110671
0.00975852
0.0109589
0.010736
0.00996472
0.00943972
0.0091725
0.00941822
0.0105123
0.0118291
0.0130491
0.0145036
0.0160301
0.0172835
0.0184625
0.0197587
0.0210746
0.022422
0.023869
0.0254174
0.027004
0.0286084
0.0302482
0.0319507
0.0337076
0.0355634
0.0374751
0.039444
0.0415235
0.0437006
0.045927
0.0481952
0.0505894
0.0530538
0.0556425
0.0582837
0.0610536
0.0638911
0.0668512
0.0699177
0.0730575
0.0763573
0.0796797
0.0832156
0.0867866
0.0905262
0.0944018
0.098322
0.102485
0.106516
0.110681
0.00988323
0.0111298
0.0109206
0.0101351
0.00959687
0.00932995
0.00952377
0.0105628
0.0118707
0.0130795
0.0145175
0.0160502
0.0173149
0.0184921
0.0197836
0.0210988
0.0224437
0.0238834
0.0254259
0.02701
0.0286122
0.030252
0.0319572
0.033715
0.0355695
0.0374815
0.0394519
0.0415298
0.0437044
0.0459303
0.0481997
0.0505938
0.0530573
0.0556455
0.0582863
0.0610561
0.0638933
0.0668531
0.0699193
0.0730585
0.0763585
0.0796811
0.0832176
0.0867885
0.0905288
0.0944047
0.0983255
0.10249
0.106523
0.110691
0.00999971
0.0112963
0.0111017
0.0103047
0.00975122
0.00948716
0.00963423
0.0106155
0.0119143
0.0131136
0.014532
0.0160687
0.0173463
0.0185232
0.01981
0.021124
0.022466
0.0238983
0.0254348
0.0270163
0.0286163
0.0302561
0.0319638
0.0337225
0.0355758
0.0374882
0.0394599
0.0415364
0.0437084
0.0459339
0.0482044
0.0505983
0.0530609
0.0556486
0.058289
0.0610586
0.0638956
0.0668551
0.0699209
0.0730596
0.0763598
0.0796825
0.0832196
0.0867906
0.0905315
0.0944077
0.0983291
0.102495
0.106531
0.110701
0.0101022
0.0114585
0.0112821
0.0104745
0.00990132
0.00964163
0.00974892
0.0106707
0.0119598
0.0131516
0.0145477
0.0160854
0.0173774
0.0185559
0.0198381
0.0211502
0.0224888
0.0239136
0.0254442
0.027023
0.0286209
0.0302604
0.0319705
0.0337302
0.0355825
0.0374952
0.039468
0.0415431
0.0437126
0.0459376
0.0482092
0.050603
0.0530647
0.0556519
0.0582918
0.0610613
0.063898
0.0668571
0.0699225
0.0730607
0.0763612
0.0796841
0.0832218
0.0867927
0.0905343
0.0944108
0.0983328
0.1025
0.106538
0.110711
0.0101947
0.0116165
0.0114597
0.010642
0.0100475
0.00979411
0.00986849
0.0107285
0.0120062
0.0131936
0.0145655
0.0161011
0.0174081
0.0185896
0.0198675
0.0211774
0.0225122
0.0239297
0.0254541
0.02703
0.0286258
0.0302651
0.0319774
0.0337381
0.0355894
0.0375023
0.0394764
0.04155
0.0437171
0.0459416
0.0482141
0.0506078
0.0530687
0.0556553
0.0582947
0.061064
0.0639005
0.0668592
0.0699243
0.0730619
0.0763626
0.0796857
0.0832241
0.0867949
0.0905372
0.0944141
0.0983367
0.102505
0.106546
0.110721
0.0102794
0.0117674
0.0116344
0.0108103
0.0101916
0.00994266
0.00999139
0.0107893
0.0120536
0.0132395
0.014586
0.0161156
0.0174377
0.018624
0.0198983
0.0212057
0.0225365
0.0239465
0.0254646
0.0270373
0.0286311
0.0302701
0.0319846
0.0337462
0.0355966
0.0375098
0.0394849
0.0415572
0.0437219
0.0459459
0.0482192
0.0506127
0.0530728
0.0556588
0.0582978
0.0610669
0.0639031
0.0668615
0.0699262
0.0730632
0.0763642
0.0796874
0.0832265
0.0867973
0.0905403
0.0944175
0.0983407
0.102511
0.106554
0.110732
0.0103599
0.0119119
0.0118069
0.0109782
0.0103316
0.0100862
0.0101184
0.0108542
0.0121009
0.0132884
0.0146095
0.0161295
0.0174666
0.0186593
0.0199304
0.0212351
0.0225616
0.023964
0.0254756
0.0270451
0.0286368
0.0302754
0.0319918
0.0337546
0.035604
0.0375174
0.0394936
0.0415645
0.0437269
0.0459503
0.0482245
0.0506178
0.053077
0.0556625
0.058301
0.0610698
0.0639057
0.0668638
0.0699281
0.0730646
0.0763659
0.0796892
0.083229
0.0867997
0.0905435
0.0944211
0.0983449
0.102517
0.106562
0.110743
0.0104408
0.0120496
0.0119747
0.0111452
0.0104702
0.0102253
0.0102479
0.0109225
0.0121475
0.0133402
0.014637
0.0161438
0.0174944
0.0186946
0.0199635
0.0212656
0.0225874
0.0239823
0.0254875
0.0270534
0.0286429
0.0302809
0.0319992
0.0337632
0.0356119
0.0375253
0.0395024
0.0415721
0.0437322
0.045955
0.0482299
0.050623
0.0530814
0.0556663
0.0583044
0.0610729
0.0639085
0.0668662
0.0699301
0.0730662
0.0763677
0.0796911
0.0832317
0.0868023
0.0905468
0.0944249
0.0983492
0.102523
0.106571
0.110754
0.0105249
0.0121812
0.0121378
0.0113123
0.0106075
0.0103581
0.0103781
0.0109956
0.0121943
0.0133941
0.0146686
0.0161584
0.017521
0.01873
0.0199976
0.0212972
0.0226141
0.0240015
0.0255002
0.0270621
0.0286493
0.0302869
0.0320069
0.0337719
0.03562
0.0375335
0.0395115
0.0415798
0.0437378
0.0459601
0.0482355
0.0506284
0.0530859
0.0556703
0.0583078
0.0610761
0.0639114
0.0668687
0.0699323
0.0730677
0.0763697
0.0796931
0.0832344
0.0868051
0.0905503
0.0944289
0.0983536
0.102529
0.106579
0.110765
0.0106127
0.0123081
0.0122952
0.0114775
0.0107434
0.010485
0.0105088
0.011074
0.0122407
0.0134491
0.0147042
0.0161741
0.017547
0.0187654
0.020032
0.0213298
0.022642
0.0240214
0.0255136
0.0270716
0.0286562
0.030293
0.0320146
0.0337809
0.0356284
0.037542
0.0395208
0.0415878
0.0437436
0.0459653
0.0482414
0.0506339
0.0530906
0.0556744
0.0583115
0.0610795
0.0639144
0.0668713
0.0699345
0.0730695
0.0763718
0.0796952
0.0832373
0.086808
0.0905539
0.094433
0.0983582
0.102535
0.106588
0.110777
0.0107034
0.0124317
0.0124455
0.0116395
0.0108794
0.0106067
0.0106378
0.0111571
0.0122872
0.0135045
0.0147442
0.0161915
0.0175722
0.0188004
0.0200667
0.0213635
0.022671
0.0240421
0.0255278
0.0270818
0.0286636
0.0302994
0.0320225
0.0337902
0.0356372
0.0375508
0.0395304
0.041596
0.0437497
0.0459708
0.0482474
0.0506397
0.0530955
0.0556787
0.0583153
0.061083
0.0639175
0.066874
0.0699369
0.0730713
0.076374
0.0796974
0.0832404
0.0868111
0.0905576
0.0944374
0.098363
0.102542
0.106597
0.110789
0.0107949
0.012552
0.0125885
0.0117977
0.0110158
0.0107231
0.0107636
0.0112452
0.0123345
0.0135595
0.0147885
0.0162109
0.0175965
0.0188356
0.0201018
0.0213976
0.022701
0.0240638
0.0255429
0.0270928
0.0286717
0.0303062
0.0320306
0.0337996
0.0356462
0.0375599
0.0395402
0.0416045
0.0437562
0.0459766
0.0482535
0.0506455
0.0531005
0.0556833
0.0583192
0.0610866
0.0639208
0.0668769
0.0699394
0.0730733
0.0763763
0.0796998
0.0832435
0.0868143
0.0905615
0.0944419
0.098368
0.102549
0.106606
0.1108
0.0108837
0.0126696
0.0127251
0.0119509
0.011152
0.010835
0.0108848
0.0113377
0.0123833
0.013613
0.0148363
0.0162331
0.0176202
0.0188706
0.020137
0.021432
0.0227322
0.0240864
0.0255586
0.0271048
0.0286803
0.0303131
0.0320388
0.0338093
0.0356556
0.0375692
0.0395502
0.0416133
0.0437629
0.0459828
0.0482599
0.0506515
0.0531057
0.055688
0.0583234
0.0610904
0.0639241
0.0668799
0.069942
0.0730754
0.0763789
0.0797023
0.0832468
0.0868177
0.0905656
0.0944467
0.0983731
0.102556
0.106615
0.110813
0.0109697
0.012785
0.0128555
0.0120975
0.0112876
0.0109436
0.0110007
0.0114336
0.0124343
0.0136648
0.0148871
0.0162588
0.0176438
0.0189052
0.0201721
0.0214668
0.0227646
0.0241099
0.0255747
0.0271176
0.02869
0.0303203
0.0320471
0.0338192
0.0356653
0.037579
0.0395605
0.0416222
0.04377
0.0459893
0.0482666
0.0506578
0.0531111
0.0556928
0.0583278
0.0610943
0.0639277
0.0668829
0.0699448
0.0730776
0.0763815
0.079705
0.0832503
0.0868213
0.0905698
0.0944517
0.0983784
0.102564
0.106624
0.110825
0.0110536
0.0128969
0.0129805
0.0122371
0.0114219
0.0110495
0.0111099
0.0115314
0.0124883
0.0137145
0.0149402
0.0162882
0.0176671
0.0189394
0.0202075
0.0215013
0.022798
0.0241348
0.0255912
0.027131
0.0287008
0.0303282
0.0320553
0.0338293
0.0356754
0.0375891
0.0395711
0.0416315
0.0437773
0.045996
0.0482734
0.0506643
0.0531168
0.0556978
0.0583322
0.0610984
0.0639314
0.0668863
0.0699476
0.07308
0.0763844
0.0797078
0.083254
0.086825
0.0905742
0.0944569
0.0983839
0.102571
0.106634
0.110837
0.0111336
0.0130046
0.013101
0.0123691
0.0115534
0.0111536
0.0112124
0.0116299
0.0125459
0.0137621
0.0149943
0.0163218
0.0176908
0.0189731
0.0202433
0.0215354
0.0228317
0.0241611
0.0256086
0.027145
0.0287125
0.0303366
0.0320638
0.0338395
0.0356857
0.0375994
0.0395819
0.0416411
0.0437851
0.0460031
0.0482805
0.0506709
0.0531226
0.0557032
0.0583369
0.0611026
0.0639351
0.0668897
0.0699507
0.0730826
0.0763874
0.0797108
0.0832578
0.086829
0.0905787
0.0944624
0.0983896
0.102579
0.106644
0.11085
0.0112107
0.0131077
0.0132169
0.0124937
0.0116811
0.0112566
0.0113082
0.011727
0.0126074
0.0138083
0.0150481
0.0163594
0.0177157
0.0190059
0.0202793
0.0215694
0.0228655
0.0241887
0.0256267
0.0271595
0.0287254
0.0303457
0.0320723
0.03385
0.0356965
0.0376101
0.039593
0.0416509
0.0437932
0.0460105
0.0482878
0.0506777
0.0531286
0.0557087
0.0583419
0.0611071
0.0639391
0.0668932
0.0699539
0.0730854
0.0763906
0.079714
0.0832617
0.0868332
0.0905835
0.0944681
0.0983955
0.102587
0.106654
0.110863
0.0112866
0.0132055
0.0133282
0.0126112
0.0118037
0.0113589
0.0113975
0.0118206
0.0126729
0.0138535
0.0151005
0.0164009
0.0177423
0.0190378
0.0203155
0.0216035
0.0228994
0.0242173
0.0256454
0.0271743
0.0287395
0.030356
0.0320808
0.0338604
0.0357077
0.0376212
0.0396043
0.041661
0.0438016
0.0460183
0.0482954
0.0506848
0.0531348
0.0557143
0.058347
0.0611118
0.0639433
0.0668969
0.0699572
0.0730883
0.0763941
0.0797174
0.0832659
0.0868376
0.0905884
0.094474
0.0984016
0.102596
0.106664
0.110875
0.0113609
0.013298
0.0134343
0.0127215
0.0119194
0.0114601
0.0114817
0.0119092
0.0127416
0.0138986
0.0151507
0.0164456
0.0177713
0.0190686
0.0203519
0.0216377
0.0229327
0.024247
0.0256653
0.0271889
0.0287543
0.0303678
0.03209
0.0338706
0.0357189
0.0376328
0.039616
0.0416714
0.0438104
0.0460264
0.0483032
0.0506922
0.0531414
0.0557203
0.0583523
0.0611166
0.0639477
0.0669009
0.0699608
0.0730914
0.0763976
0.0797209
0.0832704
0.0868423
0.0905935
0.0944802
0.0984079
0.102604
0.106675
0.110889
0.0114328
0.0133848
0.0135337
0.0128255
0.0120274
0.0115588
0.0115622
0.0119911
0.0128119
0.0139454
0.0151984
0.0164922
0.0178032
0.0190988
0.0203876
0.0216723
0.0229657
0.0242772
0.0256867
0.0272039
0.0287691
0.0303805
0.0321
0.0338813
0.0357306
0.0376444
0.0396277
0.0416821
0.0438197
0.0460349
0.0483113
0.0506998
0.0531481
0.0557265
0.0583579
0.0611217
0.0639522
0.0669049
0.0699645
0.0730949
0.0764015
0.0797246
0.0832749
0.0868472
0.0905989
0.0944867
0.0984145
0.102613
0.106685
0.110902
0.0115013
0.0134656
0.0136256
0.0129232
0.0121274
0.0116537
0.0116401
0.0120657
0.0128821
0.0139946
0.0152431
0.0165396
0.0178386
0.0191287
0.0204223
0.0217072
0.0229986
0.0243074
0.0257091
0.0272198
0.0287845
0.0303941
0.0321104
0.033892
0.0357429
0.0376569
0.0396395
0.0416928
0.0438292
0.0460438
0.0483197
0.0507078
0.0531551
0.055733
0.0583637
0.061127
0.0639569
0.0669092
0.0699684
0.0730984
0.0764056
0.0797287
0.0832797
0.0868522
0.0906043
0.0944934
0.0984214
0.102622
0.106696
0.110915
0.0115653
0.0135414
0.013709
0.0130131
0.0122193
0.0117434
0.0117164
0.0121336
0.0129492
0.0140461
0.0152857
0.0165865
0.0178778
0.019159
0.0204557
0.0217421
0.0230311
0.0243374
0.0257325
0.0272363
0.0288002
0.0304092
0.032122
0.0339022
0.0357548
0.0376701
0.0396521
0.0417039
0.043839
0.0460528
0.0483283
0.050716
0.0531625
0.0557397
0.0583698
0.0611325
0.063962
0.0669137
0.0699725
0.0731021
0.0764097
0.0797328
0.0832849
0.0868577
0.0906101
0.0945003
0.0984284
0.102631
0.106707
0.110928
0.0116232
0.0136124
0.0137843
0.0130942
0.012303
0.0118253
0.0117906
0.0121964
0.0130114
0.0140999
0.0153273
0.0166314
0.01792
0.0191908
0.0204877
0.0217766
0.0230635
0.0243668
0.0257565
0.0272541
0.0288159
0.0304247
0.0321355
0.0339134
0.0357664
0.0376829
0.0396647
0.0417157
0.0438497
0.0460623
0.048337
0.0507244
0.05317
0.0557467
0.0583762
0.0611382
0.0639672
0.0669183
0.0699769
0.0731062
0.0764143
0.0797371
0.08329
0.0868634
0.0906161
0.0945076
0.0984357
0.102641
0.106719
0.110942
0.011673
0.0136768
0.0138522
0.0131665
0.0123784
0.0118978
0.0118607
0.0122556
0.0130674
0.0141549
0.0153692
0.0166734
0.017964
0.0192245
0.0205187
0.0218105
0.023096
0.0243958
0.0257804
0.0272729
0.0288325
0.0304404
0.0321499
0.0339257
0.0357787
0.0376963
0.039677
0.0417268
0.0438607
0.0460727
0.0483465
0.0507334
0.0531778
0.0557538
0.0583826
0.0611442
0.0639727
0.0669232
0.0699814
0.0731105
0.0764191
0.0797419
0.0832956
0.0868692
0.0906222
0.0945151
0.0984434
0.102651
0.10673
0.110956
0.0117136
0.0137324
0.013912
0.0132285
0.0124458
0.0119614
0.0119246
0.0123121
0.0131167
0.0142089
0.0154126
0.0167125
0.018009
0.0192604
0.0205483
0.0218436
0.0231288
0.0244244
0.0258039
0.0272921
0.0288495
0.0304567
0.0321656
0.0339386
0.0357907
0.0377103
0.0396906
0.0417383
0.043871
0.0460827
0.0483562
0.0507429
0.0531864
0.0557616
0.0583894
0.0611503
0.0639783
0.0669283
0.0699863
0.0731151
0.0764242
0.0797468
0.0833015
0.0868756
0.0906287
0.0945228
0.0984512
0.102661
0.106742
0.110969
0.0117462
0.0137788
0.0139633
0.0132781
0.0125032
0.012017
0.0119804
0.0123659
0.01316
0.0142597
0.0154584
0.0167492
0.0180533
0.0192988
0.020577
0.0218744
0.0231613
0.0244537
0.0258276
0.0273123
0.0288673
0.0304724
0.0321822
0.0339535
0.0358029
0.0377234
0.0397043
0.041751
0.0438827
0.046093
0.0483656
0.0507522
0.053195
0.0557697
0.0583969
0.0611571
0.0639843
0.0669335
0.0699912
0.0731199
0.0764294
0.079752
0.0833075
0.0868821
0.0906355
0.0945309
0.0984593
0.102671
0.106754
0.110983
0.0117699
0.0138139
0.0140062
0.0133164
0.0125474
0.0120635
0.0120271
0.0124168
0.0131984
0.0143046
0.0155063
0.0167852
0.0180959
0.0193398
0.0206056
0.0219026
0.0231921
0.0244824
0.0258511
0.0273333
0.0288872
0.0304889
0.0321985
0.0339694
0.0358161
0.0377367
0.0397178
0.0417631
0.0438943
0.0461046
0.0483763
0.0507619
0.0532036
0.0557776
0.0584041
0.061164
0.0639909
0.0669393
0.0699967
0.073125
0.0764349
0.0797574
0.0833139
0.0868889
0.0906424
0.0945393
0.0984679
0.102681
0.106766
0.110997
0.0117828
0.0138339
0.0140369
0.0133448
0.0125777
0.012099
0.0120635
0.0124643
0.0132354
0.0143426
0.0155535
0.0168208
0.0181357
0.0193827
0.0206352
0.0219289
0.0232219
0.0245107
0.0258736
0.0273538
0.0289081
0.0305068
0.0322161
0.0339867
0.0358295
0.0377493
0.0397319
0.0417765
0.0439057
0.0461155
0.0483873
0.0507728
0.0532134
0.0557863
0.0584115
0.0611707
0.0639971
0.066945
0.0700026
0.0731307
0.076441
0.0797633
0.0833205
0.086896
0.0906496
0.0945479
0.0984765
0.102692
0.106779
0.111011
0.0117869
0.0138395
0.014051
0.0133608
0.0125934
0.0121222
0.0120869
0.0125033
0.0132735
0.0143776
0.0156002
0.0168567
0.0181709
0.0194248
0.0206654
0.0219525
0.0232496
0.0245399
0.0258967
0.0273738
0.0289299
0.0305251
0.0322333
0.0340058
0.0358453
0.0377616
0.0397449
0.04179
0.0439181
0.0461269
0.0483981
0.0507833
0.0532233
0.0557958
0.05842
0.0611785
0.064004
0.0669507
0.0700081
0.0731362
0.0764471
0.0797695
0.0833277
0.0869037
0.0906572
0.0945568
0.0984855
0.102703
0.106791
0.111025
0.0117801
0.0138309
0.0140472
0.0133635
0.0125952
0.0121338
0.0120991
0.0125295
0.0133076
0.0144086
0.0156465
0.0168974
0.0182047
0.0194653
0.0206959
0.0219726
0.0232732
0.024568
0.0259203
0.027394
0.0289531
0.0305458
0.0322505
0.0340242
0.0358621
0.0377751
0.0397584
0.0418039
0.0439302
0.0461385
0.0484099
0.0507945
0.0532332
0.0558048
0.0584282
0.0611865
0.0640117
0.0669575
0.0700147
0.0731423
0.0764533
0.0797757
0.0833347
0.0869114
0.0906651
0.0945662
0.0984949
0.102714
0.106804
0.11104
0.011755
0.0138047
0.0140211
0.013348
0.0125807
0.012132
0.012104
0.0125468
0.013338
0.0144333
0.015685
0.0169391
0.0182385
0.0195054
0.0207291
0.0219924
0.0232934
0.0245947
0.0259435
0.0274124
0.0289758
0.0305681
0.032269
0.0340435
0.0358798
0.0377881
0.0397711
0.0418189
0.0439442
0.0461504
0.0484215
0.0508063
0.0532442
0.0558146
0.0584365
0.0611942
0.0640187
0.0669639
0.0700215
0.0731492
0.0764605
0.0797829
0.0833425
0.0869195
0.0906731
0.0945756
0.0985045
0.102725
0.106817
0.111054
0.0117083
0.0137591
0.0139715
0.0133106
0.0125473
0.0121117
0.012099
0.0125571
0.013369
0.0144595
0.015718
0.0169769
0.0182655
0.0195381
0.0207615
0.0220128
0.0233125
0.0246222
0.0259701
0.0274317
0.028998
0.0305919
0.0322872
0.0340613
0.0358988
0.0378027
0.0397828
0.0418324
0.043958
0.0461635
0.0484342
0.0508185
0.0532556
0.0558251
0.0584458
0.061203
0.0640266
0.0669704
0.070028
0.0731553
0.0764672
0.0797898
0.0833505
0.0869283
0.0906818
0.0945856
0.0985146
0.102736
0.106831
0.111069
0.0116326
0.0136867
0.013894
0.0132464
0.0124949
0.0120734
0.0120819
0.0125584
0.0133982
0.0144911
0.0157532
0.0170193
0.0182927
0.0195619
0.0207857
0.0220268
0.0233254
0.0246463
0.0259984
0.0274539
0.0290218
0.0306191
0.0323088
0.0340791
0.0359174
0.0378183
0.0397953
0.0418465
0.0439721
0.0461761
0.0484465
0.0508314
0.0532679
0.0558359
0.0584553
0.0612122
0.0640352
0.066978
0.0700358
0.0731626
0.0764744
0.0797969
0.0833579
0.0869363
0.0906897
0.0945949
0.0985241
0.102747
0.106844
0.111082
0.0115249
0.0135826
0.0137809
0.0131427
0.0124136
0.0120139
0.0120528
0.0125529
0.0134227
0.0145239
0.0157853
0.0170613
0.0183241
0.0195863
0.02081
0.0220398
0.0233337
0.0246648
0.0260239
0.0274739
0.029042
0.0306457
0.0323314
0.034097
0.035937
0.0378352
0.0398078
0.0418602
0.0439878
0.046191
0.0484598
0.0508443
0.0532808
0.0558477
0.0584657
0.0612221
0.0640443
0.0669859
0.0700442
0.073171
0.0764836
0.0798065
0.0833685
0.0869474
0.0907005
0.0946068
0.098536
0.10276
0.106858
0.111099
0.0113942
0.0134471
0.0136341
0.0129994
0.012299
0.0119296
0.012008
0.0125418
0.0134456
0.0145614
0.0158169
0.0170972
0.0183498
0.0196024
0.0208308
0.0220564
0.0233469
0.024686
0.0260526
0.0274978
0.0290621
0.0306706
0.0323523
0.03411
0.0359513
0.0378496
0.039818
0.0418703
0.0439997
0.046203
0.0484709
0.0508556
0.0532918
0.0558571
0.0584738
0.0612301
0.0640515
0.0669922
0.0700506
0.0731768
0.0764892
0.0798123
0.0833746
0.0869544
0.0907075
0.0946153
0.0985448
0.10277
0.10687
0.11111
0.0112336
0.0132684
0.0134448
0.0128156
0.0121519
0.0118237
0.0119485
0.0125236
0.0134627
0.014598
0.0158467
0.0171272
0.0183723
0.0196114
0.0208418
0.0220674
0.023359
0.0247088
0.0260875
0.0275327
0.0290932
0.0307063
0.0323859
0.0341351
0.0359757
0.0378738
0.039838
0.0418893
0.0440205
0.046224
0.0484889
0.0508728
0.0533094
0.0558731
0.058488
0.0612435
0.0640639
0.0670035
0.0700626
0.0731885
0.0765014
0.0798248
0.0833877
0.0869678
0.0907203
0.0946289
0.0985584
0.102784
0.106886
0.111129
0.0110232
0.0130316
0.013201
0.0125914
0.0119816
0.0117107
0.0118891
0.0125101
0.0134805
0.0146309
0.0158642
0.0171325
0.0183695
0.0195969
0.0208326
0.0220647
0.0233583
0.024715
0.0261046
0.0275516
0.0291052
0.0307211
0.0324008
0.0341422
0.0359825
0.0378833
0.0398454
0.0418944
0.044028
0.0462342
0.0484979
0.0508807
0.0533178
0.0558807
0.0584945
0.06125
0.0640696
0.0670085
0.0700677
0.0731931
0.0765062
0.0798303
0.0833937
0.086975
0.0907276
0.0946376
0.0985671
0.102794
0.106897
0.111139
0.0106507
0.0126489
0.012861
0.0123192
0.0118042
0.0116311
0.0118913
0.0125708
0.0135641
0.0147153
0.0159222
0.0171648
0.0183882
0.0196007
0.0208413
0.0220873
0.0233884
0.0247515
0.0261505
0.0276001
0.0291451
0.0307588
0.0324387
0.034172
0.0360075
0.03791
0.0398714
0.0419168
0.0440501
0.0462583
0.0485192
0.0509001
0.053338
0.0558991
0.058511
0.0612654
0.0640839
0.0670219
0.0700817
0.0732064
0.0765196
0.0798436
0.083407
0.0869884
0.0907404
0.094651
0.0985809
0.102808
0.106913
0.111157
0.0100326
0.011906
0.0121562
0.0117576
0.0114256
0.0114255
0.0118179
0.0125743
0.0135846
0.0147255
0.0159066
0.0171274
0.0183493
0.0195612
0.020813
0.0220765
0.0233855
0.0247548
0.0261645
0.0276203
0.0291595
0.0307713
0.0324547
0.0341846
0.036016
0.0379205
0.0398839
0.0419257
0.0440589
0.0462719
0.0485317
0.0509094
0.0533477
0.055909
0.05852
0.0612737
0.0640914
0.0670286
0.0700884
0.0732127
0.0765269
0.0798521
0.0834163
0.0869989
0.0907507
0.0946622
0.0985918
0.10282
0.106926
0.11117
0.0101951
0.011638
0.0117193
0.0114091
0.0112509
0.0114118
0.0119109
0.0126976
0.013678
0.0147731
0.0159159
0.017107
0.0183247
0.0195427
0.02081
0.0220966
0.023416
0.024789
0.0262034
0.0276604
0.0291923
0.0307959
0.0324795
0.0342079
0.0360318
0.037937
0.0399055
0.0419437
0.0440735
0.04629
0.0485497
0.0509252
0.0533635
0.0559242
0.058534
0.0612864
0.0641035
0.0670406
0.0701007
0.073224
0.0765375
0.0798625
0.0834261
0.0870092
0.0907605
0.0946729
0.0986029
0.102832
0.106939
0.111183
0.00784244
0.00980083
0.0105573
0.0108387
0.0111083
0.0115267
0.0121035
0.0128501
0.0137516
0.0147779
0.0158866
0.0170615
0.0182853
0.0195208
0.0208031
0.0221082
0.0234366
0.0248146
0.0262369
0.027697
0.0292265
0.0308247
0.0325092
0.0342407
0.0360575
0.03796
0.0399334
0.0419683
0.0440937
0.0463143
0.0485736
0.050944
0.0533811
0.0559425
0.0585518
0.0613021
0.064118
0.0670542
0.0701139
0.0732364
0.0765513
0.0798777
0.0834421
0.0870261
0.0907769
0.0946893
0.0986186
0.102847
0.106955
0.111202
0.00612934
0.00718599
0.00860364
0.00986635
0.0108584
0.0116201
0.0122754
0.0129827
0.0138012
0.0147449
0.0158091
0.0169669
0.0181988
0.0194627
0.0207703
0.0221014
0.0234439
0.0248255
0.0262511
0.0277102
0.029237
0.0308279
0.0325109
0.0342477
0.0360589
0.0379599
0.0399422
0.0419761
0.0440967
0.0463207
0.0485828
0.0509516
0.0533879
0.05595
0.0585591
0.0613081
0.0641236
0.0670603
0.0701202
0.0732424
0.0765568
0.0798831
0.0834468
0.0870314
0.090782
0.0946953
0.0986254
0.102855
0.106965
0.111209
0.00499896
0.0073537
0.00892381
0.0100456
0.0109305
0.0116907
0.012389
0.0131099
0.0139054
0.0148035
0.0158323
0.0169665
0.0181905
0.0194672
0.0207861
0.0221331
0.0234868
0.0248717
0.0263017
0.0277592
0.0292859
0.0308713
0.0325503
0.0342937
0.0360997
0.0379941
0.0399809
0.0420137
0.0441282
0.0463536
0.0486162
0.0509802
0.0534133
0.0559759
0.0585851
0.061331
0.0641451
0.0670808
0.0701402
0.0732614
0.076577
0.0799047
0.083469
0.0870543
0.0908039
0.0947166
0.0986455
0.102874
0.106984
0.111232
0.00410422
0.00546652
0.00728525
0.00901644
0.0104385
0.0115202
0.0123669
0.0131317
0.0139178
0.0147844
0.0157897
0.0169103
0.0181238
0.0194103
0.0207412
0.0221069
0.0234775
0.024867
0.0263035
0.0277604
0.0292888
0.0308721
0.0325447
0.0342951
0.0360999
0.0379893
0.0399836
0.0420179
0.0441281
0.0463545
0.0486201
0.0509841
0.0534157
0.0559789
0.058589
0.0613339
0.0641477
0.0670841
0.0701436
0.0732645
0.0765798
0.0799076
0.0834713
0.0870571
0.0908067
0.09472
0.0986496
0.102879
0.10699
0.111236
0.00273267
0.00571308
0.0078069
0.00935472
0.0105568
0.0115337
0.0123774
0.0131648
0.0139611
0.0148255
0.0158244
0.0169429
0.0181483
0.019431
0.0207617
0.0221274
0.0235053
0.0248971
0.0263381
0.0277981
0.0293277
0.030915
0.0325847
0.0343377
0.0361455
0.0380291
0.0400223
0.0420587
0.0441655
0.0463908
0.0486559
0.0510171
0.0534461
0.0560081
0.0586187
0.0613613
0.0641734
0.0671082
0.0701672
0.0732873
0.0766035
0.0799327
0.0834969
0.0870834
0.0908315
0.0947436
0.0986716
0.1029
0.107012
0.111261
)
;

boundaryField
{
    zeroGradientPlanes
    {
        type            zeroGradient;
    }
    inlet
    {
        type            zeroGradient;
    }
    plate
    {
        type            zeroGradient;
    }
    frontAndBack
    {
        type            empty;
    }
}


// ************************************************************************* //
