/*--------------------------------*- C++ -*----------------------------------*\
| =========                 |                                                 |
| \\      /  F ield         | OpenFOAM: The Open Source CFD Toolbox           |
|  \\    /   O peration     | Version:  v2012                                 |
|   \\  /    A nd           | Website:  www.openfoam.com                      |
|    \\/     M anipulation  |                                                 |
\*---------------------------------------------------------------------------*/
FoamFile
{
    version     2.0;
    format      ascii;
    class       volScalarField;
    location    "0.9";
    object      p;
}
// * * * * * * * * * * * * * * * * * * * * * * * * * * * * * * * * * * * * * //

dimensions      [0 2 -2 0 0 0 0];


internalField   nonuniform List<scalar> 
7000
(
-1.01584e-11
0.0065852
0.00571732
0.00670057
0.00714398
0.0074264
0.00265759
0.00437295
0.00308935
0.00671159
0.00899609
0.0107392
0.0127078
0.0148242
0.0176759
0.0210808
0.0231952
0.026991
0.0298292
0.0358416
-2.22858e-06
0.00659558
0.0057176
0.00670306
0.00713597
0.00741795
0.00267544
0.0043774
0.00308888
0.00672085
0.00899159
0.0107369
0.0127092
0.0148112
0.0176854
0.0210447
0.0232088
0.0269285
0.0298643
0.0355448
-4.86773e-06
0.00661073
0.00571408
0.00671
0.00712629
0.00741284
0.002699
0.00437661
0.00309859
0.00673297
0.00898383
0.010734
0.0127069
0.0147917
0.0176853
0.0209972
0.0232109
0.0268453
0.0298791
0.0350771
-6.12899e-06
0.00662161
0.00570792
0.00672429
0.00711633
0.00740809
0.00273585
0.00437256
0.00312172
0.0067414
0.00897491
0.0107287
0.0127022
0.0147674
0.0176794
0.0209453
0.0232029
0.0267549
0.0298075
0.0346084
-4.85519e-06
0.00662636
0.00570091
0.00674339
0.00710815
0.00740513
0.00278389
0.00436733
0.00315578
0.00674603
0.00896527
0.0107195
0.0126986
0.0147397
0.0176757
0.0208872
0.0231963
0.0266525
0.0297361
0.0341649
-4.26958e-07
0.00662592
0.00569343
0.0067646
0.0071026
0.00740312
0.00284154
0.00436304
0.00319735
0.00674841
0.00895512
0.0107068
0.0126974
0.0147105
0.0176735
0.0208228
0.0231904
0.0265349
0.0296378
0.0337406
7.27178e-06
0.00662152
0.00568584
0.00678693
0.00709912
0.00740146
0.00290619
0.00436022
0.00324337
0.00674958
0.00894494
0.0106908
0.0126985
0.0146797
0.0176712
0.0207526
0.0231802
0.0264035
0.029514
0.0333268
1.812e-05
0.0066145
0.00567917
0.00681005
0.00709568
0.0073995
0.00297645
0.00435847
0.0032919
0.00674984
0.00893511
0.0106712
0.0127012
0.0146467
0.0176682
0.0206759
0.0231624
0.0262609
0.0293635
0.0329178
3.20686e-05
0.00660656
0.00567467
0.0068337
0.00709022
0.00739685
0.00305179
0.00435728
0.00334231
0.00674906
0.00892588
0.0106479
0.0127044
0.0146107
0.0176641
0.020592
0.023135
0.026109
0.0291851
0.0325107
4.92152e-05
0.0065993
0.0056733
0.00685776
0.0070813
0.00739334
0.00313212
0.00435654
0.00339508
0.00674726
0.00891769
0.0106211
0.0127073
0.0145714
0.0176583
0.0205011
0.0230961
0.0259487
0.0289792
0.0321029
6.96462e-05
0.00659384
0.00567549
0.00688219
0.00706859
0.00738892
0.00321737
0.00435655
0.0034514
0.00674491
0.00891125
0.0105916
0.0127089
0.0145285
0.0176503
0.0204037
0.0230434
0.02578
0.0287472
0.0316923
9.32459e-05
0.00659059
0.00568109
0.00690682
0.0070527
0.00738362
0.00330731
0.00435777
0.00351273
0.00674292
0.00890755
0.0105604
0.0127087
0.014482
0.0176399
0.0203004
0.0229751
0.0256031
0.0284907
0.0312766
0.000119628
0.00658939
0.00568946
0.00693134
0.00703474
0.00737738
0.00340164
0.00436074
0.00358043
0.00674211
0.00890772
0.010529
0.0127066
0.0144311
0.0176262
0.0201928
0.0228899
0.0254177
0.0282118
0.0308541
0.000148218
0.00658972
0.00569975
0.00695523
0.00701583
0.00737001
0.00349995
0.00436595
0.00365555
0.0067446
0.00891284
0.0104985
0.0127025
0.0143782
0.0176086
0.0200822
0.0227867
0.0252236
0.0279126
0.0304234
0.00017842
0.00659101
0.00571116
0.00697788
0.00699674
0.00736119
0.00360176
0.00437373
0.0037388
0.00675107
0.00892375
0.0104698
0.0126967
0.0143235
0.0175855
0.0199692
0.0226651
0.0250199
0.0275953
0.0299832
0.00020976
0.00659277
0.00572314
0.00699871
0.00697781
0.00735055
0.00370649
0.00438415
0.00383035
0.00676216
0.008941
0.0104434
0.0126891
0.014268
0.0175555
0.0198545
0.0225252
0.0248046
0.0272616
0.0295336
0.000241957
0.00659473
0.00573546
0.00701735
0.00695913
0.00733774
0.00381358
0.00439695
0.00392986
0.00677802
0.0089647
0.0104196
0.0126795
0.0142126
0.0175168
0.0197385
0.0223672
0.0245772
0.0269131
0.0290748
0.000274914
0.00659678
0.0057481
0.00703355
0.00694075
0.00732252
0.00392257
0.00441165
0.00403647
0.00679829
0.00899444
0.0103985
0.0126669
0.0141584
0.0174681
0.0196211
0.0221916
0.0243369
0.026552
0.0286071
0.000308659
0.0065989
0.00576116
0.00704724
0.00692275
0.00730476
0.00403316
0.00442762
0.00414896
0.00682217
0.00902925
0.0103799
0.0126499
0.0141058
0.0174082
0.0195022
0.0219994
0.0240831
0.0261794
0.0281313
0.000343274
0.0066011
0.00577474
0.00705842
0.00690538
0.00728446
0.00414513
0.00444426
0.00426599
0.00684863
0.00906771
0.0103641
0.0126272
0.0140554
0.0173365
0.0193806
0.0217923
0.0238147
0.0257954
0.0276483
0.000378848
0.00660338
0.00578895
0.0070671
0.00688896
0.00726165
0.00425835
0.00446105
0.00438622
0.00687684
0.00910808
0.0103514
0.0125971
0.014007
0.0172528
0.0192549
0.021571
0.0235312
0.0254012
0.0271591
0.000415463
0.0066057
0.00580384
0.00707328
0.00687387
0.00723639
0.00437268
0.00447768
0.00450842
0.00690647
0.00914833
0.0103422
0.0125584
0.01396
0.0171573
0.0191229
0.021336
0.023233
0.0249984
0.0266647
0.000453184
0.00660801
0.0058195
0.00707692
0.00686046
0.00720881
0.00448791
0.00449403
0.0046315
0.0069377
0.00918631
0.0103367
0.0125106
0.0139129
0.0170511
0.0189828
0.0210877
0.0229205
0.0245876
0.0261665
0.00049207
0.00661021
0.00583601
0.00707792
0.00684899
0.00717905
0.00460381
0.0045102
0.00475435
0.00697132
0.0092201
0.0103352
0.0124532
0.0138644
0.0169357
0.0188332
0.0208262
0.0225933
0.0241696
0.0256657
0.000532177
0.00661222
0.00585345
0.00707616
0.00683967
0.00714721
0.00472004
0.00452664
0.00487577
0.00700849
0.00924822
0.0103376
0.0123866
0.0138124
0.016812
0.0186734
0.0205522
0.0222514
0.0237453
0.0251628
0.000573563
0.00661389
0.00587194
0.00707149
0.00683266
0.00711342
0.00483606
0.00454407
0.00499448
0.00705037
0.00926979
0.0103434
0.0123114
0.0137546
0.0166802
0.0185028
0.0202661
0.0218964
0.0233159
0.0246579
0.000616291
0.00661511
0.0058916
0.00706371
0.00682804
0.00707791
0.00495125
0.00456334
0.00510908
0.00709784
0.00928435
0.0103519
0.0122286
0.0136885
0.0165404
0.0183215
0.0199677
0.0215287
0.0228832
0.0241519
0.00066043
0.0066157
0.00591256
0.0070526
0.00682581
0.00704099
0.00506497
0.0045854
0.00521834
0.00715143
0.00929175
0.0103618
0.0121402
0.013612
0.0163913
0.0181301
0.0196575
0.0211474
0.0224477
0.0236463
0.000706056
0.00661552
0.00593497
0.00703796
0.00682585
0.00700303
0.00517638
0.00461142
0.00532122
0.00721132
0.00929204
0.0103717
0.0120486
0.0135243
0.016231
0.0179279
0.0193358
0.0207551
0.0220091
0.0231395
0.000753257
0.00661436
0.00595893
0.00701964
0.00682804
0.00696452
0.00528442
0.00464241
0.00541681
0.00727753
0.00928678
0.0103799
0.0119554
0.0134259
0.0160585
0.0177134
0.0190015
0.0203516
0.0215693
0.022632
0.000802126
0.00661204
0.00598456
0.00699748
0.00683218
0.00692609
0.00538813
0.00467894
0.00550459
0.00734988
0.00927681
0.0103838
0.0118622
0.0133166
0.0158734
0.0174876
0.0186548
0.0199259
0.0211216
0.0221325
0.000852769
0.00660834
0.00601199
0.00697134
0.00683798
0.00688852
0.00548657
0.00472142
0.00558455
0.00742708
0.00926551
0.0103786
0.0117717
0.0131954
0.0156767
0.0172505
0.0182988
0.0194726
0.0206419
0.0216496
0.000905303
0.00660305
0.00604128
0.00694124
0.00684496
0.00685286
0.00557877
0.00477
0.00565687
0.00750759
0.00925522
0.0103625
0.0116844
0.0130641
0.015469
0.0169985
0.0179331
0.0189901
0.0201245
0.0211861
0.000959844
0.00659593
0.00607249
0.00690729
0.00685245
0.00682009
0.00566419
0.00482445
0.00572174
0.00759016
0.00924713
0.0103355
0.011597
0.0129268
0.0152483
0.0167273
0.017547
0.0184831
0.0196018
0.0207414
0.00101652
0.00658674
0.00610566
0.00686968
0.00685979
0.00679094
0.00574262
0.00488433
0.00577978
0.00767293
0.00924208
0.0102984
0.0115054
0.0127849
0.0150068
0.0164299
0.017146
0.0179759
0.0190933
0.0203035
0.00107547
0.00657525
0.00614076
0.0068287
0.00686624
0.00676626
0.00581373
0.00494884
0.00583237
0.00775362
0.00924054
0.0102518
0.0114076
0.0126325
0.0147404
0.0161138
0.0167521
0.0174875
0.0185858
0.0198539
0.00113683
0.00656122
0.00617765
0.00678481
0.00687098
0.00674689
0.00587754
0.0050167
0.00588066
0.00783062
0.00924252
0.0101966
0.0112997
0.012464
0.0144584
0.0157882
0.0163669
0.0170145
0.0180734
0.019393
0.00120073
0.00654445
0.00621622
0.00673852
0.0068732
0.00673316
0.00593486
0.00508634
0.00592569
0.00790266
0.00924623
0.0101331
0.011179
0.0122823
0.0141677
0.0154555
0.0159836
0.0165465
0.0175627
0.0189305
0.00126732
0.00652472
0.00625634
0.00669045
0.00687217
0.00672507
0.00598676
0.00515606
0.00596849
0.00796812
0.00925111
0.010059
0.0110451
0.0120936
0.0138695
0.0151138
0.0156031
0.0160891
0.0170548
0.0184642
0.00133675
0.00650187
0.0062977
0.0066412
0.00686721
0.00672254
0.00603404
0.00522452
0.00600937
0.00802565
0.00925631
0.00997321
0.0108987
0.0119002
0.013568
0.0147629
0.0152217
0.0156415
0.0165497
0.0179959
0.0014091
0.00647581
0.00633991
0.00659148
0.00685792
0.00672503
0.0060779
0.00529082
0.00604794
0.00807414
0.00925943
0.00987946
0.0107402
0.011702
0.0132676
0.0144041
0.0148324
0.0151967
0.0160557
0.017535
0.00148451
0.00644641
0.00638245
0.00654207
0.00684417
0.00673141
0.00612
0.00535427
0.00608332
0.00811217
0.00925975
0.0097777
0.0105704
0.0114979
0.0129688
0.014038
0.0144338
0.0147606
0.0155763
0.0170784
0.00156313
0.00641359
0.0064248
0.00649376
0.0068259
0.00674052
0.00616133
0.00541482
0.00611437
0.00813868
0.00925683
0.00966561
0.0103909
0.0112844
0.0126709
0.0136692
0.01403
0.014335
0.0151069
0.0166238
0.00164501
0.00637746
0.00646642
0.00644707
0.00680341
0.00675124
0.006202
0.00547305
0.00613999
0.00815269
0.00924964
0.00956062
0.0102027
0.0110586
0.0123727
0.0133041
0.013623
0.0139087
0.0146476
0.0161791
0.00173024
0.00633814
0.00650668
0.00640243
0.00677731
0.00676254
0.00624161
0.00552952
0.00615991
0.00815256
0.00923752
0.00945683
0.0100065
0.0108208
0.012072
0.0129439
0.0132119
0.0134816
0.0142051
0.0157462
0.00181893
0.00629569
0.00654486
0.00636034
0.00674818
0.0067737
0.0062794
0.00558436
0.00617444
0.00813726
0.00921914
0.00935461
0.00980655
0.01057
0.011764
0.0125906
0.0128029
0.0130565
0.0137748
0.0153218
0.00191108
0.0062503
0.00658043
0.00632093
0.00671655
0.0067845
0.00631438
0.00563707
0.00618432
0.00810677
0.0091922
0.0092554
0.00960495
0.0103059
0.0114456
0.0122464
0.0124051
0.0126298
0.0133472
0.0149065
0.0020067
0.00620227
0.00661276
0.00628418
0.00668301
0.00679502
0.00634582
0.00568652
0.00619008
0.00806124
0.0091553
0.00915924
0.00940222
0.0100326
0.0111155
0.0119058
0.0120197
0.0122049
0.012925
0.0145003
0.00210576
0.00615191
0.00664124
0.00625004
0.00664783
0.00680542
0.0063738
0.00573157
0.00619128
0.00800217
0.00910689
0.00906501
0.009201
0.00975393
0.0107701
0.0115619
0.0116516
0.0117897
0.0125064
0.0141002
0.00220821
0.00609961
0.00666549
0.00621811
0.00661084
0.00681597
0.00639884
0.0057711
0.00618796
0.00793069
0.00904544
0.00897176
0.00900228
0.00947237
0.0104105
0.0112107
0.0113014
0.0113883
0.0120906
0.0137042
0.00231403
0.00604598
0.00668508
0.00618817
0.0065717
0.00682646
0.00642151
0.00580425
0.00618011
0.0078479
0.00896998
0.00887825
0.00880567
0.00919065
0.0100415
0.0108469
0.010963
0.0110064
0.0116828
0.0133119
0.0024231
0.00599169
0.0066997
0.00616019
0.00652983
0.00683598
0.0064426
0.00583095
0.00616724
0.00775567
0.00887927
0.00878316
0.00861149
0.00890991
0.00966756
0.0104673
0.0106306
0.0106473
0.0112885
0.0129251
0.00253521
0.00593711
0.00670925
0.00613384
0.00648445
0.00684364
0.00646283
0.0058513
0.00614936
0.00765497
0.00877257
0.00868496
0.00841998
0.00863104
0.00929392
0.0100719
0.0102953
0.0103105
0.0109165
0.0125469
0.00265021
0.00588282
0.00671349
0.00610875
0.00643514
0.00684849
0.00648262
0.0058657
0.00612575
0.00754715
0.00864962
0.00858128
0.00823295
0.00835329
0.00892305
0.00966502
0.00995278
0.00999289
0.0105691
0.0121805
0.00276779
0.00582951
0.00671226
0.00608477
0.00638182
0.00684889
0.00650204
0.00587498
0.00609587
0.00743396
0.00851083
0.00846924
0.00805057
0.00807609
0.00855686
0.0092519
0.00959943
0.00968713
0.0102476
0.011831
0.00288748
0.00577799
0.00670553
0.00606157
0.00632429
0.00684313
0.00652071
0.00588026
0.00605968
0.0073166
0.00835726
0.00834539
0.00787528
0.007801
0.00819506
0.00883655
0.00923402
0.00938606
0.00995017
0.0115017
0.00300886
0.00572908
0.00669328
0.00603856
0.0062625
0.0068295
0.00653779
0.00588332
0.00601694
0.00719512
0.00819115
0.00820725
0.0077063
0.00753052
0.00783635
0.00842162
0.00885911
0.0090842
0.0096704
0.0111925
0.00313158
0.00568347
0.00667573
0.00601543
0.00619631
0.00680599
0.00655217
0.00588606
0.0059678
0.00706913
0.00801578
0.00805258
0.00754066
0.00726823
0.00748111
0.00800785
0.00847704
0.00877788
0.00940084
0.0109009
0.00325525
0.00564147
0.00665329
0.00599152
0.00612561
0.00677058
0.00656202
0.00588941
0.00591336
0.00693853
0.0078343
0.00788031
0.00737399
0.00701713
0.00713196
0.00759575
0.00808894
0.00846503
0.00913538
0.010623
0.00337964
0.00560299
0.00662621
0.00596819
0.00605079
0.00672147
0.00656499
0.00589353
0.00585512
0.00680227
0.00764924
0.00769209
0.00720131
0.00677797
0.00679302
0.00718597
0.00769312
0.00814378
0.00886993
0.0103556
0.00350454
0.00556743
0.00659443
0.00594911
0.00597266
0.00665761
0.00655923
0.00589832
0.00579426
0.00665857
0.00746157
0.00749163
0.00701845
0.00654899
0.00646804
0.00678092
0.00728901
0.0078116
0.00860057
0.0100953
0.00362969
0.00553438
0.00655772
0.00593433
0.00589278
0.00657911
0.00654264
0.00590301
0.00573234
0.00650597
0.00727067
0.00728348
0.00682303
0.00632646
0.00615965
0.00638565
0.00687775
0.0074644
0.00832287
0.00983943
0.00375469
0.00550401
0.00651549
0.00592229
0.00581334
0.00648757
0.00651349
0.00590603
0.00567122
0.00634399
0.00707479
0.00707142
0.00661482
0.00610529
0.00586719
0.0060049
0.00646315
0.00710019
0.00803224
0.00958471
0.00387876
0.0054767
0.0064676
0.00591126
0.00573648
0.00638594
0.00647079
0.00590483
0.00561246
0.00617352
0.00687077
0.00685772
0.00639594
0.00588039
0.00558783
0.00564224
0.00605135
0.00672037
0.0077236
0.00932603
0.00400098
0.00545302
0.00641446
0.00589914
0.00566371
0.00627714
0.006414
0.00589613
0.00555677
0.00599717
0.00665517
0.00664282
0.00617035
0.00564945
0.00531757
0.00529905
0.005649
0.00632927
0.00739459
0.00905841
0.00412048
0.00543322
0.00635686
0.00588442
0.0055956
0.00616321
0.00634301
0.00587683
0.0055036
0.00581865
0.00642612
0.00642504
0.00594177
0.00541246
0.00505203
0.00497362
0.00526081
0.00593322
0.00704751
0.00877899
0.00423655
0.00541731
0.00629603
0.00586619
0.00553198
0.00604574
0.00625812
0.0058445
0.00545138
0.00564201
0.00618398
0.00620164
0.00571261
0.00517027
0.00478722
0.00466227
0.00488928
0.00553982
0.00668838
0.00848753
0.00434868
0.00540511
0.00623275
0.00584372
0.00547261
0.00592614
0.00616028
0.00579751
0.00539749
0.00547095
0.00593115
0.00596905
0.00548346
0.00492514
0.00452065
0.0043604
0.00453516
0.00515622
0.0063247
0.00818589
0.00445657
0.00539614
0.00616783
0.00581666
0.00541716
0.00580562
0.00605105
0.00573489
0.00533864
0.00530805
0.00567114
0.00572386
0.00525336
0.00467994
0.00425239
0.00406411
0.00419685
0.00478657
0.00596391
0.00787815
0.0045601
0.00539001
0.00610012
0.00578447
0.00536515
0.00568535
0.00593198
0.00565651
0.00527146
0.00515378
0.00540865
0.00546519
0.00502014
0.00443595
0.00398374
0.00377068
0.00387138
0.00443254
0.00561201
0.00756913
0.00465929
0.00538659
0.00602966
0.00574649
0.00531581
0.00556641
0.00580458
0.0055631
0.005193
0.00500678
0.0051486
0.00519384
0.00478053
0.00419317
0.00371686
0.00347947
0.00355567
0.00409337
0.00527197
0.00726271
0.00475394
0.00538557
0.00595704
0.00570223
0.00526802
0.00544931
0.00567011
0.00545621
0.00510118
0.00486411
0.00489488
0.00491221
0.00453214
0.00395072
0.00345328
0.00319102
0.00324717
0.00376726
0.00494462
0.00696146
0.00484353
0.00538657
0.00588323
0.0056516
0.00522045
0.00533398
0.00552973
0.00533775
0.00499493
0.00472221
0.00465047
0.00462415
0.00427344
0.00370662
0.00319359
0.00290656
0.0029447
0.00345194
0.00462916
0.00666646
0.00492726
0.00538918
0.00581023
0.00559497
0.00517165
0.00522024
0.00538428
0.00520905
0.00487431
0.00457788
0.00441664
0.00433373
0.00400412
0.0034582
0.00293737
0.00262765
0.00264867
0.00314537
0.00432295
0.00637675
0.00500446
0.00539287
0.00573969
0.005533
0.00512018
0.00510775
0.00523425
0.0050712
0.00474025
0.00442783
0.00419295
0.00404538
0.00372529
0.0032035
0.0026826
0.00235451
0.00235882
0.00284533
0.00402326
0.00609132
0.00507483
0.00539705
0.00567206
0.00546665
0.00506502
0.00499574
0.00508033
0.00492567
0.00459421
0.00426914
0.00397724
0.00376272
0.00343913
0.00294149
0.00242808
0.00208645
0.00207465
0.00255082
0.00372853
0.005809
0.00513835
0.00540087
0.00560714
0.00539714
0.00500567
0.00488354
0.00492297
0.0047734
0.00443838
0.00410004
0.00376589
0.00348823
0.00314928
0.0026717
0.00217181
0.00182172
0.0017957
0.00226188
0.0034382
0.00552881
0.00519523
0.00540381
0.00554478
0.0053251
0.00494171
0.00477093
0.00476271
0.00461452
0.00427491
0.00392043
0.00355521
0.00322298
0.00285993
0.00239437
0.00191012
0.00155806
0.0015212
0.00197809
0.00315157
0.00525001
0.0052457
0.00540557
0.00548422
0.00525068
0.00487304
0.00465792
0.0046005
0.00444912
0.00410516
0.00373157
0.0033418
0.0029651
0.00257431
0.00211189
0.00164129
0.00129321
0.00124967
0.00169885
0.00286878
0.00497265
0.0052899
0.00540567
0.00542498
0.00517424
0.00479973
0.00454433
0.00443731
0.00427728
0.00392971
0.00353531
0.00312368
0.00271203
0.00229358
0.00182705
0.00136677
0.00102578
0.000979441
0.00142325
0.00258954
0.00469636
0.00532802
0.00540381
0.00536689
0.00509621
0.00472164
0.00442967
0.00427409
0.00409939
0.00374864
0.00333408
0.00290046
0.00246104
0.00201741
0.00154232
0.00108763
0.000754384
0.000708272
0.00114903
0.00231237
0.00442082
0.00536009
0.00539974
0.00530988
0.00501699
0.00463867
0.0043132
0.00411169
0.00391655
0.00356139
0.00312934
0.00267317
0.00220993
0.00174499
0.00125941
0.00080514
0.000478126
0.000434155
0.000873959
0.00203561
0.00414535
0.00538605
0.00539319
0.00525399
0.00493711
0.0045509
0.00419432
0.00395084
0.00373052
0.00336724
0.00292084
0.00244359
0.00195782
0.00147433
0.000978767
0.000521434
0.000197566
0.000155868
0.000596082
0.00175733
0.00386833
0.00540628
0.00538397
0.00519905
0.00485682
0.00445884
0.00407292
0.00379087
0.00354275
0.00316701
0.00270819
0.00221342
0.00170566
0.00120348
0.000698645
0.000236813
-8.69041e-05
-0.000127107
0.000314314
0.00147626
0.00358839
0.00542123
0.00537199
0.00514501
0.0047765
0.00436316
0.00394923
0.00363094
0.00335392
0.00296199
0.00249045
0.00198265
0.00145547
0.000933598
0.000417572
-4.96025e-05
-0.000375056
-0.00041523
2.74602e-05
0.0011909
0.00330409
0.00543116
0.00535729
0.00509161
0.00469629
0.00426425
0.00382374
0.00347085
0.00316477
0.00275506
0.00226819
0.00174969
0.00120562
0.000664811
0.000137274
-0.000337336
-0.00066654
-0.00070803
-0.000264805
0.000899581
0.00301316
0.00543633
0.00533997
0.0050389
0.00461642
0.00416253
0.00369678
0.00330922
0.00297317
0.00254863
0.00204578
0.00151712
0.000957419
0.000395075
-0.000147447
-0.000629568
-0.000962005
-0.00100502
-0.000562885
0.000601031
0.00271328
0.00543694
0.00531995
0.00498715
0.00453775
0.00405892
0.00356985
0.00314802
0.00277791
0.00233969
0.0018211
0.00128435
0.000714355
0.000131683
-0.000432941
-0.000928256
-0.00126626
-0.00131185
-0.000872148
0.000289582
0.00240134
0.00543322
0.00529718
0.0049364
0.00446046
0.0039529
0.00344137
0.00298781
0.00258454
0.00213518
0.00159703
0.0010441
0.000467225
-0.000127728
-0.000710035
-0.0012247
-0.00157483
-0.00162858
-0.00119516
-3.87099e-05
0.00206931
0.00542542
0.00527327
0.00488746
0.00438588
0.00384446
0.0033075
0.00282261
0.00238813
0.00194022
0.00138958
0.00080874
0.000225817
-0.000387504
-0.000982177
-0.00151081
-0.00187883
-0.00194928
-0.00152801
-0.000378035
0.00172857
0.00541293
0.00524922
0.00484223
0.00431466
0.00373404
0.0031697
0.00265563
0.00218611
0.00173862
0.00119188
0.000563429
-7.6851e-05
-0.000683751
-0.00128776
-0.00182547
-0.00220314
-0.00228809
-0.00188591
-0.000753132
0.00134093
0.0053947
0.0052343
0.00481081
0.00424919
0.00362159
0.00303052
0.00249956
0.001996
0.00153143
0.00102911
0.000460826
-0.000168409
-0.000847556
-0.00149046
-0.00206385
-0.00247187
-0.0025849
-0.00221008
-0.0011091
0.00095028
0.00537095
0.00520308
0.00477466
0.00417602
0.00350354
0.00289228
0.0023608
0.0018333
0.0012869
0.000667709
3.40347e-05
-0.000579299
-0.00120756
-0.00182675
-0.00237904
-0.00277994
-0.00288717
-0.00251141
-0.00141286
0.000640298
0.00537866
0.00519641
0.00472262
0.00406162
0.00335058
0.00273122
0.00222485
0.00176027
0.00131019
0.000808314
0.000136368
-0.000574821
-0.00129308
-0.00200995
-0.00269076
-0.00322929
-0.0034708
-0.00321446
-0.00221754
-0.000250971
0.00532632
0.00522741
0.00472801
0.00399023
0.00323418
0.00261891
0.001965
0.00134804
0.00070859
0.000145458
-0.000371931
-0.000932407
-0.00148448
-0.00197092
-0.0023944
-0.00271076
-0.0028301
-0.00255946
-0.00164543
0.000181576
0.00542931
0.00512569
0.00455847
0.00386378
0.00317826
0.00263401
0.00211211
0.00160941
0.00110748
0.000565444
-0.000157357
-0.000952083
-0.00182938
-0.00277261
-0.00368332
-0.00446541
-0.00495108
-0.00492504
-0.00412775
-0.00232921
0.00561363
0.00498713
0.00444054
0.00378177
0.00310584
0.00232409
0.00151265
0.000666888
2.41137e-05
-0.000344176
-0.00062035
-0.000974207
-0.00124677
-0.00129069
-0.001009
-0.000434743
0.000246625
0.000768945
0.00079114
-1.41387e-05
0.00552771
0.00498946
0.0044109
0.00376812
0.00316431
0.00262914
0.0021294
0.00162222
0.00107948
0.000433494
-0.000390781
-0.00142559
-0.00261371
-0.00387002
-0.0051119
-0.00610948
-0.00684752
-0.00707519
-0.00653818
-0.00500575
0.00569923
0.00493401
0.00428742
0.00363131
0.00306705
0.00242379
0.00166233
0.000788129
4.41502e-05
-0.000481716
-0.000992208
-0.00159778
-0.00211061
-0.00239677
-0.00236734
-0.00214644
-0.0016896
-0.00131206
-0.00138215
-0.00224605
0.00567273
0.00488075
0.00423617
0.0036509
0.00324313
0.0029043
0.00249293
0.00196917
0.00135078
0.000473644
-0.000718451
-0.00226701
-0.00407912
-0.00598545
-0.00776476
-0.00924595
-0.0102215
-0.0105039
-0.00986891
-0.0081272
0.0445582
0.0194235
0.00897157
0.00706443
0.00659811
0.00598811
0.00523894
0.00458392
0.00397344
0.0033564
0.00280439
0.00235156
0.00199016
0.00160832
0.00117906
0.000812018
0.000477894
7.87476e-05
-0.000333871
-0.000684783
-0.00105184
-0.00141758
-0.00177
-0.00215128
-0.00259944
-0.00303845
-0.00342639
-0.0038273
-0.00421739
-0.00464964
-0.00516356
-0.00567161
-0.00617429
-0.00667887
-0.00717081
-0.00777511
-0.00834614
-0.00887095
-0.00943645
-0.0100519
-0.0106593
-0.0112668
-0.0119513
-0.0125621
-0.0133147
-0.0140104
-0.0148931
-0.0158436
-0.0166422
-0.0181554
0.043636
0.0194692
0.00901599
0.00708365
0.00660821
0.0059948
0.00524403
0.00458794
0.00397663
0.00335892
0.00280638
0.00235317
0.00199151
0.00160949
0.00118007
0.000812894
0.000478691
7.94886e-05
-0.000333194
-0.000684163
-0.00105127
-0.00141706
-0.00176953
-0.00215085
-0.00259904
-0.0030381
-0.00342608
-0.00382702
-0.00421713
-0.0046494
-0.00516334
-0.00567141
-0.00617411
-0.00667872
-0.00717068
-0.00777499
-0.00834604
-0.00887087
-0.00943638
-0.0100519
-0.0106592
-0.0112668
-0.0119513
-0.012562
-0.0133147
-0.0140104
-0.0148931
-0.0158436
-0.0166423
-0.0181554
0.0428672
0.0195737
0.00908559
0.00710654
0.00661955
0.00600164
0.0052488
0.00459169
0.00397963
0.00336126
0.00280821
0.00235465
0.00199275
0.00161056
0.00118097
0.000813674
0.000479403
8.01416e-05
-0.000332606
-0.000683618
-0.00105077
-0.0014166
-0.00176911
-0.00215046
-0.00259869
-0.00303779
-0.0034258
-0.00382677
-0.00421691
-0.00464918
-0.00516314
-0.00567124
-0.00617396
-0.00667859
-0.00717056
-0.00777488
-0.00834595
-0.00887079
-0.00943631
-0.0100518
-0.0106592
-0.0112667
-0.0119512
-0.012562
-0.0133147
-0.0140104
-0.0148931
-0.0158436
-0.0166423
-0.0181555
0.0421738
0.0197066
0.00918204
0.0071384
0.00663553
0.0060104
0.00525424
0.00459588
0.00398305
0.00336395
0.00281031
0.00235629
0.00199409
0.00161169
0.00118192
0.000814478
0.000480127
8.07886e-05
-0.000332031
-0.000683079
-0.00105026
-0.00141615
-0.00176869
-0.00215006
-0.00259834
-0.00303748
-0.00342552
-0.00382651
-0.00421668
-0.00464896
-0.00516294
-0.00567107
-0.00617381
-0.00667845
-0.00717043
-0.00777477
-0.00834586
-0.00887071
-0.00943624
-0.0100518
-0.0106591
-0.0112667
-0.0119512
-0.012562
-0.0133146
-0.0140103
-0.0148931
-0.0158436
-0.0166424
-0.0181555
0.0414744
0.0198446
0.00929736
0.00717928
0.00665774
0.00602255
0.00526119
0.00460105
0.00398737
0.00336747
0.00281309
0.00235843
0.00199576
0.00161305
0.00118303
0.000815413
0.000480931
8.14821e-05
-0.000331423
-0.00068251
-0.00104973
-0.00141565
-0.00176823
-0.00214963
-0.00259796
-0.00303716
-0.00342521
-0.00382624
-0.00421643
-0.00464872
-0.00516273
-0.00567088
-0.00617364
-0.0066783
-0.00717029
-0.00777465
-0.00834577
-0.00887063
-0.00943617
-0.0100517
-0.0106591
-0.0112666
-0.0119512
-0.012562
-0.0133146
-0.0140103
-0.0148931
-0.0158436
-0.0166424
-0.0181555
0.0407566
0.019982
0.00942357
0.00722541
0.00668487
0.00603822
0.00526999
0.00460739
0.00399275
0.00337207
0.00281686
0.00236132
0.00199792
0.00161475
0.00118443
0.000816558
0.000481867
8.22514e-05
-0.000330766
-0.000681905
-0.00104916
-0.00141512
-0.00176771
-0.00214915
-0.00259755
-0.00303679
-0.00342487
-0.00382593
-0.00421616
-0.00464847
-0.00516249
-0.00567066
-0.00617345
-0.00667814
-0.00717014
-0.00777452
-0.00834566
-0.00887053
-0.00943608
-0.0100516
-0.010659
-0.0112666
-0.0119511
-0.0125619
-0.0133146
-0.0140103
-0.0148931
-0.0158436
-0.0166425
-0.0181555
0.0400261
0.0201177
0.00955591
0.00727332
0.00671447
0.00605655
0.00528053
0.00461486
0.00399913
0.00337778
0.00282178
0.00236517
0.00200074
0.00161691
0.0011862
0.000817999
0.000482995
8.31436e-05
-0.00033003
-0.000681258
-0.00104856
-0.00141453
-0.00176713
-0.0021486
-0.00259707
-0.00303638
-0.00342447
-0.00382559
-0.00421585
-0.00464819
-0.00516223
-0.00567041
-0.00617322
-0.00667794
-0.00716996
-0.00777436
-0.00834552
-0.0088704
-0.00943598
-0.0100516
-0.010659
-0.0112665
-0.0119511
-0.0125619
-0.0133145
-0.0140102
-0.014893
-0.0158435
-0.0166425
-0.0181555
0.039289
0.0202502
0.00969226
0.00732137
0.00674477
0.00607652
0.00529245
0.00462325
0.00400626
0.0033844
0.00282779
0.00237004
0.00200432
0.00161961
0.00118842
0.000819798
0.000484381
8.42249e-05
-0.000329163
-0.000680546
-0.00104792
-0.00141389
-0.00176647
-0.00214796
-0.00259651
-0.00303589
-0.00342402
-0.00382519
-0.00421552
-0.00464788
-0.00516192
-0.0056701
-0.00617294
-0.00667771
-0.00716975
-0.00777417
-0.00834535
-0.00887025
-0.00943585
-0.0100514
-0.0106589
-0.0112664
-0.011951
-0.0125618
-0.0133145
-0.0140102
-0.014893
-0.0158435
-0.0166426
-0.0181556
0.0385483
0.0203775
0.00983252
0.0073693
0.00677497
0.00609739
0.00530536
0.00463236
0.00401392
0.00339163
0.00283464
0.00237581
0.00200865
0.00162288
0.00119111
0.000821976
0.000486057
8.55549e-05
-0.000328098
-0.00067973
-0.00104725
-0.00141322
-0.00176574
-0.0021472
-0.00259582
-0.00303529
-0.00342348
-0.00382474
-0.00421514
-0.00464754
-0.00516157
-0.00566973
-0.0061726
-0.00667742
-0.0071695
-0.00777393
-0.00834513
-0.00887005
-0.00943569
-0.0100513
-0.0106587
-0.0112663
-0.0119509
-0.0125617
-0.0133144
-0.0140101
-0.0148929
-0.0158433
-0.0166425
-0.0181556
0.0378059
0.0204988
0.00997753
0.00741737
0.00680476
0.00611874
0.00531897
0.004642
0.00402193
0.00339923
0.00284206
0.00238228
0.00201361
0.00162668
0.00119424
0.000824503
0.000488007
8.7157e-05
-0.000326774
-0.000678751
-0.00104652
-0.00141253
-0.00176496
-0.00214634
-0.00259499
-0.00303455
-0.00342283
-0.00382422
-0.00421473
-0.00464716
-0.00516116
-0.00566928
-0.00617217
-0.00667706
-0.00716918
-0.00777363
-0.00834484
-0.0088698
-0.00943548
-0.0100511
-0.0106586
-0.0112662
-0.0119508
-0.0125616
-0.0133143
-0.01401
-0.0148928
-0.0158432
-0.0166425
-0.0181556
0.0370634
0.0206137
0.0101281
0.00746585
0.00683392
0.00614034
0.00533308
0.0046521
0.00403024
0.00340709
0.00284983
0.00238922
0.00201906
0.0016309
0.00119774
0.00082732
0.000490181
8.90066e-05
-0.000325169
-0.000677556
-0.00104569
-0.00141181
-0.00176417
-0.00214541
-0.00259401
-0.00303362
-0.00342204
-0.00382362
-0.00421429
-0.00464676
-0.00516068
-0.00566873
-0.00617164
-0.00667662
-0.0071688
-0.00777326
-0.00834447
-0.00886948
-0.00943522
-0.0100509
-0.0106584
-0.0112661
-0.0119507
-0.0125615
-0.0133142
-0.0140099
-0.0148927
-0.0158429
-0.0166424
-0.0181556
0.0363223
0.0207214
0.0102848
0.00751501
0.00686223
0.00616202
0.00534761
0.0046626
0.00403885
0.00341516
0.00285783
0.00239648
0.00202485
0.00163544
0.00120153
0.000830365
0.000492516
9.10459e-05
-0.000323304
-0.000676118
-0.00104471
-0.00141106
-0.00176342
-0.00214446
-0.00259289
-0.00303249
-0.00342107
-0.00382293
-0.00421383
-0.00464635
-0.00516014
-0.00566806
-0.006171
-0.00667608
-0.00716834
-0.00777279
-0.008344
-0.00886907
-0.00943489
-0.0100506
-0.0106581
-0.0112658
-0.0119505
-0.0125613
-0.0133141
-0.0140097
-0.0148925
-0.0158426
-0.0166422
-0.0181557
0.0355839
0.0208213
0.0104479
0.00756517
0.0068895
0.00618362
0.00536247
0.00467343
0.00404773
0.00342344
0.00286602
0.00240394
0.00203088
0.00164021
0.00120555
0.000833592
0.000494969
9.32136e-05
-0.000321233
-0.000674446
-0.00104356
-0.00141025
-0.00176271
-0.00214356
-0.0025917
-0.00303114
-0.00341988
-0.00382213
-0.00421335
-0.00464595
-0.00515955
-0.00566728
-0.00617023
-0.00667545
-0.00716779
-0.00777222
-0.00834341
-0.00886857
-0.00943447
-0.0100502
-0.0106578
-0.0112656
-0.0119503
-0.0125611
-0.0133139
-0.0140095
-0.0148923
-0.0158422
-0.016642
-0.0181557
0.0348492
0.0209123
0.0106174
0.00761674
0.0069155
0.00620495
0.0053776
0.00468452
0.00405686
0.00343195
0.00287438
0.00241157
0.0020371
0.00164516
0.00120973
0.000836967
0.00049752
9.54678e-05
-0.000319015
-0.00067258
-0.00104224
-0.00140937
-0.00176203
-0.00214275
-0.0025905
-0.00302963
-0.00341846
-0.00382119
-0.00421285
-0.00464558
-0.00515894
-0.0056664
-0.00616933
-0.0066747
-0.00716715
-0.00777154
-0.0083427
-0.00886796
-0.00943397
-0.0100498
-0.0106574
-0.0112653
-0.0119501
-0.0125609
-0.0133137
-0.0140092
-0.0148921
-0.0158417
-0.0166416
-0.0181557
0.0341189
0.0209935
0.0107934
0.00767017
0.00694007
0.00622584
0.00539294
0.00469575
0.00406618
0.00344065
0.00288289
0.00241934
0.00204346
0.00165025
0.00121403
0.000840468
0.000500164
9.77921e-05
-0.000316697
-0.000670565
-0.00104077
-0.00140839
-0.00176139
-0.00214204
-0.00258934
-0.003028
-0.00341682
-0.00382009
-0.00421233
-0.00464526
-0.00515834
-0.00566543
-0.00616831
-0.00667385
-0.00716643
-0.00777076
-0.00834187
-0.00886725
-0.00943338
-0.0100492
-0.0106569
-0.0112649
-0.0119497
-0.0125606
-0.0133134
-0.0140089
-0.0148918
-0.0158411
-0.0166412
-0.0181556
0.0333939
0.021064
0.0109757
0.00772596
0.00696313
0.0062462
0.00540854
0.00470706
0.0040756
0.00344954
0.00289156
0.00242722
0.00204997
0.00165548
0.00121845
0.000844083
0.000502905
0.000100187
-0.000314301
-0.000668441
-0.00103918
-0.00140733
-0.00176076
-0.00214143
-0.00258826
-0.00302631
-0.00341498
-0.00381882
-0.00421177
-0.00464499
-0.00515776
-0.0056644
-0.00616718
-0.0066729
-0.00716563
-0.00776988
-0.0083409
-0.00886643
-0.00943271
-0.0100486
-0.0106563
-0.0112644
-0.0119494
-0.0125603
-0.0133131
-0.0140085
-0.0148914
-0.0158404
-0.0166406
-0.0181556
0.0326748
0.0211228
0.0111642
0.00778472
0.0069847
0.00626602
0.00542452
0.00471846
0.00408506
0.00345859
0.00290037
0.0024352
0.00205661
0.00166084
0.00122297
0.000847804
0.000505747
0.000102661
-0.000311833
-0.000666232
-0.00103751
-0.0014062
-0.00176012
-0.0021409
-0.00258724
-0.00302462
-0.00341301
-0.0038174
-0.00421117
-0.00464477
-0.00515722
-0.00566334
-0.00616594
-0.00667184
-0.00716476
-0.00776892
-0.00833982
-0.00886549
-0.00943195
-0.0100478
-0.0106556
-0.0112638
-0.0119489
-0.0125599
-0.0133128
-0.0140081
-0.014891
-0.0158395
-0.0166399
-0.0181555
0.0319621
0.0211689
0.0113585
0.00784716
0.00700486
0.00628531
0.00544106
0.00473002
0.00409454
0.0034678
0.00290934
0.0024433
0.00206339
0.00166634
0.0012276
0.000851627
0.000508692
0.00010522
-0.00030929
-0.000663946
-0.00103575
-0.00140502
-0.00175948
-0.00214043
-0.00258627
-0.00302292
-0.00341096
-0.00381587
-0.00421052
-0.00464458
-0.00515673
-0.00566227
-0.00616463
-0.0066707
-0.00716383
-0.00776788
-0.00833862
-0.00886446
-0.00943112
-0.010047
-0.0106549
-0.0112631
-0.0119484
-0.0125595
-0.0133124
-0.0140076
-0.0148905
-0.0158386
-0.0166391
-0.0181554
0.0312563
0.0212015
0.0115582
0.00791405
0.00702374
0.00630403
0.00545824
0.00474186
0.00410405
0.00347717
0.00291848
0.00245152
0.00207032
0.001672
0.00123235
0.000855557
0.000511742
0.000107869
-0.000306668
-0.000661587
-0.00103392
-0.00140378
-0.00175882
-0.00213999
-0.00258529
-0.00302121
-0.00340886
-0.00381425
-0.00420983
-0.00464441
-0.00515627
-0.00566118
-0.00616326
-0.00666947
-0.00716285
-0.0077668
-0.00833734
-0.00886334
-0.00943023
-0.0100462
-0.010654
-0.0112624
-0.0119478
-0.012559
-0.0133121
-0.0140071
-0.01489
-0.0158376
-0.0166383
-0.0181553
0.0305583
0.0212194
0.0117626
0.00798618
0.00704149
0.006322
0.00547605
0.00475408
0.00411363
0.00348671
0.00292781
0.0024599
0.00207743
0.00167781
0.00123724
0.000859602
0.000514901
0.000110609
-0.00030396
-0.000659153
-0.00103201
-0.00140247
-0.00175813
-0.00213954
-0.00258428
-0.00301945
-0.00340675
-0.00381257
-0.0042091
-0.00464424
-0.00515581
-0.00566006
-0.00616185
-0.00666817
-0.00716183
-0.00776568
-0.00833599
-0.00886213
-0.00942928
-0.0100452
-0.0106531
-0.0112616
-0.0119472
-0.0125585
-0.0133117
-0.0140066
-0.0148894
-0.0158365
-0.0166373
-0.0181552
0.0298688
0.021222
0.0119709
0.00806433
0.00705826
0.00633893
0.00549431
0.00476675
0.00412334
0.00349644
0.00293734
0.00246846
0.00208472
0.00168379
0.00124228
0.000863773
0.000518174
0.000113442
-0.000301166
-0.000656642
-0.00103003
-0.0014011
-0.0017574
-0.00213906
-0.00258319
-0.00301761
-0.00340461
-0.00381085
-0.00420834
-0.00464407
-0.00515534
-0.0056589
-0.0061604
-0.00666683
-0.00716076
-0.00776452
-0.00833457
-0.00886086
-0.00942827
-0.0100443
-0.0106522
-0.0112607
-0.0119464
-0.0125579
-0.0133113
-0.014006
-0.0148888
-0.0158353
-0.0166363
-0.018155
0.0291886
0.0212084
0.0121821
0.00814922
0.00707425
0.00635446
0.00551276
0.00477989
0.00413325
0.00350638
0.00294709
0.00247725
0.00209224
0.00168995
0.00124747
0.000868082
0.000521566
0.000116369
-0.000298284
-0.000654051
-0.00102799
-0.00139966
-0.00175663
-0.00213851
-0.00258197
-0.00301564
-0.00340244
-0.00380908
-0.00420754
-0.00464388
-0.00515483
-0.00565768
-0.00615891
-0.00666544
-0.00715965
-0.00776332
-0.0083331
-0.00885952
-0.00942722
-0.0100433
-0.0106512
-0.0112597
-0.0119456
-0.0125573
-0.0133109
-0.0140054
-0.0148881
-0.015834
-0.0166351
-0.0181548
0.0285186
0.0211778
0.0123949
0.00824148
0.00708972
0.00636824
0.00553107
0.00479348
0.00414344
0.00351654
0.00295706
0.00248627
0.00210001
0.0016963
0.00125282
0.00087254
0.000525084
0.000119392
-0.000295313
-0.000651378
-0.00102587
-0.00139814
-0.00175582
-0.00213789
-0.00258062
-0.00301352
-0.00340022
-0.00380727
-0.00420669
-0.00464366
-0.00515427
-0.00565637
-0.00615737
-0.00666402
-0.0071585
-0.00776209
-0.00833159
-0.00885812
-0.00942612
-0.0100423
-0.0106501
-0.0112588
-0.0119448
-0.0125566
-0.0133104
-0.0140048
-0.0148874
-0.0158326
-0.016634
-0.0181546
0.02786
0.0211297
0.012608
0.00834164
0.00710503
0.00637994
0.00554888
0.00480746
0.00415395
0.00352693
0.00296727
0.00249556
0.00210804
0.00170284
0.00125834
0.000877155
0.000528732
0.00012251
-0.000292253
-0.000648621
-0.00102368
-0.00139656
-0.00175495
-0.00213718
-0.00257911
-0.00301122
-0.00339792
-0.00380542
-0.00420578
-0.00464342
-0.00515366
-0.00565497
-0.00615578
-0.00666257
-0.00715732
-0.00776082
-0.00833002
-0.00885668
-0.00942499
-0.0100412
-0.0106491
-0.0112577
-0.0119439
-0.0125559
-0.0133099
-0.0140042
-0.0148867
-0.0158312
-0.0166327
-0.0181544
0.0272137
0.0210638
0.0128197
0.00845011
0.00712065
0.00638929
0.00556586
0.00482178
0.00416484
0.00353756
0.00297771
0.00250512
0.00211633
0.00170958
0.00126402
0.000881931
0.000532515
0.000125726
-0.000289101
-0.000645779
-0.00102143
-0.00139491
-0.00175403
-0.00213639
-0.00257743
-0.00300875
-0.00339553
-0.0038035
-0.00420483
-0.00464315
-0.00515299
-0.00565347
-0.00615412
-0.00666109
-0.0071561
-0.00775951
-0.00832841
-0.00885518
-0.00942381
-0.0100401
-0.010648
-0.0112567
-0.011943
-0.0125551
-0.0133094
-0.0140035
-0.0148859
-0.0158298
-0.0166314
-0.0181542
0.0265806
0.02098
0.0130285
0.00856712
0.00713719
0.00639613
0.00558165
0.00483635
0.00417612
0.00354844
0.00298837
0.00251496
0.0021249
0.00171654
0.00126988
0.000886872
0.000536436
0.00012904
-0.000285856
-0.00064285
-0.00101912
-0.00139319
-0.00175306
-0.00213552
-0.00257561
-0.00300612
-0.00339305
-0.00380153
-0.00420381
-0.00464286
-0.00515227
-0.00565188
-0.00615238
-0.00665957
-0.00715484
-0.00775815
-0.00832674
-0.00885363
-0.0094226
-0.010039
-0.0106468
-0.0112556
-0.011942
-0.0125544
-0.0133089
-0.0140029
-0.014885
-0.0158282
-0.0166301
-0.018154
0.0259617
0.0208784
0.0132326
0.00869265
0.00715538
0.00640036
0.00559591
0.00485105
0.00418784
0.00355959
0.00299926
0.00252506
0.00213374
0.00172371
0.00127591
0.00089198
0.000540496
0.000132453
-0.000282516
-0.000639832
-0.00101673
-0.00139142
-0.00175204
-0.00213459
-0.00257367
-0.00300334
-0.00339045
-0.0037995
-0.00420274
-0.00464255
-0.0051515
-0.0056502
-0.00615057
-0.00665801
-0.00715353
-0.00775676
-0.00832501
-0.00885203
-0.00942134
-0.0100378
-0.0106456
-0.0112544
-0.011941
-0.0125535
-0.0133084
-0.0140021
-0.0148842
-0.0158267
-0.0166287
-0.0181538
0.0253586
0.0207594
0.01343
0.00882638
0.0071761
0.00640201
0.00560829
0.00486573
0.00420001
0.00357101
0.00301037
0.00253544
0.00214286
0.0017311
0.00128211
0.000897255
0.000544697
0.000135966
-0.000279078
-0.000636725
-0.00101429
-0.00138958
-0.00175097
-0.00213359
-0.00257161
-0.00300044
-0.00338776
-0.00379741
-0.00420161
-0.00464223
-0.0051507
-0.00564844
-0.00614868
-0.00665639
-0.00715216
-0.00775532
-0.00832321
-0.00885036
-0.00942003
-0.0100365
-0.0106444
-0.0112532
-0.0119399
-0.0125527
-0.0133078
-0.0140014
-0.0148832
-0.0158251
-0.0166272
-0.0181535
0.024773
0.0206241
0.0136188
0.0089676
0.00720034
0.00640125
0.00561844
0.0048802
0.00421261
0.00358273
0.00302169
0.00254608
0.00215224
0.00173872
0.0012885
0.000902699
0.000549041
0.000139581
-0.00027554
-0.000633527
-0.00101177
-0.00138769
-0.00174984
-0.00213253
-0.00256945
-0.00299741
-0.00338496
-0.00379525
-0.00420042
-0.00464188
-0.00514986
-0.0056466
-0.00614672
-0.00665471
-0.00715075
-0.00775384
-0.00832136
-0.00884863
-0.00941868
-0.0100353
-0.0106431
-0.011252
-0.0119388
-0.0125518
-0.0133072
-0.0140006
-0.0148823
-0.0158234
-0.0166257
-0.0181532
0.0242062
0.0204731
0.013797
0.00911525
0.00722902
0.00639831
0.00562603
0.00489423
0.00422565
0.00359477
0.00303323
0.00255697
0.00216189
0.00174658
0.00129508
0.000908315
0.000553527
0.000143303
-0.000271899
-0.000630238
-0.00100919
-0.00138574
-0.00174867
-0.00213141
-0.00256721
-0.00299429
-0.00338207
-0.00379302
-0.00419917
-0.00464153
-0.00514899
-0.00564469
-0.00614468
-0.00665296
-0.00714927
-0.00775232
-0.00831943
-0.00884683
-0.00941728
-0.0100339
-0.0106417
-0.0112507
-0.0119377
-0.0125508
-0.0133065
-0.0139998
-0.0148812
-0.0158217
-0.0166241
-0.0181529
0.0236627
0.0203079
0.0139626
0.00926814
0.00726311
0.00639357
0.00563071
0.00490748
0.00423908
0.00360718
0.00304499
0.00256811
0.0021718
0.00175467
0.00130185
0.000914102
0.000558159
0.000147132
-0.000268155
-0.000626857
-0.00100654
-0.00138373
-0.00174744
-0.00213023
-0.0025649
-0.00299105
-0.00337907
-0.00379072
-0.00419787
-0.00464116
-0.00514809
-0.0056427
-0.00614257
-0.00665114
-0.00714774
-0.00775075
-0.00831743
-0.00884496
-0.00941583
-0.0100326
-0.0106403
-0.0112494
-0.0119365
-0.0125499
-0.0133058
-0.0139989
-0.0148801
-0.0158199
-0.0166225
-0.0181526
0.0231492
0.0201306
0.0141139
0.00942505
0.00730353
0.0063876
0.00563223
0.00491963
0.00425283
0.00361998
0.00305698
0.00257949
0.00218198
0.001763
0.00130881
0.000920064
0.000562937
0.000151071
-0.000264305
-0.000623384
-0.00100382
-0.00138165
-0.00174616
-0.00212899
-0.0025625
-0.00298772
-0.00337597
-0.00378835
-0.0041965
-0.00464077
-0.00514716
-0.00564065
-0.00614039
-0.00664924
-0.00714615
-0.00774915
-0.00831536
-0.00884301
-0.00941433
-0.0100312
-0.0106389
-0.011248
-0.0119353
-0.0125489
-0.0133051
-0.013998
-0.014879
-0.0158181
-0.0166208
-0.0181523
0.0226686
0.0199436
0.0142494
0.00958454
0.007351
0.00638102
0.00563041
0.00493029
0.0042668
0.00363323
0.00306924
0.0025911
0.00219242
0.00177158
0.00131596
0.000926203
0.000567865
0.000155124
-0.000260349
-0.000619819
-0.00100102
-0.00137952
-0.00174484
-0.00212769
-0.00256004
-0.00298428
-0.00337277
-0.0037859
-0.00419508
-0.00464037
-0.00514621
-0.00563852
-0.00613813
-0.00664726
-0.0071445
-0.0077475
-0.00831322
-0.00884099
-0.00941278
-0.0100297
-0.0106374
-0.0112466
-0.0119341
-0.0125478
-0.0133043
-0.013997
-0.0148778
-0.0158162
-0.016619
-0.018152
0.022217
0.019748
0.0143677
0.00974487
0.00740602
0.00637453
0.0056251
0.00493902
0.0042808
0.00364694
0.00308178
0.00260293
0.0022031
0.00178038
0.00132331
0.00093252
0.000572945
0.00015929
-0.000256287
-0.000616161
-0.000998165
-0.00137733
-0.00174345
-0.00212632
-0.00255751
-0.00298074
-0.00336945
-0.00378336
-0.00419358
-0.00463996
-0.00514522
-0.00563631
-0.0061358
-0.00664519
-0.00714279
-0.00774581
-0.00831099
-0.00883889
-0.00941118
-0.0100282
-0.0106358
-0.0112452
-0.0119328
-0.0125467
-0.0133036
-0.0139961
-0.0148765
-0.0158142
-0.0166171
-0.0181516
0.0217868
0.0195444
0.0144675
0.00990416
0.00746881
0.00636891
0.00561632
0.00494537
0.00429462
0.00366113
0.00309465
0.00261498
0.00221403
0.00178943
0.00133086
0.00093902
0.000578179
0.000163571
-0.000252118
-0.000612411
-0.000995237
-0.00137507
-0.00174202
-0.00212488
-0.0025549
-0.0029771
-0.00336603
-0.00378074
-0.00419202
-0.00463954
-0.0051442
-0.00563402
-0.00613338
-0.00664304
-0.00714101
-0.00774408
-0.00830868
-0.00883671
-0.00940952
-0.0100266
-0.0106342
-0.0112436
-0.0119314
-0.0125456
-0.0133027
-0.013995
-0.0148751
-0.0158122
-0.0166152
-0.0181512
0.0213733
0.0193353
0.0145486
0.0100606
0.00753926
0.00636499
0.00560422
0.00494895
0.00430793
0.00367577
0.00310789
0.00262727
0.00222519
0.00179869
0.00133861
0.000945704
0.00058357
0.000167969
-0.000247841
-0.000608569
-0.000992241
-0.00137276
-0.00174053
-0.00212338
-0.00255223
-0.00297335
-0.0033625
-0.00377803
-0.00419039
-0.0046391
-0.00514314
-0.00563166
-0.00613089
-0.00664079
-0.00713917
-0.0077423
-0.00830629
-0.00883444
-0.00940781
-0.010025
-0.0106325
-0.0112421
-0.01193
-0.0125444
-0.0133019
-0.013994
-0.0148737
-0.0158102
-0.0166132
-0.0181507
0.0209754
0.0191228
0.0146112
0.0102124
0.00761685
0.00636369
0.00558913
0.00494938
0.00432037
0.00369081
0.00312155
0.0026398
0.00223657
0.00180817
0.00134655
0.000952571
0.00058912
0.000172483
-0.000243456
-0.000604635
-0.000989179
-0.00137039
-0.00173899
-0.00212181
-0.00254948
-0.00296949
-0.00335884
-0.00377522
-0.00418868
-0.00463865
-0.00514204
-0.0056292
-0.00612832
-0.00663845
-0.00713727
-0.00774048
-0.0083038
-0.00883209
-0.00940605
-0.0100233
-0.0106307
-0.0112405
-0.0119286
-0.0125431
-0.013301
-0.0139928
-0.0148722
-0.0158081
-0.0166111
-0.0181503
0.0205913
0.018908
0.0146557
0.0103576
0.00770053
0.00636588
0.00557156
0.00494637
0.00433151
0.00370612
0.00313568
0.0026526
0.00224816
0.00181785
0.00135468
0.000959623
0.00059483
0.000177115
-0.000238964
-0.000600613
-0.000986051
-0.00136796
-0.00173739
-0.00212016
-0.00254666
-0.00296553
-0.00335507
-0.00377231
-0.0041869
-0.00463818
-0.00514091
-0.00562666
-0.00612566
-0.00663601
-0.0071353
-0.00773861
-0.00830122
-0.00882966
-0.00940423
-0.0100215
-0.0106289
-0.0112388
-0.0119271
-0.0125418
-0.0133
-0.0139917
-0.0148706
-0.0158059
-0.0166089
-0.0181498
0.0202179
0.0186922
0.0146831
0.0104947
0.00778888
0.00637236
0.0055522
0.00493972
0.00434092
0.00372153
0.00315032
0.00266573
0.00225998
0.00182773
0.00136301
0.000966858
0.000600704
0.000181864
-0.000234366
-0.000596502
-0.00098286
-0.00136547
-0.00173574
-0.00211844
-0.00254377
-0.00296144
-0.00335118
-0.0037693
-0.00418505
-0.00463771
-0.00513973
-0.00562403
-0.00612291
-0.00663346
-0.00713326
-0.00773669
-0.00829855
-0.00882713
-0.00940236
-0.0100197
-0.010627
-0.011237
-0.0119255
-0.0125405
-0.013299
-0.0139904
-0.0148689
-0.0158037
-0.0166066
-0.0181492
0.0198537
0.0184763
0.0146947
0.0106221
0.00788025
0.00638377
0.00553178
0.00492936
0.00434813
0.0037368
0.00316545
0.00267925
0.00227203
0.0018378
0.00137151
0.000974274
0.000606743
0.000186732
-0.000229662
-0.000592305
-0.000979607
-0.00136293
-0.00173403
-0.00211664
-0.0025408
-0.00295724
-0.00334715
-0.00376619
-0.00418311
-0.00463723
-0.00513851
-0.0056213
-0.00612008
-0.00663081
-0.00713116
-0.00773473
-0.00829577
-0.0088245
-0.00940043
-0.0100178
-0.010625
-0.0112353
-0.0119239
-0.0125391
-0.013298
-0.0139892
-0.0148672
-0.0158014
-0.0166043
-0.0181486
0.0194971
0.0182603
0.0146914
0.0107385
0.00797295
0.00640056
0.00551108
0.00491533
0.00435272
0.00375159
0.00318105
0.00269321
0.00228435
0.00184805
0.00138018
0.000981863
0.000612947
0.000191719
-0.000224853
-0.000588026
-0.000976294
-0.00136034
-0.00173227
-0.00211476
-0.00253775
-0.00295292
-0.003343
-0.00376297
-0.0041811
-0.00463674
-0.00513723
-0.00561847
-0.00611715
-0.00662804
-0.00712899
-0.00773272
-0.00829288
-0.00882179
-0.00939844
-0.0100158
-0.010623
-0.0112334
-0.0119223
-0.0125377
-0.0132969
-0.0139879
-0.0148653
-0.0157991
-0.0166019
-0.018148
0.0191451
0.0180449
0.0146746
0.0108429
0.00806537
0.00642292
0.00549088
0.00489781
0.0043543
0.00376551
0.00319701
0.00270765
0.00229699
0.00185848
0.00138899
0.000989615
0.000619316
0.000196823
-0.000219942
-0.000583667
-0.000972924
-0.0013577
-0.00173045
-0.0021128
-0.00253462
-0.00294847
-0.00333871
-0.00375964
-0.004179
-0.00463624
-0.00513591
-0.00561554
-0.00611413
-0.00662516
-0.00712674
-0.00773065
-0.00828989
-0.00881897
-0.00939638
-0.0100138
-0.0106208
-0.0112315
-0.0119206
-0.0125362
-0.0132957
-0.0139865
-0.0148633
-0.0157967
-0.0165993
-0.0181473
0.0187971
0.017831
0.0146456
0.0109346
0.008156
0.00645066
0.00547192
0.00487714
0.00435259
0.00377812
0.00321316
0.00272262
0.00231
0.00186911
0.00139794
0.000997515
0.000625845
0.000202044
-0.000214931
-0.000579233
-0.0009695
-0.001355
-0.00172857
-0.00211075
-0.00253141
-0.00294389
-0.00333429
-0.00375619
-0.00417682
-0.00463573
-0.00513452
-0.0056125
-0.00611102
-0.00662215
-0.00712443
-0.00772854
-0.00828677
-0.00881605
-0.00939427
-0.0100117
-0.0106186
-0.0112295
-0.0119188
-0.0125346
-0.0132945
-0.0139851
-0.0148612
-0.0157943
-0.0165967
-0.0181465
0.0184535
0.0176181
0.0146049
0.0110132
0.00824338
0.00648322
0.00545484
0.00485377
0.00434739
0.003789
0.00322927
0.00273813
0.00232347
0.00187998
0.001407
0.00100554
0.000632531
0.000207383
-0.00020982
-0.000574725
-0.000966026
-0.00135226
-0.00172663
-0.0021086
-0.00252811
-0.00293918
-0.00332973
-0.00375263
-0.00417456
-0.00463522
-0.00513307
-0.00560935
-0.00610781
-0.00661902
-0.00712205
-0.00772638
-0.00828354
-0.00881303
-0.0093921
-0.0100095
-0.0106164
-0.0112275
-0.011917
-0.012533
-0.0132932
-0.0139836
-0.0148591
-0.0157918
-0.0165941
-0.0181457
0.0181119
0.0174058
0.0145537
0.0110788
0.00832616
0.00651974
0.00544017
0.00482822
0.00433865
0.00379773
0.00324503
0.00275413
0.00233748
0.00189111
0.00141618
0.00101368
0.000639365
0.000212834
-0.000204614
-0.000570151
-0.000962504
-0.00134948
-0.00172464
-0.00210637
-0.00252472
-0.00293432
-0.00332503
-0.00374896
-0.00417221
-0.00463471
-0.00513154
-0.00560609
-0.0061045
-0.00661576
-0.0071196
-0.00772416
-0.00828017
-0.0088099
-0.00938986
-0.0100072
-0.010614
-0.0112254
-0.0119151
-0.0125313
-0.0132919
-0.013982
-0.0148568
-0.0157892
-0.0165913
-0.0181448
0.0177717
0.0171944
0.014493
0.0111317
0.00840318
0.00655909
0.00542833
0.00480105
0.00432642
0.00380397
0.00326004
0.00277051
0.00235209
0.0019026
0.00142548
0.0010219
0.00064633
0.000218392
-0.000199318
-0.000565514
-0.000958939
-0.00134665
-0.00172258
-0.00210403
-0.00252124
-0.00292932
-0.00332018
-0.00374515
-0.00416978
-0.00463418
-0.00512994
-0.00560271
-0.00610108
-0.00661237
-0.00711707
-0.00772189
-0.00827667
-0.00880666
-0.00938756
-0.0100048
-0.0106115
-0.0112232
-0.0119131
-0.0125296
-0.0132905
-0.0139804
-0.0148543
-0.0157866
-0.0165885
-0.0181438
0.0174349
0.016984
0.0144236
0.0111721
0.00847337
0.00660008
0.00541963
0.00477287
0.00431088
0.00380742
0.00327386
0.00278709
0.00236735
0.00191453
0.0014349
0.00103018
0.00065341
0.000224051
-0.000193934
-0.000560819
-0.000955334
-0.0013438
-0.00172047
-0.00210159
-0.00251767
-0.00292416
-0.00331518
-0.00374123
-0.00416725
-0.00463366
-0.00512826
-0.0055992
-0.00609757
-0.00660883
-0.00711448
-0.00771956
-0.00827303
-0.00880332
-0.00938519
-0.0100024
-0.010609
-0.011221
-0.011911
-0.0125278
-0.013289
-0.0139787
-0.0148518
-0.015784
-0.0165855
-0.0181427
0.0171008
0.0167742
0.014346
0.0112003
0.00853586
0.00664148
0.00541416
0.00474422
0.00429228
0.00380789
0.00328609
0.0028036
0.00238326
0.00192699
0.00144449
0.0010385
0.000660585
0.000229796
-0.000188473
-0.000556076
-0.000951694
-0.00134091
-0.00171831
-0.00209904
-0.002514
-0.00291885
-0.00331003
-0.00373718
-0.00416464
-0.00463313
-0.00512648
-0.00559557
-0.00609395
-0.00660514
-0.00711181
-0.00771717
-0.00826925
-0.00879986
-0.00938276
-0.00999981
-0.0106063
-0.0112187
-0.0119089
-0.0125259
-0.0132875
-0.013977
-0.0148491
-0.0157813
-0.0165825
-0.0181415
0.0167692
0.0165648
0.0142608
0.0112169
0.00858996
0.00668202
0.00541173
0.00471557
0.00427096
0.00380534
0.00329635
0.00281971
0.00239979
0.0019401
0.00145431
0.00104686
0.000667825
0.000235607
-0.000182947
-0.00055129
-0.000948022
-0.00133799
-0.00171608
-0.00209639
-0.00251023
-0.00291338
-0.00330473
-0.003733
-0.00416194
-0.00463259
-0.0051246
-0.00559181
-0.00609022
-0.00660131
-0.00710907
-0.00771472
-0.00826531
-0.00879629
-0.00938026
-0.00999715
-0.0106036
-0.0112163
-0.0119067
-0.0125239
-0.0132859
-0.0139752
-0.0148463
-0.0157785
-0.0165795
-0.0181403
0.0164397
0.0163555
0.0141687
0.0112222
0.00863523
0.00672051
0.00541199
0.00468732
0.00424727
0.0037998
0.00330428
0.002835
0.00241682
0.00195394
0.00146443
0.00105524
0.000675112
0.000241465
-0.00017737
-0.00054647
-0.000944321
-0.00133505
-0.00171381
-0.00209362
-0.00250634
-0.00290774
-0.00329928
-0.00372869
-0.00415916
-0.00463205
-0.00512261
-0.00558793
-0.00608638
-0.00659731
-0.00710626
-0.00771221
-0.00826122
-0.0087926
-0.00937769
-0.00999439
-0.0106007
-0.0112139
-0.0119045
-0.0125219
-0.0132842
-0.0139733
-0.0148434
-0.0157757
-0.0165763
-0.0181389
0.016111
0.0161461
0.0140707
0.0112168
0.00867137
0.0067559
0.00541441
0.00465977
0.00422151
0.0037914
0.00330966
0.00284903
0.00243415
0.00196858
0.00147494
0.00106366
0.000682433
0.000247353
-0.000171759
-0.000541634
-0.000940599
-0.0013321
-0.00171147
-0.00209074
-0.00250235
-0.00290192
-0.00329368
-0.00372425
-0.00415629
-0.0046315
-0.0051205
-0.0055839
-0.00608243
-0.00659316
-0.00710338
-0.00770963
-0.00825695
-0.00878881
-0.00937505
-0.00999151
-0.0105978
-0.0112114
-0.0119021
-0.0125198
-0.0132824
-0.0139714
-0.0148404
-0.0157728
-0.0165731
-0.0181375
0.0157817
0.0159361
0.0139673
0.0112011
0.00869817
0.00678725
0.00541839
0.00463314
0.00419398
0.00378035
0.00331236
0.00286136
0.00245149
0.00198404
0.00148598
0.00107218
0.000689764
0.000253236
-0.000166144
-0.000536795
-0.000936858
-0.00132913
-0.00170908
-0.00208773
-0.00249824
-0.00289592
-0.00328792
-0.00371967
-0.00415334
-0.00463094
-0.00511825
-0.00557975
-0.00607836
-0.00658883
-0.00710043
-0.00770699
-0.00825251
-0.00878489
-0.00937234
-0.00998852
-0.0105947
-0.0112088
-0.0118997
-0.0125176
-0.0132806
-0.0139693
-0.0148371
-0.0157699
-0.0165698
-0.0181359
0.0154494
0.0157245
0.0138593
0.0111756
0.00871551
0.00681373
0.00542323
0.00460754
0.00416492
0.00376685
0.00331233
0.00287158
0.00246846
0.00200028
0.00149763
0.00108083
0.000697102
0.000259086
-0.000160555
-0.000531972
-0.000933104
-0.00132615
-0.00170664
-0.00208461
-0.00249401
-0.00288974
-0.00328201
-0.00371496
-0.0041503
-0.00463037
-0.00511586
-0.00557546
-0.00607418
-0.00658433
-0.00709741
-0.00770427
-0.0082479
-0.00878087
-0.00936956
-0.0099854
-0.0105915
-0.0112062
-0.0118971
-0.0125153
-0.0132786
-0.0139672
-0.0148338
-0.0157669
-0.0165664
-0.0181342
0.0151133
0.0155105
0.0137477
0.0111409
0.00872328
0.00683453
0.00542818
0.00458294
0.00413446
0.00375107
0.00330966
0.00287937
0.00248465
0.00201719
0.00150999
0.0010897
0.000704462
0.000264894
-0.000155019
-0.000527198
-0.000929359
-0.00132317
-0.00170413
-0.00208135
-0.00248965
-0.00288336
-0.00327594
-0.00371012
-0.00414719
-0.00462979
-0.0051133
-0.00557103
-0.00606988
-0.00657964
-0.00709433
-0.00770147
-0.00824309
-0.00877672
-0.0093667
-0.00998216
-0.0105882
-0.0112034
-0.0118945
-0.012513
-0.0132766
-0.013965
-0.0148303
-0.0157638
-0.016563
-0.0181323
0.0147738
0.0152933
0.0136333
0.0110978
0.00872136
0.00684897
0.00543255
0.00455923
0.00410268
0.00373322
0.00330457
0.00288452
0.0024996
0.00203457
0.00152311
0.0010989
0.000711872
0.000270631
-0.00014958
-0.000522496
-0.000925619
-0.0013202
-0.00170157
-0.00207795
-0.00248516
-0.00287678
-0.00326972
-0.00370513
-0.00414401
-0.00462918
-0.00511057
-0.00556648
-0.00606546
-0.00657477
-0.00709118
-0.00769859
-0.00823808
-0.00877247
-0.00936376
-0.00997879
-0.0105848
-0.0112006
-0.0118918
-0.0125105
-0.0132744
-0.0139627
-0.0148267
-0.0157607
-0.0165595
-0.0181303
0.0144328
0.0150717
0.0135164
0.011047
0.00870978
0.00685645
0.00543563
0.00453632
0.00406971
0.00371342
0.00329727
0.00288688
0.00251285
0.00205215
0.00153702
0.00110851
0.000719384
0.00027629
-0.000144273
-0.000517904
-0.000921902
-0.00131725
-0.00169896
-0.00207442
-0.00248053
-0.00287
-0.00326335
-0.0037
-0.00414077
-0.00462855
-0.00510764
-0.00556179
-0.00606092
-0.00656969
-0.00708797
-0.00769562
-0.00823287
-0.00876811
-0.00936074
-0.00997527
-0.0105813
-0.0111977
-0.0118889
-0.0125079
-0.0132722
-0.0139604
-0.0148229
-0.0157575
-0.0165559
-0.0181282
0.0140935
0.014845
0.0133971
0.0109897
0.00868874
0.00685639
0.0054367
0.00451398
0.00403552
0.00369169
0.00328797
0.00288643
0.00252402
0.0020696
0.00155164
0.00111861
0.000727073
0.000281892
-0.00013913
-0.000513467
-0.000918235
-0.00131434
-0.00169629
-0.00207073
-0.00247574
-0.00286301
-0.00325684
-0.00369473
-0.00413746
-0.00462788
-0.00510451
-0.00555698
-0.00605625
-0.00656442
-0.0070847
-0.00769256
-0.00822745
-0.00876363
-0.00935764
-0.00997161
-0.0105777
-0.0111948
-0.011886
-0.0125053
-0.0132698
-0.0139579
-0.014819
-0.0157542
-0.0165522
-0.018126
0.0137593
0.0146125
0.0132753
0.0109268
0.00865843
0.00684823
0.00543498
0.00449201
0.00400012
0.00366798
0.00327691
0.00288326
0.00253273
0.00208651
0.00156686
0.00112926
0.000735014
0.000287462
-0.000134183
-0.000509228
-0.00091463
-0.00131148
-0.00169359
-0.00206689
-0.00247078
-0.00285581
-0.00325019
-0.00368933
-0.00413409
-0.00462717
-0.00510115
-0.00555205
-0.00605145
-0.00655894
-0.00708138
-0.00768939
-0.00822181
-0.00875906
-0.00935445
-0.0099678
-0.0105739
-0.0111917
-0.011883
-0.0125025
-0.0132674
-0.0139553
-0.014815
-0.0157508
-0.0165485
-0.0181236
0.0134339
0.0143745
0.0131502
0.0108594
0.00861929
0.00683146
0.00542974
0.00447018
0.00396352
0.00364216
0.00326421
0.00287759
0.00253873
0.00210247
0.00158251
0.00114048
0.000743279
0.000293044
-0.000129443
-0.000505234
-0.000911119
-0.00130868
-0.00169084
-0.0020629
-0.00246563
-0.00284838
-0.00324342
-0.00368378
-0.00413068
-0.0046264
-0.00509755
-0.00554701
-0.00604651
-0.00655325
-0.00707801
-0.0076861
-0.00821594
-0.00875438
-0.00935118
-0.00996382
-0.0105701
-0.0111886
-0.0118798
-0.0124997
-0.0132648
-0.0139526
-0.0148108
-0.0157474
-0.0165448
-0.018121
0.0131204
0.0141314
0.0130206
0.0107882
0.00857202
0.00680563
0.00542019
0.00444822
0.00392569
0.0036141
0.00324994
0.00286965
0.0025419
0.00211707
0.00159831
0.00115227
0.000751948
0.000298686
-0.000124912
-0.000501518
-0.000907742
-0.00130596
-0.00168806
-0.00205877
-0.00246028
-0.00284072
-0.00323653
-0.0036781
-0.00412724
-0.00462555
-0.00509369
-0.00554187
-0.00604143
-0.00654733
-0.0070746
-0.0076827
-0.00820984
-0.00874962
-0.00934781
-0.00995967
-0.0105661
-0.0111854
-0.0118765
-0.0124967
-0.0132622
-0.0139498
-0.0148065
-0.0157439
-0.0165409
-0.0181183
0.0128216
0.0138844
0.0128849
0.0107137
0.00851751
0.00677034
0.00540552
0.00442589
0.00388657
0.00358359
0.00323411
0.00285965
0.00254217
0.00212997
0.00161392
0.00116454
0.000761099
0.000304465
-0.000120595
-0.000498119
-0.000904532
-0.00130335
-0.00168526
-0.00205449
-0.00245471
-0.00283282
-0.00322953
-0.0036723
-0.00412376
-0.0046246
-0.00508955
-0.00553665
-0.00603621
-0.00654119
-0.00707114
-0.00767915
-0.00820349
-0.00874476
-0.00934434
-0.00995535
-0.010562
-0.0111821
-0.0118732
-0.0124936
-0.0132594
-0.0139469
-0.014802
-0.0157403
-0.016537
-0.0181154
0.0125395
0.0136351
0.0127413
0.0106357
0.00845695
0.00672547
0.00538472
0.00440289
0.0038462
0.00355042
0.00321674
0.00284782
0.0025395
0.00214087
0.00162902
0.00117712
0.000770756
0.000310467
-0.000116463
-0.000495067
-0.000901527
-0.00130088
-0.00168244
-0.00205008
-0.00244891
-0.00282464
-0.00322242
-0.00366638
-0.00412027
-0.00462353
-0.0050851
-0.00553136
-0.00603082
-0.00653481
-0.00706766
-0.00767546
-0.00819691
-0.00873982
-0.00934076
-0.00995084
-0.0105577
-0.0111787
-0.0118696
-0.0124904
-0.0132565
-0.0139439
-0.0147974
-0.0157366
-0.016533
-0.0181123
0.0122757
0.0133857
0.0125881
0.0105537
0.00839157
0.0066711
0.00535671
0.00437884
0.00380476
0.00351439
0.00319761
0.00283434
0.00253404
0.00214958
0.00164325
0.00118984
0.000780909
0.000316729
-0.000112465
-0.000492339
-0.000898766
-0.0012986
-0.00167958
-0.00204554
-0.00244289
-0.00281621
-0.0032152
-0.00366035
-0.00411679
-0.00462231
-0.00508034
-0.00552602
-0.00602527
-0.00652821
-0.00706414
-0.00767159
-0.00819007
-0.00873482
-0.00933708
-0.00994613
-0.0105534
-0.0111752
-0.011866
-0.0124871
-0.0132535
-0.0139407
-0.0147927
-0.0157328
-0.016529
-0.0181091
0.0120303
0.0131391
0.0124239
0.0104663
0.00832259
0.0066077
0.00532036
0.00435322
0.00376238
0.00347527
0.00317655
0.0028193
0.00252594
0.00215599
0.00165619
0.00120241
0.000791612
0.000323313
-0.000108642
-0.000489917
-0.000896238
-0.00129658
-0.00167674
-0.00204086
-0.00243662
-0.00280751
-0.00320787
-0.0036542
-0.00411334
-0.0046209
-0.00507525
-0.00552065
-0.00601953
-0.00652137
-0.0070606
-0.00766753
-0.00818299
-0.00872975
-0.00933327
-0.00994122
-0.0105489
-0.0111717
-0.0118622
-0.0124837
-0.0132504
-0.0139374
-0.0147878
-0.015729
-0.0165248
-0.0181057
0.0118018
0.0128979
0.0122482
0.0103715
0.00825087
0.00653626
0.0052746
0.00432534
0.00371933
0.00343283
0.0031533
0.00280282
0.00251525
0.0021601
0.0016676
0.00121439
0.000802789
0.000330388
-0.000105028
-0.000487863
-0.000893893
-0.00129482
-0.00167395
-0.00203605
-0.00243009
-0.00279856
-0.00320043
-0.00364796
-0.00410993
-0.00461927
-0.0050698
-0.00551527
-0.00601361
-0.0065143
-0.00705705
-0.00766327
-0.00817565
-0.00872463
-0.00932933
-0.0099361
-0.0105443
-0.011168
-0.0118582
-0.0124801
-0.0132472
-0.013934
-0.0147829
-0.015725
-0.0165206
-0.0181021
0.0115866
0.0126648
0.0120613
0.0102668
0.00817676
0.00645829
0.00521857
0.00429412
0.00367587
0.00338695
0.0031275
0.00278499
0.00250202
0.00216186
0.00167743
0.00122537
0.000814148
0.000338098
-0.000101503
-0.000486254
-0.000891753
-0.00129328
-0.00167123
-0.00203114
-0.00242329
-0.00278937
-0.0031929
-0.0036416
-0.00410658
-0.00461739
-0.00506399
-0.00550991
-0.00600747
-0.00650701
-0.00705348
-0.00765876
-0.00816806
-0.00871948
-0.00932524
-0.00993076
-0.0105397
-0.0111643
-0.0118541
-0.0124764
-0.0132438
-0.0139304
-0.0147778
-0.0157209
-0.0165163
-0.0180984
0.0113794
0.0124413
0.0118647
0.0101501
0.00809988
0.0063756
0.00515171
0.00425813
0.00363229
0.00333776
0.00309876
0.00276588
0.00248639
0.00216124
0.00168557
0.00123505
0.000825373
0.000346455
-9.7931e-05
-0.000485093
-0.000889882
-0.00129199
-0.0016686
-0.00202614
-0.00241621
-0.00277997
-0.00318526
-0.0036351
-0.00410331
-0.00461521
-0.00505781
-0.00550459
-0.00600111
-0.00649949
-0.00704991
-0.00765399
-0.00816023
-0.0087143
-0.009321
-0.00992519
-0.0105349
-0.0111604
-0.0118499
-0.0124725
-0.0132403
-0.0139266
-0.0147726
-0.0157168
-0.016512
-0.0180945
0.0111742
0.0122277
0.0116611
0.0100194
0.0080188
0.00629004
0.00507423
0.00421583
0.00358869
0.00328541
0.0030666
0.00274544
0.00246842
0.00215825
0.001692
0.00124315
0.000836122
0.000355405
-9.4266e-05
-0.000484375
-0.000888245
-0.00129093
-0.00166608
-0.00202106
-0.0024088
-0.00277041
-0.00317758
-0.00362848
-0.00410011
-0.00461269
-0.00505126
-0.00549932
-0.00599448
-0.00649177
-0.00704633
-0.00764892
-0.00815217
-0.00870912
-0.00931658
-0.00991938
-0.01053
-0.0111564
-0.0118455
-0.0124685
-0.0132368
-0.0139228
-0.0147672
-0.0157125
-0.0165075
-0.0180904
0.0109658
0.012023
0.0114537
0.00987401
0.0079313
0.00620325
0.00498701
0.0041654
0.00354483
0.00323025
0.00303057
0.0027236
0.00244817
0.00215283
0.00169682
0.00124949
0.000845942
0.000364891
-9.03425e-05
-0.00048416
-0.000886922
-0.00128997
-0.00166366
-0.00201604
-0.00240105
-0.00276065
-0.00316989
-0.00362175
-0.00409695
-0.00460977
-0.00504438
-0.00549415
-0.00598758
-0.00648387
-0.00704274
-0.00764352
-0.00814389
-0.00870395
-0.00931197
-0.00991333
-0.010525
-0.0111524
-0.0118409
-0.0124644
-0.0132331
-0.0139187
-0.0147618
-0.0157082
-0.016503
-0.0180862
0.0107507
0.0118248
0.0112457
0.00971421
0.00783472
0.00611607
0.00489156
0.00410506
0.00350025
0.00317295
0.00299017
0.00270015
0.0024258
0.0021449
0.00170005
0.00125401
0.000854395
0.00037463
-8.59662e-05
-0.00048432
-0.000886142
-0.00128917
-0.00166116
-0.00201108
-0.00239304
-0.00275073
-0.00316217
-0.00361492
-0.00409384
-0.00460638
-0.00503717
-0.00548908
-0.00598037
-0.00647582
-0.00703915
-0.00763774
-0.0081354
-0.00869879
-0.00930715
-0.00990702
-0.01052
-0.0111482
-0.0118362
-0.0124602
-0.0132292
-0.0139145
-0.0147562
-0.0157037
-0.0164983
-0.0180818
0.0105272
0.0116301
0.0110399
0.00954176
0.00772639
0.00602845
0.00479019
0.00403351
0.0034538
0.0031142
0.00294518
0.00267479
0.00240136
0.0021344
0.00170178
0.00125667
0.000861174
0.00038423
-8.12551e-05
-0.000484556
-0.000885812
-0.00128868
-0.00165855
-0.00200606
-0.00238479
-0.00274075
-0.00315447
-0.003608
-0.00409074
-0.00460246
-0.00502969
-0.00548414
-0.00597279
-0.00646763
-0.00703554
-0.00763154
-0.00812674
-0.00869368
-0.00930208
-0.00990046
-0.0105149
-0.0111438
-0.0118313
-0.0124558
-0.0132253
-0.0139101
-0.0147506
-0.0156991
-0.0164936
-0.0180772
0.0102953
0.0114359
0.0108377
0.00935945
0.00760409
0.00593908
0.00468555
0.00395016
0.00340369
0.00305454
0.00289555
0.00264733
0.00237486
0.00212105
0.00170217
0.00125755
0.000865959
0.000393485
-7.63712e-05
-0.000484879
-0.000885793
-0.00128849
-0.00165592
-0.00200104
-0.00237625
-0.00273069
-0.00314684
-0.00360107
-0.00408756
-0.00459786
-0.005022
-0.00547938
-0.00596484
-0.00645935
-0.0070319
-0.00762488
-0.00811793
-0.00868863
-0.00929675
-0.00989365
-0.0105097
-0.0111394
-0.0118262
-0.0124512
-0.0132213
-0.0139056
-0.0147448
-0.0156945
-0.0164887
-0.0180725
0.0100565
0.0112392
0.0106394
0.00917074
0.00746677
0.00584537
0.00457984
0.00385543
0.00334814
0.00299438
0.00284126
0.00261743
0.00234668
0.00210453
0.00170115
0.00125688
0.000868449
0.00040206
-7.14061e-05
-0.000485288
-0.000886128
-0.00128857
-0.00165311
-0.00199596
-0.00236759
-0.00272063
-0.00313918
-0.00359422
-0.00408439
-0.00459248
-0.00501411
-0.00547481
-0.00595648
-0.00645103
-0.0070282
-0.0076177
-0.00810902
-0.00868363
-0.00929112
-0.00988657
-0.0105045
-0.0111347
-0.0118209
-0.0124466
-0.0132171
-0.0139009
-0.014739
-0.0156897
-0.0164838
-0.0180676
0.00981239
0.0110382
0.0104436
0.00897877
0.00731485
0.00574431
0.00447444
0.0037505
0.0032853
0.00293404
0.00278246
0.00258433
0.00231721
0.00208476
0.0016985
0.00125484
0.00086844
0.000409653
-6.65829e-05
-0.00048573
-0.000886556
-0.00128904
-0.00165027
-0.00199058
-0.00235878
-0.00271086
-0.00313149
-0.00358733
-0.00408119
-0.00458631
-0.00500607
-0.0054704
-0.00594768
-0.00644273
-0.0070244
-0.00760996
-0.00810005
-0.00867872
-0.00928515
-0.00987924
-0.0104993
-0.0111299
-0.0118155
-0.0124418
-0.0132128
-0.013896
-0.014733
-0.0156848
-0.0164787
-0.0180626
0.00956481
0.010832
0.0102484
0.00878568
0.00714963
0.00563297
0.00437018
0.00363731
0.00321312
0.00287324
0.0027199
0.00254726
0.00228645
0.0020617
0.00169408
0.00125182
0.000865676
0.000415927
-6.19243e-05
-0.00048647
-0.000886984
-0.00128953
-0.00164763
-0.00198501
-0.00234953
-0.00270141
-0.00312396
-0.00358047
-0.00407782
-0.00457922
-0.00499798
-0.00546617
-0.00593844
-0.0064345
-0.00702046
-0.00760161
-0.00809108
-0.00867389
-0.00927881
-0.00987166
-0.0104941
-0.011125
-0.0118098
-0.0124368
-0.0132084
-0.013891
-0.014727
-0.0156799
-0.0164736
-0.0180574
0.00931466
0.0106204
0.0100514
0.00859279
0.00697353
0.00550837
0.00426641
0.00351858
0.00313014
0.00281108
0.0026546
0.00250585
0.00225442
0.00203523
0.00168732
0.00124841
0.000860369
0.000420116
-5.75592e-05
-0.000487475
-0.000887664
-0.00128971
-0.00164495
-0.00197952
-0.00234006
-0.00269224
-0.00311648
-0.00357374
-0.00407433
-0.00457111
-0.00498983
-0.0054621
-0.0059288
-0.00642643
-0.00701628
-0.00759261
-0.0080822
-0.00866915
-0.00927207
-0.00986385
-0.0104889
-0.0111198
-0.011804
-0.0124318
-0.0132038
-0.0138858
-0.0147208
-0.0156749
-0.0164683
-0.0180521
0.009062
0.0104037
0.00985086
0.00840008
0.00679012
0.00536862
0.00416031
0.00339705
0.00303619
0.00274608
0.00258732
0.00246002
0.00222132
0.00200562
0.00167717
0.00124442
0.000853231
0.000422067
-5.39344e-05
-0.000488811
-0.000888763
-0.00128946
-0.00164194
-0.00197404
-0.00233044
-0.00268361
-0.00310909
-0.00356695
-0.00407062
-0.00456215
-0.00498168
-0.00545799
-0.00591878
-0.00641866
-0.0070118
-0.00758289
-0.00807347
-0.00866449
-0.00926486
-0.00985582
-0.0104837
-0.0111145
-0.011798
-0.0124267
-0.0131991
-0.0138804
-0.0147146
-0.0156697
-0.016463
-0.0180466
0.00880652
0.0101823
0.00964547
0.00820575
0.00660257
0.00521438
0.00404866
0.00327441
0.0029318
0.00267666
0.00251832
0.00240943
0.00218724
0.0019738
0.00166334
0.00123909
0.000844182
0.00042174
-5.08753e-05
-0.000490245
-0.000890763
-0.00128895
-0.00163823
-0.00196853
-0.00232076
-0.00267541
-0.00310199
-0.00356029
-0.00406643
-0.00455226
-0.00497372
-0.00545378
-0.00590835
-0.00641124
-0.00700691
-0.00757245
-0.00806499
-0.00865988
-0.00925714
-0.00984759
-0.0104785
-0.0111089
-0.0117917
-0.0124214
-0.0131943
-0.0138749
-0.0147083
-0.0156645
-0.0164575
-0.018041
0.00854766
0.00995606
0.0094349
0.00800741
0.00641213
0.00504722
0.0039287
0.00315208
0.00281835
0.00260148
0.00244812
0.00235354
0.00215105
0.00194029
0.00164636
0.00123267
0.000833255
0.000418202
-4.90983e-05
-0.000490913
-0.000893179
-0.00128884
-0.00163375
-0.00196267
-0.00231147
-0.00266777
-0.0030948
-0.00355375
-0.00406188
-0.00454154
-0.00496588
-0.0054493
-0.00589772
-0.00640432
-0.0070014
-0.00756122
-0.00805688
-0.00865535
-0.0092489
-0.0098392
-0.0104734
-0.011103
-0.0117853
-0.0124161
-0.0131894
-0.0138692
-0.0147019
-0.0156592
-0.0164519
-0.0180352
0.008285
0.00972421
0.00921953
0.0078035
0.00621861
0.00486881
0.00379718
0.00303027
0.00269812
0.00251924
0.00237753
0.0022935
0.00211197
0.00190426
0.00162528
0.00122519
0.000821862
0.000412036
-4.9894e-05
-0.000491737
-0.000895202
-0.00128877
-0.00162884
-0.0019561
-0.00230256
-0.00266123
-0.00308771
-0.00354692
-0.00405654
-0.00453036
-0.0049585
-0.00544415
-0.0058868
-0.00639815
-0.00699526
-0.00754915
-0.00804918
-0.00865081
-0.00924008
-0.00983071
-0.0104683
-0.0110969
-0.0117787
-0.0124107
-0.0131842
-0.0138634
-0.0146954
-0.0156539
-0.0164463
-0.0180294
0.00801902
0.00948563
0.0089991
0.00759342
0.00602151
0.00468171
0.00365179
0.00290694
0.00257325
0.00242872
0.00230605
0.00223067
0.00207102
0.00186688
0.00159901
0.00121441
0.000809517
0.000404396
-5.21186e-05
-0.00049296
-0.00089734
-0.0012889
-0.00162377
-0.00194856
-0.00229363
-0.0026558
-0.00308112
-0.00354016
-0.00404995
-0.00451846
-0.00495181
-0.00543843
-0.0058756
-0.00639262
-0.00698835
-0.00753639
-0.00804205
-0.0086462
-0.00923059
-0.0098221
-0.0104633
-0.0110906
-0.011772
-0.0124052
-0.013179
-0.0138574
-0.0146889
-0.0156484
-0.0164406
-0.0180234
0.00775019
0.00923915
0.00877232
0.00737644
0.00581957
0.00448848
0.00349235
0.00277959
0.00244606
0.0023301
0.00223262
0.00216465
0.00202696
0.00182974
0.00156977
0.00120009
0.000794683
0.000393487
-5.61638e-05
-0.000493505
-0.000898042
-0.00128876
-0.00161979
-0.00194081
-0.00228442
-0.00265109
-0.00307485
-0.00353352
-0.00404234
-0.00450605
-0.0049456
-0.00543186
-0.0058644
-0.00638791
-0.00698039
-0.00752284
-0.0080356
-0.00864158
-0.00922051
-0.00981345
-0.0104582
-0.0110839
-0.011765
-0.0123997
-0.0131736
-0.0138514
-0.0146823
-0.0156429
-0.0164348
-0.0180173
0.00747803
0.00898408
0.00853773
0.00715193
0.00561059
0.00429034
0.00332018
0.00264518
0.00231776
0.00222448
0.00215733
0.00209729
0.00197833
0.00179078
0.00153767
0.00118346
0.000779439
0.000379658
-6.38305e-05
-0.000495773
-0.000897625
-0.00128596
-0.00161578
-0.00193377
-0.00227546
-0.00264701
-0.00306906
-0.00352693
-0.00403325
-0.0044933
-0.00494024
-0.00542439
-0.00585308
-0.00638388
-0.00697144
-0.00750868
-0.00802974
-0.00863667
-0.00920983
-0.00980493
-0.0104533
-0.0110769
-0.0117579
-0.0123941
-0.0131679
-0.0138451
-0.0146757
-0.0156373
-0.0164289
-0.0180111
0.00720121
0.00871955
0.00829337
0.00691935
0.00539322
0.00408735
0.00313822
0.00250217
0.00218791
0.00211202
0.00207775
0.00202985
0.00192701
0.00175034
0.00150191
0.00116192
0.000763617
0.000365408
-7.25813e-05
-0.000499209
-0.000898574
-0.00128246
-0.00161131
-0.00192702
-0.0022666
-0.00264287
-0.00306352
-0.00352082
-0.00402306
-0.00448
-0.00493514
-0.00541627
-0.00584231
-0.00638032
-0.00696105
-0.00749417
-0.00802477
-0.00863138
-0.00919835
-0.0097964
-0.0104484
-0.0110696
-0.0117507
-0.0123886
-0.0131622
-0.0138388
-0.014669
-0.0156316
-0.016423
-0.0180049
0.00691824
0.0084443
0.00803621
0.00667641
0.00516569
0.00387771
0.0029486
0.00235159
0.00205871
0.0019965
0.00199272
0.00196017
0.00187151
0.00170787
0.00146473
0.00113555
0.000744721
0.00034903
-8.24183e-05
-0.000501021
-0.000897613
-0.00127763
-0.0016076
-0.0019226
-0.0022592
-0.0026383
-0.00305741
-0.0035145
-0.00401201
-0.00446699
-0.00493
-0.0054069
-0.00583229
-0.00637739
-0.00694921
-0.00747935
-0.00802064
-0.00862574
-0.00918634
-0.00978801
-0.0104433
-0.0110619
-0.0117434
-0.012383
-0.0131563
-0.0138325
-0.0146624
-0.0156259
-0.0164171
-0.0179985
0.00662717
0.00815775
0.00776431
0.00642043
0.00492583
0.00365821
0.00275026
0.00219182
0.00192968
0.00188303
0.00190621
0.00189068
0.00181267
0.00166026
0.00142416
0.0011048
0.000723405
0.00033091
-9.51275e-05
-0.000504102
-0.000895431
-0.00126977
-0.00160125
-0.00191859
-0.00225416
-0.00263436
-0.00305131
-0.00350809
-0.0039999
-0.00445434
-0.00492486
-0.00539666
-0.00582326
-0.00637451
-0.00693565
-0.00746466
-0.00801748
-0.00861944
-0.00917369
-0.00977993
-0.0104383
-0.0110539
-0.0117359
-0.0123774
-0.0131501
-0.0138259
-0.0146557
-0.0156202
-0.0164111
-0.0179922
0.00632543
0.00785832
0.00747631
0.00614932
0.00467287
0.00342847
0.00254452
0.00202279
0.00179686
0.00177054
0.0018182
0.00182243
0.00175448
0.00161023
0.00138055
0.00106835
0.000697421
0.000311708
-0.000108032
-0.000507478
-0.000893378
-0.00126292
-0.00159534
-0.00191405
-0.00224933
-0.00262928
-0.00304397
-0.00350111
-0.00398728
-0.00444247
-0.00491908
-0.00538544
-0.005816
-0.00637198
-0.00692032
-0.0074502
-0.00801536
-0.00861265
-0.0091606
-0.00977209
-0.0104331
-0.0110455
-0.0117285
-0.0123717
-0.0131437
-0.0138193
-0.0146489
-0.0156143
-0.016405
-0.0179856
0.00601119
0.00754328
0.00716996
0.00586066
0.00440553
0.00318824
0.00233384
0.00184879
0.00166177
0.00166008
0.00172789
0.00175173
0.00169535
0.00155774
0.00133577
0.00102992
0.00066756
0.000289676
-0.000121972
-0.000510674
-0.000888929
-0.00125508
-0.00159125
-0.00191225
-0.00224777
-0.00262479
-0.00303522
-0.00349224
-0.00397301
-0.00443057
-0.00491213
-0.00537288
-0.00580955
-0.00636872
-0.00690318
-0.0074364
-0.00801414
-0.00860517
-0.00914742
-0.00976504
-0.0104282
-0.0110373
-0.0117214
-0.0123665
-0.0131377
-0.0138131
-0.0146428
-0.0156088
-0.0163993
-0.0179796
0.00567592
0.00720467
0.00683793
0.00554758
0.00411897
0.00293461
0.0021178
0.00167301
0.00152618
0.00155364
0.00163833
0.00167831
0.00163376
0.00150052
0.0012862
0.000989189
0.000636814
0.000268799
-0.000133807
-0.000513685
-0.000884238
-0.00124731
-0.00158745
-0.00191022
-0.00224805
-0.00262274
-0.0030279
-0.00348397
-0.0039594
-0.00441944
-0.00490377
-0.00535968
-0.00580416
-0.00636359
-0.00688284
-0.00742181
-0.0080121
-0.00859516
-0.00913215
-0.0097565
-0.0104215
-0.0110272
-0.011713
-0.0123599
-0.0131302
-0.0138056
-0.0146355
-0.0156023
-0.0163928
-0.0179726
0.00532591
0.00684252
0.00648033
0.00520979
0.00381312
0.00266932
0.00189957
0.00150188
0.0013956
0.00145333
0.00155199
0.00160329
0.00156968
0.00143935
0.00123123
0.000943966
0.00060273
0.000248059
-0.000140564
-0.000511749
-0.000876001
-0.00123899
-0.00158587
-0.00190933
-0.00224851
-0.00262025
-0.00302002
-0.00347563
-0.00394787
-0.00441203
-0.00489793
-0.00535015
-0.00580413
-0.00636147
-0.00686521
-0.00741236
-0.00801451
-0.00858813
-0.00912057
-0.00975197
-0.0104178
-0.0110201
-0.0117073
-0.0123559
-0.0131249
-0.0138003
-0.0146302
-0.0155973
-0.0163875
-0.0179669
0.00492345
0.00642791
0.00607001
0.00482601
0.00347532
0.00238718
0.00167628
0.00133532
0.00127227
0.00136023
0.00147046
0.00152808
0.00150313
0.00137498
0.00117273
0.00089817
0.000570215
0.000229356
-0.000143359
-0.000506468
-0.000864939
-0.00122663
-0.00157986
-0.00190366
-0.00224453
-0.00261352
-0.00300621
-0.00345929
-0.00392846
-0.00439681
-0.00488343
-0.0053336
-0.00579766
-0.00635042
-0.00683902
-0.00739699
-0.00801079
-0.00857396
-0.00910298
-0.00974218
-0.0104089
-0.0110081
-0.0116977
-0.0123481
-0.0131162
-0.0137921
-0.0146225
-0.0155905
-0.0163808
-0.0179598
0.0044804
0.00594511
0.00558147
0.00436977
0.00308354
0.00207188
0.00143541
0.00116343
0.0011466
0.00125882
0.00137468
0.00143269
0.00141249
0.00128729
0.00109263
0.000835287
0.000525794
0.00020195
-0.000152842
-0.00051083
-0.000867872
-0.00122908
-0.00158739
-0.00190953
-0.00225093
-0.00261871
-0.00300519
-0.00345425
-0.00392104
-0.0043939
-0.00487976
-0.00532876
-0.00580277
-0.00634801
-0.00682155
-0.00739163
-0.00801539
-0.00856691
-0.00909284
-0.00973929
-0.0104056
-0.0110017
-0.0116931
-0.0123447
-0.0131113
-0.0137873
-0.0146177
-0.0155856
-0.0163758
-0.0179543
0.00413063
0.00551965
0.00513243
0.00396077
0.00275764
0.0018413
0.00129199
0.00109038
0.00110604
0.00121921
0.00132408
0.00137034
0.00134709
0.00122495
0.00103848
0.00079968
0.000509838
0.000200589
-0.000138646
-0.000492763
-0.000850059
-0.00121013
-0.00157482
-0.00189909
-0.00224106
-0.00260803
-0.00298845
-0.00343185
-0.00389677
-0.00437582
-0.00486334
-0.00531328
-0.00579601
-0.00633288
-0.00679394
-0.007378
-0.0080111
-0.00855118
-0.00907558
-0.00972979
-0.0103959
-0.0109895
-0.0116836
-0.0123369
-0.0131026
-0.0137794
-0.0146105
-0.0155791
-0.0163695
-0.0179476
0.00313214
0.00452313
0.00424292
0.00324508
0.00223391
0.00149167
0.00108147
0.00096929
0.00101336
0.00111856
0.00120941
0.00124474
0.00122264
0.0011164
0.000950116
0.000737172
0.000472012
0.00017644
-0.000151141
-0.000502462
-0.000860419
-0.00121587
-0.0015812
-0.00190582
-0.00224675
-0.00261432
-0.00299098
-0.00342561
-0.00388539
-0.00436887
-0.00485839
-0.0053102
-0.00579877
-0.00632486
-0.00677473
-0.00737246
-0.0080128
-0.00854144
-0.00906452
-0.00972527
-0.0103905
-0.0109819
-0.0116781
-0.0123323
-0.0130966
-0.0137739
-0.0146052
-0.0155738
-0.0163642
-0.0179419
0.00314936
0.00404507
0.00360726
0.00270363
0.00188167
0.00131583
0.00102431
0.000954567
0.000985794
0.00105754
0.00112322
0.00114371
0.00112296
0.00103768
0.000895936
0.000707193
0.000463288
0.000178269
-0.000141204
-0.000488351
-0.000848809
-0.00120357
-0.0015714
-0.00190109
-0.00224031
-0.00260685
-0.00298325
-0.0034098
-0.00386307
-0.00435264
-0.00484899
-0.00530462
-0.00579562
-0.00631058
-0.00675323
-0.00736506
-0.00801069
-0.0085288
-0.00905195
-0.00971898
-0.0103831
-0.0109729
-0.0116714
-0.0123267
-0.0130901
-0.0137681
-0.0145999
-0.0155686
-0.016359
-0.0179362
0.000802578
0.0022554
0.00243107
0.00208884
0.00167481
0.00134807
0.00112272
0.00100358
0.0009612
0.000974633
0.00101089
0.0010239
0.00101302
0.000956609
0.0008448
0.000680779
0.000455827
0.000177248
-0.000140628
-0.000485541
-0.00084626
-0.00119703
-0.00155997
-0.00189212
-0.00223185
-0.00259908
-0.00297849
-0.00339657
-0.00383724
-0.00432973
-0.00483601
-0.00529676
-0.00578696
-0.00629065
-0.00672854
-0.00735323
-0.00800304
-0.00851246
-0.00903625
-0.00970835
-0.0103719
-0.010961
-0.0116621
-0.0123185
-0.0130815
-0.0137605
-0.0145929
-0.0155622
-0.0163529
-0.0179299
-0.00114733
-0.000647786
0.000204948
0.000908537
0.00128822
0.00133632
0.00119243
0.00102708
0.000906033
0.000852634
0.000853542
0.000865088
0.000873344
0.000851445
0.000773678
0.0006361
0.000431741
0.000162746
-0.000151128
-0.000493157
-0.000854961
-0.00120545
-0.00156537
-0.0018986
-0.00223798
-0.00260248
-0.00298537
-0.00339932
-0.00382448
-0.00431859
-0.00484085
-0.00530645
-0.00578988
-0.00628322
-0.00672022
-0.00735536
-0.00800624
-0.00850811
-0.00903251
-0.0097082
-0.0103701
-0.0109582
-0.0116603
-0.0123169
-0.0130785
-0.0137577
-0.0145903
-0.0155589
-0.0163495
-0.0179258
-0.0022649
-0.000399734
0.000596345
0.00107669
0.00128134
0.00131763
0.00122562
0.00107962
0.000943588
0.000851534
0.000811106
0.000806902
0.000817571
0.000812144
0.000758891
0.000642804
0.000456589
0.000192438
-0.00012434
-0.0004706
-0.000836345
-0.00118535
-0.00153953
-0.00187096
-0.0022149
-0.00258033
-0.00296801
-0.00338288
-0.00378978
-0.00427875
-0.00481971
-0.00529462
-0.0057699
-0.00625301
-0.00669202
-0.0073367
-0.00798853
-0.00848592
-0.00901226
-0.00969092
-0.010353
-0.0109419
-0.0116468
-0.012305
-0.0130672
-0.0137481
-0.0145818
-0.0155515
-0.0163426
-0.0179186
-0.00339148
-0.00252426
-0.00123578
-9.11236e-05
0.00069424
0.00108083
0.00114295
0.00104213
0.000902282
0.000785879
0.000715874
0.000701611
0.000714644
0.000717309
0.000683109
0.000586528
0.000422556
0.000172157
-0.000138834
-0.00048362
-0.000852623
-0.00120086
-0.00155215
-0.00187908
-0.00222434
-0.0025887
-0.00297695
-0.00339778
-0.00379062
-0.00426894
-0.00482458
-0.00531084
-0.00577967
-0.00625094
-0.00669035
-0.00734391
-0.00799499
-0.00848694
-0.0090144
-0.00969492
-0.0103552
-0.0109435
-0.0116488
-0.0123067
-0.0130677
-0.0137481
-0.0145816
-0.0155504
-0.0163411
-0.0179165
-0.00484083
-0.00230674
-0.000732222
0.000233626
0.000796744
0.0010688
0.00111796
0.00103711
0.00091164
0.000799296
0.000724234
0.000703911
0.00071617
0.000716921
0.000685723
0.000593724
0.000435945
0.00019227
-0.000117565
-0.000460462
-0.000830485
-0.00117737
-0.00152574
-0.00185013
-0.00219585
-0.0025637
-0.00295165
-0.00337726
-0.00376742
-0.00423467
-0.00479373
-0.00528857
-0.0057591
-0.00622612
-0.00666246
-0.0073197
-0.00797464
-0.00846508
-0.0089928
-0.00967554
-0.0103369
-0.0109262
-0.0116335
-0.0122937
-0.0130559
-0.0137379
-0.0145727
-0.0155427
-0.0163339
-0.0179084
)
;

boundaryField
{
    zeroGradientPlanes
    {
        type            zeroGradient;
    }
    inlet
    {
        type            zeroGradient;
    }
    plate
    {
        type            zeroGradient;
    }
    frontAndBack
    {
        type            empty;
    }
}


// ************************************************************************* //
