/*--------------------------------*- C++ -*----------------------------------*\
| =========                 |                                                 |
| \\      /  F ield         | OpenFOAM: The Open Source CFD Toolbox           |
|  \\    /   O peration     | Version:  v2012                                 |
|   \\  /    A nd           | Website:  www.openfoam.com                      |
|    \\/     M anipulation  |                                                 |
\*---------------------------------------------------------------------------*/
FoamFile
{
    version     2.0;
    format      ascii;
    class       volScalarField;
    location    "3.6";
    object      p;
}
// * * * * * * * * * * * * * * * * * * * * * * * * * * * * * * * * * * * * * //

dimensions      [0 2 -2 0 0 0 0];


internalField   nonuniform List<scalar> 
7000
(
-6.50028e-11
0.00464517
0.00509692
0.00377013
-0.00279084
0.00234839
0.00348516
0.00740391
0.0102673
0.014288
0.0150922
0.0180665
0.0192233
0.0219643
0.0226502
0.0252512
0.0268035
0.0303519
0.0338325
0.0403645
3.05571e-07
0.00464995
0.00509099
0.00377098
-0.00277528
0.002346
0.00347763
0.00741139
0.0102705
0.014292
0.0150915
0.0180603
0.0192173
0.0219514
0.0226481
0.0252283
0.0268207
0.0303061
0.0338737
0.0400921
1.31671e-06
0.00466222
0.00508277
0.00377244
-0.00275764
0.00234078
0.00347047
0.00742858
0.0102732
0.014299
0.0150874
0.0180527
0.0192067
0.0219372
0.0226437
0.0252009
0.0268384
0.0302421
0.033908
0.0396115
4.4294e-06
0.00468131
0.00506842
0.00377364
-0.00272698
0.00233683
0.00346822
0.00744798
0.0102734
0.0143065
0.0150807
0.0180425
0.0191935
0.0219175
0.0226377
0.0251649
0.0268546
0.0301706
0.0339051
0.0391116
1.11352e-05
0.00470259
0.00504572
0.00377457
-0.00267959
0.00233628
0.00347053
0.00746623
0.0102723
0.0143117
0.0150726
0.0180272
0.0191797
0.0218901
0.0226328
0.0251192
0.0268722
0.0300871
0.0338718
0.0386404
2.22939e-05
0.00472227
0.00501437
0.00377568
-0.00261305
0.00234109
0.00347699
0.00748346
0.0102716
0.0143138
0.0150644
0.0180064
0.0191668
0.0218547
0.0226305
0.0250638
0.0268896
0.0299931
0.0338127
0.0382001
3.78839e-05
0.0047393
0.00497614
0.00377756
-0.00252852
0.00235161
0.0034873
0.00750021
0.0102722
0.0143128
0.0150565
0.01798
0.0191555
0.0218111
0.0226309
0.0249984
0.0269051
0.0298905
0.0337284
0.0377825
5.7123e-05
0.00475464
0.00493381
0.00378083
-0.00242902
0.00236649
0.00350045
0.00751643
0.0102744
0.0143086
0.0150489
0.0179477
0.0191457
0.0217589
0.0226333
0.0249236
0.0269165
0.0297812
0.0336176
0.0373797
7.88048e-05
0.00477003
0.00489037
0.003786
-0.00231819
0.00238341
0.00351505
0.00753164
0.0102782
0.0143008
0.0150411
0.0179087
0.0191371
0.0216977
0.0226369
0.02484
0.026921
0.0296668
0.0334792
0.0369865
0.000101709
0.00478712
0.00484833
0.00379338
-0.0021992
0.00240028
0.00352983
0.00754519
0.0102835
0.0142887
0.0150323
0.0178624
0.0191295
0.0216273
0.0226408
0.0247489
0.0269159
0.0295491
0.0333126
0.0365986
0.000124942
0.00480697
0.0048093
0.00380297
-0.00207412
0.00241595
0.00354399
0.00755652
0.0102903
0.0142718
0.015022
0.017808
0.0191225
0.0215474
0.0226439
0.0246519
0.0268982
0.0294287
0.0331187
0.0362122
0.000148088
0.0048298
0.00477385
0.00381442
-0.00194392
0.00243042
0.00355751
0.00756532
0.0102987
0.0142497
0.0150095
0.0177448
0.019116
0.0214584
0.0226445
0.024551
0.026865
0.0293057
0.0328991
0.0358238
0.000171187
0.0048551
0.00474162
0.00382716
-0.00180864
0.00244452
0.0035713
0.00757164
0.0103088
0.0142222
0.0149943
0.0176724
0.0191095
0.021361
0.0226408
0.0244483
0.0268141
0.0291791
0.0326559
0.0354297
0.00019457
0.00488195
0.00471166
0.00384058
-0.0016678
0.00245963
0.00358723
0.00757605
0.0103207
0.0141891
0.0149764
0.0175905
0.0191028
0.0212563
0.0226306
0.0243456
0.0267438
0.0290474
0.0323914
0.0350273
0.000218657
0.00490941
0.00468288
0.00385418
-0.00152094
0.00247737
0.00360777
0.0075796
0.0103345
0.0141508
0.0149559
0.0174992
0.0190954
0.0211459
0.0226112
0.0242445
0.0266532
0.0289083
0.032108
0.0346143
0.000243804
0.00493677
0.00465442
0.00386758
-0.00136799
0.00249913
0.0036353
0.00758351
0.0103507
0.0141072
0.0149333
0.0173988
0.0190865
0.021032
0.0225804
0.0241458
0.0265422
0.0287592
0.0318079
0.0341896
0.000270224
0.00496364
0.00462582
0.00388061
-0.00120938
0.00252558
0.00367125
0.00758869
0.0103694
0.0140586
0.0149091
0.0172902
0.0190749
0.0209171
0.022536
0.0240494
0.0264118
0.0285976
0.0314931
0.0337525
0.000297984
0.00498989
0.00459702
0.00389314
-0.00104575
0.00255662
0.00371605
0.00759537
0.0103911
0.014005
0.014884
0.0171745
0.019059
0.0208035
0.0224766
0.0239544
0.0262633
0.0284209
0.0311652
0.0333032
0.000327053
0.00501555
0.00456822
0.0039051
-0.000877835
0.00259151
0.00376849
0.0076031
0.0104159
0.0139464
0.0148581
0.0170534
0.0190369
0.0206928
0.022401
0.0238594
0.0260988
0.0282269
0.0308252
0.0328429
0.000357362
0.00504071
0.00453979
0.00391642
-0.000706267
0.00262918
0.00382699
0.00761097
0.010444
0.0138828
0.0148312
0.016929
0.0190067
0.0205864
0.0223092
0.023762
0.0259203
0.0280139
0.0304734
0.0323729
0.000388853
0.00506541
0.00451213
0.003927
-0.000531522
0.00266861
0.00389
0.007618
0.0104752
0.0138146
0.0148026
0.0168036
0.0189667
0.0204845
0.0222018
0.023659
0.0257294
0.0277813
0.0301102
0.0318945
0.000421495
0.00508968
0.00448561
0.00393679
-0.000353903
0.002709
0.00395631
0.00762338
0.0105093
0.0137424
0.0147712
0.0166789
0.0189156
0.0203869
0.0220801
0.0235475
0.0255278
0.0275291
0.0297354
0.031409
0.00045529
0.00511343
0.00446055
0.00394568
-0.000173602
0.0027498
0.00402521
0.00762666
0.0105459
0.013667
0.0147351
0.0165565
0.0188527
0.0202927
0.0219454
0.0234243
0.0253165
0.0272583
0.0293485
0.0309169
0.000490268
0.00513658
0.00443724
0.00395364
9.24467e-06
0.00279063
0.00409637
0.00762771
0.0105844
0.01359
0.0146926
0.0164373
0.0187776
0.0202005
0.0218003
0.023286
0.0250945
0.0269718
0.0289505
0.0304183
0.000526476
0.00515899
0.00441595
0.0039606
0.00019453
0.00283133
0.00416962
0.00762672
0.0106238
0.0135129
0.0146422
0.0163217
0.0186906
0.020107
0.0216475
0.0231334
0.0248584
0.0266685
0.0285446
0.0299152
0.000563976
0.00518051
0.00439695
0.00396653
0.000382121
0.00287193
0.00424472
0.00762418
0.0106629
0.0134371
0.0145829
0.0162098
0.0185936
0.0200092
0.0214855
0.0229693
0.0246108
0.0263437
0.0281287
0.0294111
0.00060284
0.00520099
0.00438049
0.00397144
0.000571866
0.00291251
0.00432145
0.00762071
0.0107003
0.0133639
0.0145142
0.0161003
0.0184875
0.019907
0.0213133
0.0227888
0.0243576
0.0260018
0.0276978
0.0289045
0.000643148
0.00522027
0.00436686
0.00397531
0.000763622
0.00295309
0.00439955
0.00761725
0.0107347
0.0132943
0.0144361
0.0159918
0.0183732
0.0197972
0.021135
0.0225896
0.0240933
0.0256513
0.0272552
0.0283923
0.000684986
0.00523816
0.00435632
0.00397825
0.000957026
0.00299411
0.00447833
0.00761474
0.0107652
0.0132288
0.0143481
0.0158838
0.018253
0.0196783
0.020946
0.0223761
0.0238189
0.0252905
0.0268008
0.0278763
0.000728446
0.00525451
0.00434911
0.00398035
0.00115182
0.00303593
0.00455682
0.00761435
0.0107903
0.0131684
0.0142499
0.0157772
0.0181243
0.0195539
0.0207469
0.0221388
0.0235342
0.0249224
0.0263456
0.0273554
0.000773673
0.00526909
0.00434544
0.00398174
0.00134756
0.00307909
0.00463437
0.00761702
0.0108096
0.0131126
0.0141446
0.0156634
0.0179937
0.0194158
0.0205401
0.0218915
0.0232246
0.024536
0.0259021
0.0268371
0.000820708
0.00528176
0.00434542
0.00398279
0.00154341
0.00312453
0.00470996
0.00762351
0.0108225
0.0130598
0.014036
0.0155378
0.0178625
0.0192676
0.0203157
0.0216379
0.0229098
0.0241248
0.0254191
0.0263264
0.000869657
0.00529232
0.00434939
0.00398331
0.00173933
0.00317244
0.00478333
0.00763373
0.0108296
0.0130087
0.0139263
0.0154022
0.0177231
0.0191208
0.0200807
0.0213422
0.0225962
0.0237148
0.0249268
0.0258151
0.000920847
0.0053004
0.0043575
0.00398373
0.00193413
0.00322394
0.00485381
0.00764718
0.0108317
0.0129578
0.0138171
0.0152525
0.0175823
0.018959
0.0198449
0.02104
0.0222454
0.0232962
0.0243856
0.0253091
0.000974115
0.00530597
0.00436933
0.00398517
0.00212626
0.00328041
0.00491937
0.00766652
0.0108262
0.0129086
0.0137035
0.0151015
0.0174275
0.0187945
0.0195894
0.0207194
0.021872
0.0228597
0.0239014
0.0248093
0.00102959
0.00530873
0.00438545
0.00398686
0.00231644
0.00334158
0.00497976
0.00769082
0.010816
0.012858
0.0135883
0.0149458
0.0172556
0.0186244
0.0193138
0.0203599
0.0215044
0.0224355
0.0234642
0.0243014
0.00108797
0.00530806
0.00440584
0.00398956
0.00250314
0.00340784
0.00503773
0.00771316
0.0108062
0.0128015
0.0134812
0.0147726
0.0170801
0.0184319
0.0190524
0.0199935
0.0211089
0.0220174
0.0228834
0.0237904
0.00114861
0.00530432
0.0044294
0.003995
0.00268392
0.00348092
0.00508942
0.00774085
0.0107905
0.0127439
0.0133687
0.0145989
0.0168872
0.0182289
0.0187575
0.0196222
0.0206962
0.0215865
0.0224087
0.0232872
0.00121168
0.00529706
0.00445714
0.00400216
0.00286012
0.00355965
0.00513564
0.00777432
0.0107714
0.0126829
0.0132534
0.0144218
0.0166745
0.0180073
0.0184368
0.0192329
0.0202832
0.0211491
0.0220434
0.0227907
0.00127833
0.00528548
0.00448878
0.00401239
0.00303067
0.00364304
0.00518159
0.00779401
0.0107602
0.0126112
0.0131511
0.0142308
0.0164528
0.0177761
0.0181497
0.0188329
0.0198451
0.0206976
0.0214056
0.0222948
0.00134734
0.00527081
0.00452178
0.00402774
0.00319365
0.00373309
0.00522161
0.00782003
0.0107406
0.0125435
0.012953
0.0140371
0.0162089
0.0175259
0.0178267
0.0184175
0.0193887
0.0202528
0.0209408
0.0218046
0.00141937
0.00525232
0.00455765
0.0040466
0.00335099
0.00382719
0.0052589
0.0078547
0.0107117
0.0124818
0.0128224
0.0138212
0.0159442
0.0172666
0.0174855
0.0179927
0.0189004
0.0198068
0.020683
0.0213382
0.00149538
0.00522932
0.0045958
0.00406991
0.00350245
0.00392329
0.00529927
0.00785564
0.0106954
0.0124031
0.0127155
0.0136075
0.0156807
0.0169964
0.0171869
0.0175537
0.0183818
0.0192562
0.0199908
0.0209062
0.00157364
0.00520364
0.00463364
0.00409984
0.0036465
0.00402191
0.00533969
0.00786569
0.010672
0.0123194
0.0125902
0.0133922
0.0153913
0.0167345
0.0168655
0.0170878
0.0178622
0.0186805
0.0194713
0.0205346
0.00165569
0.00517461
0.00467212
0.00413489
0.00378513
0.00412224
0.00537904
0.00787408
0.0106375
0.0122359
0.0124566
0.0131679
0.0150906
0.0164592
0.0165345
0.0166402
0.0173008
0.0181154
0.0190506
0.0201398
0.00174159
0.005142
0.00470999
0.00417563
0.00391901
0.00422315
0.00541726
0.00787905
0.0105968
0.0121424
0.0123197
0.0129396
0.0147829
0.0161618
0.016214
0.0161815
0.016747
0.0176188
0.0185806
0.019704
0.00183027
0.00510717
0.00474632
0.00422219
0.00404823
0.00432338
0.00545521
0.00788077
0.0105459
0.0120411
0.0121772
0.0127136
0.0144551
0.0158542
0.0158904
0.0157132
0.0162328
0.0171049
0.0180967
0.0192691
0.00192295
0.0050703
0.00478076
0.00427294
0.00417473
0.00442299
0.00549139
0.00787699
0.0104895
0.0119262
0.0120338
0.0124797
0.0141242
0.0155185
0.0155699
0.0152922
0.0157114
0.0165644
0.0175864
0.018848
0.00201905
0.00503157
0.00481282
0.00432812
0.00429807
0.00452162
0.00552582
0.00786752
0.0104257
0.0118075
0.0118842
0.0122451
0.0137822
0.0151677
0.0152583
0.0148809
0.015177
0.0160177
0.0171054
0.0184328
0.00211844
0.00499173
0.00484248
0.00438629
0.00441832
0.00461988
0.00555863
0.00785061
0.0103546
0.0116841
0.0117278
0.0120078
0.013434
0.0148047
0.0149386
0.0144789
0.0146558
0.0154707
0.0166241
0.018016
0.00222145
0.00495124
0.00486923
0.00444676
0.00453622
0.00471769
0.00558886
0.00782507
0.0102762
0.0115527
0.0115705
0.0117661
0.013087
0.0144188
0.0146087
0.0141053
0.014144
0.0149219
0.0161073
0.0175905
0.00232765
0.00491087
0.00489269
0.00450915
0.00465048
0.00481493
0.00561783
0.00779113
0.010188
0.0114177
0.0114114
0.0115251
0.0127306
0.0140218
0.0142676
0.0137376
0.0136537
0.0143717
0.0155956
0.0171591
0.00243712
0.0048712
0.00491276
0.0045722
0.00476064
0.00491207
0.00564604
0.00774795
0.0100898
0.0112769
0.0112532
0.0112803
0.0123698
0.0136148
0.0139062
0.0133879
0.0131883
0.0138226
0.0150536
0.0167173
0.00254965
0.00483277
0.00492934
0.00463581
0.00486612
0.00500786
0.00567345
0.00769604
0.00998145
0.0111305
0.0110937
0.0110365
0.0120032
0.0131988
0.0135332
0.0130435
0.0127416
0.0132815
0.0145245
0.0162689
0.00266501
0.00479651
0.00494229
0.00469889
0.00496581
0.00510197
0.00570128
0.00763638
0.00986278
0.0109765
0.0109322
0.0107964
0.011632
0.0127763
0.0131436
0.0126982
0.0123211
0.0127603
0.0139813
0.0158107
0.00278297
0.00476301
0.00495151
0.00476109
0.00505979
0.00519299
0.00572939
0.00756957
0.00973346
0.0108138
0.0107672
0.0105647
0.0112579
0.0123445
0.012742
0.0123484
0.0119231
0.0122605
0.0134552
0.0153497
0.00290311
0.00473325
0.00495697
0.00482194
0.00514765
0.00527862
0.00575738
0.00749698
0.00959442
0.0106442
0.0105971
0.0103415
0.010884
0.0119013
0.0123289
0.0119944
0.0115445
0.0117866
0.0129325
0.0148859
0.00302497
0.00470799
0.00495907
0.00488038
0.00522923
0.00535805
0.00578412
0.00741946
0.00944698
0.0104685
0.010419
0.0101251
0.0105148
0.0114483
0.0119045
0.0116331
0.0111819
0.0113409
0.012435
0.0144271
0.00314821
0.00468794
0.00495848
0.00493582
0.00530426
0.00543022
0.00580805
0.00733716
0.00929172
0.0102883
0.0102311
0.00991391
0.0101566
0.0109881
0.0114669
0.0112631
0.0108328
0.0109255
0.011961
0.013975
0.00327237
0.00467367
0.00495598
0.00498741
0.00537215
0.0054944
0.00582836
0.00725094
0.00912917
0.0101042
0.0100343
0.00970244
0.0098164
0.0105245
0.0110147
0.0108843
0.0104896
0.0105384
0.0115171
0.0135341
0.00339654
0.00466576
0.00495222
0.00503414
0.00543312
0.00554988
0.00584396
0.0071622
0.00895894
0.00991678
0.00982926
0.00948748
0.0094933
0.0100656
0.0105499
0.0104902
0.0101517
0.0101808
0.0111034
0.0131073
0.00352043
0.00466493
0.00494719
0.00507505
0.00548728
0.00559729
0.00585444
0.00707157
0.00878141
0.00972555
0.00961925
0.00926381
0.00918573
0.00961836
0.0100737
0.0100821
0.00981554
0.00984464
0.0107194
0.0126986
0.00364363
0.00467087
0.00494133
0.00510996
0.00553449
0.00563759
0.00585958
0.00698022
0.00859626
0.00952809
0.00940612
0.0090293
0.00888878
0.00918757
0.00959374
0.0096595
0.00947198
0.00952386
0.0103657
0.0123115
0.00376527
0.00468313
0.00493538
0.00513786
0.00557484
0.00567245
0.00586031
0.00688773
0.00840237
0.00932139
0.00919251
0.00878476
0.00859653
0.00877734
0.00911761
0.00922312
0.00911699
0.00921298
0.0100385
0.0119456
0.00388493
0.00470159
0.00492924
0.00515803
0.00560898
0.00570376
0.00585602
0.00679183
0.00819964
0.00910363
0.00898015
0.00853383
0.00830549
0.00838697
0.00865118
0.00877796
0.0087483
0.0089029
0.00972976
0.0116
0.00400222
0.00472552
0.0049234
0.00517108
0.00563713
0.00573122
0.00584488
0.00669124
0.00799025
0.00887398
0.00876936
0.00828187
0.00801123
0.0080116
0.00819952
0.00832999
0.00836614
0.00858581
0.00943059
0.0112715
0.00411665
0.00475455
0.0049189
0.00517775
0.00565812
0.00575371
0.00582715
0.0065868
0.00777688
0.00863094
0.00855721
0.00803271
0.00771232
0.00764703
0.00776463
0.00788517
0.00797373
0.00825741
0.00913173
0.0109547
0.00422777
0.00478827
0.00491668
0.00517837
0.00567048
0.00577085
0.0058045
0.00647868
0.00756084
0.00837358
0.00833873
0.00778939
0.00741285
0.00728978
0.00734494
0.00744741
0.00757382
0.00791554
0.00882583
0.0106439
0.0043352
0.00482615
0.00491757
0.00517342
0.00567307
0.00578202
0.00577783
0.00636635
0.00734301
0.00810324
0.00811045
0.00755329
0.00711668
0.00693724
0.00693773
0.00701807
0.00716923
0.00756096
0.00850969
0.0103342
0.00443863
0.00486751
0.0049219
0.00516342
0.00566538
0.00578637
0.00574761
0.00624983
0.00712479
0.00782285
0.00786873
0.00732177
0.00682683
0.00658952
0.00653993
0.00659739
0.00676423
0.0071971
0.00818298
0.010022
0.00453783
0.00491161
0.00492994
0.00514915
0.0056472
0.00578269
0.0057142
0.0061296
0.00690708
0.00753563
0.0076102
0.00709072
0.00654623
0.00624858
0.00615031
0.00618524
0.00636076
0.00682623
0.00784676
0.00970563
0.00463258
0.00495762
0.00494182
0.00513159
0.00561861
0.00576943
0.00567744
0.00600653
0.00668988
0.00724433
0.0073347
0.00685615
0.00627529
0.00591648
0.00576846
0.00577941
0.00595906
0.00645115
0.00750353
0.00938557
0.00472278
0.00500482
0.0049573
0.00511153
0.00557992
0.00574547
0.00563687
0.00588122
0.00647334
0.0069523
0.00704397
0.00661288
0.00601176
0.0055952
0.00539509
0.00537923
0.00556032
0.00607421
0.00715553
0.00906228
0.0048084
0.00505233
0.00497598
0.0050899
0.00553177
0.00570982
0.00559172
0.00575435
0.00625727
0.00666221
0.00674037
0.00635687
0.0057531
0.00528576
0.00503259
0.00498606
0.005164
0.00569501
0.00680359
0.00873696
0.00488945
0.00509938
0.00499721
0.00506753
0.00547509
0.00566175
0.0055408
0.00562676
0.00604143
0.00637576
0.00642797
0.0060861
0.00549499
0.00498691
0.00468196
0.00460017
0.00476968
0.00531423
0.00644852
0.00840956
0.00496592
0.00514527
0.00502033
0.00504515
0.00541087
0.00560089
0.00548272
0.00549876
0.00582573
0.00609426
0.00611112
0.00579964
0.00523229
0.00469657
0.00434366
0.00422342
0.00437954
0.00493337
0.00609112
0.00808003
0.00503792
0.00518929
0.00504443
0.00502333
0.00534023
0.00552733
0.00541627
0.00537072
0.00560998
0.00581746
0.00579371
0.00549886
0.00496126
0.00441157
0.00401745
0.0038579
0.00399547
0.00455334
0.00573136
0.00774784
0.00510549
0.00523098
0.00506863
0.00500218
0.00526456
0.00544156
0.0053401
0.00524253
0.00539438
0.00554442
0.00547966
0.00518766
0.00467893
0.00412759
0.00370167
0.00350433
0.00361904
0.00417495
0.00536926
0.00741305
0.00516874
0.00526993
0.00509195
0.00498173
0.00518543
0.00534443
0.00525273
0.00511386
0.0051799
0.00527351
0.00517108
0.00487036
0.00438442
0.00384018
0.00339328
0.00316232
0.00325181
0.00380039
0.00500641
0.00707562
0.00522773
0.00530596
0.00511348
0.00496164
0.00510403
0.00523733
0.00515312
0.00498381
0.00496815
0.00500334
0.004868
0.00455134
0.00407935
0.00354611
0.00308844
0.00283041
0.00289452
0.00343144
0.00464404
0.00673544
0.00528252
0.00533873
0.0051324
0.00494161
0.00502149
0.00512218
0.00504091
0.00485022
0.00476033
0.00473354
0.00456857
0.00423419
0.00376732
0.00324427
0.00278315
0.00250568
0.00254695
0.00306961
0.00428394
0.00639316
0.00533325
0.00536818
0.00514791
0.00492082
0.00493861
0.00500095
0.00491651
0.00471096
0.00455766
0.0044659
0.00427055
0.00391977
0.00345161
0.0029353
0.00247423
0.00218455
0.00220732
0.00271439
0.00392775
0.0060498
0.00537977
0.00539423
0.00515979
0.00489879
0.00485568
0.00487516
0.00478137
0.00456373
0.00435908
0.00420336
0.00397331
0.00360722
0.0031345
0.00262138
0.00216112
0.00186432
0.00187468
0.00237325
0.00357764
0.00570644
0.00542224
0.00541683
0.00516752
0.00487514
0.00477313
0.00474638
0.00463784
0.00440716
0.00416127
0.00394728
0.00367786
0.00329547
0.00281708
0.00230446
0.00184418
0.00154194
0.00154195
0.00202848
0.00322878
0.00536214
0.00546039
0.00543606
0.00517109
0.0048494
0.00469127
0.00461587
0.00448783
0.00424226
0.00396159
0.00369728
0.00338595
0.00298405
0.00249904
0.00198481
0.00152351
0.00121742
0.0012095
0.00168669
0.00288175
0.00501698
0.00549434
0.00545202
0.00517041
0.00482092
0.00461018
0.00448414
0.00433245
0.00407135
0.00375957
0.00345331
0.00310013
0.00267285
0.00217968
0.00166302
0.00119896
0.000888782
0.000874304
0.00134425
0.00253433
0.00466932
0.0055238
0.00546526
0.00516638
0.00478958
0.00453005
0.00435211
0.00417185
0.00389408
0.00355254
0.00321358
0.00282536
0.00236672
0.00185852
0.00133845
0.000872164
0.000555456
0.000534178
0.000998547
0.0021841
0.00431681
0.0055487
0.00547524
0.00515922
0.00475564
0.00445103
0.00422201
0.00400941
0.00371473
0.00333983
0.00296677
0.00255499
0.00207285
0.00154262
0.00100826
0.000540066
0.000219064
0.000191367
0.000648457
0.00182896
0.00395812
0.00556954
0.00548242
0.00514908
0.00471912
0.00437171
0.00409206
0.00384317
0.00353799
0.00313612
0.00271844
0.00227646
0.00177918
0.00123858
0.000680522
0.000192176
-0.000131091
-0.00016349
0.000284546
0.00145446
0.00357883
0.00558529
0.00548678
0.00513711
0.00468204
0.00429385
0.00396499
0.00367
0.00335123
0.00293939
0.0024891
0.00201051
0.00148121
0.000933547
0.000388822
-0.000117561
-0.000469824
-0.000524104
-8.8247e-05
0.00107502
0.00319406
0.00559508
0.00548776
0.00512155
0.00464358
0.00421479
0.00384253
0.00349845
0.0031516
0.00272665
0.00225847
0.00176533
0.00120245
0.000592974
5.3751e-06
-0.000489711
-0.000834033
-0.000897733
-0.000480436
0.000664381
0.00276938
0.00561836
0.00550103
0.00512095
0.00460935
0.00413433
0.00372142
0.00333598
0.00295983
0.00251193
0.00201557
0.00152286
0.000994132
0.000410662
-0.0002129
-0.000771103
-0.00116383
-0.00125519
-0.000863082
0.000250608
0.0023212
0.00555468
0.00548548
0.00512609
0.00457988
0.00405509
0.00360315
0.00317981
0.00278166
0.00231548
0.00176197
0.00118958
0.000597489
-2.78368e-06
-0.000573713
-0.00109171
-0.00146356
-0.00155137
-0.00116174
-5.35033e-05
0.00200701
0.0056079
0.00549653
0.00508873
0.00453668
0.00396296
0.00344607
0.0029901
0.00261385
0.00221834
0.00172966
0.00116721
0.000551074
-0.000133374
-0.000859124
-0.00152992
-0.00203628
-0.00223963
-0.00195078
-0.000930556
0.00105247
0.00554359
0.00549236
0.00504739
0.00457854
0.00402552
0.00335041
0.00271311
0.00223843
0.00174395
0.00126742
0.000729989
0.000192687
-0.00031862
-0.000789394
-0.00121589
-0.00152683
-0.00162508
-0.00132986
-0.000394086
0.0014557
0.00566146
0.00545747
0.00506859
0.00444079
0.00378635
0.00330693
0.00289343
0.00247426
0.00203651
0.00148209
0.000788902
1.7804e-05
-0.00083854
-0.00173493
-0.00258946
-0.0033089
-0.00373762
-0.00367445
-0.00285997
-0.0010717
0.00588669
0.00535303
0.00485609
0.00422959
0.00365106
0.00300216
0.00242751
0.00195081
0.00149154
0.000892301
0.000311669
-0.000162959
-0.000384472
-0.000321008
4.27439e-05
0.000649725
0.00136537
0.00193188
0.00199211
0.00121317
0.00585137
0.00538071
0.00483934
0.00427451
0.00379231
0.00334522
0.00294694
0.0024948
0.00197288
0.00131577
0.000483711
-0.000528783
-0.00168094
-0.00288414
-0.00403028
-0.00501654
-0.00569862
-0.00588646
-0.00532672
-0.00378106
0.00601358
0.00534377
0.00475425
0.00416771
0.00369288
0.00312087
0.00248802
0.00172485
0.00102495
0.000510095
9.95518e-06
-0.000585267
-0.00110497
-0.00140757
-0.00140942
-0.00112084
-0.000643861
-0.000237813
-0.000266565
-0.00108262
0.00600691
0.00532243
0.00474418
0.00422611
0.00389023
0.00357259
0.00325406
0.00280662
0.00220401
0.00132812
0.000149548
-0.00139021
-0.00320636
-0.00510542
-0.00684698
-0.00824388
-0.00914047
-0.00935892
-0.00868312
-0.00692449
0.0512667
0.0241491
0.0132003
0.0110453
0.0102971
0.0093365
0.00822446
0.00718907
0.00635565
0.00565691
0.00499769
0.00437486
0.0037467
0.00311433
0.00258548
0.00212585
0.00160681
0.00110382
0.000676747
0.000208766
-0.000328959
-0.000838888
-0.00138598
-0.00198929
-0.00257098
-0.00312108
-0.00363923
-0.00412556
-0.0047351
-0.00546692
-0.00616638
-0.00681072
-0.00746926
-0.00821227
-0.00897251
-0.00976915
-0.0105661
-0.0114184
-0.012288
-0.0131765
-0.0141152
-0.0150374
-0.0160784
-0.0170705
-0.018234
-0.0193555
-0.0206557
-0.022075
-0.0236316
-0.0256918
0.0501464
0.0241948
0.0132468
0.0110648
0.0103078
0.00934363
0.00822971
0.00719311
0.00635884
0.00565945
0.00499974
0.00437653
0.00374808
0.00311548
0.00258644
0.00212671
0.0016076
0.00110452
0.000677395
0.000209376
-0.000328395
-0.000838367
-0.00138548
-0.00198883
-0.00257055
-0.00312069
-0.00363889
-0.00412524
-0.0047348
-0.00546664
-0.00616613
-0.0068105
-0.00746905
-0.00821208
-0.00897234
-0.00976899
-0.0105659
-0.0114182
-0.0122879
-0.0131764
-0.0141151
-0.0150373
-0.0160783
-0.0170704
-0.0182339
-0.0193555
-0.0206556
-0.0220749
-0.0236316
-0.0256918
0.0492172
0.0242924
0.0133213
0.0110887
0.0103193
0.00935094
0.00823476
0.00719687
0.00636179
0.00566183
0.00500165
0.00437808
0.00374935
0.0031165
0.0025873
0.00212748
0.0016083
0.00110514
0.000677969
0.000209921
-0.000327899
-0.000837908
-0.00138504
-0.00198842
-0.00257018
-0.00312035
-0.00363858
-0.00412495
-0.00473452
-0.0054664
-0.00616591
-0.0068103
-0.00746886
-0.00821191
-0.00897218
-0.00976885
-0.0105658
-0.0114181
-0.0122878
-0.0131763
-0.014115
-0.0150372
-0.0160782
-0.0170703
-0.0182338
-0.0193554
-0.0206556
-0.0220749
-0.0236316
-0.0256919
0.0483876
0.0244157
0.0134285
0.0111232
0.0103347
0.00936014
0.00824073
0.00720115
0.00636514
0.00566453
0.0050038
0.00437981
0.00375076
0.00311762
0.0025882
0.00212827
0.00160899
0.00110574
0.000678541
0.000210465
-0.00032741
-0.000837454
-0.00138461
-0.00198803
-0.00256982
-0.00312002
-0.00363828
-0.00412465
-0.00473423
-0.00546616
-0.0061657
-0.0068101
-0.00746867
-0.00821174
-0.00897203
-0.00976871
-0.0105657
-0.011418
-0.0122877
-0.0131761
-0.0141149
-0.0150371
-0.0160781
-0.0170702
-0.0182337
-0.0193553
-0.0206555
-0.0220748
-0.0236316
-0.0256921
0.0475701
0.0245459
0.0135606
0.0111686
0.010355
0.00937244
0.00824855
0.00720667
0.00636946
0.00566803
0.00500658
0.00438204
0.00375257
0.00311903
0.0025893
0.00212918
0.00160976
0.0011064
0.000679152
0.000211043
-0.000326892
-0.000836972
-0.00138415
-0.00198763
-0.00256945
-0.00311966
-0.00363797
-0.00412433
-0.00473392
-0.0054659
-0.00616548
-0.00680989
-0.00746847
-0.00821156
-0.00897187
-0.00976856
-0.0105655
-0.0114179
-0.0122876
-0.013176
-0.0141148
-0.015037
-0.016078
-0.0170701
-0.0182336
-0.0193552
-0.0206554
-0.0220748
-0.0236315
-0.0256922
0.0467459
0.0246759
0.0137059
0.0112199
0.010379
0.00938765
0.00825847
0.00721377
0.00637506
0.0056726
0.00501024
0.00438498
0.00375499
0.00312096
0.00259074
0.00213027
0.00161063
0.00110712
0.000679807
0.000211656
-0.000326334
-0.00083645
-0.00138367
-0.00198721
-0.00256905
-0.00311929
-0.00363763
-0.00412397
-0.00473359
-0.00546563
-0.00616525
-0.00680966
-0.00746825
-0.00821136
-0.00897169
-0.0097684
-0.0105654
-0.0114177
-0.0122874
-0.0131759
-0.0141147
-0.0150369
-0.0160779
-0.01707
-0.0182335
-0.0193551
-0.0206553
-0.0220747
-0.0236315
-0.0256925
0.0459161
0.0248022
0.0138575
0.0112735
0.0104045
0.00940482
0.00827014
0.00722239
0.00638201
0.00567832
0.00501488
0.00438878
0.0037582
0.00312358
0.00259269
0.00213167
0.00161166
0.00110793
0.000680507
0.0002123
-0.000325731
-0.000835873
-0.00138313
-0.00198677
-0.00256864
-0.00311889
-0.00363726
-0.00412358
-0.00473322
-0.00546534
-0.006165
-0.00680941
-0.007468
-0.00821114
-0.0089715
-0.00976823
-0.0105652
-0.0114176
-0.0122873
-0.0131758
-0.0141146
-0.0150368
-0.0160778
-0.0170699
-0.0182335
-0.0193551
-0.0206552
-0.0220746
-0.0236314
-0.0256928
0.0450838
0.0249224
0.0140132
0.0113279
0.0104305
0.00942303
0.008283
0.0072322
0.00639012
0.00568511
0.00502046
0.00439344
0.00376223
0.00312701
0.0025953
0.0021335
0.00161295
0.00110888
0.000681256
0.000212968
-0.000325079
-0.000835223
-0.00138252
-0.00198627
-0.0025682
-0.00311848
-0.00363688
-0.00412315
-0.0047328
-0.00546503
-0.00616473
-0.00680913
-0.00746773
-0.0082109
-0.00897128
-0.00976804
-0.010565
-0.0114174
-0.0122872
-0.0131757
-0.0141145
-0.0150367
-0.0160777
-0.0170698
-0.0182333
-0.0193549
-0.0206551
-0.0220744
-0.0236312
-0.0256931
0.0442506
0.0250353
0.0141725
0.0113827
0.0104563
0.00944178
0.00829658
0.00724277
0.00639906
0.00569272
0.00502681
0.00439882
0.003767
0.0031312
0.00259861
0.00213585
0.0016146
0.00111003
0.000682067
0.000213648
-0.000324392
-0.000834496
-0.00138181
-0.00198567
-0.00256771
-0.00311806
-0.00363648
-0.00412268
-0.00473234
-0.00546467
-0.00616442
-0.00680882
-0.00746743
-0.00821063
-0.00897104
-0.00976782
-0.0105648
-0.0114173
-0.012287
-0.0131755
-0.0141143
-0.0150365
-0.0160776
-0.0170697
-0.0182332
-0.0193548
-0.020655
-0.0220742
-0.023631
-0.0256935
0.0434178
0.0251397
0.0143355
0.011438
0.0104817
0.00946082
0.00831061
0.00725376
0.0064085
0.00570088
0.0050337
0.00440476
0.00377234
0.003136
0.00260254
0.00213875
0.00161666
0.00111142
0.000682961
0.000214334
-0.00032369
-0.000833713
-0.00138098
-0.00198493
-0.00256711
-0.00311761
-0.0036361
-0.00412219
-0.00473183
-0.00546426
-0.00616407
-0.00680847
-0.00746708
-0.00821031
-0.00897076
-0.00976756
-0.0105646
-0.0114171
-0.0122868
-0.0131754
-0.0141142
-0.0150364
-0.0160775
-0.0170696
-0.0182331
-0.0193547
-0.0206548
-0.022074
-0.0236307
-0.0256939
0.0425861
0.0252347
0.014502
0.0114939
0.0105065
0.00948001
0.008325
0.00726499
0.00641818
0.00570936
0.00504096
0.00441108
0.00377808
0.00314122
0.00260691
0.00214212
0.00161916
0.00111311
0.000683964
0.000215029
-0.000322994
-0.000832916
-0.00138005
-0.00198399
-0.00256633
-0.00311711
-0.00363576
-0.00412171
-0.00473128
-0.00546379
-0.00616367
-0.00680808
-0.00746671
-0.00820996
-0.00897043
-0.00976727
-0.0105644
-0.0114168
-0.0122867
-0.0131752
-0.014114
-0.0150363
-0.0160774
-0.0170695
-0.018233
-0.0193545
-0.0206546
-0.0220737
-0.0236303
-0.0256944
0.0417567
0.0253191
0.0146719
0.0115507
0.0105306
0.00949924
0.0083397
0.00727638
0.00642794
0.00571798
0.00504841
0.00441765
0.00378408
0.0031467
0.00261157
0.00214585
0.00162204
0.00111509
0.000685097
0.000215745
-0.000322312
-0.000832147
-0.00137908
-0.00198287
-0.0025653
-0.00311648
-0.00363545
-0.00412129
-0.00473072
-0.00546325
-0.00616319
-0.00680764
-0.00746629
-0.00820956
-0.00897005
-0.00976692
-0.010564
-0.0114166
-0.0122864
-0.013175
-0.0141139
-0.0150361
-0.0160772
-0.0170693
-0.0182328
-0.0193543
-0.0206544
-0.0220733
-0.0236298
-0.0256948
0.0409311
0.0253921
0.0148448
0.0116086
0.0105539
0.00951834
0.00835468
0.00728794
0.00643768
0.00572659
0.00505594
0.00442437
0.00379027
0.00315234
0.0026164
0.00214978
0.0016252
0.00111734
0.000686364
0.000216495
-0.000321637
-0.000831432
-0.00137814
-0.00198163
-0.00256399
-0.00311566
-0.00363516
-0.00412098
-0.00473022
-0.00546267
-0.00616263
-0.00680714
-0.00746585
-0.00820913
-0.00896962
-0.00976652
-0.0105637
-0.0114163
-0.0122862
-0.0131748
-0.0141137
-0.015036
-0.0160771
-0.0170692
-0.0182327
-0.0193541
-0.0206541
-0.0220728
-0.0236292
-0.0256953
0.0401106
0.0254529
0.0150206
0.011668
0.0105764
0.00953715
0.00836995
0.00729976
0.00644738
0.00573508
0.00506345
0.00443117
0.00379658
0.00315813
0.00262133
0.00215384
0.00162855
0.00111979
0.000687754
0.000217285
-0.000320953
-0.000830771
-0.00137729
-0.00198035
-0.00256243
-0.00311457
-0.00363487
-0.00412081
-0.00472982
-0.00546209
-0.00616198
-0.00680655
-0.00746537
-0.00820868
-0.00896916
-0.00976606
-0.0105633
-0.0114159
-0.0122859
-0.0131746
-0.0141135
-0.0150358
-0.0160769
-0.017069
-0.0182325
-0.0193539
-0.0206538
-0.0220721
-0.0236284
-0.0256958
0.0392969
0.0255007
0.0151994
0.0117293
0.010598
0.00955546
0.00838547
0.00731195
0.0064571
0.00574337
0.00507085
0.00443799
0.00380299
0.00316404
0.00262639
0.00215796
0.00163199
0.00112239
0.000689246
0.000218114
-0.000320249
-0.00083014
-0.00137655
-0.00197911
-0.00256072
-0.00311322
-0.00363453
-0.0041208
-0.00472958
-0.00546155
-0.00616125
-0.00680587
-0.00746486
-0.00820821
-0.00896865
-0.00976556
-0.0105628
-0.0114154
-0.0122855
-0.0131743
-0.0141133
-0.0150356
-0.0160767
-0.0170688
-0.0182323
-0.0193536
-0.0206535
-0.0220714
-0.0236274
-0.0256963
0.0384912
0.0255348
0.015381
0.0117933
0.0106187
0.00957307
0.00840124
0.00732466
0.00646694
0.00575143
0.0050781
0.00444482
0.00380948
0.0031701
0.00263159
0.00216214
0.00163547
0.00112509
0.00069082
0.000218981
-0.000319522
-0.000829514
-0.0013759
-0.00197797
-0.00255897
-0.00311164
-0.00363413
-0.00412095
-0.00472955
-0.00546112
-0.00616046
-0.00680507
-0.0074643
-0.00820774
-0.00896813
-0.00976502
-0.0105623
-0.0114149
-0.012285
-0.0131739
-0.014113
-0.0150354
-0.0160765
-0.0170686
-0.0182321
-0.0193533
-0.0206531
-0.0220705
-0.0236262
-0.0256967
0.0376945
0.0255545
0.0155653
0.0118604
0.0106387
0.00958979
0.00841722
0.00733799
0.00647703
0.00575927
0.0050852
0.00445166
0.00381604
0.00317631
0.00263698
0.00216642
0.00163897
0.00112786
0.000692468
0.000219883
-0.000318775
-0.000828875
-0.00137532
-0.00197692
-0.00255727
-0.00310993
-0.00363369
-0.00412129
-0.00472974
-0.00546082
-0.00615966
-0.00680417
-0.00746367
-0.00820727
-0.0089676
-0.00976444
-0.0105617
-0.0114144
-0.0122845
-0.0131735
-0.0141127
-0.0150351
-0.0160763
-0.0170684
-0.0182319
-0.019353
-0.0206526
-0.0220695
-0.0236248
-0.0256971
0.0369077
0.0255592
0.0157522
0.0119312
0.0106578
0.00960548
0.00843333
0.00735197
0.00648746
0.00576695
0.00509216
0.00445855
0.00382271
0.00318271
0.00264259
0.0021708
0.00164251
0.00113069
0.000694184
0.000220822
-0.00031801
-0.000828217
-0.00137478
-0.00197594
-0.00255567
-0.0031082
-0.00363324
-0.0041218
-0.00473015
-0.00546067
-0.00615889
-0.00680317
-0.00746298
-0.00820681
-0.00896707
-0.00976384
-0.0105611
-0.0114138
-0.0122839
-0.013173
-0.0141123
-0.0150348
-0.016076
-0.0170681
-0.0182316
-0.0193527
-0.0206521
-0.0220684
-0.0236231
-0.0256975
0.0361316
0.0255483
0.0159412
0.0120062
0.0106762
0.00962
0.00844949
0.00736655
0.00649827
0.00577454
0.00509902
0.00446552
0.0038295
0.00318929
0.00264842
0.00217533
0.00164608
0.00113358
0.000695971
0.0002218
-0.000317229
-0.000827542
-0.00137425
-0.00197499
-0.0025542
-0.00310651
-0.00363279
-0.0041225
-0.00473075
-0.00546064
-0.00615815
-0.00680212
-0.00746223
-0.00820633
-0.00896654
-0.00976323
-0.0105605
-0.0114132
-0.0122833
-0.0131724
-0.0141119
-0.0150345
-0.0160758
-0.0170679
-0.0182313
-0.0193523
-0.0206516
-0.0220671
-0.0236213
-0.0256978
0.0353669
0.025521
0.0161318
0.0120859
0.0106938
0.00963323
0.00846561
0.00738164
0.00650945
0.0057821
0.00510585
0.00447261
0.00383643
0.00319606
0.00265449
0.00218001
0.00164972
0.00113654
0.000697834
0.000222819
-0.000316431
-0.000826859
-0.0013737
-0.00197402
-0.00255279
-0.0031049
-0.00363233
-0.00412336
-0.00473153
-0.00546068
-0.00615744
-0.00680105
-0.00746142
-0.00820585
-0.00896601
-0.00976259
-0.0105599
-0.0114126
-0.0122827
-0.0131718
-0.0141114
-0.0150342
-0.0160755
-0.0170676
-0.018231
-0.0193519
-0.020651
-0.0220658
-0.0236192
-0.025698
0.0346147
0.0254769
0.016323
0.0121707
0.0107106
0.00964499
0.00848156
0.00739714
0.00652094
0.00578972
0.00511269
0.00447984
0.00384351
0.00320302
0.00266079
0.00218486
0.00165345
0.00113957
0.000699778
0.000223882
-0.000315612
-0.00082617
-0.00137309
-0.00197299
-0.00255139
-0.00310334
-0.00363182
-0.00412431
-0.0047324
-0.00546072
-0.00615673
-0.00680001
-0.0074606
-0.00820536
-0.00896545
-0.00976194
-0.0105592
-0.011412
-0.012282
-0.0131711
-0.0141109
-0.0150338
-0.0160752
-0.0170673
-0.0182307
-0.0193515
-0.0206503
-0.0220643
-0.023617
-0.0256981
0.0338743
0.0254153
0.0165142
0.012261
0.0107269
0.00965506
0.00849719
0.00741295
0.0065327
0.00579745
0.00511962
0.00448722
0.00385075
0.00321017
0.0026673
0.00218987
0.00165728
0.00114271
0.00070181
0.000224991
-0.000314767
-0.000825469
-0.00137241
-0.00197185
-0.00254992
-0.00310177
-0.00363118
-0.00412529
-0.00473332
-0.00546069
-0.00615594
-0.00679902
-0.00745978
-0.00820486
-0.00896487
-0.00976126
-0.0105585
-0.0114113
-0.0122813
-0.0131705
-0.0141103
-0.0150334
-0.0160748
-0.017067
-0.0182303
-0.019351
-0.0206497
-0.0220627
-0.0236145
-0.0256982
0.0331469
0.0253361
0.0167041
0.0123571
0.0107428
0.00966323
0.00851232
0.00742903
0.00654471
0.00580534
0.00512669
0.00449478
0.00385817
0.0032175
0.002674
0.00219505
0.00166122
0.00114596
0.000703934
0.000226148
-0.000313892
-0.000824749
-0.00137163
-0.00197055
-0.00254831
-0.00310012
-0.00363035
-0.00412624
-0.0047342
-0.00546049
-0.00615503
-0.00679808
-0.007459
-0.00820435
-0.00896425
-0.00976057
-0.0105578
-0.0114107
-0.0122806
-0.0131697
-0.0141097
-0.015033
-0.0160745
-0.0170666
-0.01823
-0.0193505
-0.0206489
-0.022061
-0.0236119
-0.0256983
0.032433
0.0252389
0.0168915
0.0124594
0.0107585
0.00966925
0.00852673
0.0074453
0.00655694
0.00581346
0.00513394
0.00450253
0.00386578
0.00322502
0.0026809
0.00220039
0.0016653
0.00114933
0.000706157
0.000227352
-0.000312983
-0.000823997
-0.00137074
-0.00196907
-0.00254654
-0.00309832
-0.00362926
-0.00412708
-0.00473499
-0.00546007
-0.00615392
-0.00679717
-0.00745827
-0.00820383
-0.00896358
-0.00975985
-0.0105571
-0.01141
-0.0122798
-0.013169
-0.0141091
-0.0150325
-0.0160741
-0.0170663
-0.0182295
-0.01935
-0.0206482
-0.0220593
-0.0236092
-0.0256983
0.0317332
0.0251235
0.0170752
0.012568
0.0107746
0.00967289
0.00854013
0.00746171
0.0065694
0.00582181
0.00514142
0.00451048
0.00387359
0.00323271
0.00268798
0.00220588
0.00166951
0.00115282
0.000708479
0.000228604
-0.000312037
-0.000823203
-0.00136975
-0.00196738
-0.00254457
-0.00309632
-0.00362789
-0.00412778
-0.00473566
-0.00545938
-0.00615257
-0.00679627
-0.00745762
-0.00820329
-0.00896286
-0.00975911
-0.0105563
-0.0114093
-0.012279
-0.0131682
-0.0141084
-0.015032
-0.0160738
-0.0170659
-0.0182291
-0.0193494
-0.0206474
-0.0220575
-0.0236063
-0.0256983
0.0310486
0.0249901
0.0172535
0.0126831
0.0107914
0.00967399
0.00855226
0.00747819
0.00658209
0.00583041
0.00514912
0.00451864
0.00388161
0.00324059
0.00269524
0.00221153
0.00167385
0.00115643
0.000710901
0.000229904
-0.000311054
-0.00082236
-0.00136865
-0.00196548
-0.00254241
-0.0030941
-0.00362626
-0.00412833
-0.00473621
-0.0054584
-0.00615096
-0.00679534
-0.00745704
-0.00820273
-0.00896207
-0.00975834
-0.0105556
-0.0114085
-0.0122782
-0.0131675
-0.0141077
-0.0150315
-0.0160734
-0.0170655
-0.0182287
-0.0193488
-0.0206465
-0.0220556
-0.0236033
-0.0256982
0.0303807
0.0248391
0.0174249
0.0128045
0.0108096
0.00967242
0.00856275
0.00749463
0.00659507
0.0058393
0.00515706
0.004527
0.00388982
0.00324866
0.0027027
0.00221733
0.00167833
0.00116017
0.000713422
0.000231251
-0.000310034
-0.000821467
-0.00136748
-0.00196339
-0.00254009
-0.00309167
-0.0036244
-0.00412875
-0.00473666
-0.00545715
-0.00614909
-0.00679437
-0.00745652
-0.00820214
-0.00896123
-0.00975755
-0.0105548
-0.0114078
-0.0122774
-0.0131667
-0.014107
-0.015031
-0.016073
-0.0170651
-0.0182282
-0.0193482
-0.0206456
-0.0220536
-0.0236002
-0.0256981
0.0297292
0.0246712
0.0175878
0.0129317
0.0108301
0.00966824
0.00857121
0.00751081
0.00660831
0.00584848
0.00516526
0.00453556
0.00389821
0.00325691
0.00271034
0.00222329
0.00168294
0.00116401
0.000716036
0.000232645
-0.000308976
-0.000820524
-0.00136623
-0.00196114
-0.00253763
-0.00308906
-0.00362238
-0.00412905
-0.00473703
-0.00545568
-0.00614698
-0.00679333
-0.00745604
-0.00820152
-0.00896034
-0.00975672
-0.010554
-0.0114069
-0.0122765
-0.0131659
-0.0141063
-0.0150305
-0.0160725
-0.0170647
-0.0182277
-0.0193475
-0.0206446
-0.0220516
-0.0235969
-0.025698
0.029094
0.0244874
0.0177407
0.0130643
0.0108538
0.00966169
0.00857743
0.00752658
0.0066218
0.00585793
0.00517371
0.00454434
0.0039068
0.00326534
0.00271816
0.0022294
0.00168767
0.00116797
0.000718742
0.000234083
-0.000307883
-0.000819534
-0.00136493
-0.00195877
-0.00253508
-0.0030863
-0.00362024
-0.00412928
-0.00473735
-0.00545402
-0.00614468
-0.00679221
-0.00745558
-0.00820087
-0.00895941
-0.00975586
-0.0105532
-0.0114061
-0.0122756
-0.013165
-0.0141056
-0.0150299
-0.0160721
-0.0170643
-0.0182272
-0.0193468
-0.0206436
-0.0220495
-0.0235935
-0.0256978
0.0284765
0.0242888
0.0178813
0.0132007
0.0108811
0.00965278
0.00858096
0.00754173
0.00663559
0.0058677
0.00518238
0.00455329
0.00391559
0.00327399
0.00272619
0.00223566
0.00169251
0.00117202
0.000721535
0.000235569
-0.000306752
-0.000818496
-0.00136357
-0.00195631
-0.00253243
-0.00308344
-0.00361803
-0.00412945
-0.00473764
-0.00545221
-0.00614223
-0.00679103
-0.00745514
-0.00820018
-0.00895844
-0.00975497
-0.0105524
-0.0114052
-0.0122746
-0.0131642
-0.0141048
-0.0150293
-0.0160716
-0.0170638
-0.0182266
-0.0193461
-0.0206425
-0.0220473
-0.02359
-0.0256976
0.0278768
0.0240764
0.0180081
0.01334
0.0109132
0.00964198
0.00858136
0.00755577
0.00664958
0.00587783
0.00519133
0.00456242
0.00392452
0.00328281
0.00273441
0.00224209
0.00169749
0.00117618
0.000724407
0.000237101
-0.000305581
-0.000817401
-0.00136216
-0.00195378
-0.00252972
-0.00308049
-0.00361578
-0.00412959
-0.0047379
-0.0054503
-0.00613966
-0.00678978
-0.00745468
-0.00819946
-0.00895743
-0.00975404
-0.0105515
-0.0114043
-0.0122737
-0.0131633
-0.014104
-0.0150287
-0.0160711
-0.0170633
-0.0182261
-0.0193453
-0.0206414
-0.0220451
-0.0235864
-0.0256973
0.0272996
0.0238528
0.0181202
0.0134812
0.0109507
0.00963002
0.00857864
0.00756842
0.00666365
0.00588828
0.00520053
0.00457174
0.00393365
0.0032918
0.0027428
0.00224867
0.00170258
0.00118044
0.00072736
0.000238677
-0.000304373
-0.000816253
-0.00136069
-0.00195118
-0.00252694
-0.00307746
-0.0036135
-0.0041297
-0.00473815
-0.00544831
-0.006137
-0.00678848
-0.0074542
-0.00819872
-0.00895638
-0.00975306
-0.0105506
-0.0114033
-0.0122726
-0.0131623
-0.0141031
-0.0150281
-0.0160706
-0.0170628
-0.0182255
-0.0193445
-0.0206401
-0.0220427
-0.0235826
-0.0256971
0.0267486
0.0236205
0.0182155
0.0136219
0.0109937
0.00961704
0.00857239
0.00757934
0.00667772
0.00589902
0.0052099
0.00458118
0.00394294
0.003301
0.00275138
0.00225539
0.00170776
0.00118479
0.000730382
0.000240297
-0.000303129
-0.000815053
-0.00135916
-0.00194853
-0.00252409
-0.00307437
-0.00361121
-0.00412979
-0.00473838
-0.00544627
-0.00613427
-0.00678713
-0.00745369
-0.00819794
-0.00895531
-0.00975205
-0.0105496
-0.0114023
-0.0122716
-0.0131614
-0.0141023
-0.0150275
-0.0160701
-0.0170623
-0.0182249
-0.0193437
-0.0206388
-0.0220403
-0.0235787
-0.0256967
0.0262176
0.02338
0.0182948
0.0137627
0.0110437
0.00960431
0.0085626
0.00758808
0.00669173
0.00591026
0.00521964
0.00459083
0.0039524
0.00331038
0.00276017
0.0022623
0.00171308
0.00118924
0.000733482
0.000241969
-0.000301838
-0.000813787
-0.00135754
-0.00194581
-0.00252116
-0.00307122
-0.0036089
-0.00412987
-0.00473859
-0.00544418
-0.00613148
-0.00678573
-0.00745314
-0.00819714
-0.0089542
-0.00975099
-0.0105486
-0.0114013
-0.0122705
-0.0131603
-0.0141014
-0.0150268
-0.0160695
-0.0170618
-0.0182242
-0.0193429
-0.0206375
-0.0220378
-0.0235746
-0.0256963
0.0257012
0.0231333
0.0183555
0.0138995
0.0110996
0.00959225
0.00854936
0.00759418
0.00670527
0.0059218
0.00522963
0.00460064
0.00396204
0.00331993
0.00276914
0.00226936
0.00171851
0.0011938
0.000736665
0.000243696
-0.000300504
-0.000812463
-0.00135583
-0.00194302
-0.00251813
-0.00306801
-0.00360657
-0.00412992
-0.00473877
-0.00544204
-0.00612864
-0.00678429
-0.00745256
-0.00819631
-0.00895305
-0.00974989
-0.0105476
-0.0114002
-0.0122693
-0.0131593
-0.0141004
-0.0150261
-0.0160689
-0.0170612
-0.0182236
-0.019342
-0.020636
-0.0220353
-0.0235704
-0.0256958
0.0252035
0.0228817
0.0183951
0.0140297
0.0111603
0.00958067
0.00853217
0.00759695
0.00671784
0.00593342
0.00523971
0.00461047
0.00397174
0.00332959
0.00277823
0.00227653
0.001724
0.0011984
0.000739879
0.000245446
-0.000299144
-0.000811104
-0.00135405
-0.00194016
-0.00251501
-0.00306472
-0.00360422
-0.00412995
-0.00473892
-0.00543987
-0.00612575
-0.00678281
-0.00745194
-0.00819545
-0.00895187
-0.00974875
-0.0105465
-0.0113991
-0.0122681
-0.0131582
-0.0140994
-0.0150254
-0.0160683
-0.0170606
-0.0182229
-0.019341
-0.0206345
-0.0220326
-0.023566
-0.0256953
0.024728
0.0226313
0.0184209
0.0141564
0.0112284
0.00957233
0.00851236
0.00759661
0.00672964
0.00594553
0.00525034
0.00462062
0.00398165
0.00333945
0.00278754
0.00228389
0.00172963
0.00120311
0.000743184
0.000247264
-0.000297728
-0.000809674
-0.00135217
-0.00193724
-0.00251181
-0.00306138
-0.00360184
-0.00412995
-0.00473904
-0.00543766
-0.00612282
-0.00678128
-0.00745129
-0.00819456
-0.00895065
-0.00974757
-0.0105454
-0.011398
-0.0122669
-0.0131571
-0.0140984
-0.0150246
-0.0160676
-0.0170599
-0.0182221
-0.01934
-0.0206329
-0.0220299
-0.0235615
-0.0256947
0.0242599
0.0223785
0.0184277
0.0142727
0.0112999
0.00956695
0.00848991
0.00759249
0.00673988
0.00595777
0.00526133
0.004631
0.00399177
0.00334952
0.00279706
0.00229144
0.00173542
0.00120797
0.000746603
0.000249161
-0.000296253
-0.000808186
-0.0013502
-0.00193423
-0.0025085
-0.00305795
-0.00359941
-0.00412991
-0.00473912
-0.00543541
-0.00611985
-0.0067797
-0.00745058
-0.00819363
-0.00894939
-0.00974634
-0.0105442
-0.0113968
-0.0122657
-0.013156
-0.0140974
-0.0150238
-0.016067
-0.0170593
-0.0182213
-0.019339
-0.0206312
-0.0220271
-0.0235569
-0.025694
0.0238058
0.022123
0.0184123
0.0143758
0.0113723
0.00956398
0.00846423
0.00758369
0.00674764
0.00596951
0.0052723
0.00464127
0.00400173
0.0033595
0.00280659
0.00229903
0.00174121
0.00121281
0.000750001
0.000251038
-0.000294787
-0.000806691
-0.00134819
-0.0019312
-0.00250511
-0.00305445
-0.00359695
-0.00412984
-0.00473915
-0.00543312
-0.00611683
-0.00677807
-0.00744984
-0.00819268
-0.00894808
-0.00974508
-0.010543
-0.0113955
-0.0122643
-0.0131548
-0.0140963
-0.015023
-0.0160662
-0.0170586
-0.0182205
-0.0193379
-0.0206294
-0.0220242
-0.0235521
-0.0256933
0.023392
0.02188
0.018388
0.0144726
0.0114498
0.00956771
0.00843842
0.00757165
0.00675343
0.00598133
0.00528403
0.00465212
0.00401203
0.0033697
0.0028163
0.00230678
0.00174711
0.00121776
0.000753519
0.000253015
-0.000293251
-0.000805121
-0.0013461
-0.00192811
-0.00250166
-0.00305088
-0.00359443
-0.00412971
-0.00473914
-0.00543079
-0.00611376
-0.00677639
-0.00744904
-0.00819168
-0.00894673
-0.00974377
-0.0105417
-0.0113942
-0.012263
-0.0131535
-0.0140952
-0.0150222
-0.0160655
-0.0170579
-0.0182196
-0.0193368
-0.0206275
-0.0220212
-0.0235471
-0.0256924
0.0229752
0.0216334
0.0183456
0.0145535
0.0115256
0.00957589
0.00841192
0.00755552
0.00675634
0.00599272
0.00529629
0.00466343
0.00402259
0.00338011
0.00282627
0.00231481
0.00175326
0.0012229
0.00075717
0.000255087
-0.000291635
-0.000803471
-0.00134393
-0.00192496
-0.0024981
-0.00304722
-0.00359185
-0.00412954
-0.00473907
-0.00542843
-0.00611065
-0.00677466
-0.0074482
-0.00819063
-0.00894534
-0.00974241
-0.0105404
-0.0113929
-0.0122616
-0.0131523
-0.014094
-0.0150213
-0.0160647
-0.0170571
-0.0182187
-0.0193357
-0.0206255
-0.0220181
-0.023542
-0.0256915
0.0225597
0.0213835
0.0182832
0.0146157
0.011596
0.00958662
0.00838387
0.00753426
0.00675501
0.00600233
0.00530818
0.00467458
0.00403284
0.00339024
0.0028361
0.00232279
0.00175934
0.00122795
0.000760743
0.000257091
-0.000290058
-0.000801829
-0.00134176
-0.00192181
-0.0024945
-0.00304351
-0.00358923
-0.00412931
-0.00473896
-0.00542603
-0.00610749
-0.00677287
-0.0074473
-0.00818955
-0.0089439
-0.00974102
-0.010539
-0.0113915
-0.0122601
-0.0131509
-0.0140928
-0.0150204
-0.0160639
-0.0170563
-0.0182178
-0.0193344
-0.0206234
-0.022015
-0.0235368
-0.0256905
0.022224
0.0211541
0.0182172
0.0146699
0.0116669
0.00960462
0.00835838
0.00751043
0.0067502
0.00601048
0.00532049
0.00468659
0.00404364
0.00340057
0.00284601
0.00233084
0.00176548
0.0012331
0.00076444
0.000259204
-0.000288411
-0.000800117
-0.00133951
-0.00191861
-0.00249084
-0.00303972
-0.00358654
-0.00412901
-0.00473878
-0.00542358
-0.00610429
-0.00677103
-0.00744634
-0.00818841
-0.00894241
-0.00973957
-0.0105376
-0.0113901
-0.0122586
-0.0131496
-0.0140916
-0.0150194
-0.0160631
-0.0170555
-0.0182168
-0.0193332
-0.0206212
-0.0220117
-0.0235314
-0.0256893
0.0219065
0.0209204
0.0181358
0.014707
0.0117319
0.00962668
0.00833471
0.0074837
0.00674175
0.00601708
0.00533307
0.00469931
0.00405482
0.00341099
0.00285608
0.00233918
0.00177192
0.00123847
0.000768268
0.000261389
-0.000286698
-0.000798314
-0.00133718
-0.00191533
-0.00248707
-0.00303584
-0.00358382
-0.00412866
-0.00473855
-0.00542109
-0.00610103
-0.00676912
-0.00744532
-0.00818722
-0.00894086
-0.00973807
-0.0105361
-0.0113886
-0.012257
-0.0131482
-0.0140903
-0.0150185
-0.0160622
-0.0170546
-0.0182157
-0.0193318
-0.0206188
-0.0220084
-0.0235258
-0.0256881
0.0215639
0.020687
0.018044
0.014727
0.0117872
0.00964895
0.00831227
0.007454
0.00672894
0.00602057
0.00534449
0.00471205
0.0040661
0.00342137
0.00286608
0.0023475
0.00177828
0.00124373
0.000772017
0.000263544
-0.000284993
-0.000796508
-0.00133486
-0.00191209
-0.0024833
-0.00303193
-0.00358106
-0.00412824
-0.00473825
-0.00541856
-0.00609773
-0.00676715
-0.00744425
-0.00818598
-0.00893927
-0.00973653
-0.0105346
-0.011387
-0.0122554
-0.0131467
-0.014089
-0.0150174
-0.0160613
-0.0170537
-0.0182146
-0.0193304
-0.0206163
-0.0220049
-0.0235202
-0.0256867
0.0212197
0.0204604
0.0179491
0.0147354
0.0118351
0.00967302
0.00829253
0.00742252
0.00671184
0.00602057
0.00535482
0.00472533
0.0040781
0.00343192
0.00287592
0.00235565
0.00178458
0.00124901
0.000775849
0.000265767
-0.000283271
-0.000794685
-0.0013325
-0.00190878
-0.00247944
-0.00302793
-0.00357824
-0.00412774
-0.00473788
-0.00541599
-0.00609437
-0.00676512
-0.00744311
-0.00818468
-0.00893762
-0.00973493
-0.010533
-0.0113855
-0.0122538
-0.0131452
-0.0140876
-0.0150164
-0.0160604
-0.0170528
-0.0182135
-0.019329
-0.0206137
-0.0220014
-0.0235144
-0.0256852
0.0208862
0.020234
0.0178463
0.0147303
0.0118737
0.00969663
0.00827467
0.00738979
0.00669143
0.00601773
0.00536413
0.0047389
0.00409049
0.00344248
0.0028857
0.00236396
0.00179113
0.00125446
0.000779747
0.000268009
-0.000281506
-0.000792756
-0.00133001
-0.00190538
-0.0024755
-0.00302389
-0.00357539
-0.00412717
-0.00473744
-0.00541337
-0.00609097
-0.00676302
-0.00744189
-0.00818333
-0.00893591
-0.00973328
-0.0105314
-0.0113838
-0.012252
-0.0131436
-0.0140862
-0.0150153
-0.0160594
-0.0170518
-0.0182123
-0.0193275
-0.020611
-0.0219978
-0.0235084
-0.0256835
0.0205556
0.0200078
0.0177391
0.0147146
0.0119026
0.00971836
0.00825935
0.00735713
0.00666823
0.00601136
0.00537116
0.00475208
0.0041034
0.00345355
0.00289576
0.00237237
0.00179761
0.00125979
0.000783633
0.00027034
-0.000279652
-0.000790787
-0.00132754
-0.00190204
-0.00247158
-0.0030198
-0.00357247
-0.0041265
-0.00473691
-0.00541071
-0.00608753
-0.00676086
-0.00744061
-0.00818191
-0.00893414
-0.00973157
-0.0105296
-0.0113821
-0.0122502
-0.013142
-0.0140847
-0.0150141
-0.0160583
-0.0170507
-0.018211
-0.0193259
-0.0206081
-0.0219941
-0.0235023
-0.0256817
0.0202268
0.0197798
0.0176258
0.0146878
0.0119213
0.00973737
0.00824612
0.00732419
0.00664157
0.00600093
0.00537577
0.00476512
0.00411716
0.00346509
0.00290562
0.00238044
0.00180393
0.00126515
0.000787614
0.000272682
-0.000277891
-0.000788886
-0.00132505
-0.00189862
-0.00246754
-0.00301562
-0.00356951
-0.00412576
-0.00473631
-0.00540801
-0.00608404
-0.00675863
-0.00743925
-0.00818042
-0.00893231
-0.0097298
-0.0105279
-0.0113803
-0.0122484
-0.0131404
-0.0140832
-0.0150129
-0.0160572
-0.0170497
-0.0182096
-0.0193243
-0.0206051
-0.0219902
-0.0234961
-0.0256797
0.0199032
0.0195506
0.0175061
0.0146512
0.0119303
0.00975201
0.00823314
0.00729056
0.00661234
0.00598735
0.00537802
0.00477732
0.00413099
0.00347662
0.00291539
0.0023886
0.00181039
0.0012705
0.000791475
0.00027494
-0.0002761
-0.000786852
-0.00132242
-0.00189513
-0.00246348
-0.00301141
-0.0035665
-0.00412491
-0.00473561
-0.00540526
-0.00608051
-0.00675633
-0.00743782
-0.00817888
-0.00893042
-0.00972797
-0.010526
-0.0113785
-0.0122465
-0.0131386
-0.0140816
-0.0150117
-0.0160561
-0.0170485
-0.0182082
-0.0193225
-0.020602
-0.0219863
-0.0234898
-0.0256776
0.019587
0.019321
0.0173806
0.0146064
0.0119292
0.00976083
0.00822014
0.0072575
0.0065816
0.00597049
0.00537684
0.00478772
0.00414483
0.00348883
0.00292567
0.00239683
0.00181661
0.00127561
0.000795354
0.000277381
-0.000274168
-0.0007848
-0.00131984
-0.00189169
-0.00245938
-0.00300713
-0.00356341
-0.00412397
-0.00473483
-0.00540247
-0.00607694
-0.00675397
-0.0074363
-0.00817726
-0.00892846
-0.00972608
-0.0105241
-0.0113766
-0.0122445
-0.0131368
-0.01408
-0.0150104
-0.0160549
-0.0170474
-0.0182067
-0.0193207
-0.0205987
-0.0219823
-0.0234834
-0.0256752
0.0192804
0.0190913
0.0172471
0.0145517
0.0119178
0.00976382
0.00820705
0.00722475
0.00654876
0.00594994
0.00537215
0.00479663
0.00415905
0.00350171
0.00293601
0.0024048
0.00182269
0.0012808
0.000799325
0.000279785
-0.00027238
-0.000782825
-0.00131721
-0.00188815
-0.0024552
-0.00300281
-0.0035603
-0.00412294
-0.00473395
-0.00539962
-0.00607331
-0.00675152
-0.0074347
-0.00817556
-0.00892643
-0.00972412
-0.0105221
-0.0113747
-0.0122425
-0.013135
-0.0140783
-0.0150091
-0.0160537
-0.0170462
-0.0182052
-0.0193189
-0.0205952
-0.0219782
-0.0234768
-0.0256727
0.0189816
0.0188623
0.0171044
0.0144877
0.0118978
0.00976098
0.00819216
0.00719126
0.00651415
0.0059267
0.0053646
0.0048037
0.00417267
0.00351456
0.00294649
0.00241299
0.00182888
0.00128581
0.000803007
0.000282048
-0.000270551
-0.000780717
-0.00131448
-0.00188462
-0.00245104
-0.00299845
-0.0035571
-0.00412177
-0.00473294
-0.00539673
-0.00606965
-0.006749
-0.00743301
-0.00817379
-0.00892433
-0.00972209
-0.01052
-0.0113727
-0.0122404
-0.0131331
-0.0140766
-0.0150077
-0.0160524
-0.0170449
-0.0182035
-0.0193169
-0.0205916
-0.021974
-0.0234702
-0.02567
0.0186864
0.0186336
0.0169525
0.0144149
0.0118691
0.00975088
0.00817439
0.00715743
0.00647876
0.00590124
0.0053536
0.00480781
0.00418513
0.00352774
0.00295763
0.00242141
0.00183478
0.00129043
0.000806614
0.000284479
-0.000268624
-0.00077867
-0.00131181
-0.00188108
-0.0024468
-0.00299399
-0.00355384
-0.0041205
-0.00473185
-0.00539379
-0.00606595
-0.00674641
-0.00743122
-0.00817195
-0.00892216
-0.00972
-0.0105179
-0.0113706
-0.0122382
-0.0131311
-0.0140748
-0.0150062
-0.016051
-0.0170436
-0.0182018
-0.0193149
-0.0205879
-0.0219696
-0.0234634
-0.0256671
0.0183918
0.0184067
0.0167923
0.0143321
0.0118311
0.0097336
0.00815394
0.00712317
0.00644218
0.00587289
0.00533885
0.00480914
0.0041968
0.00354118
0.002969
0.0024298
0.00184054
0.001295
0.000810217
0.000286814
-0.000266856
-0.000776669
-0.00130905
-0.00187744
-0.00244252
-0.00298955
-0.00355054
-0.00411912
-0.00473064
-0.00539079
-0.00606221
-0.00674374
-0.00742934
-0.00817001
-0.0089199
-0.00971783
-0.0105157
-0.0113684
-0.0122359
-0.0131291
-0.014073
-0.0150047
-0.0160496
-0.0170422
-0.0182
-0.0193127
-0.020584
-0.0219652
-0.0234565
-0.025664
0.0180942
0.0181817
0.0166237
0.014238
0.0117844
0.00970985
0.00813009
0.00708727
0.00640395
0.00584217
0.00532125
0.00480796
0.0042069
0.00355396
0.00298046
0.0024386
0.00184652
0.00129938
0.000813467
0.00028896
-0.000265066
-0.000774578
-0.00130626
-0.00187385
-0.00243825
-0.00298504
-0.00354715
-0.0041176
-0.0047293
-0.00538774
-0.00605841
-0.00674099
-0.00742736
-0.008168
-0.00891757
-0.00971559
-0.0105134
-0.0113662
-0.0122336
-0.013127
-0.014071
-0.0150032
-0.0160482
-0.0170407
-0.0181982
-0.0193105
-0.0205799
-0.0219606
-0.0234496
-0.0256606
0.0177899
0.0179575
0.0164474
0.014133
0.0117295
0.00967948
0.00810203
0.00704918
0.00636446
0.00580982
0.00530075
0.00480344
0.0042147
0.00356606
0.00299241
0.00244797
0.00185241
0.00130329
0.000816466
0.000291145
-0.000263256
-0.000772579
-0.00130351
-0.00187022
-0.00243391
-0.00298047
-0.00354369
-0.00411597
-0.00472785
-0.00538463
-0.00605458
-0.00673816
-0.00742528
-0.0081659
-0.00891515
-0.00971327
-0.010511
-0.011364
-0.0122312
-0.0131248
-0.0140691
-0.0150016
-0.0160467
-0.0170392
-0.0181962
-0.0193082
-0.0205757
-0.0219559
-0.0234425
-0.025657
0.0174755
0.0177332
0.0162658
0.0140173
0.0116657
0.00964219
0.00806929
0.00700841
0.0063236
0.00577557
0.00527687
0.00479564
0.00422067
0.00357746
0.00300435
0.00245756
0.00185828
0.00130708
0.000819387
0.000293184
-0.00026165
-0.000770664
-0.00130072
-0.00186654
-0.00242956
-0.00297589
-0.00354017
-0.0041142
-0.00472626
-0.00538146
-0.00605071
-0.00673525
-0.00742308
-0.00816371
-0.00891265
-0.00971086
-0.0105085
-0.0113616
-0.0122287
-0.0131226
-0.014067
-0.0149999
-0.0160451
-0.0170376
-0.0181941
-0.0193058
-0.0205714
-0.0219511
-0.0234354
-0.0256532
0.0171477
0.0175071
0.0160802
0.0138906
0.0115919
0.00959764
0.008032
0.00696504
0.00628105
0.00573928
0.00525004
0.00478505
0.00422457
0.00358722
0.00301567
0.00246758
0.00186466
0.00131074
0.000821887
0.000294937
-0.000260123
-0.000768737
-0.0012979
-0.00186285
-0.00242519
-0.00297128
-0.00353657
-0.00411227
-0.00472455
-0.00537824
-0.00604679
-0.00673225
-0.00742077
-0.00816142
-0.00891007
-0.00970838
-0.0105059
-0.0113592
-0.0122262
-0.0131203
-0.0140649
-0.0149981
-0.0160434
-0.017036
-0.018192
-0.0193032
-0.0205669
-0.0219461
-0.0234281
-0.0256492
0.0168062
0.0172775
0.0158931
0.0137537
0.0115075
0.00954651
0.00799088
0.00691812
0.00623579
0.00570121
0.0052206
0.00477132
0.00422582
0.00359517
0.00302653
0.00247819
0.00187132
0.00131399
0.000823979
0.000296631
-0.000258631
-0.000766951
-0.00129516
-0.00185916
-0.0024208
-0.00296663
-0.00353289
-0.00411022
-0.00472268
-0.00537496
-0.00604284
-0.00672917
-0.00741836
-0.00815903
-0.00890738
-0.00970581
-0.0105033
-0.0113566
-0.0122236
-0.0131179
-0.0140628
-0.0149963
-0.0160417
-0.0170343
-0.0181898
-0.0193006
-0.0205622
-0.0219411
-0.0234208
-0.0256449
0.0164518
0.0170426
0.0157051
0.0136075
0.0114127
0.00948852
0.00794482
0.00686658
0.00618784
0.00566182
0.00518833
0.00475421
0.00422482
0.00360136
0.00303636
0.00248889
0.00187824
0.00131722
0.000825973
0.000298106
-0.000257427
-0.000765324
-0.00129243
-0.00185543
-0.00241635
-0.00296195
-0.00352917
-0.00410804
-0.00472067
-0.00537157
-0.00603884
-0.00672601
-0.00741581
-0.00815654
-0.0089046
-0.00970314
-0.0105005
-0.011354
-0.0122208
-0.0131154
-0.0140605
-0.0149944
-0.0160399
-0.0170325
-0.0181874
-0.0192978
-0.0205574
-0.0219359
-0.0234134
-0.0256403
0.016086
0.0167994
0.0155171
0.0134545
0.0113067
0.00942181
0.00789412
0.00681149
0.00613697
0.00562066
0.00515328
0.00473379
0.00422147
0.00360546
0.00304455
0.00249961
0.00188588
0.00132047
0.000827524
0.000299246
-0.000256394
-0.000763768
-0.00128973
-0.00185172
-0.00241193
-0.00295726
-0.00352532
-0.00410567
-0.00471852
-0.00536815
-0.00603478
-0.00672276
-0.00741317
-0.00815396
-0.00890173
-0.00970038
-0.0104977
-0.0113514
-0.012218
-0.0131129
-0.0140582
-0.0149924
-0.016038
-0.0170306
-0.018185
-0.0192949
-0.0205525
-0.0219306
-0.0234059
-0.0256355
0.0157114
0.0165462
0.0153298
0.0132965
0.011189
0.00934601
0.00783967
0.00675258
0.0060818
0.00557743
0.00511579
0.0047099
0.00421574
0.00360761
0.00305088
0.00251005
0.00189408
0.00132359
0.000828668
0.000300309
-0.000255506
-0.000762521
-0.00128717
-0.001848
-0.00240747
-0.0029525
-0.00352139
-0.00410317
-0.00471625
-0.00536468
-0.00603067
-0.00671939
-0.00741038
-0.00815127
-0.00889875
-0.00969752
-0.0104947
-0.0113486
-0.0122152
-0.0131103
-0.0140558
-0.0149903
-0.0160361
-0.0170286
-0.0181825
-0.0192918
-0.0205475
-0.0219251
-0.0233983
-0.0256305
0.0153319
0.0162817
0.0151416
0.0131354
0.0110606
0.00926021
0.00778064
0.00668976
0.0060221
0.00553202
0.00507602
0.00468256
0.00420756
0.00360759
0.003055
0.00251977
0.00190267
0.00132693
0.000829614
0.000301013
-0.000254902
-0.000761444
-0.0012847
-0.00184427
-0.00240299
-0.00294778
-0.00351742
-0.00410051
-0.00471377
-0.0053611
-0.00602655
-0.00671595
-0.00740744
-0.00814846
-0.00889569
-0.00969456
-0.0104917
-0.0113457
-0.0122122
-0.0131075
-0.0140534
-0.0149882
-0.0160341
-0.0170265
-0.0181799
-0.0192887
-0.0205423
-0.0219195
-0.0233906
-0.0256252
0.0149531
0.0160056
0.0149509
0.0129732
0.0109225
0.00916295
0.00771668
0.00662362
0.00595727
0.00548417
0.00503437
0.00465133
0.00419657
0.00360577
0.00305681
0.00252836
0.00191171
0.00133051
0.000830227
0.00030144
-0.000254483
-0.000760542
-0.0012824
-0.00184065
-0.0023985
-0.002943
-0.00351334
-0.00409765
-0.00471115
-0.00535746
-0.00602236
-0.00671243
-0.0074044
-0.00814551
-0.0088925
-0.00969152
-0.0104885
-0.0113428
-0.0122091
-0.0131047
-0.0140509
-0.014986
-0.016032
-0.0170243
-0.0181771
-0.0192854
-0.0205369
-0.0219138
-0.0233828
-0.0256196
0.0145807
0.0157188
0.0147552
0.0128107
0.010777
0.00905358
0.00764664
0.00655471
0.00588732
0.00543328
0.00499077
0.00461618
0.00418291
0.00360236
0.00305599
0.00253525
0.001921
0.00133438
0.000830574
0.000301684
-0.000254353
-0.000760031
-0.00128022
-0.00183702
-0.00239407
-0.00293822
-0.00350914
-0.00409466
-0.0047084
-0.00535374
-0.0060181
-0.00670879
-0.00740124
-0.00814249
-0.00888918
-0.00968832
-0.0104853
-0.0113397
-0.012206
-0.0131018
-0.0140483
-0.0149836
-0.0160299
-0.0170221
-0.0181743
-0.019282
-0.0205315
-0.021908
-0.023375
-0.0256138
0.0142192
0.0154231
0.0145512
0.0126483
0.0106264
0.00893111
0.00756901
0.00648416
0.0058121
0.00537792
0.00494546
0.00457768
0.00416604
0.00359703
0.00305271
0.0025402
0.00193008
0.00133866
0.000830771
0.000301466
-0.00025443
-0.000759686
-0.0012783
-0.00183346
-0.00238961
-0.00293349
-0.00350489
-0.00409145
-0.00470545
-0.00534995
-0.00601382
-0.00670505
-0.0073979
-0.00813935
-0.00888579
-0.00968501
-0.0104819
-0.0113366
-0.0122027
-0.0130989
-0.0140456
-0.0149812
-0.0160277
-0.0170197
-0.0181714
-0.0192784
-0.0205259
-0.021902
-0.023367
-0.0256077
0.0138716
0.0151216
0.0143375
0.0124844
0.0104725
0.00879633
0.00748211
0.00641164
0.00573173
0.00531782
0.00489877
0.00453558
0.00414543
0.00359016
0.00304716
0.00254271
0.00193856
0.00134324
0.000831008
0.000301016
-0.000254799
-0.000759586
-0.00127667
-0.00183009
-0.00238508
-0.00292867
-0.00350061
-0.0040881
-0.00470233
-0.00534608
-0.00600948
-0.00670122
-0.00739443
-0.00813604
-0.00888228
-0.00968164
-0.0104784
-0.0113333
-0.0121994
-0.0130958
-0.0140429
-0.0149786
-0.0160254
-0.0170172
-0.0181684
-0.0192747
-0.0205201
-0.0218959
-0.023359
-0.0256014
0.0135386
0.0148181
0.0141123
0.0123163
0.0103179
0.00865095
0.00738348
0.00633693
0.00564751
0.00525237
0.0048502
0.00448986
0.00412095
0.00358183
0.00303939
0.00254261
0.00194618
0.00134797
0.000831254
0.000300387
-0.000255548
-0.000759832
-0.00127511
-0.00182683
-0.00238078
-0.00292385
-0.00349611
-0.00408461
-0.00469912
-0.0053421
-0.00600505
-0.00669729
-0.00739083
-0.00813263
-0.0088786
-0.00967811
-0.0104749
-0.0113299
-0.012196
-0.0130926
-0.0140401
-0.014976
-0.016023
-0.0170146
-0.0181652
-0.0192709
-0.0205143
-0.0218897
-0.0233509
-0.0255948
0.0132183
0.0145152
0.0138752
0.0121416
0.0101637
0.00849668
0.00727153
0.0062597
0.00556012
0.00518015
0.00479949
0.00444165
0.00409232
0.00357153
0.00302962
0.00253984
0.00195243
0.00135265
0.000831543
0.000299398
-0.000256539
-0.000760175
-0.00127384
-0.00182376
-0.00237652
-0.00291914
-0.00349154
-0.0040808
-0.0046957
-0.00533812
-0.00600059
-0.00669323
-0.00738706
-0.00812909
-0.00887484
-0.00967441
-0.0104712
-0.0113265
-0.0121924
-0.0130894
-0.0140372
-0.0149732
-0.0160206
-0.0170118
-0.018162
-0.0192669
-0.0205083
-0.0218833
-0.0233427
-0.0255879
0.0129082
0.0142158
0.0136279
0.0119569
0.0100093
0.00833692
0.00714512
0.00617795
0.00547082
0.00510112
0.00474614
0.0043913
0.0040591
0.00355897
0.0030181
0.00253421
0.00195694
0.00135703
0.000832017
0.000298298
-0.000258055
-0.000760759
-0.00127263
-0.00182092
-0.00237237
-0.00291442
-0.00348702
-0.00407687
-0.00469199
-0.00533398
-0.00599612
-0.00668911
-0.00738315
-0.00812537
-0.00887093
-0.00967066
-0.0104673
-0.0113229
-0.0121889
-0.013086
-0.0140342
-0.0149703
-0.016018
-0.017009
-0.0181587
-0.0192628
-0.0205022
-0.0218768
-0.0233344
-0.0255808
0.0126059
0.0139216
0.0133725
0.01176
0.0098529
0.0081748
0.00700405
0.00608918
0.00538093
0.00501582
0.004689
0.00433842
0.0040213
0.00354434
0.00300502
0.00252571
0.0019595
0.00136072
0.000832525
0.000297334
-0.00026007
-0.000761913
-0.00127142
-0.00181804
-0.00236847
-0.00290972
-0.00348231
-0.00407291
-0.00468827
-0.00532963
-0.00599145
-0.0066849
-0.00737914
-0.00812157
-0.00886685
-0.00966672
-0.0104635
-0.0113192
-0.0121851
-0.0130826
-0.0140312
-0.0149673
-0.0160154
-0.017006
-0.0181552
-0.0192585
-0.020496
-0.0218703
-0.023326
-0.0255735
0.0123078
0.0136322
0.0131116
0.0115501
0.00969165
0.00801247
0.00685001
0.00599095
0.00529046
0.00492448
0.0046272
0.00428389
0.00397913
0.00352691
0.00299051
0.00251435
0.00195977
0.00136346
0.000832871
0.00029647
-0.00026233
-0.000763407
-0.00127046
-0.0018153
-0.00236466
-0.00290519
-0.00347753
-0.00406864
-0.00468441
-0.00532539
-0.00598672
-0.00668044
-0.00737491
-0.00811763
-0.00886273
-0.00966264
-0.0104594
-0.0113153
-0.0121813
-0.013079
-0.014028
-0.0149642
-0.0160127
-0.017003
-0.0181516
-0.0192541
-0.0204896
-0.0218636
-0.0233176
-0.0255659
0.0120157
0.0133471
0.0128478
0.0113274
0.00952194
0.00785162
0.00668529
0.00588065
0.00519932
0.00482798
0.00456014
0.00422808
0.00393241
0.00350586
0.00297482
0.00250048
0.00195761
0.00136489
0.000832797
0.000295868
-0.000264851
-0.000765422
-0.00126953
-0.00181271
-0.00236111
-0.00290066
-0.0034727
-0.00406426
-0.00468029
-0.00532099
-0.00598208
-0.00667594
-0.00737045
-0.00811346
-0.00885839
-0.00965852
-0.0104553
-0.0113113
-0.0121774
-0.0130753
-0.0140248
-0.0149609
-0.0160099
-0.0169998
-0.0181479
-0.0192496
-0.0204831
-0.0218568
-0.0233091
-0.0255581
0.0117222
0.0130647
0.0125827
0.0110935
0.00934119
0.00769193
0.00651265
0.00575615
0.00510693
0.00472809
0.00448673
0.00417018
0.00388176
0.00348147
0.00295778
0.0024839
0.00195299
0.00136482
0.000831793
0.000295441
-0.000267292
-0.000768009
-0.00126873
-0.00180996
-0.00235799
-0.00289644
-0.00346763
-0.0040597
-0.00467614
-0.00531637
-0.00597719
-0.00667148
-0.00736601
-0.00810915
-0.00885382
-0.00965411
-0.0104511
-0.0113073
-0.0121734
-0.0130715
-0.0140215
-0.0149576
-0.016007
-0.0169965
-0.0181441
-0.0192451
-0.0204766
-0.0218498
-0.0233005
-0.0255501
0.0114298
0.0127834
0.0123169
0.0108514
0.00914691
0.00753128
0.00633615
0.00561659
0.00501085
0.00462615
0.00440691
0.0041101
0.00382756
0.00345319
0.00293947
0.00246453
0.00194551
0.00136341
0.000829793
0.000294852
-0.000269674
-0.000771055
-0.00126813
-0.00180697
-0.00235478
-0.00289263
-0.00346288
-0.00405493
-0.00467171
-0.00531174
-0.00597218
-0.00666665
-0.00736142
-0.00810486
-0.00884921
-0.00964956
-0.0104467
-0.011303
-0.0121694
-0.0130677
-0.014018
-0.0149541
-0.016004
-0.016993
-0.0181401
-0.0192403
-0.0204699
-0.0218429
-0.0232918
-0.0255419
0.0111376
0.0125023
0.01205
0.0106037
0.00893776
0.00736671
0.00615948
0.00546256
0.00490836
0.00452266
0.00432105
0.00404796
0.00376977
0.00342009
0.00292009
0.00244325
0.00193493
0.00136002
0.000826633
0.000294254
-0.000271771
-0.000774751
-0.00126794
-0.00180378
-0.00235155
-0.00288876
-0.00345815
-0.00405038
-0.00466724
-0.00530688
-0.00596714
-0.00666172
-0.00735642
-0.00810028
-0.00884451
-0.00964506
-0.0104423
-0.0112986
-0.0121651
-0.0130637
-0.0140146
-0.0149505
-0.016001
-0.0169895
-0.018136
-0.0192355
-0.020463
-0.0218357
-0.0232831
-0.0255334
0.0108451
0.0122207
0.0117802
0.0103521
0.00871527
0.00719397
0.00598416
0.0052967
0.00479772
0.00441814
0.00422854
0.00398275
0.00370951
0.00338236
0.00289926
0.00242008
0.00192163
0.00135472
0.000821399
0.000292966
-0.000273055
-0.000778389
-0.00126835
-0.0018006
-0.00234848
-0.00288527
-0.00345315
-0.00404546
-0.00466287
-0.00530214
-0.00596191
-0.0066567
-0.00735142
-0.00809543
-0.0088394
-0.00964028
-0.0104378
-0.0112942
-0.0121608
-0.0130595
-0.0140109
-0.0149468
-0.0159978
-0.0169859
-0.0181318
-0.0192306
-0.0204562
-0.0218285
-0.0232744
-0.0255248
0.0105507
0.0119387
0.011506
0.0100975
0.00848186
0.00700957
0.00580994
0.00512149
0.00467675
0.00431336
0.00413071
0.00391342
0.00364697
0.00333991
0.00287673
0.00239482
0.001905
0.00134815
0.000814955
0.000290307
-0.000274435
-0.000781989
-0.00126898
-0.00179724
-0.0023451
-0.00288212
-0.00344876
-0.00404045
-0.00465792
-0.0052972
-0.00595682
-0.00665151
-0.00734624
-0.00809063
-0.00883422
-0.00963522
-0.010433
-0.0112895
-0.0121565
-0.0130554
-0.0140072
-0.0149429
-0.0159944
-0.0169821
-0.0181274
-0.0192256
-0.0204492
-0.0218212
-0.0232656
-0.025516
0.0102524
0.0116558
0.0112268
0.00983897
0.00824017
0.00681189
0.00563565
0.00493937
0.00454325
0.00420812
0.0040298
0.00384018
0.00358191
0.0032914
0.00285204
0.00236881
0.00188492
0.00133911
0.000807399
0.000287238
-0.000275534
-0.00078595
-0.00127055
-0.00179385
-0.00234124
-0.00287875
-0.00344446
-0.00403591
-0.00465323
-0.00529186
-0.00595127
-0.00664625
-0.00734089
-0.00808555
-0.00882898
-0.00963029
-0.0104282
-0.0112846
-0.0121519
-0.0130511
-0.0140035
-0.0149391
-0.015991
-0.0169783
-0.0181229
-0.0192204
-0.0204422
-0.0218139
-0.0232568
-0.025507
0.00994811
0.0113713
0.0109431
0.00957473
0.00799182
0.0065999
0.0054585
0.00475459
0.00439702
0.00410008
0.00392653
0.00376318
0.00351629
0.00323722
0.00282323
0.00234196
0.00186201
0.00132765
0.000797783
0.000282814
-0.000275534
-0.00078864
-0.00127267
-0.00179145
-0.00233754
-0.00287556
-0.0034402
-0.00403088
-0.00464838
-0.00528695
-0.00594573
-0.00664048
-0.00733531
-0.00808036
-0.00882341
-0.0096251
-0.0104234
-0.0112797
-0.0121474
-0.0130465
-0.0139994
-0.014935
-0.0159876
-0.0169745
-0.0181184
-0.0192152
-0.020435
-0.0218064
-0.0232479
-0.0254979
0.0096364
0.0110835
0.010656
0.00930357
0.00773804
0.00637427
0.00527477
0.00456958
0.00423924
0.00398681
0.00382118
0.00368164
0.00345124
0.00318004
0.00279006
0.00231347
0.0018353
0.00131327
0.000787151
0.000276709
-0.000276077
-0.000790257
-0.00127391
-0.00178881
-0.00233378
-0.00287262
-0.00343697
-0.00402653
-0.00464303
-0.00528134
-0.00594023
-0.00663484
-0.00732941
-0.00807484
-0.00881774
-0.00961979
-0.0104183
-0.0112746
-0.0121428
-0.0130422
-0.0139954
-0.0149307
-0.0159838
-0.0169704
-0.0181137
-0.01921
-0.020428
-0.021799
-0.0232391
-0.0254886
0.00931677
0.0107895
0.010365
0.00902447
0.00747941
0.00613772
0.0050813
0.004385
0.00407239
0.00386752
0.00371492
0.00359425
0.00338463
0.00312031
0.00275292
0.00228532
0.00180647
0.00129469
0.000774189
0.000269443
-0.000276815
-0.000791848
-0.00127568
-0.00178619
-0.00232892
-0.00286858
-0.00343353
-0.00402286
-0.00463858
-0.0052761
-0.00593426
-0.00662883
-0.00732357
-0.00806913
-0.00881167
-0.00961433
-0.0104131
-0.0112693
-0.012138
-0.0130375
-0.0139914
-0.0149267
-0.0159802
-0.0169662
-0.0181088
-0.0192046
-0.0204207
-0.0217914
-0.0232304
-0.0254793
0.00898951
0.0104864
0.0100688
0.00873677
0.00721404
0.00589225
0.00487616
0.00420024
0.00390008
0.00374185
0.00360947
0.00350245
0.00331499
0.00305713
0.00270911
0.00225653
0.00177821
0.00127418
0.000759622
0.000260155
-0.000278302
-0.000792513
-0.00127733
-0.00178496
-0.00232512
-0.00286425
-0.00342956
-0.00401843
-0.0046331
-0.00527077
-0.00592892
-0.0066229
-0.00731748
-0.00806344
-0.0088057
-0.00960872
-0.0104077
-0.0112639
-0.0121332
-0.0130327
-0.013987
-0.0149222
-0.0159764
-0.0169622
-0.018104
-0.0191993
-0.0204135
-0.0217837
-0.0232215
-0.0254699
0.00865494
0.0101719
0.00976548
0.00844025
0.00693952
0.00563863
0.00465946
0.00401383
0.00372495
0.0036088
0.00350442
0.00340901
0.00324355
0.00299237
0.00265766
0.00222292
0.00174793
0.00125119
0.000745434
0.000252027
-0.000279904
-0.000792966
-0.00127829
-0.00178338
-0.00232194
-0.00286087
-0.00342665
-0.00401525
-0.0046278
-0.00526412
-0.00592217
-0.00661657
-0.00731135
-0.00805737
-0.00879955
-0.00960343
-0.0104025
-0.0112584
-0.0121283
-0.0130277
-0.0139826
-0.0149177
-0.0159722
-0.0169578
-0.018099
-0.0191939
-0.0204064
-0.0217762
-0.0232128
-0.0254604
0.00831233
0.00984445
0.00945178
0.008134
0.00665379
0.00537651
0.00443194
0.00382484
0.00355075
0.00346982
0.003399
0.00331463
0.00316947
0.00292814
0.00260172
0.00218452
0.00171528
0.00122334
0.000727312
0.000243521
-0.000279802
-0.000791616
-0.00127847
-0.00178171
-0.00231836
-0.00285662
-0.00342322
-0.00401254
-0.00462381
-0.00525896
-0.00591587
-0.00660953
-0.00730451
-0.00805082
-0.00879276
-0.00959745
-0.010397
-0.0112529
-0.0121236
-0.013023
-0.0139782
-0.0149133
-0.0159683
-0.0169535
-0.0180938
-0.0191882
-0.020399
-0.0217684
-0.023204
-0.0254509
0.00796013
0.00950219
0.00912334
0.00781566
0.00635557
0.0051049
0.00419348
0.00362993
0.00337935
0.00332844
0.00329353
0.00322106
0.00309117
0.00286247
0.0025425
0.00214205
0.00168305
0.00119469
0.000706452
0.00023254
-0.000281891
-0.000790579
-0.00127731
-0.00177904
-0.00231515
-0.00285264
-0.00341903
-0.00400898
-0.00461887
-0.00525287
-0.00590971
-0.00660353
-0.00729837
-0.00804436
-0.00878614
-0.00959162
-0.0103911
-0.0112469
-0.0121185
-0.0130179
-0.0139738
-0.0149088
-0.0159643
-0.0169494
-0.0180888
-0.0191829
-0.0203919
-0.0217607
-0.0231951
-0.0254404
0.007598
0.00914447
0.00877774
0.00748326
0.00604417
0.0048245
0.00394722
0.00342865
0.00321043
0.00318645
0.0031866
0.00312984
0.00301048
0.00279439
0.00248012
0.00209322
0.00164814
0.00116621
0.00068561
0.000222926
-0.000283022
-0.000790887
-0.00127791
-0.00177714
-0.00231215
-0.00284902
-0.00341494
-0.00400533
-0.00461414
-0.00524621
-0.0059015
-0.0065955
-0.00729149
-0.00803766
-0.00877933
-0.00958588
-0.0103857
-0.0112413
-0.0121138
-0.0130129
-0.0139694
-0.0149044
-0.0159603
-0.0169453
-0.018084
-0.0191779
-0.0203854
-0.0217539
-0.0231875
-0.0254327
0.00721579
0.00876347
0.00840796
0.00713047
0.00571564
0.00453316
0.00369631
0.00322427
0.00304586
0.00304683
0.0030766
0.00303914
0.00292764
0.00272333
0.00241706
0.00204035
0.00161037
0.0011375
0.000663126
0.000212123
-0.000282615
-0.000788749
-0.00127732
-0.00177595
-0.00231141
-0.00284771
-0.00341201
-0.00400223
-0.00460998
-0.00524039
-0.00589407
-0.00658746
-0.00728328
-0.00802904
-0.00877066
-0.00957819
-0.010378
-0.0112339
-0.0121074
-0.0130065
-0.0139635
-0.0148986
-0.0159549
-0.0169399
-0.0180777
-0.0191713
-0.0203771
-0.021745
-0.0231775
-0.0254204
0.00681826
0.0083586
0.0080127
0.00675563
0.00537075
0.00423259
0.00344529
0.00302316
0.00288952
0.00291561
0.00296712
0.002948
0.00284233
0.00264666
0.00235068
0.00198419
0.00157136
0.0011128
0.000643829
0.000202289
-0.000281962
-0.000786949
-0.00127633
-0.00177321
-0.00230953
-0.00284686
-0.00341
-0.00400001
-0.00460777
-0.0052368
-0.00588869
-0.00658274
-0.00727999
-0.00802529
-0.00876675
-0.00957509
-0.0103749
-0.0112304
-0.0121046
-0.0130033
-0.0139609
-0.0148959
-0.0159525
-0.0169373
-0.0180744
-0.0191679
-0.0203724
-0.0217396
-0.0231715
-0.0254144
0.00637368
0.00790285
0.00756368
0.00633509
0.00499703
0.0039179
0.00319343
0.0028289
0.00274313
0.0027955
0.00286232
0.00285785
0.00275678
0.00256644
0.00228192
0.00192573
0.00153014
0.00109072
0.000629889
0.000197267
-0.000275368
-0.000779332
-0.00127167
-0.00176741
-0.00230333
-0.0028406
-0.00340183
-0.00399091
-0.00459873
-0.00522697
-0.00587617
-0.00656944
-0.00726737
-0.00801284
-0.00875448
-0.00956408
-0.0103642
-0.0112205
-0.0120959
-0.0129946
-0.0139528
-0.0148881
-0.0159452
-0.0169304
-0.0180667
-0.01916
-0.0203631
-0.02173
-0.0231608
-0.0254011
0.00587452
0.00737062
0.00703048
0.00583758
0.00456588
0.00356504
0.00292156
0.00262753
0.00259199
0.00266875
0.00274243
0.00274577
0.00264963
0.00246406
0.00219429
0.00185267
0.00147499
0.00105775
0.000605825
0.000178485
-0.000282875
-0.000783528
-0.00127777
-0.00177256
-0.00230892
-0.00284727
-0.00340626
-0.00399282
-0.00460053
-0.00522797
-0.00587474
-0.00656808
-0.007267
-0.00801131
-0.00875266
-0.00956261
-0.0103624
-0.0112184
-0.0120945
-0.0129927
-0.0139515
-0.0148866
-0.0159439
-0.0169289
-0.0180645
-0.0191577
-0.0203595
-0.0217253
-0.0231556
-0.0253957
0.00551457
0.00692994
0.00656193
0.00540613
0.00421606
0.003308
0.00275631
0.00253228
0.00252906
0.00261024
0.00267229
0.00266829
0.0025718
0.0023874
0.00213123
0.00180779
0.00144699
0.00105299
0.000611374
0.000184877
-0.000269042
-0.000768059
-0.00126702
-0.00176117
-0.00229593
-0.00283578
-0.00339452
-0.00397938
-0.00458779
-0.00521622
-0.00585999
-0.00655231
-0.00725294
-0.00799825
-0.00873995
-0.00955088
-0.0103514
-0.0112084
-0.0120855
-0.0129835
-0.0139431
-0.0148788
-0.0159364
-0.0169221
-0.0180569
-0.0191501
-0.0203508
-0.0217165
-0.0231459
-0.0253836
0.00445717
0.00588284
0.00563023
0.00465323
0.00365677
0.00292345
0.00252062
0.00238851
0.0024134
0.0024899
0.00253658
0.002526
0.0024388
0.00226656
0.00203237
0.00173424
0.00139097
0.00101916
0.000591611
0.00016567
-0.000279795
-0.000772429
-0.00127496
-0.00176999
-0.00230319
-0.00284299
-0.00339932
-0.00397971
-0.00458705
-0.00521611
-0.00585784
-0.00654913
-0.00724982
-0.00799411
-0.00873555
-0.00954657
-0.0103468
-0.011204
-0.012082
-0.0129798
-0.0139403
-0.014876
-0.0159338
-0.0169195
-0.0180538
-0.0191468
-0.0203462
-0.0217108
-0.0231394
-0.0253757
0.0044581
0.00537909
0.00496767
0.00408973
0.00328382
0.00272424
0.00244022
0.00235305
0.00236718
0.00241473
0.00243524
0.0024114
0.00233174
0.00217614
0.00196565
0.00169672
0.00136974
0.00101479
0.000599916
0.000170013
-0.00027459
-0.000762621
-0.00126885
-0.00176377
-0.00229322
-0.00283489
-0.00339315
-0.00397141
-0.00457844
-0.00520924
-0.0058486
-0.00653814
-0.00724055
-0.00798649
-0.00872827
-0.00953919
-0.0103402
-0.0111983
-0.0120768
-0.0129739
-0.0139347
-0.0148708
-0.015929
-0.0169153
-0.0180492
-0.0191423
-0.0203413
-0.0217053
-0.023134
-0.02537
0.00204578
0.00355383
0.00376978
0.00344966
0.00305624
0.00273788
0.00251856
0.00238765
0.00233031
0.00232051
0.00231222
0.00228248
0.00221638
0.00208309
0.00189711
0.00165664
0.00134579
0.00100273
0.000602411
0.000172333
-0.000271449
-0.000752224
-0.00126237
-0.00176141
-0.00228815
-0.00282904
-0.0033863
-0.00396049
-0.00456569
-0.00519837
-0.00583744
-0.00652567
-0.00722714
-0.00797304
-0.00871505
-0.00952623
-0.0103275
-0.0111867
-0.0120667
-0.0129641
-0.0139265
-0.014863
-0.0159216
-0.0169086
-0.0180422
-0.0191355
-0.0203331
-0.0216965
-0.0231235
-0.0253554
0.000112016
0.000641732
0.00152839
0.00225882
0.00265833
0.00270942
0.00256618
0.00239431
0.00226461
0.00218924
0.00214772
0.00211456
0.00206732
0.001966
0.00181166
0.00160375
0.00131342
0.000980171
0.000591775
0.000160294
-0.000287021
-0.000761483
-0.00127125
-0.0017706
-0.00229198
-0.00283263
-0.00339224
-0.0039643
-0.00456783
-0.00520186
-0.00583995
-0.00652582
-0.00722801
-0.0079756
-0.00871777
-0.00952761
-0.0103293
-0.0111888
-0.0120687
-0.0129653
-0.0139278
-0.0148644
-0.0159229
-0.0169101
-0.018043
-0.0191361
-0.0203335
-0.0216959
-0.0231231
-0.025356
-0.0010198
0.000871112
0.00189853
0.00241017
0.00263409
0.00267283
0.00258818
0.00244596
0.00229954
0.00218056
0.00210357
0.00205425
0.00200662
0.00192305
0.00178716
0.00159895
0.00132465
0.000997198
0.000617834
0.00018737
-0.000265371
-0.000735405
-0.00124779
-0.00175372
-0.00227358
-0.00281349
-0.00337328
-0.0039434
-0.00454508
-0.00518072
-0.00582022
-0.00650512
-0.00720528
-0.00795351
-0.0086964
-0.00950677
-0.0103092
-0.0111705
-0.0120523
-0.0129497
-0.0139141
-0.0148515
-0.0159106
-0.0168989
-0.0180322
-0.0191259
-0.0203222
-0.0216844
-0.0231096
-0.0253369
-0.00215986
-0.00125496
6.49016e-05
0.00123214
0.00203151
0.00242252
0.00249562
0.00240107
0.00224837
0.00210138
0.00200399
0.00194695
0.00189739
0.0018278
0.00171029
0.00153973
0.00128559
0.000967692
0.000598349
0.000172254
-0.000284835
-0.00075084
-0.00126017
-0.00176778
-0.00228398
-0.00282219
-0.00338377
-0.00395276
-0.00455288
-0.00518866
-0.00582846
-0.00651211
-0.00721176
-0.00796113
-0.00870454
-0.00951335
-0.0103157
-0.0111772
-0.0120588
-0.0129554
-0.0139197
-0.0148571
-0.0159161
-0.0169045
-0.0180373
-0.0191306
-0.0203269
-0.0216877
-0.0231133
-0.025342
-0.00362167
-0.00105385
0.000561575
0.00155709
0.00213477
0.00241142
0.00247464
0.00240054
0.00225995
0.00211293
0.00201144
0.00195337
0.0018998
0.00182874
0.00171453
0.00154589
0.00129721
0.000983404
0.000617396
0.000197724
-0.000260141
-0.000724838
-0.00123258
-0.00174432
-0.0022617
-0.00279885
-0.00336025
-0.00392928
-0.00452831
-0.00516451
-0.00580554
-0.00648963
-0.00718714
-0.00793586
-0.00868017
-0.00949029
-0.0102933
-0.011156
-0.01204
-0.0129375
-0.0139039
-0.0148423
-0.015902
-0.016892
-0.0180257
-0.0191196
-0.0203155
-0.0216759
-0.023099
-0.025321
)
;

boundaryField
{
    zeroGradientPlanes
    {
        type            zeroGradient;
    }
    inlet
    {
        type            zeroGradient;
    }
    plate
    {
        type            zeroGradient;
    }
    frontAndBack
    {
        type            empty;
    }
}


// ************************************************************************* //
