/*--------------------------------*- C++ -*----------------------------------*\
| =========                 |                                                 |
| \\      /  F ield         | OpenFOAM: The Open Source CFD Toolbox           |
|  \\    /   O peration     | Version:  v2012                                 |
|   \\  /    A nd           | Website:  www.openfoam.com                      |
|    \\/     M anipulation  |                                                 |
\*---------------------------------------------------------------------------*/
FoamFile
{
    version     2.0;
    format      ascii;
    class       volScalarField;
    location    "2.1";
    object      p;
}
// * * * * * * * * * * * * * * * * * * * * * * * * * * * * * * * * * * * * * //

dimensions      [0 2 -2 0 0 0 0];


internalField   nonuniform List<scalar> 
7000
(
9.37137e-11
0.000496559
-0.00501373
4.89114e-05
0.00285315
0.00410633
0.00702657
0.00915908
0.00694113
0.0080556
0.00696004
0.00907203
0.00736648
0.00975782
0.00963386
0.0120541
0.0125814
0.0157813
0.0177648
0.0229882
-7.18033e-06
0.000498072
-0.00500311
5.19509e-05
0.00284181
0.00411096
0.00702957
0.00914485
0.00694199
0.00804479
0.00696377
0.00906614
0.00737922
0.00975336
0.00964748
0.0120423
0.0126031
0.0157583
0.0177904
0.0227638
-1.60553e-05
0.0005008
-0.00499278
5.03091e-05
0.00282244
0.00412322
0.00702141
0.00913294
0.00693913
0.0080401
0.00697363
0.00905264
0.00740395
0.00974153
0.00967012
0.0120194
0.0126364
0.0157131
0.0178145
0.0223842
-2.59979e-05
0.00050404
-0.00497924
4.544e-05
0.00280252
0.00413784
0.00701361
0.00912398
0.00693398
0.00803901
0.0069876
0.00903382
0.00743891
0.00972386
0.00969865
0.0119889
0.0126761
0.0156529
0.0178195
0.0219838
-3.75578e-05
0.000508255
-0.00495876
4.10428e-05
0.00278315
0.00415288
0.00700498
0.0091153
0.00692812
0.00803837
0.00700448
0.00901086
0.00748043
0.00970152
0.00973116
0.0119535
0.0127193
0.0155829
0.0178081
0.0216028
-5.04936e-05
0.000513777
-0.00492835
3.9045e-05
0.0027639
0.00416841
0.00699656
0.00910568
0.00692256
0.00803626
0.00702403
0.00898417
0.00752645
0.00967525
0.00976725
0.0119141
0.0127647
0.0155065
0.0177821
0.0212471
-6.41932e-05
0.000520644
-0.00488694
4.02458e-05
0.00274491
0.00418442
0.00698868
0.00909448
0.00691779
0.00803162
0.00704647
0.0089537
0.00757626
0.0096452
0.00980681
0.0118712
0.0128112
0.0154256
0.0177417
0.0209127
-7.79507e-05
0.000528677
-0.00483523
4.525e-05
0.00272642
0.0042006
0.00698105
0.00908119
0.00691381
0.00802383
0.00707189
0.00891924
0.0076297
0.00961139
0.00984946
0.0118252
0.0128571
0.0153417
0.0176865
0.0205955
-9.1197e-05
0.000537617
-0.00477471
5.41985e-05
0.00270825
0.00421629
0.00697285
0.00906519
0.00691048
0.00801245
0.0071002
0.00888072
0.00768665
0.00957393
0.00989446
0.011777
0.0129002
0.0152565
0.0176165
0.0202931
-0.000103624
0.000547272
-0.00470663
6.66095e-05
0.00268993
0.00423064
0.00696305
0.00904571
0.00690762
0.00799701
0.00713134
0.0088382
0.00774689
0.00953303
0.00994078
0.0117274
0.012938
0.0151715
0.0175317
0.0200039
-0.000115186
0.000557607
-0.00463137
8.18586e-05
0.00267125
0.0042428
0.00695066
0.00902193
0.00690521
0.00797704
0.00716532
0.00879183
0.00781004
0.00948908
0.00998722
0.0116779
0.0129681
0.0150874
0.0174325
0.0197265
-0.000126012
0.000568737
-0.00454856
9.97574e-05
0.0026526
0.00425219
0.006935
0.00899313
0.00690341
0.00795208
0.00720223
0.00874181
0.00787551
0.00944272
0.0100322
0.0116297
0.0129884
0.0150049
0.0173194
0.0194587
-0.000136302
0.000580831
-0.00445762
0.000120651
0.00263483
0.00425862
0.00691592
0.00895888
0.0069025
0.00792172
0.00724213
0.00868839
0.00794251
0.00939497
0.010074
0.0115843
0.0129975
0.0149232
0.0171932
0.0191983
-0.000146246
0.000594003
-0.0043583
0.000145067
0.00261878
0.00426229
0.00689385
0.00891905
0.00690284
0.00788567
0.00728501
0.00863192
0.00800997
0.00934714
0.0101106
0.0115424
0.0129946
0.0148415
0.0170547
0.0189428
-0.00015598
0.000608238
-0.00425102
0.000173274
0.00260493
0.00426362
0.00686964
0.00887376
0.00690481
0.00784371
0.00733072
0.00857287
0.00807651
0.00930072
0.0101403
0.0115044
0.0129791
0.0147583
0.0169047
0.0186899
-0.000165577
0.000623403
-0.00413684
0.000205062
0.00259322
0.00426297
0.00684431
0.00882329
0.00690869
0.00779578
0.00737901
0.00851191
0.00814043
0.00925726
0.0101617
0.0114706
0.012951
0.0146712
0.0167443
0.0184372
-0.000175066
0.000639296
-0.00401712
0.000239828
0.00258321
0.00426051
0.00681886
0.00876803
0.00691466
0.00774201
0.00742941
0.00845003
0.00819971
0.00921832
0.0101735
0.0114403
0.0129113
0.0145781
0.0165741
0.0181826
-0.000184445
0.000655723
-0.00389316
0.000276815
0.00257432
0.00425627
0.00679416
0.00870831
0.00692274
0.00768264
0.00748124
0.00838862
0.00825224
0.00918513
0.0101752
0.0114121
0.0128613
0.0144771
0.0163941
0.0179246
-0.000193696
0.000672532
-0.00376598
0.00031532
0.00256607
0.00425016
0.00677081
0.00864442
0.00693282
0.00761812
0.00753348
0.0083295
0.00829607
0.00915838
0.0101668
0.0113842
0.0128023
0.0143667
0.0162043
0.0176625
-0.000202789
0.000689627
-0.0036362
0.000354801
0.0025582
0.00424202
0.00674921
0.0085766
0.00694467
0.00754912
0.00758472
0.00827459
0.00832971
0.0091382
0.0101487
0.0113543
0.0127354
0.0142464
0.0160048
0.0173948
-0.000211684
0.000706958
-0.00350409
0.00039489
0.00255068
0.00423167
0.00672963
0.00850504
0.00695796
0.00747667
0.00763325
0.00822565
0.00835215
0.00912408
0.0101221
0.0113198
0.0126611
0.0141165
0.0157964
0.0171211
-0.000220332
0.000724499
-0.00336972
0.00043536
0.00254358
0.00421893
0.00671217
0.00843
0.00697215
0.00740209
0.00767729
0.00818407
0.00836289
0.00911487
0.0100887
0.0112791
0.0125791
0.0139761
0.0155798
0.0168422
-0.000228674
0.000742228
-0.00323299
0.000476071
0.00253707
0.00420362
0.00669689
0.00835183
0.00698645
0.00732703
0.0077152
0.0081508
0.00836178
0.00910872
0.0100499
0.011231
0.0124904
0.0138238
0.0153538
0.0165595
-0.000236637
0.000760122
-0.00309378
0.000516934
0.0025314
0.00418557
0.00668374
0.00827104
0.00699983
0.00725323
0.00774557
0.00812637
0.00834926
0.00910358
0.0100073
0.0111734
0.0123969
0.0136619
0.015117
0.0162726
-0.000244136
0.000778137
-0.00295197
0.000557882
0.00252675
0.0041647
0.00667255
0.00818833
0.00701101
0.00718228
0.00776738
0.00811059
0.00832622
0.00909717
0.00996344
0.0111033
0.0122968
0.0134954
0.0148713
0.0159801
-0.00025107
0.000796218
-0.0028075
0.000598863
0.00252332
0.00414097
0.00666304
0.00810476
0.0070186
0.00711524
0.00778017
0.00810281
0.00829405
0.00908584
0.00992111
0.0110218
0.0121849
0.013325
0.0146221
0.0156832
-0.00025733
0.000814297
-0.00266031
0.000639816
0.00252127
0.00411445
0.00665473
0.00802147
0.00702158
0.00705266
0.00778366
0.00810212
0.00825503
0.00906578
0.00987858
0.0109341
0.0120615
0.0131454
0.0143707
0.0153864
-0.000262796
0.000832279
-0.00251038
0.000680698
0.00252067
0.00408533
0.0066471
0.00793944
0.00701898
0.0069952
0.00777761
0.00810716
0.00821087
0.0090363
0.00983173
0.0108401
0.0119344
0.0129579
0.0141116
0.0150902
-0.000267326
0.000850052
-0.00235771
0.000721482
0.0025216
0.00405382
0.00663946
0.00786023
0.00700942
0.00694319
0.00776241
0.00811671
0.00816163
0.00899762
0.00977867
0.0107355
0.011805
0.0127735
0.0138473
0.014787
-0.000270773
0.000867517
-0.00220233
0.000762099
0.00252416
0.00402035
0.00663033
0.00778541
0.00699271
0.00689632
0.00773798
0.00812975
0.00810857
0.00894903
0.00971854
0.0106176
0.0116617
0.0125991
0.0135999
0.014474
-0.000272978
0.000884571
-0.0020443
0.00079391
0.00252828
0.00398538
0.00661886
0.0077156
0.00696848
0.00685446
0.00770629
0.00814176
0.0080558
0.00888692
0.00965773
0.0104851
0.0114886
0.0124325
0.0133827
0.014155
-0.000273827
0.000901134
-0.00188368
0.000834642
0.00253362
0.00394947
0.00660438
0.00765149
0.0069373
0.00681352
0.00767365
0.00814681
0.00800824
0.00880742
0.00959504
0.0103558
0.0112899
0.0122396
0.0131567
0.0138529
-0.000273134
0.000916987
-0.00172039
0.000875804
0.00254009
0.00391332
0.00658628
0.00759211
0.00690255
0.00676916
0.00764273
0.00814354
0.00796652
0.00871682
0.00951643
0.0102318
0.011096
0.0119764
0.0128893
0.0135971
-0.00027049
0.000931987
-0.00155467
0.000916616
0.00254768
0.00387718
0.00656427
0.00753758
0.00686224
0.00672609
0.00760922
0.0081359
0.00792258
0.00862315
0.00943059
0.0100862
0.0108967
0.0117069
0.0125429
0.0133563
-0.000266121
0.000946401
-0.00138706
0.000958956
0.00255498
0.00384286
0.00653486
0.00749214
0.00681427
0.00668394
0.00757225
0.00812977
0.00786926
0.00852309
0.00933676
0.00991886
0.010643
0.0114708
0.0123149
0.0131046
-0.000259896
0.000959776
-0.00121739
0.00100277
0.00256185
0.00381064
0.00649939
0.00745136
0.0067652
0.0066349
0.00753682
0.00812058
0.00781496
0.00840261
0.00921502
0.00975038
0.0103841
0.0112217
0.0121812
0.012863
-0.000250715
0.000971769
-0.00104611
0.00104666
0.00256919
0.00377945
0.00646113
0.00740927
0.00671843
0.00658122
0.00749919
0.00810656
0.00776304
0.00826366
0.00906806
0.00957731
0.0102032
0.0109504
0.0117756
0.0126178
-0.000239487
0.000983117
-0.000874442
0.00109383
0.00257426
0.0037524
0.00641204
0.00737912
0.00666638
0.00652651
0.00745536
0.00809299
0.0077041
0.00810996
0.00890387
0.00939862
0.00997642
0.0107034
0.0115266
0.0123697
-0.000225859
0.000993226
-0.000702319
0.0011442
0.00257687
0.00372926
0.0063563
0.00735089
0.00661744
0.00646329
0.00740915
0.00807333
0.0076431
0.00794415
0.00872348
0.00921762
0.00971542
0.010452
0.0114435
0.0121373
-0.000208203
0.00100173
-0.000530324
0.00119542
0.00257973
0.00370628
0.00630518
0.00730418
0.0065845
0.00638956
0.00735367
0.00804726
0.00758335
0.00777643
0.00854328
0.0090244
0.00952773
0.0101238
0.0109436
0.011908
-0.000188713
0.00100984
-0.000360145
0.00125182
0.0025793
0.00368702
0.00624464
0.00726665
0.00654709
0.00631772
0.00728334
0.00801868
0.00751548
0.00761005
0.00835563
0.00882491
0.00926785
0.00983303
0.0106595
0.0116741
-0.000166053
0.00101669
-0.000191647
0.00131313
0.00257585
0.00367093
0.00617792
0.00723198
0.00650727
0.00624575
0.00720346
0.00797598
0.00745023
0.00744553
0.00816011
0.00860196
0.00894169
0.00958345
0.0105951
0.0114299
-0.000138412
0.00102211
-2.57108e-05
0.00137691
0.0025729
0.00365349
0.00611911
0.00717768
0.00647589
0.00616847
0.00711258
0.00791714
0.00739758
0.00727782
0.00796323
0.00839918
0.00875762
0.00919518
0.00997273
0.0111832
-0.000108875
0.0010278
0.000135811
0.00144655
0.00256837
0.0036368
0.00605478
0.00712857
0.00644075
0.00608728
0.00701058
0.00785208
0.00734665
0.00710529
0.00774917
0.00823261
0.00849429
0.00878113
0.00959588
0.0109821
-7.50839e-05
0.00103281
0.000293493
0.00152077
0.00256282
0.00361995
0.00598692
0.00708041
0.00639965
0.00600636
0.00689804
0.00777628
0.00729389
0.0069372
0.0075321
0.00804075
0.00818705
0.00845507
0.00930883
0.0107193
-3.66098e-05
0.00103742
0.000446218
0.00159809
0.00255956
0.00360095
0.00592037
0.0070256
0.00636045
0.00592302
0.0067724
0.00769
0.00724273
0.00677984
0.00729862
0.0077949
0.00794767
0.00820507
0.00894615
0.0104172
5.0722e-06
0.00104275
0.000592737
0.0016793
0.00255948
0.00357968
0.00584937
0.0069696
0.00632165
0.00583284
0.00663859
0.00759402
0.00719086
0.00663162
0.0070307
0.00755577
0.00773958
0.00793384
0.0086315
0.0101416
5.12151e-05
0.00104836
0.000733483
0.00176334
0.00256254
0.00355643
0.00579955
0.00690817
0.00627976
0.00574402
0.00649732
0.00748136
0.00713818
0.00648746
0.0067637
0.00730622
0.00751633
0.00769367
0.0083409
0.00987216
0.000101657
0.00105509
0.000867601
0.00184848
0.00257002
0.00353268
0.00572152
0.00683951
0.00623916
0.00565746
0.00634458
0.00735383
0.00708085
0.00635572
0.00649686
0.00703661
0.00728912
0.00747371
0.00809482
0.0096221
0.000156365
0.00106302
0.000994648
0.00193467
0.00258249
0.00350796
0.00563867
0.0067658
0.00619725
0.0055707
0.00618524
0.00721329
0.00701381
0.00623725
0.00623414
0.00675368
0.00705631
0.00726196
0.00788715
0.00939535
0.000215537
0.00107244
0.00111502
0.00202089
0.00259871
0.00348347
0.00555311
0.00668346
0.00615073
0.00548949
0.00602284
0.00705624
0.00693554
0.00612718
0.005987
0.00645441
0.00680885
0.00707188
0.00770177
0.00918345
0.000279058
0.00108403
0.00122818
0.00210573
0.00261884
0.00346135
0.00546225
0.0065917
0.00610138
0.00541483
0.00585616
0.00688205
0.00684415
0.00602671
0.0057526
0.00614738
0.00655564
0.00688024
0.00753751
0.00899573
0.000347001
0.00109779
0.00133423
0.00218912
0.00264193
0.00344048
0.00536911
0.00649241
0.00604752
0.00534508
0.00568841
0.00669255
0.0067406
0.00592853
0.00553803
0.00584151
0.00628635
0.00668539
0.0073791
0.00882681
0.000419211
0.00111442
0.00143352
0.00227014
0.00266604
0.0034213
0.00527507
0.00638585
0.0059881
0.00528031
0.00552292
0.00648794
0.00662134
0.00583131
0.00534102
0.00554104
0.00600503
0.00647905
0.00722912
0.00867705
0.000495672
0.00113431
0.00152563
0.00234803
0.00269117
0.00340539
0.00518025
0.00627274
0.00592224
0.00521857
0.0053621
0.00626823
0.0064849
0.00573428
0.0051606
0.00525291
0.00571211
0.00625909
0.00707841
0.0085379
0.000576203
0.00115795
0.00161088
0.00242262
0.00271592
0.00339094
0.00508542
0.00615506
0.00584993
0.00515833
0.00520966
0.00603686
0.00632959
0.00563505
0.00499519
0.00497962
0.00541322
0.0060244
0.00691669
0.00840193
0.000660543
0.0011858
0.00168947
0.00249349
0.00273976
0.0033748
0.00499046
0.00603459
0.00577235
0.00509798
0.00506693
0.0057973
0.00615209
0.00553084
0.00484144
0.00472476
0.00511592
0.00577135
0.00673691
0.00826584
0.000748336
0.00121824
0.00176184
0.0025604
0.00276268
0.00335444
0.00489415
0.00591272
0.0056909
0.00503579
0.00493355
0.00555408
0.00595185
0.00541817
0.00470009
0.00449137
0.00482277
0.00550191
0.00653806
0.0081242
0.000839273
0.00125583
0.00182871
0.0026231
0.00278438
0.00332876
0.00479434
0.00579052
0.00560804
0.00497105
0.00480875
0.00531333
0.00572917
0.00529358
0.00456965
0.00427771
0.00453774
0.00522019
0.00631769
0.00797254
0.000932754
0.00129864
0.00189066
0.00268162
0.00280507
0.0032964
0.00468967
0.00566763
0.00552483
0.00490334
0.00469052
0.00508013
0.00548811
0.00515198
0.0044453
0.00408256
0.00426601
0.00493424
0.00607758
0.00780692
0.00102844
0.00134669
0.0019484
0.00273562
0.00282455
0.00325555
0.00458021
0.00554432
0.00544204
0.00483285
0.00457589
0.00485808
0.00523378
0.00498927
0.00432071
0.00390533
0.00401335
0.00465032
0.00582228
0.00762703
0.00112661
0.00139952
0.00200165
0.00278426
0.00284152
0.00321053
0.0044671
0.00541943
0.00535881
0.00475998
0.00446155
0.00464797
0.00497204
0.00480491
0.0041905
0.00374281
0.00378043
0.00437355
0.00556077
0.00743614
0.00122689
0.00145649
0.00204973
0.00282713
0.00286028
0.0031677
0.00435135
0.00528941
0.00527235
0.00468585
0.0043456
0.00444896
0.00470931
0.00460067
0.00405044
0.00358886
0.00356543
0.00411169
0.00530265
0.00723712
0.00132824
0.00151749
0.00209318
0.00286349
0.00288153
0.00312796
0.00423367
0.00515146
0.00517948
0.0046117
0.00422815
0.00425893
0.00445029
0.00437952
0.00389703
0.00343776
0.00336884
0.00387038
0.00505366
0.00703405
0.00143027
0.00158285
0.00213242
0.0028924
0.00290492
0.00309249
0.0041139
0.00500438
0.00507745
0.00453821
0.00411081
0.00407538
0.00419887
0.00414601
0.00372847
0.00328645
0.00318877
0.00364864
0.00481812
0.00683328
0.00153273
0.00165214
0.00216786
0.00291447
0.00292997
0.00306038
0.00399165
0.00484895
0.00496526
0.0044656
0.00399623
0.00389644
0.00395631
0.00390424
0.00354576
0.00313204
0.00301915
0.00344489
0.00460021
0.00663952
0.00163485
0.00172479
0.00220102
0.00293006
0.00295402
0.00303133
0.0038696
0.00468762
0.0048418
0.00439168
0.00388617
0.0037206
0.00372175
0.00365877
0.00335123
0.00297114
0.00285561
0.00325919
0.00440119
0.00645413
0.00173609
0.00180066
0.0022329
0.00293861
0.00297547
0.00300623
0.00375012
0.00452217
0.00470513
0.00431197
0.0037817
0.00354822
0.00349443
0.00341346
0.0031473
0.00280327
0.00269536
0.00308822
0.00421882
0.00627743
0.00183615
0.00187941
0.00226406
0.00294025
0.00299321
0.00298499
0.00363413
0.00435376
0.00455533
0.00422299
0.00368326
0.00338118
0.00327387
0.00317075
0.00293594
0.00262891
0.00253564
0.0029258
0.00404912
0.00611028
0.00193468
0.00196039
0.00229517
0.00293561
0.00300585
0.00296668
0.00352234
0.00418444
0.00439434
0.0041214
0.00358914
0.00322177
0.00306006
0.00293096
0.0027184
0.00244884
0.00237485
0.00276791
0.00388891
0.00595192
0.0020314
0.00204304
0.00232677
0.00292527
0.00301229
0.0029504
0.00341555
0.0040162
0.00422445
0.00400437
0.00349629
0.00307192
0.00285277
0.00269442
0.00249707
0.00226378
0.002212
0.00261306
0.00373498
0.00579904
0.00212601
0.00212674
0.00235941
0.00290997
0.00301155
0.00293507
0.00331405
0.00385037
0.00404829
0.00387117
0.00340036
0.00293158
0.00265333
0.00246319
0.00227404
0.00207311
0.00204577
0.00245886
0.00358406
0.00564948
0.00221828
0.00221075
0.00239331
0.00289064
0.00300309
0.00291936
0.00321793
0.00368809
0.00386871
0.00372231
0.00329634
0.00279971
0.00246411
0.00223814
0.00204986
0.00187762
0.00187558
0.00230255
0.00343319
0.00550182
0.00230798
0.00229445
0.00242868
0.0028681
0.00298674
0.00290177
0.00312685
0.00352994
0.00368824
0.00355986
0.00318095
0.00267411
0.00228572
0.00202009
0.00182557
0.00167808
0.0017015
0.00214318
0.00328031
0.00535381
0.00239494
0.00237708
0.00246547
0.00284344
0.00296264
0.00288083
0.00304017
0.00337617
0.00350921
0.00338684
0.00305135
0.00255063
0.00211791
0.00181133
0.00160313
0.00147414
0.00152229
0.00198008
0.00312578
0.00520532
0.00247905
0.00245799
0.00250349
0.00281757
0.002931
0.00285516
0.00295746
0.00322697
0.00333325
0.00320681
0.00290601
0.00242493
0.00195971
0.00161256
0.00138361
0.0012659
0.00133761
0.00181386
0.00296969
0.00505523
0.00256007
0.00253655
0.00254243
0.0027914
0.00289242
0.00282376
0.0028778
0.00308197
0.0031609
0.00302357
0.00274593
0.00229289
0.00180802
0.00142343
0.00116886
0.001055
0.00114811
0.00164414
0.00281116
0.00490277
0.00263694
0.00261227
0.00258163
0.00276568
0.00284776
0.00278589
0.00280031
0.00294094
0.00299203
0.00284064
0.0025736
0.00215056
0.00165905
0.0012437
0.00096099
0.000843148
0.000953189
0.00146885
0.00264898
0.00474799
0.0027113
0.00268467
0.00262061
0.00274106
0.002798
0.00274071
0.00272384
0.00280382
0.00282562
0.00266075
0.00239263
0.00199595
0.00150931
0.00107148
0.000760996
0.000632059
0.000752335
0.0012864
0.00248242
0.00459082
0.00278283
0.00275347
0.00265857
0.00271793
0.00274452
0.0026879
0.00264702
0.00267105
0.00266067
0.00248423
0.00220702
0.00182913
0.0013549
0.000903429
0.00056838
0.000423515
0.00054764
0.00109755
0.00231006
0.0044292
0.00285114
0.00281844
0.00269498
0.00269619
0.00268847
0.00262766
0.00256826
0.00254299
0.00249703
0.00231003
0.00202072
0.00165209
0.00119291
0.000736023
0.000381554
0.000218619
0.000340745
0.000901839
0.0021298
0.00426152
0.00291639
0.00287927
0.00272917
0.00267577
0.00263107
0.00256106
0.00248602
0.00241902
0.00233508
0.00213613
0.00183589
0.00146773
0.00102182
0.000565886
0.000198418
1.78577e-05
0.000132807
0.000699809
0.00194063
0.00408606
0.0029782
0.00293607
0.00276076
0.00265625
0.00257299
0.00248898
0.00239911
0.00229836
0.00217698
0.00196138
0.00165199
0.00127924
0.000842345
0.000389872
1.45546e-05
-0.000180608
-7.50743e-05
0.000492971
0.00174344
0.00390213
0.0030365
0.00298858
0.00278946
0.00263767
0.00251499
0.00241289
0.00230669
0.00217797
0.00202353
0.00178629
0.00146756
0.00108933
0.000656847
0.000207498
-0.000173102
-0.000379269
-0.000283677
0.000281946
0.00153802
0.00370887
0.00309111
0.00303691
0.00281472
0.00261944
0.00245754
0.00233434
0.00221027
0.0020556
0.00187388
0.00161254
0.00128103
0.000896768
0.000465644
1.92842e-05
-0.00036483
-0.000579804
-0.000494503
6.62591e-05
0.0013254
0.00350602
0.00314191
0.0030812
0.00283659
0.00260104
0.00240062
0.00225323
0.0021107
0.00193106
0.00172723
0.00144276
0.00109352
0.000701424
0.000268815
-0.000176084
-0.000562911
-0.000784951
-0.000708674
-0.000153675
0.00110633
0.00329362
0.00318943
0.00312185
0.00285527
0.00258219
0.00234471
0.00217041
0.00200871
0.00180212
0.00157984
0.00127871
0.000907636
0.000503704
6.87643e-05
-0.000375951
-0.000768831
-0.000999207
-0.000930823
-0.000380993
0.000878127
0.00306956
0.00323216
0.00315878
0.00287132
0.00256274
0.00228908
0.00208658
0.00190818
0.00167164
0.00142455
0.00111595
0.000727067
0.0003033
-0.000139013
-0.000577168
-0.000975091
-0.0012172
-0.0011605
-0.000618654
0.00063877
0.00283285
0.0032707
0.00319186
0.0028847
0.00254374
0.00223467
0.00199811
0.00180612
0.00154841
0.00126742
0.000946591
0.000550209
0.000109477
-0.000358906
-0.000812051
-0.00120056
-0.00144522
-0.00140108
-0.000872732
0.000375515
0.0025695
0.00330445
0.00322091
0.00289495
0.00252469
0.0021843
0.00190933
0.00169355
0.00142557
0.00111834
0.000776475
0.000368284
-6.49569e-05
-0.000526404
-0.000999048
-0.00141347
-0.00167764
-0.0016504
-0.00113618
0.000104578
0.0022959
0.00333325
0.00324887
0.00290245
0.00250472
0.00213438
0.0018236
0.00157626
0.00129119
0.000967729
0.000616815
0.000168906
-0.000327701
-0.000799352
-0.00124567
-0.00165051
-0.00192616
-0.00191926
-0.00142813
-0.000207766
0.00197108
0.00335466
0.00327945
0.00291787
0.00248764
0.00208578
0.00173823
0.00146044
0.00115577
0.000808157
0.000484722
0.000110939
-0.000369038
-0.000913145
-0.00142494
-0.00185632
-0.00215152
-0.00216697
-0.00170137
-0.000509713
0.00163925
0.00335713
0.00329448
0.00293531
0.00247114
0.00203434
0.00165767
0.00134682
0.00102564
0.000614397
0.000180441
-0.000254934
-0.000697495
-0.00117125
-0.00166175
-0.00209225
-0.00236848
-0.00236813
-0.00190054
-0.00071753
0.00141676
0.0034028
0.00331866
0.00294752
0.00245583
0.00196015
0.00152511
0.00121169
0.000965527
0.000660655
0.000302828
-0.000149712
-0.000694582
-0.00128965
-0.00190109
-0.00246083
-0.00286713
-0.00298141
-0.00261307
-0.00151926
0.000534542
0.00335462
0.00334322
0.00294397
0.00250802
0.0020188
0.00143369
0.000936766
0.000579439
0.000199969
-0.000185693
-0.00055847
-0.000934405
-0.00133419
-0.00171313
-0.00203069
-0.00223891
-0.00224562
-0.00186863
-0.000853311
0.00107725
0.00348284
0.00331225
0.0029214
0.00237429
0.00183711
0.00143829
0.00112498
0.000881686
0.00054932
0.000131573
-0.000394038
-0.00102884
-0.00179193
-0.00261692
-0.00337388
-0.0040065
-0.00434751
-0.00420009
-0.00331526
-0.0014747
0.00371852
0.00322547
0.00275031
0.00221766
0.00173739
0.00116968
0.000639886
0.000212044
-0.000115673
-0.000466962
-0.000809859
-0.00111778
-0.00122192
-0.00107249
-0.000655891
3.02148e-05
0.000835217
0.00148675
0.00161998
0.000902259
0.00368725
0.0032575
0.00273854
0.0022426
0.00186202
0.00153457
0.00125322
0.000945883
0.000568235
3.76971e-05
-0.000648364
-0.00150499
-0.00253668
-0.00365215
-0.00472893
-0.00562809
-0.00621997
-0.00631991
-0.00567823
-0.00405769
0.00385855
0.0032165
0.00265485
0.00215323
0.00177864
0.00131938
0.000821728
0.000203781
-0.000375664
-0.000757294
-0.00110172
-0.00155285
-0.00194321
-0.00212927
-0.00202439
-0.00164244
-0.00107593
-0.000588598
-0.000546563
-0.00130397
0.00384655
0.00319398
0.00264598
0.00220314
0.00196767
0.00179964
0.00163638
0.00132139
0.000848931
0.00012376
-0.0009091
-0.00231335
-0.00400765
-0.00581034
-0.00747133
-0.00878726
-0.00959712
-0.00972744
-0.00896943
-0.00713706
0.0307208
0.0112564
0.00371033
0.00347506
0.0044385
0.00506004
0.00529538
0.00531927
0.00536469
0.00550126
0.0056751
0.00586526
0.00617887
0.00663821
0.00705953
0.00738855
0.00775639
0.0082049
0.00861051
0.0089883
0.00942321
0.00988056
0.0103166
0.0108042
0.0113938
0.012085
0.0126432
0.0131382
0.0137325
0.0143914
0.0150997
0.015818
0.0165182
0.0171988
0.017977
0.0187563
0.0195633
0.0203778
0.0212526
0.0221717
0.0230976
0.0241225
0.0250829
0.0261551
0.0271469
0.0282251
0.0292299
0.0301771
0.0309757
0.031485
0.0300164
0.0113069
0.00375717
0.00349343
0.00444868
0.00506709
0.00530056
0.00532319
0.00536774
0.00550372
0.00567711
0.0058669
0.00618021
0.00663935
0.00706054
0.00738944
0.00775717
0.00820561
0.00861118
0.00898892
0.00942378
0.0098811
0.0103171
0.0108047
0.0113942
0.0120854
0.0126436
0.0131385
0.0137328
0.0143916
0.0151
0.0158182
0.0165184
0.017199
0.0179772
0.0187565
0.0195635
0.0203779
0.0212527
0.0221718
0.0230978
0.0241226
0.025083
0.0261552
0.027147
0.0282252
0.02923
0.0301771
0.0309757
0.031485
0.0293567
0.0113979
0.00383229
0.00351737
0.00445961
0.00507435
0.00530575
0.00532698
0.00537061
0.00550601
0.00567897
0.0058684
0.00618142
0.00664041
0.00706147
0.00739024
0.00775786
0.00820625
0.00861177
0.00898945
0.00942428
0.00988158
0.0103175
0.0108051
0.0113945
0.0120857
0.0126439
0.0131388
0.0137331
0.0143919
0.0151002
0.0158184
0.0165186
0.0171992
0.0179773
0.0187566
0.0195636
0.0203781
0.0212528
0.0221719
0.0230979
0.0241227
0.0250831
0.0261553
0.0271471
0.0282252
0.02923
0.0301772
0.0309758
0.031485
0.0287511
0.0115178
0.00394344
0.00355426
0.00447429
0.00508335
0.00531204
0.00533148
0.00537395
0.00550862
0.00568107
0.00587006
0.00618275
0.00664155
0.00706246
0.00739107
0.00775857
0.00820689
0.00861236
0.00898998
0.00942477
0.00988204
0.0103179
0.0108055
0.0113949
0.0120861
0.0126443
0.013139
0.0137333
0.0143921
0.0151004
0.0158187
0.0165188
0.0171994
0.0179775
0.0187568
0.0195637
0.0203782
0.021253
0.022172
0.023098
0.0241228
0.0250832
0.0261554
0.0271472
0.0282253
0.0292301
0.0301772
0.0309758
0.0314849
0.0281597
0.0116529
0.00408433
0.00360481
0.0044941
0.00509515
0.00532022
0.00533736
0.00537834
0.00551202
0.00568378
0.00587223
0.00618446
0.00664294
0.00706362
0.00739203
0.00775938
0.0082076
0.00861299
0.00899054
0.00942529
0.00988253
0.0103184
0.0108059
0.0113952
0.0120864
0.0126446
0.0131393
0.0137336
0.0143924
0.0151006
0.0158189
0.016519
0.0171995
0.0179776
0.0187569
0.0195639
0.0203783
0.0212531
0.0221721
0.0230981
0.0241229
0.0250833
0.0261554
0.0271473
0.0282254
0.0292302
0.0301773
0.0309759
0.0314848
0.0275645
0.0117935
0.00424217
0.00366415
0.0045179
0.00510967
0.00533044
0.00534484
0.00538405
0.00551651
0.00568742
0.00587519
0.00618676
0.00664472
0.00706501
0.00739318
0.00776033
0.00820841
0.00861369
0.00899115
0.00942585
0.00988304
0.0103189
0.0108063
0.0113956
0.0120869
0.012645
0.0131396
0.0137339
0.0143926
0.0151009
0.0158191
0.0165193
0.0171997
0.0179778
0.0187571
0.019564
0.0203784
0.0212532
0.0221723
0.0230982
0.0241231
0.0250834
0.0261555
0.0271474
0.0282255
0.0292303
0.0301774
0.030976
0.0314848
0.0269652
0.0119343
0.00440905
0.00372802
0.00454393
0.00512622
0.0053424
0.00535375
0.00539105
0.00552218
0.00569216
0.00587917
0.00618988
0.006647
0.00706671
0.00739458
0.00776149
0.00820933
0.00861448
0.00899185
0.00942647
0.0098836
0.0103194
0.0108068
0.011396
0.0120873
0.0126455
0.0131399
0.0137341
0.0143929
0.0151012
0.0158194
0.0165195
0.0171999
0.017978
0.0187572
0.0195642
0.0203786
0.0212533
0.0221724
0.0230983
0.0241232
0.0250835
0.0261556
0.0271475
0.0282256
0.0292304
0.0301775
0.0309761
0.0314847
0.0263665
0.0120731
0.00458215
0.0037946
0.00457106
0.00514413
0.00535568
0.00536374
0.00539907
0.00552888
0.00569798
0.00588427
0.00619397
0.00664991
0.00706877
0.00739628
0.00776288
0.0082104
0.00861536
0.00899266
0.00942721
0.00988423
0.0103199
0.0108073
0.0113965
0.0120878
0.012646
0.0131403
0.0137345
0.0143932
0.0151015
0.0158197
0.0165198
0.0172002
0.0179782
0.0187574
0.0195644
0.0203787
0.0212535
0.0221725
0.0230984
0.0241233
0.0250837
0.0261558
0.0271476
0.0282257
0.0292305
0.0301777
0.0309763
0.0314846
0.025772
0.0122085
0.00476091
0.00386342
0.00459867
0.00516294
0.00536992
0.00537449
0.00540778
0.00553633
0.00570466
0.00589038
0.00619906
0.00665352
0.00707124
0.00739827
0.00776452
0.00821161
0.00861635
0.00899359
0.00942809
0.009885
0.0103205
0.0108078
0.0113969
0.0120884
0.0126466
0.0131407
0.0137348
0.0143936
0.0151018
0.01582
0.0165201
0.0172004
0.0179784
0.0187577
0.0195645
0.0203789
0.0212536
0.0221727
0.0230986
0.0241234
0.0250838
0.0261559
0.0271477
0.0282258
0.0292306
0.0301779
0.0309766
0.0314845
0.0251839
0.0123399
0.00494515
0.00393435
0.00462636
0.00518222
0.00538485
0.00538578
0.00541696
0.00554428
0.00571192
0.00589723
0.00620498
0.00665782
0.00707411
0.00740055
0.00776639
0.00821296
0.00861744
0.00899466
0.00942913
0.00988596
0.0103213
0.0108084
0.0113974
0.0120889
0.0126472
0.0131412
0.0137352
0.0143939
0.0151021
0.0158204
0.0165204
0.0172007
0.0179787
0.0187579
0.0195648
0.0203791
0.0212538
0.0221728
0.0230987
0.0241236
0.0250839
0.026156
0.0271478
0.028226
0.0292308
0.0301781
0.030977
0.0314844
0.0246036
0.0124665
0.00513438
0.00400728
0.00465376
0.00520159
0.00540024
0.00539744
0.00542646
0.00555257
0.00571956
0.00590454
0.00621153
0.00666274
0.00707738
0.00740309
0.00776845
0.00821443
0.0086186
0.00899582
0.00943032
0.00988714
0.0103224
0.0108091
0.0113977
0.0120894
0.0126479
0.0131418
0.0137357
0.0143943
0.0151025
0.0158207
0.0165208
0.0172011
0.017979
0.0187582
0.019565
0.0203793
0.021254
0.022173
0.0230988
0.0241237
0.0250841
0.0261562
0.027148
0.0282261
0.029231
0.0301785
0.0309776
0.0314844
0.0240317
0.0125873
0.00532786
0.00408213
0.00468059
0.00522068
0.00541581
0.00540935
0.00543621
0.00556114
0.00572746
0.00591213
0.00621846
0.00666814
0.00708101
0.00740583
0.00777065
0.00821598
0.00861983
0.00899705
0.00943161
0.0098885
0.0103237
0.01081
0.0113981
0.0120898
0.0126485
0.0131425
0.0137363
0.0143948
0.0151029
0.0158211
0.0165212
0.0172014
0.0179793
0.0187585
0.0195653
0.0203796
0.0212542
0.0221731
0.023099
0.0241239
0.0250842
0.0261563
0.0271482
0.0282264
0.0292313
0.0301789
0.0309782
0.0314844
0.0234689
0.0127011
0.00552482
0.00415895
0.00470674
0.00523915
0.00543128
0.00542135
0.00544613
0.00556995
0.00573559
0.0059199
0.00622559
0.00667388
0.00708492
0.00740874
0.00777296
0.00821759
0.0086211
0.00899832
0.00943293
0.00989
0.0103253
0.0108112
0.0113985
0.0120901
0.0126491
0.0131432
0.0137371
0.0143954
0.0151033
0.0158215
0.0165216
0.0172019
0.0179797
0.0187589
0.0195657
0.0203799
0.0212544
0.0221733
0.0230992
0.024124
0.0250844
0.0261565
0.0271484
0.0282266
0.0292316
0.0301794
0.0309791
0.0314845
0.0229159
0.0128072
0.00572455
0.00423803
0.00473234
0.0052568
0.0054464
0.00543331
0.00545615
0.00557898
0.00574395
0.00592785
0.00623282
0.00667981
0.00708904
0.00741178
0.00777536
0.00821926
0.0086224
0.00899963
0.00943427
0.00989153
0.0103271
0.0108127
0.0113989
0.0120901
0.0126495
0.0131439
0.0137379
0.0143961
0.0151038
0.0158219
0.0165221
0.0172023
0.0179802
0.0187593
0.0195661
0.0203802
0.0212547
0.0221735
0.0230993
0.0241242
0.0250846
0.0261567
0.0271486
0.0282269
0.0292319
0.0301801
0.0309801
0.0314846
0.0223731
0.0129047
0.00592656
0.00431993
0.00475778
0.00527358
0.00546099
0.00544513
0.00546622
0.0055882
0.00575257
0.00593601
0.00624012
0.00668581
0.00709331
0.00741493
0.00777785
0.00822099
0.00862375
0.00900099
0.00943562
0.00989307
0.0103291
0.0108145
0.0113994
0.01209
0.0126497
0.0131445
0.0137389
0.014397
0.0151043
0.0158222
0.0165224
0.0172028
0.0179806
0.0187598
0.0195666
0.0203807
0.0212551
0.0221738
0.0230995
0.0241244
0.0250847
0.0261569
0.0271488
0.0282272
0.0292323
0.0301809
0.0309813
0.0314848
0.021841
0.0129929
0.00613067
0.00440544
0.00478361
0.00528956
0.00547497
0.00545674
0.00547633
0.00559761
0.00576148
0.00594443
0.00624752
0.0066918
0.00709765
0.00741816
0.00778042
0.00822279
0.00862515
0.0090024
0.00943699
0.00989458
0.010331
0.0108164
0.0114
0.0120896
0.0126497
0.0131449
0.0137398
0.014398
0.015105
0.0158225
0.0165228
0.0172032
0.0179811
0.0187603
0.0195671
0.0203812
0.0212555
0.0221741
0.0230998
0.0241246
0.0250849
0.0261571
0.0271491
0.0282275
0.0292328
0.0301818
0.0309828
0.0314852
0.0213198
0.0130714
0.00633699
0.00449544
0.00481034
0.00530485
0.00548837
0.00546814
0.00548648
0.00560721
0.00577073
0.00595322
0.0062551
0.00669774
0.00710203
0.00742147
0.00778309
0.00822467
0.00862661
0.00900386
0.00943841
0.00989607
0.0103329
0.0108183
0.0114006
0.0120889
0.0126493
0.0131452
0.0137408
0.0143991
0.0151058
0.0158229
0.016523
0.0172037
0.0179817
0.0187608
0.0195676
0.0203818
0.0212561
0.0221745
0.0231
0.0241248
0.0250852
0.0261573
0.0271493
0.0282279
0.0292334
0.0301829
0.0309846
0.0314856
0.0208096
0.0131397
0.00654572
0.00459071
0.00483832
0.00531954
0.00550128
0.0054794
0.00549672
0.00561703
0.00578039
0.00596246
0.00626298
0.00670362
0.0071064
0.00742484
0.00778586
0.00822665
0.00862814
0.00900535
0.00943989
0.00989757
0.0103348
0.0108202
0.0114013
0.012088
0.0126487
0.0131453
0.0137418
0.0144003
0.0151067
0.0158233
0.0165233
0.0172041
0.0179822
0.0187613
0.0195681
0.0203824
0.0212567
0.022175
0.0231004
0.024125
0.0250854
0.0261575
0.0271496
0.0282283
0.029234
0.0301841
0.0309866
0.0314862
0.0203105
0.0131975
0.00675693
0.00469181
0.00486766
0.00533363
0.00551384
0.00549063
0.00550713
0.00562713
0.00579049
0.00597225
0.00627128
0.00670949
0.00711074
0.00742828
0.00778874
0.00822876
0.00862976
0.00900688
0.00944142
0.0098991
0.0103366
0.0108219
0.0114019
0.0120867
0.0126478
0.0131454
0.0137427
0.0144016
0.0151077
0.0158237
0.0165234
0.0172044
0.0179828
0.0187618
0.0195687
0.020383
0.0212574
0.0221756
0.0231007
0.0241252
0.0250856
0.0261578
0.0271499
0.0282288
0.0292347
0.0301855
0.030989
0.031487
0.0198224
0.0132447
0.00697054
0.00479913
0.00489834
0.00534703
0.00552616
0.00550198
0.00551781
0.00563756
0.00580106
0.00598265
0.0062801
0.00671541
0.00711508
0.00743181
0.00779173
0.00823099
0.00863146
0.00900845
0.00944301
0.0099007
0.0103385
0.0108236
0.0114025
0.0120852
0.0126467
0.0131453
0.0137436
0.0144028
0.0151087
0.0158241
0.0165235
0.0172047
0.0179833
0.0187624
0.0195692
0.0203836
0.0212581
0.0221762
0.0231012
0.0241255
0.0250859
0.026158
0.0271502
0.0282292
0.0292354
0.030187
0.0309915
0.0314878
0.0193452
0.0132808
0.00718617
0.00491295
0.00493021
0.0053596
0.00553828
0.00551358
0.00552884
0.00564837
0.00581208
0.00599365
0.00628948
0.00672149
0.00711943
0.00743545
0.00779486
0.00823335
0.00863326
0.00901004
0.00944464
0.0099024
0.0103405
0.0108252
0.0114031
0.0120835
0.0126454
0.0131453
0.0137446
0.014404
0.0151096
0.0158245
0.0165236
0.0172051
0.0179839
0.018763
0.0195697
0.0203842
0.0212589
0.0221769
0.0231017
0.0241258
0.0250861
0.0261583
0.0271505
0.0282297
0.0292361
0.0301886
0.0309944
0.0314889
0.0188789
0.0133054
0.00740328
0.00503351
0.00496317
0.00537112
0.0055502
0.00552555
0.00554028
0.0056596
0.00582353
0.00600519
0.00629938
0.0067278
0.00712384
0.00743923
0.00779811
0.00823585
0.00863515
0.00901168
0.00944633
0.0099042
0.0103425
0.010827
0.0114039
0.0120819
0.012644
0.0131455
0.0137456
0.0144053
0.0151105
0.015825
0.0165237
0.0172055
0.0179845
0.0187636
0.0195702
0.0203849
0.0212596
0.0221777
0.0231022
0.0241261
0.0250864
0.0261586
0.0271508
0.0282301
0.0292369
0.0301903
0.0309974
0.03149
0.018424
0.0133181
0.00762114
0.00516106
0.00499716
0.0053814
0.00556183
0.00553795
0.00555216
0.00567125
0.00583537
0.00601719
0.00630974
0.0067344
0.00712837
0.00744317
0.0078015
0.00823848
0.00863713
0.00901337
0.00944808
0.00990615
0.0103446
0.010829
0.0114049
0.0120803
0.0126426
0.0131458
0.0137468
0.0144065
0.0151113
0.0158254
0.0165238
0.0172059
0.0179851
0.0187642
0.0195708
0.0203855
0.0212604
0.0221785
0.0231028
0.0241264
0.0250867
0.026159
0.0271512
0.0282306
0.0292377
0.0301921
0.0310007
0.0314913
0.0179814
0.013319
0.00783883
0.00529584
0.0050323
0.00539024
0.00557308
0.00555082
0.00556451
0.00568334
0.00584756
0.00602959
0.00632049
0.00674134
0.00713307
0.00744728
0.00780504
0.00824124
0.00863919
0.00901514
0.00944991
0.00990824
0.0103469
0.0108313
0.0114063
0.0120791
0.0126413
0.0131465
0.0137482
0.0144078
0.015112
0.0158257
0.0165238
0.0172065
0.0179857
0.0187648
0.0195714
0.0203861
0.0212612
0.0221793
0.0231034
0.0241268
0.0250869
0.0261593
0.0271516
0.0282312
0.0292386
0.030194
0.0310042
0.0314927
0.0175512
0.0133081
0.00805535
0.00543803
0.00506889
0.00539751
0.00558378
0.00556418
0.00557735
0.00569584
0.00586012
0.00604233
0.00633156
0.00674864
0.007138
0.00745158
0.00780871
0.00824412
0.00864133
0.00901698
0.00945182
0.00991048
0.0103493
0.0108339
0.0114079
0.0120782
0.0126402
0.0131476
0.0137498
0.0144091
0.0151127
0.015826
0.016524
0.0172072
0.0179864
0.0187653
0.019572
0.0203869
0.021262
0.02218
0.023104
0.0241271
0.0250872
0.0261596
0.0271521
0.0282317
0.0292395
0.030196
0.0310078
0.0314942
0.0171333
0.0132857
0.00826958
0.00558769
0.0051074
0.00540314
0.00559374
0.00557798
0.00559069
0.00570879
0.00587306
0.00605541
0.00634291
0.0067563
0.00714319
0.00745607
0.00781252
0.00824712
0.00864355
0.0090189
0.00945382
0.00991287
0.0103518
0.0108367
0.0114099
0.0120776
0.0126394
0.0131491
0.0137516
0.0144105
0.0151133
0.0158262
0.0165241
0.017208
0.0179871
0.0187659
0.0195727
0.0203876
0.0212628
0.0221808
0.0231046
0.0241275
0.0250875
0.02616
0.0271525
0.0282323
0.0292405
0.030198
0.0310116
0.0314958
0.0167286
0.0132522
0.00848025
0.00574471
0.00514851
0.00540717
0.00560275
0.00559212
0.00560453
0.00572217
0.00588641
0.00606883
0.00635455
0.00676433
0.00714865
0.00746072
0.00781648
0.00825024
0.00864585
0.00902091
0.00945593
0.00991538
0.0103544
0.0108398
0.0114123
0.0120774
0.0126389
0.0131509
0.0137535
0.014412
0.0151139
0.0158263
0.0165243
0.017209
0.0179878
0.0187664
0.0195734
0.0203885
0.0212637
0.0221817
0.0231053
0.0241279
0.0250878
0.0261604
0.027153
0.0282329
0.0292415
0.0302001
0.0310155
0.0314975
0.0163386
0.0132086
0.00868598
0.00590875
0.00519302
0.00540969
0.00561059
0.00560654
0.0056189
0.00573598
0.00590014
0.00608258
0.00636648
0.00677271
0.0071544
0.00746555
0.00782058
0.00825348
0.00864823
0.00902302
0.00945813
0.00991798
0.0103571
0.0108431
0.0114149
0.0120773
0.0126386
0.0131529
0.0137556
0.0144135
0.0151145
0.0158263
0.0165246
0.0172101
0.0179886
0.0187669
0.0195741
0.0203894
0.0212646
0.0221825
0.023106
0.0241283
0.0250881
0.0261607
0.0271534
0.0282335
0.0292426
0.0302023
0.0310196
0.0314992
0.015963
0.0131561
0.00888538
0.00607934
0.00524199
0.0054109
0.0056169
0.00562109
0.00563392
0.00575035
0.0059143
0.00609664
0.00637867
0.00678143
0.00716044
0.00747055
0.00782484
0.00825683
0.00865069
0.0090252
0.00946042
0.00992067
0.0103598
0.0108465
0.0114177
0.0120775
0.0126384
0.0131552
0.0137578
0.0144151
0.0151152
0.0158263
0.016525
0.0172112
0.0179895
0.0187675
0.0195749
0.0203904
0.0212655
0.0221833
0.0231067
0.0241288
0.0250884
0.0261612
0.0271539
0.0282342
0.0292437
0.0302046
0.0310239
0.031501
0.0155998
0.0130953
0.00907643
0.00625518
0.00529639
0.00541141
0.00562149
0.00563544
0.00564947
0.00576529
0.00592897
0.00611109
0.00639119
0.00679046
0.00716675
0.00747572
0.00782926
0.00826031
0.00865325
0.00902748
0.0094628
0.00992342
0.0103626
0.01085
0.0114207
0.0120777
0.0126385
0.0131577
0.0137602
0.0144168
0.0151159
0.0158263
0.0165254
0.0172125
0.0179904
0.018768
0.0195757
0.0203915
0.0212665
0.0221842
0.0231074
0.0241293
0.0250888
0.0261616
0.0271544
0.0282349
0.0292449
0.030207
0.0310283
0.0315029
0.0152491
0.0130273
0.00925791
0.00643473
0.00535647
0.00541132
0.00562418
0.00564947
0.00566554
0.00578071
0.00594403
0.0061259
0.00640407
0.00679985
0.00717336
0.00748107
0.00783384
0.00826392
0.00865591
0.00902984
0.00946528
0.00992624
0.0103655
0.0108535
0.0114238
0.012078
0.0126387
0.0131603
0.0137626
0.0144185
0.0151167
0.0158263
0.0165258
0.0172138
0.0179915
0.0187685
0.0195766
0.0203926
0.0212676
0.0221851
0.0231082
0.0241298
0.0250891
0.0261621
0.0271549
0.0282356
0.0292462
0.0302095
0.0310329
0.031505
0.014919
0.012954
0.00942922
0.00661784
0.00542338
0.0054108
0.00562426
0.00566272
0.00568223
0.00579683
0.00595952
0.00614098
0.00641722
0.00680955
0.00718025
0.00748661
0.00783861
0.00826766
0.00865866
0.00903229
0.00946784
0.00992913
0.0103685
0.0108572
0.0114269
0.0120782
0.0126389
0.013163
0.013765
0.0144203
0.0151175
0.0158263
0.0165264
0.0172151
0.0179925
0.0187691
0.0195775
0.0203938
0.0212686
0.0221861
0.0231091
0.0241303
0.0250896
0.0261626
0.0271554
0.0282364
0.0292476
0.030212
0.0310377
0.0315071
0.0146223
0.0128781
0.00958877
0.00680317
0.00549851
0.00541155
0.00562208
0.00567478
0.00569922
0.0058136
0.00597553
0.00615644
0.0064307
0.00681953
0.00718737
0.00749233
0.00784356
0.00827154
0.00866152
0.00903481
0.00947049
0.00993208
0.0103715
0.0108609
0.0114302
0.0120785
0.0126392
0.0131657
0.0137676
0.0144222
0.0151184
0.0158263
0.0165269
0.0172165
0.0179937
0.0187697
0.0195785
0.020395
0.0212697
0.0221871
0.0231099
0.0241309
0.02509
0.0261631
0.027156
0.0282372
0.0292491
0.0302147
0.0310426
0.0315093
0.0143657
0.012803
0.00973714
0.00698912
0.00558153
0.00541399
0.00561799
0.00568588
0.00571677
0.00583121
0.00599213
0.00617236
0.00644463
0.00682991
0.00719483
0.00749828
0.00784871
0.00827557
0.00866448
0.00903744
0.00947325
0.00993512
0.0103746
0.0108646
0.0114334
0.0120788
0.0126396
0.0131684
0.0137702
0.0144242
0.0151194
0.0158264
0.0165275
0.0172179
0.0179948
0.0187704
0.0195795
0.0203962
0.0212709
0.0221881
0.0231109
0.0241315
0.0250905
0.0261637
0.0271565
0.028238
0.0292506
0.0302175
0.0310478
0.0315116
0.0141
0.0127238
0.00987204
0.00717382
0.00567214
0.00541808
0.005611
0.00569498
0.00573445
0.00584958
0.00600929
0.00618859
0.00645889
0.00684065
0.0072026
0.00750449
0.00785409
0.00827976
0.00866755
0.00904017
0.00947611
0.00993825
0.0103778
0.0108685
0.0114368
0.0120791
0.01264
0.0131712
0.0137729
0.0144262
0.0151204
0.0158264
0.0165282
0.0172193
0.017996
0.0187711
0.0195805
0.0203974
0.0212721
0.0221892
0.0231118
0.0241321
0.025091
0.0261643
0.0271571
0.0282388
0.0292522
0.0302204
0.0310531
0.0315141
0.0138327
0.0126412
0.00999138
0.0073551
0.00577083
0.00542512
0.00560132
0.00570133
0.00575145
0.00586836
0.00602688
0.0062051
0.0064734
0.00685162
0.00721053
0.00751081
0.00785961
0.00828407
0.00867071
0.00904296
0.00947906
0.00994147
0.0103811
0.0108724
0.0114401
0.0120795
0.0126405
0.0131741
0.0137756
0.0144283
0.0151215
0.0158265
0.0165288
0.0172207
0.0179973
0.0187718
0.0195816
0.0203987
0.0212733
0.0221903
0.0231128
0.0241328
0.0250916
0.0261649
0.0271578
0.0282397
0.029254
0.0302234
0.0310586
0.0315167
0.013641
0.0125695
0.0101014
0.00753235
0.00587687
0.00543659
0.00559069
0.00570597
0.00576868
0.00588839
0.00604545
0.00622219
0.00648838
0.00686301
0.00721887
0.00751745
0.00786539
0.00828858
0.008674
0.00904588
0.00948213
0.00994479
0.0103845
0.0108764
0.0114436
0.0120798
0.012641
0.013177
0.0137784
0.0144305
0.0151226
0.0158267
0.0165295
0.0172222
0.0179986
0.0187726
0.0195828
0.0204001
0.0212746
0.0221915
0.0231138
0.0241334
0.0250922
0.0261655
0.0271584
0.0282407
0.0292558
0.0302264
0.0310643
0.0315194
0.0134264
0.0124977
0.0101976
0.00770306
0.00598906
0.00545336
0.00557884
0.00570776
0.00578497
0.00590898
0.0060648
0.00623981
0.00650382
0.00687492
0.00722761
0.00752441
0.00787143
0.00829329
0.00867744
0.00904893
0.00948532
0.00994824
0.010388
0.0108805
0.011447
0.0120803
0.0126415
0.0131799
0.0137813
0.0144327
0.0151238
0.0158268
0.0165303
0.0172238
0.0179999
0.0187735
0.019584
0.0204014
0.021276
0.0221927
0.0231149
0.0241341
0.0250928
0.0261662
0.0271592
0.0282417
0.0292577
0.0302296
0.0310702
0.0315223
0.0131706
0.0124225
0.0102789
0.00786608
0.00610627
0.00547539
0.00556511
0.0057055
0.00579909
0.00592951
0.00608466
0.00625769
0.00651938
0.00688693
0.00723645
0.00753142
0.00787753
0.00829806
0.00868094
0.00905204
0.0094886
0.00995175
0.0103916
0.0108846
0.0114506
0.0120807
0.0126422
0.0131829
0.0137842
0.014435
0.0151251
0.015827
0.016531
0.0172253
0.0180012
0.0187743
0.0195852
0.0204029
0.0212774
0.0221939
0.023116
0.0241349
0.0250934
0.0261669
0.0271599
0.0282427
0.0292598
0.0302329
0.0310762
0.0315253
0.0130802
0.0123673
0.0103559
0.00802217
0.00622736
0.00550439
0.00555272
0.00570143
0.00581248
0.00595114
0.00610579
0.0062763
0.00653536
0.00689936
0.00724574
0.00753884
0.00788398
0.0083031
0.00868461
0.00905527
0.00949198
0.00995538
0.0103953
0.0108889
0.0114542
0.0120813
0.0126429
0.0131859
0.0137872
0.0144374
0.0151264
0.0158273
0.0165318
0.0172269
0.0180026
0.0187753
0.0195865
0.0204043
0.0212788
0.0221952
0.0231171
0.0241356
0.0250941
0.0261677
0.0271607
0.0282438
0.0292619
0.0302363
0.0310825
0.0315285
0.0129314
0.0123121
0.0104196
0.00816615
0.00635036
0.00554168
0.00554239
0.0056947
0.00582343
0.00597252
0.00612785
0.00629583
0.00655204
0.00691246
0.00725555
0.00754661
0.00789067
0.00830832
0.00868844
0.00905866
0.00949552
0.00995915
0.0103991
0.0108933
0.0114579
0.012082
0.0126436
0.013189
0.0137902
0.0144399
0.0151278
0.0158276
0.0165327
0.0172286
0.018004
0.0187762
0.0195879
0.0204059
0.0212803
0.0221965
0.0231183
0.0241364
0.0250949
0.0261685
0.0271615
0.028245
0.0292642
0.0302399
0.031089
0.0315318
0.0127142
0.0122545
0.0104686
0.00829816
0.00647291
0.00558485
0.00553214
0.00568361
0.00583064
0.00599287
0.00615053
0.00631586
0.00656883
0.00692556
0.00726536
0.00755441
0.00789744
0.00831365
0.00869237
0.00906213
0.00949914
0.00996297
0.010403
0.0108977
0.0114616
0.0120827
0.0126444
0.0131921
0.0137934
0.0144424
0.0151292
0.015828
0.0165336
0.0172303
0.0180055
0.0187772
0.0195893
0.0204074
0.0212818
0.0221978
0.0231195
0.0241373
0.0250956
0.0261693
0.0271624
0.0282462
0.0292666
0.0302435
0.0310957
0.0315354
0.0127226
0.0122216
0.0105183
0.00842262
0.00659417
0.00563435
0.00552557
0.00567176
0.005836
0.00601299
0.00617411
0.00633671
0.00658603
0.006939
0.00727561
0.00756263
0.00790457
0.00831923
0.00869643
0.00906569
0.00950284
0.00996691
0.010407
0.0109022
0.0114654
0.0120835
0.0126454
0.0131952
0.0137965
0.014445
0.0151307
0.0158284
0.0165345
0.017232
0.018007
0.0187783
0.0195907
0.020409
0.0212834
0.0221993
0.0231208
0.0241381
0.0250964
0.0261701
0.0271634
0.0282475
0.0292691
0.0302473
0.0311025
0.0315391
0.012665
0.0121897
0.010559
0.00853449
0.00671313
0.00569225
0.00552468
0.00565924
0.00583824
0.00603149
0.00619827
0.0063588
0.00660425
0.00695326
0.00728644
0.00757122
0.00791193
0.00832498
0.00870066
0.00906943
0.00950674
0.00997103
0.0104112
0.0109069
0.0114693
0.0120844
0.0126464
0.0131984
0.0137998
0.0144477
0.0151322
0.0158289
0.0165355
0.0172338
0.0180086
0.0187794
0.0195922
0.0204107
0.0212851
0.0222007
0.0231221
0.024139
0.0250972
0.026171
0.0271644
0.0282488
0.0292717
0.0302511
0.0311096
0.031543
0.0125589
0.0121583
0.0105903
0.0086353
0.00682864
0.00575461
0.0055269
0.00564423
0.00583641
0.00604786
0.00622276
0.00638193
0.0066231
0.00696771
0.00729728
0.00757984
0.00791942
0.00833092
0.00870507
0.00907331
0.00951071
0.00997519
0.0104154
0.0109115
0.0114733
0.0120853
0.0126474
0.0132017
0.0138031
0.0144504
0.0151338
0.0158294
0.0165366
0.0172356
0.0180102
0.0187806
0.0195938
0.0204124
0.0212868
0.0222022
0.0231234
0.0241399
0.0250981
0.026172
0.0271654
0.0282502
0.0292745
0.0302551
0.0311168
0.0315471
0.0124751
0.0121374
0.0106217
0.00872771
0.00693791
0.00581865
0.00553289
0.0056298
0.00583256
0.00606252
0.00624708
0.0064056
0.00664235
0.00698242
0.00730846
0.00758887
0.00792728
0.00833709
0.00870957
0.00907721
0.00951472
0.00997945
0.0104198
0.0109163
0.0114773
0.0120865
0.0126486
0.013205
0.0138065
0.0144532
0.0151355
0.01583
0.0165377
0.0172375
0.0180119
0.0187818
0.0195955
0.0204142
0.0212886
0.0222038
0.0231248
0.0241409
0.025099
0.0261729
0.0271665
0.0282517
0.0292775
0.0302593
0.0311242
0.0315514
0.0123734
0.0121173
0.0106497
0.00880973
0.0070403
0.00588613
0.00554557
0.00561741
0.00582621
0.00607414
0.00627051
0.00643005
0.00666277
0.00699818
0.00732034
0.00759821
0.00793523
0.00834332
0.00871422
0.00908135
0.00951899
0.00998392
0.0104243
0.0109212
0.0114813
0.0120877
0.0126499
0.0132084
0.01381
0.0144562
0.0151373
0.0158307
0.0165389
0.0172395
0.0180136
0.0187831
0.0195972
0.0204161
0.0212904
0.0222054
0.0231263
0.0241419
0.0250999
0.0261739
0.0271677
0.0282532
0.0292806
0.0302635
0.0311318
0.031556
0.0122554
0.0120967
0.0106749
0.00888497
0.00713878
0.00595627
0.00556292
0.00560558
0.00581692
0.00608296
0.00629347
0.0064556
0.00668443
0.00701461
0.00733235
0.00760753
0.00794333
0.0083499
0.00871921
0.00908568
0.0095233
0.00998839
0.0104288
0.0109261
0.0114854
0.012089
0.0126513
0.0132118
0.0138136
0.0144591
0.0151391
0.0158315
0.0165401
0.0172415
0.0180154
0.0187845
0.0195989
0.020418
0.0212923
0.0222071
0.0231278
0.024143
0.0251009
0.026175
0.0271689
0.0282548
0.0292838
0.0302679
0.0311396
0.0315607
0.01212
0.0120739
0.0107005
0.00895564
0.00723129
0.0060245
0.00558334
0.00559585
0.00580675
0.00608974
0.00631531
0.00648114
0.00670644
0.00703146
0.00734483
0.00761736
0.00795186
0.0083567
0.00872421
0.00908997
0.00952765
0.009993
0.0104335
0.0109311
0.0114896
0.0120905
0.0126527
0.0132153
0.0138172
0.0144622
0.0151411
0.0158323
0.0165414
0.0172435
0.0180173
0.0187859
0.0196008
0.0204199
0.0212943
0.0222088
0.0231293
0.0241441
0.0251019
0.0261761
0.0271703
0.0282565
0.0292872
0.0302725
0.0311476
0.0315657
0.0119538
0.0120485
0.0107268
0.00901889
0.00731554
0.00609092
0.00560865
0.00558981
0.00579555
0.00609324
0.00633488
0.00650626
0.00672932
0.0070496
0.00735827
0.00762748
0.0079603
0.00836341
0.00872933
0.00909454
0.00953226
0.00999779
0.0104384
0.0109362
0.0114939
0.012092
0.0126544
0.0132188
0.0138209
0.0144654
0.015143
0.0158333
0.0165428
0.0172456
0.0180192
0.0187874
0.0196027
0.0204219
0.0212963
0.0222106
0.0231309
0.0241453
0.025103
0.0261772
0.0271717
0.0282583
0.0292908
0.0302771
0.0311557
0.031571
0.0117922
0.0120204
0.0107521
0.00907584
0.00739456
0.00615665
0.00563715
0.00558604
0.00578294
0.00609388
0.00635273
0.0065315
0.00675325
0.00706876
0.00737212
0.00763761
0.00796885
0.00837049
0.00873484
0.00909931
0.00953689
0.0100026
0.0104433
0.0109414
0.0114982
0.0120938
0.0126561
0.0132224
0.0138246
0.0144686
0.0151451
0.0158343
0.0165443
0.0172478
0.0180212
0.018789
0.0196047
0.020424
0.0212984
0.0222124
0.0231326
0.0241465
0.0251041
0.0261784
0.0271731
0.0282602
0.0292946
0.030282
0.0311641
0.0315765
0.011626
0.0119858
0.010776
0.0091292
0.00746865
0.00621899
0.0056666
0.00558503
0.00577064
0.00609275
0.00636896
0.00655599
0.00677721
0.00708852
0.00738678
0.0076484
0.00797784
0.00837775
0.00874033
0.00910405
0.00954161
0.0100076
0.0104484
0.0109466
0.0115026
0.0120956
0.0126579
0.013226
0.0138285
0.014472
0.0151473
0.0158354
0.0165459
0.01725
0.0180232
0.0187906
0.0196068
0.0204261
0.0213006
0.0222144
0.0231343
0.0241477
0.0251053
0.0261797
0.0271747
0.0282622
0.0292985
0.0302869
0.0311726
0.0315823
0.0114591
0.0119441
0.0107993
0.00917855
0.00753606
0.00627731
0.00569776
0.00558795
0.0057591
0.00608945
0.00638274
0.00657901
0.0068011
0.00710945
0.00740276
0.00765973
0.00798674
0.00838488
0.00874592
0.00910906
0.00954656
0.0100127
0.0104536
0.0109519
0.011507
0.0120977
0.0126599
0.0132297
0.0138324
0.0144754
0.0151496
0.0158366
0.0165475
0.0172523
0.0180253
0.0187923
0.0196089
0.0204283
0.0213028
0.0222164
0.0231361
0.024149
0.0251065
0.026181
0.0271763
0.0282642
0.0293026
0.0302921
0.0311812
0.0315883
0.0112961
0.0118958
0.010821
0.00922329
0.00759823
0.00633285
0.00572962
0.00559372
0.00574803
0.00608395
0.00639426
0.00660088
0.00682507
0.00713138
0.00741964
0.00767134
0.00799573
0.00839228
0.00875183
0.00911421
0.0095515
0.0100178
0.0104589
0.0109574
0.0115115
0.0120998
0.0126621
0.0132335
0.0138364
0.0144789
0.0151519
0.015838
0.0165492
0.0172547
0.0180275
0.0187941
0.0196112
0.0204306
0.0213052
0.0222184
0.0231379
0.0241504
0.0251077
0.0261823
0.0271781
0.0282664
0.0293069
0.0302974
0.03119
0.0315947
0.0111408
0.0118414
0.010839
0.0092644
0.00765606
0.00638463
0.00576064
0.00560205
0.005738
0.00607686
0.00640408
0.00662165
0.00684837
0.00715357
0.00743749
0.0076838
0.00800517
0.00839984
0.00875771
0.00911936
0.00955657
0.0100231
0.0104644
0.0109629
0.0115161
0.0121022
0.0126644
0.0132374
0.0138405
0.0144825
0.0151543
0.0158394
0.0165511
0.0172571
0.0180298
0.018796
0.0196135
0.020433
0.0213076
0.0222205
0.0231398
0.0241518
0.0251091
0.0261837
0.0271799
0.0282687
0.0293113
0.0303028
0.031199
0.0316013
0.0109985
0.0117819
0.0108523
0.00930203
0.00770935
0.00643268
0.00579046
0.00561256
0.00572938
0.00606858
0.00641212
0.0066407
0.00687038
0.00717608
0.00745677
0.00769728
0.00801476
0.00840729
0.00876366
0.00912472
0.0095618
0.0100285
0.0104699
0.0109685
0.0115208
0.0121047
0.0126668
0.0132413
0.0138446
0.0144862
0.0151569
0.015841
0.016553
0.0172596
0.0180321
0.018798
0.0196159
0.0204354
0.0213101
0.0222227
0.0231418
0.0241533
0.0251104
0.0261852
0.0271819
0.0282711
0.029316
0.0303085
0.0312081
0.0316083
0.0108716
0.0117192
0.0108596
0.00933566
0.00775857
0.00647691
0.00581787
0.00562481
0.00572282
0.00605913
0.00641803
0.00665813
0.00689131
0.00719878
0.00747715
0.00771151
0.00802461
0.00841498
0.00876983
0.00913014
0.00956701
0.0100339
0.0104756
0.0109742
0.0115255
0.0121073
0.0126694
0.0132453
0.0138489
0.01449
0.0151595
0.0158427
0.0165551
0.0172622
0.0180345
0.0188001
0.0196184
0.0204379
0.0213126
0.022225
0.0231438
0.0241549
0.0251119
0.0261868
0.0271839
0.0282736
0.0293208
0.0303143
0.0312174
0.0316155
0.0107599
0.0116549
0.0108596
0.0093645
0.00780334
0.00651732
0.00584301
0.00563868
0.00571805
0.0060483
0.00642218
0.00667451
0.00691094
0.00722092
0.00749837
0.00772683
0.00803505
0.00842288
0.00877598
0.00913553
0.00957233
0.0100395
0.0104814
0.01098
0.0115304
0.0121102
0.0126722
0.0132494
0.0138533
0.0144939
0.0151623
0.0158445
0.0165572
0.0172648
0.0180371
0.0188022
0.019621
0.0204404
0.0213153
0.0222273
0.0231459
0.0241565
0.0251134
0.0261884
0.0271861
0.0282763
0.0293258
0.0303203
0.0312269
0.0316231
0.0106628
0.0115914
0.0108514
0.00938712
0.00784414
0.0065553
0.00586538
0.00565239
0.00571492
0.00603685
0.00642478
0.00668969
0.006929
0.00724215
0.00752044
0.0077434
0.00804598
0.00843084
0.00878224
0.00914105
0.00957771
0.0100451
0.0104873
0.0109859
0.0115353
0.0121132
0.0126752
0.0132535
0.0138577
0.0144979
0.0151652
0.0158465
0.0165595
0.0172676
0.0180397
0.0188045
0.0196237
0.0204431
0.0213181
0.0222298
0.0231481
0.0241582
0.025115
0.0261901
0.0271883
0.0282791
0.029331
0.0303265
0.0312365
0.0316309
0.0105774
0.0115303
0.0108343
0.00940281
0.00788141
0.00659034
0.0058836
0.00566563
0.00571432
0.00602505
0.00642544
0.0067037
0.00694553
0.00726219
0.00754301
0.00776112
0.00805752
0.00843911
0.00878871
0.00914655
0.00958298
0.0100508
0.0104934
0.0109919
0.0115403
0.0121165
0.0126783
0.0132578
0.0138622
0.014502
0.0151682
0.0158486
0.0165619
0.0172704
0.0180424
0.0188069
0.0196265
0.0204458
0.0213209
0.0222323
0.0231504
0.02416
0.0251166
0.0261919
0.0271907
0.028282
0.0293364
0.0303328
0.0312462
0.0316391
0.0104988
0.0114728
0.0108094
0.00941049
0.00791392
0.00662279
0.00589849
0.00567799
0.00571567
0.00601273
0.00642411
0.00671667
0.00696065
0.00728086
0.00756574
0.0077799
0.00806989
0.00844773
0.00879518
0.00915199
0.00958834
0.0100565
0.0104995
0.010998
0.0115455
0.0121199
0.0126816
0.0132622
0.0138669
0.0145062
0.0151712
0.0158508
0.0165644
0.0172733
0.0180452
0.0188093
0.0196294
0.0204486
0.0213238
0.0222349
0.0231527
0.0241619
0.0251183
0.0261938
0.0271932
0.0282851
0.0293419
0.0303394
0.0312561
0.0316476
0.0104213
0.0114199
0.0107777
0.00940853
0.00794108
0.00665382
0.00590991
0.00568777
0.00571871
0.00600039
0.00642068
0.00672883
0.00697481
0.00729785
0.0075881
0.00779966
0.00808307
0.00845674
0.0088019
0.00915756
0.00959371
0.0100623
0.0105057
0.0110042
0.0115507
0.0121235
0.0126851
0.0132667
0.0138716
0.0145105
0.0151745
0.0158532
0.0165671
0.0172763
0.0180481
0.0188119
0.0196325
0.0204515
0.0213269
0.0222375
0.0231551
0.0241639
0.0251201
0.0261958
0.0271959
0.0282884
0.0293477
0.0303462
0.0312662
0.0316565
0.0103391
0.0113705
0.0107408
0.00939669
0.00796179
0.00668313
0.00591802
0.00569446
0.00572322
0.00598835
0.00641535
0.00674018
0.00698774
0.00731283
0.00760993
0.00782034
0.00809709
0.00846628
0.00880901
0.00916306
0.00959881
0.010068
0.010512
0.0110105
0.0115561
0.0121273
0.0126889
0.0132713
0.0138764
0.0145149
0.0151779
0.0158557
0.0165699
0.0172794
0.0180511
0.0188146
0.0196356
0.0204545
0.02133
0.0222403
0.0231576
0.0241659
0.0251219
0.0261979
0.0271986
0.0282919
0.0293536
0.0303532
0.0312764
0.0316657
0.0102479
0.0113231
0.0107014
0.00937492
0.00797425
0.00671112
0.00592379
0.00569697
0.0057286
0.00597722
0.00640789
0.00675012
0.00699975
0.00732624
0.00763098
0.00784145
0.00811198
0.00847639
0.00881623
0.00916857
0.00960398
0.0100737
0.0105184
0.0110169
0.0115615
0.0121314
0.0126928
0.013276
0.0138814
0.0145194
0.0151814
0.0158585
0.0165728
0.0172826
0.0180542
0.0188175
0.0196389
0.0204576
0.0213332
0.0222432
0.0231602
0.0241681
0.0251238
0.0262001
0.0272015
0.0282955
0.0293597
0.0303603
0.0312868
0.0316752
0.0101457
0.0112754
0.0106611
0.00934431
0.0079774
0.00673721
0.00592754
0.00569464
0.0057345
0.00596698
0.0063978
0.00675903
0.00701156
0.00733778
0.00765063
0.0078628
0.0081276
0.00848713
0.00882387
0.00917425
0.00960916
0.0100793
0.0105246
0.0110234
0.0115672
0.0121356
0.012697
0.0132809
0.0138865
0.014524
0.015185
0.0158614
0.016576
0.017286
0.0180574
0.0188204
0.0196422
0.0204609
0.0213366
0.0222461
0.0231629
0.0241703
0.0251258
0.0262024
0.0272045
0.0282992
0.029366
0.0303677
0.0312973
0.031685
0.0100313
0.011224
0.0106222
0.00930722
0.00796939
0.00675979
0.00593089
0.00568728
0.00573939
0.00595801
0.00638566
0.00676673
0.00702281
0.00734718
0.00766898
0.0078843
0.00814376
0.00849865
0.00883218
0.00917989
0.00961407
0.010085
0.010531
0.0110299
0.0115729
0.0121401
0.0127013
0.013286
0.0138917
0.0145288
0.0151888
0.0158644
0.0165792
0.0172894
0.0180608
0.0188235
0.0196457
0.0204642
0.02134
0.0222492
0.0231656
0.0241727
0.0251279
0.0262049
0.0272077
0.0283032
0.0293725
0.0303753
0.031308
0.0316951
0.0099056
0.0111668
0.0105853
0.00926531
0.00794915
0.00677775
0.00593504
0.00567448
0.00574208
0.00595099
0.00637144
0.00677231
0.00703388
0.0073551
0.00768585
0.00790549
0.0081603
0.00851089
0.00884093
0.0091856
0.00961895
0.0100906
0.0105374
0.0110364
0.0115787
0.0121448
0.012706
0.0132911
0.013897
0.0145336
0.0151927
0.0158676
0.0165826
0.017293
0.0180643
0.0188268
0.0196493
0.0204676
0.0213436
0.0222524
0.0231685
0.0241752
0.0251301
0.0262075
0.0272109
0.0283074
0.0293792
0.0303831
0.0313188
0.0317056
0.00977131
0.0111007
0.0105483
0.0092216
0.00791768
0.00678854
0.00594025
0.00565703
0.00574147
0.00594565
0.0063551
0.0067757
0.0070452
0.0073615
0.00770087
0.00792627
0.00817685
0.0085237
0.00885047
0.00919151
0.00962379
0.0100961
0.0105436
0.0110431
0.0115847
0.0121496
0.0127108
0.0132966
0.0139024
0.0145386
0.0151968
0.0158711
0.0165862
0.0172966
0.0180679
0.0188302
0.0196531
0.0204712
0.0213472
0.0222556
0.0231714
0.0241778
0.0251323
0.0262102
0.0272144
0.0283117
0.0293861
0.0303911
0.0313298
0.0317164
0.00963177
0.0110243
0.0105099
0.00917875
0.00787603
0.0067894
0.00594676
0.00563605
0.00573585
0.00594191
0.00633736
0.00677641
0.00705669
0.00736649
0.00771401
0.00794663
0.00819306
0.00853688
0.00886108
0.00919765
0.00962839
0.0101016
0.0105499
0.0110496
0.0115909
0.0121548
0.0127158
0.0133021
0.013908
0.0145437
0.015201
0.0158746
0.01659
0.0173005
0.0180717
0.0188337
0.019657
0.0204749
0.021351
0.022259
0.0231744
0.0241805
0.0251347
0.0262131
0.027218
0.0283163
0.0293931
0.0303993
0.031341
0.0317275
0.00948995
0.010938
0.0104677
0.00913742
0.00782599
0.00677842
0.00595379
0.00561278
0.00572407
0.00593948
0.00631896
0.00677371
0.00706824
0.00737049
0.00772493
0.0079665
0.00820897
0.00855008
0.00887251
0.00920421
0.00963284
0.0101072
0.0105562
0.0110561
0.011597
0.0121602
0.0127212
0.0133078
0.0139136
0.0145489
0.0152055
0.0158784
0.0165939
0.0173045
0.0180757
0.0188374
0.019661
0.0204787
0.0213549
0.0222626
0.0231775
0.0241833
0.0251371
0.0262161
0.0272217
0.028321
0.0294003
0.0304077
0.0313523
0.031739
0.00934783
0.0108423
0.0104184
0.00909779
0.00777073
0.00675375
0.00595976
0.00558938
0.00570519
0.00593716
0.00630071
0.00676721
0.00707947
0.00737398
0.00773352
0.00798573
0.00822456
0.00856298
0.00888475
0.00921119
0.00963713
0.0101128
0.0105626
0.0110627
0.0116031
0.0121656
0.0127268
0.0133139
0.0139194
0.0145542
0.01521
0.0158824
0.016598
0.0173086
0.0180797
0.0188413
0.0196652
0.0204826
0.0213589
0.0222662
0.0231808
0.0241864
0.0251396
0.0262193
0.0272256
0.028326
0.0294078
0.0304163
0.0313637
0.0317507
0.00920672
0.0107391
0.0103598
0.00905824
0.00771363
0.00671531
0.00596159
0.00556746
0.00567917
0.00593328
0.00628301
0.00675687
0.00709032
0.00737746
0.00773964
0.00800401
0.00823965
0.00857525
0.00889787
0.0092189
0.009641
0.0101185
0.0105694
0.0110691
0.0116094
0.0121713
0.0127325
0.01332
0.0139256
0.0145597
0.0152147
0.0158866
0.0166023
0.0173129
0.018084
0.0188453
0.0196695
0.0204868
0.021363
0.0222699
0.0231841
0.0241896
0.0251423
0.0262226
0.0272297
0.0283311
0.0294155
0.0304252
0.0313754
0.0317627
0.00906747
0.0106305
0.0102909
0.00901582
0.007657
0.0066642
0.00595556
0.00554773
0.00564728
0.00592649
0.00626631
0.00674265
0.00710016
0.00738138
0.007743
0.00802106
0.00825454
0.00858657
0.00891153
0.00922777
0.00964463
0.0101237
0.0105763
0.0110758
0.0116155
0.0121773
0.0127385
0.0133262
0.0139316
0.0145655
0.0152198
0.0158909
0.0166068
0.0173173
0.0180884
0.0188495
0.0196739
0.0204911
0.0213673
0.0222737
0.0231874
0.0241928
0.0251451
0.0262261
0.0272339
0.0283364
0.0294233
0.0304341
0.0313872
0.0317751
0.00892946
0.010518
0.0102119
0.00896795
0.00760188
0.00660205
0.0059389
0.00553044
0.00561012
0.00591543
0.00625152
0.00672448
0.00710758
0.00738639
0.00774425
0.0080364
0.00826923
0.00859677
0.00892518
0.00923773
0.00964838
0.0101287
0.0105834
0.0110825
0.0116217
0.0121833
0.0127448
0.0133328
0.0139378
0.0145711
0.0152251
0.0158957
0.0166115
0.0173219
0.0180929
0.0188538
0.0196786
0.0204955
0.0213716
0.0222778
0.023191
0.0241962
0.0251479
0.0262298
0.0272384
0.0283419
0.0294314
0.0304433
0.0313991
0.0317877
0.00879128
0.0104027
0.0101237
0.00891139
0.00754814
0.00653241
0.00590906
0.00551461
0.00556925
0.005898
0.00623868
0.00670357
0.0071118
0.0073923
0.00774363
0.00804994
0.00828373
0.00860566
0.00893833
0.00924885
0.00965247
0.0101334
0.0105908
0.0110892
0.0116278
0.0121896
0.0127513
0.0133395
0.0139443
0.0145771
0.0152302
0.0159004
0.0166166
0.0173268
0.0180978
0.0188583
0.0196833
0.0205001
0.021376
0.0222818
0.0231947
0.0241999
0.025151
0.0262336
0.0272429
0.0283476
0.0294396
0.0304527
0.0314112
0.0318005
0.00865158
0.0102852
0.0100281
0.00884368
0.00749412
0.00645874
0.005864
0.00549789
0.00552782
0.0058733
0.00622614
0.0066809
0.00711269
0.0073992
0.00774089
0.00806091
0.00829855
0.00861357
0.00895038
0.00926086
0.00965703
0.0101378
0.0105985
0.0110965
0.0116336
0.0121956
0.0127581
0.0133465
0.0139508
0.0145834
0.015236
0.0159053
0.0166215
0.0173318
0.0181029
0.0188632
0.0196883
0.0205048
0.0213806
0.0222861
0.0231984
0.0242036
0.0251542
0.0262376
0.0272477
0.0283535
0.029448
0.0304622
0.0314234
0.0318137
0.0085095
0.0101641
0.00992662
0.00876446
0.0074367
0.00638361
0.00580398
0.00547715
0.00548709
0.00584143
0.00621332
0.00665665
0.0071091
0.00740763
0.00773741
0.00806834
0.00831274
0.00862106
0.00896148
0.0092734
0.00966213
0.0101417
0.0106062
0.0111044
0.0116399
0.0122017
0.0127647
0.0133536
0.0139576
0.0145897
0.0152419
0.0159107
0.0166269
0.0173368
0.0181079
0.0188681
0.0196935
0.0205099
0.0213853
0.0222905
0.0232023
0.0242076
0.0251574
0.0262418
0.0272528
0.0283596
0.0294567
0.0304719
0.0314357
0.0318272
0.00836485
0.010038
0.00982031
0.00867411
0.00737204
0.00630931
0.00573139
0.00544845
0.0054475
0.00580247
0.00619937
0.00663255
0.00709985
0.0074164
0.00773449
0.00807288
0.00832583
0.00862725
0.0089711
0.00928668
0.00966851
0.0101455
0.0106134
0.0111125
0.0116464
0.0122082
0.0127717
0.0133605
0.0139643
0.0145963
0.0152479
0.0159162
0.0166327
0.0173424
0.0181133
0.018873
0.0196986
0.0205151
0.0213902
0.0222951
0.0232064
0.0242117
0.0251609
0.0262461
0.0272579
0.0283659
0.0294656
0.0304819
0.0314482
0.0318407
0.00821773
0.00990603
0.00970879
0.00857392
0.00729675
0.00623518
0.00564914
0.00540904
0.00540982
0.005758
0.00618174
0.00660939
0.00708561
0.00742407
0.00773192
0.00807442
0.00833875
0.00863317
0.00897822
0.0092993
0.00967605
0.0101499
0.0106208
0.011121
0.011653
0.0122142
0.0127789
0.0133681
0.0139711
0.0146028
0.0152542
0.0159219
0.0166384
0.0173482
0.0181193
0.0188784
0.019704
0.0205202
0.021395
0.0222998
0.0232107
0.024216
0.0251646
0.0262507
0.0272633
0.0283722
0.0294744
0.030492
0.0314609
0.0318547
0.00806784
0.00976737
0.00959018
0.0084657
0.00720928
0.00615853
0.00555962
0.0053569
0.00537348
0.00571025
0.00615947
0.00658729
0.00706652
0.00742987
0.00773035
0.00807195
0.00834981
0.00864006
0.00898469
0.00931103
0.0096837
0.0101543
0.0106279
0.0111301
0.0116605
0.0122205
0.0127855
0.0133754
0.0139786
0.0146099
0.0152606
0.0159278
0.0166445
0.0173539
0.0181251
0.018884
0.0197099
0.0205259
0.0214
0.0223044
0.0232148
0.0242205
0.0251684
0.0262554
0.0272689
0.0283789
0.0294836
0.0305021
0.0314734
0.0318688
0.00791451
0.00962192
0.00946266
0.00835026
0.00710976
0.00607715
0.00546577
0.00529014
0.00533517
0.00566116
0.00613196
0.00656727
0.00704363
0.00743192
0.00773088
0.00806666
0.00835726
0.00864595
0.00899018
0.00932333
0.00969292
0.0101592
0.0106342
0.0111385
0.0116685
0.0122273
0.0127925
0.0133827
0.0139855
0.0146171
0.0152677
0.0159341
0.0166508
0.0173602
0.0181312
0.0188895
0.0197156
0.0205318
0.0214054
0.0223097
0.0232194
0.0242249
0.0251722
0.0262602
0.0272747
0.0283857
0.029493
0.0305126
0.0314862
0.031883
0.00775648
0.00947007
0.00932468
0.00822646
0.006998
0.00598801
0.00537024
0.00521026
0.00529125
0.00561182
0.00609858
0.00654858
0.00701945
0.00742901
0.00773241
0.00805995
0.00836178
0.00865105
0.00899299
0.00933375
0.00970381
0.0101665
0.0106413
0.0111467
0.0116763
0.0122338
0.0127989
0.0133904
0.0139932
0.0146242
0.0152747
0.015941
0.0166576
0.0173666
0.0181378
0.0188954
0.0197216
0.0205374
0.0214105
0.0223148
0.0232243
0.02423
0.0251764
0.0262652
0.0272806
0.0283925
0.0295024
0.0305231
0.0314992
0.0318975
0.00759193
0.00931183
0.0091756
0.00809276
0.00687465
0.00588787
0.00527296
0.00512008
0.00523976
0.00556272
0.00605896
0.00652945
0.00699536
0.00742103
0.00773442
0.00805243
0.00836265
0.00865608
0.00899537
0.00934192
0.00971346
0.0101741
0.0106495
0.0111559
0.0116855
0.0122414
0.0128046
0.0133967
0.0140008
0.014632
0.015282
0.0159476
0.0166646
0.0173736
0.0181446
0.0189016
0.019728
0.0205437
0.0214159
0.02232
0.0232288
0.0242349
0.0251809
0.0262705
0.027287
0.0283996
0.029512
0.0305337
0.0315119
0.031912
0.0074178
0.00914517
0.00901508
0.00794768
0.00674022
0.00577494
0.00517241
0.0050229
0.00517955
0.00551484
0.00601467
0.00650707
0.00697164
0.00740717
0.00773549
0.00804585
0.00835977
0.00865962
0.00899775
0.00935002
0.00972399
0.0101816
0.0106565
0.0111639
0.0116949
0.0122505
0.0128118
0.0134038
0.0140082
0.0146393
0.0152895
0.0159549
0.0166715
0.0173805
0.0181517
0.018908
0.0197344
0.0205501
0.0214217
0.0223258
0.023234
0.0242399
0.0251851
0.0262757
0.0272933
0.0284068
0.0295218
0.0305446
0.0315249
0.0319266
0.00723167
0.00896744
0.00884214
0.00778887
0.00659385
0.00564809
0.00506546
0.00492107
0.00511057
0.00546809
0.00596964
0.00648124
0.00694803
0.00738734
0.00773231
0.0080397
0.00835423
0.0086617
0.00899992
0.00935665
0.00973537
0.0101919
0.0106651
0.0111713
0.0117023
0.0122587
0.0128182
0.0134106
0.014017
0.0146481
0.0152974
0.0159623
0.0166792
0.0173878
0.0181587
0.0189142
0.019741
0.0205565
0.0214272
0.0223315
0.0232393
0.0242457
0.0251901
0.0262813
0.0272998
0.028414
0.0295315
0.0305554
0.0315379
0.0319415
0.00703217
0.00877558
0.00865478
0.00761426
0.00643477
0.00550795
0.00494956
0.00481511
0.00503292
0.00542054
0.00592611
0.00645339
0.00692615
0.0073635
0.00772282
0.00803206
0.00834498
0.00866085
0.00900296
0.00936354
0.00974618
0.0102023
0.0106753
0.0111807
0.0117112
0.0122675
0.0128245
0.0134155
0.0140237
0.0146565
0.0153062
0.0159705
0.0166872
0.017396
0.0181668
0.018921
0.0197477
0.020563
0.0214329
0.0223373
0.0232444
0.0242508
0.025195
0.0262871
0.0273069
0.0284217
0.0295415
0.0305665
0.0315508
0.0319561
0.00681754
0.00856628
0.00844949
0.0074208
0.00625989
0.00535405
0.00482399
0.00470701
0.00494872
0.00536932
0.00588394
0.00642256
0.00690521
0.00733961
0.00770851
0.0080233
0.00833336
0.00865506
0.00900396
0.00937017
0.00975781
0.0102139
0.0106855
0.0111895
0.0117197
0.0122776
0.0128331
0.0134222
0.0140312
0.0146644
0.0153141
0.0159782
0.016695
0.0174039
0.0181746
0.0189281
0.0197551
0.02057
0.021439
0.0223435
0.02325
0.0242565
0.0251998
0.0262926
0.0273135
0.0284292
0.0295516
0.0305777
0.0315643
0.0319719
0.00658674
0.00833762
0.00822439
0.00720698
0.00606668
0.00518497
0.00468732
0.00459816
0.00486342
0.00531568
0.00584311
0.00638832
0.00688048
0.00731393
0.00768966
0.00801309
0.00832265
0.00864819
0.00900431
0.00937601
0.00976722
0.0102251
0.0106971
0.011199
0.0117271
0.0122859
0.012841
0.0134289
0.0140393
0.0146748
0.0153247
0.015987
0.0167034
0.0174126
0.0181827
0.0189349
0.0197621
0.0205768
0.021445
0.0223498
0.0232554
0.0242621
0.0252051
0.0262985
0.0273203
0.0284362
0.0295608
0.030588
0.0315761
0.031985
0.00632853
0.00807975
0.00797115
0.00696787
0.00585255
0.00500028
0.00453835
0.0044866
0.00477941
0.00526144
0.00580565
0.00635428
0.00685232
0.0072856
0.00766436
0.00799741
0.00831126
0.00864078
0.00900563
0.00938544
0.00977882
0.0102355
0.0107074
0.0112078
0.0117338
0.0122935
0.0128486
0.0134348
0.0140455
0.0146832
0.0153351
0.0159973
0.0167136
0.017423
0.018193
0.018944
0.0197712
0.0205852
0.0214525
0.0223575
0.0232624
0.0242691
0.0252114
0.0263054
0.0273286
0.0284453
0.0295723
0.0306007
0.0315907
0.0320025
0.00604891
0.00779247
0.00768727
0.00670074
0.00561646
0.00480273
0.00438357
0.00437639
0.00470009
0.00520701
0.00576876
0.00632059
0.00682111
0.0072558
0.00763632
0.00797768
0.0082997
0.00863343
0.00900578
0.00939601
0.00979244
0.0102487
0.0107204
0.0112175
0.0117395
0.0122996
0.0128558
0.0134408
0.0140508
0.01469
0.0153427
0.0160031
0.0167189
0.017429
0.0181984
0.0189486
0.0197762
0.0205901
0.0214567
0.0223622
0.0232664
0.0242734
0.0252155
0.0263099
0.0273339
0.0284508
0.02958
0.0306095
0.031601
0.0320138
0.00571049
0.00744603
0.007344
0.0063833
0.00534429
0.00458513
0.00422192
0.00426862
0.00462927
0.00515766
0.00573224
0.00628478
0.00678446
0.00722084
0.00760446
0.00795545
0.00829077
0.00863199
0.00901113
0.00941158
0.00980952
0.0102632
0.0107368
0.0112329
0.0117514
0.0123112
0.0128686
0.0134531
0.014062
0.0147032
0.0153594
0.0160188
0.0167333
0.0174435
0.0182126
0.0189614
0.0197883
0.0206012
0.0214671
0.0223726
0.0232756
0.0242824
0.0252239
0.0263187
0.027344
0.0284614
0.0295926
0.0306232
0.0316164
0.0320323
0.00533287
0.00702761
0.00691553
0.00598718
0.00501091
0.00432676
0.00403742
0.00414868
0.00455296
0.00509995
0.00567998
0.00622966
0.00672471
0.00716208
0.00755073
0.00791225
0.0082652
0.00861816
0.0090037
0.00941561
0.00981712
0.0102672
0.0107407
0.0112349
0.0117504
0.0123106
0.0128705
0.0134557
0.0140629
0.0147046
0.0153631
0.0160222
0.0167363
0.0174473
0.0182162
0.0189649
0.0197922
0.0206049
0.0214702
0.0223762
0.0232785
0.0242859
0.0252273
0.0263222
0.0273482
0.0284661
0.0295995
0.0306316
0.0316262
0.032043
0.00506159
0.0066798
0.00654033
0.00564881
0.00475212
0.00416098
0.00395765
0.00412944
0.00456193
0.0051056
0.00566985
0.00620602
0.00669152
0.00712843
0.00752622
0.00789906
0.00826857
0.00863426
0.00902176
0.00944052
0.00984441
0.01029
0.0107641
0.0112575
0.0117677
0.0123255
0.0128866
0.0134733
0.0140784
0.0147203
0.0153828
0.0160404
0.016752
0.0174627
0.0182314
0.0189787
0.0198048
0.0206165
0.0214813
0.0223873
0.0232883
0.0242954
0.0252363
0.0263314
0.0273586
0.0284765
0.0296116
0.0306443
0.0316405
0.0320603
0.00407034
0.00570862
0.00568978
0.00497442
0.00426687
0.00385283
0.00379424
0.00405099
0.00451216
0.00504659
0.0055917
0.00611661
0.00659843
0.00704277
0.00745969
0.00785111
0.0082413
0.00862564
0.00901716
0.00944157
0.00985038
0.0102898
0.0107623
0.0112574
0.0117669
0.012325
0.0128887
0.0134779
0.0140813
0.0147216
0.0153876
0.0160473
0.0167583
0.0174688
0.018238
0.0189857
0.0198116
0.0206224
0.0214867
0.0223929
0.0232929
0.0243005
0.025241
0.026336
0.0273639
0.0284826
0.0296199
0.0306542
0.0316519
0.0320732
0.00417742
0.00529172
0.00511098
0.00449286
0.00397273
0.00373042
0.00379065
0.00408488
0.00452665
0.00502335
0.00553863
0.0060518
0.00653491
0.00699054
0.00742914
0.00783824
0.00824197
0.00864148
0.00903419
0.00945895
0.00987319
0.0103094
0.0107791
0.0112748
0.01178
0.0123341
0.012899
0.0134914
0.0140941
0.0147329
0.0154015
0.016061
0.0167692
0.0174789
0.0182485
0.0189956
0.0198199
0.0206303
0.0214948
0.0224012
0.0233002
0.0243077
0.025248
0.0263429
0.0273715
0.02849
0.029628
0.0306634
0.0316616
0.032084
0.00178999
0.00352539
0.00397527
0.00391399
0.00380451
0.0037973
0.00392582
0.00417896
0.00454527
0.00498144
0.00546184
0.00596249
0.00645188
0.00692541
0.00739084
0.00782428
0.00824312
0.0086575
0.00905308
0.00947421
0.00989167
0.0103233
0.0107874
0.0112873
0.011794
0.0123467
0.0129126
0.0135073
0.0141089
0.0147444
0.0154153
0.0160785
0.0167868
0.0174941
0.0182643
0.0190119
0.0198351
0.0206435
0.0215072
0.0224131
0.0233105
0.0243181
0.0252574
0.0263516
0.0273807
0.0285
0.0296404
0.0306768
0.0316774
0.0321036
-7.9941e-05
0.000656806
0.0017857
0.00278676
0.00346863
0.00382504
0.00403158
0.00423862
0.00452135
0.00489057
0.00533717
0.00583295
0.00634023
0.00683984
0.00733346
0.00779164
0.00822416
0.00865104
0.00905163
0.00946995
0.00989284
0.0103258
0.010786
0.0112879
0.011794
0.0123432
0.0129106
0.0135093
0.0141117
0.0147453
0.0154171
0.0160817
0.0167881
0.0174939
0.0182653
0.0190138
0.0198355
0.0206441
0.0215084
0.0224148
0.0233114
0.0243193
0.0252589
0.0263533
0.0273833
0.0285024
0.0296433
0.0306811
0.0316818
0.0321077
-0.00115828
0.000952433
0.00221531
0.00298698
0.00348839
0.0038318
0.00409783
0.00433088
0.00459367
0.00492357
0.00532838
0.00579627
0.00630319
0.00681728
0.0073277
0.00780765
0.00825427
0.00868997
0.00909426
0.00950543
0.00992613
0.0103568
0.0108085
0.0113127
0.0118216
0.0123682
0.0129356
0.0135352
0.0141372
0.0147676
0.0154395
0.0161083
0.0168159
0.017518
0.0182895
0.0190385
0.0198583
0.0206644
0.0215275
0.0224329
0.0233275
0.0243351
0.0252733
0.0263664
0.0273965
0.0285163
0.0296591
0.0306974
0.0317009
0.0321316
-0.00227097
-0.00116159
0.000407647
0.00184199
0.002919
0.00362076
0.00404294
0.00431331
0.00456389
0.00487404
0.00525841
0.00570947
0.00621759
0.00674483
0.00726716
0.00776354
0.00822536
0.00867095
0.00908452
0.00949519
0.00991747
0.0103527
0.0108012
0.0113057
0.0118169
0.0123608
0.0129289
0.0135313
0.0141343
0.0147642
0.0154348
0.0161049
0.0168127
0.017513
0.0182851
0.0190359
0.0198547
0.0206609
0.0215247
0.0224306
0.0233248
0.0243326
0.0252712
0.0263645
0.0273952
0.028515
0.0296579
0.0306978
0.031701
0.0321308
-0.00370024
-0.000910751
0.000951972
0.00219771
0.00304369
0.0036306
0.00404325
0.00433306
0.00459631
0.00490722
0.00528608
0.0057272
0.00622884
0.00675765
0.00728178
0.00778165
0.00824938
0.00869832
0.00911608
0.0095277
0.00994725
0.0103835
0.0108291
0.011333
0.0118472
0.0123908
0.0129576
0.0135597
0.0141625
0.014791
0.0154614
0.0161333
0.0168439
0.0175418
0.0183125
0.0190634
0.0198814
0.020685
0.0215468
0.0224518
0.0233437
0.0243509
0.0252876
0.0263793
0.0274097
0.0285301
0.0296743
0.0307147
0.0317213
0.0321566
)
;

boundaryField
{
    zeroGradientPlanes
    {
        type            zeroGradient;
    }
    inlet
    {
        type            zeroGradient;
    }
    plate
    {
        type            zeroGradient;
    }
    frontAndBack
    {
        type            empty;
    }
}


// ************************************************************************* //
