/*--------------------------------*- C++ -*----------------------------------*\
| =========                 |                                                 |
| \\      /  F ield         | OpenFOAM: The Open Source CFD Toolbox           |
|  \\    /   O peration     | Version:  v2012                                 |
|   \\  /    A nd           | Website:  www.openfoam.com                      |
|    \\/     M anipulation  |                                                 |
\*---------------------------------------------------------------------------*/
FoamFile
{
    version     2.0;
    format      ascii;
    class       volScalarField;
    location    "3.2";
    object      p;
}
// * * * * * * * * * * * * * * * * * * * * * * * * * * * * * * * * * * * * * //

dimensions      [0 2 -2 0 0 0 0];


internalField   nonuniform List<scalar> 
7000
(
-2.7706e-10
0.00146115
-0.00133758
0.0020299
-0.00190554
0.000422447
0.00156853
0.00127141
0.00120831
0.00222208
0.00215333
0.00297676
0.0041698
0.00536085
0.00667212
0.00908553
0.0107503
0.0147947
0.0181447
0.0243055
1.28699e-06
0.00145165
-0.00132238
0.00195982
-0.00190346
0.00044929
0.00151679
0.00128003
0.00120434
0.00221783
0.00215192
0.00296963
0.00417077
0.00534815
0.00668323
0.00906333
0.0107989
0.0147486
0.0181733
0.0240345
2.40376e-06
0.00143891
-0.00130312
0.00190651
-0.00189669
0.000473297
0.00148112
0.00129642
0.00119546
0.00221069
0.00214838
0.00295943
0.00416988
0.0053324
0.00668834
0.00903403
0.0108281
0.0146844
0.018184
0.0235864
3.00729e-06
0.00142443
-0.00128812
0.00185876
-0.00188541
0.000487264
0.0014446
0.00130825
0.00118403
0.0022022
0.00214395
0.00294913
0.00416758
0.0053146
0.00669003
0.00900015
0.0108484
0.0146151
0.0181561
0.0231222
3.25936e-06
0.00140754
-0.0012764
0.00181792
-0.00186896
0.000491095
0.00140669
0.00131294
0.00117113
0.00219169
0.00213926
0.00293734
0.00416705
0.0052935
0.00669513
0.00895923
0.0108722
0.0145348
0.0180956
0.0226766
3.20889e-06
0.0013881
-0.00126599
0.00178484
-0.00184736
0.000485871
0.00136817
0.00131236
0.00115696
0.00217927
0.00213457
0.00292311
0.00416945
0.0052686
0.00670356
0.00891144
0.0108993
0.0144408
0.0180108
0.0222501
2.88687e-06
0.0013664
-0.00125598
0.00175852
-0.0018218
0.000473459
0.00132998
0.00130895
0.00114187
0.00216601
0.00213037
0.00290605
0.00417482
0.00523956
0.00671443
0.00885803
0.0109258
0.0143352
0.017903
0.0218356
2.3508e-06
0.00134273
-0.00124594
0.00173678
-0.00179393
0.000456554
0.00129295
0.00130455
0.00112646
0.00215254
0.00212699
0.0028859
0.0041832
0.0052065
0.00672749
0.00879958
0.01095
0.0142209
0.0177709
0.0214278
1.6539e-06
0.00131737
-0.00123562
0.00171737
-0.00176498
0.000437364
0.00125734
0.0013004
0.00111111
0.00213861
0.00212464
0.00286261
0.00419453
0.00516979
0.00674214
0.00873638
0.0109641
0.0141002
0.0176131
0.0210229
8.29326e-07
0.00129052
-0.00122485
0.00169859
-0.00173552
0.000417076
0.00122285
0.00129702
0.00109584
0.0021236
0.00212364
0.00283621
0.00420848
0.00512965
0.00675722
0.00866918
0.0109686
0.013974
0.0174291
0.0206185
-1.08177e-07
0.00126233
-0.00121353
0.00167941
-0.00170565
0.000396138
0.0011891
0.00129437
0.00108061
0.00210703
0.00212433
0.00280661
0.00422451
0.00508611
0.00677123
0.0085991
0.0109615
0.0138428
0.0172194
0.0202122
-1.15564e-06
0.00123288
-0.00120162
0.00165928
-0.00167531
0.000374578
0.00115574
0.00129205
0.00106549
0.00208851
0.00212687
0.00277366
0.00424192
0.00503936
0.00678263
0.00852721
0.0109404
0.0137064
0.0169849
0.0198022
-2.31406e-06
0.00120221
-0.00118904
0.00163793
-0.00164428
0.000352313
0.00112245
0.0012896
0.0010507
0.00206764
0.00213127
0.00273719
0.00425992
0.00498994
0.00678971
0.00845486
0.0109034
0.0135642
0.0167164
0.0193868
-3.58215e-06
0.00117036
-0.00117577
0.00161516
-0.0016123
0.000329282
0.00108889
0.00128658
0.00103648
0.00204392
0.00213754
0.00269714
0.00427763
0.00493867
0.00679055
0.00838331
0.0108492
0.0134157
0.0164417
0.0189638
-4.95413e-06
0.00113736
-0.00116174
0.0015908
-0.00157902
0.000305489
0.00105483
0.00128263
0.00102307
0.00201682
0.00214565
0.00265369
0.0042942
0.00488653
0.00678323
0.00831321
0.0107771
0.01326
0.0161513
0.0185323
-6.42218e-06
0.00110325
-0.00114692
0.00156462
-0.00154413
0.000281023
0.0010201
0.00127739
0.00101073
0.00198587
0.0021555
0.00260723
0.00430862
0.00483487
0.00676603
0.00824468
0.0106868
0.0130952
0.0158454
0.0180916
-7.98207e-06
0.00106807
-0.00113122
0.00153636
-0.00150736
0.000256014
0.000984621
0.00127055
0.000999672
0.00195073
0.00216687
0.0025582
0.00431962
0.00478511
0.00673759
0.00817746
0.0105788
0.0129198
0.0155253
0.0176414
-9.63907e-06
0.00103183
-0.0011146
0.00150578
-0.00146858
0.000230578
0.000948406
0.00126181
0.000990145
0.00191116
0.00217938
0.00250741
0.00432599
0.0047383
0.00669673
0.00811092
0.0104536
0.0127314
0.0151925
0.0171821
-1.14107e-05
0.000994513
-0.00109697
0.00147267
-0.00142781
0.000204768
0.000911501
0.00125085
0.000982352
0.00186708
0.00219253
0.00245614
0.00432633
0.00469496
0.00664257
0.00804401
0.0103124
0.0125277
0.0148479
0.0167143
-1.33253e-05
0.000956056
-0.00107828
0.00143692
-0.00138518
0.000178566
0.000873962
0.00123734
0.000976438
0.00181856
0.00220555
0.00240573
0.00431928
0.0046553
0.00657446
0.00797479
0.0101571
0.0123078
0.0144918
0.016239
-1.54164e-05
0.000916389
-0.00105847
0.00139847
-0.00134091
0.000151891
0.000835828
0.00122101
0.000972416
0.00176586
0.00221738
0.00235741
0.00430367
0.00461932
0.00649263
0.00790049
0.00998898
0.0120713
0.0141256
0.015757
-1.77173e-05
0.000875439
-0.00103752
0.00135733
-0.00129521
0.000124651
0.000797109
0.00120157
0.000970189
0.00170953
0.0022268
0.00231242
0.00427833
0.00458652
0.00639862
0.00781881
0.00980733
0.0118171
0.013751
0.0152702
-2.02554e-05
0.00083315
-0.00101538
0.00131356
-0.0012483
9.68023e-05
0.000757789
0.00117878
0.000969557
0.00165049
0.00223239
0.00227168
0.00424261
0.00455553
0.00629327
0.00772833
0.00961149
0.0115441
0.0133675
0.0147803
-2.30499e-05
0.000789492
-0.000992046
0.00126723
-0.00120036
6.83278e-05
0.000717851
0.00115256
0.000970018
0.00158972
0.00223284
0.00223552
0.00419658
0.00452515
0.00617636
0.00762602
0.0094053
0.0112535
0.012974
0.014288
-2.61127e-05
0.00074446
-0.000967515
0.00121844
-0.0011516
3.92693e-05
0.000677221
0.00112307
0.00097083
0.00152822
0.00222721
0.00220372
0.0041399
0.0044944
0.00604967
0.0075092
0.00919232
0.0109466
0.0125708
0.0137948
-2.94493e-05
0.000698064
-0.0009418
0.0011673
-0.00110224
9.82352e-06
0.000635677
0.00109052
0.000971359
0.00146694
0.00221432
0.00217652
0.00407304
0.00446017
0.00591398
0.00737825
0.00897232
0.0106243
0.0121556
0.0133007
-3.30553e-05
0.000650321
-0.000914946
0.00111396
-0.00105263
-1.97383e-05
0.000592994
0.00105526
0.000970744
0.00140701
0.00219317
0.00215274
0.00399862
0.00441807
0.00576716
0.00722939
0.0087464
0.0102928
0.0117317
0.0128033
-3.69248e-05
0.000601265
-0.000887029
0.00105854
-0.00100313
-4.91218e-05
0.000548805
0.00101799
0.000968055
0.00134891
0.00216436
0.00213008
0.00391559
0.00437059
0.00561217
0.00706236
0.00850719
0.00994894
0.0113014
0.0123085
-4.10525e-05
0.000550899
-0.000858112
0.00100118
-0.000954297
-7.77976e-05
0.000502733
0.00097888
0.000963007
0.00129289
0.00212711
0.00210927
0.00382386
0.00431324
0.00544966
0.00688329
0.00827138
0.00957454
0.0108516
0.0118122
-4.54205e-05
0.000499221
-0.000828351
0.000942181
-0.000906745
-0.000105195
0.00045416
0.00093877
0.000953866
0.00124039
0.00208149
0.00208652
0.00372641
0.00424803
0.00527053
0.00669719
0.00802581
0.00923361
0.0104121
0.0113068
-4.99939e-05
0.00044627
-0.000797929
0.000881672
-0.000860972
-0.000130721
0.000402405
0.000898116
0.000940773
0.00118898
0.00203167
0.002059
0.00361952
0.00417708
0.00508394
0.00646508
0.00776375
0.00888439
0.0099833
0.0107949
-5.48413e-05
0.000392082
-0.000767018
0.000819927
-0.000817947
-0.000153477
0.000347184
0.000856326
0.000924831
0.001137
0.00197742
0.00202828
0.00350646
0.00409318
0.00489728
0.0062407
0.0075117
0.00851621
0.00946994
0.010285
-5.99583e-05
0.000336607
-0.000735904
0.00075744
-0.000778248
-0.000173642
0.000288834
0.000813829
0.000904504
0.00108646
0.00191881
0.00198737
0.00339342
0.00400088
0.00470451
0.00596421
0.00718564
0.00813579
0.00906239
0.00980484
-6.51563e-05
0.000279748
-0.000704675
0.000694139
-0.0007422
-0.000191199
0.000227464
0.000769533
0.000882832
0.00103133
0.00186178
0.00193696
0.00327097
0.00390525
0.00451313
0.00568539
0.00686554
0.0077395
0.00852957
0.00932447
-7.07523e-05
0.000221835
-0.000673824
0.000630773
-0.000711107
-0.000204027
0.000160735
0.000724519
0.000858211
0.000973186
0.00180295
0.0018856
0.00313353
0.00380134
0.00430538
0.00535744
0.0065319
0.00737136
0.0080774
0.00883834
-7.67787e-05
0.00016285
-0.000643888
0.000568473
-0.000685612
-0.000212602
8.96906e-05
0.000678015
0.000829526
0.000915879
0.00173708
0.00183227
0.00298404
0.00367086
0.00408033
0.00502852
0.00616999
0.00702464
0.00774429
0.00836155
-8.2727e-05
0.000102288
-0.000614528
0.000506172
-0.000664968
-0.000220067
1.87067e-05
0.000626447
0.000805392
0.000847152
0.00167414
0.00176913
0.00282006
0.00353675
0.00387649
0.00469643
0.0058006
0.00660559
0.00718516
0.00788839
-8.93211e-05
4.11993e-05
-0.000586893
0.000445536
-0.000650773
-0.000222212
-5.78358e-05
0.000571371
0.000781163
0.000774967
0.00160338
0.0017111
0.00264206
0.00336619
0.00364927
0.00436225
0.00541247
0.00620705
0.00676317
0.00743297
-9.66327e-05
-2.0305e-05
-0.00056189
0.000388145
-0.00064373
-0.000218984
-0.000139428
0.000511419
0.00075575
0.000703635
0.00151907
0.00165748
0.00245098
0.00314065
0.00341027
0.00403582
0.00500113
0.00583911
0.00650556
0.00699233
-0.000103645
-8.34499e-05
-0.000538608
0.000331495
-0.000641464
-0.000219802
-0.000211094
0.000440785
0.000739517
0.000618699
0.00143509
0.00158777
0.00224525
0.00294991
0.0031852
0.00370106
0.00458849
0.00537125
0.00591358
0.00654055
-0.00011184
-0.000145986
-0.000519268
0.000278745
-0.000646128
-0.000215584
-0.000288631
0.000363535
0.000719486
0.000542087
0.00133006
0.00151972
0.00204191
0.00268886
0.00293895
0.00337065
0.00416505
0.00492127
0.00547648
0.0061152
-0.000120872
-0.000208173
-0.000504509
0.000230377
-0.000658024
-0.000206797
-0.000372282
0.000281348
0.000692075
0.000474375
0.00120409
0.0014472
0.00183139
0.00239446
0.00266947
0.0030453
0.00371608
0.00451093
0.00524812
0.0057068
-0.000129559
-0.000271554
-0.000493033
0.000183332
-0.000673337
-0.000210259
-0.000431999
0.000180182
0.000670848
0.000395471
0.00107048
0.00136106
0.00163286
0.00214241
0.00239818
0.00268975
0.00325707
0.00397468
0.00460635
0.00528909
-0.000140159
-0.000332894
-0.00048808
0.0001416
-0.000693258
-0.000214287
-0.000487925
6.64033e-05
0.000642951
0.000320001
0.000915165
0.00126635
0.00145652
0.00186563
0.00209911
0.00230642
0.00279448
0.00341229
0.00404944
0.00494693
-0.000151176
-0.000393516
-0.000489227
0.000103971
-0.000718163
-0.000218449
-0.000543424
-5.34043e-05
0.000602761
0.000245186
0.0007481
0.00116169
0.00127199
0.00157319
0.0017731
0.00192912
0.00233084
0.00288318
0.00360218
0.00459812
-0.000162727
-0.000453811
-0.000495929
6.86586e-05
-0.00074485
-0.000235803
-0.000592239
-0.000178645
0.000547213
0.000173162
0.000572727
0.0010328
0.00109023
0.00128149
0.0014268
0.00155731
0.00188786
0.00240645
0.00315051
0.00418753
-0.000176395
-0.0005116
-0.000509915
3.61277e-05
-0.000771774
-0.000258185
-0.0006348
-0.000307759
0.000472574
0.000106806
0.00038324
0.000883103
0.000919142
0.000982479
0.00107175
0.0011828
0.00146412
0.00194078
0.00267701
0.00376641
-0.000190439
-0.000568202
-0.000530618
5.50922e-06
-0.000798712
-0.000288708
-0.000673397
-0.000443923
0.000383665
3.73027e-05
0.000192551
0.000717137
0.000737037
0.000689144
0.000716
0.000796381
0.00103849
0.00148559
0.00221499
0.0033591
-0.000206316
-0.000622766
-0.00055772
-2.58173e-05
-0.000823485
-0.000327426
-0.000711689
-0.000583163
0.000276712
-3.04397e-05
9.06393e-07
0.000524701
0.000554
0.000406655
0.000348826
0.000393843
0.000621446
0.00105091
0.00177122
0.00295186
-0.000223718
-0.00067502
-0.000591665
-5.82188e-05
-0.000845676
-0.000374079
-0.000750164
-0.000723805
0.000151877
-0.000100055
-0.000190714
0.000313682
0.000361753
0.000126237
-1.98312e-05
-1.12484e-05
0.000204952
0.000616646
0.00134052
0.00255959
-0.000242237
-0.000725524
-0.00063118
-9.31671e-05
-0.000866437
-0.000426675
-0.000789092
-0.000866536
1.07748e-05
-0.000176931
-0.000377262
8.48959e-05
0.000153495
-0.000147001
-0.000380727
-0.000421557
-0.00022608
0.000191308
0.000934457
0.00217902
-0.000262883
-0.000773479
-0.000676154
-0.000132885
-0.000885774
-0.00048518
-0.000830537
-0.00100763
-0.00014767
-0.00025991
-0.000560383
-0.000160734
-6.52676e-05
-0.000417319
-0.000739245
-0.000839836
-0.00065611
-0.000222515
0.00053778
0.00179994
-0.000284937
-0.000819152
-0.000725957
-0.000177283
-0.000906157
-0.000548679
-0.000874253
-0.00114665
-0.000319644
-0.000355452
-0.00073799
-0.000416033
-0.00030562
-0.00068967
-0.0010887
-0.00125235
-0.00108687
-0.000645564
0.000139335
0.00143634
-0.000309044
-0.000862542
-0.000779554
-0.000228175
-0.000928367
-0.000616404
-0.000921784
-0.00128159
-0.000505425
-0.000464831
-0.000911274
-0.000683695
-0.000561756
-0.000960848
-0.00142723
-0.00165847
-0.00152377
-0.00107566
-0.000250408
0.0010828
-0.000335101
-0.000903278
-0.00083692
-0.000286142
-0.000953263
-0.000689147
-0.00097375
-0.00141197
-0.000702877
-0.000590401
-0.00108084
-0.000954593
-0.000833927
-0.00123907
-0.00175868
-0.00206054
-0.00196212
-0.00150811
-0.000648146
0.000731771
-0.000363306
-0.000941436
-0.000897133
-0.000351644
-0.000982699
-0.000766117
-0.00103044
-0.00153759
-0.000909559
-0.000732487
-0.00124817
-0.00122978
-0.00112328
-0.00152795
-0.00208424
-0.00244967
-0.00239497
-0.00194401
-0.00104978
0.000384774
-0.000393991
-0.00097689
-0.000959535
-0.000425077
-0.00101783
-0.000848383
-0.00109311
-0.00165838
-0.00112292
-0.000892186
-0.00141607
-0.00150637
-0.00142458
-0.00182475
-0.00240486
-0.00282745
-0.00282359
-0.00238004
-0.00145936
2.91386e-05
-0.000427299
-0.00100956
-0.00102332
-0.000506516
-0.00105984
-0.000937405
-0.00116283
-0.00177455
-0.00133939
-0.0010694
-0.0015857
-0.00178074
-0.0017365
-0.0021332
-0.00272863
-0.00319526
-0.00324206
-0.00281524
-0.00187913
-0.000329979
-0.000463325
-0.00103953
-0.00108761
-0.000596638
-0.00110961
-0.00103351
-0.00124238
-0.00188595
-0.00155657
-0.00126209
-0.00175927
-0.00205419
-0.00205723
-0.00245246
-0.00305581
-0.00355203
-0.0036485
-0.00324511
-0.00229892
-0.000693442
-0.00050191
-0.00106715
-0.00115144
-0.000694704
-0.00116806
-0.00113669
-0.00133427
-0.00199429
-0.00177133
-0.00146936
-0.00193857
-0.0023243
-0.0023843
-0.00277897
-0.00338943
-0.00390331
-0.00404196
-0.00366535
-0.00271673
-0.00106285
-0.000543759
-0.00109219
-0.00121411
-0.000800638
-0.00123451
-0.00125279
-0.00143664
-0.00210046
-0.00198316
-0.00168949
-0.00212579
-0.00259169
-0.00271557
-0.00311264
-0.00372947
-0.00425103
-0.00442469
-0.0040761
-0.00312626
-0.00142996
-0.000588327
-0.00111643
-0.00127416
-0.000914408
-0.00131928
-0.0013718
-0.00154526
-0.00220604
-0.0021925
-0.00192256
-0.00232259
-0.00285553
-0.00305041
-0.00345062
-0.0040731
-0.00460162
-0.00480099
-0.00447254
-0.00352044
-0.0017934
-0.000635506
-0.00114195
-0.00133481
-0.00103478
-0.00141122
-0.00149277
-0.0016598
-0.00231447
-0.00240112
-0.00216774
-0.00253044
-0.00311737
-0.00338722
-0.00379181
-0.00441981
-0.00495626
-0.00516976
-0.00485476
-0.00390177
-0.0021517
-0.000685606
-0.00116916
-0.00139973
-0.00115913
-0.00151069
-0.00161702
-0.00178225
-0.00242879
-0.00260967
-0.00242342
-0.00275048
-0.00337757
-0.00372438
-0.00413648
-0.00476637
-0.00531185
-0.00553462
-0.00522967
-0.00427247
-0.00250062
-0.000738657
-0.00119932
-0.00146134
-0.00128601
-0.00161801
-0.00174643
-0.00191334
-0.00254942
-0.00281743
-0.00268832
-0.00298345
-0.00363644
-0.00406051
-0.00448577
-0.00511167
-0.00566573
-0.00589792
-0.00559994
-0.0046326
-0.00283913
-0.000794746
-0.00123287
-0.00152321
-0.00141457
-0.00173317
-0.00188185
-0.00205306
-0.00267658
-0.00302432
-0.00296094
-0.00322949
-0.00389513
-0.00439406
-0.00483956
-0.00545549
-0.00601547
-0.00625947
-0.00596706
-0.0049866
-0.00317103
-0.000853916
-0.00127018
-0.0015855
-0.0015441
-0.00185588
-0.00202394
-0.00220188
-0.00281084
-0.00322971
-0.00323944
-0.00348885
-0.00415483
-0.00472313
-0.00519679
-0.00580014
-0.00636115
-0.00661691
-0.00633176
-0.00533999
-0.00349956
-0.000916119
-0.00131167
-0.00164867
-0.00167394
-0.00198589
-0.00217344
-0.00235988
-0.00295206
-0.00343316
-0.00352252
-0.00376165
-0.00441712
-0.00504704
-0.00555631
-0.00614816
-0.00670314
-0.00696704
-0.00669211
-0.00569326
-0.00382714
-0.000981318
-0.00135771
-0.00171322
-0.00180367
-0.00212263
-0.00233037
-0.0025269
-0.00310114
-0.00363509
-0.0038081
-0.0040478
-0.00468455
-0.00536506
-0.00591561
-0.0065002
-0.00704257
-0.00730894
-0.0070454
-0.00604528
-0.00415633
-0.00104942
-0.00140862
-0.00177982
-0.00193298
-0.00226529
-0.00249436
-0.00270308
-0.00325964
-0.0038358
-0.00409371
-0.00434687
-0.00495902
-0.00567684
-0.0062722
-0.00685544
-0.00738145
-0.00764458
-0.00739096
-0.00639392
-0.00448635
-0.00112034
-0.00146458
-0.00184923
-0.00206173
-0.00241287
-0.00266536
-0.00288863
-0.00342843
-0.00403607
-0.00437705
-0.00465665
-0.00524243
-0.00598388
-0.00662387
-0.00721249
-0.00772264
-0.00797695
-0.00772837
-0.00673554
-0.00481441
-0.00119405
-0.00152569
-0.00192206
-0.00219005
-0.00256461
-0.00284285
-0.00308327
-0.00360815
-0.00423742
-0.0046562
-0.00497425
-0.00553689
-0.00628836
-0.00696897
-0.00756959
-0.00806689
-0.00830778
-0.00805849
-0.00706869
-0.00513865
-0.00127047
-0.00159202
-0.00199889
-0.00231821
-0.00271986
-0.00302618
-0.00328637
-0.00379932
-0.00444156
-0.00492991
-0.00529656
-0.00584335
-0.00659304
-0.00730692
-0.00792412
-0.00841326
-0.00863943
-0.00838419
-0.0073941
-0.00545795
-0.00134956
-0.00166347
-0.0020803
-0.00244668
-0.00287783
-0.0032148
-0.0034975
-0.00400194
-0.00465018
-0.00519784
-0.00562018
-0.00616109
-0.00690047
-0.00763833
-0.00827438
-0.00876097
-0.00897347
-0.00870795
-0.00771356
-0.00577219
-0.00143131
-0.00173992
-0.00216669
-0.00257595
-0.00303817
-0.00340787
-0.00371549
-0.0042159
-0.00486531
-0.00546087
-0.00594177
-0.00648756
-0.00721301
-0.00796533
-0.00861979
-0.00910818
-0.0093098
-0.00903213
-0.00803021
-0.00608298
-0.00151569
-0.00182121
-0.00225834
-0.00270657
-0.00320062
-0.00360477
-0.0039392
-0.00444042
-0.00508872
-0.00572031
-0.0062589
-0.00682004
-0.00753256
-0.00829038
-0.00895976
-0.00945289
-0.0096475
-0.0093584
-0.00834708
-0.00639219
-0.00160272
-0.00190714
-0.00235531
-0.00283922
-0.00336495
-0.00380477
-0.0041679
-0.00467427
-0.00532145
-0.00597826
-0.00657043
-0.00715569
-0.00785894
-0.00861554
-0.00929483
-0.00979403
-0.00998544
-0.00968742
-0.0086662
-0.00670177
-0.00169244
-0.00199739
-0.00245768
-0.00297432
-0.00353079
-0.0040076
-0.00440078
-0.00491572
-0.00556413
-0.00623711
-0.00687589
-0.00749149
-0.00819092
-0.00894269
-0.00962688
-0.0101316
-0.0103225
-0.0100185
-0.00898822
-0.00701324
-0.0017849
-0.00209172
-0.00256516
-0.00311237
-0.00369819
-0.00421263
-0.0046373
-0.005163
-0.00581655
-0.00649916
-0.00717543
-0.0078257
-0.00852718
-0.00927303
-0.00995763
-0.0104662
-0.0106575
-0.0103503
-0.00931285
-0.00732726
-0.00188008
-0.00219001
-0.00267738
-0.00325359
-0.00386738
-0.00441923
-0.00487684
-0.00541459
-0.00607725
-0.00676679
-0.0074704
-0.00815639
-0.00886573
-0.0096071
-0.0102888
-0.0107987
-0.0109907
-0.0106819
-0.00963944
-0.00764438
-0.00197795
-0.00229184
-0.00279399
-0.00339821
-0.00403839
-0.00462676
-0.00511922
-0.00566948
-0.00634395
-0.00704134
-0.00776231
-0.00848182
-0.00920452
-0.00994532
-0.010623
-0.0111318
-0.0113231
-0.0110128
-0.00996659
-0.00796376
-0.00207843
-0.00239708
-0.00291457
-0.00354595
-0.0042115
-0.00483443
-0.00536373
-0.0059277
-0.00661426
-0.00732314
-0.00805333
-0.0088017
-0.00954186
-0.0102858
-0.0109611
-0.0114675
-0.0116573
-0.0113443
-0.0102946
-0.00828494
-0.0021813
-0.00250546
-0.00303871
-0.00369642
-0.00438692
-0.00504208
-0.00560893
-0.00618873
-0.00688631
-0.00761184
-0.00834743
-0.00911715
-0.00987619
-0.0106255
-0.0113007
-0.0118055
-0.0119945
-0.0116792
-0.0106261
-0.00861021
-0.00228643
-0.00261663
-0.00316576
-0.00384916
-0.00456486
-0.00524983
-0.00585326
-0.0064519
-0.00715809
-0.00790475
-0.00864764
-0.00943072
-0.0102079
-0.0109642
-0.0116412
-0.0121446
-0.0123336
-0.0120171
-0.0109618
-0.00894107
-0.0023936
-0.00273022
-0.00329529
-0.0040033
-0.00474457
-0.00545837
-0.00609633
-0.00671704
-0.00742882
-0.00819619
-0.00895258
-0.00974506
-0.0105387
-0.0113037
-0.0119847
-0.012487
-0.0126754
-0.0123573
-0.0113001
-0.00927535
-0.00250257
-0.00284579
-0.00342673
-0.00415811
-0.00492489
-0.0056674
-0.00633776
-0.00698354
-0.00770087
-0.00848401
-0.00925743
-0.0100586
-0.0108676
-0.0116429
-0.012331
-0.012835
-0.013024
-0.0127053
-0.0116454
-0.00961584
-0.00261297
-0.00296283
-0.00355936
-0.00431315
-0.0051054
-0.00587634
-0.00657611
-0.00724871
-0.00797589
-0.008771
-0.00956156
-0.0103694
-0.0111915
-0.0119782
-0.0126751
-0.0131856
-0.0133791
-0.0130632
-0.0120025
-0.00996849
-0.00272425
-0.0030806
-0.0036925
-0.00446751
-0.00528516
-0.00608489
-0.00681193
-0.00750978
-0.00825043
-0.00905651
-0.00986555
-0.0106807
-0.0115126
-0.0123109
-0.013017
-0.0135359
-0.013737
-0.0134277
-0.0123695
-0.010333
-0.00283615
-0.00319807
-0.00382494
-0.0046197
-0.00546265
-0.0062925
-0.00704625
-0.00776734
-0.00852236
-0.00933734
-0.0101646
-0.0109906
-0.0118313
-0.0126412
-0.0133571
-0.0138857
-0.014096
-0.0137955
-0.0127443
-0.0107126
-0.00294889
-0.00331492
-0.00395611
-0.00477015
-0.00563652
-0.00649658
-0.00727827
-0.00802097
-0.00879253
-0.00961586
-0.0104578
-0.0112978
-0.0121481
-0.0129695
-0.0136965
-0.0142366
-0.0144556
-0.0141641
-0.0131222
-0.0111004
-0.00306099
-0.00342744
-0.00408215
-0.00491894
-0.00580909
-0.00669617
-0.00750817
-0.00827066
-0.00905771
-0.00989066
-0.0107444
-0.0116007
-0.0124633
-0.013298
-0.0140397
-0.014594
-0.0148242
-0.0145422
-0.0135089
-0.0114941
-0.00317684
-0.00353386
-0.00419386
-0.00505696
-0.00597915
-0.00689084
-0.0077322
-0.00851534
-0.00931474
-0.0101553
-0.0110192
-0.0118913
-0.0127676
-0.013621
-0.0143881
-0.0149691
-0.0152216
-0.0149521
-0.0139228
-0.0119057
-0.00330137
-0.00364651
-0.0043023
-0.0051885
-0.00614347
-0.00708253
-0.00794818
-0.0087509
-0.00955135
-0.010391
-0.0112649
-0.0121532
-0.0130463
-0.0139233
-0.0147203
-0.0153404
-0.0156431
-0.0154189
-0.0144277
-0.0124439
-0.00337273
-0.00373477
-0.00442471
-0.00532686
-0.0062992
-0.00728599
-0.00819654
-0.00900243
-0.00977473
-0.0105919
-0.0114582
-0.0123416
-0.0132358
-0.0141095
-0.0149052
-0.0155492
-0.0159027
-0.0157756
-0.0149125
-0.0130694
-0.00351919
-0.003841
-0.00454247
-0.00538961
-0.00635655
-0.00743721
-0.00846006
-0.00930574
-0.0101008
-0.0109052
-0.0117848
-0.0126772
-0.0135781
-0.0144336
-0.0151765
-0.0157022
-0.0159245
-0.0156911
-0.0147758
-0.0129187
-0.00350192
-0.00396547
-0.00465756
-0.00557729
-0.00660066
-0.00761586
-0.00850123
-0.00925993
-0.0100297
-0.0108604
-0.0117612
-0.0127086
-0.0136726
-0.0146714
-0.0157044
-0.0166579
-0.0173404
-0.0175087
-0.0169204
-0.0152969
-0.00335077
-0.00413916
-0.00491484
-0.00585486
-0.00681375
-0.00788896
-0.00892141
-0.0097423
-0.0104697
-0.0113313
-0.0122556
-0.0131363
-0.0137701
-0.0140171
-0.0138298
-0.0133091
-0.0126423
-0.012133
-0.0121271
-0.0130037
-0.0034397
-0.0041694
-0.00501365
-0.00588762
-0.00674465
-0.0076099
-0.00839279
-0.00921278
-0.0101081
-0.0110887
-0.0121777
-0.013359
-0.0146026
-0.0159134
-0.0172199
-0.0184188
-0.019346
-0.0197731
-0.0194194
-0.0180418
-0.00332814
-0.00426732
-0.00512705
-0.00602829
-0.00690301
-0.00789841
-0.00892833
-0.0100096
-0.0110034
-0.0117661
-0.0125176
-0.013415
-0.0142803
-0.0148899
-0.015109
-0.0149493
-0.0145496
-0.0142136
-0.0143293
-0.0152537
-0.00337988
-0.00432883
-0.00519593
-0.00602251
-0.00674055
-0.007514
-0.00812153
-0.00890267
-0.00985117
-0.0110223
-0.0124701
-0.0142412
-0.016221
-0.0182433
-0.020111
-0.0216648
-0.022735
-0.0231317
-0.0226252
-0.021017
0.0337054
0.00690379
-0.0039482
-0.00566117
-0.0063044
-0.00760133
-0.00926238
-0.0107573
-0.0117983
-0.0125524
-0.0134009
-0.0144286
-0.0154446
-0.0164006
-0.0174048
-0.0184272
-0.0194026
-0.0204447
-0.0216084
-0.0227502
-0.0238528
-0.0249898
-0.0261494
-0.027353
-0.0285916
-0.0298533
-0.0311363
-0.0324747
-0.0338608
-0.0353095
-0.0367955
-0.0383091
-0.0398737
-0.0415029
-0.0432416
-0.0450098
-0.0468799
-0.0488029
-0.0508351
-0.0529171
-0.0550812
-0.0573647
-0.0596975
-0.0621744
-0.0646553
-0.0672719
-0.0699933
-0.0727545
-0.0754963
-0.078324
0.0327637
0.00694909
-0.0039085
-0.00564297
-0.00629366
-0.00759442
-0.00925761
-0.0107538
-0.0117957
-0.0125503
-0.013399
-0.0144269
-0.0154431
-0.0163992
-0.0174036
-0.0184262
-0.0194016
-0.0204438
-0.0216077
-0.0227495
-0.0238522
-0.0249893
-0.026149
-0.0273526
-0.0285912
-0.029853
-0.031136
-0.0324744
-0.0338606
-0.0353092
-0.0367952
-0.0383089
-0.0398735
-0.0415027
-0.0432414
-0.0450096
-0.0468797
-0.0488027
-0.050835
-0.052917
-0.0550811
-0.0573645
-0.0596974
-0.0621743
-0.0646552
-0.0672718
-0.0699932
-0.0727545
-0.0754963
-0.0783239
0.0319774
0.00705267
-0.00384362
-0.00562243
-0.00628228
-0.00758701
-0.00925279
-0.0107506
-0.0117933
-0.0125483
-0.0133972
-0.0144254
-0.0154417
-0.016398
-0.0174025
-0.0184252
-0.0194008
-0.020443
-0.021607
-0.022749
-0.0238517
-0.0249888
-0.0261485
-0.0273522
-0.0285909
-0.0298527
-0.0311357
-0.0324741
-0.0338603
-0.035309
-0.036795
-0.0383087
-0.0398734
-0.0415025
-0.0432412
-0.0450095
-0.0468796
-0.0488026
-0.0508349
-0.0529169
-0.055081
-0.0573644
-0.0596973
-0.0621742
-0.0646551
-0.0672717
-0.0699931
-0.0727544
-0.0754962
-0.0783239
0.031262
0.0071871
-0.00375104
-0.00559553
-0.00626793
-0.00757735
-0.0092465
-0.0107463
-0.0117903
-0.012546
-0.0133954
-0.0144238
-0.0154404
-0.0163968
-0.0174014
-0.0184243
-0.0193999
-0.0204422
-0.0216063
-0.0227484
-0.0238512
-0.0249884
-0.0261481
-0.0273518
-0.0285906
-0.0298524
-0.0311354
-0.0324739
-0.0338601
-0.0353088
-0.0367948
-0.0383085
-0.0398732
-0.0415023
-0.0432411
-0.0450093
-0.0468794
-0.0488025
-0.0508348
-0.0529168
-0.0550808
-0.0573643
-0.0596972
-0.0621741
-0.0646551
-0.0672717
-0.0699931
-0.0727544
-0.0754962
-0.0783239
0.0305389
0.00732926
-0.00363901
-0.00556273
-0.00624992
-0.00756437
-0.00923761
-0.0107402
-0.0117861
-0.0125432
-0.0133933
-0.0144221
-0.0154389
-0.0163955
-0.0174003
-0.0184232
-0.0193989
-0.0204413
-0.0216056
-0.0227478
-0.0238506
-0.0249879
-0.0261477
-0.0273514
-0.0285902
-0.029852
-0.0311351
-0.0324736
-0.0338599
-0.0353086
-0.0367946
-0.0383083
-0.039873
-0.0415022
-0.0432409
-0.0450092
-0.0468793
-0.0488023
-0.0508346
-0.0529167
-0.0550807
-0.0573642
-0.0596971
-0.062174
-0.064655
-0.0672716
-0.069993
-0.0727543
-0.0754962
-0.0783239
0.0297962
0.00747243
-0.00351604
-0.00552729
-0.00622957
-0.00754844
-0.00922591
-0.0107315
-0.0117802
-0.0125396
-0.0133908
-0.01442
-0.0154371
-0.0163941
-0.017399
-0.0184221
-0.0193978
-0.0204402
-0.0216047
-0.0227471
-0.02385
-0.0249873
-0.0261471
-0.027351
-0.0285898
-0.0298517
-0.0311348
-0.0324733
-0.0338596
-0.0353083
-0.0367944
-0.0383081
-0.0398728
-0.041502
-0.0432407
-0.045009
-0.0468791
-0.0488022
-0.0508345
-0.0529165
-0.0550806
-0.0573641
-0.059697
-0.0621739
-0.0646549
-0.0672715
-0.0699929
-0.0727542
-0.0754963
-0.0783239
0.0290383
0.0076147
-0.0033865
-0.00549147
-0.00620844
-0.00753064
-0.00921197
-0.0107205
-0.0117725
-0.012535
-0.0133879
-0.0144174
-0.0154349
-0.0163923
-0.0173976
-0.0184209
-0.0193965
-0.020439
-0.0216037
-0.0227462
-0.0238492
-0.0249866
-0.0261466
-0.0273504
-0.0285893
-0.0298512
-0.0311344
-0.0324729
-0.0338593
-0.0353081
-0.0367942
-0.0383079
-0.0398726
-0.0415018
-0.0432405
-0.0450088
-0.046879
-0.048802
-0.0508344
-0.0529164
-0.0550805
-0.057364
-0.0596969
-0.0621738
-0.0646548
-0.0672714
-0.0699928
-0.0727542
-0.0754963
-0.0783239
0.0282702
0.00775447
-0.00325172
-0.00545609
-0.00618747
-0.00751192
-0.00919665
-0.0107077
-0.0117632
-0.0125296
-0.0133845
-0.0144145
-0.0154321
-0.0163902
-0.017396
-0.0184195
-0.0193951
-0.0204376
-0.0216025
-0.0227452
-0.0238483
-0.0249858
-0.0261459
-0.0273498
-0.0285887
-0.0298507
-0.0311339
-0.0324725
-0.033859
-0.0353078
-0.0367939
-0.0383077
-0.0398724
-0.0415016
-0.0432404
-0.0450087
-0.0468788
-0.0488019
-0.0508342
-0.0529163
-0.0550804
-0.0573639
-0.0596968
-0.0621737
-0.0646547
-0.0672713
-0.0699928
-0.0727541
-0.0754964
-0.0783239
0.027495
0.00789035
-0.00311149
-0.00542108
-0.00616704
-0.00749275
-0.00918055
-0.0106939
-0.0117528
-0.0125235
-0.0133809
-0.0144111
-0.0154288
-0.0163875
-0.0173941
-0.018418
-0.0193937
-0.020436
-0.0216012
-0.022744
-0.0238472
-0.0249849
-0.026145
-0.027349
-0.0285881
-0.0298501
-0.0311334
-0.0324721
-0.0338586
-0.0353075
-0.0367937
-0.0383075
-0.0398721
-0.0415013
-0.0432402
-0.0450085
-0.0468786
-0.0488017
-0.0508341
-0.0529161
-0.0550802
-0.0573638
-0.0596967
-0.0621736
-0.0646546
-0.0672712
-0.0699927
-0.0727541
-0.0754965
-0.0783239
0.0267147
0.00802139
-0.00296506
-0.00538615
-0.00614735
-0.00747335
-0.00916396
-0.0106794
-0.0117416
-0.0125168
-0.0133771
-0.0144076
-0.0154251
-0.0163843
-0.0173917
-0.0184163
-0.0193922
-0.0204345
-0.0215997
-0.0227426
-0.0238459
-0.0249838
-0.0261441
-0.0273481
-0.0285873
-0.0298494
-0.0311327
-0.0324715
-0.0338581
-0.0353071
-0.0367934
-0.0383072
-0.0398719
-0.0415011
-0.0432399
-0.0450083
-0.0468784
-0.0488015
-0.0508339
-0.052916
-0.0550801
-0.0573636
-0.0596966
-0.0621735
-0.0646545
-0.0672711
-0.0699926
-0.072754
-0.0754966
-0.078324
0.0259315
0.0081468
-0.00281185
-0.00535094
-0.00612856
-0.00745385
-0.00914699
-0.0106646
-0.0117299
-0.0125099
-0.0133731
-0.0144039
-0.0154211
-0.0163807
-0.0173888
-0.0184144
-0.0193907
-0.020433
-0.0215982
-0.0227411
-0.0238445
-0.0249826
-0.0261429
-0.027347
-0.0285863
-0.0298485
-0.031132
-0.0324708
-0.0338575
-0.0353066
-0.036793
-0.0383069
-0.0398716
-0.0415008
-0.0432397
-0.0450081
-0.0468782
-0.0488013
-0.0508337
-0.0529158
-0.0550799
-0.0573635
-0.0596965
-0.0621734
-0.0646544
-0.0672709
-0.0699925
-0.0727539
-0.0754966
-0.078324
0.0251475
0.00826571
-0.0026515
-0.00531513
-0.00611081
-0.00743434
-0.00912967
-0.0106494
-0.0117179
-0.0125026
-0.013369
-0.0144001
-0.015417
-0.0163767
-0.0173856
-0.0184122
-0.0193892
-0.0204316
-0.0215968
-0.0227396
-0.0238429
-0.0249812
-0.0261417
-0.0273458
-0.0285852
-0.0298475
-0.0311311
-0.03247
-0.0338568
-0.035306
-0.0367926
-0.0383066
-0.0398713
-0.0415006
-0.0432395
-0.0450078
-0.046878
-0.0488011
-0.0508335
-0.0529156
-0.0550797
-0.0573633
-0.0596963
-0.0621732
-0.0646542
-0.0672708
-0.0699923
-0.0727538
-0.0754967
-0.078324
0.0243643
0.00837716
-0.00248385
-0.00527833
-0.00609421
-0.00741491
-0.00911206
-0.0106339
-0.0117055
-0.012495
-0.0133647
-0.0143963
-0.0154127
-0.0163727
-0.0173821
-0.0184098
-0.0193878
-0.0204304
-0.0215955
-0.022738
-0.0238413
-0.0249797
-0.0261403
-0.0273445
-0.0285839
-0.0298464
-0.0311301
-0.0324691
-0.0338559
-0.0353053
-0.0367921
-0.0383063
-0.0398711
-0.0415003
-0.0432392
-0.0450076
-0.0468778
-0.0488009
-0.0508333
-0.0529154
-0.0550795
-0.0573631
-0.0596961
-0.0621731
-0.0646541
-0.0672707
-0.0699922
-0.0727537
-0.0754968
-0.0783241
0.0235835
0.00848011
-0.00230884
-0.00524006
-0.00607886
-0.00739567
-0.00909419
-0.0106182
-0.0116929
-0.0124872
-0.0133604
-0.0143924
-0.0154085
-0.0163686
-0.0173785
-0.0184073
-0.0193865
-0.0204294
-0.0215944
-0.0227365
-0.0238396
-0.0249782
-0.0261388
-0.027343
-0.0285824
-0.0298451
-0.0311291
-0.0324682
-0.033855
-0.0353045
-0.0367915
-0.0383059
-0.0398708
-0.0414999
-0.043239
-0.0450074
-0.0468776
-0.0488006
-0.050833
-0.0529151
-0.0550793
-0.0573629
-0.0596959
-0.0621729
-0.064654
-0.0672705
-0.0699921
-0.0727535
-0.0754969
-0.0783241
0.0228065
0.00857344
-0.00212655
-0.00519973
-0.00606484
-0.00737671
-0.00907608
-0.0106022
-0.0116801
-0.0124792
-0.0133559
-0.0143885
-0.0154041
-0.0163644
-0.017375
-0.0184047
-0.0193853
-0.0204287
-0.0215934
-0.022735
-0.0238378
-0.0249766
-0.0261372
-0.0273414
-0.0285809
-0.0298436
-0.0311279
-0.0324672
-0.033854
-0.0353035
-0.0367907
-0.0383055
-0.0398704
-0.0414996
-0.0432387
-0.0450072
-0.0468773
-0.0488004
-0.0508328
-0.0529149
-0.055079
-0.0573627
-0.0596957
-0.0621727
-0.0646538
-0.0672703
-0.0699919
-0.0727534
-0.0754969
-0.0783241
0.0220343
0.00865602
-0.00193717
-0.00515672
-0.0060522
-0.00735818
-0.00905777
-0.010586
-0.011667
-0.012471
-0.0133513
-0.0143845
-0.0153997
-0.0163602
-0.0173714
-0.0184022
-0.0193843
-0.0204282
-0.0215925
-0.0227336
-0.023836
-0.0249749
-0.0261356
-0.0273398
-0.0285793
-0.0298421
-0.0311266
-0.0324662
-0.033853
-0.0353024
-0.0367898
-0.0383049
-0.0398701
-0.0414993
-0.0432384
-0.0450069
-0.0468771
-0.0488002
-0.0508325
-0.0529146
-0.0550787
-0.0573624
-0.0596954
-0.0621725
-0.0646536
-0.0672701
-0.0699918
-0.0727532
-0.0754969
-0.0783241
0.0212681
0.00872664
-0.00174104
-0.00511037
-0.00604099
-0.00734023
-0.00903928
-0.0105696
-0.0116537
-0.0124626
-0.0133466
-0.0143804
-0.0153952
-0.016356
-0.0173678
-0.0183996
-0.0193834
-0.0204281
-0.0215917
-0.0227321
-0.0238342
-0.0249732
-0.026134
-0.0273382
-0.0285776
-0.0298404
-0.0311252
-0.0324651
-0.0338519
-0.0353013
-0.0367887
-0.0383043
-0.0398698
-0.041499
-0.043238
-0.0450067
-0.0468769
-0.0487999
-0.0508323
-0.0529144
-0.0550784
-0.057362
-0.0596951
-0.0621722
-0.0646534
-0.0672699
-0.0699916
-0.072753
-0.0754969
-0.078324
0.0205089
0.00878408
-0.00153863
-0.00506002
-0.00603124
-0.00732304
-0.00902063
-0.0105529
-0.0116401
-0.0124538
-0.0133418
-0.0143763
-0.0153906
-0.0163516
-0.0173643
-0.0183971
-0.0193826
-0.0204281
-0.0215909
-0.0227306
-0.0238323
-0.0249715
-0.0261323
-0.0273364
-0.028576
-0.0298387
-0.0311238
-0.032464
-0.0338509
-0.0353001
-0.0367876
-0.0383035
-0.0398695
-0.0414987
-0.0432377
-0.0450064
-0.0468767
-0.0487997
-0.050832
-0.0529141
-0.0550781
-0.0573617
-0.0596947
-0.0621718
-0.0646531
-0.0672696
-0.0699913
-0.0727528
-0.0754969
-0.0783239
0.0197576
0.00882705
-0.00133061
-0.00500496
-0.00602291
-0.00730681
-0.00900184
-0.0105359
-0.011626
-0.0124447
-0.0133368
-0.0143722
-0.015386
-0.0163472
-0.0173606
-0.0183944
-0.0193818
-0.0204283
-0.0215899
-0.0227289
-0.0238303
-0.0249697
-0.0261306
-0.0273347
-0.0285742
-0.029837
-0.0311223
-0.0324629
-0.0338499
-0.035299
-0.0367864
-0.0383026
-0.0398692
-0.0414985
-0.0432373
-0.0450061
-0.0468765
-0.0487995
-0.0508317
-0.0529138
-0.0550779
-0.0573613
-0.0596942
-0.0621714
-0.0646528
-0.0672693
-0.0699911
-0.0727526
-0.0754969
-0.0783239
0.0190153
0.00885436
-0.00111774
-0.00494448
-0.00601594
-0.00729179
-0.00898294
-0.0105184
-0.0116114
-0.0124351
-0.0133315
-0.0143681
-0.0153813
-0.0163426
-0.0173567
-0.0183914
-0.0193808
-0.0204284
-0.0215886
-0.022727
-0.0238282
-0.0249678
-0.0261288
-0.0273329
-0.0285724
-0.0298353
-0.0311208
-0.0324618
-0.0338488
-0.0352978
-0.0367852
-0.0383017
-0.0398688
-0.0414983
-0.043237
-0.0450057
-0.0468763
-0.0487992
-0.0508314
-0.0529136
-0.0550776
-0.057361
-0.0596937
-0.0621709
-0.0646524
-0.067269
-0.0699908
-0.0727524
-0.0754968
-0.0783238
0.0182828
0.00886485
-0.000900919
-0.00487783
-0.00601017
-0.00727819
-0.00896403
-0.0105004
-0.0115961
-0.0124249
-0.0133259
-0.0143639
-0.0153766
-0.0163379
-0.0173527
-0.0183881
-0.0193796
-0.0204283
-0.021587
-0.0227248
-0.0238261
-0.0249659
-0.0261271
-0.0273311
-0.0285706
-0.0298336
-0.0311193
-0.0324606
-0.0338476
-0.0352966
-0.0367839
-0.0383007
-0.0398685
-0.0414981
-0.0432366
-0.0450054
-0.0468761
-0.048799
-0.0508311
-0.0529133
-0.0550773
-0.0573606
-0.0596932
-0.0621704
-0.064652
-0.0672687
-0.0699905
-0.0727521
-0.0754968
-0.0783237
0.0175612
0.00885747
-0.000681171
-0.00480431
-0.00600541
-0.00726628
-0.00894524
-0.010482
-0.0115802
-0.012414
-0.0133199
-0.0143597
-0.0153718
-0.0163331
-0.0173484
-0.0183845
-0.0193781
-0.0204279
-0.0215849
-0.0227223
-0.0238239
-0.0249639
-0.0261254
-0.0273293
-0.0285686
-0.0298319
-0.0311178
-0.0324594
-0.0338464
-0.0352953
-0.0367827
-0.0382997
-0.0398681
-0.0414979
-0.0432362
-0.045005
-0.0468758
-0.0487988
-0.0508307
-0.0529129
-0.0550771
-0.0573603
-0.0596927
-0.0621698
-0.0646515
-0.0672683
-0.0699901
-0.0727518
-0.0754967
-0.0783237
0.0168517
0.00883138
-0.000459653
-0.00472324
-0.00600136
-0.00725629
-0.00892678
-0.0104631
-0.0115636
-0.0124026
-0.0133137
-0.0143554
-0.0153669
-0.0163282
-0.0173438
-0.0183805
-0.0193764
-0.0204271
-0.0215824
-0.0227194
-0.0238216
-0.0249617
-0.0261236
-0.0273275
-0.0285666
-0.0298302
-0.0311164
-0.0324582
-0.0338451
-0.035294
-0.0367814
-0.0382986
-0.0398678
-0.0414977
-0.0432359
-0.0450046
-0.0468756
-0.0487986
-0.0508304
-0.0529126
-0.0550768
-0.05736
-0.0596922
-0.0621692
-0.064651
-0.0672679
-0.0699898
-0.0727514
-0.0754967
-0.0783237
0.0161553
0.00878598
-0.000237654
-0.00463402
-0.00599767
-0.00724847
-0.00890888
-0.0104439
-0.0115466
-0.0123907
-0.0133071
-0.0143509
-0.0153619
-0.0163231
-0.0173391
-0.0183762
-0.0193743
-0.0204259
-0.0215794
-0.0227161
-0.0238192
-0.0249595
-0.0261219
-0.0273257
-0.0285645
-0.0298284
-0.0311149
-0.032457
-0.0338437
-0.0352926
-0.03678
-0.0382976
-0.0398674
-0.0414976
-0.0432355
-0.0450042
-0.0468754
-0.0487984
-0.0508301
-0.0529123
-0.0550765
-0.0573597
-0.0596916
-0.0621685
-0.0646504
-0.0672675
-0.0699894
-0.072751
-0.0754967
-0.0783237
0.0154731
0.00872082
-1.66246e-05
-0.00453616
-0.00599386
-0.00724304
-0.00889182
-0.0104246
-0.0115291
-0.0123784
-0.0133003
-0.0143463
-0.0153568
-0.0163179
-0.0173342
-0.0183717
-0.0193721
-0.0204246
-0.0215761
-0.0227125
-0.0238169
-0.0249572
-0.02612
-0.0273238
-0.0285624
-0.0298266
-0.0311134
-0.0324557
-0.0338423
-0.0352911
-0.0367786
-0.0382965
-0.0398669
-0.0414974
-0.0432351
-0.0450038
-0.0468751
-0.0487982
-0.0508297
-0.0529119
-0.0550763
-0.0573594
-0.0596911
-0.0621678
-0.0646498
-0.0672671
-0.069989
-0.0727506
-0.0754966
-0.0783237
0.0148066
0.00863587
0.000201831
-0.00442936
-0.00598935
-0.00724013
-0.00887588
-0.0104052
-0.0115113
-0.0123657
-0.0132932
-0.0143416
-0.0153517
-0.0163125
-0.0173292
-0.018367
-0.0193697
-0.020423
-0.0215725
-0.0227087
-0.0238144
-0.0249548
-0.0261181
-0.027322
-0.0285602
-0.0298247
-0.0311119
-0.0324544
-0.0338408
-0.0352896
-0.036777
-0.0382953
-0.0398664
-0.0414972
-0.0432346
-0.0450034
-0.0468749
-0.0487979
-0.0508294
-0.0529116
-0.055076
-0.057359
-0.0596905
-0.0621671
-0.0646492
-0.0672666
-0.0699886
-0.0727502
-0.0754966
-0.0783238
0.0141555
0.00853126
0.000416035
-0.00431355
-0.00598348
-0.00723987
-0.00886142
-0.0103859
-0.0114932
-0.0123526
-0.0132859
-0.0143367
-0.0153463
-0.016307
-0.0173241
-0.0183623
-0.0193671
-0.0204214
-0.0215687
-0.0227047
-0.0238119
-0.0249523
-0.026116
-0.0273201
-0.0285579
-0.0298227
-0.0311103
-0.032453
-0.0338392
-0.035288
-0.0367755
-0.0382941
-0.0398658
-0.0414969
-0.0432342
-0.045003
-0.0468746
-0.0487976
-0.050829
-0.0529113
-0.0550757
-0.0573587
-0.0596899
-0.0621664
-0.0646485
-0.0672662
-0.0699882
-0.0727498
-0.0754966
-0.0783239
0.013521
0.00840703
0.000623993
-0.00418887
-0.00597531
-0.00724218
-0.00884876
-0.0103668
-0.0114748
-0.0123392
-0.0132783
-0.0143316
-0.0153409
-0.0163013
-0.017319
-0.0183575
-0.0193646
-0.0204197
-0.0215648
-0.0227006
-0.0238094
-0.0249497
-0.0261138
-0.0273181
-0.0285555
-0.0298206
-0.0311087
-0.0324516
-0.0338376
-0.0352864
-0.0367738
-0.0382928
-0.0398651
-0.0414966
-0.0432337
-0.0450025
-0.0468743
-0.0487973
-0.0508286
-0.0529109
-0.0550754
-0.0573583
-0.0596892
-0.0621657
-0.0646478
-0.0672657
-0.0699877
-0.0727493
-0.0754967
-0.078324
0.0129063
0.00826528
0.000824009
-0.00405588
-0.00596396
-0.00724686
-0.00883811
-0.0103482
-0.0114561
-0.0123254
-0.0132706
-0.0143263
-0.0153352
-0.0162955
-0.0173137
-0.0183527
-0.019362
-0.020418
-0.0215609
-0.0226964
-0.0238067
-0.024947
-0.0261115
-0.0273161
-0.028553
-0.0298184
-0.0311069
-0.0324501
-0.0338359
-0.0352847
-0.0367721
-0.0382915
-0.0398644
-0.0414963
-0.0432331
-0.0450021
-0.046874
-0.048797
-0.0508281
-0.0529106
-0.055075
-0.0573579
-0.0596885
-0.062165
-0.0646471
-0.0672652
-0.0699873
-0.0727489
-0.0754967
-0.0783242
0.012306
0.00810499
0.00101362
-0.00391567
-0.00594863
-0.00725398
-0.00883009
-0.0103302
-0.0114371
-0.0123112
-0.0132625
-0.014321
-0.0153295
-0.0162894
-0.0173083
-0.0183479
-0.0193593
-0.0204163
-0.0215569
-0.0226921
-0.023804
-0.0249442
-0.0261091
-0.0273141
-0.0285505
-0.0298161
-0.0311051
-0.0324485
-0.0338342
-0.035283
-0.0367704
-0.0382901
-0.0398636
-0.0414959
-0.0432325
-0.0450016
-0.0468737
-0.0487966
-0.0508277
-0.0529102
-0.0550747
-0.0573575
-0.0596878
-0.0621642
-0.0646463
-0.0672647
-0.0699869
-0.0727485
-0.0754968
-0.0783244
0.0117235
0.00792872
0.00119096
-0.00376938
-0.0059281
-0.00726273
-0.0088248
-0.0103135
-0.0114181
-0.0122966
-0.0132541
-0.0143154
-0.0153235
-0.0162832
-0.0173029
-0.0183431
-0.0193567
-0.0204146
-0.0215529
-0.0226879
-0.0238012
-0.0249413
-0.0261065
-0.0273119
-0.0285478
-0.0298137
-0.0311032
-0.0324468
-0.0338324
-0.0352811
-0.0367686
-0.0382886
-0.0398628
-0.0414954
-0.0432319
-0.0450012
-0.0468734
-0.0487962
-0.0508272
-0.0529099
-0.0550744
-0.057357
-0.059687
-0.0621635
-0.0646455
-0.0672641
-0.0699864
-0.0727481
-0.0754969
-0.0783246
0.0111662
0.00774024
0.00135479
-0.00361853
-0.00590202
-0.00727265
-0.00882218
-0.0102979
-0.0113989
-0.0122817
-0.0132456
-0.0143097
-0.0153173
-0.0162767
-0.0172973
-0.0183382
-0.019354
-0.0204129
-0.0215488
-0.0226835
-0.0237983
-0.0249383
-0.0261039
-0.0273097
-0.028545
-0.0298111
-0.0311012
-0.032445
-0.0338306
-0.0352792
-0.0367667
-0.0382871
-0.0398619
-0.0414949
-0.0432313
-0.0450007
-0.0468731
-0.0487958
-0.0508267
-0.0529095
-0.055074
-0.0573565
-0.0596862
-0.0621627
-0.0646447
-0.0672636
-0.0699859
-0.0727476
-0.0754971
-0.0783249
0.0106298
0.00753692
0.00150288
-0.00346403
-0.00586969
-0.00728414
-0.00882331
-0.0102843
-0.0113797
-0.0122662
-0.0132366
-0.0143039
-0.015311
-0.0162701
-0.0172916
-0.0183334
-0.0193513
-0.0204111
-0.0215448
-0.0226792
-0.0237953
-0.0249352
-0.0261012
-0.0273073
-0.0285422
-0.0298085
-0.0310991
-0.0324431
-0.0338287
-0.0352773
-0.0367648
-0.0382855
-0.039861
-0.0414944
-0.0432306
-0.0450002
-0.0468727
-0.0487953
-0.0508261
-0.0529091
-0.0550736
-0.0573559
-0.0596854
-0.0621619
-0.0646438
-0.067263
-0.0699854
-0.0727472
-0.0754974
-0.0783252
0.0101217
0.00732738
0.00163567
-0.00330681
-0.00582915
-0.00729438
-0.00882707
-0.0102729
-0.0113609
-0.0122502
-0.0132272
-0.0142978
-0.0153045
-0.0162634
-0.0172858
-0.0183285
-0.0193485
-0.0204092
-0.0215407
-0.0226748
-0.0237922
-0.024932
-0.0260984
-0.0273049
-0.0285393
-0.0298057
-0.0310969
-0.0324411
-0.0338267
-0.0352753
-0.0367628
-0.0382838
-0.03986
-0.0414938
-0.0432299
-0.0449996
-0.0468723
-0.0487949
-0.0508256
-0.0529087
-0.0550732
-0.0573553
-0.0596846
-0.062161
-0.0646428
-0.0672623
-0.0699848
-0.0727467
-0.0754977
-0.0783256
0.00962193
0.00710738
0.00174944
-0.00315097
-0.00578229
-0.00730409
-0.00883363
-0.0102638
-0.0113428
-0.0122338
-0.0132176
-0.0142916
-0.0152978
-0.0162563
-0.0172798
-0.0183235
-0.0193457
-0.0204073
-0.0215365
-0.0226703
-0.023789
-0.0249288
-0.0260956
-0.0273024
-0.0285362
-0.0298029
-0.0310946
-0.032439
-0.0338247
-0.0352732
-0.0367608
-0.0382821
-0.039859
-0.0414932
-0.0432292
-0.0449991
-0.046872
-0.0487944
-0.050825
-0.0529082
-0.0550728
-0.0573547
-0.0596837
-0.0621601
-0.0646418
-0.0672616
-0.0699842
-0.0727462
-0.075498
-0.078326
0.00912717
0.00687509
0.00184226
-0.00299815
-0.00573007
-0.00731423
-0.0088445
-0.0102584
-0.0113256
-0.0122171
-0.0132075
-0.0142854
-0.0152911
-0.0162493
-0.0172738
-0.0183185
-0.0193428
-0.0204054
-0.0215324
-0.0226659
-0.0237857
-0.0249254
-0.0260927
-0.0272999
-0.0285331
-0.0298
-0.0310923
-0.0324368
-0.0338226
-0.035271
-0.0367587
-0.0382804
-0.039858
-0.0414926
-0.0432285
-0.0449985
-0.0468716
-0.0487938
-0.0508244
-0.0529077
-0.0550723
-0.0573541
-0.0596827
-0.0621591
-0.0646408
-0.0672609
-0.0699836
-0.0727458
-0.0754984
-0.0783265
0.00867428
0.00664944
0.00192154
-0.00284602
-0.00566812
-0.00731916
-0.00885617
-0.0102557
-0.0113097
-0.0121998
-0.0131967
-0.0142788
-0.0152843
-0.0162421
-0.0172675
-0.0183135
-0.0193399
-0.0204033
-0.0215282
-0.0226613
-0.0237823
-0.024922
-0.0260897
-0.0272972
-0.0285298
-0.0297969
-0.0310899
-0.0324345
-0.0338204
-0.0352688
-0.0367565
-0.0382785
-0.0398569
-0.041492
-0.0432277
-0.0449979
-0.0468711
-0.0487933
-0.0508238
-0.0529072
-0.0550718
-0.0573535
-0.0596818
-0.0621582
-0.0646397
-0.0672602
-0.069983
-0.0727453
-0.0754989
-0.078327
0.00822429
0.0064164
0.00198
-0.00270167
-0.00560199
-0.00732112
-0.0088698
-0.0102568
-0.0112957
-0.0121825
-0.0131854
-0.0142719
-0.0152772
-0.0162346
-0.0172611
-0.0183082
-0.0193368
-0.0204011
-0.021524
-0.0226567
-0.0237788
-0.0249185
-0.0260866
-0.0272944
-0.0285265
-0.0297938
-0.0310873
-0.0324321
-0.0338181
-0.0352665
-0.0367543
-0.0382767
-0.0398558
-0.0414913
-0.0432269
-0.0449973
-0.0468707
-0.0487927
-0.0508231
-0.0529067
-0.0550713
-0.0573528
-0.0596808
-0.0621571
-0.0646385
-0.0672594
-0.0699823
-0.0727449
-0.0754994
-0.0783275
0.00777371
0.00617411
0.00201475
-0.00256872
-0.00553496
-0.00732194
-0.00888695
-0.0102627
-0.0112845
-0.0121653
-0.0131735
-0.0142649
-0.0152704
-0.0162273
-0.0172547
-0.0183031
-0.0193338
-0.0203989
-0.0215198
-0.0226522
-0.0237753
-0.024915
-0.0260835
-0.0272915
-0.0285231
-0.0297906
-0.0310847
-0.0324297
-0.0338157
-0.0352642
-0.0367519
-0.0382748
-0.0398547
-0.0414906
-0.0432261
-0.0449967
-0.0468703
-0.0487922
-0.0508224
-0.0529062
-0.0550708
-0.057352
-0.0596797
-0.0621561
-0.0646374
-0.0672587
-0.0699816
-0.0727444
-0.0755
-0.0783281
0.00738179
0.00594936
0.00204055
-0.00243881
-0.00545932
-0.00731333
-0.00890125
-0.0102709
-0.0112758
-0.0121482
-0.0131609
-0.0142575
-0.0152634
-0.0162198
-0.0172481
-0.0182978
-0.0193305
-0.0203965
-0.0215155
-0.0226475
-0.0237716
-0.0249113
-0.0260803
-0.0272886
-0.0285195
-0.0297873
-0.0310821
-0.0324271
-0.0338132
-0.0352617
-0.0367496
-0.0382728
-0.0398535
-0.0414898
-0.0432252
-0.044996
-0.0468698
-0.0487916
-0.0508218
-0.0529056
-0.0550703
-0.0573513
-0.0596786
-0.062155
-0.0646362
-0.0672578
-0.0699809
-0.072744
-0.0755007
-0.0783287
0.0070019
0.00572049
0.0020456
-0.00232289
-0.00538536
-0.00730135
-0.00891588
-0.0102835
-0.0112708
-0.0121317
-0.0131472
-0.0142493
-0.015256
-0.0162121
-0.0172413
-0.0182923
-0.0193272
-0.020394
-0.0215111
-0.0226428
-0.0237678
-0.0249075
-0.026077
-0.0272855
-0.0285159
-0.0297839
-0.0310793
-0.0324245
-0.0338107
-0.0352592
-0.0367471
-0.0382707
-0.0398523
-0.041489
-0.0432243
-0.0449954
-0.0468693
-0.0487909
-0.050821
-0.052905
-0.0550697
-0.0573505
-0.0596775
-0.0621539
-0.0646349
-0.067257
-0.0699801
-0.0727436
-0.0755014
-0.0783294
0.00661924
0.00548071
0.00202642
-0.00222367
-0.00531535
-0.00728764
-0.00893164
-0.0103009
-0.0112707
-0.0121168
-0.0131331
-0.0142409
-0.015249
-0.0162048
-0.0172348
-0.0182871
-0.019324
-0.0203916
-0.0215069
-0.0226381
-0.023764
-0.0249038
-0.0260737
-0.0272823
-0.0285122
-0.0297804
-0.0310764
-0.0324218
-0.033808
-0.0352566
-0.0367446
-0.0382686
-0.039851
-0.0414882
-0.0432234
-0.0449946
-0.0468687
-0.0487903
-0.0508203
-0.0529044
-0.0550691
-0.0573497
-0.0596764
-0.0621527
-0.0646336
-0.0672561
-0.0699793
-0.0727432
-0.0755023
-0.0783301
0.00631433
0.00526358
0.00200209
-0.00212918
-0.00524055
-0.0072639
-0.00894094
-0.0103187
-0.0112743
-0.0121036
-0.0131187
-0.014232
-0.0152418
-0.0161973
-0.0172279
-0.0182815
-0.0193205
-0.0203889
-0.0215025
-0.0226334
-0.0237601
-0.0248998
-0.0260702
-0.0272791
-0.0285084
-0.0297769
-0.0310735
-0.032419
-0.0338053
-0.035254
-0.036742
-0.0382665
-0.0398497
-0.0414873
-0.0432224
-0.0449939
-0.0468682
-0.0487896
-0.0508195
-0.0529037
-0.0550684
-0.0573489
-0.0596752
-0.0621515
-0.0646323
-0.0672552
-0.0699785
-0.0727428
-0.0755031
-0.0783309
0.00606264
0.00505391
0.00196283
-0.0020506
-0.0051736
-0.00723961
-0.00894852
-0.0103397
-0.0112833
-0.0120927
-0.0131033
-0.0142215
-0.0152338
-0.0161895
-0.017221
-0.0182759
-0.019317
-0.0203862
-0.0214982
-0.0226286
-0.0237561
-0.0248959
-0.0260667
-0.0272757
-0.0285045
-0.0297732
-0.0310704
-0.0324161
-0.0338024
-0.0352512
-0.0367393
-0.0382643
-0.0398483
-0.0414864
-0.0432214
-0.0449931
-0.0468676
-0.0487889
-0.0508187
-0.0529031
-0.0550677
-0.057348
-0.0596739
-0.0621503
-0.0646309
-0.0672543
-0.0699776
-0.0727424
-0.0755041
-0.0783317
0.00578704
0.00483385
0.00190488
-0.00198775
-0.00511319
-0.00721487
-0.00895341
-0.0103623
-0.0112968
-0.0120848
-0.0130881
-0.0142107
-0.0152261
-0.0161823
-0.0172144
-0.0182705
-0.0193135
-0.0203834
-0.0214938
-0.0226239
-0.0237521
-0.0248918
-0.0260631
-0.0272723
-0.0285005
-0.0297694
-0.0310672
-0.0324131
-0.0337995
-0.0352484
-0.0367365
-0.038262
-0.0398468
-0.0414854
-0.0432203
-0.0449923
-0.046867
-0.0487881
-0.0508179
-0.0529023
-0.055067
-0.0573471
-0.0596726
-0.062149
-0.0646295
-0.0672533
-0.0699767
-0.072742
-0.0755052
-0.0783325
0.00549075
0.00461761
0.00184091
-0.00193322
-0.00505667
-0.00718757
-0.00895249
-0.0103835
-0.0113148
-0.0120813
-0.0130739
-0.0141994
-0.015218
-0.0161747
-0.0172075
-0.0182649
-0.0193098
-0.0203805
-0.0214895
-0.0226191
-0.0237479
-0.0248877
-0.0260594
-0.0272687
-0.0284964
-0.0297656
-0.031064
-0.03241
-0.0337965
-0.0352454
-0.0367337
-0.0382597
-0.0398453
-0.0414844
-0.0432193
-0.0449915
-0.0468664
-0.0487873
-0.050817
-0.0529016
-0.0550663
-0.0573461
-0.0596713
-0.0621477
-0.064628
-0.0672524
-0.0699758
-0.0727417
-0.0755063
-0.0783334
0.00520356
0.00441198
0.00176993
-0.00189119
-0.00500817
-0.00716329
-0.00894922
-0.0104052
-0.0113378
-0.0120822
-0.0130601
-0.0141867
-0.0152087
-0.0161668
-0.0172007
-0.0182595
-0.0193063
-0.0203776
-0.0214851
-0.0226143
-0.0237437
-0.0248836
-0.0260557
-0.0272651
-0.0284923
-0.0297616
-0.0310606
-0.0324068
-0.0337933
-0.0352424
-0.0367308
-0.0382572
-0.0398438
-0.0414834
-0.0432182
-0.0449906
-0.0468657
-0.0487865
-0.0508161
-0.0529008
-0.0550655
-0.0573451
-0.0596699
-0.0621463
-0.0646264
-0.0672513
-0.0699748
-0.0727414
-0.0755075
-0.0783344
0.00491377
0.00420398
0.00168809
-0.00185919
-0.00496583
-0.00714231
-0.00894298
-0.0104244
-0.0113635
-0.0120869
-0.0130476
-0.0141738
-0.0151995
-0.0161592
-0.0171941
-0.0182541
-0.0193025
-0.0203745
-0.0214807
-0.0226095
-0.0237395
-0.0248793
-0.0260518
-0.0272613
-0.028488
-0.0297576
-0.0310571
-0.0324035
-0.03379
-0.0352393
-0.0367277
-0.0382548
-0.0398421
-0.0414823
-0.043217
-0.0449897
-0.046865
-0.0487857
-0.0508152
-0.0529
-0.0550646
-0.0573441
-0.0596684
-0.0621449
-0.0646248
-0.0672503
-0.0699738
-0.0727411
-0.0755089
-0.0783354
0.00461716
0.00399691
0.0015992
-0.00183752
-0.00493131
-0.00712568
-0.00893354
-0.0104403
-0.0113923
-0.0120971
-0.0130379
-0.014161
-0.0151896
-0.0161509
-0.017187
-0.0182486
-0.0192989
-0.0203716
-0.0214764
-0.0226047
-0.0237351
-0.024875
-0.0260479
-0.0272575
-0.0284836
-0.0297534
-0.0310535
-0.0324001
-0.0337867
-0.0352361
-0.0367246
-0.0382522
-0.0398405
-0.0414811
-0.0432158
-0.0449887
-0.0468642
-0.0487848
-0.0508143
-0.0528991
-0.0550637
-0.057343
-0.059667
-0.0621434
-0.0646231
-0.0672492
-0.0699728
-0.0727408
-0.0755103
-0.0783365
0.00432082
0.00379069
0.00150186
-0.00182666
-0.00490296
-0.00711394
-0.00892395
-0.0104541
-0.011424
-0.0121126
-0.0130305
-0.0141477
-0.0151788
-0.0161422
-0.0171802
-0.0182435
-0.0192954
-0.0203685
-0.021472
-0.0225999
-0.0237308
-0.0248707
-0.026044
-0.0272535
-0.0284792
-0.0297491
-0.0310498
-0.0323966
-0.0337832
-0.0352328
-0.0367215
-0.0382496
-0.0398387
-0.0414799
-0.0432146
-0.0449877
-0.0468634
-0.0487839
-0.0508133
-0.0528983
-0.0550628
-0.0573419
-0.0596654
-0.0621419
-0.0646214
-0.0672481
-0.0699717
-0.0727405
-0.0755118
-0.0783376
0.00401656
0.00358015
0.00139726
-0.00182343
-0.00487956
-0.00710866
-0.00891572
-0.0104648
-0.0114564
-0.0121324
-0.0130258
-0.0141351
-0.0151681
-0.0161337
-0.0171732
-0.018238
-0.0192917
-0.0203655
-0.0214678
-0.0225952
-0.0237264
-0.0248663
-0.0260399
-0.0272495
-0.0284746
-0.0297448
-0.0310459
-0.0323929
-0.0337796
-0.0352294
-0.0367182
-0.0382469
-0.0398369
-0.0414786
-0.0432133
-0.0449867
-0.0468626
-0.0487829
-0.0508122
-0.0528973
-0.0550618
-0.0573408
-0.0596638
-0.0621404
-0.0646196
-0.0672469
-0.0699707
-0.0727403
-0.0755135
-0.0783387
0.00371073
0.00337146
0.00128781
-0.00183074
-0.00486379
-0.00711039
-0.00890935
-0.0104718
-0.011489
-0.0121568
-0.0130252
-0.0141238
-0.0151571
-0.0161243
-0.0171656
-0.0182327
-0.0192884
-0.0203626
-0.0214636
-0.0225904
-0.023722
-0.024862
-0.0260358
-0.0272453
-0.0284699
-0.0297402
-0.0310419
-0.0323892
-0.0337759
-0.0352258
-0.0367148
-0.0382441
-0.039835
-0.0414772
-0.0432119
-0.0449856
-0.0468617
-0.0487819
-0.0508111
-0.0528963
-0.0550608
-0.0573396
-0.0596621
-0.0621388
-0.0646178
-0.0672458
-0.0699695
-0.07274
-0.0755152
-0.07834
0.00341127
0.00316196
0.00116988
-0.00184994
-0.00485333
-0.00711749
-0.00890668
-0.0104763
-0.0115214
-0.0121859
-0.0130287
-0.0141134
-0.0151458
-0.0161146
-0.0171581
-0.0182275
-0.019285
-0.0203596
-0.0214594
-0.0225858
-0.0237176
-0.0248575
-0.0260316
-0.027241
-0.0284652
-0.0297357
-0.0310378
-0.0323853
-0.0337721
-0.0352222
-0.0367113
-0.0382413
-0.0398331
-0.0414758
-0.0432105
-0.0449845
-0.0468608
-0.0487809
-0.05081
-0.0528953
-0.0550597
-0.0573384
-0.0596604
-0.0621371
-0.0646159
-0.0672446
-0.0699684
-0.0727398
-0.0755171
-0.0783412
0.003113
0.00295001
0.00104498
-0.00187931
-0.00484787
-0.0071304
-0.00890934
-0.0104791
-0.011553
-0.0122186
-0.0130358
-0.0141047
-0.0151352
-0.0161051
-0.0171502
-0.0182218
-0.0192815
-0.0203568
-0.0214555
-0.0225812
-0.0237131
-0.024853
-0.0260274
-0.0272367
-0.0284604
-0.0297309
-0.0310336
-0.0323812
-0.0337681
-0.0352185
-0.0367078
-0.0382384
-0.039831
-0.0414743
-0.0432091
-0.0449833
-0.0468599
-0.0487798
-0.0508089
-0.0528943
-0.0550586
-0.0573371
-0.0596586
-0.0621354
-0.0646139
-0.0672433
-0.0699673
-0.0727397
-0.0755191
-0.0783426
0.0028238
0.00273782
0.000913279
-0.00191951
-0.00484784
-0.00714836
-0.00891818
-0.0104811
-0.0115827
-0.0122542
-0.0130476
-0.0140987
-0.0151252
-0.0160951
-0.0171416
-0.018216
-0.0192783
-0.0203542
-0.0214516
-0.0225766
-0.0237087
-0.0248486
-0.0260231
-0.0272323
-0.0284554
-0.0297261
-0.0310292
-0.0323771
-0.033764
-0.0352146
-0.0367041
-0.0382354
-0.0398289
-0.0414727
-0.0432076
-0.0449821
-0.0468588
-0.0487787
-0.0508076
-0.0528931
-0.0550574
-0.0573358
-0.0596568
-0.0621337
-0.0646118
-0.067242
-0.0699661
-0.0727395
-0.0755212
-0.078344
0.00254161
0.00252344
0.000775112
-0.00197051
-0.00485413
-0.00717148
-0.00893413
-0.0104833
-0.0116104
-0.0122929
-0.0130639
-0.0140949
-0.0151159
-0.0160851
-0.017133
-0.0182101
-0.0192749
-0.0203516
-0.0214479
-0.0225723
-0.0237043
-0.0248441
-0.0260187
-0.0272277
-0.0284503
-0.0297212
-0.0310247
-0.0323729
-0.0337598
-0.0352107
-0.0367003
-0.0382323
-0.0398267
-0.0414711
-0.043206
-0.0449808
-0.0468578
-0.0487775
-0.0508064
-0.052892
-0.0550561
-0.0573344
-0.0596549
-0.0621319
-0.0646097
-0.0672407
-0.0699649
-0.0727394
-0.0755235
-0.0783455
0.00226488
0.00231076
0.000631764
-0.00203381
-0.00486843
-0.00719869
-0.00895675
-0.0104871
-0.0116364
-0.0123334
-0.013084
-0.0140937
-0.0151081
-0.0160759
-0.0171241
-0.0182036
-0.0192713
-0.0203492
-0.0214446
-0.0225681
-0.0236999
-0.0248395
-0.0260143
-0.0272231
-0.0284452
-0.0297161
-0.0310201
-0.0323685
-0.0337555
-0.0352066
-0.0366965
-0.0382292
-0.0398244
-0.0414694
-0.0432044
-0.0449795
-0.0468566
-0.0487762
-0.0508051
-0.0528908
-0.0550548
-0.057333
-0.0596529
-0.06213
-0.0646075
-0.0672393
-0.0699637
-0.0727393
-0.0755258
-0.0783471
0.00199775
0.00209899
0.000480529
-0.00210953
-0.00488951
-0.00722816
-0.00898634
-0.0104943
-0.0116606
-0.0123751
-0.0131083
-0.0140961
-0.0151021
-0.016067
-0.0171148
-0.0181968
-0.0192677
-0.020347
-0.0214414
-0.022564
-0.0236956
-0.0248351
-0.02601
-0.0272184
-0.0284399
-0.0297109
-0.0310154
-0.0323639
-0.033751
-0.0352024
-0.0366925
-0.038226
-0.039822
-0.0414676
-0.0432027
-0.0449781
-0.0468555
-0.0487749
-0.0508037
-0.0528895
-0.0550534
-0.0573315
-0.0596508
-0.0621281
-0.0646053
-0.0672379
-0.0699626
-0.0727392
-0.0755283
-0.0783487
0.0017321
0.00188677
0.000323964
-0.00219569
-0.00491872
-0.00726151
-0.00902361
-0.0105058
-0.011683
-0.0124178
-0.0131367
-0.0141015
-0.0150977
-0.0160589
-0.0171058
-0.0181899
-0.0192639
-0.0203446
-0.0214383
-0.0225602
-0.0236915
-0.0248306
-0.0260054
-0.0272137
-0.0284346
-0.0297056
-0.0310105
-0.0323593
-0.0337464
-0.0351981
-0.0366884
-0.0382227
-0.0398196
-0.0414657
-0.043201
-0.0449767
-0.0468542
-0.0487736
-0.0508023
-0.0528881
-0.055052
-0.05733
-0.0596487
-0.0621261
-0.064603
-0.0672365
-0.0699614
-0.0727391
-0.0755309
-0.0783505
0.00146621
0.00167691
0.000162978
-0.00229372
-0.00495842
-0.00729833
-0.00906689
-0.0105225
-0.0117048
-0.0124611
-0.0131686
-0.0141102
-0.0150955
-0.0160522
-0.0170971
-0.0181826
-0.0192596
-0.0203422
-0.0214357
-0.0225568
-0.0236875
-0.0248262
-0.0260009
-0.0272089
-0.0284292
-0.0297001
-0.0310054
-0.0323545
-0.0337416
-0.0351936
-0.0366843
-0.0382193
-0.039817
-0.0414637
-0.0431992
-0.0449752
-0.0468529
-0.0487722
-0.0508008
-0.0528867
-0.0550505
-0.0573284
-0.0596465
-0.0621241
-0.0646006
-0.0672349
-0.0699602
-0.072739
-0.0755336
-0.0783523
0.00119863
0.00146721
-3.57395e-06
-0.00240342
-0.00500833
-0.00733783
-0.00911565
-0.0105459
-0.0117266
-0.0125044
-0.0132038
-0.0141224
-0.0150959
-0.016047
-0.0170885
-0.018175
-0.0192552
-0.02034
-0.0214332
-0.0225534
-0.0236837
-0.024822
-0.0259964
-0.027204
-0.0284236
-0.0296945
-0.0310002
-0.0323496
-0.0337368
-0.035189
-0.03668
-0.0382158
-0.0398144
-0.0414616
-0.0431973
-0.0449736
-0.0468515
-0.0487707
-0.0507993
-0.0528853
-0.0550489
-0.0573268
-0.0596442
-0.062122
-0.0645982
-0.0672334
-0.0699591
-0.072739
-0.0755364
-0.0783542
0.000924763
0.00125613
-0.000173732
-0.002523
-0.00506899
-0.00738126
-0.00916997
-0.0105767
-0.0117491
-0.0125473
-0.0132422
-0.0141381
-0.0150989
-0.0160433
-0.0170807
-0.0181675
-0.0192507
-0.0203375
-0.0214307
-0.0225504
-0.0236802
-0.0248178
-0.0259919
-0.027199
-0.028418
-0.0296888
-0.0309949
-0.0323445
-0.0337317
-0.0351843
-0.0366756
-0.0382123
-0.0398116
-0.0414594
-0.0431953
-0.0449719
-0.04685
-0.0487691
-0.0507976
-0.0528837
-0.0550472
-0.057325
-0.0596418
-0.0621199
-0.0645957
-0.0672318
-0.069958
-0.072739
-0.0755393
-0.0783562
0.000645285
0.00104312
-0.000346587
-0.00265165
-0.00514155
-0.00742969
-0.00922871
-0.0106149
-0.0117735
-0.01259
-0.0132835
-0.0141573
-0.0151042
-0.0160417
-0.0170739
-0.0181601
-0.0192457
-0.0203348
-0.0214285
-0.0225477
-0.0236769
-0.0248138
-0.0259874
-0.0271941
-0.0284123
-0.0296828
-0.0309894
-0.0323394
-0.0337266
-0.0351794
-0.0366711
-0.0382086
-0.0398087
-0.0414571
-0.0431933
-0.0449702
-0.0468485
-0.0487675
-0.050796
-0.0528821
-0.0550455
-0.0573233
-0.0596394
-0.0621176
-0.0645931
-0.0672301
-0.0699569
-0.072739
-0.0755423
-0.0783583
0.000362241
0.00082705
-0.000521878
-0.00278874
-0.00522671
-0.00748377
-0.00929088
-0.0106608
-0.0118011
-0.0126323
-0.0133271
-0.0141798
-0.0151124
-0.0160424
-0.0170683
-0.0181528
-0.0192407
-0.020332
-0.0214263
-0.0225452
-0.023674
-0.02481
-0.0259829
-0.0271891
-0.0284066
-0.0296768
-0.0309837
-0.0323341
-0.0337213
-0.0351744
-0.0366665
-0.0382049
-0.0398058
-0.0414548
-0.0431911
-0.0449684
-0.0468469
-0.0487658
-0.0507942
-0.0528804
-0.0550436
-0.0573214
-0.0596368
-0.0621153
-0.0645905
-0.0672284
-0.0699558
-0.072739
-0.0755454
-0.0783606
7.72158e-05
0.000606703
-0.000700186
-0.00293314
-0.00532402
-0.00754429
-0.00935629
-0.0107146
-0.011833
-0.0126743
-0.0133726
-0.014206
-0.0151235
-0.0160454
-0.017064
-0.018146
-0.0192358
-0.0203292
-0.0214239
-0.022543
-0.0236713
-0.0248065
-0.0259786
-0.0271841
-0.0284007
-0.0296707
-0.0309779
-0.0323286
-0.0337159
-0.0351693
-0.0366618
-0.0382011
-0.0398026
-0.0414523
-0.0431889
-0.0449665
-0.0468452
-0.048764
-0.0507924
-0.0528786
-0.0550417
-0.0573195
-0.0596342
-0.0621129
-0.0645878
-0.0672266
-0.0699548
-0.072739
-0.0755486
-0.0783629
-0.000208008
0.000381548
-0.000881825
-0.00308312
-0.00543306
-0.00761291
-0.00942491
-0.0107759
-0.0118701
-0.0127165
-0.01342
-0.0142359
-0.0151374
-0.0160506
-0.0170615
-0.0181399
-0.019231
-0.0203264
-0.0214217
-0.0225408
-0.023669
-0.0248033
-0.0259744
-0.0271792
-0.0283948
-0.0296643
-0.0309719
-0.0323231
-0.0337103
-0.035164
-0.0366569
-0.0381972
-0.0397994
-0.0414496
-0.0431867
-0.0449645
-0.0468434
-0.0487622
-0.0507905
-0.0528768
-0.0550397
-0.0573175
-0.0596315
-0.0621105
-0.0645851
-0.0672247
-0.0699537
-0.0727391
-0.0755518
-0.0783654
-0.000491
0.00015206
-0.0010676
-0.00323799
-0.0055536
-0.00769088
-0.00949628
-0.0108437
-0.0119135
-0.0127593
-0.0134688
-0.0142692
-0.015154
-0.0160585
-0.0170612
-0.0181345
-0.0192262
-0.0203236
-0.0214194
-0.0225387
-0.0236669
-0.0248004
-0.0259703
-0.0271742
-0.0283888
-0.0296578
-0.0309658
-0.0323174
-0.0337047
-0.0351585
-0.036652
-0.0381932
-0.0397961
-0.0414469
-0.0431843
-0.0449625
-0.0468415
-0.0487602
-0.0507886
-0.0528749
-0.0550377
-0.0573154
-0.0596288
-0.0621079
-0.0645823
-0.0672228
-0.0699528
-0.0727392
-0.0755551
-0.078368
-0.000772141
-8.15163e-05
-0.00125881
-0.00339723
-0.00568432
-0.00777918
-0.00957061
-0.0109176
-0.0119645
-0.0128039
-0.0135186
-0.0143059
-0.0151737
-0.0160688
-0.0170629
-0.0181302
-0.0192218
-0.020321
-0.0214173
-0.0225367
-0.0236651
-0.0247976
-0.0259664
-0.0271695
-0.0283828
-0.0296512
-0.0309594
-0.0323115
-0.0336989
-0.035153
-0.0366469
-0.038189
-0.0397927
-0.0414441
-0.0431818
-0.0449603
-0.0468396
-0.0487582
-0.0507865
-0.0528728
-0.0550355
-0.0573132
-0.0596259
-0.0621053
-0.0645794
-0.0672209
-0.0699519
-0.0727393
-0.0755585
-0.0783707
-0.00105302
-0.000318151
-0.00145599
-0.00356073
-0.00582398
-0.00787908
-0.00964888
-0.0109965
-0.0120236
-0.0128507
-0.0135687
-0.0143459
-0.0151971
-0.0160813
-0.0170668
-0.0181275
-0.0192178
-0.0203187
-0.0214152
-0.0225345
-0.0236635
-0.0247953
-0.0259626
-0.0271648
-0.0283769
-0.0296444
-0.0309529
-0.0323055
-0.0336929
-0.0351472
-0.0366418
-0.0381848
-0.0397891
-0.041441
-0.0431792
-0.044958
-0.0468375
-0.0487561
-0.0507844
-0.0528706
-0.0550332
-0.057311
-0.059623
-0.0621026
-0.0645765
-0.0672188
-0.0699509
-0.0727395
-0.075562
-0.0783735
-0.00133497
-0.0005572
-0.00165968
-0.00372919
-0.00597107
-0.00799082
-0.00973217
-0.0110794
-0.0120906
-0.0129009
-0.0136197
-0.0143891
-0.0152236
-0.0160964
-0.017073
-0.0181263
-0.0192145
-0.0203168
-0.0214135
-0.0225323
-0.023662
-0.0247934
-0.025959
-0.0271602
-0.028371
-0.0296376
-0.0309463
-0.0322994
-0.0336868
-0.0351412
-0.0366365
-0.0381805
-0.0397854
-0.0414379
-0.0431765
-0.0449556
-0.0468353
-0.0487538
-0.0507822
-0.0528684
-0.0550309
-0.0573086
-0.0596199
-0.0620999
-0.0645736
-0.0672167
-0.0699501
-0.0727397
-0.0755654
-0.0783764
-0.00161969
-0.000798831
-0.0018698
-0.00390331
-0.00612382
-0.00811435
-0.0098224
-0.0111654
-0.0121652
-0.0129563
-0.0136717
-0.0144346
-0.0152536
-0.0161141
-0.0170817
-0.018127
-0.0192118
-0.0203153
-0.0214123
-0.0225303
-0.0236603
-0.0247917
-0.0259558
-0.0271558
-0.028365
-0.0296305
-0.0309395
-0.0322932
-0.0336806
-0.0351352
-0.036631
-0.038176
-0.0397816
-0.0414347
-0.0431737
-0.0449531
-0.046833
-0.0487515
-0.0507798
-0.052866
-0.0550285
-0.0573061
-0.0596167
-0.062097
-0.0645706
-0.0672146
-0.0699492
-0.0727399
-0.0755689
-0.0783795
-0.00190837
-0.00104333
-0.00208529
-0.00408374
-0.00628143
-0.00824936
-0.00992144
-0.0112536
-0.0122474
-0.0130181
-0.0137241
-0.0144823
-0.0152875
-0.0161344
-0.0170926
-0.01813
-0.0192101
-0.020314
-0.0214117
-0.0225285
-0.0236587
-0.0247902
-0.0259527
-0.0271516
-0.0283593
-0.0296233
-0.0309324
-0.0322869
-0.0336743
-0.0351291
-0.0366255
-0.0381714
-0.0397776
-0.0414313
-0.0431708
-0.0449505
-0.0468306
-0.048749
-0.0507774
-0.0528636
-0.0550259
-0.0573036
-0.0596135
-0.062094
-0.0645676
-0.0672123
-0.0699484
-0.0727402
-0.0755724
-0.0783827
-0.00220065
-0.00129125
-0.0023052
-0.00427161
-0.00644405
-0.00839396
-0.0100307
-0.0113446
-0.0123356
-0.0130869
-0.0137783
-0.0145317
-0.0153251
-0.0161577
-0.0171056
-0.018135
-0.0192102
-0.0203134
-0.0214114
-0.0225268
-0.023657
-0.0247889
-0.02595
-0.0271473
-0.0283536
-0.0296163
-0.0309252
-0.0322802
-0.0336678
-0.0351228
-0.0366199
-0.0381668
-0.0397735
-0.0414276
-0.0431677
-0.0449478
-0.0468281
-0.0487465
-0.0507749
-0.052861
-0.0550233
-0.0573009
-0.0596102
-0.0620911
-0.0645645
-0.0672101
-0.0699476
-0.0727405
-0.075576
-0.078386
-0.00249533
-0.00154357
-0.00252887
-0.00446723
-0.00661179
-0.00854611
-0.0101522
-0.0114396
-0.0124278
-0.0131638
-0.0138352
-0.0145823
-0.015366
-0.0161841
-0.017121
-0.018142
-0.0192118
-0.0203138
-0.021412
-0.0225256
-0.0236549
-0.0247875
-0.0259477
-0.0271434
-0.0283478
-0.0296092
-0.030918
-0.0322736
-0.0336611
-0.0351163
-0.0366141
-0.038162
-0.0397694
-0.041424
-0.0431645
-0.0449448
-0.0468254
-0.0487439
-0.0507723
-0.0528582
-0.0550205
-0.0572981
-0.0596067
-0.0620879
-0.0645614
-0.0672078
-0.0699469
-0.0727407
-0.0755795
-0.0783894
-0.00279093
-0.00180098
-0.00275626
-0.00467022
-0.0067855
-0.00870403
-0.0102861
-0.0115404
-0.0125226
-0.0132488
-0.0138962
-0.0146339
-0.0154103
-0.0162135
-0.0171387
-0.0181515
-0.0192149
-0.0203148
-0.0214134
-0.0225255
-0.023653
-0.0247857
-0.0259453
-0.0271398
-0.0283424
-0.029602
-0.0309105
-0.0322669
-0.0336545
-0.0351096
-0.0366082
-0.038157
-0.0397649
-0.0414201
-0.0431614
-0.0449418
-0.0468226
-0.0487411
-0.0507696
-0.0528555
-0.0550177
-0.0572952
-0.0596031
-0.0620847
-0.0645582
-0.0672054
-0.0699462
-0.0727412
-0.075583
-0.0783929
-0.00308588
-0.00206373
-0.00298803
-0.00488013
-0.00696709
-0.00886647
-0.0104311
-0.0116494
-0.0126193
-0.013341
-0.0139625
-0.0146861
-0.0154577
-0.0162466
-0.0171588
-0.0181628
-0.0192202
-0.0203173
-0.0214149
-0.0225259
-0.0236518
-0.0247839
-0.0259428
-0.027136
-0.0283369
-0.0295952
-0.0309031
-0.0322598
-0.0336477
-0.035103
-0.0366021
-0.0381518
-0.0397604
-0.041416
-0.0431579
-0.0449387
-0.0468198
-0.0487382
-0.0507666
-0.0528525
-0.0550148
-0.0572923
-0.0595995
-0.0620814
-0.0645549
-0.0672029
-0.0699454
-0.0727416
-0.0755866
-0.0783964
-0.00338
-0.00233156
-0.00322495
-0.00509568
-0.00715767
-0.00903353
-0.0105851
-0.0117693
-0.0127179
-0.013439
-0.0140355
-0.014739
-0.0155075
-0.0162835
-0.0171815
-0.0181764
-0.0192271
-0.0203214
-0.0214174
-0.0225265
-0.0236509
-0.0247822
-0.0259406
-0.0271326
-0.0283311
-0.029588
-0.0308959
-0.0322531
-0.0336407
-0.035096
-0.0365959
-0.0381466
-0.0397557
-0.0414118
-0.0431543
-0.0449353
-0.0468168
-0.0487353
-0.0507637
-0.0528493
-0.0550116
-0.0572891
-0.0595957
-0.0620781
-0.0645517
-0.0672005
-0.0699447
-0.0727419
-0.07559
-0.0784001
-0.0036736
-0.0026039
-0.00346891
-0.00531632
-0.0073573
-0.00920629
-0.0107461
-0.0119012
-0.0128195
-0.0135408
-0.0141163
-0.0147934
-0.0155586
-0.0163241
-0.0172073
-0.0181927
-0.019236
-0.020327
-0.021421
-0.0225278
-0.0236503
-0.0247798
-0.0259381
-0.0271299
-0.028326
-0.0295808
-0.030888
-0.0322459
-0.033634
-0.0350891
-0.0365895
-0.0381412
-0.0397509
-0.0414074
-0.0431506
-0.0449318
-0.0468136
-0.0487321
-0.0507606
-0.0528463
-0.0550084
-0.0572858
-0.0595918
-0.0620746
-0.0645484
-0.0671979
-0.0699441
-0.0727424
-0.0755934
-0.0784038
-0.00396777
-0.00287966
-0.00372141
-0.00554293
-0.00756553
-0.00938607
-0.0109118
-0.0120452
-0.0129261
-0.0136446
-0.0142051
-0.0148508
-0.0156101
-0.016368
-0.017236
-0.0182115
-0.0192469
-0.0203345
-0.0214259
-0.0225294
-0.0236505
-0.0247776
-0.0259345
-0.0271268
-0.0283213
-0.0295742
-0.0308807
-0.0322384
-0.0336266
-0.035082
-0.036583
-0.0381356
-0.0397459
-0.0414029
-0.0431467
-0.0449282
-0.0468104
-0.0487288
-0.0507571
-0.0528429
-0.0550052
-0.0572825
-0.0595878
-0.062071
-0.0645449
-0.0671953
-0.0699433
-0.0727429
-0.0755969
-0.0784076
-0.00426509
-0.00315803
-0.00398185
-0.00577637
-0.00778191
-0.00957525
-0.0110811
-0.0121997
-0.0130402
-0.0137492
-0.0143008
-0.0149126
-0.0156623
-0.016415
-0.0172676
-0.0182329
-0.0192599
-0.0203438
-0.0214327
-0.0225314
-0.0236509
-0.024776
-0.0259306
-0.0271233
-0.0283163
-0.0295672
-0.0308736
-0.0322319
-0.0336196
-0.0350744
-0.0365761
-0.0381298
-0.0397407
-0.0413981
-0.0431428
-0.0449244
-0.046807
-0.0487254
-0.0507537
-0.0528393
-0.0550016
-0.057279
-0.0595838
-0.0620676
-0.0645415
-0.0671926
-0.0699426
-0.0727432
-0.0756001
-0.0784114
-0.00456699
-0.00343945
-0.0042497
-0.00601724
-0.00800495
-0.00977529
-0.0112551
-0.0123628
-0.0131641
-0.0138541
-0.0144019
-0.0149797
-0.0157147
-0.0164648
-0.0173027
-0.018257
-0.0192748
-0.0203544
-0.0214414
-0.0225347
-0.0236517
-0.0247744
-0.0259262
-0.0271199
-0.028312
-0.02956
-0.0308657
-0.0322249
-0.033613
-0.0350675
-0.0365691
-0.0381235
-0.0397351
-0.0413931
-0.0431385
-0.0449204
-0.0468036
-0.048722
-0.0507501
-0.0528359
-0.0549981
-0.0572752
-0.0595793
-0.0620638
-0.0645381
-0.06719
-0.069942
-0.0727438
-0.0756033
-0.0784151
-0.00487365
-0.00372453
-0.00452481
-0.00626857
-0.00823446
-0.00998529
-0.0114344
-0.0125319
-0.0132986
-0.0139602
-0.0145066
-0.0150535
-0.0157678
-0.0165163
-0.0173416
-0.0182848
-0.0192921
-0.0203656
-0.0214515
-0.0225387
-0.0236528
-0.0247739
-0.0259212
-0.0271154
-0.0283083
-0.0295538
-0.030858
-0.0322176
-0.0336055
-0.03506
-0.0365626
-0.0381176
-0.0397295
-0.0413879
-0.043134
-0.0449159
-0.0467999
-0.0487183
-0.0507463
-0.0528321
-0.0549944
-0.0572716
-0.0595751
-0.0620599
-0.0645344
-0.0671871
-0.0699412
-0.0727442
-0.0756065
-0.078419
-0.00518616
-0.00401375
-0.00480515
-0.00653192
-0.00847229
-0.0102055
-0.0116216
-0.0127048
-0.0134434
-0.0140688
-0.0146121
-0.0151334
-0.0158224
-0.0165691
-0.0173837
-0.0183165
-0.019313
-0.0203783
-0.0214628
-0.0225435
-0.023653
-0.0247734
-0.0259168
-0.0271103
-0.0283044
-0.0295476
-0.0308503
-0.0322112
-0.0335989
-0.0350519
-0.0365547
-0.0381111
-0.0397239
-0.0413829
-0.0431296
-0.0449116
-0.0467961
-0.0487143
-0.0507421
-0.0528283
-0.0549905
-0.0572677
-0.0595706
-0.0620563
-0.064531
-0.0671842
-0.0699404
-0.0727445
-0.0756094
-0.0784228
-0.00550646
-0.00431084
-0.00509078
-0.00680631
-0.00871927
-0.0104352
-0.0118179
-0.0128801
-0.0135973
-0.0141824
-0.0147178
-0.0152191
-0.0158791
-0.0166225
-0.0174287
-0.0183514
-0.0193373
-0.0203925
-0.021476
-0.0225504
-0.0236532
-0.0247721
-0.0259115
-0.0271044
-0.028301
-0.0295423
-0.0308421
-0.0322041
-0.0335925
-0.0350447
-0.0365474
-0.038104
-0.0397174
-0.0413773
-0.0431248
-0.0449071
-0.0467925
-0.0487106
-0.0507379
-0.0528242
-0.0549863
-0.0572635
-0.0595658
-0.0620521
-0.0645274
-0.0671815
-0.0699397
-0.0727451
-0.0756123
-0.0784263
-0.00583273
-0.00461846
-0.00538389
-0.00709243
-0.00897888
-0.010675
-0.0120252
-0.0130567
-0.0137556
-0.0143005
-0.0148227
-0.0153099
-0.0159399
-0.0166772
-0.0174765
-0.0183901
-0.0193654
-0.0204075
-0.0214893
-0.0225589
-0.0236538
-0.0247712
-0.0259068
-0.0270969
-0.0282964
-0.0295378
-0.0308345
-0.0321971
-0.0335859
-0.0350368
-0.0365399
-0.0380975
-0.0397113
-0.0413715
-0.0431196
-0.044902
-0.0467884
-0.0487065
-0.0507336
-0.0528203
-0.0549822
-0.0572593
-0.0595611
-0.062048
-0.0645235
-0.0671783
-0.0699389
-0.0727454
-0.0756152
-0.0784301
-0.0061654
-0.00493786
-0.00568574
-0.00738793
-0.00925055
-0.0109247
-0.0122463
-0.0132397
-0.0139179
-0.0144229
-0.0149242
-0.0154019
-0.0160039
-0.0167334
-0.0175274
-0.0184322
-0.0193986
-0.020425
-0.0215026
-0.0225686
-0.0236542
-0.024769
-0.0259027
-0.0270903
-0.0282914
-0.0295329
-0.0308267
-0.0321895
-0.0335797
-0.0350294
-0.0365317
-0.0380899
-0.0397049
-0.0413662
-0.0431147
-0.0448971
-0.0467844
-0.0487021
-0.0507288
-0.0528159
-0.0549779
-0.057255
-0.0595563
-0.0620439
-0.06452
-0.0671753
-0.0699379
-0.0727455
-0.0756175
-0.0784336
-0.0065099
-0.00527441
-0.00600353
-0.00769565
-0.00953412
-0.0111793
-0.0124747
-0.0134283
-0.0140849
-0.0145538
-0.0150261
-0.0154954
-0.0160714
-0.0167895
-0.0175801
-0.0184761
-0.0194348
-0.020445
-0.0215157
-0.0225797
-0.0236559
-0.0247662
-0.0258982
-0.0270833
-0.0282864
-0.0295295
-0.0308199
-0.0321814
-0.0335723
-0.0350217
-0.0365237
-0.0380821
-0.0396976
-0.0413599
-0.0431092
-0.044892
-0.0467805
-0.0486981
-0.0507244
-0.0528117
-0.0549734
-0.0572505
-0.0595513
-0.0620397
-0.064516
-0.0671722
-0.069937
-0.0727458
-0.0756199
-0.0784361
-0.00686876
-0.00563044
-0.00634347
-0.00802216
-0.00983764
-0.0114448
-0.0127057
-0.0136143
-0.0142456
-0.0146861
-0.0151289
-0.0155926
-0.0161478
-0.0168511
-0.0176375
-0.0185227
-0.0194733
-0.020467
-0.0215264
-0.0225892
-0.0236578
-0.0247623
-0.025894
-0.027077
-0.02828
-0.0295254
-0.0308143
-0.0321741
-0.0335656
-0.035014
-0.0365149
-0.0380735
-0.0396904
-0.0413536
-0.043103
-0.044886
-0.0467759
-0.0486934
-0.0507195
-0.0528076
-0.0549692
-0.0572464
-0.0595467
-0.0620359
-0.0645129
-0.0671695
-0.0699364
-0.0727463
-0.0756226
-0.0784409
-0.00724949
-0.00601044
-0.00670975
-0.00837074
-0.0101641
-0.0117289
-0.0129482
-0.0138047
-0.0143974
-0.0148098
-0.0152224
-0.0156827
-0.0162269
-0.0169173
-0.017702
-0.018576
-0.0195166
-0.0204946
-0.0215386
-0.0225984
-0.0236604
-0.0247577
-0.0258888
-0.0270716
-0.0282746
-0.0295214
-0.0308087
-0.0321662
-0.0335579
-0.0350069
-0.0365069
-0.0380645
-0.0396822
-0.0413468
-0.0430965
-0.0448797
-0.0467707
-0.0486876
-0.0507131
-0.0528013
-0.0549627
-0.0572401
-0.05954
-0.06203
-0.0645076
-0.0671652
-0.0699343
-0.0727454
-0.0756234
-0.0784411
-0.007649
-0.00641816
-0.00710983
-0.00874663
-0.0105112
-0.0120278
-0.0131974
-0.0140006
-0.0145493
-0.014934
-0.0153153
-0.0157674
-0.016304
-0.0169808
-0.017764
-0.0186286
-0.0195591
-0.0205238
-0.0215509
-0.0226067
-0.0236651
-0.0247551
-0.0258854
-0.0270681
-0.0282705
-0.0295197
-0.0308069
-0.0321612
-0.0335521
-0.0350011
-0.0365006
-0.0380579
-0.0396769
-0.0413425
-0.0430924
-0.0448759
-0.0467683
-0.048685
-0.0507103
-0.0527993
-0.0549602
-0.0572376
-0.059537
-0.0620276
-0.0645059
-0.0671635
-0.0699349
-0.0727469
-0.0756269
-0.0784471
-0.0080602
-0.00685518
-0.0075493
-0.00915942
-0.0108842
-0.0123425
-0.0134496
-0.0141921
-0.0146922
-0.0150532
-0.0154123
-0.0158581
-0.0163915
-0.0170534
-0.0178294
-0.0186795
-0.0195945
-0.0205459
-0.0215533
-0.0226018
-0.0236589
-0.0247433
-0.0258726
-0.0270573
-0.0282591
-0.0295091
-0.0307965
-0.0321488
-0.033539
-0.0349894
-0.0364883
-0.0380442
-0.0396647
-0.0413322
-0.0430824
-0.0448663
-0.0467597
-0.048676
-0.0507009
-0.0527904
-0.0549512
-0.0572293
-0.0595285
-0.0620201
-0.0644992
-0.0671579
-0.0699313
-0.0727446
-0.075626
-0.0784453
-0.00848858
-0.00732407
-0.00802669
-0.00960158
-0.0112732
-0.0126666
-0.0137037
-0.0143802
-0.014828
-0.0151686
-0.0155171
-0.0159618
-0.0164999
-0.0171528
-0.01792
-0.0187539
-0.0196497
-0.0205872
-0.0215752
-0.0226136
-0.0236705
-0.0247498
-0.025876
-0.0270612
-0.0282625
-0.0295127
-0.0307998
-0.0321487
-0.0335365
-0.0349874
-0.0364864
-0.038041
-0.0396619
-0.0413301
-0.0430804
-0.0448647
-0.0467592
-0.048675
-0.0506998
-0.0527894
-0.0549496
-0.0572274
-0.0595261
-0.0620183
-0.064498
-0.0671568
-0.0699324
-0.0727464
-0.0756295
-0.0784511
-0.0090662
-0.00790238
-0.00856879
-0.0100668
-0.0116377
-0.0129328
-0.0138776
-0.0144849
-0.0148922
-0.0152279
-0.0155849
-0.0160369
-0.0165814
-0.0172236
-0.0179747
-0.0187912
-0.0196687
-0.0205957
-0.0215679
-0.0225958
-0.0236557
-0.0247351
-0.025859
-0.027046
-0.0282477
-0.0294977
-0.0307858
-0.0321343
-0.0335205
-0.0349721
-0.0364715
-0.038025
-0.0396479
-0.041318
-0.0430688
-0.0448538
-0.0467491
-0.048665
-0.0506897
-0.05278
-0.0549403
-0.0572191
-0.0595177
-0.0620108
-0.0644914
-0.0671512
-0.0699286
-0.072744
-0.0756281
-0.0784491
-0.00990777
-0.00885327
-0.00947907
-0.010822
-0.0121934
-0.0133051
-0.0141034
-0.0146259
-0.0150026
-0.0153418
-0.0157126
-0.0161712
-0.0167199
-0.0173497
-0.018076
-0.0188665
-0.0197183
-0.0206299
-0.0215878
-0.0226029
-0.0236629
-0.0247429
-0.0258621
-0.0270482
-0.0282513
-0.0294999
-0.0307859
-0.0321325
-0.0335165
-0.0349682
-0.0364687
-0.0380211
-0.0396433
-0.0413138
-0.0430655
-0.0448509
-0.0467467
-0.0486621
-0.0506868
-0.0527768
-0.0549361
-0.057215
-0.0595132
-0.0620071
-0.0644884
-0.0671486
-0.0699281
-0.0727441
-0.0756297
-0.0784512
-0.00994762
-0.00930835
-0.0100929
-0.0113581
-0.0125487
-0.01349
-0.0141718
-0.0146549
-0.0150457
-0.0154176
-0.0158161
-0.0162802
-0.0168212
-0.017433
-0.0181337
-0.0189042
-0.019739
-0.0206392
-0.0215888
-0.0225941
-0.0236544
-0.0247393
-0.0258555
-0.0270393
-0.0282437
-0.0294917
-0.0307771
-0.0321241
-0.0335066
-0.0349568
-0.0364577
-0.0380102
-0.0396339
-0.0413051
-0.0430574
-0.0448434
-0.0467392
-0.0486548
-0.05068
-0.0527707
-0.0549303
-0.0572099
-0.059508
-0.0620024
-0.0644848
-0.0671454
-0.0699267
-0.0727435
-0.0756304
-0.0784537
-0.0124492
-0.0112972
-0.0114067
-0.0120558
-0.0128023
-0.0134939
-0.0140983
-0.0146155
-0.0150758
-0.0155068
-0.015944
-0.0164172
-0.0169454
-0.0175328
-0.0182001
-0.0189413
-0.0197537
-0.0206392
-0.021583
-0.0225809
-0.0236386
-0.0247295
-0.025844
-0.0270246
-0.0282325
-0.0294806
-0.0307624
-0.0321095
-0.0334924
-0.0349426
-0.0364451
-0.0379982
-0.0396209
-0.041292
-0.0430466
-0.0448337
-0.0467295
-0.048645
-0.0506705
-0.0527607
-0.0549194
-0.0571997
-0.0594977
-0.0619938
-0.0644767
-0.0671386
-0.069922
-0.0727399
-0.0756273
-0.0784477
-0.0143081
-0.0140762
-0.0135506
-0.0132006
-0.0131905
-0.0135251
-0.0140466
-0.0146005
-0.0151343
-0.0156315
-0.0161073
-0.0165822
-0.0170869
-0.0176438
-0.0182797
-0.0189963
-0.0197927
-0.0206655
-0.0216039
-0.0225961
-0.0236492
-0.0247446
-0.0258575
-0.0270309
-0.0282391
-0.0294866
-0.0307654
-0.0321121
-0.0334944
-0.0349416
-0.0364432
-0.0379974
-0.039621
-0.0412913
-0.0430465
-0.0448342
-0.0467293
-0.0486452
-0.050671
-0.0527614
-0.0549202
-0.0572009
-0.0594987
-0.0619944
-0.0644785
-0.0671399
-0.0699244
-0.0727424
-0.0756303
-0.0784539
-0.0155536
-0.0140107
-0.0132933
-0.0130948
-0.0132227
-0.0135529
-0.0140188
-0.0145584
-0.0151137
-0.0156459
-0.0161567
-0.016653
-0.0171567
-0.0176973
-0.0183073
-0.0189976
-0.0197767
-0.0206382
-0.0215741
-0.0225659
-0.0236154
-0.0247176
-0.0258335
-0.0270028
-0.0282141
-0.029464
-0.0307388
-0.0320856
-0.0334708
-0.0349184
-0.0364211
-0.0379775
-0.0396009
-0.0412702
-0.0430287
-0.044818
-0.0467127
-0.0486284
-0.0506547
-0.0527447
-0.0549029
-0.0571848
-0.0594829
-0.0619811
-0.0644653
-0.0671288
-0.0699157
-0.0727348
-0.0756231
-0.0784417
-0.016553
-0.015983
-0.015031
-0.0142428
-0.0138197
-0.0137928
-0.0141056
-0.0146118
-0.0151731
-0.0157201
-0.0162484
-0.0167589
-0.017264
-0.0177936
-0.018386
-0.0190554
-0.0198201
-0.0206689
-0.0215965
-0.0225856
-0.0236285
-0.0247321
-0.0258506
-0.0270127
-0.0282229
-0.0294739
-0.0307461
-0.0320915
-0.0334773
-0.0349234
-0.0364238
-0.0379816
-0.0396061
-0.0412737
-0.0430324
-0.0448226
-0.0467164
-0.0486323
-0.0506591
-0.0527491
-0.0549071
-0.0571893
-0.0594871
-0.0619847
-0.0644699
-0.0671328
-0.0699203
-0.0727387
-0.0756269
-0.0784486
-0.0179835
-0.0158093
-0.0145889
-0.0139688
-0.0137444
-0.0138151
-0.0141354
-0.0146264
-0.0151786
-0.0157219
-0.0162518
-0.0167668
-0.017275
-0.0178026
-0.0183896
-0.0190504
-0.0198075
-0.0206521
-0.0215749
-0.0225631
-0.0236025
-0.0247042
-0.0258257
-0.0269863
-0.0281956
-0.0294488
-0.030719
-0.0320634
-0.0334513
-0.0348992
-0.0364009
-0.0379592
-0.039585
-0.041252
-0.043013
-0.0448048
-0.0466987
-0.0486139
-0.050641
-0.0527308
-0.0548885
-0.057172
-0.0594706
-0.0619707
-0.064456
-0.0671211
-0.0699112
-0.0727304
-0.0756177
-0.0784331
)
;

boundaryField
{
    zeroGradientPlanes
    {
        type            zeroGradient;
    }
    inlet
    {
        type            zeroGradient;
    }
    plate
    {
        type            zeroGradient;
    }
    frontAndBack
    {
        type            empty;
    }
}


// ************************************************************************* //
