/*--------------------------------*- C++ -*----------------------------------*\
| =========                 |                                                 |
| \\      /  F ield         | OpenFOAM: The Open Source CFD Toolbox           |
|  \\    /   O peration     | Version:  v2012                                 |
|   \\  /    A nd           | Website:  www.openfoam.com                      |
|    \\/     M anipulation  |                                                 |
\*---------------------------------------------------------------------------*/
FoamFile
{
    version     2.0;
    format      ascii;
    class       volScalarField;
    location    "8.5";
    object      p;
}
// * * * * * * * * * * * * * * * * * * * * * * * * * * * * * * * * * * * * * //

dimensions      [0 2 -2 0 0 0 0];


internalField   nonuniform List<scalar> 
7000
(
-2.78687e-11
0.00929168
0.0097344
0.0180168
0.020354
0.0183109
0.014184
0.0176308
0.0149947
0.0168307
0.0152812
0.0165308
0.0152376
0.0159236
0.0156636
0.0171023
0.0172933
0.0187577
0.0192289
0.021077
1.20744e-05
0.00924949
0.00973426
0.0180509
0.0203394
0.0182984
0.0142053
0.0176224
0.0149915
0.0167977
0.0152845
0.0165229
0.0152528
0.0159313
0.0156727
0.0171062
0.0173021
0.0187513
0.0192343
0.0209898
2.03757e-05
0.0091976
0.00974096
0.0180933
0.0203071
0.0182955
0.0142254
0.0176026
0.0149859
0.016751
0.0152962
0.0165127
0.0152811
0.0159335
0.0156962
0.0171009
0.0173257
0.0187274
0.0192386
0.0208524
2.36222e-05
0.00916521
0.00976021
0.0181074
0.02027
0.0183079
0.0142459
0.0175716
0.0149821
0.0167064
0.0153101
0.0165062
0.0153123
0.0159305
0.0157257
0.0170864
0.0173526
0.0186881
0.0192339
0.0206968
2.53779e-05
0.00915745
0.00979352
0.0180869
0.0202294
0.0183363
0.0142725
0.0175282
0.0149837
0.0166649
0.0153238
0.0165042
0.0153453
0.0159234
0.0157565
0.0170654
0.0173766
0.0186392
0.019219
0.0205422
2.85595e-05
0.00917336
0.00984057
0.018035
0.0201845
0.0183782
0.0143093
0.0174738
0.0149946
0.0166254
0.0153383
0.0165058
0.0153807
0.0159123
0.0157881
0.0170403
0.0173965
0.0185852
0.0191931
0.0203948
3.5814e-05
0.00921095
0.00989829
0.0179564
0.0201364
0.0184283
0.014357
0.0174127
0.0150179
0.0165872
0.0153549
0.0165095
0.015419
0.0158973
0.0158212
0.0170126
0.0174129
0.0185282
0.0191556
0.0202529
4.97308e-05
0.00926657
0.00996146
0.0178574
0.0200867
0.0184785
0.014413
0.0173497
0.015055
0.016549
0.0153738
0.0165135
0.0154601
0.0158799
0.0158568
0.0169839
0.0174269
0.0184694
0.0191075
0.0201128
7.2366e-05
0.0093353
0.0100249
0.017746
0.0200363
0.0185232
0.0144733
0.0172884
0.0151044
0.0165097
0.0153941
0.0165154
0.0155035
0.0158623
0.0158949
0.0169555
0.017439
0.0184109
0.019051
0.0199736
0.000104861
0.00941258
0.0100849
0.0176294
0.0199851
0.0185588
0.0145339
0.0172307
0.015163
0.0164687
0.0154149
0.0165134
0.0155488
0.015843
0.0159353
0.0169287
0.017449
0.0183556
0.0189885
0.0198366
0.000147348
0.00949511
0.0101403
0.0175129
0.0199329
0.0185837
0.0145921
0.0171769
0.015228
0.0164265
0.0154355
0.0165061
0.0155955
0.0158215
0.0159774
0.0169041
0.0174566
0.0183053
0.0189219
0.0197041
0.000199108
0.00958078
0.0101911
0.0173992
0.0198794
0.0185982
0.0146472
0.0171265
0.0152973
0.0163837
0.0154563
0.0164931
0.0156436
0.0157978
0.0160199
0.016883
0.0174608
0.0182604
0.0188528
0.0195777
0.00025893
0.00966828
0.0102385
0.0172892
0.0198243
0.0186036
0.0146996
0.0170784
0.0153695
0.0163408
0.015478
0.0164745
0.0156933
0.0157724
0.0160613
0.0168661
0.0174603
0.01822
0.0187823
0.0194578
0.000325522
0.00975678
0.0102839
0.0171825
0.0197675
0.0186018
0.0147504
0.0170313
0.0154433
0.0162977
0.0155015
0.0164509
0.0157446
0.0157462
0.0160999
0.0168541
0.0174538
0.0181825
0.018711
0.0193434
0.000397806
0.00984565
0.0103286
0.0170783
0.0197088
0.0185945
0.014801
0.0169841
0.015518
0.0162542
0.0155274
0.0164232
0.015797
0.0157204
0.0161341
0.0168474
0.0174409
0.0181458
0.0186392
0.0192332
0.000475034
0.00993443
0.0103733
0.0169757
0.0196483
0.0185832
0.0148523
0.0169358
0.015593
0.0162101
0.0155559
0.0163924
0.0158497
0.0156965
0.0161622
0.0168463
0.0174216
0.018108
0.0185672
0.0191258
0.000556745
0.0100228
0.0104188
0.0168743
0.0195862
0.0185691
0.0149054
0.0168859
0.0156683
0.016165
0.015587
0.0163594
0.0159018
0.0156764
0.0161831
0.0168504
0.0173965
0.0180669
0.0184951
0.0190201
0.000642645
0.0101105
0.0104657
0.0167737
0.0195226
0.0185527
0.0149609
0.016834
0.0157439
0.0161192
0.0156202
0.0163254
0.0159517
0.0156613
0.0161959
0.0168592
0.0173668
0.0180206
0.0184228
0.018916
0.000732515
0.0101976
0.0105147
0.0166737
0.0194577
0.0185345
0.0150189
0.0167802
0.0158197
0.0160727
0.0156547
0.0162918
0.015998
0.0156524
0.0162002
0.0168714
0.0173344
0.0179675
0.0183495
0.0188135
0.000826174
0.010284
0.0105664
0.0165741
0.0193917
0.0185147
0.0150799
0.0167245
0.0158957
0.0160262
0.0156897
0.0162601
0.0160393
0.0156503
0.0161962
0.0168854
0.0173012
0.0179074
0.0182744
0.0187129
0.000923497
0.0103698
0.0106213
0.0164747
0.0193248
0.0184933
0.0151437
0.0166672
0.0159717
0.0159802
0.0157238
0.016232
0.0160745
0.015655
0.0161847
0.0168988
0.0172686
0.0178408
0.0181974
0.0186143
0.00102447
0.0104551
0.0106795
0.0163753
0.0192568
0.0184701
0.0152102
0.0166084
0.0160473
0.0159357
0.0157558
0.0162088
0.0161029
0.0156662
0.0161669
0.0169095
0.0172372
0.0177683
0.0181182
0.0185184
0.00112918
0.0105397
0.0107412
0.0162755
0.0191877
0.018445
0.0152791
0.0165482
0.0161217
0.0158937
0.0157843
0.0161915
0.0161238
0.0156831
0.0161445
0.0169157
0.0172075
0.0176905
0.0180363
0.0184258
0.00123786
0.0106236
0.0108062
0.0161753
0.0191174
0.0184174
0.01535
0.016487
0.0161943
0.0158553
0.015808
0.016181
0.016137
0.015704
0.0161191
0.0169156
0.0171803
0.0176086
0.0179505
0.0183367
0.00135075
0.0107067
0.0108743
0.0160745
0.0190458
0.0183872
0.0154225
0.0164249
0.0162644
0.0158219
0.0158258
0.0161776
0.0161428
0.0157275
0.0160927
0.0169075
0.0171557
0.0175254
0.0178604
0.0182501
0.00146813
0.0107887
0.0109455
0.0159732
0.0189729
0.0183541
0.015496
0.0163624
0.0163308
0.0157948
0.0158368
0.0161813
0.0161419
0.0157512
0.0160672
0.0168901
0.017132
0.0174441
0.0177679
0.0181649
0.00159024
0.0108694
0.0110197
0.0158714
0.0188987
0.0183178
0.0155698
0.0163006
0.0163922
0.015775
0.01584
0.0161918
0.0161361
0.0157728
0.0160439
0.016863
0.017106
0.0173668
0.0176762
0.0180807
0.00171732
0.0109487
0.0110967
0.0157691
0.0188231
0.0182788
0.0156435
0.0162397
0.016448
0.0157635
0.0158354
0.016207
0.0161271
0.0157905
0.0160237
0.016828
0.0170752
0.0172922
0.0175875
0.0179985
0.00184959
0.0110262
0.0111765
0.0156664
0.0187462
0.0182368
0.0157167
0.0161809
0.0164968
0.0157605
0.0158238
0.0162258
0.0161165
0.0158034
0.0160051
0.0167869
0.0170407
0.0172198
0.0174985
0.0179204
0.00198726
0.0111017
0.0112592
0.0155633
0.018668
0.0181927
0.0157877
0.0161254
0.0165383
0.0157663
0.015805
0.0162473
0.0161058
0.0158112
0.0159874
0.0167393
0.0169968
0.0171491
0.0174231
0.0178458
0.00213056
0.011175
0.0113446
0.01546
0.0185882
0.0181473
0.0158563
0.0160732
0.0165716
0.0157818
0.0157788
0.0162702
0.0160958
0.0158125
0.0159708
0.0166853
0.0169439
0.017078
0.0173634
0.0177742
0.00227968
0.0112458
0.0114327
0.0153566
0.0185069
0.0181006
0.015922
0.0160257
0.0165952
0.0158066
0.0157487
0.01629
0.01609
0.0158056
0.0159538
0.016633
0.0168869
0.0170036
0.0172862
0.0177105
0.00243477
0.0113138
0.0115235
0.0152537
0.0184235
0.0180544
0.0159836
0.0159825
0.0166112
0.0158364
0.0157199
0.0163019
0.0160915
0.0157927
0.0159331
0.0165798
0.0168241
0.0169204
0.0172156
0.0176574
0.00259617
0.0113787
0.0116172
0.0151508
0.0183383
0.0180084
0.0160421
0.0159418
0.0166217
0.0158699
0.0156924
0.0163066
0.0160991
0.015775
0.0159099
0.0165293
0.0167625
0.016832
0.0170971
0.0176117
0.00276391
0.0114401
0.011713
0.015049
0.0182509
0.0179637
0.0160962
0.0159064
0.016622
0.0159126
0.0156622
0.0163087
0.0161083
0.0157514
0.0158796
0.0164649
0.0166969
0.0167461
0.0170177
0.0175702
0.00293799
0.0114982
0.0118111
0.0149503
0.0181601
0.0179227
0.0161436
0.0158775
0.016611
0.0159619
0.015631
0.0163066
0.0161192
0.0157199
0.0158352
0.0163962
0.0166285
0.0166624
0.0169847
0.0175313
0.00311907
0.0115522
0.0119116
0.0148518
0.0180666
0.0178825
0.0161904
0.0158454
0.0166035
0.0160072
0.0156101
0.0162951
0.0161309
0.0156926
0.0157834
0.0163271
0.0165717
0.0165813
0.0168441
0.0174962
0.0033068
0.0116019
0.0120133
0.0147555
0.0179697
0.0178453
0.0162341
0.0158155
0.0165891
0.0160584
0.015589
0.0162752
0.0161436
0.0156549
0.0157187
0.0162576
0.0165127
0.0165109
0.0167697
0.0174595
0.00350088
0.0116481
0.0121161
0.0146703
0.0178681
0.0178131
0.0162706
0.0157933
0.0165577
0.0161169
0.0155652
0.0162475
0.016159
0.0155981
0.0156399
0.0161846
0.0164517
0.016453
0.0167725
0.0174158
0.00370244
0.0116898
0.01222
0.0145798
0.0177629
0.0177799
0.0163134
0.0157603
0.0165426
0.0161682
0.0155519
0.0162071
0.0161708
0.0155742
0.0155627
0.0161019
0.0164072
0.0163994
0.0165925
0.0173687
0.00391065
0.0117272
0.0123238
0.0144834
0.0176531
0.0177488
0.0163558
0.015728
0.0165205
0.016225
0.0155417
0.0161528
0.0161771
0.0155353
0.0154694
0.0160114
0.0163545
0.0163676
0.0165375
0.0173214
0.00412493
0.0117617
0.0124268
0.0144753
0.0175378
0.0177224
0.016392
0.0157065
0.0164684
0.0162957
0.0155297
0.0160801
0.0161706
0.0155044
0.0153639
0.0159104
0.0162888
0.0163503
0.0166195
0.0172791
0.00434697
0.0117918
0.0125288
0.0143753
0.0174203
0.0176905
0.0164422
0.0156722
0.0164372
0.0163613
0.0155327
0.016
0.0161669
0.0154871
0.0152715
0.0157928
0.016228
0.0163084
0.0164441
0.0172502
0.00457496
0.0118191
0.0126281
0.0143112
0.0172995
0.0176585
0.0164915
0.0156441
0.0163884
0.0164288
0.015555
0.015893
0.0161406
0.0154854
0.0151757
0.0156541
0.0161309
0.0162773
0.0164445
0.0172421
0.00480877
0.0118449
0.0127242
0.0142978
0.0171755
0.0176272
0.0165347
0.0156318
0.0162949
0.016502
0.0155763
0.015782
0.016096
0.0154953
0.0150757
0.0154978
0.0159965
0.0162604
0.0166371
0.0172529
0.00505012
0.0118677
0.0128173
0.0142304
0.0170537
0.0175845
0.0165982
0.0156065
0.0162255
0.0165639
0.0156172
0.0156783
0.016043
0.0155352
0.0150103
0.0153239
0.0158449
0.0161403
0.016444
0.0172837
0.00529616
0.01189
0.0129058
0.014201
0.016933
0.0175372
0.0166605
0.015586
0.0161537
0.016605
0.015681
0.0155754
0.0159729
0.0155697
0.0149657
0.0151417
0.015658
0.0159758
0.0163602
0.0173555
0.00554798
0.0119127
0.0129893
0.0142328
0.0168142
0.0174871
0.016715
0.0155865
0.0160482
0.0166312
0.0157548
0.0154805
0.0158762
0.015594
0.0149455
0.0149705
0.0154484
0.0158305
0.0163385
0.0174321
0.0058059
0.0119349
0.0130682
0.0141845
0.0166997
0.0174305
0.0167705
0.0155957
0.0159382
0.0166408
0.0158355
0.0154025
0.0157629
0.0155998
0.0149468
0.014815
0.0152373
0.0157008
0.0163256
0.0175113
0.00606788
0.0119587
0.0131424
0.0142079
0.0165906
0.01737
0.0168192
0.0156118
0.0158286
0.0166259
0.0159258
0.0153496
0.0156318
0.0155754
0.0149623
0.0146894
0.0150401
0.0155748
0.0163218
0.0175921
0.00633468
0.0119849
0.0132119
0.0142368
0.0164881
0.017306
0.0168607
0.0156384
0.0157134
0.0165883
0.0160266
0.0153119
0.0154843
0.0155236
0.0149904
0.0146056
0.0148672
0.0154535
0.0163049
0.0176628
0.0066057
0.0120133
0.0132776
0.0142475
0.0163917
0.0172394
0.0168954
0.0156709
0.0156011
0.0165339
0.0161262
0.0152893
0.0153381
0.0154523
0.01502
0.014561
0.0147167
0.0153231
0.0162727
0.0177195
0.00688037
0.0120447
0.0133398
0.0142431
0.0163018
0.0171733
0.0169208
0.0157075
0.0154984
0.0164602
0.0162131
0.0152923
0.0152056
0.0153543
0.0150336
0.0145535
0.0146022
0.0151961
0.0162142
0.0177551
0.00715833
0.0120797
0.0133992
0.0142383
0.016218
0.0171076
0.0169361
0.0157496
0.0154058
0.0163669
0.0162884
0.0153237
0.0150845
0.0152301
0.0150298
0.0145788
0.0145283
0.0150705
0.0161278
0.0177688
0.00743922
0.0121187
0.0134564
0.0142336
0.0161382
0.017044
0.0169435
0.0157928
0.015322
0.0162574
0.0163502
0.0153744
0.0149767
0.0150964
0.0150079
0.0146185
0.0144843
0.0149513
0.0160287
0.0177743
0.00772266
0.0121619
0.0135123
0.0142284
0.0160609
0.016983
0.0169439
0.0158356
0.0152499
0.0161366
0.0163908
0.0154388
0.014892
0.0149641
0.0149608
0.0146525
0.0144664
0.0148602
0.0159432
0.0177743
0.00800828
0.0122099
0.0135668
0.014225
0.0159851
0.0169236
0.0169377
0.015878
0.015194
0.0160097
0.0164066
0.0155151
0.0148331
0.0148328
0.0148845
0.0146718
0.0144787
0.0148099
0.015873
0.0177631
0.00829517
0.0122634
0.0136207
0.0142239
0.0159085
0.0168643
0.0169286
0.0159197
0.0151533
0.0158787
0.0163973
0.0155992
0.014798
0.0147057
0.0147895
0.0146787
0.0145146
0.0147918
0.0158176
0.0177509
0.00858327
0.0123217
0.0136759
0.0142235
0.015829
0.0168046
0.0169197
0.0159601
0.0151269
0.0157492
0.016366
0.0156843
0.0147853
0.0145912
0.0146875
0.0146668
0.014553
0.014798
0.0157931
0.0177519
0.00887269
0.0123847
0.0137323
0.0142248
0.0157509
0.0167444
0.0168946
0.0159978
0.0151139
0.0156259
0.0163126
0.0157623
0.0147981
0.0144957
0.0145793
0.0146299
0.014585
0.0148332
0.0158071
0.0177683
0.00916182
0.0124536
0.0137908
0.0142299
0.0156692
0.0166762
0.0168717
0.0160361
0.0151142
0.0155109
0.0162378
0.0158297
0.0148356
0.0144177
0.0144673
0.0145756
0.014614
0.0148943
0.0158513
0.0177976
0.00945046
0.0125286
0.0138513
0.0142384
0.0155822
0.016604
0.0168499
0.0160742
0.0151258
0.0154065
0.0161464
0.0158812
0.0148911
0.014362
0.0143632
0.0145103
0.0146302
0.0149573
0.0159106
0.0178437
0.00973839
0.012609
0.0139132
0.0142505
0.0154933
0.0165281
0.0168274
0.0161123
0.015148
0.0153154
0.0160417
0.0159105
0.0149604
0.014334
0.0142694
0.0144314
0.0146259
0.0150141
0.0159872
0.0179133
0.0100248
0.0126939
0.0139765
0.0142681
0.0154046
0.0164474
0.0168049
0.0161525
0.0151791
0.015235
0.0159257
0.0159153
0.0150353
0.014329
0.0141872
0.0143494
0.014609
0.0150661
0.016077
0.0179986
0.0103093
0.0127837
0.0140408
0.0142919
0.0153183
0.0163616
0.0167792
0.016192
0.0152147
0.0151652
0.0158047
0.0158977
0.0151086
0.0143477
0.0141301
0.0142759
0.0145793
0.0151027
0.0161623
0.0180891
0.0105918
0.0128775
0.0141054
0.0143235
0.0152368
0.0162693
0.0167463
0.0162291
0.0152578
0.0151111
0.0156856
0.0158591
0.0151758
0.014389
0.014096
0.0142048
0.0145351
0.0151238
0.0162384
0.0181808
0.0108717
0.0129752
0.0141702
0.0143634
0.0151619
0.0161706
0.0167047
0.0162645
0.0153095
0.0150729
0.01557
0.0158006
0.015231
0.0144423
0.014076
0.0141417
0.0144928
0.0151361
0.0162988
0.0182658
0.0111487
0.0130765
0.0142343
0.0144107
0.0150965
0.0160675
0.0166536
0.0162967
0.0153678
0.0150492
0.015461
0.0157255
0.0152689
0.0145012
0.0140751
0.0140987
0.0144542
0.0151326
0.016339
0.0183429
0.0114225
0.0131816
0.0142975
0.0144642
0.0150428
0.0159624
0.0165913
0.016323
0.0154309
0.0150399
0.0153625
0.0156381
0.0152873
0.0145648
0.0140948
0.0140698
0.0144124
0.0151175
0.0163689
0.0184148
0.0116927
0.0132901
0.0143598
0.0145229
0.0150019
0.0158582
0.0165181
0.0163409
0.0154971
0.0150444
0.0152774
0.0155435
0.0152858
0.0146278
0.0141284
0.0140513
0.0143737
0.0151007
0.0163918
0.0184764
0.0119588
0.0134021
0.014421
0.0145858
0.0149745
0.0157583
0.0164349
0.0163479
0.0155646
0.0150619
0.0152071
0.0154467
0.0152643
0.0146837
0.0141724
0.0140466
0.0143431
0.0150818
0.0164042
0.0185273
0.0122204
0.0135175
0.0144815
0.0146541
0.0149604
0.0156658
0.0163437
0.016342
0.0156311
0.0150903
0.0151513
0.0153538
0.0152258
0.014727
0.0142232
0.0140563
0.0143212
0.0150603
0.0164084
0.0185712
0.0124771
0.0136361
0.0145311
0.0147203
0.0149585
0.0155834
0.0162473
0.0163219
0.0156935
0.0151277
0.0151101
0.0152701
0.0151747
0.0147531
0.0142752
0.0140789
0.0143083
0.0150385
0.0164081
0.0186088
0.0127285
0.0137581
0.0145888
0.0147856
0.0149677
0.0155127
0.0161485
0.0162875
0.0157488
0.0151728
0.0150823
0.0151977
0.0151161
0.0147603
0.0143223
0.0141094
0.0143046
0.0150216
0.0164065
0.0186405
0.0129742
0.0138832
0.014647
0.0148495
0.0149866
0.0154546
0.0160509
0.0162402
0.0157939
0.0152239
0.0150658
0.0151361
0.0150559
0.0147512
0.0143584
0.0141429
0.0143123
0.0150129
0.0164047
0.0186673
0.0132137
0.014011
0.0147062
0.0149115
0.0150132
0.0154095
0.0159581
0.0161822
0.0158255
0.015278
0.0150592
0.0150837
0.0149991
0.0147299
0.0143816
0.0141769
0.0143298
0.0150117
0.0164045
0.0186901
0.0134469
0.0141412
0.0147666
0.0149716
0.0150461
0.0153769
0.0158727
0.0161163
0.015842
0.0153317
0.0150612
0.0150392
0.0149479
0.0147019
0.0143931
0.0142068
0.0143512
0.0150176
0.0164075
0.0187093
0.0136733
0.0142735
0.0148283
0.0150293
0.0150836
0.0153559
0.0157962
0.0160461
0.0158436
0.0153806
0.0150714
0.0150014
0.0149017
0.0146711
0.0143938
0.0142284
0.0143731
0.0150292
0.0164139
0.018726
0.0138926
0.0144073
0.0148924
0.0150852
0.0151241
0.0153452
0.0157299
0.0159749
0.0158312
0.0154208
0.0150888
0.0149702
0.0148585
0.0146389
0.0143854
0.0142409
0.0143921
0.0150436
0.0164237
0.0187417
0.0141046
0.0145422
0.0149587
0.0151392
0.0151665
0.0153438
0.0156742
0.015905
0.0158077
0.0154494
0.0151101
0.0149463
0.0148177
0.0146056
0.0143696
0.014244
0.0144048
0.0150571
0.0164351
0.0187561
0.0143089
0.0146774
0.0150275
0.015192
0.0152098
0.01535
0.015629
0.0158388
0.0157764
0.015465
0.0151303
0.0149296
0.0147796
0.0145713
0.0143476
0.0142377
0.0144088
0.0150655
0.0164439
0.0187672
0.0145054
0.0148124
0.015099
0.015244
0.0152534
0.0153621
0.015594
0.0157774
0.01574
0.015469
0.0151443
0.0149173
0.0147452
0.0145376
0.014322
0.0142232
0.0144034
0.0150656
0.0164463
0.0187717
0.014694
0.0149464
0.0151732
0.0152956
0.0152969
0.0153789
0.0155689
0.0157208
0.015699
0.0154643
0.0151494
0.0149045
0.0147121
0.014504
0.0142942
0.0142024
0.0143893
0.0150571
0.0164415
0.018769
0.0148745
0.0150788
0.0152488
0.0153474
0.015341
0.0153992
0.015553
0.0156705
0.0156539
0.015453
0.0151473
0.0148877
0.0146759
0.0144653
0.0142608
0.0141738
0.0143653
0.0150374
0.0164269
0.0187591
0.0150465
0.0152092
0.0153269
0.0153995
0.015385
0.0154212
0.0155441
0.0156293
0.0156062
0.0154357
0.0151411
0.014868
0.0146375
0.014421
0.014221
0.014137
0.01433
0.0150034
0.0163964
0.018734
0.0152099
0.0153366
0.0154063
0.0154525
0.0154302
0.0154438
0.0155385
0.0155957
0.0155553
0.0154086
0.0151298
0.0148457
0.0145985
0.014374
0.0141777
0.0140957
0.0142872
0.0149578
0.0163509
0.0186921
0.0153643
0.0154607
0.0154873
0.0155063
0.0154774
0.0154701
0.0155343
0.0155685
0.0155041
0.0153693
0.0151115
0.0148197
0.014555
0.0143195
0.0141248
0.0140448
0.0142334
0.014899
0.0162901
0.0186348
0.0155089
0.0155807
0.0155697
0.0155611
0.0155253
0.0154995
0.0155304
0.0155459
0.0154573
0.0153205
0.0150856
0.0147921
0.0145096
0.0142579
0.0140608
0.0139827
0.0141687
0.0148271
0.016212
0.0185558
0.0156449
0.0156937
0.0156519
0.0156192
0.0155772
0.0155339
0.0155268
0.0155217
0.0154135
0.0152639
0.0150482
0.0147592
0.0144617
0.014191
0.0139852
0.0139063
0.0140908
0.0147447
0.016121
0.0184542
0.0157703
0.0158045
0.0157423
0.0156885
0.0156393
0.0155828
0.0155294
0.0154955
0.0153768
0.0152132
0.0150073
0.014725
0.014415
0.0141232
0.0138992
0.013811
0.0139908
0.0146396
0.0160074
0.0183307
0.0158732
0.0159011
0.0157985
0.0157333
0.0156853
0.0156203
0.0155275
0.0154619
0.0153401
0.0151677
0.0149652
0.0146888
0.0143687
0.0140558
0.0138073
0.0137015
0.0138706
0.0145121
0.0158718
0.0181887
0.0159983
0.0160083
0.0159283
0.0158275
0.0157319
0.0156154
0.0154716
0.0153782
0.0152698
0.015112
0.0149144
0.0146429
0.0143145
0.0139809
0.0137042
0.013571
0.0137151
0.0143351
0.0156794
0.0179863
0.0160063
0.0160533
0.0160096
0.0159941
0.0159405
0.0157775
0.0154914
0.0153224
0.0152251
0.0150842
0.0148837
0.0146068
0.0142669
0.0139098
0.0135969
0.0134215
0.0135204
0.014095
0.0153951
0.01766
0.0162223
0.016217
0.0160826
0.0158891
0.0157635
0.0156269
0.0154398
0.0153126
0.0152326
0.0151083
0.0149049
0.0146292
0.0143003
0.0139558
0.0136447
0.0134435
0.0134884
0.0139797
0.0151737
0.0173173
0.0161759
0.0162725
0.0160921
0.0160396
0.0159394
0.0157185
0.0154538
0.0152943
0.0151569
0.0150077
0.0147497
0.0144461
0.0140998
0.01378
0.0135414
0.0134668
0.0136349
0.0142162
0.0154519
0.017608
0.0164532
0.0163367
0.0161367
0.015943
0.0158097
0.0157309
0.0156096
0.0155274
0.0154396
0.015287
0.0150135
0.0146725
0.0142543
0.0137494
0.013182
0.0126599
0.012369
0.0125529
0.0134869
0.0154065
0.0166857
0.0162953
0.0160162
0.0158339
0.0157583
0.0155077
0.0152636
0.0152059
0.0151071
0.0148973
0.0146058
0.0143273
0.0142871
0.0145966
0.0152795
0.0162448
0.0173102
0.0181753
0.0184756
0.0178834
0.0167366
0.0163662
0.0160977
0.0159929
0.016049
0.0161657
0.0160458
0.0158534
0.0157054
0.0153848
0.0148952
0.0142822
0.0135663
0.0127798
0.0119525
0.011184
0.0106494
0.0105845
0.011267
0.0129413
0.016917
0.0163585
0.0160359
0.0159146
0.0159334
0.0157824
0.0155432
0.0151889
0.0149282
0.0148131
0.0146387
0.0143337
0.0140826
0.0140141
0.0142565
0.0148118
0.0155786
0.0162677
0.0164841
0.0158616
0.0169335
0.016355
0.0160269
0.0160462
0.0163269
0.0165664
0.0165402
0.016445
0.0162084
0.0156533
0.01479
0.0136314
0.0122221
0.0106969
0.00926805
0.00813614
0.00746786
0.00744358
0.00828456
0.0101863
0.0228188
0.0136923
0.0109629
0.0130977
0.0156654
0.0176824
0.0193087
0.0207368
0.0220118
0.0233096
0.0249091
0.0265576
0.0279187
0.0292928
0.0308367
0.0323531
0.0338608
0.0354132
0.0370469
0.0387949
0.0405533
0.0421618
0.0437598
0.0455968
0.0476608
0.0497651
0.051849
0.0540065
0.0562428
0.0585401
0.0608834
0.0633822
0.0659747
0.0686837
0.071449
0.0743075
0.0772737
0.0803636
0.0836034
0.0869095
0.0903658
0.0938478
0.0975429
0.101292
0.105185
0.109253
0.113294
0.117657
0.121701
0.12587
0.0226814
0.0137549
0.0110043
0.0131134
0.015674
0.0176884
0.0193133
0.0207406
0.0220148
0.0233119
0.0249108
0.0265591
0.0279201
0.029294
0.0308377
0.0323541
0.0338618
0.0354141
0.0370477
0.0387957
0.040554
0.0421624
0.0437604
0.0455972
0.0476612
0.0497655
0.0518493
0.0540068
0.0562431
0.0585404
0.0608836
0.0633824
0.0659749
0.0686839
0.0714492
0.0743077
0.0772739
0.0803637
0.0836035
0.0869096
0.0903659
0.0938479
0.097543
0.101292
0.105185
0.109253
0.113294
0.117657
0.121701
0.12587
0.022475
0.0138471
0.0110721
0.013135
0.0156839
0.0176946
0.0193178
0.0207441
0.0220177
0.0233141
0.0249125
0.0265605
0.0279213
0.029295
0.0308387
0.032355
0.0338626
0.0354149
0.0370484
0.0387963
0.0405546
0.042163
0.0437608
0.0455976
0.0476616
0.0497659
0.0518496
0.0540071
0.0562433
0.0585406
0.0608838
0.0633826
0.0659751
0.0686841
0.0714494
0.0743078
0.077274
0.0803639
0.0836036
0.0869097
0.090366
0.093848
0.0975431
0.101292
0.105185
0.109253
0.113294
0.117657
0.121701
0.12587
0.0222783
0.0139725
0.0111757
0.0131691
0.0156978
0.0177027
0.019323
0.0207481
0.022021
0.0233168
0.0249146
0.0265622
0.0279226
0.029296
0.0308396
0.0323559
0.0338634
0.0354157
0.0370491
0.038797
0.0405553
0.0421636
0.0437612
0.045598
0.047662
0.0497662
0.0518499
0.0540074
0.0562436
0.0585409
0.060884
0.0633828
0.0659753
0.0686842
0.0714495
0.074308
0.0772742
0.080364
0.0836038
0.0869099
0.0903661
0.0938481
0.0975432
0.101292
0.105185
0.109253
0.113294
0.117657
0.121701
0.12587
0.0220991
0.0141242
0.0113093
0.0132159
0.0157169
0.0177136
0.0193298
0.020753
0.0220254
0.0233206
0.0249175
0.0265643
0.0279241
0.0292972
0.0308407
0.0323568
0.0338643
0.0354165
0.0370499
0.0387977
0.040556
0.0421642
0.0437617
0.0455984
0.0476624
0.0497666
0.0518503
0.0540077
0.0562439
0.0585411
0.0608842
0.063383
0.0659755
0.0686844
0.0714497
0.0743081
0.0772743
0.0803641
0.0836039
0.08691
0.0903662
0.0938482
0.0975433
0.101293
0.105185
0.109253
0.113294
0.117657
0.121701
0.12587
0.0219248
0.0142892
0.0114597
0.013271
0.01574
0.0177273
0.0193384
0.0207591
0.0220308
0.0233257
0.0249215
0.026567
0.0279259
0.0292987
0.0308419
0.0323577
0.0338651
0.0354173
0.0370506
0.0387985
0.0405569
0.042165
0.0437623
0.0455988
0.0476628
0.0497671
0.0518507
0.054008
0.0562442
0.0585414
0.0608845
0.0633832
0.0659757
0.0686846
0.0714499
0.0743083
0.0772745
0.0803643
0.083604
0.0869101
0.0903663
0.0938483
0.0975434
0.101293
0.105185
0.109253
0.113294
0.117657
0.121701
0.12587
0.0217466
0.01446
0.01162
0.0133307
0.0157652
0.0177429
0.0193487
0.0207663
0.0220374
0.0233322
0.0249266
0.0265703
0.0279282
0.0293005
0.0308433
0.0323588
0.033866
0.0354181
0.0370514
0.0387992
0.0405579
0.0421659
0.0437629
0.0455993
0.0476634
0.0497676
0.0518511
0.0540084
0.0562445
0.0585417
0.0608847
0.0633835
0.0659759
0.0686848
0.0714501
0.0743085
0.0772746
0.0803644
0.0836042
0.0869102
0.0903665
0.0938484
0.0975435
0.101293
0.105185
0.109253
0.113294
0.117657
0.121701
0.125871
0.0215634
0.014635
0.0117887
0.0133937
0.0157916
0.0177598
0.0193602
0.0207746
0.022045
0.0233398
0.0249327
0.0265742
0.0279308
0.0293026
0.030845
0.0323601
0.0338671
0.035419
0.037052
0.0387999
0.0405589
0.0421669
0.0437636
0.0455999
0.047664
0.0497681
0.0518516
0.0540089
0.0562449
0.0585421
0.060885
0.0633837
0.0659762
0.068685
0.0714503
0.0743086
0.0772748
0.0803646
0.0836043
0.0869104
0.0903666
0.0938486
0.0975436
0.101293
0.105185
0.109253
0.113294
0.117657
0.121702
0.125871
0.021378
0.0148141
0.0119655
0.0134595
0.0158188
0.0177775
0.0193728
0.0207837
0.0220533
0.0233482
0.0249394
0.0265785
0.0279337
0.029305
0.0308469
0.0323616
0.0338685
0.0354202
0.0370527
0.0388005
0.0405599
0.0421681
0.0437645
0.0456007
0.0476647
0.0497687
0.0518521
0.0540094
0.0562454
0.0585425
0.0608854
0.063384
0.0659764
0.0686853
0.0714505
0.0743088
0.077275
0.0803648
0.0836045
0.0869106
0.0903668
0.0938487
0.0975437
0.101293
0.105186
0.109253
0.113295
0.117658
0.121702
0.125871
0.0211939
0.0149962
0.0121494
0.013528
0.0158464
0.0177959
0.0193861
0.0207936
0.022062
0.0233569
0.0249466
0.0265831
0.0279368
0.0293076
0.030849
0.0323633
0.0338703
0.0354218
0.0370535
0.0388009
0.0405607
0.0421693
0.0437656
0.0456016
0.0476655
0.0497695
0.0518527
0.0540099
0.0562459
0.058543
0.0608858
0.0633843
0.0659767
0.0686855
0.0714508
0.0743091
0.0772752
0.0803649
0.0836047
0.0869107
0.0903669
0.0938488
0.0975439
0.101293
0.105186
0.109253
0.113295
0.117658
0.121703
0.125872
0.0210134
0.0151791
0.0123392
0.013599
0.0158745
0.0178149
0.0194001
0.020804
0.0220711
0.023366
0.0249541
0.0265879
0.0279402
0.0293104
0.0308511
0.032365
0.0338725
0.0354239
0.0370545
0.0388011
0.0405613
0.0421704
0.0437667
0.0456027
0.0476665
0.0497703
0.0518534
0.0540106
0.0562466
0.0585436
0.0608863
0.0633848
0.0659771
0.0686858
0.071451
0.0743093
0.0772754
0.0803651
0.0836049
0.0869109
0.0903671
0.093849
0.097544
0.101293
0.105186
0.109254
0.113295
0.117658
0.121703
0.125872
0.0208376
0.0153605
0.0125335
0.0136726
0.015903
0.0178346
0.0194149
0.0208149
0.0220805
0.0233752
0.0249617
0.0265929
0.0279436
0.0293133
0.0308532
0.0323668
0.0338748
0.0354264
0.0370559
0.0388012
0.0405616
0.0421712
0.0437678
0.045604
0.0476677
0.0497712
0.0518541
0.0540113
0.0562473
0.0585443
0.0608869
0.0633853
0.0659775
0.0686862
0.0714514
0.0743096
0.0772756
0.0803653
0.0836051
0.0869111
0.0903673
0.0938492
0.0975442
0.101293
0.105186
0.109254
0.113295
0.117658
0.121704
0.125873
0.0206669
0.0155393
0.0127315
0.0137488
0.0159319
0.0178548
0.0194305
0.0208266
0.0220902
0.0233846
0.0249695
0.0265981
0.0279471
0.0293163
0.0308554
0.0323684
0.0338772
0.0354293
0.0370576
0.0388012
0.0405614
0.0421716
0.0437688
0.0456053
0.0476691
0.0497723
0.0518549
0.054012
0.056248
0.058545
0.0608876
0.0633859
0.0659779
0.0686866
0.0714518
0.0743099
0.0772759
0.0803655
0.0836053
0.0869113
0.0903675
0.0938494
0.0975444
0.101294
0.105186
0.109254
0.113295
0.117658
0.121705
0.125874
0.0205012
0.0157148
0.0129331
0.013828
0.0159612
0.0178755
0.0194469
0.0208389
0.0221003
0.0233942
0.0249776
0.0266034
0.0279508
0.0293194
0.0308576
0.03237
0.0338795
0.0354323
0.0370596
0.0388012
0.0405607
0.0421715
0.0437694
0.0456067
0.0476708
0.0497735
0.0518558
0.0540127
0.0562487
0.0585458
0.0608885
0.0633866
0.0659785
0.068687
0.0714522
0.0743104
0.0772763
0.0803658
0.0836055
0.0869115
0.0903678
0.0938496
0.0975446
0.101294
0.105186
0.109254
0.113295
0.117659
0.121706
0.125875
0.0203402
0.0158871
0.0131388
0.0139109
0.015991
0.0178967
0.0194643
0.0208521
0.0221109
0.023404
0.0249858
0.0266088
0.0279545
0.0293226
0.0308598
0.0323715
0.0338817
0.0354353
0.0370617
0.038801
0.0405596
0.042171
0.0437697
0.045608
0.0476726
0.0497749
0.0518567
0.0540134
0.0562494
0.0585466
0.0608894
0.0633876
0.0659792
0.0686875
0.0714527
0.0743109
0.0772767
0.0803661
0.0836057
0.0869118
0.090368
0.0938498
0.0975448
0.101294
0.105187
0.109254
0.113296
0.117659
0.121707
0.125876
0.0201835
0.0160562
0.0133492
0.013998
0.0160213
0.0179183
0.0194827
0.0208663
0.0221221
0.0234142
0.0249943
0.0266143
0.0279584
0.0293259
0.0308622
0.032373
0.0338837
0.0354381
0.0370638
0.0388007
0.040558
0.04217
0.0437697
0.0456092
0.0476744
0.0497765
0.0518577
0.0540142
0.05625
0.0585474
0.0608904
0.0633886
0.06598
0.068688
0.0714532
0.0743114
0.0772772
0.0803664
0.083606
0.086912
0.0903682
0.0938501
0.0975451
0.101294
0.105187
0.109255
0.113296
0.117659
0.121708
0.125878
0.0200306
0.0162224
0.0135647
0.01409
0.0160522
0.0179401
0.019502
0.0208813
0.022134
0.0234247
0.0250029
0.0266199
0.0279623
0.0293293
0.0308647
0.0323745
0.0338857
0.0354408
0.0370657
0.0388002
0.0405558
0.0421685
0.0437696
0.0456102
0.0476762
0.0497781
0.0518588
0.054015
0.0562507
0.0585481
0.0608913
0.0633898
0.0659809
0.0686886
0.0714538
0.0743121
0.0772777
0.0803668
0.0836062
0.0869122
0.0903685
0.0938503
0.0975453
0.101295
0.105187
0.109255
0.113296
0.11766
0.12171
0.12588
0.0198818
0.0163854
0.0137859
0.0141876
0.0160838
0.0179621
0.0195222
0.0208973
0.0221465
0.0234357
0.0250119
0.0266255
0.0279664
0.0293329
0.0308674
0.0323762
0.0338876
0.0354433
0.0370676
0.0387997
0.0405532
0.0421668
0.0437695
0.0456112
0.047678
0.0497798
0.0518599
0.0540158
0.0562514
0.0585487
0.0608923
0.063391
0.0659819
0.0686892
0.0714543
0.0743128
0.0772784
0.0803673
0.0836065
0.0869124
0.0903687
0.0938505
0.0975456
0.101295
0.105187
0.109255
0.113297
0.11766
0.121711
0.125881
0.0197372
0.0165452
0.0140128
0.0142915
0.0161161
0.017984
0.0195433
0.0209143
0.0221598
0.023447
0.0250211
0.0266312
0.0279707
0.0293367
0.0308704
0.0323781
0.0338894
0.0354458
0.0370693
0.0387991
0.0405503
0.0421649
0.0437697
0.0456123
0.0476796
0.0497814
0.051861
0.0540167
0.0562522
0.0585494
0.0608932
0.0633922
0.0659831
0.0686898
0.0714549
0.0743135
0.0772792
0.0803678
0.0836068
0.0869126
0.0903689
0.0938508
0.0975459
0.101295
0.105188
0.109256
0.113297
0.117661
0.121713
0.125883
0.0195976
0.0167012
0.0142453
0.0144025
0.0161496
0.0180057
0.0195652
0.0209322
0.0221737
0.0234588
0.0250307
0.0266371
0.0279752
0.0293407
0.0308736
0.0323802
0.0338914
0.0354482
0.0370711
0.0387986
0.0405472
0.0421631
0.0437704
0.0456138
0.0476811
0.0497828
0.051862
0.0540176
0.056253
0.0585501
0.0608941
0.0633934
0.0659843
0.0686905
0.0714554
0.0743142
0.0772801
0.0803685
0.0836072
0.0869128
0.0903691
0.093851
0.0975461
0.101295
0.105188
0.109256
0.113298
0.117662
0.121716
0.125886
0.0194634
0.0168531
0.0144831
0.014521
0.0161842
0.0180272
0.0195878
0.0209511
0.0221883
0.0234711
0.0250406
0.0266433
0.0279801
0.029345
0.0308771
0.0323828
0.0338936
0.0354507
0.0370729
0.0387983
0.040544
0.0421616
0.0437719
0.0456158
0.0476825
0.0497841
0.0518631
0.0540185
0.0562537
0.0585509
0.0608952
0.0633946
0.0659854
0.0686911
0.0714559
0.074315
0.077281
0.0803692
0.0836076
0.0869129
0.0903693
0.0938512
0.0975464
0.101296
0.105188
0.109257
0.113298
0.117663
0.121718
0.125888
0.0193354
0.0170002
0.0147254
0.0146477
0.0162204
0.0180481
0.019611
0.020971
0.0222035
0.0234839
0.0250509
0.0266498
0.0279855
0.0293498
0.0308811
0.0323858
0.0338961
0.0354532
0.0370749
0.0387983
0.040541
0.0421605
0.0437742
0.0456185
0.047684
0.0497852
0.051864
0.0540194
0.0562545
0.0585517
0.0608964
0.0633957
0.0659866
0.0686918
0.0714565
0.0743157
0.0772819
0.08037
0.083608
0.0869131
0.0903694
0.0938514
0.0975467
0.101296
0.105189
0.109257
0.113299
0.117663
0.12172
0.125891
0.0192145
0.0171421
0.0149715
0.0147832
0.0162586
0.0180685
0.0196346
0.0209918
0.0222194
0.0234973
0.0250618
0.0266569
0.0279913
0.029355
0.0308855
0.0323894
0.0338988
0.0354559
0.037077
0.0387986
0.0405382
0.0421599
0.0437775
0.045622
0.0476855
0.0497861
0.051865
0.0540203
0.0562553
0.0585526
0.0608977
0.063397
0.0659876
0.0686925
0.071457
0.0743164
0.0772828
0.0803708
0.0836084
0.0869133
0.0903696
0.0938516
0.097547
0.101296
0.105189
0.109257
0.113299
0.117664
0.121723
0.125894
0.0191016
0.0172784
0.0152205
0.0149278
0.0162992
0.0180882
0.0196586
0.0210136
0.022236
0.0235113
0.0250732
0.0266647
0.0279977
0.0293607
0.0308903
0.0323935
0.0339019
0.0354586
0.0370794
0.0387992
0.0405357
0.0421597
0.0437816
0.0456262
0.0476872
0.0497869
0.0518659
0.0540213
0.056256
0.0585535
0.0608992
0.0633983
0.0659885
0.0686931
0.0714575
0.0743172
0.0772838
0.0803716
0.0836089
0.0869135
0.0903697
0.0938518
0.0975473
0.101296
0.105189
0.109258
0.1133
0.117665
0.121726
0.125897
0.0189972
0.017409
0.0154715
0.0150819
0.0163429
0.018107
0.0196827
0.0210363
0.0222533
0.0235259
0.0250852
0.0266731
0.0280047
0.0293669
0.0308956
0.0323981
0.0339054
0.0354614
0.0370819
0.0388
0.0405334
0.0421598
0.0437866
0.0456311
0.0476891
0.0497875
0.0518667
0.0540223
0.0562567
0.0585545
0.0609008
0.0633997
0.0659895
0.0686937
0.0714581
0.074318
0.0772847
0.0803725
0.0836094
0.0869137
0.0903699
0.093852
0.0975477
0.101297
0.10519
0.109258
0.113301
0.117666
0.121729
0.1259
0.0189016
0.0175338
0.0157235
0.0152459
0.0163902
0.018125
0.0197065
0.0210601
0.0222715
0.0235412
0.0250978
0.0266821
0.0280123
0.0293736
0.0309014
0.0324031
0.0339091
0.0354644
0.0370846
0.0388011
0.0405313
0.0421603
0.043792
0.0456365
0.0476912
0.0497881
0.0518676
0.0540234
0.0562574
0.0585556
0.0609025
0.0634013
0.0659904
0.0686944
0.0714587
0.0743189
0.0772858
0.0803735
0.0836099
0.0869139
0.0903701
0.0938523
0.097548
0.101297
0.10519
0.109259
0.113301
0.117667
0.121733
0.125904
0.0188147
0.0176529
0.0159753
0.0154197
0.0164422
0.0181421
0.01973
0.0210848
0.0222905
0.0235571
0.0251111
0.0266919
0.0280205
0.0293809
0.0309076
0.0324086
0.0339132
0.0354674
0.0370874
0.0388022
0.0405294
0.0421609
0.043798
0.0456424
0.0476933
0.0497886
0.0518685
0.0540245
0.0562582
0.0585568
0.0609044
0.063403
0.0659914
0.0686951
0.0714593
0.0743198
0.0772868
0.0803744
0.0836105
0.0869142
0.0903703
0.0938525
0.0975484
0.101297
0.10519
0.109259
0.113302
0.117668
0.121736
0.125907
0.0187367
0.0177666
0.0162261
0.0156033
0.0164996
0.0181585
0.0197528
0.0211104
0.0223106
0.0235737
0.025125
0.0267022
0.0280292
0.0293886
0.0309143
0.0324145
0.0339174
0.0354706
0.0370905
0.0388034
0.0405277
0.0421617
0.0438042
0.0456486
0.0476957
0.0497891
0.0518695
0.0540256
0.056259
0.058558
0.0609063
0.0634048
0.0659924
0.0686959
0.07146
0.0743208
0.0772879
0.0803754
0.0836111
0.0869144
0.0903705
0.0938528
0.0975487
0.101298
0.105191
0.10926
0.113303
0.11767
0.12174
0.125911
0.0186681
0.0178753
0.0164746
0.0157965
0.0165637
0.0181743
0.0197745
0.0211367
0.0223317
0.0235912
0.0251397
0.0267133
0.0280385
0.0293968
0.0309213
0.0324207
0.033922
0.035474
0.0370936
0.0388046
0.0405261
0.0421626
0.0438105
0.045655
0.0476981
0.0497897
0.0518705
0.0540268
0.0562599
0.0585593
0.0609083
0.0634066
0.0659936
0.0686968
0.0714608
0.0743218
0.077289
0.0803765
0.0836118
0.0869147
0.0903707
0.0938532
0.0975491
0.101298
0.105191
0.109261
0.113304
0.117671
0.121743
0.125915
0.0186096
0.0179801
0.0167191
0.0159979
0.0166354
0.0181904
0.0197952
0.0211636
0.0223539
0.0236093
0.0251549
0.0267249
0.0280483
0.0294056
0.0309288
0.0324272
0.0339267
0.0354775
0.0370969
0.0388058
0.0405245
0.0421635
0.043817
0.0456615
0.0477007
0.0497902
0.0518715
0.054028
0.0562609
0.0585606
0.0609104
0.0634086
0.0659948
0.0686977
0.0714617
0.0743229
0.0772902
0.0803776
0.0836125
0.086915
0.090371
0.0938535
0.0975495
0.101298
0.105192
0.109261
0.113305
0.117672
0.121747
0.125919
0.0185606
0.0180819
0.0169592
0.0162069
0.0167152
0.0182066
0.0198144
0.0211912
0.0223773
0.0236284
0.0251709
0.0267371
0.0280586
0.0294147
0.0309367
0.0324341
0.0339317
0.0354811
0.0371004
0.0388071
0.0405231
0.0421645
0.0438236
0.0456682
0.0477033
0.0497908
0.0518726
0.0540293
0.056262
0.0585621
0.0609126
0.0634107
0.0659962
0.0686988
0.0714626
0.0743241
0.0772915
0.0803788
0.0836132
0.0869153
0.0903713
0.0938539
0.09755
0.101299
0.105192
0.109262
0.113306
0.117674
0.121751
0.125923
0.0185239
0.0181815
0.0171939
0.0164234
0.0168049
0.0182234
0.0198313
0.0212185
0.0224018
0.0236485
0.0251878
0.02675
0.0280695
0.0294244
0.030945
0.0324413
0.033937
0.035485
0.037104
0.0388083
0.0405218
0.0421657
0.0438302
0.0456749
0.047706
0.0497915
0.0518737
0.0540306
0.0562631
0.0585635
0.0609149
0.0634128
0.0659977
0.0686998
0.0714636
0.0743253
0.0772928
0.08038
0.083614
0.0869156
0.0903716
0.0938543
0.0975504
0.101299
0.105193
0.109263
0.113307
0.117675
0.121755
0.125927
0.0185024
0.0182807
0.0174216
0.0166452
0.0169049
0.0182427
0.0198471
0.0212459
0.0224272
0.0236693
0.0252052
0.0267635
0.0280809
0.0294345
0.0309536
0.0324487
0.0339425
0.035489
0.0371077
0.0388097
0.0405205
0.0421669
0.0438369
0.0456818
0.0477088
0.0497922
0.0518749
0.054032
0.0562643
0.0585651
0.0609173
0.0634149
0.0659992
0.068701
0.0714646
0.0743266
0.0772941
0.0803812
0.0836147
0.086916
0.0903719
0.0938548
0.0975509
0.101299
0.105193
0.109263
0.113308
0.117676
0.12176
0.125932
0.0184954
0.0183808
0.0176424
0.0168715
0.0170156
0.0182645
0.0198615
0.0212733
0.0224541
0.0236913
0.0252236
0.0267777
0.028093
0.0294451
0.0309627
0.0324565
0.0339481
0.0354933
0.0371116
0.038811
0.0405194
0.0421682
0.0438437
0.0456887
0.0477117
0.0497931
0.0518761
0.0540335
0.0562656
0.0585667
0.0609197
0.0634171
0.0660008
0.0687022
0.0714657
0.0743279
0.0772955
0.0803825
0.0836156
0.0869164
0.0903723
0.0938553
0.0975514
0.1013
0.105194
0.109264
0.113309
0.117678
0.121764
0.125937
0.0184987
0.0184819
0.0178562
0.0171016
0.0171374
0.0182889
0.0198731
0.0212994
0.0224819
0.0237149
0.0252431
0.0267928
0.0281056
0.0294562
0.0309722
0.0324647
0.0339541
0.0354977
0.0371157
0.0388125
0.0405183
0.0421697
0.0438505
0.0456957
0.0477148
0.049794
0.0518775
0.054035
0.0562669
0.0585684
0.0609222
0.0634194
0.0660025
0.0687035
0.0714668
0.0743293
0.077297
0.0803838
0.0836164
0.0869167
0.0903727
0.0938558
0.097552
0.1013
0.105195
0.109265
0.11331
0.11768
0.121769
0.125941
0.0185123
0.0185854
0.0180613
0.0173323
0.0172703
0.0183185
0.0198838
0.0213243
0.0225097
0.0237386
0.0252629
0.0268078
0.0281187
0.0294676
0.030982
0.0324731
0.0339603
0.0355024
0.0371198
0.0388141
0.0405174
0.0421713
0.0438574
0.0457028
0.0477179
0.049795
0.0518788
0.0540366
0.0562683
0.0585702
0.0609247
0.0634218
0.0660042
0.0687049
0.071468
0.0743307
0.0772985
0.0803851
0.0836173
0.0869171
0.0903731
0.0938564
0.0975525
0.101301
0.105195
0.109266
0.113311
0.117681
0.121774
0.125947
0.0185404
0.0186938
0.0182588
0.0175629
0.0174143
0.0183541
0.0198941
0.0213486
0.0225388
0.0237642
0.0252844
0.0268247
0.0281326
0.0294798
0.0309924
0.0324819
0.0339667
0.0355073
0.0371241
0.0388158
0.0405166
0.042173
0.0438644
0.04571
0.0477212
0.0497962
0.0518803
0.0540383
0.0562698
0.058572
0.0609274
0.0634242
0.066006
0.0687063
0.0714692
0.0743321
0.0773001
0.0803865
0.0836182
0.0869175
0.0903735
0.093857
0.0975531
0.101301
0.105196
0.109267
0.113312
0.117683
0.121779
0.125952
0.0185767
0.0188079
0.0184504
0.0177925
0.0175675
0.0183953
0.0199032
0.0213713
0.0225685
0.0237914
0.0253072
0.0268423
0.028147
0.0294923
0.0310033
0.0324912
0.0339736
0.0355125
0.0371286
0.0388176
0.0405159
0.0421748
0.0438715
0.0457173
0.0477246
0.0497974
0.0518819
0.05404
0.0562714
0.0585739
0.0609301
0.0634267
0.0660079
0.0687078
0.0714705
0.0743337
0.0773017
0.080388
0.0836191
0.086918
0.090374
0.0938575
0.0975538
0.101302
0.105197
0.109268
0.113314
0.117685
0.121784
0.125958
0.018619
0.0189282
0.0186351
0.0180186
0.0177302
0.0184453
0.0199125
0.0213911
0.0225964
0.0238179
0.0253301
0.02686
0.0281618
0.0295051
0.0310144
0.0325006
0.0339806
0.0355179
0.0371331
0.0388195
0.0405153
0.0421768
0.0438786
0.0457247
0.0477282
0.0497988
0.0518835
0.0540419
0.056273
0.0585758
0.0609329
0.0634293
0.0660098
0.0687093
0.0714719
0.0743352
0.0773033
0.0803894
0.0836201
0.0869184
0.0903745
0.0938582
0.0975544
0.101302
0.105197
0.109269
0.113315
0.117687
0.121789
0.125963
0.0186754
0.0190584
0.0188152
0.0182403
0.0179008
0.0185044
0.0199237
0.0214106
0.0226253
0.0238468
0.0253554
0.02688
0.0281779
0.0295188
0.0310262
0.0325106
0.0339879
0.0355235
0.0371378
0.0388216
0.0405149
0.0421789
0.0438858
0.0457321
0.0477319
0.0498003
0.0518852
0.0540438
0.0562747
0.0585779
0.0609358
0.0634319
0.0660119
0.0687109
0.0714732
0.0743369
0.077305
0.080391
0.0836211
0.0869189
0.090375
0.0938588
0.0975551
0.101303
0.105198
0.10927
0.113317
0.117689
0.121795
0.125969
0.0187346
0.0191984
0.0189914
0.0184547
0.0180756
0.0185721
0.019937
0.0214291
0.022654
0.0238764
0.0253821
0.0269011
0.0281946
0.0295329
0.0310385
0.0325211
0.0339958
0.0355296
0.0371428
0.0388238
0.0405147
0.0421815
0.0438931
0.0457397
0.0477358
0.049802
0.051887
0.0540458
0.0562766
0.05858
0.0609387
0.0634347
0.0660139
0.0687126
0.0714747
0.0743385
0.0773068
0.0803925
0.0836222
0.0869194
0.0903755
0.0938595
0.0975559
0.101303
0.105199
0.109271
0.113318
0.117692
0.121801
0.125975
0.0187951
0.0193462
0.0191635
0.0186619
0.0182557
0.01865
0.0199522
0.0214442
0.022679
0.0239042
0.0254084
0.0269224
0.0282116
0.0295473
0.031051
0.0325317
0.0340037
0.0355356
0.0371477
0.0388261
0.0405147
0.0421838
0.0439004
0.0457473
0.0477397
0.0498038
0.0518889
0.0540479
0.0562784
0.0585822
0.0609418
0.0634375
0.0660161
0.0687143
0.0714762
0.0743403
0.0773086
0.0803941
0.0836233
0.0869199
0.0903761
0.0938602
0.0975566
0.101304
0.1052
0.109272
0.11332
0.117694
0.121807
0.125982
0.0188737
0.0195063
0.0193365
0.0188641
0.0184403
0.0187385
0.0199723
0.0214604
0.0227051
0.0239342
0.025438
0.0269469
0.0282305
0.0295626
0.0310641
0.0325429
0.034012
0.0355421
0.037153
0.0388286
0.0405148
0.0421864
0.0439079
0.0457551
0.0477439
0.0498057
0.0518909
0.0540501
0.0562804
0.0585845
0.0609449
0.0634405
0.0660183
0.0687161
0.0714778
0.0743421
0.0773105
0.0803958
0.0836244
0.0869205
0.0903767
0.0938609
0.0975574
0.101304
0.105201
0.109273
0.113321
0.117696
0.121813
0.125989
0.0189581
0.0196751
0.0195061
0.0190552
0.0186252
0.0188373
0.0199985
0.0214777
0.0227304
0.0239634
0.025468
0.0269726
0.0282502
0.0295785
0.031078
0.0325549
0.0340211
0.0355491
0.0371585
0.0388313
0.0405152
0.0421891
0.0439153
0.0457629
0.0477482
0.0498078
0.0518931
0.0540524
0.0562826
0.0585869
0.0609481
0.0634435
0.0660206
0.0687179
0.0714794
0.074344
0.0773125
0.0803975
0.0836256
0.0869211
0.0903773
0.0938617
0.0975583
0.101305
0.105202
0.109274
0.113323
0.117699
0.121819
0.125996
0.0190498
0.0198495
0.0196717
0.0192367
0.0188095
0.0189436
0.0200278
0.0214924
0.0227517
0.0239895
0.0254972
0.026999
0.0282707
0.0295948
0.0310921
0.0325668
0.03403
0.035556
0.0371639
0.038834
0.0405157
0.042192
0.0439228
0.0457707
0.0477526
0.04981
0.0518953
0.0540547
0.0562847
0.0585894
0.0609514
0.0634466
0.066023
0.0687199
0.0714811
0.074346
0.0773145
0.0803993
0.0836269
0.0869217
0.090378
0.0938625
0.0975591
0.101306
0.105203
0.109276
0.113325
0.117702
0.121825
0.126003
0.0191909
0.0200412
0.0198442
0.0194138
0.0189935
0.0190582
0.0200637
0.0215104
0.0227745
0.0240166
0.0255287
0.0270288
0.0282937
0.0296121
0.0311066
0.0325793
0.0340395
0.0355634
0.0371699
0.038837
0.0405166
0.0421951
0.0439304
0.0457787
0.0477572
0.0498124
0.0518977
0.0540573
0.0562871
0.058592
0.0609548
0.0634498
0.0660255
0.0687219
0.0714829
0.074348
0.0773166
0.0804011
0.0836281
0.0869223
0.0903787
0.0938633
0.09756
0.101306
0.105204
0.109277
0.113327
0.117704
0.121832
0.12601
0.0193659
0.0202451
0.0200206
0.019584
0.0191764
0.0191823
0.0201087
0.0215328
0.0227983
0.0240418
0.0255591
0.0270595
0.0283179
0.0296303
0.031122
0.0325927
0.0340498
0.0355714
0.0371759
0.0388401
0.0405175
0.0421983
0.043938
0.0457867
0.0477621
0.049815
0.0519002
0.0540599
0.0562895
0.0585947
0.0609583
0.0634531
0.0660281
0.068724
0.0714847
0.0743501
0.0773187
0.080403
0.0836295
0.086923
0.0903794
0.0938641
0.097561
0.101307
0.105205
0.109279
0.113329
0.117707
0.121838
0.126018
0.0195339
0.0204476
0.0201988
0.0197489
0.0193564
0.0193109
0.0201578
0.0215555
0.0228198
0.0240636
0.0255878
0.0270915
0.0283442
0.0296495
0.0311377
0.032606
0.03406
0.0355792
0.037182
0.0388435
0.0405188
0.0422018
0.0439457
0.0457948
0.047767
0.0498177
0.0519029
0.0540627
0.0562921
0.0585976
0.0609619
0.0634565
0.0660308
0.0687261
0.0714867
0.0743523
0.0773209
0.080405
0.0836309
0.0869237
0.0903802
0.093865
0.097562
0.101308
0.105206
0.10928
0.113331
0.11771
0.121845
0.126026
0.0196943
0.0206499
0.0203827
0.0199098
0.0195304
0.0194412
0.020211
0.0215813
0.022844
0.0240857
0.0256163
0.0271255
0.0283727
0.0296698
0.0311538
0.0326197
0.0340708
0.0355878
0.0371887
0.0388472
0.0405204
0.0422054
0.0439534
0.0458029
0.0477721
0.0498207
0.0519057
0.0540656
0.0562948
0.0586005
0.0609656
0.06346
0.0660336
0.0687284
0.0714887
0.0743545
0.0773232
0.080407
0.0836323
0.0869245
0.090381
0.0938659
0.0975631
0.101309
0.105208
0.109282
0.113333
0.117714
0.121852
0.126034
0.0198468
0.0208498
0.0205708
0.0200668
0.0196996
0.0195765
0.0202722
0.0216133
0.0228722
0.0241071
0.0256423
0.0271593
0.0284028
0.0296916
0.0311712
0.0326346
0.0340824
0.0355967
0.0371955
0.038851
0.0405222
0.0422092
0.0439612
0.0458111
0.0477774
0.0498238
0.0519086
0.0540686
0.0562976
0.0586036
0.0609694
0.0634636
0.0660365
0.0687307
0.0714908
0.0743569
0.0773256
0.080409
0.0836338
0.0869253
0.0903819
0.0938669
0.0975642
0.10131
0.105209
0.109283
0.113336
0.117717
0.12186
0.126042
0.0199912
0.0210444
0.0207634
0.0202249
0.0198678
0.0197171
0.0203385
0.021648
0.0229018
0.024127
0.0256658
0.027194
0.0284358
0.0297156
0.0311894
0.0326495
0.0340937
0.0356057
0.0372026
0.0388551
0.0405243
0.0422133
0.043969
0.0458193
0.0477828
0.0498271
0.0519118
0.0540719
0.0563006
0.0586068
0.0609733
0.0634673
0.0660395
0.0687332
0.071493
0.0743593
0.077328
0.0804112
0.0836354
0.0869262
0.0903828
0.0938679
0.0975654
0.101311
0.10521
0.109285
0.113338
0.117721
0.121867
0.126051
0.0201323
0.0212364
0.0209634
0.0203863
0.0200326
0.0198591
0.0204072
0.0216842
0.0229349
0.0241486
0.0256883
0.0272286
0.0284703
0.0297406
0.0312081
0.032665
0.0341059
0.0356154
0.0372101
0.0388594
0.0405267
0.0422175
0.0439769
0.0458277
0.0477885
0.0498307
0.0519151
0.0540752
0.0563037
0.0586101
0.0609773
0.0634711
0.0660426
0.0687357
0.0714953
0.0743619
0.0773306
0.0804134
0.083637
0.0869271
0.0903838
0.093869
0.0975666
0.101312
0.105212
0.109287
0.113341
0.117724
0.121875
0.12606
0.0202744
0.0214284
0.0211671
0.020547
0.020191
0.020002
0.0204801
0.0217245
0.0229734
0.0241721
0.0257076
0.0272612
0.0285061
0.0297678
0.0312285
0.0326816
0.0341186
0.0356252
0.0372177
0.0388641
0.0405295
0.0422222
0.0439849
0.0458361
0.0477943
0.0498345
0.0519185
0.0540787
0.056307
0.0586135
0.0609814
0.0634751
0.0660459
0.0687383
0.0714977
0.0743645
0.0773332
0.0804157
0.0836387
0.086928
0.0903849
0.09387
0.0975679
0.101313
0.105214
0.109289
0.113343
0.117728
0.121882
0.126069
0.020421
0.0216197
0.0213701
0.0207073
0.0203455
0.0201484
0.0205586
0.0217666
0.0230148
0.0241968
0.0257247
0.0272932
0.0285444
0.0297975
0.03125
0.0326986
0.0341316
0.0356354
0.0372259
0.0388692
0.0405326
0.0422269
0.0439929
0.0458446
0.0478004
0.0498384
0.0519222
0.0540824
0.0563105
0.0586171
0.0609857
0.0634792
0.0660492
0.0687411
0.0715002
0.0743672
0.0773359
0.080418
0.0836405
0.086929
0.090386
0.0938712
0.0975692
0.101314
0.105215
0.109291
0.113346
0.117732
0.12189
0.126079
0.0205715
0.0218077
0.0215701
0.0208691
0.020498
0.0202975
0.0206407
0.0218087
0.0230594
0.0242256
0.0257414
0.0273238
0.0285833
0.0298283
0.0312725
0.0327167
0.0341455
0.0356462
0.0372341
0.0388743
0.040536
0.0422319
0.0440011
0.0458531
0.0478066
0.0498427
0.051926
0.0540863
0.0563141
0.0586209
0.0609901
0.0634834
0.0660527
0.0687439
0.0715028
0.07437
0.0773387
0.0804204
0.0836424
0.0869301
0.0903871
0.0938724
0.0975707
0.101315
0.105217
0.109293
0.113349
0.117737
0.121898
0.126089
0.0207144
0.0219889
0.0217682
0.0210343
0.0206472
0.0204466
0.0207266
0.0218518
0.023108
0.0242592
0.0257571
0.0273512
0.0286222
0.0298613
0.031297
0.032736
0.03416
0.035657
0.0372426
0.03888
0.0405399
0.0422373
0.0440093
0.0458618
0.0478131
0.0498472
0.0519301
0.0540903
0.0563179
0.0586248
0.0609946
0.0634877
0.0660563
0.0687469
0.0715056
0.0743729
0.0773415
0.080423
0.0836443
0.0869312
0.0903884
0.0938736
0.0975722
0.101317
0.105219
0.109295
0.113352
0.117741
0.121906
0.126099
0.0208441
0.0221667
0.0219666
0.0212014
0.0207913
0.0205958
0.0208183
0.0218961
0.0231589
0.0242969
0.0257723
0.0273764
0.028662
0.0298966
0.0313229
0.0327561
0.0341751
0.0356685
0.0372517
0.038886
0.040544
0.0422428
0.0440177
0.0458705
0.0478197
0.0498519
0.0519343
0.0540946
0.0563219
0.0586289
0.0609993
0.0634921
0.0660601
0.06875
0.0715084
0.0743759
0.0773445
0.0804255
0.0836463
0.0869324
0.0903897
0.0938749
0.0975737
0.101318
0.105221
0.109298
0.113355
0.117746
0.121915
0.126109
0.020963
0.0223409
0.0221614
0.0213675
0.0209311
0.0207457
0.0209167
0.0219408
0.0232104
0.0243393
0.0257892
0.0273999
0.0287015
0.0299329
0.03135
0.0327776
0.0341914
0.0356806
0.0372609
0.0388922
0.0405486
0.0422487
0.0440261
0.0458793
0.0478265
0.0498569
0.0519388
0.054099
0.0563261
0.0586331
0.0610041
0.0634967
0.0660639
0.0687532
0.0715114
0.0743791
0.0773476
0.0804282
0.0836484
0.0869337
0.0903911
0.0938763
0.0975754
0.10132
0.105223
0.1093
0.113359
0.117751
0.121923
0.12612
0.0210682
0.0225075
0.0223517
0.0215353
0.0210693
0.0208951
0.0210204
0.0219853
0.0232618
0.0243872
0.0258081
0.0274206
0.0287397
0.0299706
0.0313791
0.0328005
0.0342086
0.035693
0.0372705
0.0388988
0.0405535
0.0422548
0.0440346
0.0458883
0.0478337
0.0498622
0.0519436
0.0541037
0.0563305
0.0586375
0.061009
0.0635014
0.0660679
0.0687566
0.0715145
0.0743823
0.0773507
0.080431
0.0836506
0.0869351
0.0903926
0.0938777
0.0975771
0.101321
0.105225
0.109303
0.113362
0.117756
0.121932
0.126131
0.0211584
0.0226659
0.022539
0.0217058
0.0212048
0.0210409
0.0211297
0.0220322
0.0233136
0.0244398
0.0258294
0.0274393
0.0287771
0.0300097
0.0314098
0.0328246
0.0342266
0.0357062
0.0372806
0.0389059
0.0405587
0.0422612
0.0440434
0.0458974
0.047841
0.0498677
0.0519486
0.0541086
0.0563351
0.0586421
0.0610141
0.0635063
0.0660721
0.0687601
0.0715177
0.0743857
0.077354
0.0804338
0.0836529
0.0869365
0.0903941
0.0938792
0.097579
0.101323
0.105227
0.109306
0.113366
0.117761
0.121941
0.126142
0.0212373
0.0228161
0.0227233
0.0218781
0.0213373
0.0211829
0.0212458
0.0220819
0.0233631
0.0244959
0.0258546
0.0274573
0.0288133
0.0300492
0.0314417
0.03285
0.0342459
0.0357203
0.0372912
0.0389131
0.0405643
0.0422679
0.0440522
0.0459066
0.0478485
0.0498736
0.0519538
0.0541137
0.0563399
0.0586469
0.0610194
0.0635113
0.0660764
0.0687637
0.0715211
0.0743892
0.0773574
0.0804368
0.0836553
0.086938
0.0903958
0.0938808
0.0975809
0.101325
0.10523
0.109309
0.113369
0.117767
0.12195
0.126153
0.0213109
0.0229571
0.0229031
0.0220514
0.0214678
0.0213205
0.0213671
0.0221345
0.0234103
0.0245557
0.0258842
0.0274745
0.0288476
0.030089
0.031475
0.0328771
0.0342664
0.035735
0.0373022
0.038921
0.0405703
0.0422748
0.0440612
0.045916
0.0478563
0.0498797
0.0519593
0.0541191
0.056345
0.0586518
0.0610248
0.0635165
0.0660809
0.0687675
0.0715246
0.0743928
0.0773609
0.0804398
0.0836578
0.0869396
0.0903976
0.0938824
0.0975829
0.101327
0.105232
0.109312
0.113373
0.117773
0.121959
0.126165
0.0213826
0.0230886
0.0230777
0.0222258
0.0215979
0.0214524
0.0214924
0.022192
0.0234559
0.0246178
0.0259181
0.0274915
0.0288803
0.0301289
0.0315097
0.0329057
0.034288
0.0357504
0.037314
0.0389294
0.0405766
0.0422819
0.0440703
0.0459255
0.0478644
0.0498862
0.0519652
0.0541247
0.0563503
0.058657
0.0610303
0.0635219
0.0660855
0.0687714
0.0715283
0.0743966
0.0773645
0.080443
0.0836604
0.0869413
0.0903994
0.0938842
0.097585
0.101329
0.105235
0.109315
0.113377
0.117779
0.121968
0.126177
0.0214554
0.0232125
0.0232458
0.0224006
0.0217282
0.0215779
0.0216204
0.0222552
0.023499
0.0246807
0.0259569
0.0275096
0.0289116
0.0301685
0.031545
0.0329356
0.0343109
0.0357669
0.0373265
0.0389381
0.0405833
0.0422893
0.0440796
0.0459351
0.0478727
0.0498931
0.0519713
0.0541306
0.0563558
0.0586624
0.0610361
0.0635274
0.0660903
0.0687755
0.0715321
0.0744005
0.0773683
0.0804463
0.083663
0.0869431
0.0904014
0.093886
0.0975873
0.101331
0.105238
0.109319
0.113381
0.117785
0.121978
0.126189
0.0215326
0.0233288
0.0234052
0.0225745
0.0218597
0.0216973
0.0217496
0.0223246
0.0235406
0.0247437
0.0260004
0.0275291
0.0289416
0.0302074
0.0315809
0.0329671
0.0343354
0.035784
0.0373395
0.0389477
0.0405905
0.0422968
0.0440889
0.0459449
0.0478813
0.0499001
0.0519778
0.0541368
0.0563616
0.058668
0.0610421
0.0635331
0.0660952
0.0687798
0.0715361
0.0744045
0.0773721
0.0804497
0.0836659
0.086945
0.0904035
0.093888
0.0975896
0.101333
0.10524
0.109322
0.113385
0.117792
0.121987
0.126201
0.0216167
0.0234401
0.023557
0.0227468
0.0219931
0.0218108
0.0218777
0.0224004
0.0235811
0.0248055
0.0260483
0.0275508
0.0289707
0.0302456
0.0316171
0.033
0.0343611
0.035802
0.0373535
0.0389582
0.040598
0.0423045
0.0440985
0.0459549
0.04789
0.0499077
0.0519846
0.0541433
0.0563676
0.0586738
0.0610482
0.063539
0.0661004
0.0687842
0.0715403
0.0744087
0.0773761
0.0804532
0.0836688
0.086947
0.0904057
0.09389
0.0975921
0.101336
0.105243
0.109326
0.11339
0.117799
0.121997
0.126214
0.0217096
0.0235503
0.0236996
0.0229142
0.0221281
0.0219185
0.0220028
0.0224829
0.0236219
0.0248656
0.0261006
0.0275751
0.0289988
0.0302831
0.0316533
0.0330338
0.0343885
0.035821
0.0373679
0.0389693
0.0406062
0.0423124
0.044108
0.0459651
0.0478992
0.0499155
0.0519917
0.05415
0.0563739
0.0586799
0.0610545
0.063545
0.0661058
0.0687889
0.0715447
0.074413
0.0773803
0.0804568
0.0836719
0.0869492
0.0904081
0.0938921
0.0975946
0.101339
0.105246
0.10933
0.113395
0.117806
0.122008
0.126227
0.0218116
0.0236594
0.0238316
0.0230752
0.0222654
0.0220225
0.0221238
0.0225715
0.0236639
0.0249231
0.0261556
0.0276023
0.0290268
0.0303199
0.0316892
0.0330686
0.0344176
0.0358408
0.0373828
0.0389816
0.0406153
0.0423205
0.0441176
0.0459754
0.0479086
0.0499236
0.0519992
0.0541571
0.0563805
0.0586862
0.061061
0.0635513
0.0661112
0.0687937
0.0715493
0.0744175
0.0773845
0.0804606
0.083675
0.0869515
0.0904106
0.0938945
0.0975974
0.101341
0.10525
0.109335
0.113399
0.117813
0.122018
0.12624
0.0219175
0.0237675
0.0239552
0.0232292
0.0224043
0.0221235
0.0222387
0.0226647
0.0237076
0.0249773
0.0262132
0.0276333
0.0290553
0.0303558
0.0317245
0.0331039
0.0344483
0.0358616
0.0373983
0.0389945
0.040625
0.0423288
0.0441274
0.0459859
0.0479182
0.0499323
0.0520071
0.0541645
0.0563873
0.0586929
0.0610678
0.0635578
0.066117
0.0687987
0.071554
0.0744222
0.077389
0.0804645
0.0836784
0.0869539
0.0904132
0.0938969
0.0976002
0.101344
0.105253
0.109339
0.113404
0.117821
0.122028
0.126253
0.0220223
0.023877
0.0240724
0.0233737
0.0225425
0.022222
0.0223466
0.0227618
0.0237545
0.0250286
0.0262728
0.0276677
0.0290836
0.0303913
0.0317594
0.0331392
0.0344804
0.035884
0.0374143
0.0390082
0.0406358
0.0423375
0.0441371
0.0459967
0.0479281
0.0499412
0.0520154
0.0541722
0.0563944
0.0586997
0.0610747
0.0635645
0.0661229
0.0688039
0.0715589
0.074427
0.0773936
0.0804686
0.0836818
0.0869565
0.090416
0.0938994
0.0976032
0.101348
0.105257
0.109344
0.113409
0.117829
0.122039
0.126267
0.0221262
0.0239882
0.0241828
0.0235072
0.0226789
0.0223198
0.0224472
0.0228611
0.0238053
0.0250766
0.0263325
0.0277052
0.0291131
0.030427
0.0317939
0.0331743
0.0345137
0.0359076
0.0374305
0.0390226
0.0406478
0.0423468
0.0441467
0.0460074
0.0479385
0.0499505
0.0520239
0.0541803
0.0564019
0.0587068
0.0610818
0.0635714
0.0661291
0.0688094
0.0715641
0.074432
0.0773982
0.0804728
0.0836855
0.0869593
0.0904189
0.0939021
0.0976063
0.101351
0.10526
0.109349
0.113415
0.117837
0.12205
0.12628
0.0222274
0.0240985
0.0242875
0.0236297
0.022812
0.022418
0.0225403
0.0229602
0.0238603
0.0251216
0.0263921
0.027747
0.0291439
0.0304619
0.0318276
0.0332094
0.0345481
0.0359324
0.0374474
0.0390375
0.0406609
0.0423567
0.0441565
0.0460182
0.0479489
0.0499602
0.0520331
0.0541887
0.0564097
0.0587143
0.0610892
0.0635784
0.0661354
0.0688151
0.0715696
0.0744373
0.0774032
0.0804771
0.0836891
0.0869622
0.090422
0.093905
0.0976097
0.101355
0.105264
0.109354
0.113421
0.117845
0.122062
0.126294
0.0223223
0.0242064
0.0243884
0.0237421
0.0229395
0.0225167
0.0226262
0.0230574
0.0239205
0.025164
0.0264502
0.0277922
0.0291757
0.0304965
0.0318612
0.0332437
0.0345832
0.0359589
0.0374649
0.0390525
0.0406747
0.0423677
0.0441666
0.0460292
0.0479597
0.0499701
0.0520424
0.0541977
0.0564178
0.058722
0.0610969
0.0635858
0.066142
0.0688209
0.0715752
0.0744427
0.0774084
0.0804817
0.083693
0.0869652
0.0904253
0.0939081
0.0976132
0.101359
0.105268
0.109359
0.113426
0.117854
0.122073
0.126308
0.0224102
0.0243112
0.0244863
0.0238451
0.023059
0.022615
0.0227061
0.0231508
0.0239853
0.0252048
0.0265051
0.02784
0.0292094
0.0305317
0.0318947
0.0332772
0.0346186
0.0359869
0.037483
0.0390678
0.0406895
0.0423796
0.0441769
0.0460401
0.047971
0.0499807
0.052052
0.0542067
0.0564264
0.0587301
0.0611046
0.0635935
0.0661489
0.0688271
0.071581
0.0744483
0.0774136
0.0804865
0.0836972
0.0869686
0.0904287
0.0939112
0.0976168
0.101363
0.105273
0.109365
0.113432
0.117862
0.122085
0.126322
0.0224907
0.0244113
0.0245808
0.0239393
0.0231685
0.0227127
0.0227809
0.0232371
0.024054
0.025246
0.0265569
0.0278906
0.0292456
0.0305663
0.0319278
0.0333103
0.034654
0.0360156
0.0375022
0.0390837
0.0407047
0.0423923
0.0441879
0.0460512
0.0479822
0.0499916
0.0520622
0.054216
0.056435
0.0587386
0.0611129
0.0636013
0.066156
0.0688335
0.0715872
0.0744541
0.0774191
0.0804913
0.0837014
0.0869721
0.0904325
0.0939147
0.0976206
0.101367
0.105277
0.109371
0.113439
0.117872
0.122097
0.126337
0.022562
0.0245049
0.0246702
0.0240256
0.0232676
0.0228079
0.0228525
0.0233159
0.0241255
0.0252883
0.026604
0.0279429
0.0292846
0.0306007
0.0319605
0.0333425
0.0346893
0.0360457
0.0375222
0.0390998
0.0407206
0.042406
0.0441994
0.0460624
0.0479939
0.0500029
0.0520725
0.0542259
0.0564442
0.0587472
0.0611212
0.0636096
0.0661634
0.0688401
0.0715935
0.0744602
0.0774248
0.0804964
0.0837058
0.0869757
0.0904363
0.0939184
0.0976247
0.101371
0.105282
0.109377
0.113445
0.117881
0.122109
0.126351
0.0226226
0.0245905
0.0247534
0.0241051
0.0233565
0.0228982
0.0229226
0.0233877
0.024197
0.0253324
0.0266462
0.0279944
0.029327
0.0306359
0.0319931
0.0333741
0.034724
0.0360764
0.0375428
0.0391164
0.0407373
0.0424207
0.0442117
0.0460736
0.0480056
0.0500149
0.0520834
0.0542359
0.0564538
0.0587564
0.0611296
0.0636179
0.0661712
0.0688472
0.0716001
0.0744664
0.0774308
0.0805017
0.0837105
0.0869797
0.0904403
0.093922
0.097629
0.101376
0.105287
0.109384
0.113452
0.11789
0.122122
0.126366
0.0226724
0.0246673
0.0248307
0.0241784
0.0234351
0.0229808
0.022991
0.0234516
0.0242655
0.0253806
0.0266856
0.028044
0.0293723
0.0306717
0.0320251
0.0334052
0.0347578
0.0361074
0.0375646
0.0391337
0.040754
0.0424359
0.0442255
0.0460857
0.048017
0.0500266
0.0520947
0.0542465
0.0564638
0.058766
0.0611387
0.0636265
0.0661789
0.0688544
0.0716072
0.074473
0.077437
0.0805072
0.0837153
0.0869839
0.0904447
0.0939261
0.0976333
0.101381
0.105292
0.10939
0.113459
0.1179
0.122134
0.126381
0.0227113
0.0247343
0.0249016
0.0242451
0.0235042
0.0230538
0.0230564
0.0235091
0.024329
0.0254324
0.0267229
0.0280901
0.0294208
0.0307093
0.0320559
0.0334352
0.034791
0.0361387
0.0375867
0.0391513
0.0407718
0.0424517
0.0442397
0.0460987
0.0480292
0.0500388
0.0521058
0.0542569
0.0564741
0.0587759
0.061148
0.0636359
0.0661875
0.0688618
0.0716141
0.0744796
0.0774434
0.0805129
0.0837204
0.0869883
0.0904492
0.0939304
0.0976382
0.101387
0.105297
0.109397
0.113467
0.11791
0.122147
0.126395
0.0227409
0.0247906
0.0249643
0.0243032
0.0235645
0.0231165
0.0231163
0.0235627
0.0243872
0.0254859
0.0267595
0.0281311
0.0294704
0.0307496
0.0320863
0.0334647
0.0348236
0.0361694
0.037609
0.0391693
0.0407901
0.0424682
0.0442548
0.0461125
0.0480416
0.0500515
0.0521181
0.0542676
0.0564841
0.058786
0.0611575
0.0636452
0.0661964
0.0688702
0.0716218
0.0744865
0.07745
0.0805187
0.0837256
0.086993
0.090454
0.0939348
0.0976431
0.101392
0.105303
0.109405
0.113475
0.117921
0.12216
0.126411
0.0227618
0.0248353
0.0250181
0.0243511
0.0236159
0.0231702
0.0231698
0.0236119
0.0244371
0.0255393
0.026799
0.0281677
0.0295189
0.0307925
0.0321161
0.0334923
0.0348552
0.0362009
0.0376324
0.0391878
0.0408086
0.0424846
0.0442705
0.0461276
0.0480543
0.0500635
0.0521304
0.0542798
0.0564954
0.0587963
0.061167
0.0636547
0.0662051
0.0688781
0.0716296
0.0744942
0.0774572
0.0805249
0.0837311
0.0869979
0.090459
0.0939396
0.0976483
0.101398
0.105309
0.109412
0.113483
0.117931
0.122174
0.126426
0.0227725
0.0248653
0.0250616
0.0243891
0.0236557
0.0232141
0.0232163
0.0236579
0.02448
0.0255894
0.0268414
0.0282011
0.0295654
0.0308389
0.0321458
0.033517
0.0348852
0.0362318
0.0376559
0.0392072
0.040829
0.0425023
0.044286
0.0461433
0.0480681
0.0500757
0.0521422
0.0542911
0.0565068
0.058808
0.0611778
0.063665
0.0662146
0.0688866
0.0716372
0.0745012
0.0774644
0.0805313
0.0837371
0.0870034
0.0904643
0.0939446
0.0976538
0.101405
0.105315
0.10942
0.113491
0.117942
0.122187
0.126441
0.0227745
0.0248798
0.0250924
0.0244176
0.0236824
0.0232445
0.0232508
0.0237006
0.0245206
0.0256353
0.0268851
0.0282322
0.0296074
0.0308874
0.0321776
0.0335399
0.0349134
0.0362617
0.037679
0.0392266
0.0408498
0.042521
0.044303
0.0461603
0.0480827
0.050088
0.0521546
0.0543034
0.0565176
0.0588184
0.0611884
0.0636758
0.0662248
0.0688961
0.071646
0.0745091
0.0774717
0.0805375
0.083743
0.0870089
0.09047
0.0939501
0.0976595
0.101411
0.105321
0.109428
0.1135
0.117953
0.122201
0.126457
0.0227699
0.0248803
0.0251077
0.0244355
0.0236987
0.0232642
0.023272
0.0237342
0.0245574
0.0256776
0.0269314
0.0282631
0.0296427
0.0309352
0.0322117
0.0335604
0.0349386
0.0362918
0.0377029
0.0392463
0.0408714
0.0425404
0.0443198
0.0461781
0.0480988
0.0501004
0.0521664
0.0543163
0.0565303
0.05883
0.0611988
0.0636861
0.0662348
0.0689053
0.0716546
0.0745176
0.07748
0.0805446
0.0837494
0.0870146
0.0904756
0.0939556
0.0976657
0.101418
0.105328
0.109436
0.113509
0.117964
0.122215
0.126472
0.0227528
0.0248642
0.0251019
0.0244368
0.0237008
0.0232742
0.0232849
0.0237588
0.0245894
0.0257153
0.0269797
0.028299
0.0296747
0.0309802
0.032247
0.033578
0.0349597
0.0363207
0.0377264
0.0392656
0.040894
0.0425617
0.0443373
0.0461959
0.0481159
0.0501138
0.0521781
0.0543287
0.0565424
0.0588422
0.0612108
0.0636977
0.0662454
0.068915
0.0716633
0.0745256
0.0774879
0.0805516
0.0837563
0.0870211
0.090482
0.0939615
0.0976719
0.101425
0.105335
0.109445
0.113518
0.117975
0.122229
0.126488
0.02272
0.0248312
0.025074
0.024419
0.0236846
0.0232686
0.0232868
0.0237737
0.0246161
0.0257452
0.0270221
0.0283374
0.0297065
0.0310242
0.0322867
0.0335972
0.034977
0.0363482
0.0377507
0.0392845
0.0409159
0.0425831
0.0443552
0.0462143
0.0481336
0.0501275
0.05219
0.0543421
0.056556
0.0588542
0.061222
0.0637095
0.066257
0.0689253
0.0716726
0.0745345
0.0774963
0.0805587
0.083763
0.0870276
0.0904885
0.0939681
0.0976788
0.101433
0.105343
0.109454
0.113528
0.117987
0.122243
0.126503
0.0226697
0.0247795
0.0250243
0.0243821
0.0236532
0.023249
0.0232798
0.0237828
0.0246431
0.025774
0.0270582
0.0283707
0.0297283
0.0310565
0.0323248
0.033618
0.0349924
0.0363763
0.0377789
0.039305
0.0409392
0.0426072
0.0443738
0.0462315
0.0481513
0.0501417
0.0522011
0.0543542
0.0565696
0.058868
0.0612344
0.0637213
0.0662687
0.0689362
0.0716822
0.0745434
0.0775051
0.0805663
0.0837703
0.0870343
0.0904949
0.0939744
0.0976856
0.101441
0.10535
0.109464
0.113538
0.117999
0.122258
0.12652
0.0225911
0.0247003
0.0249451
0.0243157
0.0235979
0.023209
0.0232591
0.0237842
0.0246725
0.0258123
0.027102
0.0284133
0.0297534
0.0310792
0.0323525
0.0336324
0.0349998
0.0363991
0.0378074
0.0393263
0.0409632
0.0426344
0.0443958
0.0462505
0.04817
0.0501576
0.0522136
0.0543666
0.056583
0.0588812
0.0612468
0.0637341
0.0662814
0.0689475
0.0716923
0.0745531
0.0775142
0.0805739
0.0837779
0.0870415
0.0905018
0.0939812
0.0976924
0.101448
0.105358
0.109472
0.113547
0.11801
0.122272
0.126534
0.0224798
0.0245909
0.024833
0.0242141
0.023515
0.0231478
0.0232225
0.0237717
0.0246912
0.0258437
0.0271388
0.028457
0.0297861
0.0311053
0.0323828
0.0336513
0.0350048
0.0364156
0.0378341
0.0393463
0.0409838
0.0426599
0.0444166
0.0462684
0.0481891
0.0501745
0.0522272
0.0543803
0.0565987
0.0588974
0.0612607
0.0637472
0.0662951
0.0689602
0.0717035
0.0745638
0.0775247
0.0805831
0.083787
0.08705
0.0905103
0.0939898
0.0977016
0.101459
0.105368
0.109484
0.11356
0.118024
0.122288
0.126553
0.0223417
0.0244468
0.024684
0.0240745
0.0234028
0.0230686
0.0231785
0.0237583
0.0247116
0.0258781
0.02717
0.0284883
0.0298069
0.0311175
0.0324041
0.0336731
0.0350169
0.0364362
0.0378661
0.0393704
0.041005
0.0426857
0.044437
0.0462824
0.0482024
0.050187
0.0522368
0.0543884
0.0566087
0.0589094
0.0612718
0.0637577
0.0663058
0.0689699
0.0717121
0.0745719
0.0775321
0.0805894
0.0837936
0.0870562
0.090516
0.0939955
0.0977071
0.101465
0.105374
0.109491
0.113568
0.118034
0.122301
0.126565
0.0221802
0.0242643
0.0244932
0.0238947
0.0232587
0.0229671
0.023122
0.0237407
0.0247299
0.0259153
0.0272041
0.0285192
0.0298267
0.0311233
0.0324122
0.0336858
0.0350247
0.0364531
0.0379013
0.0394042
0.0410351
0.042721
0.0444684
0.0463077
0.0482272
0.050211
0.052258
0.0544076
0.0566289
0.058931
0.0612907
0.063775
0.0663239
0.0689867
0.0717271
0.0745863
0.0775459
0.0806018
0.0838058
0.0870675
0.0905271
0.0940068
0.0977188
0.101477
0.105386
0.109505
0.113582
0.118049
0.122318
0.126585
0.0219553
0.0240191
0.0242457
0.023672
0.0230939
0.0228618
0.0230718
0.0237321
0.024749
0.0259463
0.0272248
0.0285289
0.0298262
0.0311117
0.0324046
0.0336906
0.0350285
0.0364583
0.0379212
0.0394237
0.0410475
0.0427376
0.0444824
0.0463142
0.0482332
0.0502187
0.0522649
0.0544122
0.0566351
0.0589413
0.0613003
0.0637828
0.0663321
0.0689947
0.0717343
0.0745929
0.0775518
0.080607
0.0838116
0.0870731
0.0905322
0.0940122
0.097724
0.101484
0.105392
0.109513
0.113591
0.118059
0.12233
0.126597
0.0215743
0.0236148
0.0238795
0.0233838
0.0229058
0.0227729
0.0230723
0.0237906
0.0248272
0.0260236
0.0272825
0.0285641
0.029843
0.0311132
0.0324079
0.0337123
0.0350586
0.0364897
0.0379671
0.0394721
0.0410856
0.0427759
0.0445191
0.0463437
0.0482593
0.0502451
0.0522905
0.0544344
0.0566562
0.0589648
0.0613221
0.0638023
0.066352
0.0690134
0.0717515
0.0746091
0.0775671
0.080621
0.0838253
0.0870856
0.0905443
0.0940246
0.0977365
0.101497
0.105405
0.109525
0.113605
0.118073
0.122347
0.126617
0.0210189
0.0229178
0.0231982
0.0228357
0.0225344
0.0225683
0.0230034
0.0237969
0.0248473
0.0260318
0.027268
0.0285319
0.0298056
0.0310752
0.0323775
0.0337025
0.0350611
0.0364911
0.0379802
0.0394934
0.0410991
0.0427895
0.0445345
0.0463536
0.048267
0.0502554
0.0523027
0.054444
0.0566654
0.0589786
0.0613357
0.0638126
0.066362
0.0690239
0.0717616
0.0746178
0.0775748
0.0806283
0.0838332
0.087093
0.0905516
0.0940323
0.0977441
0.101506
0.105414
0.109536
0.113616
0.118086
0.122361
0.126631
0.0211346
0.0226264
0.0227501
0.0224865
0.0223666
0.0225589
0.023098
0.0239203
0.0249418
0.0260805
0.0272757
0.0285134
0.0297821
0.0310586
0.0323747
0.0337222
0.035097
0.0365252
0.0380176
0.0395353
0.0411305
0.0428145
0.0445609
0.0463761
0.0482834
0.0502724
0.0523221
0.0544606
0.0566792
0.0589949
0.0613531
0.0638284
0.0663772
0.0690384
0.0717761
0.0746314
0.0775875
0.0806406
0.0838451
0.0871037
0.0905616
0.0940426
0.0977539
0.101516
0.105424
0.109546
0.113627
0.118097
0.122374
0.126644
0.0187973
0.0207862
0.0215824
0.0219073
0.0222172
0.0226661
0.0232821
0.0240689
0.0250178
0.0260915
0.0272478
0.0284685
0.0297397
0.0310306
0.0323621
0.0337281
0.0351192
0.0365495
0.0380462
0.0395731
0.0411639
0.042842
0.0445912
0.0464051
0.0483071
0.0502972
0.05235
0.054486
0.0567017
0.0590199
0.061378
0.0638492
0.0663957
0.0690573
0.071795
0.0746478
0.0776023
0.0806549
0.0838598
0.0871172
0.0905749
0.0940563
0.0977674
0.101531
0.105439
0.109562
0.113644
0.118114
0.122392
0.126665
0.0171102
0.0182132
0.0196623
0.0209532
0.0219743
0.02276
0.0234548
0.0242039
0.0250697
0.026062
0.0271711
0.0283763
0.0296572
0.0309749
0.0323334
0.0337229
0.0351318
0.0365647
0.0380585
0.0395881
0.0411744
0.0428442
0.0445956
0.0464114
0.0483079
0.0502984
0.0523564
0.0544912
0.0567044
0.0590245
0.0613857
0.063857
0.0664021
0.0690636
0.0718026
0.0746546
0.0776081
0.0806609
0.0838657
0.0871226
0.0905798
0.0940619
0.0977726
0.101536
0.105444
0.109567
0.11365
0.118121
0.122401
0.126673
0.0159714
0.0183489
0.0199503
0.0211137
0.0220356
0.0228282
0.0235727
0.024336
0.0251727
0.0261179
0.0271922
0.0283751
0.0296479
0.0309745
0.0323461
0.0337494
0.0351729
0.0366117
0.0381042
0.0396371
0.0412234
0.0428846
0.0446354
0.0464538
0.048345
0.0503345
0.0523952
0.0545286
0.0567384
0.0590585
0.0614192
0.0638872
0.0664286
0.0690899
0.0718296
0.0746785
0.0776299
0.0806822
0.083887
0.0871422
0.0905993
0.0940815
0.097792
0.101557
0.105464
0.109588
0.113671
0.118142
0.122423
0.126698
0.0150993
0.016495
0.0183459
0.0201017
0.0215469
0.0226647
0.0235579
0.0243599
0.0251809
0.0260951
0.0271512
0.0283227
0.0295862
0.0309196
0.0323054
0.0337249
0.0351641
0.036612
0.0381045
0.0396385
0.0412279
0.0428837
0.0446326
0.0464558
0.0483436
0.0503315
0.0523971
0.0545303
0.0567384
0.0590588
0.0614217
0.0638914
0.0664311
0.0690918
0.0718334
0.074682
0.0776324
0.0806853
0.0838902
0.0871452
0.0906018
0.0940847
0.0977947
0.101559
0.105467
0.109591
0.113675
0.118146
0.122429
0.126702
0.0137465
0.0167495
0.0188627
0.0204271
0.0216563
0.0226767
0.0235703
0.0243935
0.0252231
0.0261339
0.0271856
0.0283543
0.02961
0.0309384
0.0323241
0.033745
0.0351896
0.0366431
0.0381387
0.0396747
0.0412677
0.0429238
0.0446706
0.0464967
0.0483851
0.0503709
0.052437
0.0545708
0.056777
0.0590966
0.0614577
0.063925
0.0664629
0.069122
0.0718638
0.0747104
0.077659
0.0807104
0.0839151
0.0871687
0.0906248
0.0941078
0.0978174
0.101583
0.105491
0.109615
0.113698
0.118168
0.122452
0.126728
)
;

boundaryField
{
    zeroGradientPlanes
    {
        type            zeroGradient;
    }
    inlet
    {
        type            zeroGradient;
    }
    plate
    {
        type            zeroGradient;
    }
    frontAndBack
    {
        type            empty;
    }
}


// ************************************************************************* //
