/*--------------------------------*- C++ -*----------------------------------*\
| =========                 |                                                 |
| \\      /  F ield         | OpenFOAM: The Open Source CFD Toolbox           |
|  \\    /   O peration     | Version:  v2012                                 |
|   \\  /    A nd           | Website:  www.openfoam.com                      |
|    \\/     M anipulation  |                                                 |
\*---------------------------------------------------------------------------*/
FoamFile
{
    version     2.0;
    format      ascii;
    class       volScalarField;
    location    "2.3";
    object      p;
}
// * * * * * * * * * * * * * * * * * * * * * * * * * * * * * * * * * * * * * //

dimensions      [0 2 -2 0 0 0 0];


internalField   nonuniform List<scalar> 
7000
(
1.90669e-10
0.0110026
0.0186891
0.0113504
0.0106743
0.019325
0.0157609
0.017375
0.0168055
0.0193382
0.0200268
0.0217905
0.0229227
0.0246491
0.0248647
0.0270282
0.0278042
0.0310839
0.0328085
0.0372572
8.60395e-06
0.0110019
0.0186785
0.0113641
0.0106827
0.0192772
0.0157771
0.0173659
0.0168171
0.0193488
0.0200135
0.0217921
0.0229156
0.0246456
0.0248685
0.0270194
0.0278203
0.0310531
0.0328264
0.0370117
1.69064e-05
0.0110001
0.0186725
0.0113836
0.0106878
0.0192117
0.0158002
0.0173566
0.0168374
0.019355
0.0199994
0.0217958
0.0229069
0.0246431
0.024874
0.0270064
0.0278413
0.0310097
0.0328353
0.0366603
2.50975e-05
0.0110123
0.0186695
0.0114106
0.0106938
0.0191445
0.0158222
0.0173531
0.0168645
0.0193538
0.0199884
0.0217999
0.0228954
0.02464
0.0248767
0.0269895
0.027863
0.0309515
0.0328269
0.0362981
3.65833e-05
0.0110404
0.0186625
0.0114447
0.0107057
0.0190777
0.0158439
0.0173565
0.0168996
0.0193438
0.0199776
0.021801
0.0228799
0.0246328
0.0248786
0.0269672
0.0278859
0.0308813
0.0328045
0.0359542
5.44564e-05
0.0110779
0.018646
0.0114849
0.0107258
0.0190128
0.0158664
0.0173656
0.0169421
0.0193238
0.0199656
0.0217984
0.0228625
0.0246216
0.0248833
0.0269389
0.0279117
0.0308011
0.0327691
0.0356321
8.10496e-05
0.0111183
0.0186168
0.0115302
0.0107544
0.0189509
0.0158895
0.0173783
0.0169898
0.0192958
0.0199535
0.0217934
0.0228464
0.0246067
0.0248922
0.0269045
0.0279394
0.0307123
0.0327199
0.0353273
0.000118126
0.0111578
0.0185741
0.0115789
0.0107904
0.0188922
0.0159129
0.0173922
0.0170408
0.0192643
0.0199431
0.0217869
0.0228327
0.024588
0.0249048
0.0268638
0.0279671
0.0306165
0.0326554
0.0350357
0.000166888
0.0111948
0.0185191
0.0116298
0.0108326
0.0188355
0.015936
0.0174054
0.0170945
0.0192329
0.0199354
0.0217788
0.0228211
0.0245647
0.0249194
0.0268168
0.0279924
0.0305149
0.0325744
0.034755
0.000227842
0.0112288
0.018454
0.0116813
0.0108806
0.0187801
0.0159582
0.0174161
0.0171508
0.0192037
0.0199311
0.0217685
0.0228109
0.0245363
0.0249345
0.0267636
0.0280132
0.0304091
0.0324769
0.0344836
0.000300706
0.01126
0.0183811
0.0117324
0.0109346
0.0187255
0.0159791
0.0174236
0.0172096
0.0191776
0.0199305
0.0217554
0.0228016
0.0245023
0.0249486
0.0267048
0.0280273
0.0303001
0.0323629
0.0342196
0.000384473
0.0112896
0.0183026
0.0117822
0.0109956
0.0186714
0.0159986
0.0174266
0.0172707
0.0191544
0.0199338
0.0217394
0.0227929
0.0244629
0.0249609
0.0266413
0.0280333
0.0301887
0.0322328
0.0339601
0.000477633
0.0113184
0.0182198
0.0118304
0.0110639
0.018618
0.016017
0.0174251
0.0173337
0.0191337
0.019941
0.0217204
0.0227848
0.0244185
0.0249705
0.0265744
0.0280299
0.0300752
0.0320871
0.0337027
0.000578478
0.0113473
0.0181339
0.0118774
0.0111392
0.0185651
0.016035
0.0174192
0.0173985
0.0191148
0.0199513
0.0216985
0.0227773
0.0243698
0.0249767
0.0265054
0.028016
0.0299597
0.0319272
0.0334451
0.000685406
0.0113768
0.0180458
0.0119234
0.0112208
0.0185127
0.0160535
0.0174092
0.0174652
0.0190967
0.019964
0.0216738
0.0227705
0.0243179
0.0249781
0.0264353
0.0279909
0.0298418
0.0317541
0.0331858
0.000797123
0.0114072
0.0179559
0.0119688
0.0113077
0.0184606
0.0160732
0.0173954
0.0175335
0.0190788
0.0199782
0.0216463
0.0227637
0.024264
0.0249736
0.0263648
0.0279543
0.0297212
0.0315689
0.0329236
0.000912713
0.0114385
0.0178649
0.0120139
0.0113992
0.0184088
0.0160948
0.017378
0.0176037
0.0190604
0.0199933
0.0216165
0.0227562
0.0242097
0.0249624
0.026294
0.027906
0.0295955
0.0313727
0.0326579
0.00103161
0.011471
0.0177729
0.0120586
0.0114944
0.0183571
0.0161188
0.0173573
0.0176756
0.0190413
0.0200086
0.0215852
0.0227467
0.0241562
0.0249435
0.0262226
0.0278464
0.0294645
0.0311665
0.0323884
0.00115351
0.0115045
0.0176803
0.0121031
0.0115927
0.0183054
0.0161456
0.0173334
0.017749
0.0190216
0.0200231
0.0215532
0.0227341
0.0241043
0.0249168
0.0261497
0.0277763
0.0293277
0.0309507
0.032115
0.00127833
0.011539
0.0175872
0.0121473
0.0116938
0.0182536
0.0161755
0.0173064
0.0178236
0.0190013
0.020036
0.0215218
0.0227172
0.0240543
0.0248822
0.0260742
0.0276965
0.0291852
0.030726
0.031837
0.0014061
0.0115744
0.017494
0.012191
0.0117973
0.0182014
0.0162087
0.0172765
0.0178991
0.0189813
0.0200461
0.0214922
0.0226953
0.0240061
0.0248403
0.0259945
0.0276074
0.0290369
0.0304934
0.0315547
0.00153695
0.0116105
0.0174008
0.0122341
0.0119026
0.0181487
0.0162456
0.0172439
0.0179748
0.0189624
0.0200522
0.0214653
0.022668
0.0239591
0.0247916
0.0259092
0.0275096
0.0288824
0.0302531
0.0312689
0.00167105
0.0116474
0.0173077
0.0122766
0.0120096
0.0180953
0.0162861
0.0172088
0.0180499
0.0189459
0.020053
0.0214416
0.022635
0.0239122
0.0247374
0.0258169
0.0274035
0.0287221
0.0300051
0.0309799
0.00180856
0.0116848
0.0172152
0.0123183
0.0121178
0.0180411
0.0163303
0.0171715
0.0181236
0.0189331
0.0200473
0.0214214
0.0225968
0.023864
0.0246792
0.0257164
0.027288
0.0285578
0.029751
0.0306871
0.00194963
0.0117226
0.0171234
0.0123593
0.0122269
0.0179859
0.0163779
0.0171324
0.0181946
0.0189254
0.0200346
0.0214048
0.0225538
0.0238121
0.0246192
0.0256076
0.0271609
0.0283908
0.0294937
0.0303899
0.0020944
0.0117607
0.0170326
0.0123993
0.0123367
0.0179297
0.0164288
0.0170904
0.0182616
0.0189238
0.0200144
0.0213913
0.022507
0.023754
0.0245578
0.0254918
0.0270202
0.0282213
0.0292367
0.0300895
0.00224301
0.011799
0.0169432
0.0124384
0.0124469
0.0178728
0.0164825
0.0170507
0.0183235
0.018929
0.0199861
0.0213801
0.0224584
0.0236876
0.0244946
0.0253708
0.0268651
0.0280472
0.0289826
0.0297885
0.00239557
0.0118372
0.0168554
0.0124766
0.0125571
0.0178153
0.0165387
0.0170119
0.0183791
0.0189418
0.0199498
0.0213697
0.0224092
0.0236117
0.0244278
0.0252473
0.0266978
0.0278654
0.0287309
0.0294885
0.00255223
0.0118752
0.0167696
0.0125139
0.012667
0.0177573
0.0165967
0.0169754
0.0184272
0.0189625
0.0199064
0.021359
0.02236
0.0235262
0.0243537
0.0251224
0.0265229
0.0276759
0.028481
0.0291879
0.00271312
0.0119128
0.0166859
0.0125503
0.0127762
0.0176997
0.0166555
0.0169423
0.0184672
0.0189908
0.0198561
0.0213473
0.0223116
0.0234314
0.024268
0.024993
0.0263372
0.0274851
0.028247
0.028885
0.00287837
0.0119498
0.0166047
0.0125862
0.0128841
0.0176431
0.0167147
0.0169131
0.0184984
0.0190273
0.0197998
0.0213312
0.0222673
0.0233278
0.0241712
0.0248542
0.0261383
0.0272934
0.0280354
0.0285843
0.00304808
0.011986
0.0165262
0.0126217
0.0129905
0.0175877
0.0167736
0.0168894
0.0185193
0.0190703
0.0197428
0.0213057
0.0222289
0.0232166
0.0240662
0.0247166
0.0259259
0.0270884
0.027793
0.0283011
0.00322236
0.0120213
0.0164505
0.0126572
0.0130945
0.0175348
0.0168314
0.0168718
0.018532
0.0191153
0.0196896
0.0212693
0.0221971
0.0230995
0.0239524
0.0245835
0.0256941
0.0268049
0.0275468
0.0280496
0.00340148
0.0120554
0.016378
0.0126926
0.0131962
0.0174846
0.0168876
0.0168572
0.0185392
0.0191623
0.0196395
0.0212201
0.022173
0.022978
0.0238281
0.0244488
0.0254561
0.0265089
0.027229
0.0278174
0.00358534
0.0120881
0.0163085
0.0127292
0.0132942
0.0174376
0.0169425
0.0168481
0.0185345
0.0192142
0.0195932
0.0211609
0.0221454
0.0228592
0.0236757
0.024278
0.025209
0.0262327
0.0269811
0.0275852
0.00377389
0.0121195
0.0162419
0.0127672
0.0133876
0.0173976
0.0169945
0.0168526
0.0185168
0.0192663
0.0195536
0.0210954
0.0221089
0.0227355
0.0234936
0.0240894
0.0249622
0.0259701
0.0268073
0.0273504
0.00396771
0.0121491
0.0161788
0.0128067
0.0134773
0.0173582
0.0170442
0.0168548
0.0185039
0.0193137
0.0195241
0.0210189
0.0220677
0.0226011
0.0233098
0.0239012
0.0247478
0.0257013
0.0264445
0.0271132
0.00416645
0.0121769
0.0161185
0.0128495
0.0135614
0.0173226
0.0170928
0.0168502
0.0184815
0.0193621
0.0194994
0.0209316
0.0220197
0.0224621
0.0230943
0.0236978
0.0245227
0.0254449
0.0261898
0.0268761
0.00436982
0.0122031
0.0160603
0.0128962
0.0136389
0.0173004
0.0171395
0.0168757
0.018437
0.0194087
0.0194808
0.0208347
0.0219617
0.0223221
0.0228459
0.0234781
0.0242839
0.0252026
0.0260588
0.0266398
0.0045789
0.0122271
0.0160061
0.0129456
0.0137123
0.0172707
0.017188
0.0168794
0.0184159
0.0194464
0.0194692
0.0207269
0.0218908
0.0221896
0.0226348
0.0232541
0.0240658
0.0249286
0.025654
0.0264
0.00479273
0.0122494
0.0159537
0.0130005
0.0137791
0.0172448
0.0172366
0.0168935
0.0183859
0.0194815
0.0194569
0.0206113
0.0218022
0.0220746
0.0224058
0.0229851
0.0238177
0.0246791
0.025404
0.0261642
0.00501112
0.0122705
0.0159021
0.0130615
0.0138388
0.0172374
0.0172844
0.0169258
0.0183223
0.0195173
0.0194479
0.0204854
0.0216961
0.0219766
0.0221586
0.0226724
0.0235315
0.0244541
0.0253315
0.0259389
0.00523547
0.0122893
0.0158541
0.0131264
0.0138958
0.017208
0.0173403
0.0169331
0.018285
0.0195384
0.0194507
0.0203455
0.0215799
0.0218791
0.0219805
0.0224441
0.0232352
0.0240948
0.0248729
0.0257256
0.00546394
0.0123076
0.015806
0.0131984
0.0139475
0.0171848
0.0173993
0.0169487
0.0182447
0.0195408
0.0194634
0.0202031
0.0214441
0.0217861
0.0218198
0.0221819
0.0228966
0.0236869
0.0245196
0.0255482
0.00569734
0.0123253
0.0157586
0.0132764
0.0139949
0.0171728
0.0174578
0.0169827
0.0181711
0.0195349
0.0194832
0.0200656
0.0212821
0.0216962
0.0216599
0.0219035
0.0225405
0.0233225
0.0242589
0.0253713
0.00593624
0.0123417
0.0157123
0.013359
0.0140418
0.0171381
0.0175203
0.0170143
0.0180935
0.0195189
0.0195057
0.0199344
0.0211035
0.0215892
0.0215062
0.0216257
0.0221976
0.0230078
0.0239951
0.0251789
0.00617907
0.012359
0.0156653
0.0134472
0.0140877
0.0171071
0.0175838
0.017052
0.0180142
0.0194836
0.0195286
0.0198202
0.0209094
0.021455
0.0213648
0.0213647
0.0218672
0.0226879
0.0237327
0.0249838
0.00642669
0.012377
0.0156184
0.0135386
0.0141349
0.0170688
0.0176437
0.0171012
0.0179286
0.0194233
0.0195579
0.0197231
0.0206973
0.0212934
0.0212348
0.0211308
0.0215492
0.0223666
0.0234517
0.0247917
0.00667868
0.0123957
0.0155715
0.0136332
0.0141844
0.0170243
0.0177021
0.0171584
0.0178344
0.0193445
0.0195903
0.0196366
0.0204766
0.0211096
0.0211078
0.0209234
0.0212384
0.0220328
0.0231686
0.024603
0.00693458
0.012416
0.0155255
0.0137292
0.0142353
0.0169792
0.0177555
0.0172193
0.0177451
0.0192498
0.0196136
0.0195642
0.0202611
0.0209036
0.0209675
0.0207371
0.0209456
0.0217016
0.02288
0.0244107
0.00719452
0.0124386
0.0154793
0.0138251
0.0142901
0.0169318
0.0177997
0.0172859
0.0176626
0.0191345
0.019622
0.019512
0.0200572
0.0206725
0.0208035
0.0205739
0.0206861
0.0213867
0.022581
0.0242019
0.00745799
0.0124634
0.0154336
0.0139212
0.0143476
0.0168819
0.0178353
0.0173578
0.0175852
0.0190003
0.019617
0.0194788
0.0198623
0.0204201
0.0206192
0.0204327
0.0204612
0.0210823
0.0222738
0.0239746
0.00772482
0.0124913
0.0153645
0.014016
0.0144067
0.016832
0.0178626
0.0174313
0.0175161
0.0188525
0.0195952
0.0194569
0.0196784
0.0201607
0.0204158
0.0202943
0.0202614
0.0207975
0.0219621
0.0237397
0.00799484
0.0125224
0.015321
0.0141094
0.0144674
0.016783
0.01788
0.017504
0.017459
0.0186949
0.0195503
0.0194419
0.019513
0.0199042
0.0201889
0.0201413
0.0200834
0.0205405
0.0216672
0.0235078
0.00826759
0.0125575
0.0152796
0.0142008
0.0145283
0.0167345
0.0178877
0.0175753
0.0174161
0.018531
0.0194788
0.0194319
0.0193694
0.0196524
0.0199393
0.0199689
0.0199228
0.0203164
0.0214009
0.0232841
0.00854288
0.012597
0.0152405
0.0142902
0.0145889
0.0166866
0.0178865
0.0176441
0.0173868
0.0183641
0.0193798
0.0194213
0.0192466
0.0194075
0.0196753
0.0197776
0.01977
0.0201244
0.0211707
0.0230731
0.00882021
0.012641
0.015204
0.0143778
0.0146484
0.0166385
0.0178768
0.0177088
0.0173704
0.0181992
0.019255
0.0194034
0.0191441
0.0191748
0.0194051
0.0195674
0.0196173
0.0199618
0.0209772
0.0228769
0.00909919
0.0126904
0.0151704
0.0144634
0.0147062
0.016589
0.0178581
0.0177686
0.0173677
0.0180427
0.0191072
0.0193703
0.0190607
0.0189594
0.0191334
0.019339
0.0194588
0.019819
0.0208122
0.022698
0.00937941
0.0127454
0.0151401
0.0145472
0.0147621
0.0165372
0.0178297
0.017823
0.0173774
0.0178978
0.0189388
0.0193157
0.0189948
0.0187652
0.018864
0.0190961
0.0192915
0.0196862
0.0206711
0.022542
0.00966023
0.0128066
0.0151135
0.0146296
0.0148154
0.0164816
0.017792
0.0178719
0.0173972
0.0177669
0.0187557
0.0192362
0.0189407
0.0185945
0.0186031
0.0188441
0.0191127
0.0195571
0.0205493
0.0224068
0.00994127
0.0128738
0.0150908
0.0147109
0.0148657
0.0164217
0.0177464
0.0179151
0.0174252
0.0176519
0.0185645
0.0191279
0.0188892
0.0184514
0.0183591
0.0185852
0.0189178
0.0194247
0.0204395
0.0222889
0.0102222
0.0129466
0.0150725
0.0147906
0.014914
0.0163601
0.0176928
0.0179506
0.0174595
0.0175534
0.0183707
0.0189907
0.0188332
0.0183368
0.0181357
0.018322
0.0187071
0.0192837
0.0203365
0.0221864
0.0105027
0.013025
0.0150571
0.0148686
0.0149635
0.0162986
0.0176305
0.0179766
0.0174977
0.01747
0.01818
0.0188283
0.0187629
0.0182429
0.0179382
0.0180657
0.0184832
0.0191288
0.0202321
0.0220911
0.0107821
0.0131087
0.0150442
0.0149453
0.0150159
0.0162381
0.0175588
0.0179913
0.0175376
0.0173999
0.0179971
0.0186458
0.0186699
0.0181617
0.0177722
0.0178254
0.0182485
0.0189557
0.0201157
0.0219959
0.0110598
0.0131978
0.0150342
0.0150205
0.0150716
0.0161798
0.0174778
0.0179925
0.0175769
0.0173419
0.0178242
0.0184494
0.0185528
0.0180857
0.0176346
0.0176062
0.0180111
0.0187653
0.0199824
0.0218971
0.0113355
0.0132921
0.0150273
0.0150936
0.0151304
0.0161253
0.0173883
0.0179779
0.0176138
0.0172954
0.0176632
0.018247
0.0184134
0.0180054
0.0175183
0.0174119
0.0177801
0.0185612
0.0198297
0.0217906
0.0116084
0.0133917
0.0150238
0.0151642
0.0151924
0.0160757
0.0172915
0.0179465
0.0176464
0.0172603
0.0175164
0.0180447
0.018253
0.017914
0.0174166
0.0172419
0.0175603
0.0183475
0.0196612
0.0216766
0.011878
0.0134966
0.0150241
0.0152314
0.0152569
0.0160323
0.0171894
0.0178979
0.0176724
0.0172359
0.0173836
0.0178451
0.0180755
0.0178079
0.0173217
0.0170935
0.0173554
0.018134
0.0194853
0.021554
0.0121438
0.0136067
0.0150284
0.0152945
0.0153235
0.0159963
0.0170837
0.0178318
0.0176888
0.0172201
0.0172635
0.0176524
0.0178863
0.0176842
0.0172281
0.0169638
0.0171695
0.0179283
0.0193023
0.0214194
0.0124053
0.0137218
0.015037
0.0153531
0.0153909
0.0159684
0.0169764
0.0177488
0.0176922
0.0172104
0.0171563
0.0174697
0.0176906
0.0175439
0.0171317
0.0168479
0.0170022
0.0177304
0.0191142
0.0212783
0.0126619
0.0138418
0.0150505
0.015407
0.015458
0.0159485
0.0168689
0.0176508
0.0176797
0.0172041
0.0170619
0.0172986
0.0174938
0.0173891
0.0170263
0.0167394
0.0168515
0.0175441
0.0189305
0.0211361
0.0129133
0.0139662
0.0150689
0.0154562
0.0155237
0.0159363
0.016745
0.0175402
0.0176494
0.0171986
0.0169794
0.01714
0.0173005
0.0172215
0.0169082
0.0166348
0.016717
0.0173745
0.0187557
0.0209923
0.013159
0.0140947
0.0150926
0.0155006
0.0155868
0.015932
0.0166547
0.0174209
0.0176004
0.0171906
0.0169067
0.0169929
0.0171136
0.0170459
0.0167783
0.0165296
0.0165952
0.0172217
0.0185907
0.0208482
0.0133986
0.0142268
0.0151219
0.0155407
0.0156463
0.0159346
0.0165723
0.0172959
0.0175323
0.0171765
0.0168422
0.0168562
0.0169361
0.0168683
0.0166367
0.0164184
0.0164811
0.0170842
0.0184376
0.0207075
0.0136318
0.0143618
0.015157
0.0155767
0.0157013
0.0159426
0.0164984
0.0171681
0.017446
0.0171531
0.0167844
0.0167287
0.016768
0.0166923
0.0164861
0.0162989
0.0163701
0.0169587
0.0182979
0.0205736
0.0138582
0.0144991
0.0151982
0.0156094
0.0157508
0.0159543
0.016431
0.0170413
0.0173436
0.0171171
0.0167314
0.016609
0.0166079
0.0165212
0.0163312
0.0161711
0.0162577
0.0168415
0.0181704
0.0204465
0.0140777
0.0146379
0.0152452
0.0156393
0.0157947
0.0159684
0.0163708
0.0169182
0.0172281
0.0170657
0.0166814
0.0164971
0.0164547
0.0163558
0.0161758
0.0160372
0.0161414
0.0167276
0.0180504
0.0203238
0.0142901
0.0147775
0.015298
0.0156672
0.0158323
0.0159834
0.0163205
0.0168017
0.0171039
0.016997
0.0166307
0.0163935
0.0163071
0.016195
0.0160218
0.0158993
0.0160195
0.0166123
0.0179331
0.020204
0.0144951
0.0149172
0.0153563
0.0156939
0.0158638
0.0159978
0.0162769
0.016693
0.0169753
0.0169111
0.0165751
0.0162974
0.0161652
0.0160372
0.0158687
0.0157585
0.0158922
0.0164936
0.017816
0.0200862
0.0146928
0.0150561
0.0154194
0.0157202
0.0158891
0.0160104
0.0162387
0.0165919
0.0168461
0.0168102
0.0165099
0.0162069
0.0160296
0.0158821
0.0157156
0.0156157
0.0157605
0.0163704
0.0176964
0.0199671
0.014883
0.0151935
0.0154866
0.015747
0.0159091
0.0160199
0.0162046
0.0164977
0.0167192
0.0166984
0.0164314
0.0161182
0.0159007
0.0157307
0.0155629
0.0154711
0.0156242
0.0162412
0.0175715
0.0198444
0.0150657
0.0153288
0.0155573
0.0157745
0.0159243
0.0160251
0.0161736
0.0164098
0.0165956
0.0165807
0.0163396
0.0160266
0.0157766
0.0155827
0.0154104
0.0153238
0.0154829
0.0161055
0.0174404
0.0197172
0.0152409
0.0154612
0.0156305
0.0158035
0.0159358
0.0160255
0.0161442
0.0163281
0.0164751
0.0164602
0.016237
0.0159281
0.0156544
0.0154374
0.015258
0.0151742
0.0153375
0.0159636
0.0173024
0.0195837
0.0154085
0.0155904
0.0157055
0.0158336
0.0159445
0.016021
0.0161153
0.0162528
0.016357
0.0163376
0.0161264
0.0158214
0.0155309
0.0152928
0.0151052
0.0150221
0.0151881
0.0158159
0.0171572
0.0194428
0.0155684
0.0157158
0.0157814
0.015865
0.0159512
0.0160117
0.0160844
0.0161838
0.0162428
0.0162138
0.0160126
0.0157085
0.0154042
0.0151461
0.0149485
0.014864
0.0150314
0.0156597
0.0170027
0.019293
0.0157205
0.0158371
0.0158576
0.0158975
0.0159566
0.0159991
0.0160489
0.016118
0.016133
0.0160869
0.0158964
0.015594
0.0152775
0.0149997
0.0147898
0.0147005
0.0148665
0.0154927
0.0168345
0.0191277
0.0158647
0.0159537
0.0159333
0.015931
0.0159608
0.0159844
0.016009
0.016054
0.016029
0.0159549
0.0157727
0.0154762
0.0151509
0.014854
0.0146304
0.0145352
0.014698
0.0153198
0.0166566
0.0189469
0.0160009
0.0160656
0.0160078
0.015965
0.0159642
0.0159681
0.0159655
0.0159889
0.0159344
0.0158236
0.0156407
0.0153514
0.0150202
0.0147046
0.0144645
0.0143622
0.0145224
0.0151415
0.0164731
0.0187566
0.0161285
0.0161728
0.0160818
0.0159997
0.0159663
0.0159492
0.0159191
0.0159173
0.0158453
0.0156992
0.0155051
0.0152209
0.0148842
0.0145504
0.0142894
0.0141762
0.0143335
0.014952
0.0162787
0.018555
0.0162468
0.0162739
0.0161544
0.0160362
0.0159679
0.0159333
0.0158736
0.0158393
0.015755
0.0155822
0.0153697
0.015086
0.0147435
0.014393
0.0141081
0.0139781
0.014126
0.014739
0.0160615
0.0183337
0.0163562
0.0163713
0.0162253
0.0160719
0.0159669
0.0159208
0.0158296
0.0157594
0.0156615
0.015472
0.0152383
0.0149487
0.0145984
0.0142323
0.013923
0.0137691
0.0138997
0.014502
0.015817
0.0180831
0.0164543
0.0164658
0.016299
0.0161132
0.0159677
0.0158527
0.0157762
0.0156729
0.0155618
0.0153685
0.0151178
0.0148162
0.0144549
0.0140714
0.0137349
0.0135502
0.0136538
0.0142382
0.0155418
0.017799
0.0165213
0.0165489
0.0163711
0.0161516
0.0159773
0.0158907
0.0157373
0.0155891
0.0154649
0.0152791
0.0150164
0.0146976
0.014318
0.0139101
0.0135367
0.0133049
0.0133624
0.013912
0.015184
0.0174081
0.0166571
0.0166322
0.0164366
0.0161884
0.0159701
0.0158179
0.0156709
0.0155275
0.0154043
0.0152401
0.0149903
0.0146741
0.0143009
0.0138986
0.0135118
0.0132334
0.0132088
0.0136405
0.0147899
0.0168956
0.0166234
0.0167062
0.01648
0.0162926
0.0160603
0.0157695
0.015468
0.0153012
0.0151563
0.0150047
0.0147372
0.0144087
0.0140389
0.0136974
0.0134266
0.0133081
0.0134268
0.0139512
0.0151255
0.0172044
0.0168176
0.0167305
0.0165113
0.0162065
0.0159552
0.0157685
0.0156526
0.0155345
0.0153953
0.0152369
0.0149595
0.0145683
0.0140556
0.0134412
0.0127884
0.0122159
0.0119005
0.0120664
0.0130431
0.0148818
0.0170895
0.0166933
0.016368
0.0160782
0.0158389
0.0155744
0.015259
0.0150654
0.0149268
0.01474
0.0145196
0.0142884
0.0142295
0.0144609
0.0150506
0.0159266
0.0169078
0.0176977
0.0178717
0.0172789
0.0171014
0.0167428
0.0163956
0.0161826
0.0160707
0.0159788
0.0158763
0.0156999
0.0155027
0.0152181
0.0147493
0.0140733
0.0132309
0.012323
0.0114497
0.010669
0.0101148
0.0100131
0.0106501
0.0122918
0.0172996
0.016745
0.016351
0.0161098
0.0160113
0.0157953
0.0154798
0.015041
0.0146711
0.0145169
0.0143594
0.0140521
0.0137725
0.0136774
0.0138588
0.0143316
0.0150164
0.0156367
0.0158024
0.0151445
0.0173065
0.0167433
0.0163624
0.0162515
0.0163109
0.0163225
0.016294
0.0161479
0.0158807
0.0153728
0.0145442
0.0133389
0.0118293
0.0101977
0.00868864
0.00750782
0.00680977
0.00676132
0.00757476
0.00944288
0.0429497
0.0255048
0.0187605
0.0188828
0.0200063
0.0208732
0.0215987
0.022238
0.0227764
0.0233123
0.024012
0.0248791
0.0256867
0.0263595
0.0271136
0.0279779
0.0288169
0.0296017
0.0304519
0.0313915
0.032344
0.0334033
0.0345164
0.0354429
0.0363628
0.0375684
0.038856
0.0401238
0.0414206
0.0427775
0.0441113
0.0454953
0.0469756
0.0485385
0.0501307
0.0517475
0.0534547
0.0552108
0.0570844
0.0589911
0.0609905
0.0630041
0.0650919
0.0672714
0.0694508
0.07177
0.0740022
0.0764203
0.0784531
0.0804303
0.042419
0.0255573
0.0188051
0.0189
0.0200149
0.0208788
0.021603
0.0222415
0.0227794
0.0233146
0.0240138
0.0248806
0.025688
0.0263606
0.0271146
0.0279788
0.0288178
0.0296025
0.0304526
0.0313922
0.0323447
0.0334038
0.0345169
0.0354433
0.0363632
0.0375688
0.0388564
0.0401241
0.0414208
0.0427778
0.0441116
0.0454955
0.0469758
0.0485387
0.0501309
0.0517477
0.0534548
0.055211
0.0570845
0.0589912
0.0609906
0.0630042
0.065092
0.0672715
0.0694509
0.0717701
0.0740022
0.0764204
0.0784532
0.0804303
0.0419088
0.0256482
0.0188743
0.0189229
0.0200253
0.0208848
0.0216072
0.0222449
0.0227821
0.0233168
0.0240156
0.024882
0.0256892
0.0263617
0.0271155
0.0279796
0.0288185
0.0296032
0.0304533
0.0313928
0.0323452
0.0334043
0.0345174
0.0354438
0.0363635
0.0375691
0.0388567
0.0401244
0.0414211
0.042778
0.0441118
0.0454957
0.046976
0.0485389
0.050131
0.0517478
0.053455
0.0552111
0.0570847
0.0589914
0.0609907
0.0630043
0.0650921
0.0672716
0.069451
0.0717702
0.0740023
0.0764204
0.0784532
0.0804303
0.0414389
0.0257676
0.0189755
0.0189592
0.020041
0.0208931
0.0216122
0.0222486
0.0227851
0.0233193
0.0240176
0.0248836
0.0256906
0.0263627
0.0271164
0.0279804
0.0288193
0.0296039
0.0304539
0.0313934
0.0323458
0.0334048
0.0345179
0.0354442
0.0363639
0.0375694
0.038857
0.0401246
0.0414214
0.0427783
0.044112
0.0454959
0.0469762
0.048539
0.0501312
0.051748
0.0534551
0.0552112
0.0570848
0.0589915
0.0609909
0.0630044
0.0650922
0.0672717
0.069451
0.0717703
0.0740024
0.0764205
0.0784533
0.0804303
0.0409772
0.0259017
0.0191033
0.0190099
0.0200641
0.0209049
0.0216189
0.0222531
0.0227888
0.0233226
0.0240203
0.0248857
0.0256921
0.026364
0.0271175
0.0279813
0.0288201
0.0296046
0.0304545
0.0313941
0.0323464
0.0334054
0.0345184
0.0354447
0.0363642
0.0375697
0.0388574
0.0401249
0.0414216
0.0427785
0.0441122
0.0454961
0.0469764
0.0485392
0.0501314
0.0517481
0.0534552
0.0552114
0.0570849
0.0589916
0.060991
0.0630046
0.0650923
0.0672717
0.0694511
0.0717703
0.0740025
0.0764206
0.0784534
0.0804303
0.0405057
0.0260411
0.0192465
0.0190704
0.0200934
0.0209205
0.0216277
0.0222589
0.0227935
0.0233268
0.0240239
0.0248884
0.0256941
0.0263655
0.0271188
0.0279824
0.0288209
0.0296053
0.0304552
0.0313947
0.032347
0.033406
0.0345191
0.0354452
0.0363645
0.0375701
0.0388578
0.0401253
0.0414219
0.0427788
0.0441125
0.0454963
0.0469766
0.0485394
0.0501315
0.0517483
0.0534554
0.0552115
0.057085
0.0589917
0.0609911
0.0630047
0.0650924
0.0672718
0.0694512
0.0717704
0.0740025
0.0764207
0.0784535
0.0804304
0.0400234
0.0261813
0.019398
0.0191361
0.0201266
0.0209389
0.0216383
0.0222659
0.0227992
0.0233321
0.0240286
0.0248919
0.0256966
0.0263675
0.0271204
0.0279836
0.0288219
0.0296062
0.0304559
0.0313953
0.0323476
0.0334067
0.0345198
0.0354459
0.0363649
0.0375705
0.0388582
0.0401257
0.0414223
0.0427791
0.0441128
0.0454966
0.0469768
0.0485396
0.0501317
0.0517484
0.0534555
0.0552116
0.0570852
0.0589918
0.0609912
0.0630048
0.0650925
0.0672719
0.0694513
0.0717705
0.0740026
0.0764208
0.0784538
0.0804304
0.0395343
0.0263203
0.0195551
0.0192049
0.020162
0.0209591
0.0216502
0.0222741
0.0228059
0.0233384
0.0240341
0.0248959
0.0256994
0.0263698
0.0271224
0.0279851
0.028823
0.0296071
0.0304567
0.031396
0.0323482
0.0334074
0.0345207
0.0354466
0.0363654
0.0375709
0.0388586
0.0401261
0.0414226
0.0427795
0.0441131
0.0454968
0.046977
0.0485398
0.0501319
0.0517486
0.0534557
0.0552118
0.0570853
0.058992
0.0609914
0.0630049
0.0650926
0.0672721
0.0694514
0.0717706
0.0740028
0.0764209
0.078454
0.0804305
0.0390421
0.0264568
0.0197172
0.0192759
0.0201986
0.0209805
0.0216631
0.0222831
0.0228134
0.0233454
0.0240402
0.0249004
0.0257026
0.0263726
0.0271247
0.0279868
0.0288243
0.0296084
0.0304577
0.0313967
0.0323488
0.0334081
0.0345216
0.0354474
0.036366
0.0375715
0.0388591
0.0401265
0.0414231
0.0427799
0.0441135
0.0454972
0.0469773
0.0485401
0.0501322
0.0517488
0.0534559
0.055212
0.0570855
0.0589921
0.0609915
0.063005
0.0650927
0.0672722
0.0694515
0.0717708
0.0740029
0.0764211
0.0784544
0.0804306
0.0385488
0.0265901
0.0198845
0.019349
0.0202359
0.0210027
0.0216767
0.0222928
0.0228217
0.0233531
0.0240468
0.0249052
0.0257061
0.0263756
0.0271274
0.0279888
0.0288258
0.0296098
0.0304589
0.0313975
0.0323494
0.0334087
0.0345225
0.0354484
0.0363667
0.0375722
0.0388597
0.040127
0.0414235
0.0427803
0.0441139
0.0454975
0.0469776
0.0485404
0.0501324
0.051749
0.0534561
0.0552121
0.0570856
0.0589923
0.0609917
0.0630052
0.0650929
0.0672723
0.0694517
0.0717709
0.074003
0.0764213
0.0784548
0.0804307
0.0380559
0.0267195
0.0200569
0.0194242
0.0202735
0.0210253
0.0216909
0.022303
0.0228304
0.0233611
0.0240537
0.0249102
0.0257097
0.0263789
0.0271304
0.0279909
0.0288274
0.0296115
0.0304605
0.0313986
0.03235
0.0334093
0.0345233
0.0354493
0.0363676
0.037573
0.0388604
0.0401275
0.041424
0.0427809
0.0441144
0.0454979
0.046978
0.0485407
0.0501327
0.0517493
0.0534563
0.0552123
0.0570858
0.0589925
0.0609918
0.0630054
0.065093
0.0672725
0.0694518
0.071771
0.0740032
0.0764216
0.0784554
0.0804309
0.0375647
0.0268442
0.0202341
0.0195013
0.0203112
0.0210483
0.0217056
0.0223136
0.0228396
0.0233695
0.0240608
0.0249153
0.0257133
0.0263822
0.0271335
0.0279931
0.0288292
0.0296134
0.0304624
0.0314001
0.0323507
0.0334096
0.0345239
0.0354502
0.0363686
0.0375741
0.0388613
0.0401281
0.0414245
0.0427814
0.0441149
0.0454985
0.0469784
0.0485411
0.0501331
0.0517496
0.0534566
0.0552125
0.057086
0.0589926
0.060992
0.0630055
0.0650932
0.0672726
0.069452
0.0717712
0.0740034
0.0764219
0.0784561
0.0804312
0.0370758
0.0269634
0.0204159
0.0195805
0.0203487
0.0210715
0.0217208
0.0223247
0.0228491
0.0233783
0.0240681
0.0249205
0.0257171
0.0263857
0.0271368
0.0279955
0.028831
0.0296154
0.0304646
0.0314019
0.0323517
0.0334098
0.0345242
0.0354509
0.0363697
0.0375754
0.0388623
0.0401287
0.041425
0.0427819
0.0441155
0.045499
0.0469789
0.0485415
0.0501335
0.05175
0.0534569
0.0552128
0.0570862
0.0589928
0.0609922
0.0630057
0.0650934
0.0672728
0.0694522
0.0717714
0.0740037
0.0764223
0.0784569
0.0804316
0.03659
0.0270764
0.0206024
0.019662
0.020386
0.0210947
0.0217365
0.0223363
0.0228591
0.0233873
0.0240756
0.0249258
0.025721
0.0263894
0.0271402
0.027998
0.0288328
0.0296174
0.0304668
0.0314038
0.0323528
0.0334099
0.034524
0.0354512
0.0363706
0.0375768
0.0388636
0.0401295
0.0414255
0.0427824
0.0441161
0.0454997
0.0469795
0.048542
0.0501339
0.0517504
0.0534572
0.055213
0.0570864
0.058993
0.0609924
0.0630059
0.0650935
0.067273
0.0694524
0.0717717
0.0740039
0.0764227
0.0784579
0.080432
0.0361083
0.0271825
0.0207936
0.0197462
0.0204229
0.0211179
0.0217527
0.0223485
0.0228694
0.0233967
0.0240834
0.0249313
0.0257251
0.0263931
0.0271437
0.0280005
0.0288347
0.0296195
0.0304691
0.031406
0.0323541
0.0334099
0.0345235
0.0354511
0.0363714
0.0375784
0.0388651
0.0401304
0.041426
0.0427828
0.0441167
0.0455004
0.0469802
0.0485425
0.0501344
0.0517509
0.0534577
0.0552134
0.0570866
0.0589932
0.0609926
0.0630061
0.0650937
0.0672732
0.0694526
0.071772
0.0740043
0.0764233
0.0784591
0.0804327
0.0356315
0.0272812
0.0209897
0.0198337
0.0204597
0.0211409
0.0217693
0.0223612
0.0228802
0.0234065
0.0240915
0.0249371
0.0257293
0.0263969
0.0271474
0.0280032
0.0288367
0.0296216
0.0304714
0.0314081
0.0323554
0.0334097
0.0345225
0.0354506
0.0363719
0.03758
0.0388668
0.0401315
0.0414266
0.0427832
0.0441172
0.0455012
0.046981
0.0485431
0.0501349
0.0517515
0.0534583
0.0552138
0.0570869
0.0589934
0.0609928
0.0630063
0.0650939
0.0672734
0.0694528
0.0717723
0.0740047
0.0764239
0.0784605
0.0804334
0.0351608
0.027372
0.0211904
0.0199249
0.0204962
0.0211636
0.0217864
0.0223744
0.0228915
0.0234166
0.0240999
0.0249431
0.0257338
0.026401
0.0271512
0.028006
0.0288387
0.0296237
0.0304737
0.0314103
0.0323567
0.0334093
0.034521
0.0354497
0.0363722
0.0375816
0.0388686
0.0401326
0.0414273
0.0427835
0.0441176
0.0455019
0.0469819
0.0485438
0.0501355
0.0517521
0.0534589
0.0552143
0.0570872
0.0589936
0.060993
0.0630065
0.0650941
0.0672736
0.0694531
0.0717726
0.0740052
0.0764246
0.0784622
0.0804343
0.0346972
0.0274543
0.0213956
0.0200204
0.0205326
0.021186
0.021804
0.0223882
0.0229032
0.0234271
0.0241086
0.0249494
0.0257384
0.0264052
0.0271551
0.0280089
0.0288409
0.029626
0.0304761
0.0314125
0.0323579
0.0334088
0.034519
0.0354485
0.0363723
0.037583
0.0388704
0.0401339
0.041428
0.0427838
0.044118
0.0455026
0.0469828
0.0485446
0.050136
0.0517528
0.0534596
0.0552149
0.0570876
0.0589938
0.0609932
0.0630067
0.0650943
0.0672738
0.0694533
0.071773
0.0740057
0.0764255
0.0784641
0.0804354
0.0342416
0.0275276
0.021605
0.0201209
0.0205692
0.021208
0.021822
0.0224027
0.0229154
0.0234381
0.0241176
0.024956
0.0257433
0.0264096
0.0271591
0.028012
0.0288432
0.0296282
0.0304785
0.0314146
0.0323592
0.0334081
0.0345167
0.035447
0.0363725
0.0375843
0.0388722
0.0401352
0.0414288
0.0427842
0.0441183
0.0455033
0.0469837
0.0485454
0.0501365
0.0517534
0.0534604
0.0552156
0.057088
0.0589941
0.0609934
0.0630069
0.0650945
0.067274
0.0694536
0.0717734
0.0740063
0.0764264
0.0784662
0.0804366
0.0337947
0.0275914
0.0218181
0.0202269
0.020606
0.0212294
0.0218404
0.0224178
0.022928
0.0234494
0.024127
0.024963
0.0257484
0.0264143
0.0271633
0.0280152
0.0288456
0.0296306
0.030481
0.0314168
0.0323605
0.0334073
0.0345141
0.0354454
0.0363729
0.0375856
0.038874
0.0401365
0.0414295
0.0427845
0.0441186
0.0455039
0.0469847
0.0485462
0.0501371
0.0517541
0.0534613
0.0552164
0.0570885
0.0589943
0.0609936
0.063007
0.0650948
0.0672742
0.0694538
0.0717738
0.0740069
0.0764274
0.0784686
0.0804381
0.0333572
0.0276452
0.0220342
0.020339
0.0206434
0.0212502
0.0218592
0.0224336
0.0229411
0.023461
0.0241367
0.0249703
0.0257538
0.0264193
0.0271677
0.0280185
0.0288481
0.0296331
0.0304836
0.0314191
0.032362
0.0334048
0.0345114
0.035444
0.0363738
0.0375869
0.0388756
0.0401378
0.0414302
0.0427849
0.0441189
0.0455047
0.0469856
0.0485471
0.0501377
0.0517547
0.0534621
0.0552172
0.0570891
0.0589946
0.0609938
0.0630072
0.065095
0.0672744
0.0694541
0.0717742
0.0740076
0.0764286
0.0784712
0.0804396
0.0329298
0.0276886
0.0222527
0.0204576
0.0206816
0.0212703
0.0218782
0.0224501
0.0229548
0.023473
0.0241467
0.024978
0.0257594
0.0264246
0.0271722
0.028022
0.0288507
0.0296356
0.0304863
0.0314214
0.0323636
0.033404
0.0345088
0.035443
0.0363753
0.0375884
0.0388771
0.040139
0.0414309
0.0427853
0.0441193
0.0455055
0.0469865
0.048548
0.0501382
0.0517553
0.0534629
0.0552181
0.0570897
0.0589949
0.060994
0.0630074
0.0650953
0.0672746
0.0694543
0.0717746
0.0740083
0.0764298
0.078474
0.0804414
0.0325135
0.0277214
0.0224727
0.0205834
0.0207209
0.0212893
0.0218973
0.0224674
0.022969
0.0234854
0.0241571
0.024986
0.0257654
0.02643
0.0271768
0.0280256
0.0288535
0.0296383
0.0304891
0.0314238
0.0323656
0.0334038
0.0345063
0.0354424
0.0363777
0.0375902
0.0388784
0.0401401
0.0414316
0.0427856
0.0441196
0.0455065
0.0469874
0.0485488
0.0501387
0.051756
0.0534638
0.0552191
0.0570903
0.0589953
0.0609942
0.0630076
0.0650956
0.0672749
0.0694546
0.071775
0.0740091
0.0764311
0.0784771
0.0804433
0.0321085
0.0277435
0.0226932
0.0207166
0.0207617
0.0213074
0.0219163
0.0224853
0.0229838
0.0234982
0.0241678
0.0249943
0.0257717
0.0264358
0.0271817
0.0280294
0.0288564
0.029641
0.030492
0.0314264
0.0323678
0.0334039
0.0345041
0.0354425
0.0363809
0.0375923
0.0388796
0.0401412
0.0414323
0.0427859
0.0441201
0.0455077
0.0469883
0.0485496
0.0501393
0.0517567
0.0534646
0.05522
0.057091
0.0589956
0.0609944
0.0630077
0.0650958
0.0672751
0.0694548
0.0717754
0.0740099
0.0764325
0.0784804
0.0804453
0.0317146
0.027755
0.0229133
0.0208574
0.0208046
0.0213241
0.0219349
0.0225039
0.0229991
0.0235113
0.024179
0.025003
0.0257783
0.0264417
0.0271867
0.0280335
0.0288593
0.0296438
0.030495
0.031429
0.0323703
0.0334042
0.0345022
0.0354432
0.036385
0.0375949
0.0388807
0.0401422
0.041433
0.0427861
0.0441206
0.045509
0.0469893
0.0485503
0.0501398
0.0517574
0.0534655
0.0552209
0.0570917
0.058996
0.0609946
0.0630079
0.0650961
0.0672754
0.0694551
0.0717758
0.0740107
0.0764339
0.0784838
0.0804475
0.0313315
0.0277558
0.0231317
0.0210059
0.0208501
0.0213396
0.0219529
0.0225232
0.0230152
0.0235249
0.0241905
0.025012
0.0257853
0.0264479
0.027192
0.0280377
0.0288625
0.0296468
0.0304981
0.0314318
0.032373
0.0334048
0.0345004
0.0354444
0.0363898
0.0375978
0.0388817
0.0401432
0.0414336
0.0427863
0.0441212
0.0455106
0.0469904
0.048551
0.0501403
0.0517583
0.0534664
0.0552219
0.0570925
0.0589964
0.0609948
0.0630081
0.0650964
0.0672757
0.0694554
0.0717763
0.0740116
0.0764354
0.0784875
0.0804498
0.0309594
0.0277464
0.0233472
0.0211621
0.0208989
0.0213537
0.02197
0.022543
0.023032
0.023539
0.0242024
0.0250214
0.0257927
0.0264543
0.0271974
0.0280422
0.0288657
0.0296498
0.0305014
0.0314348
0.0323758
0.0334055
0.0344987
0.0354461
0.0363952
0.0376011
0.0388827
0.0401442
0.0414343
0.0427865
0.0441219
0.0455122
0.0469915
0.0485516
0.0501409
0.0517592
0.0534674
0.0552229
0.0570932
0.0589968
0.060995
0.0630083
0.0650967
0.0672759
0.0694557
0.0717767
0.0740126
0.076437
0.0784913
0.0804523
0.0305988
0.0277272
0.0235584
0.0213257
0.020952
0.0213666
0.0219857
0.0225631
0.0230495
0.0235535
0.0242148
0.0250312
0.0258004
0.0264609
0.0272031
0.0280468
0.0288691
0.0296529
0.0305048
0.0314378
0.0323787
0.0334064
0.0344972
0.0354481
0.0364009
0.0376046
0.0388837
0.0401452
0.0414351
0.0427867
0.0441227
0.045514
0.0469928
0.0485522
0.0501415
0.0517601
0.0534685
0.0552239
0.057094
0.0589973
0.0609952
0.0630085
0.065097
0.0672762
0.069456
0.0717773
0.0740136
0.0764386
0.0784952
0.0804548
0.0302495
0.0276994
0.0237639
0.0214959
0.0210101
0.0213787
0.0219999
0.0225835
0.0230678
0.0235686
0.0242276
0.0250414
0.0258086
0.0264677
0.027209
0.0280517
0.0288726
0.0296561
0.0305083
0.031441
0.0323817
0.0334073
0.0344957
0.0354502
0.0364069
0.0376083
0.0388846
0.0401462
0.0414358
0.0427869
0.0441236
0.0455159
0.0469942
0.0485528
0.0501422
0.0517611
0.0534696
0.055225
0.0570949
0.0589977
0.0609955
0.0630087
0.0650974
0.0672765
0.0694563
0.0717778
0.0740146
0.0764403
0.0784994
0.0804575
0.0299107
0.0276635
0.0239624
0.0216716
0.021074
0.0213902
0.0220125
0.0226041
0.023087
0.0235842
0.0242407
0.0250521
0.0258171
0.0264748
0.0272152
0.0280568
0.0288763
0.0296595
0.0305119
0.0314443
0.0323848
0.0334083
0.0344942
0.0354525
0.0364131
0.0376122
0.0388857
0.0401473
0.0414366
0.0427871
0.0441245
0.0455179
0.0469956
0.0485535
0.050143
0.0517622
0.0534707
0.0552261
0.0570958
0.0589982
0.0609958
0.063009
0.0650978
0.0672767
0.0694566
0.0717784
0.0740157
0.0764421
0.0785037
0.0804603
0.0295842
0.02762
0.0241525
0.0218519
0.0211443
0.0214012
0.0220226
0.0226244
0.0231072
0.0236005
0.0242543
0.0250632
0.0258259
0.026482
0.0272216
0.0280622
0.0288802
0.029663
0.0305156
0.0314477
0.032388
0.0334093
0.0344927
0.0354549
0.0364193
0.0376161
0.0388868
0.0401484
0.0414375
0.0427874
0.0441255
0.0455199
0.0469971
0.0485542
0.0501438
0.0517633
0.053472
0.0552272
0.0570968
0.0589988
0.0609961
0.0630093
0.0650982
0.067277
0.0694569
0.0717791
0.0740169
0.0764439
0.0785082
0.0804633
0.029277
0.0275711
0.024333
0.0220357
0.0212222
0.0214127
0.0220303
0.0226437
0.0231277
0.0236173
0.0242685
0.0250748
0.0258352
0.0264895
0.0272282
0.0280678
0.0288842
0.0296666
0.0305193
0.0314512
0.0323912
0.0334103
0.0344913
0.0354573
0.0364256
0.0376201
0.0388879
0.0401495
0.0414384
0.0427878
0.0441266
0.045522
0.0469988
0.0485551
0.0501447
0.0517645
0.0534733
0.0552284
0.0570978
0.0589993
0.0609965
0.0630096
0.0650986
0.0672772
0.0694573
0.0717798
0.0740182
0.0764459
0.0785129
0.0804663
0.0289963
0.0275201
0.0245038
0.0222217
0.0213078
0.0214255
0.022036
0.0226625
0.0231492
0.0236349
0.0242829
0.0250867
0.0258448
0.0264972
0.0272351
0.0280735
0.0288884
0.0296703
0.0305232
0.0314549
0.0323946
0.0334114
0.0344899
0.0354597
0.036432
0.0376242
0.0388892
0.0401507
0.0414393
0.0427883
0.0441277
0.0455241
0.0470004
0.0485559
0.0501457
0.0517657
0.0534746
0.0552296
0.0570989
0.0589999
0.0609968
0.0630099
0.0650991
0.0672775
0.0694577
0.0717805
0.0740195
0.0764479
0.0785177
0.0804696
0.0287396
0.027468
0.0246645
0.0224092
0.0214018
0.02144
0.0220391
0.0226801
0.0231715
0.0236535
0.0242981
0.0250992
0.0258547
0.0265053
0.0272423
0.0280796
0.0288929
0.0296742
0.0305271
0.0314586
0.032398
0.0334126
0.0344886
0.0354622
0.0364384
0.0376283
0.0388905
0.040152
0.0414403
0.0427888
0.0441289
0.0455262
0.0470021
0.0485569
0.0501467
0.0517669
0.053476
0.0552309
0.0571
0.0590004
0.0609972
0.0630103
0.0650995
0.0672778
0.0694581
0.0717812
0.074021
0.07645
0.0785228
0.080473
0.0284938
0.0274128
0.0248128
0.022596
0.0215045
0.0214574
0.0220395
0.0226955
0.0231939
0.0236728
0.024314
0.0251122
0.0258652
0.0265136
0.0272497
0.0280859
0.0288975
0.0296782
0.0305312
0.0314626
0.0324016
0.0334138
0.0344874
0.0354647
0.0364449
0.0376326
0.0388919
0.0401532
0.0414414
0.0427894
0.0441301
0.0455284
0.0470039
0.0485579
0.0501477
0.0517682
0.0534774
0.0552322
0.0571011
0.059001
0.0609976
0.0630107
0.0651001
0.0672781
0.0694585
0.0717821
0.0740224
0.0764522
0.078528
0.0804765
0.0282612
0.0273569
0.0249482
0.0227792
0.0216144
0.0214782
0.022038
0.022709
0.0232163
0.0236926
0.02433
0.0251254
0.0258757
0.0265222
0.0272573
0.0280924
0.0289023
0.0296824
0.0305354
0.0314665
0.0324053
0.033415
0.0344862
0.0354673
0.0364515
0.0376368
0.0388934
0.0401546
0.0414425
0.04279
0.0441313
0.0455306
0.0470058
0.0485589
0.0501488
0.0517696
0.0534789
0.0552336
0.0571023
0.0590017
0.060998
0.0630112
0.0651006
0.0672784
0.0694589
0.0717829
0.074024
0.0764545
0.0785335
0.0804803
0.0280503
0.0273069
0.0250746
0.022959
0.0217317
0.0215037
0.0220348
0.0227202
0.023239
0.0237139
0.0243473
0.0251395
0.0258869
0.0265313
0.0272654
0.0280992
0.0289074
0.0296867
0.0305397
0.0314706
0.032409
0.0334163
0.0344852
0.03547
0.0364581
0.0376412
0.038895
0.040156
0.0414436
0.0427907
0.0441327
0.0455328
0.0470077
0.04856
0.05015
0.051771
0.0534804
0.055235
0.0571035
0.0590023
0.0609984
0.0630116
0.0651012
0.0672788
0.0694594
0.0717838
0.0740256
0.0764569
0.0785391
0.0804842
0.0278491
0.0272589
0.0251895
0.0231334
0.0218558
0.0215353
0.0220304
0.0227287
0.0232612
0.0237359
0.0243654
0.0251542
0.0258986
0.0265407
0.0272737
0.0281064
0.0289127
0.0296912
0.0305442
0.0314749
0.0324129
0.0334176
0.0344842
0.0354727
0.0364648
0.0376456
0.0388967
0.0401575
0.0414448
0.0427915
0.0441341
0.0455351
0.0470097
0.0485612
0.0501512
0.0517724
0.053482
0.0552364
0.0571048
0.059003
0.0609989
0.0630121
0.0651018
0.0672792
0.0694599
0.0717847
0.0740274
0.0764594
0.078545
0.0804883
0.0276585
0.0272131
0.0252922
0.0232999
0.0219845
0.0215735
0.0220255
0.0227339
0.0232818
0.0237578
0.0243836
0.0251689
0.0259102
0.0265502
0.0272822
0.0281137
0.0289181
0.0296957
0.0305487
0.0314792
0.0324168
0.033419
0.0344834
0.0354756
0.0364716
0.0376502
0.0388985
0.040159
0.0414461
0.0427923
0.0441355
0.0455375
0.0470117
0.0485625
0.0501524
0.0517739
0.0534837
0.0552379
0.0571061
0.0590037
0.0609994
0.0630126
0.0651024
0.0672796
0.0694605
0.0717857
0.0740292
0.076462
0.078551
0.0804926
0.0274939
0.0271779
0.0253892
0.0234598
0.0221179
0.0216196
0.0220211
0.0227362
0.0233014
0.023781
0.0244035
0.025185
0.0259229
0.0265603
0.0272911
0.0281213
0.0289238
0.0297005
0.0305534
0.0314836
0.0324208
0.0334205
0.0344827
0.0354785
0.0364785
0.0376548
0.0389003
0.0401607
0.0414475
0.0427931
0.044137
0.0455399
0.0470138
0.0485637
0.0501537
0.0517755
0.0534854
0.0552394
0.0571075
0.0590045
0.0609999
0.0630132
0.065103
0.06728
0.069461
0.0717867
0.0740311
0.0764647
0.0785572
0.0804971
0.0273397
0.0271476
0.0254773
0.0236092
0.0222522
0.0216733
0.0220184
0.0227364
0.0233199
0.0238047
0.0244244
0.0252019
0.025936
0.0265707
0.0273004
0.0281294
0.0289298
0.0297055
0.0305583
0.0314882
0.0324249
0.0334221
0.034482
0.0354815
0.0364854
0.0376595
0.0389024
0.0401624
0.0414489
0.0427941
0.0441385
0.0455424
0.0470159
0.0485651
0.0501551
0.0517771
0.0534871
0.055241
0.0571089
0.0590052
0.0610004
0.0630138
0.0651037
0.0672804
0.0694616
0.0717878
0.0740331
0.0764676
0.0785637
0.0805018
0.0271987
0.0271203
0.0255538
0.0237457
0.0223856
0.0217349
0.0220176
0.022733
0.0233348
0.0238271
0.0244452
0.025219
0.0259492
0.0265813
0.0273098
0.0281375
0.0289359
0.0297106
0.0305633
0.0314928
0.0324291
0.0334238
0.0344816
0.0354846
0.0364923
0.0376644
0.0389045
0.0401641
0.0414504
0.0427951
0.0441402
0.0455449
0.0470182
0.0485665
0.0501565
0.0517788
0.0534889
0.0552427
0.0571103
0.059006
0.0610009
0.0630143
0.0651044
0.0672809
0.0694623
0.071789
0.0740352
0.0764705
0.0785704
0.0805067
0.0271046
0.0271066
0.0256294
0.0238752
0.0225194
0.0218046
0.02202
0.0227274
0.0233474
0.0238494
0.0244675
0.0252378
0.0259637
0.0265925
0.0273195
0.028146
0.0289423
0.0297158
0.0305684
0.0314976
0.0324334
0.0334256
0.0344812
0.0354877
0.0364993
0.0376693
0.0389067
0.040166
0.041452
0.0427962
0.0441418
0.0455475
0.0470205
0.048568
0.0501579
0.0517805
0.0534908
0.0552443
0.0571118
0.0590069
0.0610015
0.063015
0.0651051
0.0672814
0.069463
0.0717902
0.0740373
0.0764736
0.0785772
0.0805118
0.0270413
0.027103
0.0257032
0.0239952
0.0226499
0.0218816
0.0220273
0.0227213
0.0233586
0.0238715
0.0244907
0.0252577
0.0259789
0.026604
0.0273296
0.0281549
0.0289491
0.0297215
0.0305738
0.0315025
0.0324377
0.0334275
0.034481
0.035491
0.0365064
0.0376743
0.038909
0.040168
0.0414537
0.0427973
0.0441436
0.0455502
0.0470228
0.0485695
0.0501595
0.0517824
0.0534927
0.0552461
0.0571134
0.0590077
0.0610022
0.0630156
0.0651059
0.067282
0.0694637
0.0717914
0.0740396
0.0764768
0.0785843
0.0805172
0.0269693
0.0270983
0.025771
0.0241032
0.022775
0.0219646
0.0220398
0.0227141
0.0233663
0.0238909
0.0245131
0.0252782
0.0259948
0.026616
0.02734
0.0281641
0.028956
0.0297271
0.0305791
0.0315074
0.0324421
0.0334295
0.0344809
0.0354943
0.0365134
0.0376794
0.0389115
0.0401701
0.0414555
0.0427986
0.0441454
0.045553
0.0470253
0.0485712
0.0501611
0.0517842
0.0534947
0.0552479
0.057115
0.0590086
0.0610028
0.0630163
0.0651067
0.0672826
0.0694645
0.0717927
0.074042
0.0764802
0.0785915
0.0805228
0.0268871
0.0270935
0.0258371
0.0242042
0.0228955
0.0220516
0.0220563
0.0227057
0.0233709
0.0239082
0.0245354
0.0253001
0.0260123
0.0266287
0.0273505
0.0281732
0.028963
0.0297329
0.0305847
0.0315125
0.0324467
0.0334316
0.034481
0.0354977
0.0365205
0.0376846
0.0389141
0.0401722
0.0414573
0.0427999
0.0441473
0.0455558
0.0470278
0.0485729
0.0501627
0.0517862
0.0534968
0.0552498
0.0571166
0.0590096
0.0610035
0.063017
0.0651075
0.0672832
0.0694654
0.0717941
0.0740446
0.0764837
0.078599
0.0805286
0.0268042
0.0270901
0.0259038
0.0242986
0.0230082
0.0221402
0.022078
0.0226988
0.0233748
0.0239246
0.0245577
0.025323
0.0260307
0.0266417
0.0273613
0.0281829
0.0289706
0.0297392
0.0305906
0.0315177
0.0324512
0.0334338
0.0344812
0.0355012
0.0365276
0.03769
0.0389169
0.0401745
0.0414593
0.0428013
0.0441493
0.0455587
0.0470304
0.0485746
0.0501645
0.0517882
0.0534989
0.0552517
0.0571183
0.0590105
0.0610042
0.0630177
0.0651084
0.0672838
0.0694663
0.0717956
0.0740472
0.0764873
0.0786066
0.0805347
0.0267251
0.0270872
0.0259692
0.0243861
0.0231138
0.0222321
0.0221069
0.0226944
0.0233775
0.0239383
0.0245779
0.0253461
0.0260504
0.026656
0.0273727
0.0281929
0.0289783
0.0297454
0.0305964
0.0315229
0.0324558
0.0334362
0.0344817
0.0355047
0.0365347
0.0376954
0.0389197
0.0401769
0.0414613
0.0428029
0.0441514
0.0455617
0.047033
0.0485765
0.0501663
0.0517903
0.0535011
0.0552537
0.0571201
0.0590116
0.061005
0.0630185
0.0651093
0.0672845
0.0694672
0.0717971
0.0740499
0.0764911
0.0786144
0.0805411
0.0266514
0.027083
0.0260327
0.0244706
0.0232148
0.0223253
0.0221403
0.0226906
0.0233781
0.0239495
0.0245967
0.0253699
0.0260719
0.0266712
0.0273842
0.0282028
0.0289861
0.0297519
0.0306025
0.0315284
0.0324606
0.0334386
0.0344823
0.0355083
0.0365418
0.0377009
0.0389228
0.0401794
0.0414635
0.0428045
0.0441535
0.0455648
0.0470358
0.0485784
0.0501682
0.0517925
0.0535034
0.0552557
0.0571219
0.0590126
0.0610058
0.0630193
0.0651103
0.0672853
0.0694683
0.0717987
0.0740528
0.076495
0.0786225
0.0805477
0.0265809
0.0270776
0.0260961
0.0245531
0.0233084
0.0224161
0.0221769
0.0226884
0.0233788
0.0239598
0.0246141
0.0253935
0.0260943
0.0266872
0.027396
0.0282131
0.0289945
0.0297588
0.0306088
0.0315339
0.0324653
0.0334412
0.0344831
0.035512
0.0365489
0.0377065
0.0389259
0.040182
0.0414658
0.0428062
0.0441558
0.0455679
0.0470386
0.0485805
0.0501701
0.0517947
0.0535057
0.0552578
0.0571238
0.0590137
0.0610066
0.0630201
0.0651112
0.0672861
0.0694694
0.0718004
0.0740558
0.0764991
0.0786307
0.0805546
0.0265103
0.0270728
0.0261573
0.0246308
0.0233938
0.022505
0.0222181
0.0226891
0.0233803
0.0239687
0.0246285
0.0254158
0.026118
0.0267049
0.0274089
0.0282239
0.0290029
0.0297655
0.0306151
0.0315395
0.0324702
0.0334441
0.0344841
0.0355158
0.036556
0.0377122
0.0389292
0.0401848
0.0414682
0.0428081
0.0441581
0.0455712
0.0470415
0.0485826
0.0501722
0.051797
0.0535082
0.05526
0.0571257
0.0590149
0.0610075
0.0630209
0.0651123
0.0672869
0.0694705
0.0718022
0.074059
0.0765034
0.0786391
0.0805618
0.0264409
0.0270689
0.0262132
0.0247046
0.0234734
0.0225927
0.0222634
0.022692
0.0233814
0.023976
0.0246405
0.0254375
0.0261431
0.026724
0.0274222
0.0282347
0.0290114
0.0297726
0.0306218
0.0315454
0.0324752
0.0334469
0.0344852
0.0355197
0.0365632
0.037718
0.0389327
0.0401877
0.0414708
0.04281
0.0441605
0.0455745
0.0470445
0.0485848
0.0501743
0.0517994
0.0535107
0.0552622
0.0571277
0.0590161
0.0610085
0.0630218
0.0651133
0.0672878
0.0694717
0.0718041
0.0740623
0.0765078
0.0786477
0.0805693
0.0263732
0.0270643
0.0262638
0.0247759
0.023548
0.0226777
0.0223109
0.0226959
0.0233828
0.0239837
0.0246509
0.0254576
0.0261686
0.0267442
0.0274362
0.028246
0.0290204
0.0297799
0.0306284
0.0315512
0.0324802
0.0334499
0.0344867
0.0355237
0.0365703
0.037724
0.0389364
0.0401907
0.0414735
0.0428121
0.0441631
0.0455779
0.0470476
0.0485871
0.0501765
0.0518019
0.0535132
0.0552645
0.0571298
0.0590173
0.0610095
0.0630228
0.0651145
0.0672888
0.0694731
0.071806
0.0740657
0.0765125
0.0786564
0.0805771
0.0263011
0.0270565
0.0263094
0.0248451
0.0236172
0.0227586
0.0223604
0.0227019
0.0233856
0.0239918
0.0246589
0.025475
0.0261943
0.026766
0.0274514
0.028258
0.0290297
0.0297871
0.0306351
0.0315572
0.0324854
0.0334532
0.0344883
0.0355277
0.0365774
0.03773
0.0389401
0.0401939
0.0414763
0.0428144
0.0441657
0.0455814
0.0470507
0.0485895
0.0501789
0.0518045
0.0535159
0.0552669
0.057132
0.0590186
0.0610105
0.0630238
0.0651156
0.0672898
0.0694744
0.0718081
0.0740692
0.0765173
0.0786654
0.0805851
0.0262177
0.0270453
0.0263516
0.024912
0.0236802
0.0228352
0.0224127
0.02271
0.0233886
0.0240001
0.024665
0.02549
0.0262203
0.0267894
0.0274675
0.0282702
0.0290392
0.0297946
0.030642
0.0315634
0.0324906
0.0334565
0.0344902
0.0355319
0.0365846
0.0377361
0.0389441
0.0401972
0.0414793
0.0428167
0.0441685
0.045585
0.047054
0.048592
0.0501813
0.0518072
0.0535187
0.0552694
0.0571342
0.05902
0.0610117
0.0630248
0.0651169
0.0672909
0.0694759
0.0718103
0.0740729
0.0765223
0.0786745
0.0805935
0.0261212
0.0270313
0.0263896
0.0249745
0.0237379
0.0229082
0.0224671
0.0227189
0.0233912
0.0240096
0.0246704
0.0255026
0.0262455
0.0268138
0.0274846
0.0282832
0.0290493
0.0298024
0.0306489
0.0315695
0.0324958
0.03346
0.0344923
0.0355361
0.0365917
0.0377423
0.0389483
0.0402007
0.0414824
0.0428192
0.0441714
0.0455886
0.0470574
0.0485946
0.0501838
0.05181
0.0535215
0.0552719
0.0571365
0.0590214
0.0610128
0.0630259
0.0651181
0.067292
0.0694775
0.0718126
0.0740768
0.0765275
0.0786838
0.0806021
0.0260117
0.0270117
0.026422
0.0250345
0.0237923
0.0229763
0.0225223
0.0227289
0.023394
0.0240205
0.0246751
0.0255121
0.0262695
0.0268392
0.0275029
0.028297
0.0290599
0.0298102
0.0306557
0.0315757
0.0325012
0.0334637
0.0344946
0.0355405
0.0365989
0.0377486
0.0389526
0.0402044
0.0414857
0.0428219
0.0441744
0.0455924
0.0470609
0.0485974
0.0501865
0.0518128
0.0535245
0.0552745
0.0571389
0.0590229
0.0610141
0.063027
0.0651195
0.0672932
0.0694792
0.0718151
0.0740808
0.076533
0.0786933
0.0806111
0.0258933
0.0269863
0.0264512
0.0250929
0.0238421
0.0230381
0.0225786
0.0227407
0.023396
0.0240325
0.02468
0.025519
0.0262921
0.0268655
0.0275224
0.0283115
0.0290709
0.0298183
0.0306627
0.031582
0.0325066
0.0334675
0.0344972
0.0355451
0.036606
0.0377551
0.0389571
0.0402082
0.0414891
0.0428247
0.0441775
0.0455963
0.0470644
0.0486002
0.0501892
0.0518158
0.0535275
0.0552772
0.0571414
0.0590244
0.0610154
0.0630282
0.0651209
0.0672946
0.0694809
0.0718177
0.0740849
0.0765386
0.0787029
0.0806203
0.0257718
0.0269543
0.0264756
0.0251484
0.0238879
0.0230939
0.0226355
0.0227541
0.023397
0.0240456
0.0246854
0.0255232
0.0263127
0.0268921
0.0275428
0.0283268
0.0290827
0.0298268
0.0306697
0.0315883
0.0325121
0.0334715
0.0345
0.0355497
0.0366132
0.0377617
0.0389618
0.0402122
0.0414928
0.0428277
0.0441808
0.0456003
0.0470681
0.0486032
0.0501921
0.0518189
0.0535307
0.0552799
0.0571439
0.059026
0.0610168
0.0630294
0.0651223
0.067296
0.0694828
0.0718204
0.0740892
0.0765445
0.0787127
0.0806299
0.0256485
0.0269142
0.0264953
0.025202
0.0239307
0.023143
0.0226922
0.0227697
0.0233965
0.024059
0.0246918
0.0255255
0.0263313
0.0269187
0.027564
0.028343
0.0290954
0.0298356
0.0306766
0.0315946
0.0325177
0.0334756
0.0345031
0.0355545
0.0366204
0.0377683
0.0389667
0.0402164
0.0414965
0.0428308
0.0441842
0.0456044
0.0470719
0.0486063
0.0501951
0.051822
0.0535339
0.0552828
0.0571466
0.0590277
0.0610183
0.0630307
0.0651238
0.0672975
0.0694847
0.0718233
0.0740936
0.0765506
0.0787227
0.0806398
0.0255285
0.0268681
0.0265098
0.0252527
0.023971
0.0231855
0.0227478
0.0227871
0.023394
0.0240727
0.0247001
0.025526
0.0263472
0.0269448
0.027586
0.0283602
0.0291088
0.0298448
0.0306838
0.031601
0.0325232
0.0334798
0.0345065
0.0355595
0.0366276
0.0377751
0.0389718
0.0402208
0.0415005
0.0428341
0.0441878
0.0456086
0.0470758
0.0486095
0.0501982
0.0518253
0.0535372
0.0552858
0.0571493
0.0590294
0.0610198
0.0630321
0.0651254
0.0672991
0.0694868
0.0718263
0.0740982
0.0765569
0.0787329
0.08065
0.0254156
0.0268161
0.0265171
0.0253006
0.0240102
0.0232207
0.0228006
0.0228072
0.0233904
0.0240862
0.02471
0.0255248
0.0263606
0.0269706
0.0276084
0.0283779
0.0291232
0.0298547
0.030691
0.0316073
0.0325287
0.0334841
0.03451
0.0355646
0.0366349
0.037782
0.038977
0.0402253
0.0415047
0.0428376
0.0441915
0.045613
0.0470799
0.0486128
0.0502014
0.0518287
0.0535407
0.0552888
0.0571522
0.0590313
0.0610215
0.0630335
0.0651271
0.0673008
0.069489
0.0718295
0.0741029
0.0765635
0.0787432
0.0806605
0.0253109
0.0267604
0.0265176
0.0253447
0.024048
0.0232488
0.0228503
0.0228307
0.0233849
0.0240979
0.0247219
0.0255233
0.0263717
0.0269954
0.0276308
0.0283963
0.0291386
0.0298651
0.0306982
0.0316137
0.0325344
0.0334884
0.0345137
0.0355698
0.0366422
0.037789
0.0389825
0.0402301
0.0415091
0.0428413
0.0441953
0.0456174
0.047084
0.0486163
0.0502048
0.0518323
0.0535443
0.0552919
0.0571551
0.0590332
0.0610232
0.063035
0.0651288
0.0673026
0.0694913
0.0718329
0.0741078
0.0765703
0.0787538
0.0806713
0.0252185
0.0267044
0.0265094
0.0253829
0.0240858
0.0232715
0.0228949
0.0228562
0.023378
0.0241079
0.0247362
0.0255215
0.0263798
0.0270189
0.0276532
0.0284153
0.0291549
0.0298762
0.0307058
0.0316202
0.03254
0.0334928
0.0345177
0.0355753
0.0366496
0.0377962
0.0389882
0.0402351
0.0415136
0.0428451
0.0441994
0.045622
0.0470883
0.04862
0.0502084
0.0518359
0.053548
0.0552952
0.0571581
0.0590352
0.061025
0.0630366
0.0651306
0.0673046
0.0694937
0.0718365
0.0741129
0.0765774
0.0787645
0.0806824
0.0251394
0.0266492
0.0264922
0.0254145
0.0241239
0.0232883
0.0229326
0.0228846
0.0233711
0.0241153
0.024752
0.0255197
0.0263855
0.0270415
0.0276753
0.0284343
0.0291723
0.0298881
0.0307135
0.0316267
0.0325456
0.0334973
0.0345218
0.0355808
0.036657
0.0378035
0.0389942
0.0402403
0.0415183
0.0428491
0.0442036
0.0456268
0.0470927
0.0486237
0.0502121
0.0518397
0.0535518
0.0552985
0.0571612
0.0590373
0.061027
0.0630383
0.0651325
0.0673067
0.0694962
0.0718402
0.0741182
0.0765847
0.0787754
0.0806938
0.0250716
0.026597
0.0264673
0.0254372
0.0241608
0.0233012
0.0229633
0.0229151
0.0233639
0.0241187
0.0247693
0.0255189
0.0263889
0.0270627
0.0276968
0.0284531
0.0291907
0.0299009
0.0307212
0.0316334
0.0325516
0.0335017
0.034526
0.0355866
0.0366645
0.0378108
0.0390004
0.0402458
0.0415233
0.0428534
0.044208
0.0456317
0.0470973
0.0486276
0.0502159
0.0518436
0.0535557
0.055302
0.0571645
0.0590395
0.061029
0.0630401
0.0651344
0.0673089
0.0694989
0.0718441
0.0741235
0.0765922
0.0787865
0.0807054
0.0250122
0.0265494
0.0264353
0.0254487
0.0241965
0.0233125
0.0229856
0.0229459
0.0233578
0.0241184
0.0247876
0.0255197
0.0263898
0.0270821
0.0277178
0.0284717
0.0292097
0.0299146
0.0307293
0.0316402
0.0325576
0.0335063
0.0345302
0.0355924
0.0366721
0.0378184
0.0390068
0.0402515
0.0415285
0.0428579
0.0442126
0.0456367
0.047102
0.0486318
0.0502199
0.0518476
0.0535597
0.0553056
0.0571678
0.0590418
0.0610311
0.063042
0.0651364
0.0673113
0.0695017
0.0718483
0.0741291
0.0765999
0.0787977
0.0807174
0.024955
0.0265061
0.026398
0.0254491
0.0242295
0.0233222
0.0229987
0.0229761
0.0233538
0.0241138
0.0248056
0.0255222
0.0263887
0.0271001
0.0277384
0.0284893
0.0292293
0.0299295
0.0307376
0.031647
0.0325639
0.033511
0.0345346
0.0355983
0.0366797
0.0378262
0.0390135
0.0402575
0.0415339
0.0428626
0.0442174
0.0456419
0.0471069
0.048636
0.0502241
0.0518519
0.0535639
0.0553092
0.0571712
0.0590442
0.0610334
0.063044
0.0651386
0.0673139
0.0695046
0.0718526
0.0741349
0.076608
0.0788092
0.0807297
0.0248971
0.0264669
0.0263579
0.0254377
0.0242569
0.023332
0.0230038
0.0230041
0.0233521
0.024105
0.0248227
0.0255268
0.026386
0.0271163
0.0277583
0.0285059
0.0292492
0.0299456
0.0307462
0.0316538
0.0325705
0.0335157
0.034539
0.0356045
0.0366873
0.0378339
0.0390204
0.0402637
0.0415395
0.0428675
0.0442223
0.0456473
0.047112
0.0486404
0.0502284
0.0518562
0.0535683
0.0553131
0.0571747
0.0590467
0.0610357
0.0630461
0.0651408
0.0673166
0.0695077
0.0718572
0.0741409
0.0766162
0.0788209
0.0807422
0.0248375
0.0264306
0.0263165
0.0254143
0.0242769
0.0233432
0.0230017
0.0230273
0.0233532
0.0240925
0.0248376
0.0255339
0.026382
0.0271304
0.0277778
0.0285215
0.0292688
0.0299629
0.0307553
0.0316606
0.0325774
0.0335208
0.0345433
0.0356107
0.0366952
0.0378419
0.0390275
0.0402702
0.0415453
0.0428727
0.0442275
0.0456527
0.0471172
0.048645
0.0502329
0.0518607
0.0535727
0.0553171
0.0571784
0.0590493
0.0610382
0.0630483
0.0651431
0.0673196
0.0695109
0.071862
0.074147
0.0766247
0.0788328
0.080755
0.0247725
0.0263942
0.0262748
0.0253809
0.0242876
0.0233549
0.0229929
0.0230444
0.0233571
0.0240769
0.0248492
0.0255436
0.0263772
0.0271422
0.027797
0.028536
0.0292875
0.0299811
0.030765
0.0316672
0.0325846
0.0335262
0.0345478
0.0356167
0.0367031
0.0378501
0.039035
0.0402769
0.0415514
0.0428781
0.0442329
0.0456584
0.0471225
0.0486498
0.0502377
0.0518654
0.0535772
0.0553211
0.0571822
0.0590521
0.0610408
0.0630507
0.0651455
0.0673227
0.0695143
0.071867
0.0741534
0.0766333
0.0788448
0.080768
0.024699
0.0263553
0.0262339
0.0253399
0.024287
0.0233661
0.0229797
0.023054
0.0233637
0.0240594
0.0248564
0.0255552
0.0263722
0.0271515
0.0278157
0.0285495
0.0293055
0.0299999
0.0307753
0.0316737
0.0325921
0.0335322
0.0345525
0.0356229
0.0367108
0.0378582
0.0390428
0.040284
0.0415576
0.0428837
0.0442385
0.0456643
0.0471281
0.0486547
0.0502425
0.0518702
0.0535821
0.0553253
0.057186
0.0590551
0.0610435
0.0630532
0.0651481
0.0673259
0.0695178
0.0718721
0.07416
0.0766423
0.0788571
0.0807814
0.0246166
0.0263119
0.0261938
0.0252932
0.0242739
0.0233758
0.022964
0.0230546
0.0233711
0.024041
0.0248583
0.0255683
0.0263679
0.0271584
0.0278338
0.0285621
0.0293222
0.0300195
0.0307864
0.0316798
0.0325996
0.0335389
0.0345574
0.0356289
0.0367188
0.0378666
0.0390505
0.0402914
0.0415644
0.0428897
0.0442442
0.0456703
0.0471339
0.0486599
0.0502476
0.0518751
0.053587
0.0553298
0.0571901
0.059058
0.0610463
0.0630558
0.0651508
0.0673295
0.0695216
0.0718775
0.0741668
0.0766514
0.0788696
0.0807949
0.0245264
0.0262623
0.0261532
0.0252431
0.024248
0.0233814
0.0229474
0.0230459
0.0233782
0.0240228
0.0248546
0.0255823
0.026365
0.0271623
0.0278511
0.0285742
0.0293372
0.0300391
0.0307987
0.0316861
0.0326068
0.0335458
0.0345628
0.0356351
0.0367267
0.0378752
0.0390586
0.0402987
0.0415711
0.0428961
0.0442503
0.0456765
0.0471398
0.0486653
0.0502529
0.0518803
0.0535921
0.0553343
0.0571943
0.0590613
0.0610493
0.0630585
0.0651536
0.0673332
0.0695255
0.0718832
0.0741738
0.0766608
0.0788823
0.0808088
0.0244295
0.0262048
0.0261098
0.0251914
0.0242103
0.0233798
0.0229308
0.0230288
0.0233834
0.0240058
0.0248448
0.0255958
0.026364
0.0271637
0.0278671
0.0285859
0.0293506
0.0300582
0.0308118
0.0316928
0.0326141
0.0335531
0.0345685
0.0356414
0.0367347
0.0378838
0.039067
0.0403066
0.041578
0.0429025
0.0442567
0.0456831
0.0471461
0.0486709
0.0502584
0.0518856
0.0535974
0.055339
0.0571985
0.0590647
0.0610526
0.0630615
0.0651565
0.067337
0.0695296
0.0718891
0.0741811
0.0766704
0.0788951
0.0808228
0.024326
0.0261393
0.0260624
0.0251389
0.0241625
0.0233686
0.0229145
0.0230037
0.023384
0.0239916
0.0248294
0.0256068
0.0263657
0.027163
0.0278815
0.0285974
0.0293622
0.0300768
0.0308254
0.0316996
0.0326214
0.0335611
0.0345747
0.0356475
0.0367425
0.0378928
0.0390755
0.0403146
0.0415855
0.0429093
0.044263
0.0456897
0.0471526
0.0486769
0.0502641
0.0518911
0.0536028
0.0553439
0.0572029
0.0590682
0.0610558
0.0630647
0.0651597
0.0673412
0.0695338
0.0718951
0.0741886
0.0766802
0.0789082
0.0808371
0.0242169
0.0260659
0.0260096
0.0250855
0.0241064
0.0233458
0.0228982
0.0229725
0.0233776
0.0239797
0.0248101
0.0256142
0.0263701
0.0271608
0.0278936
0.0286089
0.0293723
0.0300939
0.0308396
0.0317068
0.0326286
0.0335693
0.0345819
0.0356541
0.03675
0.0379015
0.0390844
0.0403228
0.0415931
0.0429167
0.0442699
0.0456963
0.0471591
0.048683
0.0502702
0.0518969
0.0536085
0.0553489
0.0572074
0.0590719
0.0610593
0.0630678
0.0651629
0.0673456
0.0695384
0.0719014
0.0741963
0.0766901
0.0789214
0.0808516
0.0241048
0.0259853
0.0259496
0.0250295
0.0240448
0.0233098
0.0228794
0.0229381
0.0233633
0.023969
0.0247876
0.0256166
0.026377
0.0271578
0.0279028
0.0286204
0.0293812
0.0301097
0.0308537
0.0317143
0.0326359
0.0335774
0.0345896
0.0356616
0.0367579
0.0379102
0.039093
0.0403313
0.0416009
0.0429241
0.0442771
0.0457037
0.047166
0.0486891
0.0502762
0.0519027
0.0536144
0.0553543
0.0572121
0.0590758
0.0610629
0.0630713
0.0651662
0.0673501
0.0695431
0.0719079
0.0742044
0.0767003
0.0789348
0.0808663
0.0239902
0.0258976
0.0258821
0.024969
0.0239792
0.0232613
0.0228547
0.0229016
0.0233406
0.0239588
0.0247642
0.0256125
0.0263855
0.0271559
0.0279087
0.0286309
0.0293888
0.0301239
0.0308681
0.031722
0.0326434
0.0335857
0.0345975
0.0356695
0.036766
0.0379193
0.039102
0.0403395
0.041609
0.0429319
0.0442842
0.0457111
0.0471735
0.048696
0.0502826
0.0519086
0.0536203
0.0553596
0.057217
0.05908
0.0610668
0.0630749
0.06517
0.0673549
0.0695479
0.0719145
0.0742126
0.0767108
0.0789484
0.0808812
0.0238729
0.0258025
0.0258067
0.0249018
0.0239099
0.0232023
0.022822
0.0228635
0.0233094
0.0239468
0.024742
0.025602
0.0263931
0.0271559
0.0279122
0.0286405
0.0293955
0.0301358
0.030882
0.0317305
0.0326513
0.0335943
0.0346057
0.0356779
0.0367741
0.037928
0.0391115
0.0403485
0.0416171
0.0429399
0.0442919
0.0457185
0.0471808
0.048703
0.0502895
0.0519151
0.0536266
0.0553651
0.0572218
0.0590841
0.0610708
0.0630788
0.0651738
0.06736
0.0695532
0.0719214
0.074221
0.0767212
0.0789621
0.0808963
0.0237529
0.0256996
0.025723
0.0248263
0.0238349
0.0231338
0.0227794
0.0228245
0.0232717
0.0239305
0.0247217
0.0255864
0.0263983
0.0271572
0.0279129
0.0286486
0.0294022
0.0301461
0.0308948
0.0317387
0.0326596
0.0336034
0.0346141
0.0356874
0.036783
0.0379363
0.0391202
0.0403576
0.041626
0.0429485
0.0442997
0.0457264
0.0471885
0.04871
0.0502962
0.0519216
0.0536334
0.0553711
0.057227
0.0590886
0.0610748
0.0630827
0.0651777
0.0673652
0.0695586
0.0719287
0.0742299
0.0767319
0.0789758
0.0809115
0.0236305
0.0255887
0.0256301
0.0247422
0.0237525
0.023056
0.0227247
0.0227832
0.0232303
0.0239086
0.0247031
0.0255673
0.0263996
0.0271612
0.0279117
0.0286526
0.0294076
0.0301555
0.0309077
0.0317475
0.0326679
0.0336126
0.0346225
0.035697
0.0367927
0.0379451
0.0391291
0.0403665
0.0416345
0.0429574
0.0443083
0.0457346
0.0471967
0.0487178
0.0503033
0.051928
0.0536399
0.055377
0.0572325
0.0590936
0.0610794
0.0630869
0.0651819
0.0673706
0.0695641
0.0719359
0.0742389
0.076743
0.07899
0.0809269
0.0235036
0.0254686
0.0255254
0.0246489
0.0236631
0.0229703
0.0226568
0.0227357
0.0231862
0.0238814
0.0246863
0.0255467
0.026395
0.027166
0.0279115
0.0286538
0.0294103
0.0301622
0.0309187
0.0317573
0.032678
0.0336231
0.0346312
0.0357067
0.0368028
0.0379536
0.0391376
0.0403762
0.0416436
0.0429659
0.0443168
0.0457434
0.0472053
0.0487257
0.0503109
0.0519351
0.0536469
0.0553828
0.0572376
0.0590983
0.0610841
0.0630917
0.0651865
0.0673764
0.06957
0.0719435
0.074248
0.0767538
0.079004
0.0809426
0.0233704
0.0253389
0.025407
0.0245438
0.0235643
0.0228775
0.0225781
0.0226794
0.0231389
0.0238482
0.02467
0.0255282
0.0263856
0.0271691
0.0279112
0.0286526
0.029412
0.0301678
0.0309274
0.0317652
0.032688
0.0336348
0.0346412
0.0357173
0.0368144
0.0379625
0.0391451
0.040385
0.0416532
0.0429754
0.0443254
0.0457519
0.047214
0.0487342
0.0503186
0.0519423
0.0536544
0.0553894
0.0572435
0.0591035
0.0610886
0.063096
0.0651911
0.0673824
0.0695762
0.0719514
0.0742576
0.0767652
0.079018
0.0809581
0.023229
0.0251999
0.0252747
0.0244253
0.0234539
0.0227761
0.0224908
0.022615
0.0230886
0.0238089
0.0246497
0.025511
0.0263731
0.0271707
0.0279125
0.0286485
0.0294102
0.0301731
0.0309366
0.0317736
0.0326972
0.0336455
0.0346507
0.0357276
0.0368266
0.0379731
0.0391537
0.0403944
0.0416627
0.0429848
0.0443348
0.0457611
0.0472229
0.0487425
0.0503265
0.0519495
0.0536618
0.0553958
0.0572495
0.0591092
0.061094
0.0631012
0.0651958
0.0673885
0.0695825
0.0719592
0.0742673
0.0767766
0.0790325
0.0809738
0.0230709
0.0250465
0.0251259
0.0242911
0.0233308
0.0226644
0.0223958
0.0225443
0.0230381
0.0237681
0.0246249
0.0254918
0.0263552
0.0271667
0.0279141
0.0286444
0.0294057
0.0301767
0.0309456
0.0317825
0.0327088
0.0336587
0.0346608
0.0357368
0.0368375
0.0379828
0.0391613
0.0404036
0.0416736
0.0429954
0.0443443
0.0457707
0.0472329
0.0487518
0.0503345
0.051957
0.0536694
0.0554023
0.0572553
0.0591147
0.0610991
0.0631065
0.0652013
0.0673951
0.0695893
0.0719675
0.0742772
0.076788
0.0790466
0.0809897
0.0228912
0.0248733
0.0249567
0.0241364
0.0231912
0.0225389
0.0222905
0.0224656
0.0229878
0.0237319
0.0246016
0.0254751
0.0263354
0.0271543
0.0279098
0.0286367
0.0293973
0.030179
0.0309551
0.031791
0.0327197
0.0336734
0.0346738
0.035748
0.0368497
0.0379936
0.0391688
0.0404111
0.0416829
0.0430061
0.0443546
0.0457803
0.0472428
0.0487616
0.0503435
0.051965
0.0536774
0.0554091
0.0572617
0.0591205
0.0611043
0.0631116
0.0652062
0.0674016
0.0695962
0.071976
0.0742876
0.0768
0.0790613
0.0810062
0.0226932
0.0246796
0.0247653
0.0239572
0.0230317
0.0223992
0.0221753
0.0223771
0.0229316
0.0236961
0.0245782
0.0254616
0.0263204
0.0271404
0.0279027
0.0286272
0.0293832
0.0301755
0.0309641
0.0318003
0.0327305
0.0336879
0.0346862
0.0357587
0.0368618
0.0380059
0.0391786
0.0404204
0.0416936
0.0430172
0.0443648
0.0457904
0.0472534
0.0487714
0.0503522
0.0519734
0.0536859
0.0554162
0.0572683
0.0591268
0.0611099
0.0631173
0.0652117
0.067408
0.0696026
0.0719837
0.074297
0.0768107
0.0790748
0.0810206
0.022479
0.0244623
0.0245482
0.0237501
0.0228487
0.0222449
0.0220542
0.0222857
0.0228737
0.0236614
0.0245513
0.0254429
0.0263036
0.0271234
0.0278927
0.0286202
0.0293714
0.0301706
0.0309721
0.0318088
0.0327397
0.0337029
0.0346993
0.0357676
0.0368716
0.0380164
0.0391875
0.0404289
0.0417044
0.0430307
0.0443774
0.0458015
0.0472652
0.0487831
0.0503625
0.0519827
0.0536952
0.0554243
0.057276
0.0591342
0.0611167
0.0631242
0.0652187
0.0674165
0.0696116
0.071994
0.0743091
0.0768241
0.0790906
0.0810388
0.0222449
0.0242159
0.0243005
0.0235116
0.0226377
0.0220705
0.0219229
0.0221932
0.0228176
0.0236319
0.0245277
0.0254229
0.0262843
0.0270995
0.0278734
0.0286096
0.0293611
0.030168
0.0309855
0.0318231
0.0327507
0.0337182
0.034713
0.0357769
0.0368804
0.0380256
0.0391948
0.0404341
0.0417103
0.0430391
0.0443859
0.0458092
0.0472734
0.048791
0.0503695
0.0519894
0.0537017
0.0554296
0.0572812
0.0591392
0.061121
0.0631288
0.0652227
0.0674215
0.0696168
0.0720004
0.0743174
0.0768337
0.0791028
0.0810515
0.0219784
0.0239273
0.0240111
0.0232385
0.0224007
0.0218794
0.0217826
0.0220988
0.0227598
0.0235998
0.0245013
0.0253977
0.0262603
0.0270709
0.0278481
0.0285963
0.0293512
0.0301632
0.0309986
0.0318421
0.0327673
0.0337402
0.0347343
0.0357925
0.0368957
0.0380424
0.0392116
0.0404496
0.0417265
0.0430582
0.044404
0.0458247
0.0472897
0.0488067
0.0503834
0.0520022
0.0537142
0.0554407
0.057292
0.0591493
0.0611302
0.0631381
0.0652321
0.0674322
0.0696278
0.0720123
0.0743309
0.0768481
0.0791193
0.0810708
0.0216684
0.0235832
0.0236654
0.0229211
0.0221431
0.0216874
0.0216519
0.0220193
0.0227117
0.0235686
0.0244683
0.025357
0.0262148
0.027021
0.0278029
0.0285678
0.0293329
0.0301499
0.0310005
0.0318497
0.0327696
0.0337468
0.0347421
0.0357948
0.0368965
0.0380445
0.0392143
0.0404507
0.0417272
0.0430634
0.044411
0.0458299
0.0472952
0.0488127
0.0503891
0.0520075
0.0537189
0.0554445
0.057296
0.0591532
0.0611335
0.063142
0.0652354
0.0674364
0.0696326
0.0720185
0.0743389
0.0768575
0.079131
0.0810827
0.0212267
0.0231208
0.0232345
0.0225609
0.0218804
0.0215235
0.0215758
0.0220099
0.0227286
0.0235862
0.0244735
0.025346
0.0261932
0.0269938
0.0277787
0.0285607
0.0293415
0.0301628
0.0310267
0.0318845
0.0327972
0.0337738
0.0347687
0.0358155
0.0369154
0.038065
0.0392361
0.040471
0.0417455
0.0430839
0.0444315
0.0458475
0.0473129
0.0488297
0.0504045
0.0520219
0.0537326
0.0554569
0.0573081
0.0591643
0.0611435
0.0631523
0.0652456
0.0674475
0.0696438
0.07203
0.074352
0.0768711
0.0791467
0.0811012
0.0205273
0.0223105
0.0224575
0.0219298
0.0214364
0.0212486
0.021435
0.0219525
0.0226913
0.023538
0.024408
0.0252666
0.026112
0.0269212
0.0277194
0.0285227
0.0293243
0.03015
0.0310217
0.0318901
0.0327992
0.0337768
0.0347763
0.0358192
0.0369163
0.0380673
0.0392411
0.040476
0.041749
0.0430919
0.0444427
0.0458563
0.0473205
0.0488381
0.0504134
0.0520296
0.053739
0.0554627
0.0573143
0.05917
0.0611484
0.0631578
0.0652505
0.0674537
0.0696508
0.0720385
0.074362
0.0768823
0.0791598
0.0811149
0.0206018
0.0219496
0.021932
0.0214978
0.0211925
0.0211697
0.0214661
0.0220196
0.0227346
0.0235392
0.0243753
0.0252124
0.0260544
0.0268757
0.0276902
0.028514
0.0293375
0.0301695
0.0310446
0.0319206
0.032823
0.0337931
0.0347935
0.0358348
0.0369286
0.0380807
0.0392573
0.0404918
0.0417614
0.0431047
0.0444573
0.0458696
0.0473331
0.0488499
0.050425
0.0520408
0.0537492
0.0554725
0.057324
0.059179
0.0611565
0.0631662
0.0652585
0.067462
0.0696589
0.0720466
0.0743716
0.0768926
0.0791715
0.0811274
0.0182211
0.0200874
0.0207217
0.020874
0.0209888
0.0212178
0.0215949
0.0221152
0.0227595
0.0235019
0.0243035
0.0251297
0.0259795
0.0268223
0.0276592
0.028501
0.0293431
0.0301808
0.0310555
0.0319405
0.0328441
0.0338106
0.0348145
0.0358551
0.036944
0.0380961
0.039276
0.0405112
0.0417787
0.0431243
0.0444801
0.0458901
0.0473503
0.0488668
0.0504431
0.0520567
0.0537628
0.0554851
0.0573369
0.0591906
0.0611671
0.063177
0.0652685
0.0674732
0.0696711
0.07206
0.0743862
0.0769077
0.0791886
0.0811473
0.016406
0.0173662
0.0186973
0.0198526
0.0206892
0.0212585
0.0217203
0.0222065
0.0227738
0.0234389
0.0241955
0.0250106
0.0258711
0.0267401
0.0276066
0.0284722
0.0293355
0.0301838
0.0310582
0.0319469
0.0328488
0.0338068
0.0348118
0.0358559
0.0369425
0.0380951
0.039279
0.0405151
0.0417801
0.0431249
0.0444832
0.0458944
0.0473536
0.0488694
0.050447
0.0520607
0.0537659
0.0554885
0.0573402
0.0591936
0.0611693
0.0631802
0.0652715
0.0674764
0.0696743
0.0720632
0.0743908
0.0769131
0.0791953
0.0811535
0.0152617
0.0175358
0.0189931
0.0199781
0.02071
0.0212908
0.0217967
0.0222966
0.0228429
0.0234636
0.0241839
0.0249839
0.0258419
0.0267221
0.0276088
0.0284898
0.0293651
0.0302208
0.031092
0.0319818
0.0328865
0.0338392
0.0348434
0.0358894
0.0369713
0.0381226
0.0393092
0.0405462
0.0418099
0.0431548
0.044515
0.0459249
0.0473797
0.0488939
0.0504731
0.0520843
0.0537864
0.0555079
0.0573596
0.0592112
0.0611858
0.0631965
0.0652867
0.0674927
0.0696914
0.0720811
0.0744093
0.0769318
0.0792156
0.081177
0.0143204
0.0155935
0.0173072
0.0189156
0.0201932
0.0211
0.0217489
0.0222914
0.0228323
0.0234239
0.0241187
0.0249107
0.0257643
0.0266487
0.0275519
0.0284511
0.0293416
0.0302107
0.0310858
0.0319765
0.0328842
0.0338328
0.0348351
0.0358857
0.0369669
0.0381167
0.0393068
0.0405446
0.0418071
0.0431509
0.0445119
0.0459245
0.0473787
0.0488915
0.0504725
0.0520844
0.0537855
0.0555074
0.0573594
0.059211
0.061185
0.0631965
0.0652866
0.0674926
0.0696914
0.072081
0.0744104
0.0769338
0.0792183
0.0811785
0.0129349
0.0158274
0.0178186
0.0192384
0.0202902
0.0210922
0.0217386
0.0223055
0.0228618
0.0234544
0.0241432
0.0249329
0.0257839
0.0266644
0.0275683
0.0284704
0.0293634
0.0302365
0.0311137
0.032005
0.0329165
0.0338669
0.0348677
0.0359197
0.0370007
0.0381493
0.0393399
0.0405794
0.0418419
0.043186
0.044547
0.045958
0.04741
0.0489203
0.0505017
0.052112
0.0538108
0.0555308
0.0573824
0.0592323
0.061205
0.063216
0.0653048
0.0675118
0.0697112
0.072101
0.0744305
0.0769538
0.0792405
0.0812038
)
;

boundaryField
{
    zeroGradientPlanes
    {
        type            zeroGradient;
    }
    inlet
    {
        type            zeroGradient;
    }
    plate
    {
        type            zeroGradient;
    }
    frontAndBack
    {
        type            empty;
    }
}


// ************************************************************************* //
