/*--------------------------------*- C++ -*----------------------------------*\
| =========                 |                                                 |
| \\      /  F ield         | OpenFOAM: The Open Source CFD Toolbox           |
|  \\    /   O peration     | Version:  v2012                                 |
|   \\  /    A nd           | Website:  www.openfoam.com                      |
|    \\/     M anipulation  |                                                 |
\*---------------------------------------------------------------------------*/
FoamFile
{
    version     2.0;
    format      ascii;
    class       volScalarField;
    location    "5.9";
    object      p;
}
// * * * * * * * * * * * * * * * * * * * * * * * * * * * * * * * * * * * * * //

dimensions      [0 2 -2 0 0 0 0];


internalField   nonuniform List<scalar> 
7000
(
-3.27079e-11
0.0029295
0.00248819
0.00093845
0.00181938
0.00283388
0.00333447
0.00575349
0.00535045
0.00795422
0.00780063
0.00994084
0.0100453
0.0127319
0.0132779
0.0164124
0.0180864
0.0222695
0.0257501
0.0327005
-2.15901e-06
0.00293081
0.00248896
0.000939604
0.00182459
0.00282981
0.00333608
0.00575906
0.00534321
0.00795892
0.0077974
0.00993666
0.0100478
0.0127204
0.0132907
0.0163881
0.0181116
0.0222183
0.0257898
0.0324308
-4.95612e-06
0.00293315
0.00248959
0.000940527
0.00183306
0.00282133
0.00334132
0.00576827
0.00533032
0.00796794
0.0077921
0.00993393
0.0100538
0.0127082
0.0133075
0.0163571
0.0181397
0.0221438
0.0258228
0.0319563
-7.65245e-06
0.00293527
0.00248964
0.00094035
0.00184042
0.00281069
0.00334554
0.00578088
0.00531539
0.00797715
0.00778782
0.0099277
0.0100619
0.0126911
0.0133271
0.0163196
0.018169
0.02206
0.0258199
0.0314566
-1.02956e-05
0.00293673
0.00248896
0.000939042
0.00184663
0.00279832
0.00334873
0.00579509
0.00530047
0.00798496
0.00778612
0.00991816
0.0100734
0.0126689
0.0133494
0.0162745
0.0181997
0.0219632
0.025786
0.0309763
-1.29786e-05
0.0029374
0.00248762
0.000936959
0.00185286
0.00278418
0.00335233
0.00580999
0.00528705
0.00799127
0.00778813
0.00990484
0.0100885
0.0126409
0.0133748
0.0162219
0.01823
0.0218552
0.0257261
0.0305177
-1.58055e-05
0.00293722
0.00248591
0.000934651
0.00185982
0.00276841
0.00335664
0.00582533
0.00527576
0.00799599
0.00779412
0.00988754
0.0101075
0.0126067
0.0134031
0.0161614
0.0182583
0.0217381
0.0256412
0.0300737
-1.89246e-05
0.00293629
0.00248434
0.000932673
0.00186786
0.00275116
0.0033615
0.00584094
0.00526646
0.00799876
0.0078042
0.00986589
0.0101301
0.0125663
0.0134335
0.0160938
0.0182824
0.0216139
0.0255302
0.029639
-2.24787e-05
0.00293491
0.00248347
0.000931512
0.00187731
0.00273268
0.00336717
0.00585642
0.0052592
0.00799897
0.00781833
0.00983947
0.010156
0.0125198
0.0134648
0.0160203
0.0182998
0.0214846
0.0253926
0.0292108
-2.65547e-05
0.00293346
0.00248371
0.000931653
0.00188854
0.00271334
0.00337428
0.00587112
0.00525262
0.00799584
0.00783646
0.00980789
0.0101849
0.0124674
0.0134957
0.0159423
0.0183077
0.0213517
0.0252285
0.0287867
-3.11673e-05
0.00293226
0.00248526
0.000933638
0.0019019
0.00269366
0.00338351
0.00588421
0.00524679
0.0079885
0.00785845
0.0097708
0.0102162
0.0124099
0.0135245
0.0158615
0.0183035
0.0212161
0.0250385
0.028365
-3.62759e-05
0.00293157
0.00248805
0.000938025
0.00191754
0.00267427
0.00339556
0.00589475
0.00524147
0.00797605
0.00788418
0.00972797
0.0102493
0.0123479
0.0135494
0.0157796
0.0182847
0.0210776
0.0248237
0.0279438
-4.18163e-05
0.00293147
0.00249188
0.000945234
0.00193541
0.00265574
0.00341087
0.00590182
0.00523661
0.00795767
0.00791351
0.00967934
0.0102832
0.0122828
0.0135682
0.0156979
0.0182497
0.0209358
0.0245853
0.0275212
-4.77302e-05
0.00293195
0.00249655
0.000955371
0.00195523
0.0026384
0.00342943
0.00590465
0.00523242
0.00793266
0.00794626
0.00962515
0.0103168
0.0122162
0.0135785
0.0156174
0.0181975
0.0207893
0.0243248
0.0270951
-5.39761e-05
0.00293291
0.0025019
0.00096815
0.00197655
0.00262219
0.00345071
0.00590269
0.00522932
0.00790055
0.0079821
0.00956596
0.0103484
0.01215
0.0135785
0.0155383
0.0181274
0.0206365
0.024044
0.0266634
-6.05223e-05
0.00293418
0.00250787
0.000982965
0.00199886
0.00260676
0.00347383
0.00589567
0.00522784
0.00786108
0.00802058
0.00950263
0.010376
0.0120858
0.0135668
0.0154602
0.0180394
0.0204746
0.0237448
0.0262244
-6.73355e-05
0.00293561
0.00251443
0.00099912
0.00202176
0.00259164
0.00349787
0.00588354
0.00522836
0.00781422
0.00806103
0.00943639
0.0103977
0.012025
0.0135422
0.0153823
0.0179346
0.020301
0.0234281
0.025777
-7.4375e-05
0.00293709
0.0025216
0.00101604
0.00204509
0.00257645
0.00352222
0.00586638
0.00523108
0.00776013
0.00810252
0.00936884
0.0104113
0.0119686
0.0135041
0.0153027
0.0178149
0.0201137
0.0230943
0.0253198
-8.15925e-05
0.00293852
0.00252935
0.00103336
0.00206885
0.00256098
0.00354662
0.0058443
0.00523596
0.00769924
0.0081438
0.00930205
0.0104145
0.0119171
0.0134529
0.0152184
0.0176815
0.0199123
0.0227438
0.0248514
-8.89343e-05
0.00293982
0.00253766
0.00105091
0.00209314
0.00254514
0.00357114
0.00581751
0.00524284
0.00763228
0.00818319
0.00923824
0.010406
0.0118698
0.01339
0.015127
0.0175347
0.0196967
0.0223782
0.0243714
-9.63442e-05
0.00294093
0.00254655
0.00106864
0.00211811
0.00252888
0.00359592
0.0057863
0.0052514
0.00756032
0.00821874
0.0091792
0.010385
0.0118253
0.0133165
0.0150269
0.0173747
0.0194657
0.0219988
0.0238806
-0.000103766
0.00294178
0.00255604
0.00108646
0.00214386
0.00251214
0.00362107
0.00575103
0.00526126
0.0074848
0.0082486
0.00912608
0.0103514
0.0117823
0.0132333
0.0149162
0.0172035
0.0192188
0.0216047
0.0233804
-0.000111145
0.00294229
0.00256621
0.0011043
0.00217045
0.00249483
0.00364655
0.00571209
0.00527184
0.00740718
0.00827111
0.00908008
0.010305
0.0117389
0.0131419
0.0147911
0.0170223
0.0189598
0.0211956
0.0228697
-0.000118423
0.00294233
0.00257712
0.00112202
0.00219793
0.00247685
0.00367215
0.00567006
0.00528237
0.00732902
0.00828429
0.00904193
0.0102466
0.0116917
0.0130461
0.0146493
0.0168258
0.0186928
0.0207775
0.0223482
-0.000125539
0.00294177
0.00258887
0.00113948
0.0022263
0.00245814
0.00369747
0.00562559
0.00529181
0.00725236
0.00828667
0.0090105
0.0101782
0.0116369
0.0129475
0.0144958
0.0166092
0.0184107
0.0203548
0.0218216
-0.000132433
0.00294045
0.00260153
0.00115657
0.0022555
0.0024388
0.00372205
0.00557942
0.00529866
0.00717861
0.00827849
0.00898437
0.0101011
0.0115717
0.0128429
0.0143333
0.0163798
0.0181096
0.0199216
0.0212925
-0.000139034
0.00293821
0.00261519
0.00117325
0.00228542
0.00241887
0.00374532
0.00553251
0.00530194
0.00710781
0.00825956
0.00896302
0.0100178
0.0114936
0.0127323
0.0141557
0.0161397
0.0177983
0.0194789
0.0207576
-0.000145266
0.00293486
0.00262996
0.00118934
0.00231609
0.00239845
0.00376657
0.00548552
0.00530116
0.00704088
0.00822941
0.00894325
0.00993167
0.0114006
0.0126158
0.0139656
0.015882
0.0174779
0.019032
0.0202192
-0.000151047
0.00293019
0.00264598
0.00120479
0.00234734
0.00237801
0.00378518
0.00543905
0.00529482
0.00697891
0.00818916
0.00892353
0.00984109
0.0112938
0.01249
0.013764
0.0156092
0.0171505
0.0185768
0.0196774
-0.00015628
0.00292397
0.00266326
0.00121972
0.00237875
0.00235807
0.00380015
0.00539453
0.00528158
0.00692181
0.00813819
0.00890393
0.00974817
0.0111694
0.012358
0.0135495
0.015312
0.0168123
0.018135
0.0191358
-0.000160833
0.00291597
0.0026819
0.00123398
0.00241039
0.00233885
0.00381027
0.00535279
0.00526125
0.00686889
0.00807996
0.00887425
0.00966148
0.0110266
0.0122098
0.0133363
0.0149975
0.0164423
0.0176991
0.0186051
-0.000164669
0.00290604
0.00270195
0.00124771
0.00244175
0.0023212
0.00381517
0.00531326
0.00523507
0.00681657
0.0080212
0.00883203
0.00957381
0.0108717
0.0120438
0.0131123
0.0146824
0.0160587
0.01723
0.0180765
-0.000167634
0.00289387
0.00272356
0.00126097
0.0024722
0.00230567
0.00381429
0.00527591
0.00520463
0.00676182
0.00796059
0.0087816
0.00948324
0.0107032
0.01187
0.0128667
0.0143458
0.0156774
0.0167671
0.0175478
-0.000169466
0.00287914
0.00274671
0.00127355
0.00250215
0.00229212
0.00380715
0.00524099
0.00516796
0.00670904
0.00789744
0.00871467
0.00939546
0.010527
0.011669
0.012627
0.0139934
0.0152643
0.0162721
0.0170387
-0.000170274
0.00286204
0.00277097
0.00128647
0.00252966
0.00228342
0.00379223
0.0052086
0.00512203
0.00665842
0.00783445
0.00863847
0.00929188
0.0103497
0.0114486
0.0123632
0.0136386
0.0148347
0.0157977
0.0165402
-0.00016975
0.00284186
0.00279696
0.00129936
0.00255394
0.00227986
0.00376879
0.00517816
0.00507536
0.00659601
0.00777325
0.00855575
0.00917695
0.0101558
0.0112212
0.0120692
0.0132652
0.0144184
0.0153698
0.0160346
-0.000167469
0.00281801
0.00282464
0.00131199
0.0025767
0.00227868
0.00373946
0.00514714
0.00503557
0.00652533
0.00771004
0.00845604
0.00906423
0.00994966
0.0109685
0.0117824
0.0128751
0.0139835
0.0148695
0.0155427
-0.000163819
0.00279151
0.00285259
0.00132675
0.00259376
0.00228547
0.0037012
0.00511572
0.00497926
0.00645459
0.00764366
0.00834846
0.00893124
0.00974308
0.0106871
0.0114698
0.0124987
0.0135446
0.0144006
0.0150579
-0.000158356
0.00276147
0.00288174
0.00134283
0.00260491
0.00229903
0.00365444
0.00508237
0.00492751
0.00637234
0.00757551
0.00822827
0.00878007
0.00952513
0.0103985
0.0111307
0.0121164
0.0131116
0.0139863
0.0145673
-0.000150429
0.00272643
0.0029124
0.00135943
0.00261368
0.00231312
0.00360557
0.00504189
0.00492268
0.00627416
0.00750023
0.00809554
0.00861968
0.00929024
0.0101137
0.0108111
0.0116984
0.0126455
0.0134457
0.0140919
-0.000140714
0.00268858
0.00294186
0.00138071
0.00261345
0.00233663
0.00354855
0.00499678
0.00481818
0.00617892
0.00741772
0.00796549
0.00842854
0.00903944
0.00980203
0.0104703
0.0112923
0.0121828
0.0129717
0.0136223
-0.000128725
0.00264755
0.00297103
0.00140553
0.00260479
0.00236608
0.00348577
0.00494695
0.00465415
0.00608112
0.00732853
0.00782007
0.00822235
0.00877573
0.00946652
0.0100968
0.0108955
0.011736
0.012587
0.0131474
-0.000113496
0.00259885
0.00300104
0.00143176
0.00259395
0.00239293
0.00342681
0.00488658
0.00481697
0.00597067
0.00723031
0.00766839
0.00802182
0.00848496
0.00912141
0.00972131
0.0104732
0.0112656
0.0119822
0.0126714
-9.63329e-05
0.00258338
0.00302695
0.00146561
0.00257229
0.00242603
0.00336413
0.00481957
0.00465826
0.00585836
0.00711755
0.00751961
0.00779495
0.00819486
0.0087593
0.00930688
0.0100256
0.0108141
0.0115093
0.0122007
-7.60759e-05
0.0025301
0.00305019
0.00150398
0.00254289
0.00246124
0.00329886
0.00474839
0.0045157
0.0057403
0.00699222
0.00735919
0.00756282
0.00790855
0.00837043
0.0088716
0.00954906
0.0103417
0.0111837
0.0117496
-5.20843e-05
0.0024685
0.00307186
0.00154437
0.00251329
0.00248884
0.00324326
0.00466421
0.00463774
0.00561212
0.00685463
0.00718526
0.0073379
0.00761065
0.0080465
0.00845924
0.00903265
0.00974104
0.0104677
0.011294
-2.64309e-05
0.00240949
0.00308636
0.0015925
0.0024766
0.00251365
0.00319126
0.00456868
0.0046265
0.00547942
0.00669503
0.00701226
0.00709955
0.00731896
0.00771649
0.00801894
0.00849705
0.00913535
0.0098375
0.0108557
3.30731e-06
0.00234602
0.00309546
0.00164416
0.00243628
0.00253726
0.00313588
0.00446838
0.00447539
0.00534055
0.00651969
0.00682974
0.00686126
0.00702786
0.00735137
0.00758574
0.0079667
0.00852206
0.00927955
0.0104379
3.65257e-05
0.00227964
0.00309795
0.00169892
0.00239533
0.00255381
0.00308362
0.00436178
0.0044065
0.00519487
0.00633185
0.00663827
0.00662689
0.00671897
0.0069742
0.00715195
0.00740708
0.00794911
0.00880951
0.0100201
7.23476e-05
0.00221266
0.00309239
0.00175606
0.00235345
0.00256486
0.00303298
0.00424578
0.0043633
0.00504291
0.00613179
0.00644243
0.00638572
0.00639372
0.00658095
0.00669086
0.00688607
0.00746053
0.0083502
0.00954987
0.000112046
0.00214431
0.00307878
0.00181327
0.00231328
0.00256937
0.00298116
0.0041245
0.00427049
0.00488357
0.00592813
0.00623602
0.00613205
0.006053
0.00616785
0.00625471
0.00642743
0.00696301
0.00782439
0.00907951
0.000154993
0.00207543
0.00305604
0.00187004
0.00227505
0.00256529
0.00293253
0.00399596
0.00416808
0.00472239
0.00571877
0.00601317
0.0058671
0.00570903
0.00576438
0.00583463
0.00595594
0.00643049
0.0073159
0.00864768
0.000201328
0.00200619
0.00302485
0.00192411
0.00223913
0.00255509
0.00288357
0.00386028
0.00406103
0.0045574
0.00549612
0.00577421
0.00560212
0.00537229
0.00535145
0.00539622
0.00548205
0.00592745
0.00683065
0.00821247
0.000250743
0.00193748
0.00298442
0.00197552
0.00220501
0.00253584
0.00283358
0.00372342
0.00393764
0.00438141
0.00526161
0.00552882
0.00533551
0.00503074
0.0049253
0.0049547
0.00502894
0.0054448
0.00634265
0.00776843
0.000303369
0.00186938
0.00293505
0.00202277
0.00217221
0.00250956
0.00278223
0.00358357
0.00380106
0.00419776
0.00502434
0.00527262
0.00505533
0.00468928
0.00450055
0.00451427
0.00458203
0.00496737
0.00585716
0.00732882
0.000358875
0.0018031
0.0028762
0.00206463
0.00214138
0.00247514
0.00272688
0.00344206
0.00365767
0.00400925
0.00477902
0.00500014
0.00476352
0.00435751
0.00408271
0.00406317
0.00412785
0.00449928
0.00538936
0.00689658
0.000416691
0.00173927
0.00280861
0.00210023
0.00211069
0.002433
0.00266801
0.00329912
0.0035074
0.00381195
0.00452501
0.00471947
0.0044619
0.00402948
0.00366494
0.00359869
0.00367646
0.00404888
0.00493529
0.00647027
0.000476255
0.00167853
0.0027324
0.00212872
0.00207845
0.00238411
0.00260694
0.00315363
0.00334866
0.00360464
0.00426503
0.00443629
0.00414647
0.00369576
0.00325827
0.00313942
0.00322341
0.00360085
0.0044932
0.0060511
0.000537524
0.0016213
0.00264914
0.00214861
0.0020438
0.00232723
0.00254015
0.00300693
0.00318504
0.00339047
0.00399843
0.00414909
0.00381772
0.00335614
0.0028673
0.00268362
0.00276101
0.00315412
0.00406038
0.0056401
0.000600147
0.00156829
0.00256049
0.00215807
0.00201081
0.00226025
0.00245627
0.00286198
0.0030211
0.00317063
0.00372129
0.00385824
0.00348182
0.00300761
0.00248516
0.00223553
0.00229961
0.00270594
0.0036312
0.00523897
0.000662385
0.0015207
0.00246729
0.00215685
0.00197249
0.00218151
0.00236828
0.00271674
0.00285345
0.00294536
0.00343313
0.00356516
0.00314422
0.00264726
0.00210739
0.0018011
0.00184163
0.00225428
0.00320308
0.00484407
0.000723113
0.00147881
0.00237114
0.00214211
0.00192724
0.00210071
0.0022773
0.00256535
0.00268065
0.00271797
0.00313493
0.00326715
0.00280906
0.00227573
0.00172865
0.00137923
0.0013894
0.00180315
0.00277453
0.00444936
0.000781824
0.00144311
0.00227193
0.00211201
0.00187967
0.00201817
0.00217994
0.00240766
0.00250239
0.00249007
0.0028255
0.00295997
0.0024777
0.00189665
0.00134411
0.000964671
0.000945502
0.00135641
0.00234413
0.00405369
0.000838052
0.00141256
0.00217071
0.00206756
0.00182869
0.0019329
0.00207625
0.00224415
0.00231688
0.00226255
0.00250701
0.00263859
0.00214965
0.00151703
0.000952552
0.000555279
0.000513021
0.000916547
0.00191531
0.00365746
0.000890673
0.00138635
0.00206969
0.00201097
0.0017724
0.00184308
0.0019667
0.00207586
0.00212164
0.00203451
0.0021829
0.00230084
0.00182441
0.00114407
0.000557451
0.000147218
8.63494e-05
0.000482109
0.00149019
0.00326222
0.000939289
0.00136376
0.00197012
0.0019428
0.00170847
0.00174809
0.00185259
0.00190447
0.00191525
0.0018039
0.00185762
0.0019467
0.00149602
0.000779626
0.000161742
-0.000262583
-0.000337113
5.39461e-05
0.0010716
0.0028713
0.000983533
0.00134402
0.00187262
0.00186356
0.00163651
0.00164865
0.00173311
0.00172954
0.00169638
0.00156769
0.0015349
0.00157923
0.00116099
0.000425282
-0.000227247
-0.0006704
-0.00075795
-0.000369871
0.000657842
0.00248333
0.00102305
0.00132604
0.00177794
0.00176757
0.00155587
0.00154335
0.00160673
0.00155133
0.00146704
0.00132532
0.00121954
0.00120461
0.000816176
7.8371e-05
-0.000607669
-0.00107616
-0.00117946
-0.000793132
0.000246069
0.00209813
0.00105759
0.00130892
0.00168653
0.00167138
0.00146585
0.00143051
0.00147328
0.00137197
0.00123026
0.001075
0.000911912
0.000825556
0.000455189
-0.000269941
-0.000981946
-0.00147693
-0.0015984
-0.00121467
-0.000163816
0.00171562
0.00108688
0.00129187
0.0015986
0.00156963
0.00136644
0.00130974
0.00133213
0.00119216
0.000987558
0.000812364
0.000606704
0.000444924
7.89599e-05
-0.00062295
-0.00134842
-0.00186653
-0.00200953
-0.00163325
-0.000573628
0.00133347
0.00111085
0.00127411
0.00151388
0.00146403
0.00125798
0.00118073
0.0011824
0.00101062
0.000743031
0.000537104
0.000300714
6.9107e-05
-0.000306681
-0.000980598
-0.00170779
-0.00224507
-0.00241249
-0.00204898
-0.000983925
0.000950037
0.00112946
0.00125489
0.001432
0.00135536
0.00114103
0.00104313
0.00102306
0.000826091
0.000499673
0.000251497
-7.43237e-06
-0.000298801
-0.000697946
-0.00134678
-0.00206661
-0.00261687
-0.00280703
-0.00245865
-0.00139176
0.000566275
0.00114268
0.00123351
0.00135248
0.00124425
0.0010162
0.000897209
0.00085364
0.000637179
0.000258587
-4.27327e-05
-0.000321945
-0.000660388
-0.00109143
-0.00172282
-0.0024283
-0.0029829
-0.00319069
-0.00285842
-0.00179407
0.000183456
0.00115056
0.00120944
0.00127457
0.00113156
0.000884298
0.000743334
0.000674139
0.000441594
2.04913e-05
-0.000343044
-0.000645373
-0.0010178
-0.00148289
-0.00210551
-0.00279359
-0.00334482
-0.00356446
-0.00324757
-0.00218893
-0.000197688
0.00115315
0.00118218
0.00119751
0.00101793
0.000746257
0.000581785
0.000484959
0.000237345
-0.000215399
-0.000644036
-0.000976782
-0.0013739
-0.00186955
-0.00249099
-0.00316399
-0.00370671
-0.00393136
-0.00362655
-0.00257496
-0.000575188
0.00115062
0.00115145
0.00112036
0.000903695
0.000603072
0.000412695
0.000287172
2.36446e-05
-0.000451077
-0.00094593
-0.00131437
-0.00173161
-0.00225183
-0.00287694
-0.00353878
-0.00407068
-0.00429412
-0.00399645
-0.00295085
-0.000946999
0.00114298
0.00111704
0.00104231
0.00078901
0.000455981
0.000236489
8.17057e-05
-0.000200066
-0.000688659
-0.00123486
-0.0016556
-0.00209228
-0.00263127
-0.00326133
-0.00391468
-0.00443764
-0.00465516
-0.00435928
-0.00331725
-0.00131243
0.00113031
0.0010788
0.000962709
0.000673764
0.000306079
5.40821e-05
-0.000130717
-0.000433579
-0.000930293
-0.00151879
-0.00200028
-0.0024565
-0.00300948
-0.00364339
-0.0042872
-0.00480792
-0.00501711
-0.00471722
-0.0036764
-0.00167231
0.00111272
0.00103677
0.000881104
0.000557646
0.000154174
-0.000133707
-0.000349445
-0.00067581
-0.00117788
-0.00179787
-0.00233873
-0.00282354
-0.00338734
-0.00402623
-0.00468235
-0.00518239
-0.00538256
-0.00507762
-0.0040343
-0.00202948
0.00109028
0.000990886
0.000797026
0.000440354
1.00448e-06
-0.000325756
-0.000573392
-0.000925452
-0.00143376
-0.00207363
-0.00267064
-0.00319139
-0.00376719
-0.00440509
-0.00504963
-0.00555136
-0.00574758
-0.00543871
-0.00439135
-0.00238431
0.00106311
0.000940951
0.000710293
0.000321565
-0.000152849
-0.000521084
-0.000801932
-0.00118075
-0.00169878
-0.00234873
-0.00299486
-0.00355698
-0.00414753
-0.004785
-0.00542016
-0.00591913
-0.00611243
-0.00580084
-0.00474951
-0.00273904
0.00103104
0.000887913
0.000621034
0.000200959
-0.000306934
-0.000718215
-0.00103445
-0.00144026
-0.00197222
-0.00262618
-0.00331185
-0.00391846
-0.00452666
-0.00516571
-0.00579232
-0.00628715
-0.00647783
-0.00616481
-0.00511026
-0.00309581
0.000994251
0.000831612
0.000529466
7.83431e-05
-0.000461353
-0.000916009
-0.00126972
-0.00170247
-0.0022526
-0.00290928
-0.00362334
-0.00427454
-0.00490401
-0.00554749
-0.00616596
-0.00665541
-0.00684387
-0.00652989
-0.00547357
-0.00345565
0.000953294
0.000772222
0.00043569
-4.61188e-05
-0.000615826
-0.00111333
-0.00150715
-0.00196618
-0.00253702
-0.00319937
-0.00393119
-0.00462407
-0.00527899
-0.00593104
-0.00654366
-0.00702602
-0.00721221
-0.00689814
-0.00584069
-0.00381829
0.000907211
0.000710069
0.000340403
-0.000172202
-0.000770372
-0.00130919
-0.00174585
-0.00223203
-0.00282299
-0.00349538
-0.0042374
-0.00496504
-0.00564833
-0.00631332
-0.00692508
-0.00740098
-0.00758382
-0.00726969
-0.00621286
-0.00418834
0.000857842
0.000645257
0.000243714
-0.000299468
-0.000924605
-0.00150281
-0.00198349
-0.00249963
-0.00311026
-0.00379615
-0.00454637
-0.00530012
-0.0060105
-0.00669088
-0.00730751
-0.00778054
-0.00795967
-0.00764338
-0.00658712
-0.00456305
0.000804157
0.000578425
0.000147563
-0.000426343
-0.00107829
-0.00169439
-0.00221893
-0.00276816
-0.00339765
-0.00409772
-0.00485755
-0.00563263
-0.00636899
-0.00706622
-0.00769082
-0.00816425
-0.00834208
-0.00802463
-0.00696884
-0.00494446
0.000747087
0.000509216
5.02778e-05
-0.000551715
-0.00122884
-0.00188149
-0.00245043
-0.00303707
-0.00368618
-0.00439801
-0.00516737
-0.00595999
-0.00672214
-0.00743816
-0.00807348
-0.00855109
-0.00873137
-0.00841556
-0.00736104
-0.00533691
0.00068718
0.000438389
-4.78856e-05
-0.000678827
-0.00138037
-0.00206771
-0.00267826
-0.00330253
-0.00397496
-0.0046981
-0.00547459
-0.00628078
-0.00706687
-0.00780402
-0.00845465
-0.00894049
-0.00912611
-0.00881369
-0.00776231
-0.00574162
0.000621487
0.000373413
-0.000129019
-0.000790278
-0.00152129
-0.00225342
-0.0029081
-0.00356659
-0.00426287
-0.00499741
-0.00577971
-0.00659844
-0.00740642
-0.00816517
-0.00883467
-0.00933409
-0.00953033
-0.00922731
-0.00818207
-0.00616359
0.000552003
0.00028296
-0.000240542
-0.000899281
-0.00164763
-0.00242477
-0.0031314
-0.00382485
-0.00454087
-0.00528382
-0.00607175
-0.00690271
-0.00773189
-0.00851426
-0.00920407
-0.00972082
-0.00993365
-0.00964908
-0.00862297
-0.00662301
0.000491882
0.000252041
-0.000293297
-0.00101836
-0.00180909
-0.00262933
-0.00337205
-0.00408559
-0.00481466
-0.00556162
-0.00635406
-0.00719481
-0.00804498
-0.0088509
-0.00955762
-0.010086
-0.0103098
-0.0100436
-0.00903957
-0.00706008
0.000353827
0.000117207
-0.000331179
-0.000995654
-0.00187403
-0.00281142
-0.00362359
-0.00434629
-0.00508554
-0.00584799
-0.00664701
-0.00750002
-0.0083771
-0.00921873
-0.00996223
-0.010513
-0.0107492
-0.0104813
-0.00946986
-0.00748165
0.000398488
0.000120339
-0.000468036
-0.00124461
-0.00209397
-0.00297415
-0.00379241
-0.00452782
-0.00526119
-0.00602525
-0.00683125
-0.00768816
-0.00857657
-0.00944579
-0.0102498
-0.0109116
-0.0112805
-0.011147
-0.0102618
-0.00839078
0.000252116
3.7421e-05
-0.000555459
-0.00125675
-0.00209604
-0.00310151
-0.00405879
-0.00485996
-0.00563132
-0.00639182
-0.00720447
-0.00803341
-0.00886967
-0.00963358
-0.0102588
-0.0106998
-0.0108902
-0.0106751
-0.0098045
-0.00802006
0.00034151
-2.2181e-05
-0.000622745
-0.00145424
-0.00234734
-0.003239
-0.00404752
-0.00475382
-0.00550485
-0.00634425
-0.00722973
-0.00816842
-0.00916736
-0.0102316
-0.0113001
-0.0122382
-0.0128486
-0.0129438
-0.0122645
-0.0105731
0.000509768
-0.000189119
-0.000890529
-0.00171275
-0.00254671
-0.00356853
-0.00447672
-0.00519925
-0.00596569
-0.00685792
-0.00773725
-0.00850255
-0.00902818
-0.00919187
-0.00896172
-0.00842347
-0.0077812
-0.00729905
-0.00734891
-0.00826211
0.00045647
-0.000176476
-0.000924207
-0.0017007
-0.00240938
-0.00310854
-0.00391509
-0.00473299
-0.00554538
-0.00650651
-0.00761189
-0.0088357
-0.0101199
-0.0114533
-0.0127581
-0.0139309
-0.0148097
-0.0151746
-0.0147641
-0.0133384
0.000581574
-0.000260695
-0.00104515
-0.00184105
-0.00255954
-0.00348293
-0.00442934
-0.0054878
-0.00648515
-0.00726388
-0.00801738
-0.00886355
-0.00964219
-0.0101963
-0.0103986
-0.0102406
-0.00985635
-0.00953524
-0.00965736
-0.0105805
0.000561159
-0.000302872
-0.00107693
-0.00177507
-0.00231499
-0.00290749
-0.00358325
-0.00440448
-0.00534016
-0.00650441
-0.00795368
-0.00973036
-0.0117253
-0.0137666
-0.0156432
-0.0171925
-0.0182379
-0.0185987
-0.0180573
-0.0164217
0.0436084
0.0153105
0.0043032
0.00170278
-0.000312533
-0.00233102
-0.00342603
-0.0039582
-0.00486596
-0.00617347
-0.00746746
-0.00865671
-0.00984219
-0.0110719
-0.0123518
-0.0136352
-0.0148065
-0.0158598
-0.0169959
-0.0182354
-0.0194403
-0.0206356
-0.0219001
-0.0231873
-0.0244888
-0.0258386
-0.0272404
-0.0287345
-0.0302708
-0.0318492
-0.0334209
-0.0350324
-0.0367709
-0.0386298
-0.0405048
-0.0424391
-0.0444715
-0.0465443
-0.0487383
-0.0509621
-0.0533364
-0.0557272
-0.0582665
-0.0608594
-0.0635509
-0.0664277
-0.0693062
-0.0725092
-0.0757353
-0.079007
0.0425252
0.015358
0.00434826
0.00172217
-0.000301969
-0.00232466
-0.00342169
-0.00395453
-0.00486263
-0.00617057
-0.00746498
-0.0086546
-0.00984041
-0.0110704
-0.0123506
-0.0136342
-0.0148056
-0.015859
-0.0169952
-0.0182348
-0.0194397
-0.0206351
-0.0218997
-0.0231869
-0.0244884
-0.0258382
-0.0272401
-0.0287342
-0.0302705
-0.031849
-0.0334207
-0.0350322
-0.0367707
-0.0386296
-0.0405046
-0.0424389
-0.0444713
-0.0465441
-0.0487382
-0.050962
-0.0533363
-0.0557271
-0.0582664
-0.0608593
-0.0635508
-0.0664276
-0.0693061
-0.0725091
-0.0757353
-0.079007
0.0416239
0.0154601
0.00441985
0.00174569
-0.000290464
-0.00231792
-0.00341735
-0.00395103
-0.00485962
-0.00616805
-0.00746282
-0.00865271
-0.00983879
-0.011069
-0.0123494
-0.0136333
-0.0148048
-0.0158583
-0.0169946
-0.0182343
-0.0194393
-0.0206346
-0.0218993
-0.0231865
-0.024488
-0.0258379
-0.0272398
-0.0287339
-0.0302702
-0.0318487
-0.0334205
-0.035032
-0.0367705
-0.0386294
-0.0405045
-0.0424388
-0.0444712
-0.046544
-0.0487381
-0.0509619
-0.0533362
-0.055727
-0.0582663
-0.0608593
-0.0635507
-0.0664275
-0.069306
-0.0725091
-0.0757353
-0.0790071
0.0408053
0.0155886
0.00452137
0.00177894
-0.000274913
-0.00230863
-0.00341159
-0.00394696
-0.00485654
-0.00616562
-0.00746066
-0.00865076
-0.00983708
-0.0110676
-0.0123482
-0.0136323
-0.0148041
-0.0158576
-0.016994
-0.0182337
-0.0194388
-0.0206342
-0.0218989
-0.0231862
-0.0244877
-0.0258376
-0.0272394
-0.0287336
-0.03027
-0.0318485
-0.0334202
-0.0350318
-0.0367703
-0.0386292
-0.0405043
-0.0424386
-0.0444711
-0.0465439
-0.0487379
-0.0509618
-0.0533361
-0.0557269
-0.0582662
-0.0608592
-0.0635506
-0.0664275
-0.069306
-0.072509
-0.0757353
-0.0790072
0.0399839
0.0157228
0.00464497
0.00182164
-0.000254254
-0.00229543
-0.00340319
-0.00394156
-0.00485305
-0.00616307
-0.00745836
-0.00864856
-0.00983508
-0.0110658
-0.0123468
-0.0136311
-0.0148031
-0.0158568
-0.0169933
-0.0182332
-0.0194383
-0.0206337
-0.0218984
-0.0231858
-0.0244873
-0.0258373
-0.0272391
-0.0287333
-0.0302697
-0.0318482
-0.03342
-0.0350316
-0.0367701
-0.0386291
-0.0405042
-0.0424385
-0.0444709
-0.0465438
-0.0487378
-0.0509617
-0.053336
-0.0557268
-0.0582661
-0.0608591
-0.0635505
-0.0664274
-0.0693059
-0.072509
-0.0757353
-0.0790075
0.0391454
0.0158558
0.00478015
0.00186934
-0.000230168
-0.00227884
-0.00339203
-0.00393442
-0.00484877
-0.00616024
-0.00745586
-0.00864609
-0.00983275
-0.0110637
-0.012345
-0.0136297
-0.0148019
-0.0158558
-0.0169924
-0.0182325
-0.0194378
-0.0206332
-0.021898
-0.0231853
-0.0244869
-0.0258369
-0.0272388
-0.028733
-0.0302694
-0.031848
-0.0334198
-0.0350313
-0.0367699
-0.0386289
-0.040504
-0.0424383
-0.0444708
-0.0465436
-0.0487377
-0.0509615
-0.0533359
-0.0557267
-0.058266
-0.060859
-0.0635504
-0.0664273
-0.0693058
-0.0725089
-0.0757353
-0.0790077
0.0382942
0.0159845
0.00492134
0.00191869
-0.000204893
-0.0022605
-0.00337899
-0.0039256
-0.00484338
-0.00615684
-0.00745304
-0.00864337
-0.0098301
-0.0110612
-0.0123427
-0.0136277
-0.0148003
-0.0158544
-0.0169913
-0.0182317
-0.0194371
-0.0206326
-0.0218975
-0.0231849
-0.0244865
-0.0258365
-0.0272384
-0.0287327
-0.0302691
-0.0318477
-0.0334195
-0.0350311
-0.0367696
-0.0386287
-0.0405038
-0.0424381
-0.0444706
-0.0465435
-0.0487376
-0.0509614
-0.0533358
-0.0557266
-0.0582659
-0.0608589
-0.0635503
-0.0664272
-0.0693057
-0.0725088
-0.0757353
-0.079008
0.0374352
0.0161068
0.00506701
0.00196852
-0.000179776
-0.0022418
-0.00336524
-0.00391567
-0.00483684
-0.00615261
-0.00744978
-0.00864039
-0.00982722
-0.0110584
-0.01234
-0.0136253
-0.0147982
-0.0158527
-0.01699
-0.0182306
-0.0194363
-0.020632
-0.0218969
-0.0231844
-0.024486
-0.025836
-0.027238
-0.0287323
-0.0302688
-0.0318474
-0.0334193
-0.0350308
-0.0367694
-0.0386284
-0.0405036
-0.0424379
-0.0444704
-0.0465433
-0.0487374
-0.0509613
-0.0533357
-0.0557265
-0.0582658
-0.0608588
-0.0635502
-0.0664271
-0.0693056
-0.0725087
-0.0757352
-0.0790084
0.0365715
0.0162217
0.00521722
0.00201869
-0.000155436
-0.00222347
-0.00335161
-0.00390532
-0.00482943
-0.00614756
-0.007446
-0.00863718
-0.0098242
-0.0110554
-0.0123371
-0.0136225
-0.0147957
-0.0158506
-0.0169883
-0.0182293
-0.0194353
-0.0206312
-0.0218963
-0.0231838
-0.0244855
-0.0258355
-0.0272375
-0.0287319
-0.0302685
-0.0318471
-0.033419
-0.0350305
-0.0367691
-0.0386282
-0.0405034
-0.0424377
-0.0444702
-0.0465431
-0.0487372
-0.0509611
-0.0533355
-0.0557263
-0.0582657
-0.0608587
-0.0635501
-0.066427
-0.0693055
-0.0725086
-0.0757352
-0.0790089
0.0357052
0.0163278
0.00537214
0.00206927
-0.000132177
-0.00220577
-0.00333847
-0.00389515
-0.00482166
-0.00614192
-0.00744177
-0.00863377
-0.00982112
-0.0110523
-0.0123339
-0.0136193
-0.0147927
-0.0158481
-0.0169863
-0.0182277
-0.019434
-0.0206302
-0.0218955
-0.0231832
-0.0244849
-0.025835
-0.0272369
-0.0287314
-0.0302681
-0.0318468
-0.0334187
-0.0350302
-0.0367687
-0.0386279
-0.0405031
-0.0424374
-0.04447
-0.0465429
-0.0487371
-0.050961
-0.0533354
-0.0557262
-0.0582656
-0.0608586
-0.06355
-0.0664269
-0.0693054
-0.0725084
-0.0757351
-0.0790094
0.0348385
0.0164242
0.00553154
0.00212032
-0.00011016
-0.00218874
-0.00332591
-0.00388555
-0.00481405
-0.00613607
-0.00743728
-0.00863023
-0.00981803
-0.0110493
-0.0123308
-0.013616
-0.0147894
-0.0158453
-0.0169841
-0.0182258
-0.0194324
-0.020629
-0.0218946
-0.0231825
-0.0244843
-0.0258344
-0.0272362
-0.0287308
-0.0302677
-0.0318465
-0.0334184
-0.0350298
-0.0367684
-0.0386276
-0.0405028
-0.0424372
-0.0444697
-0.0465427
-0.0487368
-0.0509608
-0.0533352
-0.0557261
-0.0582655
-0.0608585
-0.0635499
-0.0664268
-0.0693052
-0.0725082
-0.0757349
-0.07901
0.0339737
0.0165094
0.00569489
0.00217195
-8.94496e-05
-0.00217234
-0.00331387
-0.00387675
-0.00480699
-0.00613034
-0.00743273
-0.00862664
-0.00981496
-0.0110463
-0.0123277
-0.0136127
-0.0147859
-0.0158422
-0.0169816
-0.0182236
-0.0194305
-0.0206275
-0.0218934
-0.0231816
-0.0244836
-0.0258338
-0.0272355
-0.0287301
-0.0302671
-0.0318461
-0.0334181
-0.0350295
-0.036768
-0.0386272
-0.0405025
-0.0424369
-0.0444694
-0.0465424
-0.0487366
-0.0509606
-0.0533351
-0.0557259
-0.0582653
-0.0608583
-0.0635497
-0.0664266
-0.0693051
-0.0725079
-0.0757346
-0.0790106
0.0331127
0.0165821
0.00586149
0.00222428
-7.00148e-05
-0.00215642
-0.00330219
-0.00386886
-0.00480077
-0.00612498
-0.00742825
-0.00862307
-0.00981192
-0.0110434
-0.0123247
-0.0136095
-0.0147824
-0.0158389
-0.016979
-0.0182214
-0.0194285
-0.0206258
-0.0218921
-0.0231805
-0.0244829
-0.0258331
-0.0272348
-0.0287292
-0.0302663
-0.0318456
-0.0334179
-0.0350292
-0.0367676
-0.0386269
-0.0405021
-0.0424365
-0.0444691
-0.0465421
-0.0487363
-0.0509603
-0.0533348
-0.0557257
-0.0582652
-0.0608582
-0.0635496
-0.0664264
-0.0693049
-0.0725075
-0.0757343
-0.0790113
0.0322573
0.0166411
0.00603055
0.0022775
-5.16925e-05
-0.00214066
-0.00329062
-0.0038619
-0.00479555
-0.00612011
-0.0074239
-0.00861954
-0.00980892
-0.0110405
-0.0123217
-0.0136062
-0.0147789
-0.0158356
-0.0169763
-0.0182191
-0.0194263
-0.0206239
-0.0218905
-0.0231792
-0.0244819
-0.0258325
-0.027234
-0.0287283
-0.0302654
-0.031845
-0.0334176
-0.0350289
-0.0367672
-0.0386265
-0.0405017
-0.0424361
-0.0444688
-0.0465418
-0.048736
-0.05096
-0.0533346
-0.0557255
-0.058265
-0.060858
-0.0635494
-0.0664262
-0.0693046
-0.0725071
-0.0757338
-0.0790119
0.031409
0.0166853
0.00620128
0.00233192
-3.41101e-05
-0.00212456
-0.00327868
-0.00385579
-0.00479142
-0.00611584
-0.00741974
-0.00861607
-0.00980595
-0.0110376
-0.0123185
-0.0136028
-0.0147753
-0.0158322
-0.0169736
-0.0182167
-0.0194241
-0.0206219
-0.0218888
-0.0231778
-0.0244809
-0.0258319
-0.0272334
-0.0287274
-0.0302643
-0.0318441
-0.0334173
-0.0350287
-0.0367669
-0.038626
-0.0405013
-0.0424357
-0.0444684
-0.0465414
-0.0487356
-0.0509597
-0.0533343
-0.0557253
-0.0582648
-0.0608578
-0.0635492
-0.066426
-0.0693044
-0.0725066
-0.0757332
-0.0790126
0.0305691
0.0167136
0.00637301
0.00238808
-1.66284e-05
-0.00210732
-0.00326571
-0.0038503
-0.00478846
-0.00611224
-0.0074158
-0.00861265
-0.00980303
-0.0110347
-0.0123152
-0.013599
-0.0147715
-0.0158288
-0.0169708
-0.0182144
-0.0194219
-0.0206198
-0.0218871
-0.0231762
-0.0244797
-0.0258313
-0.0272328
-0.0287264
-0.030263
-0.0318431
-0.0334169
-0.0350286
-0.0367666
-0.0386256
-0.0405008
-0.0424353
-0.044468
-0.046541
-0.0487353
-0.0509593
-0.053334
-0.055725
-0.0582645
-0.0608576
-0.063549
-0.0664257
-0.0693041
-0.072506
-0.0757325
-0.0790133
0.0297393
0.0167251
0.00654534
0.00244682
1.61906e-06
-0.00208805
-0.00325088
-0.00384512
-0.00478669
-0.00610937
-0.00741209
-0.00860929
-0.00980014
-0.0110317
-0.0123115
-0.0135948
-0.0147676
-0.0158254
-0.016968
-0.018212
-0.0194197
-0.0206177
-0.0218852
-0.0231746
-0.0244784
-0.0258306
-0.0272323
-0.0287256
-0.0302618
-0.0318419
-0.0334164
-0.0350285
-0.0367664
-0.0386252
-0.0405003
-0.0424349
-0.0444675
-0.0465406
-0.0487349
-0.0509589
-0.0533336
-0.0557246
-0.0582642
-0.0608574
-0.0635488
-0.0664254
-0.0693038
-0.0725054
-0.0757316
-0.0790139
0.0289195
0.0167191
0.00671806
0.0025092
2.15702e-05
-0.00206586
-0.0032334
-0.00383988
-0.00478607
-0.00610726
-0.00740865
-0.00860599
-0.00979729
-0.0110286
-0.0123074
-0.01359
-0.0147632
-0.0158222
-0.0169654
-0.0182095
-0.0194174
-0.0206156
-0.0218834
-0.023173
-0.0244771
-0.0258299
-0.027232
-0.0287249
-0.0302605
-0.0318406
-0.0334159
-0.0350286
-0.0367663
-0.0386248
-0.0404998
-0.0424344
-0.0444671
-0.0465402
-0.0487344
-0.0509585
-0.0533331
-0.0557242
-0.0582639
-0.0608571
-0.0635485
-0.0664251
-0.0693034
-0.0725046
-0.0757305
-0.0790145
0.028111
0.016695
0.00689068
0.00257624
4.3996e-05
-0.00204022
-0.00321267
-0.0038342
-0.00478655
-0.00610592
-0.00740547
-0.00860274
-0.00979444
-0.0110255
-0.0123029
-0.0135843
-0.0147583
-0.015819
-0.0169628
-0.018207
-0.019415
-0.0206135
-0.0218816
-0.0231713
-0.0244758
-0.0258292
-0.0272316
-0.0287242
-0.0302592
-0.0318392
-0.0334153
-0.0350287
-0.0367663
-0.0386245
-0.0404992
-0.0424338
-0.0444666
-0.0465397
-0.048734
-0.0509581
-0.0533327
-0.0557238
-0.0582635
-0.0608567
-0.0635482
-0.0664247
-0.069303
-0.0725037
-0.0757293
-0.0790151
0.0273142
0.0166528
0.00706399
0.00264907
6.92874e-05
-0.00201108
-0.00318852
-0.00382782
-0.00478797
-0.0061053
-0.00740256
-0.00859954
-0.00979158
-0.0110222
-0.0122978
-0.0135779
-0.0147529
-0.0158157
-0.0169604
-0.0182044
-0.0194126
-0.0206115
-0.0218797
-0.0231696
-0.0244745
-0.0258285
-0.0272314
-0.0287235
-0.0302581
-0.0318378
-0.0334147
-0.0350289
-0.0367664
-0.0386242
-0.0404986
-0.0424333
-0.0444661
-0.0465393
-0.0487336
-0.0509576
-0.0533322
-0.0557233
-0.0582631
-0.0608564
-0.0635479
-0.0664243
-0.0693026
-0.0725028
-0.075728
-0.0790157
0.0265299
0.016592
0.00723715
0.00272813
9.7389e-05
-0.00197902
-0.00316125
-0.00382058
-0.00479016
-0.00610531
-0.00739989
-0.00859635
-0.00978867
-0.0110188
-0.0122923
-0.0135708
-0.014747
-0.0158125
-0.0169581
-0.0182018
-0.0194099
-0.0206094
-0.0218779
-0.0231678
-0.0244733
-0.0258278
-0.0272311
-0.0287228
-0.0302569
-0.0318364
-0.033414
-0.0350292
-0.0367666
-0.038624
-0.040498
-0.0424327
-0.0444656
-0.0465388
-0.0487331
-0.0509572
-0.0533317
-0.0557228
-0.0582626
-0.060856
-0.0635475
-0.0664239
-0.0693021
-0.0725018
-0.0757266
-0.0790162
0.0257589
0.0165127
0.00740949
0.00281375
0.000127897
-0.00194508
-0.00313158
-0.00381248
-0.00479288
-0.00610582
-0.00739741
-0.00859317
-0.00978568
-0.0110152
-0.0122864
-0.0135631
-0.0147407
-0.0158092
-0.0169558
-0.018199
-0.0194071
-0.0206074
-0.0218761
-0.023166
-0.024472
-0.025827
-0.0272309
-0.028722
-0.0302556
-0.031835
-0.0334133
-0.0350295
-0.0367668
-0.0386238
-0.0404974
-0.0424321
-0.0444651
-0.0465383
-0.0487327
-0.0509568
-0.0533312
-0.0557222
-0.0582621
-0.0608555
-0.0635471
-0.0664234
-0.0693015
-0.0725007
-0.075725
-0.0790166
0.0250019
0.0164148
0.00758004
0.00290599
0.000160281
-0.00191051
-0.00310048
-0.00380361
-0.00479589
-0.00610669
-0.0073951
-0.00858998
-0.00978262
-0.0110115
-0.0122803
-0.013555
-0.014734
-0.0158058
-0.0169536
-0.0181961
-0.0194042
-0.0206054
-0.0218742
-0.0231641
-0.0244708
-0.0258263
-0.0272306
-0.0287212
-0.0302544
-0.0318336
-0.0334125
-0.0350298
-0.0367672
-0.0386235
-0.0404968
-0.0424315
-0.0444646
-0.0465378
-0.0487322
-0.0509563
-0.0533307
-0.0557217
-0.0582615
-0.060855
-0.0635467
-0.0664229
-0.0693009
-0.0724996
-0.0757233
-0.0790171
0.0242588
0.0162984
0.00774769
0.00300489
0.000194116
-0.00187651
-0.00306894
-0.00379412
-0.00479896
-0.0061078
-0.00739293
-0.00858678
-0.00977947
-0.0110077
-0.012274
-0.0135466
-0.0147272
-0.0158023
-0.0169514
-0.0181931
-0.0194011
-0.0206033
-0.0218724
-0.0231622
-0.0244695
-0.0258255
-0.0272303
-0.0287202
-0.030253
-0.031832
-0.0334116
-0.0350301
-0.0367675
-0.0386232
-0.0404962
-0.0424309
-0.044464
-0.0465373
-0.0487317
-0.0509559
-0.0533302
-0.0557211
-0.0582609
-0.0608545
-0.0635462
-0.0664224
-0.0693003
-0.0724984
-0.0757216
-0.0790175
0.02353
0.0161632
0.00791106
0.00311046
0.000229254
-0.00184403
-0.00303786
-0.00378416
-0.00480191
-0.00610905
-0.00739085
-0.00858357
-0.00977624
-0.0110038
-0.0122677
-0.0135382
-0.0147201
-0.0157987
-0.016949
-0.0181899
-0.0193979
-0.0206011
-0.0218704
-0.0231603
-0.0244681
-0.0258246
-0.0272298
-0.0287191
-0.0302515
-0.0318304
-0.0334106
-0.0350303
-0.0367678
-0.0386228
-0.0404955
-0.0424303
-0.0444634
-0.0465368
-0.0487312
-0.0509554
-0.0533297
-0.0557205
-0.0582603
-0.060854
-0.0635458
-0.0664219
-0.0692996
-0.0724971
-0.0757198
-0.079018
0.0228178
0.0160097
0.00806864
0.00322255
0.000265885
-0.00181373
-0.00300798
-0.00377389
-0.00480458
-0.00611035
-0.00738885
-0.00858034
-0.00977292
-0.0109998
-0.0122612
-0.0135297
-0.014713
-0.0157949
-0.0169466
-0.0181867
-0.0193946
-0.0205988
-0.0218684
-0.0231582
-0.0244666
-0.0258236
-0.0272293
-0.0287179
-0.0302499
-0.0318287
-0.0334094
-0.0350303
-0.0367681
-0.0386223
-0.0404948
-0.0424296
-0.0444628
-0.0465362
-0.0487306
-0.0509548
-0.0533291
-0.0557199
-0.0582597
-0.0608534
-0.0635453
-0.0664213
-0.0692989
-0.0724958
-0.0757179
-0.0790184
0.0221218
0.0158386
0.00821889
0.00334077
0.000304451
-0.00178601
-0.00297993
-0.00376349
-0.00480686
-0.00611165
-0.00738692
-0.00857711
-0.00976952
-0.0109957
-0.0122548
-0.0135211
-0.0147058
-0.015791
-0.0169441
-0.0181833
-0.0193912
-0.0205964
-0.0218663
-0.0231561
-0.024465
-0.0258226
-0.0272286
-0.0287166
-0.0302482
-0.0318268
-0.0334081
-0.0350303
-0.0367682
-0.0386216
-0.0404941
-0.042429
-0.0444622
-0.0465357
-0.0487301
-0.0509543
-0.0533285
-0.0557193
-0.0582591
-0.0608528
-0.0635448
-0.0664207
-0.0692982
-0.0724945
-0.0757159
-0.0790187
0.0214417
0.0156507
0.00836025
0.00346442
0.000345546
-0.00176099
-0.00295422
-0.00375318
-0.00480871
-0.00611288
-0.00738504
-0.00857388
-0.00976606
-0.0109915
-0.0122482
-0.0135125
-0.0146986
-0.015787
-0.0169414
-0.0181798
-0.0193878
-0.0205939
-0.021864
-0.023154
-0.0244633
-0.0258215
-0.0272277
-0.0287152
-0.0302463
-0.0318249
-0.0334067
-0.0350301
-0.0367683
-0.0386208
-0.0404933
-0.0424284
-0.0444616
-0.0465351
-0.0487295
-0.0509537
-0.0533279
-0.0557186
-0.0582585
-0.0608522
-0.0635442
-0.06642
-0.0692974
-0.0724931
-0.0757139
-0.0790191
0.0207782
0.0154472
0.00849111
0.00359309
0.000390266
-0.0017386
-0.00293131
-0.0037432
-0.0048101
-0.00611401
-0.00738318
-0.00857063
-0.00976251
-0.0109873
-0.0122417
-0.0135039
-0.0146912
-0.0157828
-0.0169386
-0.0181762
-0.0193842
-0.0205913
-0.0218617
-0.0231517
-0.0244615
-0.0258202
-0.0272268
-0.0287136
-0.0302444
-0.0318228
-0.0334052
-0.0350299
-0.0367683
-0.0386199
-0.0404925
-0.0424278
-0.0444609
-0.0465345
-0.048729
-0.0509531
-0.0533272
-0.0557179
-0.0582578
-0.0608516
-0.0635436
-0.0664194
-0.0692966
-0.0724917
-0.0757118
-0.0790195
0.0201298
0.0152292
0.00860975
0.00372541
0.000439338
-0.00171865
-0.0029116
-0.00373377
-0.00481095
-0.00611497
-0.00738138
-0.00856742
-0.0097589
-0.0109829
-0.012235
-0.0134952
-0.0146838
-0.0157785
-0.0169357
-0.0181725
-0.0193806
-0.0205886
-0.0218594
-0.0231495
-0.0244596
-0.025819
-0.0272258
-0.0287121
-0.0302424
-0.0318207
-0.0334036
-0.0350297
-0.0367681
-0.0386188
-0.0404916
-0.0424272
-0.0444602
-0.0465339
-0.0487284
-0.0509525
-0.0533265
-0.0557172
-0.0582571
-0.060851
-0.063543
-0.0664187
-0.0692957
-0.0724902
-0.0757097
-0.0790198
0.0194997
0.0149975
0.00871475
0.00386002
0.000493336
-0.00170094
-0.00289553
-0.00372534
-0.00481137
-0.00611572
-0.00737959
-0.00856422
-0.00975524
-0.0109784
-0.0122282
-0.0134865
-0.0146762
-0.0157741
-0.0169326
-0.0181688
-0.0193769
-0.0205859
-0.0218569
-0.0231471
-0.0244575
-0.0258176
-0.0272247
-0.0287104
-0.0302403
-0.0318186
-0.0334019
-0.0350294
-0.0367679
-0.0386177
-0.0404907
-0.0424265
-0.0444595
-0.0465333
-0.0487278
-0.0509518
-0.0533258
-0.0557165
-0.0582564
-0.0608503
-0.0635424
-0.066418
-0.0692948
-0.0724887
-0.0757075
-0.0790201
0.0188912
0.0147551
0.00880498
0.00399702
0.000553407
-0.00168503
-0.00288361
-0.00371837
-0.00481141
-0.00611621
-0.00737779
-0.00856101
-0.00975149
-0.0109737
-0.0122213
-0.0134776
-0.0146685
-0.0157694
-0.0169294
-0.018165
-0.0193731
-0.020583
-0.0218544
-0.0231447
-0.0244554
-0.0258162
-0.0272235
-0.0287087
-0.0302382
-0.0318164
-0.0334001
-0.0350291
-0.0367677
-0.0386165
-0.0404898
-0.0424259
-0.0444587
-0.0465326
-0.0487271
-0.0509511
-0.0533251
-0.0557157
-0.0582557
-0.0608496
-0.0635418
-0.0664172
-0.0692938
-0.0724871
-0.0757053
-0.0790204
0.0183012
0.0145037
0.00887827
0.00413312
0.00061959
-0.00167009
-0.0028758
-0.00371318
-0.00481121
-0.00611646
-0.00737609
-0.00855791
-0.00974775
-0.010969
-0.0122142
-0.0134687
-0.0146608
-0.0157647
-0.0169261
-0.0181611
-0.0193692
-0.0205801
-0.0218519
-0.0231422
-0.0244532
-0.0258147
-0.0272222
-0.0287069
-0.0302359
-0.0318142
-0.0333984
-0.0350288
-0.0367674
-0.0386153
-0.0404888
-0.0424252
-0.044458
-0.046532
-0.0487265
-0.0509504
-0.0533243
-0.0557149
-0.0582549
-0.0608489
-0.0635411
-0.0664164
-0.0692928
-0.0724855
-0.075703
-0.0790206
0.0177328
0.0142448
0.00893515
0.00428387
0.000692448
-0.0016555
-0.00287225
-0.00371023
-0.00481089
-0.00611634
-0.00737433
-0.0085548
-0.0097439
-0.0109641
-0.012207
-0.0134597
-0.0146529
-0.0157597
-0.0169227
-0.0181571
-0.0193653
-0.0205771
-0.0218493
-0.0231396
-0.0244509
-0.0258131
-0.0272209
-0.0287051
-0.0302337
-0.0318119
-0.0333965
-0.0350285
-0.0367671
-0.038614
-0.0404877
-0.0424245
-0.0444572
-0.0465312
-0.0487258
-0.0509497
-0.0533235
-0.0557141
-0.0582541
-0.0608481
-0.0635404
-0.0664156
-0.0692917
-0.0724839
-0.0757007
-0.0790209
0.0171827
0.0139784
0.008974
0.00441638
0.000771771
-0.00164104
-0.00287352
-0.00371011
-0.00481052
-0.00611573
-0.00737246
-0.00855169
-0.00974002
-0.0109591
-0.0121996
-0.0134505
-0.0146448
-0.0157547
-0.0169191
-0.018153
-0.0193612
-0.020574
-0.0218466
-0.023137
-0.0244485
-0.0258115
-0.0272195
-0.0287032
-0.0302313
-0.0318095
-0.0333947
-0.0350282
-0.0367667
-0.0386126
-0.0404867
-0.0424238
-0.0444563
-0.0465305
-0.0487251
-0.0509489
-0.0533226
-0.0557132
-0.0582533
-0.0608473
-0.0635396
-0.0664147
-0.0692906
-0.0724822
-0.0756983
-0.079021
0.0166434
0.0137063
0.00899365
0.00454082
0.000857107
-0.00162538
-0.00287922
-0.00371361
-0.00481098
-0.00611516
-0.00737085
-0.00854888
-0.00973631
-0.0109541
-0.0121922
-0.0134413
-0.0146367
-0.0157495
-0.0169154
-0.0181489
-0.0193571
-0.0205709
-0.0218438
-0.0231343
-0.0244461
-0.0258098
-0.0272181
-0.0287012
-0.0302289
-0.0318071
-0.0333928
-0.0350278
-0.0367664
-0.0386113
-0.0404856
-0.042423
-0.0444554
-0.0465298
-0.0487243
-0.0509482
-0.0533218
-0.0557123
-0.0582524
-0.0608465
-0.0635388
-0.0664139
-0.0692894
-0.0724805
-0.0756958
-0.0790212
0.0161233
0.0134353
0.00899855
0.00466137
0.000948882
-0.00160716
-0.00288858
-0.0037207
-0.0048121
-0.00611411
-0.00736895
-0.0085459
-0.0097324
-0.0109488
-0.0121846
-0.013432
-0.0146285
-0.0157441
-0.0169116
-0.0181447
-0.0193529
-0.0205677
-0.021841
-0.0231315
-0.0244436
-0.025808
-0.0272166
-0.0286991
-0.0302265
-0.0318046
-0.0333909
-0.0350275
-0.036766
-0.0386099
-0.0404844
-0.0424222
-0.0444545
-0.046529
-0.0487235
-0.0509473
-0.0533209
-0.0557114
-0.0582515
-0.0608456
-0.063538
-0.0664129
-0.0692881
-0.0724787
-0.0756933
-0.0790213
0.0156196
0.013161
0.0089856
0.00476955
0.00104315
-0.0015866
-0.00290196
-0.00373176
-0.004814
-0.0061125
-0.00736672
-0.00854292
-0.00972854
-0.0109435
-0.0121768
-0.0134225
-0.0146201
-0.0157386
-0.0169077
-0.0181404
-0.0193486
-0.0205643
-0.0218381
-0.0231286
-0.024441
-0.0258062
-0.027215
-0.0286969
-0.0302239
-0.0318021
-0.0333889
-0.0350271
-0.0367655
-0.0386085
-0.0404832
-0.0424214
-0.0444536
-0.0465281
-0.0487227
-0.0509465
-0.05332
-0.0557104
-0.0582506
-0.0608448
-0.0635371
-0.066412
-0.0692868
-0.0724769
-0.0756908
-0.0790214
0.0151282
0.0128845
0.00895468
0.00486472
0.00113951
-0.00156157
-0.00291852
-0.00374819
-0.00481868
-0.00611169
-0.00736498
-0.00854047
-0.00972508
-0.0109384
-0.0121692
-0.0134132
-0.0146118
-0.0157331
-0.0169037
-0.018136
-0.0193442
-0.020561
-0.0218351
-0.0231257
-0.0244384
-0.0258043
-0.0272133
-0.0286947
-0.0302213
-0.0317995
-0.0333869
-0.0350267
-0.0367651
-0.0386071
-0.040482
-0.0424205
-0.0444526
-0.0465273
-0.0487219
-0.0509456
-0.053319
-0.0557094
-0.0582496
-0.0608438
-0.0635362
-0.066411
-0.0692854
-0.0724751
-0.0756882
-0.0790214
0.0146607
0.0126184
0.00891359
0.00495143
0.0012381
-0.00153088
-0.00293665
-0.00376895
-0.00482525
-0.00611049
-0.00736251
-0.00853748
-0.00972122
-0.0109329
-0.0121613
-0.0134036
-0.0146033
-0.0157273
-0.0168996
-0.0181316
-0.0193398
-0.0205575
-0.0218321
-0.0231227
-0.0244357
-0.0258024
-0.0272116
-0.0286924
-0.0302187
-0.0317969
-0.0333849
-0.0350263
-0.0367646
-0.0386056
-0.0404807
-0.0424196
-0.0444516
-0.0465264
-0.048721
-0.0509447
-0.053318
-0.0557084
-0.0582486
-0.0608429
-0.0635353
-0.0664099
-0.069284
-0.0724732
-0.0756856
-0.0790214
0.0142068
0.0123512
0.00885712
0.00501983
0.00133238
-0.00149588
-0.00295623
-0.00379399
-0.00483403
-0.00610931
-0.00735965
-0.00853443
-0.00971745
-0.0109275
-0.0121534
-0.013394
-0.0145946
-0.0157214
-0.0168954
-0.018127
-0.0193352
-0.020554
-0.021829
-0.0231195
-0.0244329
-0.0258003
-0.0272098
-0.02869
-0.0302159
-0.0317942
-0.0333828
-0.0350258
-0.0367641
-0.0386042
-0.0404794
-0.0424187
-0.0444506
-0.0465254
-0.0487201
-0.0509437
-0.053317
-0.0557074
-0.0582476
-0.0608419
-0.0635343
-0.0664088
-0.0692824
-0.0724713
-0.0756829
-0.0790214
0.0137671
0.012083
0.00878466
0.00506652
0.00142242
-0.00145551
-0.00297692
-0.00382528
-0.00484785
-0.00611019
-0.0073576
-0.00853211
-0.00971441
-0.0109226
-0.0121458
-0.0133847
-0.0145861
-0.0157156
-0.0168912
-0.0181224
-0.0193307
-0.0205504
-0.0218258
-0.0231164
-0.02443
-0.0257982
-0.027208
-0.0286875
-0.0302131
-0.0317914
-0.0333807
-0.0350253
-0.0367636
-0.0386027
-0.0404781
-0.0424178
-0.0444495
-0.0465244
-0.0487191
-0.0509427
-0.0533159
-0.0557063
-0.0582465
-0.0608409
-0.0635332
-0.0664077
-0.0692808
-0.0724693
-0.0756802
-0.0790212
0.0133638
0.0118361
0.00870782
0.00510961
0.00151015
-0.00140836
-0.00299625
-0.00386046
-0.00486484
-0.00611141
-0.00735452
-0.00852858
-0.00971044
-0.0109171
-0.0121378
-0.0133751
-0.0145775
-0.0157096
-0.0168867
-0.0181178
-0.019326
-0.0205467
-0.0218226
-0.0231131
-0.0244271
-0.0257961
-0.0272061
-0.028685
-0.0302102
-0.0317885
-0.0333785
-0.0350248
-0.0367631
-0.0386011
-0.0404767
-0.0424168
-0.0444484
-0.0465234
-0.0487181
-0.0509417
-0.0533148
-0.0557051
-0.0582454
-0.0608398
-0.0635321
-0.0664065
-0.0692791
-0.0724673
-0.0756774
-0.079021
0.012973
0.0115886
0.00861531
0.00512829
0.00158779
-0.00135689
-0.00301317
-0.00389851
-0.0048853
-0.0061142
-0.00735168
-0.0085252
-0.00970681
-0.0109118
-0.01213
-0.0133655
-0.0145687
-0.0157033
-0.0168822
-0.018113
-0.0193212
-0.0205429
-0.0218192
-0.0231097
-0.0244241
-0.0257938
-0.027204
-0.0286824
-0.0302072
-0.0317856
-0.0333763
-0.0350242
-0.0367625
-0.0385995
-0.0404753
-0.0424157
-0.0444472
-0.0465224
-0.0487171
-0.0509406
-0.0533136
-0.0557039
-0.0582442
-0.0608387
-0.063531
-0.0664053
-0.0692774
-0.0724653
-0.0756746
-0.0790208
0.0126008
0.0113352
0.00850803
0.0051197
0.0016551
-0.00130357
-0.00302956
-0.00394231
-0.00491231
-0.00612062
-0.00735009
-0.00852234
-0.00970372
-0.0109072
-0.0121226
-0.0133564
-0.0145603
-0.0156973
-0.0168777
-0.0181083
-0.0193164
-0.0205391
-0.0218159
-0.0231063
-0.024421
-0.0257915
-0.027202
-0.0286797
-0.0302042
-0.0317826
-0.033374
-0.0350235
-0.0367618
-0.0385979
-0.0404738
-0.0424147
-0.044446
-0.0465213
-0.048716
-0.0509395
-0.0533124
-0.0557027
-0.058243
-0.0608376
-0.0635298
-0.0664041
-0.0692755
-0.0724632
-0.0756718
-0.0790205
0.0123023
0.0111104
0.00840042
0.00511464
0.00171414
-0.00124762
-0.00304256
-0.00398816
-0.00494303
-0.0061289
-0.00734815
-0.00851803
-0.00969926
-0.0109017
-0.0121149
-0.013347
-0.0145516
-0.015691
-0.0168731
-0.0181034
-0.0193116
-0.0205352
-0.0218124
-0.0231029
-0.0244179
-0.0257892
-0.0271998
-0.028677
-0.0302011
-0.0317796
-0.0333717
-0.0350228
-0.0367611
-0.0385963
-0.0404723
-0.0424135
-0.0444448
-0.0465201
-0.0487149
-0.0509384
-0.0533112
-0.0557015
-0.0582417
-0.0608364
-0.0635285
-0.0664028
-0.0692735
-0.0724611
-0.075669
-0.0790201
0.0120405
0.0108932
0.0082801
0.00508617
0.0017588
-0.00119069
-0.00304996
-0.00403363
-0.00497693
-0.00614039
-0.00734801
-0.00851452
-0.00969534
-0.0108968
-0.0121076
-0.0133379
-0.014543
-0.0156846
-0.0168683
-0.0180985
-0.0193067
-0.0205312
-0.0218088
-0.0230992
-0.0244147
-0.0257867
-0.0271975
-0.0286741
-0.0301979
-0.0317765
-0.0333693
-0.0350221
-0.0367604
-0.0385947
-0.0404708
-0.0424124
-0.0444435
-0.046519
-0.0487137
-0.0509372
-0.0533099
-0.0557001
-0.0582404
-0.0608352
-0.0635272
-0.0664014
-0.0692715
-0.072459
-0.0756661
-0.0790196
0.0117578
0.0106666
0.00815066
0.00501663
0.00179195
-0.00113717
-0.00305562
-0.00408249
-0.00501731
-0.0061569
-0.0073502
-0.0085114
-0.00969101
-0.0108916
-0.0121004
-0.0133291
-0.0145347
-0.0156784
-0.0168636
-0.0180936
-0.0193017
-0.0205272
-0.0218053
-0.0230956
-0.0244114
-0.0257841
-0.0271952
-0.0286712
-0.0301946
-0.0317733
-0.0333668
-0.0350213
-0.0367596
-0.038593
-0.0404692
-0.0424112
-0.0444422
-0.0465177
-0.0487125
-0.0509359
-0.0533086
-0.0556988
-0.058239
-0.0608339
-0.0635258
-0.0664
-0.0692693
-0.0724568
-0.0756632
-0.079019
0.0114387
0.0104397
0.00802271
0.0049693
0.00181112
-0.00109054
-0.00305972
-0.00413147
-0.00506055
-0.00617618
-0.00735373
-0.00850817
-0.00968601
-0.010886
-0.0120933
-0.0133206
-0.0145265
-0.0156721
-0.0168587
-0.0180887
-0.0192968
-0.0205232
-0.0218017
-0.0230919
-0.0244081
-0.0257815
-0.0271928
-0.0286682
-0.0301913
-0.03177
-0.0333643
-0.0350204
-0.0367588
-0.0385912
-0.0404675
-0.0424099
-0.0444408
-0.0465165
-0.0487113
-0.0509346
-0.0533072
-0.0556974
-0.0582376
-0.0608326
-0.0635244
-0.0663986
-0.0692671
-0.0724546
-0.0756603
-0.0790184
0.0111011
0.0102179
0.00789207
0.00490805
0.00181504
-0.00104942
-0.00305883
-0.00417797
-0.00510607
-0.00619913
-0.00736008
-0.00850642
-0.0096815
-0.0108805
-0.0120863
-0.0133122
-0.0145183
-0.0156658
-0.0168539
-0.0180838
-0.0192919
-0.020519
-0.0217979
-0.0230881
-0.0244047
-0.0257788
-0.0271902
-0.0286651
-0.0301878
-0.0317667
-0.0333618
-0.0350194
-0.0367579
-0.0385895
-0.0404658
-0.0424086
-0.0444393
-0.0465151
-0.04871
-0.0509333
-0.0533058
-0.0556959
-0.0582362
-0.0608312
-0.0635229
-0.0663971
-0.0692647
-0.0724523
-0.0756574
-0.0790176
0.010773
0.00999451
0.00775664
0.00484116
0.00180844
-0.00101471
-0.00305717
-0.00422494
-0.00515576
-0.00622679
-0.0073698
-0.00850601
-0.00967669
-0.0108742
-0.0120789
-0.013304
-0.0145106
-0.0156597
-0.016849
-0.0180788
-0.0192868
-0.0205148
-0.0217942
-0.0230842
-0.0244011
-0.025776
-0.0271876
-0.028662
-0.0301843
-0.0317633
-0.0333592
-0.0350184
-0.036757
-0.0385877
-0.0404641
-0.0424073
-0.0444378
-0.0465138
-0.0487086
-0.0509319
-0.0533043
-0.0556944
-0.0582346
-0.0608298
-0.0635213
-0.0663956
-0.0692623
-0.07245
-0.0756545
-0.0790168
0.0104456
0.00976406
0.00761862
0.00476895
0.00178801
-0.00099158
-0.00305711
-0.00427111
-0.00520735
-0.00625768
-0.00738213
-0.00850692
-0.00967214
-0.0108679
-0.0120716
-0.0132962
-0.014503
-0.0156535
-0.0168441
-0.0180739
-0.0192819
-0.0205107
-0.0217904
-0.0230802
-0.0243976
-0.0257732
-0.0271849
-0.0286588
-0.0301807
-0.0317599
-0.0333565
-0.0350173
-0.036756
-0.0385858
-0.0404623
-0.0424058
-0.0444363
-0.0465123
-0.0487072
-0.0509305
-0.0533027
-0.0556929
-0.058233
-0.0608284
-0.0635196
-0.066394
-0.0692597
-0.0724477
-0.0756516
-0.0790159
0.0101097
0.00952988
0.00747641
0.00468915
0.00175512
-0.000978763
-0.003057
-0.00431541
-0.00526081
-0.00629214
-0.00739763
-0.00851001
-0.00966856
-0.0108616
-0.0120641
-0.0132882
-0.0144956
-0.0156477
-0.0168394
-0.018069
-0.0192769
-0.0205064
-0.0217865
-0.0230763
-0.024394
-0.0257702
-0.027182
-0.0286554
-0.030177
-0.0317563
-0.0333538
-0.0350162
-0.0367549
-0.038584
-0.0404604
-0.0424044
-0.0444347
-0.0465108
-0.0487057
-0.0509289
-0.0533011
-0.0556913
-0.0582314
-0.0608269
-0.0635179
-0.0663923
-0.0692571
-0.0724453
-0.0756487
-0.0790149
0.00977488
0.00929276
0.00732655
0.00460278
0.00171318
-0.000975515
-0.00305929
-0.00435904
-0.00531594
-0.00633012
-0.00741677
-0.00851569
-0.00966594
-0.010855
-0.0120562
-0.0132805
-0.0144888
-0.0156421
-0.0168346
-0.0180641
-0.019272
-0.0205022
-0.0217827
-0.0230722
-0.0243902
-0.0257671
-0.0271791
-0.028652
-0.0301732
-0.0317527
-0.033351
-0.0350149
-0.0367538
-0.0385821
-0.0404585
-0.0424028
-0.044433
-0.0465093
-0.0487042
-0.0509274
-0.0532995
-0.0556896
-0.0582297
-0.0608253
-0.063516
-0.0663906
-0.0692544
-0.0724429
-0.0756458
-0.0790137
0.00944102
0.00905048
0.00716865
0.00451083
0.00166204
-0.000983596
-0.00306566
-0.00440219
-0.00537272
-0.00637166
-0.00743923
-0.00852362
-0.00966439
-0.0108488
-0.0120484
-0.0132729
-0.0144821
-0.0156365
-0.0168299
-0.0180594
-0.0192672
-0.0204979
-0.0217787
-0.0230681
-0.0243864
-0.025764
-0.0271761
-0.0286485
-0.0301693
-0.0317491
-0.0333482
-0.0350136
-0.0367526
-0.0385801
-0.0404566
-0.0424013
-0.0444313
-0.0465077
-0.0487026
-0.0509258
-0.0532978
-0.0556879
-0.0582279
-0.0608237
-0.0635141
-0.0663889
-0.0692515
-0.0724404
-0.075643
-0.0790125
0.00910619
0.0088049
0.00700294
0.00441251
0.00160242
-0.00100283
-0.00307701
-0.00444553
-0.00543081
-0.00641583
-0.00746452
-0.00853424
-0.00966477
-0.0108434
-0.0120404
-0.0132648
-0.0144754
-0.0156313
-0.0168256
-0.0180548
-0.0192623
-0.0204936
-0.0217748
-0.023064
-0.0243826
-0.0257607
-0.0271729
-0.0286449
-0.0301654
-0.0317453
-0.0333452
-0.0350122
-0.0367513
-0.0385781
-0.0404546
-0.0423996
-0.0444295
-0.046506
-0.048701
-0.0509241
-0.053296
-0.0556862
-0.0582261
-0.060822
-0.0635121
-0.066387
-0.0692486
-0.0724379
-0.0756401
-0.0790111
0.00876938
0.00855553
0.00682854
0.0043071
0.00153551
-0.00103279
-0.00309437
-0.00448923
-0.00548955
-0.00646273
-0.00749347
-0.00854816
-0.00966712
-0.0108384
-0.0120321
-0.0132566
-0.0144691
-0.0156265
-0.0168213
-0.0180503
-0.0192577
-0.0204895
-0.0217709
-0.0230597
-0.0243786
-0.0257573
-0.0271697
-0.0286412
-0.0301613
-0.0317415
-0.0333422
-0.0350107
-0.0367499
-0.0385761
-0.0404525
-0.0423979
-0.0444277
-0.0465043
-0.0486992
-0.0509223
-0.0532942
-0.0556844
-0.0582242
-0.0608203
-0.06351
-0.0663852
-0.0692456
-0.0724353
-0.0756373
-0.0790096
0.00843057
0.0083036
0.00664499
0.00419323
0.00146119
-0.00107324
-0.00311817
-0.00453378
-0.00554948
-0.00651282
-0.00752589
-0.00856467
-0.00967116
-0.0108346
-0.0120243
-0.0132487
-0.0144629
-0.0156217
-0.0168172
-0.0180461
-0.0192531
-0.0204852
-0.0217668
-0.0230555
-0.0243746
-0.0257539
-0.0271664
-0.0286374
-0.0301572
-0.0317376
-0.0333392
-0.0350091
-0.0367485
-0.038574
-0.0404504
-0.0423961
-0.0444257
-0.0465025
-0.0486975
-0.0509205
-0.0532923
-0.0556825
-0.0582222
-0.0608185
-0.0635079
-0.0663832
-0.0692425
-0.0724327
-0.0756345
-0.0790081
0.008093
0.00804976
0.0064522
0.00407023
0.00138028
-0.00112327
-0.00314915
-0.00458032
-0.00561081
-0.00656535
-0.00756107
-0.0085841
-0.0096779
-0.0108327
-0.0120171
-0.0132403
-0.0144564
-0.0156173
-0.0168136
-0.0180422
-0.0192487
-0.020481
-0.021763
-0.0230513
-0.0243705
-0.0257503
-0.0271629
-0.0286336
-0.030153
-0.0317336
-0.0333361
-0.0350075
-0.036747
-0.0385719
-0.0404482
-0.0423943
-0.0444237
-0.0465007
-0.0486956
-0.0509186
-0.0532903
-0.0556805
-0.0582201
-0.0608166
-0.0635056
-0.0663812
-0.0692393
-0.07243
-0.0756318
-0.0790064
0.00775837
0.00779416
0.00625078
0.00393753
0.00129331
-0.00118248
-0.00318862
-0.00462955
-0.00567312
-0.00662025
-0.00759958
-0.008607
-0.00968729
-0.010832
-0.0120101
-0.0132319
-0.0144502
-0.0156132
-0.01681
-0.0180384
-0.0192445
-0.020477
-0.021759
-0.023047
-0.0243663
-0.0257467
-0.0271594
-0.0286297
-0.0301486
-0.0317296
-0.0333329
-0.0350057
-0.0367453
-0.0385697
-0.040446
-0.0423923
-0.0444217
-0.0464987
-0.0486937
-0.0509167
-0.0532883
-0.0556785
-0.058218
-0.0608147
-0.0635033
-0.0663791
-0.0692361
-0.0724273
-0.075629
-0.0790046
0.007426
0.00753758
0.00604134
0.00379412
0.00119956
-0.00125081
-0.00323698
-0.0046816
-0.00573648
-0.0066779
-0.00764156
-0.00863283
-0.00969885
-0.010833
-0.0120045
-0.0132241
-0.0144438
-0.0156089
-0.0168067
-0.0180351
-0.0192408
-0.020473
-0.021755
-0.0230427
-0.0243621
-0.0257429
-0.0271557
-0.0286256
-0.0301442
-0.0317255
-0.0333296
-0.0350038
-0.0367436
-0.0385675
-0.0404437
-0.0423903
-0.0444195
-0.0464967
-0.0486917
-0.0509147
-0.0532862
-0.0556764
-0.0582158
-0.0608127
-0.0635008
-0.066377
-0.0692327
-0.0724245
-0.0756263
-0.0790027
0.00709513
0.00728093
0.00582529
0.00363903
0.0010986
-0.00132676
-0.00329383
-0.00473744
-0.00580162
-0.00673832
-0.0076866
-0.00866147
-0.00971321
-0.0108365
-0.0120003
-0.0132164
-0.0144371
-0.0156047
-0.0168039
-0.0180322
-0.019237
-0.0204691
-0.0217512
-0.0230384
-0.0243578
-0.025739
-0.0271519
-0.0286215
-0.0301398
-0.0317213
-0.0333262
-0.0350018
-0.0367419
-0.0385652
-0.0404414
-0.0423882
-0.0444173
-0.0464946
-0.0486896
-0.0509126
-0.053284
-0.0556743
-0.0582135
-0.0608107
-0.0634983
-0.0663747
-0.0692293
-0.0724217
-0.0756236
-0.0790007
0.00676654
0.00702521
0.00560378
0.00347162
0.000990226
-0.00140948
-0.00336003
-0.00479851
-0.00586863
-0.00680101
-0.00773454
-0.00869342
-0.00973077
-0.0108421
-0.0119972
-0.0132094
-0.0144309
-0.0156007
-0.016801
-0.0180294
-0.0192339
-0.0204656
-0.0217475
-0.0230342
-0.0243533
-0.025735
-0.027148
-0.0286173
-0.0301352
-0.031717
-0.0333229
-0.0349998
-0.0367399
-0.0385628
-0.040439
-0.0423861
-0.044415
-0.0464925
-0.0486875
-0.0509104
-0.0532817
-0.055672
-0.0582111
-0.0608086
-0.0634957
-0.0663724
-0.0692258
-0.0724188
-0.075621
-0.0789985
0.00643772
0.00676967
0.00537796
0.00329162
0.000873237
-0.00149846
-0.00343561
-0.00486541
-0.00593711
-0.00686586
-0.00778607
-0.00872879
-0.00975107
-0.0108497
-0.0119957
-0.0132036
-0.0144249
-0.0155962
-0.0167982
-0.0180274
-0.0192311
-0.020462
-0.0217438
-0.0230299
-0.0243489
-0.0257309
-0.027144
-0.028613
-0.0301305
-0.0317127
-0.0333193
-0.0349976
-0.0367379
-0.0385604
-0.0404365
-0.0423838
-0.0444126
-0.0464902
-0.0486853
-0.0509081
-0.0532794
-0.0556697
-0.0582087
-0.0608063
-0.063493
-0.06637
-0.0692223
-0.0724158
-0.0756183
-0.0789963
0.00610748
0.00651401
0.0051499
0.0030995
0.000746191
-0.00159313
-0.00351994
-0.00493896
-0.00600767
-0.00693332
-0.00784137
-0.00876709
-0.00977397
-0.0108601
-0.0119964
-0.0131989
-0.0144191
-0.0155918
-0.0167957
-0.0180257
-0.0192286
-0.0204588
-0.0217403
-0.0230258
-0.0243444
-0.0257267
-0.0271399
-0.0286086
-0.0301257
-0.0317083
-0.0333158
-0.0349953
-0.0367358
-0.0385579
-0.0404339
-0.0423814
-0.0444102
-0.0464879
-0.048683
-0.0509057
-0.053277
-0.0556674
-0.0582062
-0.060804
-0.0634902
-0.0663676
-0.0692187
-0.0724128
-0.0756157
-0.078994
0.00577628
0.00625764
0.00492117
0.00289632
0.000607217
-0.00169344
-0.00361175
-0.00502023
-0.00608164
-0.00700297
-0.0078997
-0.00880859
-0.00980016
-0.0108733
-0.0119986
-0.0131952
-0.0144143
-0.0155875
-0.0167928
-0.0180242
-0.0192268
-0.0204559
-0.021737
-0.0230217
-0.0243398
-0.0257223
-0.0271358
-0.0286041
-0.0301208
-0.0317038
-0.0333122
-0.0349929
-0.0367336
-0.0385554
-0.0404313
-0.042379
-0.0444076
-0.0464855
-0.0486806
-0.0509033
-0.0532746
-0.0556649
-0.0582036
-0.0608017
-0.0634873
-0.066365
-0.0692151
-0.0724097
-0.0756132
-0.0789916
0.0054438
0.00599864
0.00469221
0.00268299
0.000454658
-0.00179878
-0.0037096
-0.00511042
-0.00615955
-0.00707405
-0.00796134
-0.00885381
-0.00982946
-0.0108891
-0.0120025
-0.0131932
-0.0144108
-0.0155834
-0.0167897
-0.0180231
-0.0192255
-0.0204533
-0.0217337
-0.0230178
-0.0243352
-0.0257178
-0.0271315
-0.0285996
-0.0301159
-0.0316992
-0.0333084
-0.0349904
-0.0367313
-0.0385527
-0.0404286
-0.0423765
-0.0444049
-0.046483
-0.0486781
-0.0509008
-0.0532721
-0.0556623
-0.0582009
-0.0607992
-0.0634843
-0.0663624
-0.0692114
-0.0724066
-0.0756106
-0.0789891
0.00511109
0.00573578
0.0044634
0.00246233
0.000288141
-0.00191076
-0.00381315
-0.00520963
-0.00624196
-0.00714681
-0.00802665
-0.00890273
-0.00986152
-0.0109079
-0.0120091
-0.0131928
-0.0144083
-0.0155796
-0.0167866
-0.0180222
-0.0192245
-0.020451
-0.0217308
-0.0230141
-0.0243306
-0.0257132
-0.027127
-0.0285949
-0.0301109
-0.0316946
-0.0333046
-0.0349878
-0.0367288
-0.03855
-0.0404258
-0.0423738
-0.0444022
-0.0464804
-0.0486755
-0.0508981
-0.0532695
-0.0556597
-0.0581982
-0.0607966
-0.0634812
-0.0663597
-0.0692077
-0.0724034
-0.075608
-0.0789865
0.00477975
0.00546897
0.00423429
0.00223718
0.000106885
-0.00203219
-0.00392032
-0.00531678
-0.00633079
-0.00722174
-0.00809523
-0.00895549
-0.00989642
-0.0109298
-0.0120181
-0.0131935
-0.0144072
-0.0155769
-0.0167833
-0.0180212
-0.0192243
-0.020449
-0.0217279
-0.0230105
-0.024326
-0.0257085
-0.0271226
-0.0285901
-0.0301057
-0.03169
-0.0333008
-0.0349851
-0.0367262
-0.0385472
-0.040423
-0.042371
-0.0443994
-0.0464777
-0.0486729
-0.0508954
-0.0532668
-0.0556569
-0.0581953
-0.060794
-0.0634781
-0.0663569
-0.0692039
-0.0724002
-0.0756055
-0.0789839
0.0044501
0.00519757
0.00400286
0.00200911
-8.86755e-05
-0.00216468
-0.00402961
-0.00543121
-0.00642825
-0.00729909
-0.0081659
-0.0090121
-0.00993458
-0.0109547
-0.0120294
-0.013196
-0.014408
-0.015575
-0.0167797
-0.0180202
-0.0192247
-0.0204477
-0.0217253
-0.0230071
-0.0243215
-0.0257037
-0.027118
-0.0285853
-0.0301004
-0.0316852
-0.0332969
-0.0349823
-0.0367235
-0.0385443
-0.0404201
-0.0423682
-0.0443965
-0.0464749
-0.0486702
-0.0508926
-0.053264
-0.055654
-0.0581924
-0.0607913
-0.0634749
-0.066354
-0.0692001
-0.0723969
-0.075603
-0.0789812
0.00412052
0.00492138
0.00376766
0.00177949
-0.00029636
-0.00231045
-0.00414206
-0.0055516
-0.00653476
-0.00737923
-0.00823828
-0.00907307
-0.00997633
-0.0109826
-0.0120435
-0.0132
-0.01441
-0.0155748
-0.0167767
-0.0180191
-0.0192254
-0.0204469
-0.0217228
-0.0230037
-0.0243171
-0.0256989
-0.0271133
-0.0285804
-0.0300951
-0.0316803
-0.0332928
-0.0349793
-0.0367208
-0.0385413
-0.0404171
-0.0423652
-0.0443935
-0.046472
-0.0486673
-0.0508896
-0.0532612
-0.0556511
-0.0581894
-0.0607885
-0.0634715
-0.0663511
-0.0691962
-0.0723936
-0.0756005
-0.0789784
0.00379008
0.00464132
0.00352754
0.00154873
-0.000513816
-0.00247189
-0.00425923
-0.00567522
-0.00665031
-0.00746386
-0.00831295
-0.00913837
-0.0100209
-0.0110133
-0.012061
-0.0132057
-0.0144137
-0.0155765
-0.016774
-0.0180173
-0.0192264
-0.0204466
-0.0217207
-0.0230007
-0.0243127
-0.0256939
-0.0271086
-0.0285754
-0.0300897
-0.0316755
-0.0332887
-0.0349762
-0.0367178
-0.0385382
-0.0404141
-0.0423621
-0.0443903
-0.046469
-0.0486644
-0.0508866
-0.0532583
-0.0556481
-0.0581863
-0.0607856
-0.063468
-0.066348
-0.0691924
-0.0723903
-0.075598
-0.0789755
0.00345739
0.00435748
0.00328143
0.00131626
-0.000738344
-0.00264965
-0.00438327
-0.00580008
-0.00677535
-0.00755526
-0.00838859
-0.00920688
-0.0100694
-0.0110472
-0.0120818
-0.0132136
-0.0144185
-0.0155796
-0.0167722
-0.0180157
-0.0192276
-0.020447
-0.0217188
-0.0229976
-0.0243084
-0.025689
-0.0271037
-0.0285704
-0.0300842
-0.0316706
-0.0332846
-0.034973
-0.0367146
-0.038535
-0.0404109
-0.0423589
-0.0443872
-0.0464658
-0.0486614
-0.0508835
-0.0532553
-0.0556449
-0.0581831
-0.0607826
-0.0634645
-0.0663449
-0.0691884
-0.0723869
-0.0755955
-0.0789726
0.00312023
0.0040693
0.00302919
0.00108076
-0.000967089
-0.00284274
-0.00451754
-0.00592506
-0.00690855
-0.0076547
-0.00846475
-0.00927851
-0.0101228
-0.0110841
-0.0121054
-0.0132233
-0.014425
-0.015585
-0.0167718
-0.0180139
-0.0192286
-0.0204478
-0.0217173
-0.0229947
-0.0243044
-0.0256843
-0.0270988
-0.0285651
-0.0300787
-0.0316656
-0.0332803
-0.0349697
-0.0367115
-0.0385316
-0.0404076
-0.0423555
-0.0443839
-0.0464627
-0.0486583
-0.0508802
-0.0532522
-0.0556417
-0.0581798
-0.0607795
-0.0634609
-0.0663418
-0.0691845
-0.0723834
-0.075593
-0.0789697
0.00277825
0.00377633
0.00277131
0.00084081
-0.00119825
-0.00304898
-0.00466551
-0.00605017
-0.00704683
-0.0077637
-0.00854383
-0.00935282
-0.0101793
-0.0111235
-0.0121328
-0.0132357
-0.0144329
-0.0155925
-0.0167727
-0.0180118
-0.0192295
-0.0204493
-0.0217164
-0.0229919
-0.0243002
-0.0256796
-0.0270942
-0.0285599
-0.0300729
-0.0316605
-0.0332759
-0.0349663
-0.0367082
-0.0385283
-0.0404043
-0.042352
-0.0443804
-0.0464593
-0.0486551
-0.0508769
-0.053249
-0.0556384
-0.0581764
-0.0607764
-0.0634572
-0.0663386
-0.0691806
-0.07238
-0.0755905
-0.0789667
0.00243192
0.00347809
0.00250837
0.000595184
-0.00143136
-0.00326507
-0.00482971
-0.00617703
-0.0071875
-0.00788341
-0.00862674
-0.00942848
-0.0102397
-0.0111659
-0.0121638
-0.0132509
-0.0144419
-0.0156015
-0.0167758
-0.0180109
-0.01923
-0.0204506
-0.0217159
-0.0229893
-0.0242961
-0.0256748
-0.0270894
-0.0285548
-0.0300674
-0.0316553
-0.0332713
-0.0349627
-0.0367047
-0.0385248
-0.040401
-0.0423485
-0.044377
-0.0464557
-0.0486517
-0.0508734
-0.0532458
-0.0556349
-0.0581729
-0.0607732
-0.0634534
-0.0663353
-0.0691765
-0.0723765
-0.0755881
-0.0789636
0.00208216
0.00317202
0.00224054
0.000343297
-0.0016677
-0.00348777
-0.00501084
-0.00630896
-0.0073286
-0.00801267
-0.00871384
-0.00950546
-0.0103053
-0.0112119
-0.0121971
-0.0132683
-0.0144528
-0.0156129
-0.0167807
-0.0180106
-0.0192307
-0.0204518
-0.0217157
-0.0229869
-0.024292
-0.0256703
-0.0270847
-0.0285494
-0.0300617
-0.0316503
-0.0332668
-0.0349589
-0.036701
-0.038521
-0.0403973
-0.0423447
-0.0443736
-0.0464523
-0.0486482
-0.0508697
-0.0532424
-0.0556314
-0.0581694
-0.0607699
-0.0634496
-0.066332
-0.0691725
-0.0723729
-0.0755856
-0.0789606
0.00173108
0.00285802
0.00196773
8.58854e-05
-0.00190917
-0.00371461
-0.00520769
-0.0064497
-0.00746817
-0.00814991
-0.00880791
-0.0095835
-0.0103737
-0.0112612
-0.0122348
-0.0132891
-0.0144648
-0.0156259
-0.0167873
-0.0180111
-0.0192315
-0.0204534
-0.021716
-0.0229848
-0.0242875
-0.0256656
-0.0270804
-0.0285444
-0.0300558
-0.0316449
-0.0332623
-0.0349552
-0.0366972
-0.0385173
-0.0403937
-0.0423407
-0.0443698
-0.0464486
-0.0486448
-0.0508663
-0.053239
-0.0556277
-0.0581656
-0.0607665
-0.0634456
-0.0663286
-0.0691686
-0.0723694
-0.0755831
-0.0789575
0.00137971
0.0025353
0.00168833
-0.00017585
-0.00215715
-0.00394444
-0.00541758
-0.00660244
-0.00760599
-0.00829363
-0.00891073
-0.00966214
-0.0104438
-0.0113141
-0.0122765
-0.0133137
-0.0144783
-0.0156401
-0.0167961
-0.0180132
-0.0192324
-0.0204541
-0.0217166
-0.0229837
-0.0242834
-0.0256606
-0.0270757
-0.0285392
-0.0300504
-0.0316396
-0.0332572
-0.0349511
-0.0366934
-0.0385135
-0.04039
-0.0423368
-0.0443661
-0.0464446
-0.048641
-0.0508625
-0.0532356
-0.0556241
-0.0581619
-0.060763
-0.0634416
-0.0663251
-0.0691646
-0.0723658
-0.0755806
-0.0789544
0.00102957
0.00220466
0.00139992
-0.000441622
-0.00241261
-0.00417742
-0.00563699
-0.0067702
-0.00774367
-0.00844032
-0.00902215
-0.00974323
-0.0105162
-0.0113697
-0.0123208
-0.0133417
-0.0144945
-0.015657
-0.0168069
-0.0180159
-0.0192337
-0.0204545
-0.0217166
-0.022983
-0.0242798
-0.0256559
-0.0270713
-0.028534
-0.0300444
-0.0316344
-0.0332526
-0.0349469
-0.0366891
-0.0385094
-0.0403861
-0.0423326
-0.0443624
-0.0464408
-0.0486372
-0.0508585
-0.0532318
-0.0556202
-0.0581581
-0.0607596
-0.0634375
-0.0663216
-0.0691606
-0.0723621
-0.0755781
-0.0789513
0.000680791
0.00186844
0.00110059
-0.000712279
-0.00267527
-0.00441529
-0.0058629
-0.00695392
-0.00788383
-0.00858691
-0.00914188
-0.00982808
-0.0105904
-0.0114278
-0.0123684
-0.0133739
-0.0145124
-0.0156754
-0.0168203
-0.0180202
-0.0192352
-0.0204545
-0.0217162
-0.0229824
-0.0242761
-0.0256509
-0.0270675
-0.0285299
-0.0300389
-0.0316284
-0.0332473
-0.0349427
-0.0366849
-0.0385052
-0.0403822
-0.0423283
-0.0443584
-0.0464367
-0.0486334
-0.0508547
-0.0532281
-0.0556162
-0.058154
-0.060756
-0.0634334
-0.0663181
-0.0691566
-0.0723585
-0.0755756
-0.0789481
0.000331411
0.00152782
0.000788481
-0.000989018
-0.00294393
-0.00466027
-0.00609208
-0.00715156
-0.00802986
-0.00873264
-0.00926908
-0.00991657
-0.0106655
-0.0114888
-0.0124196
-0.0134105
-0.0145321
-0.0156945
-0.0168363
-0.0180272
-0.0192382
-0.0204539
-0.0217145
-0.022982
-0.0242731
-0.0256455
-0.0270629
-0.0285257
-0.030034
-0.0316235
-0.0332422
-0.0349379
-0.0366802
-0.038501
-0.040378
-0.0423239
-0.0443545
-0.0464326
-0.0486293
-0.0508506
-0.0532243
-0.0556123
-0.05815
-0.0607523
-0.0634291
-0.0663144
-0.0691527
-0.0723549
-0.0755732
-0.078945
-1.98159e-05
0.00118441
0.00046324
-0.00127551
-0.00321885
-0.00491431
-0.00632357
-0.00736044
-0.0081843
-0.00887609
-0.00940159
-0.0100101
-0.0107426
-0.0115523
-0.0124729
-0.0134512
-0.0145544
-0.0157146
-0.0168538
-0.018035
-0.0192422
-0.0204548
-0.0217129
-0.0229816
-0.0242707
-0.02564
-0.0270579
-0.0285213
-0.0300284
-0.0316176
-0.0332374
-0.0349339
-0.0366757
-0.0384965
-0.0403738
-0.0423192
-0.0443503
-0.0464282
-0.0486252
-0.0508465
-0.0532202
-0.0556082
-0.0581459
-0.0607487
-0.0634249
-0.0663107
-0.0691487
-0.0723512
-0.0755707
-0.0789419
-0.000373487
0.000840048
0.000128479
-0.00157446
-0.0035
-0.00517788
-0.00655917
-0.00757798
-0.00834904
-0.00901713
-0.00953679
-0.0101095
-0.0108219
-0.0116182
-0.0125284
-0.0134975
-0.014581
-0.0157349
-0.0168721
-0.0180435
-0.0192453
-0.0204546
-0.0217113
-0.0229822
-0.0242696
-0.0256352
-0.0270531
-0.0285177
-0.0300237
-0.0316114
-0.0332311
-0.0349287
-0.0366711
-0.0384923
-0.0403696
-0.0423148
-0.0443463
-0.0464237
-0.0486208
-0.0508422
-0.0532161
-0.055604
-0.0581415
-0.0607449
-0.0634207
-0.0663071
-0.0691449
-0.0723476
-0.0755682
-0.0789388
-0.000736984
0.000490052
-0.000214869
-0.00188682
-0.00378782
-0.00545067
-0.00679955
-0.00779995
-0.00852394
-0.00915691
-0.00967195
-0.010213
-0.0109026
-0.0116872
-0.0125867
-0.0135485
-0.0146123
-0.0157568
-0.016893
-0.0180546
-0.0192491
-0.0204533
-0.0217067
-0.0229805
-0.0242687
-0.0256312
-0.0270485
-0.0285143
-0.0300197
-0.0316063
-0.0332259
-0.0349235
-0.0366654
-0.0384872
-0.040365
-0.04231
-0.0443423
-0.0464194
-0.0486168
-0.050838
-0.0532118
-0.0555997
-0.0581372
-0.0607411
-0.0634162
-0.0663033
-0.0691411
-0.072344
-0.0755659
-0.0789358
-0.00110964
0.000130804
-0.000568145
-0.00221571
-0.00408566
-0.00573234
-0.00704715
-0.00802492
-0.00870832
-0.009297
-0.00980459
-0.0103196
-0.0109845
-0.0117585
-0.0126466
-0.0136025
-0.0146483
-0.0157798
-0.0169148
-0.0180676
-0.0192541
-0.0204539
-0.0217036
-0.0229784
-0.0242668
-0.0256266
-0.0270429
-0.0285103
-0.0300156
-0.0316005
-0.0332201
-0.0349189
-0.0366609
-0.0384825
-0.0403602
-0.042305
-0.0443378
-0.0464145
-0.0486122
-0.0508337
-0.0532077
-0.0555955
-0.0581328
-0.0607373
-0.063412
-0.0662995
-0.0691372
-0.0723402
-0.0755632
-0.0789328
-0.00149007
-0.000238025
-0.000930387
-0.00256157
-0.00439709
-0.00602224
-0.00730221
-0.00825074
-0.00889897
-0.00943893
-0.00993423
-0.0104303
-0.0110692
-0.0118324
-0.0127083
-0.0136586
-0.0146899
-0.0158048
-0.016936
-0.0180812
-0.0192586
-0.0204531
-0.0217004
-0.0229777
-0.0242669
-0.0256234
-0.0270373
-0.0285057
-0.0300114
-0.031595
-0.0332139
-0.0349128
-0.0366553
-0.0384781
-0.0403559
-0.0423004
-0.0443339
-0.0464099
-0.0486078
-0.0508292
-0.0532032
-0.0555912
-0.0581285
-0.0607336
-0.0634077
-0.0662959
-0.0691335
-0.0723367
-0.0755606
-0.0789288
-0.00188375
-0.000623704
-0.0013051
-0.00292339
-0.00472481
-0.00632219
-0.0075666
-0.00847613
-0.00909087
-0.00958233
-0.0100587
-0.0105423
-0.0111567
-0.0119084
-0.0127731
-0.0137162
-0.0147344
-0.0158312
-0.0169566
-0.0180958
-0.0192643
-0.0204526
-0.0216963
-0.0229748
-0.0242661
-0.0256216
-0.0270333
-0.0285016
-0.0300072
-0.0315892
-0.0332074
-0.0349067
-0.0366492
-0.0384721
-0.0403504
-0.0422953
-0.0443296
-0.0464053
-0.0486037
-0.0508254
-0.0531993
-0.0555873
-0.0581244
-0.0607302
-0.0634039
-0.0662925
-0.0691304
-0.0723336
-0.0755588
-0.0789276
-0.00229336
-0.00103164
-0.00169996
-0.00330328
-0.00506979
-0.00663092
-0.00783828
-0.00870235
-0.00928247
-0.00972897
-0.0101804
-0.0106566
-0.0112504
-0.0119893
-0.0128433
-0.0137762
-0.0147823
-0.01586
-0.0169751
-0.0181088
-0.0192696
-0.0204522
-0.0216937
-0.0229734
-0.0242654
-0.0256196
-0.0270293
-0.0284976
-0.0300037
-0.0315844
-0.033201
-0.0348999
-0.0366431
-0.0384668
-0.0403446
-0.042289
-0.0443237
-0.0463986
-0.0485972
-0.050819
-0.053193
-0.0555815
-0.0581185
-0.0607251
-0.0633984
-0.0662877
-0.0691257
-0.072329
-0.075555
-0.0789218
-0.00272291
-0.00146568
-0.00212013
-0.00370477
-0.00543325
-0.00694556
-0.00810595
-0.00891553
-0.00945707
-0.00986662
-0.0102938
-0.0107677
-0.0113489
-0.012075
-0.0129189
-0.0138399
-0.014834
-0.0158932
-0.0169944
-0.0181216
-0.0192754
-0.0204515
-0.0216901
-0.0229719
-0.0242666
-0.0256204
-0.0270274
-0.0284946
-0.0300007
-0.031581
-0.0331972
-0.0348957
-0.0366392
-0.0384636
-0.0403421
-0.0422867
-0.0443221
-0.0463965
-0.0485956
-0.0508173
-0.0531908
-0.0555793
-0.0581162
-0.0607233
-0.0633962
-0.0662858
-0.0691242
-0.0723274
-0.0755545
-0.0789222
-0.00320175
-0.00195486
-0.00260147
-0.00415694
-0.00583213
-0.00727622
-0.00837386
-0.00911915
-0.00961318
-0.00998779
-0.0103907
-0.010864
-0.0114397
-0.0121543
-0.012989
-0.0138975
-0.0148781
-0.0159188
-0.0170039
-0.018125
-0.019275
-0.0204462
-0.021682
-0.0229645
-0.0242604
-0.0256144
-0.02702
-0.028486
-0.0299919
-0.0315719
-0.0331869
-0.034885
-0.0366293
-0.0384545
-0.0403325
-0.042277
-0.0443128
-0.0463869
-0.0485866
-0.0508088
-0.0531825
-0.0555717
-0.0581086
-0.0607167
-0.0633895
-0.0662799
-0.0691186
-0.0723218
-0.0755497
-0.0789151
-0.00368129
-0.00248868
-0.00315177
-0.00467849
-0.00629003
-0.00765043
-0.00866762
-0.00934324
-0.00978884
-0.0101378
-0.0105247
-0.0109977
-0.0115702
-0.0122691
-0.0130882
-0.0139792
-0.0149419
-0.0159634
-0.0170294
-0.0181409
-0.0192875
-0.0204541
-0.0216867
-0.0229707
-0.0242684
-0.0256209
-0.0270236
-0.0284878
-0.029993
-0.0315731
-0.0331878
-0.0348838
-0.0366279
-0.0384541
-0.0403328
-0.0422771
-0.044313
-0.0463864
-0.0485863
-0.0508079
-0.0531812
-0.0555704
-0.0581073
-0.0607159
-0.0633883
-0.0662788
-0.0691181
-0.072321
-0.0755498
-0.0789161
-0.00411214
-0.00296535
-0.00364277
-0.00513139
-0.00666435
-0.00792322
-0.0088446
-0.00945089
-0.00985931
-0.0102038
-0.0105979
-0.0110817
-0.011662
-0.0123504
-0.0131533
-0.0140274
-0.0149716
-0.0159766
-0.0170272
-0.0181313
-0.0192787
-0.0204442
-0.0216729
-0.0229571
-0.0242575
-0.025611
-0.0270129
-0.028476
-0.0299797
-0.0315603
-0.0331755
-0.0348714
-0.0366163
-0.0384433
-0.0403222
-0.0422665
-0.044303
-0.0463765
-0.0485774
-0.0507997
-0.053173
-0.0555631
-0.0580998
-0.0607094
-0.0633819
-0.0662732
-0.0691128
-0.0723159
-0.0755452
-0.0789098
-0.00517464
-0.00403616
-0.00459564
-0.00590195
-0.00724006
-0.00832078
-0.0090989
-0.00961854
-0.00998891
-0.0103344
-0.0107408
-0.0112294
-0.0118084
-0.0124777
-0.013254
-0.0141059
-0.0150273
-0.0160143
-0.0170498
-0.0181431
-0.0192901
-0.0204556
-0.0216806
-0.0229646
-0.0242661
-0.0256164
-0.0270157
-0.0284783
-0.0299803
-0.0315607
-0.0331762
-0.0348694
-0.036613
-0.0384415
-0.0403214
-0.0422648
-0.0443008
-0.0463737
-0.0485747
-0.0507964
-0.0531693
-0.05556
-0.058097
-0.0607073
-0.0633795
-0.0662711
-0.0691113
-0.072314
-0.075544
-0.0789079
-0.00517177
-0.00454979
-0.00528277
-0.0064893
-0.00763061
-0.00853447
-0.00919003
-0.00966779
-0.0100513
-0.0104278
-0.0108587
-0.0113531
-0.0119299
-0.0125822
-0.013329
-0.0141574
-0.0150566
-0.0160277
-0.0170547
-0.0181393
-0.0192856
-0.0204534
-0.0216733
-0.0229557
-0.0242609
-0.0256117
-0.0270094
-0.0284713
-0.0299708
-0.0315508
-0.0331687
-0.0348623
-0.0366053
-0.038434
-0.0403149
-0.0422584
-0.0442946
-0.0463681
-0.0485701
-0.0507922
-0.0531649
-0.0555559
-0.0580927
-0.0607037
-0.0633763
-0.0662682
-0.0691092
-0.0723116
-0.0755427
-0.0789074
-0.00760853
-0.00639401
-0.00649674
-0.00714063
-0.0078756
-0.00854515
-0.00912725
-0.00963993
-0.0100984
-0.010535
-0.0109909
-0.01148
-0.0120425
-0.0126737
-0.0133896
-0.0141949
-0.0150754
-0.0160315
-0.0170537
-0.0181319
-0.0192775
-0.0204512
-0.0216691
-0.0229494
-0.0242564
-0.0256041
-0.0269997
-0.0284637
-0.029962
-0.0315412
-0.0331606
-0.0348526
-0.0365936
-0.0384239
-0.0403068
-0.0422491
-0.0442846
-0.0463578
-0.0485603
-0.0507821
-0.0531549
-0.0555474
-0.0580849
-0.0606971
-0.0633697
-0.0662627
-0.0691043
-0.0723067
-0.0755376
-0.0788983
-0.00961736
-0.00937471
-0.00876789
-0.00834849
-0.00829427
-0.0085935
-0.00908782
-0.00963581
-0.0101773
-0.010686
-0.0111734
-0.0116597
-0.0122017
-0.0128054
-0.0134848
-0.0142611
-0.0151207
-0.0160603
-0.0170781
-0.0181498
-0.0192902
-0.0204668
-0.02168
-0.0229552
-0.024265
-0.0256123
-0.0270046
-0.0284681
-0.029964
-0.0315411
-0.033163
-0.0348561
-0.0365955
-0.0384254
-0.0403097
-0.0422517
-0.0442868
-0.0463605
-0.0485636
-0.0507853
-0.0531577
-0.0555501
-0.0580871
-0.0606994
-0.0633723
-0.0662648
-0.069107
-0.0723085
-0.07554
-0.0789031
-0.0107755
-0.00915317
-0.00840662
-0.00820813
-0.00832328
-0.00863687
-0.00908175
-0.00959863
-0.0101489
-0.0106902
-0.0112142
-0.0117225
-0.0122613
-0.01285
-0.0135066
-0.0142626
-0.0151092
-0.0160356
-0.0170519
-0.0181234
-0.0192627
-0.0204476
-0.0216622
-0.022935
-0.0242467
-0.0255922
-0.0269825
-0.0284494
-0.029946
-0.0315224
-0.033146
-0.0348395
-0.0365768
-0.0384078
-0.0402945
-0.0422352
-0.0442694
-0.0463431
-0.048547
-0.0507691
-0.0531418
-0.0555362
-0.0580744
-0.0606882
-0.0633616
-0.0662557
-0.0690987
-0.0723005
-0.0755316
-0.078889
-0.0118699
-0.0112699
-0.0102616
-0.00941046
-0.00893245
-0.00888273
-0.00917863
-0.00965484
-0.01021
-0.0107723
-0.0113177
-0.0118441
-0.0123801
-0.0129547
-0.0135911
-0.0143254
-0.015158
-0.016068
-0.0170773
-0.0181456
-0.0192779
-0.020465
-0.0216783
-0.0229454
-0.0242592
-0.0256049
-0.0269921
-0.0284585
-0.0299544
-0.0315282
-0.033153
-0.0348483
-0.036584
-0.0384137
-0.040302
-0.0422427
-0.0442762
-0.0463502
-0.0485545
-0.0507763
-0.0531486
-0.0555428
-0.0580806
-0.0606942
-0.0633678
-0.0662613
-0.0691048
-0.0723052
-0.0755366
-0.0788966
-0.0133396
-0.0110862
-0.00978403
-0.00910109
-0.00884111
-0.00890242
-0.00920684
-0.00966189
-0.0101991
-0.0107575
-0.0113053
-0.0118391
-0.0123805
-0.0129542
-0.0135895
-0.0143185
-0.0151482
-0.0160532
-0.0170566
-0.0181253
-0.0192543
-0.0204425
-0.0216588
-0.0229235
-0.0242362
-0.0255817
-0.0269674
-0.0284359
-0.029934
-0.0315085
-0.0331334
-0.0348296
-0.0365652
-0.038395
-0.0402847
-0.0422243
-0.0442574
-0.0463308
-0.0485358
-0.0507585
-0.0531314
-0.0555277
-0.058067
-0.0606822
-0.0633568
-0.0662521
-0.0690969
-0.0722971
-0.0755272
-0.0788802
)
;

boundaryField
{
    zeroGradientPlanes
    {
        type            zeroGradient;
    }
    inlet
    {
        type            zeroGradient;
    }
    plate
    {
        type            zeroGradient;
    }
    frontAndBack
    {
        type            empty;
    }
}


// ************************************************************************* //
