/*--------------------------------*- C++ -*----------------------------------*\
| =========                 |                                                 |
| \\      /  F ield         | OpenFOAM: The Open Source CFD Toolbox           |
|  \\    /   O peration     | Version:  v2012                                 |
|   \\  /    A nd           | Website:  www.openfoam.com                      |
|    \\/     M anipulation  |                                                 |
\*---------------------------------------------------------------------------*/
FoamFile
{
    version     2.0;
    format      ascii;
    class       volScalarField;
    location    "8.8";
    object      p;
}
// * * * * * * * * * * * * * * * * * * * * * * * * * * * * * * * * * * * * * //

dimensions      [0 2 -2 0 0 0 0];


internalField   nonuniform List<scalar> 
7000
(
1.14235e-08
0.0039237
0.0059159
0.00458133
0.0044961
0.00609007
0.00731326
0.0102772
0.0109507
0.011609
0.0100608
0.0113004
0.0100014
0.0117719
0.0106488
0.0127406
0.0126599
0.0151708
0.0161345
0.0192899
5.52065e-06
0.00392236
0.00591616
0.00459298
0.00449726
0.00609163
0.00731146
0.0102611
0.0109533
0.0115869
0.0100749
0.0112945
0.0100134
0.01177
0.0106622
0.0127341
0.0126742
0.015141
0.0161416
0.0191469
1.30708e-05
0.00392468
0.00592059
0.00460538
0.00449994
0.00609113
0.00730448
0.0102377
0.0109512
0.011566
0.0100894
0.0112875
0.0100333
0.0117593
0.0106923
0.0127099
0.0127068
0.015084
0.0161492
0.0189283
2.26599e-05
0.00394242
0.00592438
0.00461901
0.00450778
0.00608666
0.00729628
0.0102154
0.0109431
0.0115512
0.0101018
0.0112819
0.0100587
0.0117411
0.0107369
0.012671
0.0127473
0.0150125
0.0161468
0.0186896
3.65424e-05
0.00397467
0.00592329
0.00463379
0.0045225
0.00607922
0.00728948
0.0101937
0.0109321
0.0115414
0.0101143
0.0112761
0.0100887
0.0117172
0.0107913
0.0126229
0.0127888
0.0149338
0.016131
0.0184562
5.60868e-05
0.00401559
0.00591448
0.00464995
0.00454457
0.00607112
0.00728453
0.0101713
0.0109208
0.0115343
0.0101283
0.0112685
0.0101228
0.0116889
0.0108522
0.0125716
0.0128296
0.014852
0.0161006
0.018235
8.15058e-05
0.0040609
0.00589729
0.00466778
0.00457347
0.00606476
0.00728147
0.010148
0.0109105
0.0115278
0.0101445
0.0112574
0.0101608
0.0116572
0.0109184
0.0125206
0.0128697
0.0147697
0.0160566
0.0180246
0.000112248
0.00410856
0.00587281
0.00468733
0.00460832
0.0060622
0.00728053
0.0101237
0.0109016
0.0115198
0.0101633
0.0112421
0.0102028
0.0116227
0.0109893
0.012472
0.0129094
0.0146891
0.0160009
0.0178223
0.000147316
0.00415766
0.00584311
0.00470838
0.0046485
0.00606469
0.00728185
0.0100985
0.0108938
0.0115089
0.010185
0.011222
0.0102489
0.0115856
0.0110639
0.0124269
0.0129477
0.0146123
0.0159356
0.0176271
0.000185571
0.00420792
0.0058105
0.00473052
0.00469365
0.00607261
0.00728553
0.0100722
0.0108863
0.0114941
0.0102096
0.0111968
0.0102988
0.0115463
0.0111412
0.0123862
0.0129833
0.0145412
0.015862
0.0174388
0.00022603
0.00425943
0.00577684
0.00475332
0.00474349
0.00608576
0.00729171
0.010045
0.0108788
0.0114745
0.0102369
0.0111663
0.0103523
0.0115053
0.0112196
0.0123506
0.0130145
0.0144765
0.0157814
0.0172569
0.000268052
0.00431229
0.00574331
0.00477641
0.00479762
0.00610367
0.00730046
0.0100168
0.010871
0.0114493
0.0102671
0.0111306
0.0104091
0.0114634
0.0112975
0.0123214
0.0130398
0.014418
0.0156948
0.0170807
0.00031134
0.00436644
0.00571048
0.00479951
0.00485562
0.00612588
0.0073117
0.00998757
0.0108627
0.011418
0.0103
0.0110898
0.0104686
0.0114218
0.0113727
0.0122995
0.0130582
0.0143648
0.0156035
0.0169088
0.000355839
0.00442163
0.00567845
0.00482238
0.00491696
0.00615194
0.00732531
0.00995722
0.0108541
0.0113804
0.0103355
0.0110443
0.01053
0.0113819
0.0114432
0.0122857
0.013069
0.0143157
0.0155089
0.0167407
0.000401618
0.00447754
0.0056472
0.00484483
0.00498117
0.00618142
0.00734109
0.00992566
0.0108455
0.0113364
0.0103736
0.0109945
0.0105924
0.0113455
0.011507
0.0122802
0.0130718
0.0142695
0.0154123
0.0165761
0.000448777
0.00453386
0.00561663
0.00486672
0.00504789
0.00621387
0.00735879
0.00989275
0.0108373
0.0112862
0.0104141
0.0109412
0.0106541
0.011314
0.0115623
0.0122828
0.0130671
0.0142246
0.0153153
0.0164153
0.000497416
0.00459036
0.00558676
0.00488794
0.00511673
0.00624878
0.00737818
0.00985833
0.0108301
0.0112303
0.0104567
0.0108856
0.0107133
0.0112893
0.011608
0.0122919
0.0130555
0.014179
0.0152186
0.0162588
0.000547627
0.00464687
0.00555763
0.00490843
0.00518738
0.00628557
0.00739901
0.00982222
0.0108243
0.0111695
0.010501
0.0108293
0.0107679
0.0112726
0.0116436
0.012306
0.0130379
0.0141305
0.015122
0.0161063
0.000599507
0.00470327
0.00552933
0.00492815
0.00525957
0.00632365
0.00742108
0.00978424
0.0108202
0.0111046
0.010546
0.0107742
0.0108162
0.0112646
0.0116692
0.0123234
0.0130156
0.0140773
0.0150251
0.0159572
0.000653159
0.00475951
0.005502
0.00494708
0.00533308
0.00636242
0.0074442
0.00974425
0.0108182
0.0110367
0.0105907
0.0107222
0.0108566
0.0112658
0.011685
0.0123419
0.0129892
0.0140175
0.0149279
0.0158114
0.000708692
0.00481556
0.00547581
0.00496523
0.00540774
0.00640138
0.00746822
0.00970218
0.0108182
0.0109668
0.0106336
0.0106754
0.0108874
0.0112761
0.0116922
0.0123584
0.0129606
0.01395
0.0148279
0.015669
0.000766214
0.00487138
0.00545096
0.00498261
0.00548347
0.00644015
0.00749305
0.00965807
0.0108204
0.0108964
0.0106729
0.0106356
0.0109083
0.0112947
0.0116922
0.0123695
0.0129319
0.013876
0.0147235
0.0155279
0.000825829
0.00492692
0.00542765
0.00499926
0.00556022
0.00647852
0.00751869
0.00961203
0.0108241
0.010827
0.0107069
0.0106034
0.0109188
0.01132
0.0116869
0.0123728
0.0129015
0.0137975
0.0146164
0.0153876
0.000887633
0.0049821
0.00540614
0.00501517
0.00563803
0.00651641
0.0075452
0.00956427
0.0108288
0.01076
0.0107346
0.0105797
0.0109187
0.0113501
0.0116789
0.0123671
0.0128684
0.0137137
0.0145066
0.0152496
0.000951714
0.00503682
0.00538667
0.00503036
0.00571692
0.00655388
0.00757267
0.0095152
0.0108336
0.0106966
0.0107546
0.0105652
0.0109089
0.0113829
0.0116699
0.0123516
0.0128326
0.0136248
0.0143928
0.0151139
0.00101815
0.00509092
0.0053695
0.00504484
0.0057969
0.00659109
0.00760115
0.00946536
0.0108375
0.0106383
0.0107656
0.0105594
0.0108902
0.0114163
0.0116617
0.0123249
0.0127942
0.0135326
0.014275
0.01498
0.00108701
0.00514429
0.0053549
0.00505862
0.00587797
0.00662837
0.00763031
0.00941584
0.010839
0.010586
0.0107677
0.0105614
0.0108639
0.0114462
0.0116563
0.0122865
0.0127513
0.0134413
0.0141554
0.0148461
0.00115838
0.00519676
0.00534314
0.00507178
0.00596007
0.006666
0.0076599
0.00936732
0.0108377
0.0105394
0.0107605
0.0105707
0.0108327
0.011469
0.0116538
0.0122393
0.0126979
0.0133492
0.0140387
0.0147123
0.00123231
0.00524819
0.0053345
0.00508435
0.00604315
0.0067041
0.00769001
0.00932012
0.0108325
0.0105002
0.0107437
0.0105855
0.0107988
0.0114841
0.0116523
0.0121882
0.0126435
0.0132566
0.0139139
0.0145805
0.00130887
0.00529847
0.00532927
0.00509644
0.00612687
0.00674364
0.00771926
0.00927615
0.0108219
0.0104682
0.0107186
0.0106037
0.0107633
0.0114904
0.0116499
0.0121269
0.0125766
0.0131711
0.0138078
0.0144505
0.00138818
0.00534745
0.00532759
0.00510831
0.00621089
0.00678499
0.00774735
0.00923515
0.0108064
0.0104428
0.0106845
0.0106244
0.0107288
0.0114863
0.0116473
0.0120562
0.0124912
0.0130838
0.0137236
0.0143224
0.00147025
0.0053951
0.00532955
0.0051203
0.00629487
0.00682844
0.00777422
0.00919713
0.010786
0.0104238
0.0106444
0.0106425
0.010698
0.0114709
0.0116454
0.0119901
0.0124154
0.0129856
0.0136014
0.014201
0.00155513
0.00544132
0.00533549
0.0051324
0.00637854
0.00687481
0.00779828
0.00916421
0.01076
0.010408
0.0106049
0.0106529
0.0106737
0.011444
0.0116412
0.0119192
0.0123059
0.012873
0.0135125
0.0140941
0.00164317
0.00548586
0.00534547
0.00514492
0.00646137
0.00692381
0.00782095
0.00913363
0.0107312
0.0103944
0.0105629
0.0106596
0.0106515
0.0114092
0.011635
0.011861
0.012213
0.0127369
0.0133466
0.0140009
0.00173415
0.00552881
0.00535916
0.00515895
0.00654185
0.00697738
0.0078407
0.00910704
0.0106968
0.0103857
0.0105163
0.0106672
0.0106284
0.0113658
0.0116116
0.0117837
0.0120791
0.012615
0.0132447
0.0139113
0.00182804
0.00557022
0.00537687
0.00517429
0.00662035
0.00703536
0.00785644
0.00908589
0.0106567
0.0103801
0.010469
0.0106685
0.0106114
0.0113088
0.0115706
0.0116973
0.0118519
0.0125018
0.0132311
0.0138251
0.00192556
0.0056096
0.00539848
0.00519126
0.00669668
0.00709608
0.00787221
0.0090631
0.0106216
0.0103659
0.0104265
0.0106607
0.0105903
0.011253
0.0115385
0.0116276
0.0118317
0.0123538
0.0130288
0.013751
0.00202616
0.00564736
0.00542297
0.00521161
0.00676871
0.00716267
0.00788461
0.00904274
0.0105831
0.0103573
0.0103769
0.0106555
0.0105685
0.0111716
0.011489
0.0115658
0.0117207
0.0122255
0.0129272
0.0136776
0.00212959
0.00568375
0.00545077
0.00523487
0.00683753
0.00723392
0.00789382
0.00902505
0.0105407
0.0103547
0.0103204
0.010645
0.0105566
0.011064
0.0114145
0.011497
0.0115997
0.01212
0.0129513
0.0135968
0.00223707
0.00571793
0.00548189
0.00526115
0.00690328
0.00730602
0.00790878
0.0089993
0.010511
0.0103354
0.0102671
0.0106163
0.0105431
0.0109996
0.0113468
0.0114243
0.0115262
0.0119379
0.0126497
0.0135192
0.00234752
0.005751
0.0055147
0.00529268
0.00696375
0.00738296
0.00792241
0.00897433
0.0104761
0.0103308
0.0102091
0.0105827
0.0105235
0.0109034
0.0112574
0.0113527
0.011432
0.0118124
0.0125207
0.0134407
0.0024606
0.00578336
0.00554958
0.00532851
0.00702068
0.00746383
0.00793375
0.00895106
0.0104318
0.0103421
0.0101494
0.0105317
0.0104945
0.010799
0.0111486
0.0112742
0.0113201
0.0117429
0.0125948
0.0133523
0.00257794
0.00581389
0.0055866
0.00536837
0.00707532
0.00754206
0.00795923
0.00891718
0.0103999
0.0103349
0.0100904
0.0104758
0.0104856
0.0107188
0.0110451
0.0111772
0.0112431
0.0115352
0.0122207
0.0132707
0.00269747
0.00584472
0.00562379
0.00541434
0.00712565
0.00762306
0.00798227
0.00888901
0.0103525
0.0103422
0.0100395
0.0103891
0.010463
0.0106473
0.0109176
0.0110703
0.0111419
0.0114105
0.0120932
0.0131923
0.00281958
0.00587599
0.00566186
0.0054648
0.00717467
0.00770447
0.00800092
0.00886764
0.0102888
0.0103594
0.00999235
0.0102864
0.0104253
0.0105771
0.0107719
0.0109458
0.0109973
0.0113763
0.0122347
0.0131059
0.00294574
0.00590626
0.00570166
0.00551805
0.00722566
0.00777718
0.00804323
0.00883611
0.0102362
0.0103583
0.00995256
0.0102084
0.0103963
0.010516
0.0106431
0.0107968
0.0108438
0.0111169
0.0118234
0.013048
0.0030732
0.00593852
0.00574104
0.00557574
0.0072764
0.0078471
0.00808396
0.00880936
0.0101722
0.0103527
0.00992816
0.0101231
0.0103499
0.010453
0.0105092
0.0105651
0.010649
0.0108796
0.0116494
0.0130381
0.00320345
0.00597262
0.00578072
0.00563655
0.00732793
0.00791621
0.00812166
0.00878862
0.0100986
0.010345
0.00990466
0.0100344
0.0102892
0.0103928
0.0103787
0.0104018
0.0104596
0.0107084
0.0115303
0.0130042
0.00333661
0.0060075
0.00582189
0.00569855
0.00738171
0.00798379
0.00816051
0.00877
0.0100244
0.0103256
0.00988593
0.00994996
0.0102132
0.0103316
0.010264
0.0102311
0.0102868
0.0105672
0.0114095
0.0129646
0.00347105
0.00604505
0.00586472
0.00576037
0.00743735
0.00805087
0.008194
0.00875366
0.0099467
0.0102995
0.00987598
0.00986319
0.0101208
0.0102702
0.010164
0.0100722
0.0101243
0.0104294
0.011314
0.0129295
0.0036079
0.00608508
0.00591003
0.00582078
0.00749475
0.00811836
0.00822611
0.00873587
0.00987142
0.0102684
0.00986754
0.00977888
0.010022
0.0102045
0.0100718
0.00992644
0.0099781
0.010314
0.0112219
0.0128889
0.00374667
0.00612693
0.00595903
0.0058794
0.00755199
0.00818755
0.0082566
0.00871796
0.00979549
0.0102293
0.00986202
0.00970418
0.00991442
0.0101255
0.00998965
0.00980289
0.00983785
0.0101924
0.011137
0.0128452
0.00388726
0.00617133
0.00601238
0.00593505
0.00760718
0.00825937
0.00828816
0.00869779
0.009718
0.0101832
0.00985865
0.00963692
0.00979891
0.0100384
0.00992
0.00969749
0.00970092
0.0100758
0.0110487
0.0128029
0.00402981
0.006218
0.00607015
0.00598844
0.00765863
0.00833397
0.0083216
0.00867591
0.00964013
0.010131
0.00985525
0.00958006
0.00968109
0.00994122
0.00984995
0.00960385
0.0095775
0.00996574
0.01097
0.0127583
0.00417416
0.0062671
0.00613303
0.00603983
0.00770396
0.00841084
0.00835912
0.00865262
0.00956173
0.0100731
0.00985024
0.00953504
0.0095626
0.00983131
0.00978602
0.00952943
0.00947887
0.00986205
0.0108761
0.0127134
0.00432039
0.00631848
0.00620102
0.00609024
0.00774126
0.0084887
0.00840239
0.00862839
0.00948192
0.0100098
0.00984214
0.00950246
0.00944823
0.0097106
0.00971179
0.00946827
0.00939342
0.00975443
0.010793
0.0126781
0.00446846
0.00637279
0.00627325
0.00614161
0.00776942
0.00856411
0.00845253
0.00860592
0.00940201
0.0099418
0.00982768
0.00948099
0.00934148
0.00957969
0.00963002
0.00941013
0.00931881
0.00966853
0.0107226
0.0126451
0.0046176
0.00643068
0.00634999
0.00619501
0.00778579
0.00863376
0.00851265
0.00858662
0.00932266
0.00986981
0.0098047
0.00946835
0.00924592
0.00944156
0.00953867
0.00935298
0.0092611
0.00960237
0.0106616
0.0126087
0.00476829
0.00649087
0.00643356
0.00625009
0.00779127
0.00869432
0.0085835
0.00857577
0.00924776
0.0097968
0.00977347
0.00946106
0.00916586
0.00930017
0.00943602
0.00929751
0.00921895
0.00955085
0.0106039
0.0125749
0.00492118
0.00655323
0.00652274
0.00630714
0.00779335
0.00874195
0.00863378
0.00857744
0.00918205
0.00972545
0.0097338
0.00945464
0.00910407
0.0091602
0.00932161
0.00924002
0.00918298
0.00951079
0.0105627
0.0125509
0.00507465
0.00661926
0.00661684
0.00637075
0.00778563
0.00876904
0.00869176
0.008594
0.00912532
0.00965616
0.00968703
0.00944499
0.00906039
0.00903014
0.00919359
0.00917449
0.00915329
0.00948708
0.0105363
0.0125344
0.00522959
0.00668745
0.00671586
0.00644246
0.00776464
0.00878097
0.00875708
0.00862064
0.00907257
0.00958696
0.00963359
0.00942801
0.0090324
0.00888923
0.00905457
0.00909875
0.00912572
0.00947413
0.010522
0.0125229
0.00538634
0.00675622
0.00681942
0.00652143
0.00773738
0.0087801
0.00882237
0.00865736
0.00902448
0.00951696
0.00957606
0.00940209
0.00901684
0.00878587
0.00891247
0.00901049
0.00909534
0.00947022
0.0105179
0.01252
0.00554406
0.00682678
0.00692386
0.00660824
0.00771002
0.00876567
0.00888243
0.00870244
0.00898282
0.00944809
0.00951792
0.00936703
0.0090087
0.00871082
0.00877543
0.00890808
0.00905646
0.00947175
0.0105275
0.0125282
0.00570311
0.00689558
0.00702648
0.00670306
0.00768725
0.00873927
0.00893257
0.00875354
0.00894947
0.00938029
0.00946028
0.00932361
0.00900261
0.00866042
0.00865167
0.00879477
0.00900499
0.00947334
0.0105473
0.0125448
0.00586327
0.00696915
0.0071266
0.006805
0.0076718
0.00870321
0.00897046
0.00880914
0.0089257
0.00931354
0.00940388
0.00927392
0.00899068
0.00862747
0.0085459
0.00867873
0.00894118
0.00946875
0.0105717
0.0125689
0.00602431
0.00704451
0.00722366
0.00691247
0.00766562
0.00866088
0.00899476
0.00886537
0.00891192
0.00924858
0.00934809
0.0092208
0.00897013
0.00860529
0.00846164
0.00856996
0.00886703
0.00945141
0.0105936
0.0125984
0.00618594
0.00712193
0.00731754
0.00702364
0.00766952
0.00861569
0.00900547
0.00891854
0.00890786
0.00918631
0.00929257
0.00916776
0.00894165
0.00858866
0.008398
0.00847181
0.00878434
0.00941954
0.0106075
0.0126285
0.00634787
0.00720163
0.00740819
0.00713686
0.0076837
0.00857062
0.00900327
0.00896544
0.00891242
0.00912864
0.00923743
0.00911594
0.00890668
0.0085721
0.0083488
0.00838563
0.00870146
0.00937644
0.0106076
0.0126538
0.00650971
0.00728383
0.0074958
0.00725056
0.00770769
0.00852809
0.00898983
0.0090039
0.00892419
0.00907719
0.0091817
0.00906504
0.00886751
0.00855397
0.00831085
0.00831485
0.00862297
0.00932175
0.0105921
0.012672
0.0066711
0.0073688
0.00758066
0.00736319
0.00774063
0.00849019
0.0089676
0.00903256
0.00894074
0.00903243
0.00912537
0.00901587
0.00882612
0.00853377
0.00828076
0.00825593
0.00854764
0.00926053
0.0105664
0.0126826
0.00683168
0.00745653
0.00766307
0.00747381
0.00778157
0.00845829
0.00893886
0.00905059
0.00895943
0.00899507
0.00906945
0.00896787
0.00878279
0.00851053
0.00825408
0.00820525
0.00847968
0.00920009
0.0105325
0.0126833
0.00699107
0.0075471
0.00774345
0.00758143
0.00782913
0.00843328
0.00890619
0.00905805
0.00897788
0.00896512
0.0090221
0.00892098
0.00873787
0.00848384
0.00822946
0.00816318
0.00842048
0.00914003
0.0104916
0.0126763
0.00714883
0.00764046
0.00782238
0.00768536
0.007882
0.00841554
0.00887176
0.00905553
0.00899386
0.00894143
0.00897213
0.00887478
0.00869195
0.00845382
0.00820646
0.00812737
0.00836715
0.0090819
0.0104494
0.0126647
0.00730466
0.00773644
0.00790016
0.00778513
0.00793887
0.00840515
0.00883766
0.00904408
0.00900539
0.00892317
0.00892325
0.00882888
0.0086456
0.00842012
0.00818285
0.00809499
0.00831996
0.00902895
0.0104075
0.0126482
0.00745817
0.00783483
0.00797731
0.00788051
0.00799831
0.00840162
0.00880545
0.00902539
0.00901095
0.00890931
0.00887626
0.00878263
0.00859948
0.00838247
0.00815683
0.0080652
0.00827849
0.00897971
0.0103649
0.0126279
0.00760909
0.00793522
0.00805413
0.00797156
0.00805919
0.00840434
0.00877619
0.00900141
0.00900956
0.00889817
0.00883183
0.00873499
0.00855347
0.00834152
0.00812804
0.00803677
0.00824046
0.00893338
0.0103231
0.0126055
0.00775702
0.00803739
0.008131
0.00805817
0.00812034
0.00841259
0.00875063
0.00897411
0.00900073
0.00888763
0.00879088
0.00868556
0.00850665
0.00829804
0.00809589
0.00800791
0.0082052
0.00889083
0.0102825
0.0125801
0.00790172
0.00814072
0.00820811
0.00814075
0.00818098
0.00842553
0.00872882
0.00894498
0.00898491
0.00887548
0.00875368
0.00863478
0.00845786
0.00825177
0.00805937
0.00797755
0.0081722
0.00885117
0.0102421
0.012551
0.00804295
0.00824483
0.00828546
0.00821944
0.00824045
0.00844241
0.00871082
0.00891504
0.00896323
0.00885943
0.00871967
0.00858399
0.00840623
0.00820201
0.00801768
0.00794416
0.00813887
0.0088124
0.0102011
0.012518
0.00818036
0.00834915
0.00836319
0.00829467
0.00829811
0.00846228
0.00869643
0.00888473
0.00893698
0.00883836
0.00868724
0.00853445
0.00835224
0.00814883
0.00797036
0.00790543
0.00810297
0.00877365
0.0101597
0.0124811
0.00831384
0.00845316
0.00844094
0.00836681
0.00835375
0.00848425
0.00868557
0.00885409
0.00890748
0.00881146
0.00865186
0.00848521
0.00829646
0.00809244
0.00791697
0.00785974
0.00806284
0.00873365
0.0101176
0.0124409
0.00844301
0.00855633
0.0085186
0.00843625
0.00840734
0.00850718
0.00867797
0.00882311
0.00887521
0.00877922
0.00861093
0.00843403
0.0082384
0.00803273
0.00785761
0.00780581
0.00801527
0.00868864
0.0100722
0.0123959
0.00856769
0.00865832
0.00859555
0.00850292
0.00845926
0.00853082
0.00867353
0.00879174
0.00883858
0.00874574
0.00856584
0.00837892
0.00817694
0.0079694
0.00779309
0.0077431
0.00795731
0.00863438
0.0100194
0.0123435
0.00868723
0.00875864
0.00867246
0.00856668
0.00850851
0.00855433
0.00867239
0.00876195
0.00879615
0.00870991
0.0085186
0.00831856
0.00811035
0.00790118
0.00772381
0.00767242
0.00788836
0.00856819
0.00995536
0.0122806
0.00880143
0.00885618
0.00874881
0.00862971
0.00855633
0.00857505
0.00867097
0.00873522
0.00874835
0.00866821
0.00847045
0.00825454
0.0080379
0.00782616
0.00764859
0.00759442
0.00780923
0.00848939
0.00987814
0.0122048
0.00890994
0.00895089
0.00882309
0.00868957
0.00860594
0.00859872
0.00866737
0.00870739
0.00869433
0.00861811
0.00842068
0.00818869
0.00795917
0.00774176
0.007564
0.00750736
0.00771912
0.00839671
0.00978497
0.0121137
0.00901187
0.00904252
0.00889695
0.00874631
0.00865
0.00862325
0.00866818
0.00868592
0.00863776
0.00855455
0.00836533
0.00812145
0.00787654
0.00764833
0.00746814
0.00740898
0.00761519
0.00828686
0.00967168
0.0120001
0.00910758
0.00912964
0.00897062
0.00880471
0.00869227
0.00863857
0.00865457
0.00866139
0.0085824
0.00848394
0.00830487
0.00805641
0.0077966
0.0075533
0.00736559
0.00730204
0.0075023
0.00816617
0.00954233
0.0118633
0.00919373
0.00921406
0.00904313
0.00886853
0.00875564
0.00867368
0.00863062
0.00860931
0.00851588
0.00839897
0.00823081
0.00798396
0.00771127
0.0074503
0.00724939
0.0071776
0.00736981
0.00802334
0.00938644
0.011695
0.00927003
0.00927967
0.00910431
0.00891704
0.00879234
0.00871203
0.00865218
0.00859046
0.00845313
0.0083151
0.00815239
0.00791092
0.00762622
0.00734432
0.00712209
0.00703563
0.00721595
0.00785845
0.00921063
0.0115098
0.00935104
0.00937766
0.00920226
0.00899981
0.00882893
0.00866837
0.00854819
0.00850373
0.00844449
0.00828137
0.00810643
0.00786422
0.00756267
0.00725437
0.00700366
0.00689701
0.00706271
0.00769274
0.0090328
0.011321
0.00933574
0.0093772
0.00927751
0.00911581
0.00899926
0.00882565
0.00852279
0.00829539
0.00819772
0.00810675
0.00796487
0.00773337
0.00742336
0.00708912
0.00680339
0.00666523
0.00680922
0.00741817
0.00873486
0.0109992
0.00951844
0.00952336
0.00933007
0.00906615
0.00881038
0.00865016
0.00856416
0.00853975
0.0084213
0.00825734
0.00805316
0.00780145
0.00749037
0.00713933
0.00679921
0.00657766
0.00660819
0.00709637
0.00829314
0.0104361
0.00948707
0.00957192
0.00932197
0.00913725
0.00896182
0.00866867
0.00835847
0.00820232
0.00809554
0.00796613
0.00776036
0.00752826
0.00726161
0.00703482
0.00687548
0.00684806
0.00703939
0.00761776
0.00882114
0.0109168
0.00972291
0.00962182
0.0093462
0.00903004
0.00878946
0.0086778
0.00864111
0.00857343
0.00847924
0.00831421
0.00802899
0.00767437
0.00721289
0.00664417
0.00605227
0.00555199
0.00531717
0.00557106
0.00656286
0.00852496
0.00994114
0.00954193
0.0092176
0.00890284
0.00870613
0.00846819
0.00822845
0.00814488
0.00804825
0.00783976
0.00760167
0.00742611
0.0074957
0.00785431
0.0085429
0.00948711
0.0105151
0.0113384
0.0116116
0.0110042
0.00997651
0.00962442
0.0092668
0.00899924
0.00887925
0.00882832
0.00880685
0.00874042
0.00859718
0.00831521
0.00787198
0.00725619
0.00647714
0.00562039
0.00479061
0.00407335
0.00360331
0.00359132
0.00431355
0.006017
0.0101453
0.00960236
0.00921041
0.00893612
0.00883464
0.00867011
0.00841437
0.00805258
0.00776109
0.00765663
0.00753441
0.00726449
0.00705012
0.0070428
0.00731925
0.00787228
0.00862657
0.00930722
0.00952151
0.00890028
0.0101548
0.00960299
0.00922782
0.00903986
0.00907615
0.00915451
0.00921382
0.00915304
0.0089515
0.00846975
0.0076684
0.00651069
0.00507172
0.00351976
0.00209004
0.000983721
0.000351205
0.000359547
0.00122396
0.00314047
0.0225569
0.0107679
0.00675826
0.00858104
0.0109509
0.0126734
0.0139398
0.0149368
0.0159513
0.0171337
0.0184869
0.0199316
0.021318
0.0226878
0.0241555
0.025618
0.027012
0.0284568
0.0300353
0.0316415
0.0333679
0.0350985
0.0364289
0.0379416
0.0399988
0.0420816
0.0440697
0.0461512
0.048276
0.0503848
0.0524857
0.0548403
0.0573369
0.0597883
0.0623452
0.0650834
0.0679359
0.0708077
0.0738414
0.0769388
0.0801856
0.083536
0.0869776
0.0905744
0.0941745
0.0980136
0.10181
0.105751
0.109496
0.113124
0.0222931
0.0108234
0.00679773
0.00859643
0.0109601
0.01268
0.0139448
0.0149405
0.0159541
0.0171357
0.0184885
0.0199329
0.0213191
0.0226888
0.0241564
0.0256188
0.0270129
0.0284575
0.030036
0.0316422
0.0333685
0.0350991
0.0364295
0.037942
0.0399992
0.042082
0.0440701
0.0461516
0.0482764
0.0503851
0.052486
0.0548405
0.0573371
0.0597885
0.0623454
0.0650836
0.067936
0.0708079
0.0738415
0.0769389
0.0801858
0.0835361
0.0869777
0.0905745
0.0941746
0.0980137
0.101811
0.105751
0.109496
0.113124
0.021971
0.010911
0.00686376
0.00861672
0.0109697
0.0126867
0.0139497
0.0149442
0.0159568
0.0171377
0.01849
0.0199341
0.0213202
0.0226897
0.0241571
0.0256196
0.0270136
0.0284582
0.0300367
0.0316428
0.0333691
0.0350997
0.03643
0.0379424
0.0399996
0.0420824
0.0440704
0.0461519
0.0482766
0.0503854
0.0524862
0.0548407
0.0573373
0.0597886
0.0623456
0.0650837
0.0679362
0.070808
0.0738417
0.0769391
0.0801859
0.0835362
0.0869778
0.0905746
0.0941747
0.0980138
0.101811
0.105751
0.109496
0.113124
0.0216702
0.0110334
0.00696579
0.00864804
0.010982
0.0126946
0.0139555
0.0149488
0.0159603
0.0171402
0.0184918
0.0199355
0.0213213
0.0226906
0.024158
0.0256203
0.0270142
0.0284588
0.0300373
0.0316434
0.0333696
0.0351004
0.0364305
0.0379427
0.04
0.0420828
0.0440708
0.0461522
0.0482769
0.0503856
0.0524864
0.0548409
0.0573375
0.0597888
0.0623457
0.0650839
0.0679363
0.0708082
0.0738418
0.0769392
0.080186
0.0835363
0.0869779
0.0905746
0.0941748
0.0980139
0.101811
0.105752
0.109496
0.113124
0.0213892
0.011181
0.00709819
0.00869082
0.0109978
0.0127043
0.0139629
0.0149547
0.0159652
0.017144
0.0184944
0.0199374
0.0213228
0.0226918
0.0241589
0.0256211
0.0270149
0.0284594
0.0300379
0.031644
0.0333702
0.0351011
0.0364311
0.037943
0.0400003
0.0420832
0.0440711
0.0461525
0.0482773
0.0503859
0.0524866
0.0548411
0.0573377
0.059789
0.0623459
0.065084
0.0679365
0.0708083
0.0738419
0.0769393
0.0801861
0.0835365
0.086978
0.0905747
0.0941749
0.0980139
0.101811
0.105752
0.109497
0.113124
0.0211109
0.0113403
0.0072481
0.00874101
0.0110163
0.0127159
0.0139717
0.0149624
0.015972
0.0171495
0.0184983
0.01994
0.0213247
0.0226934
0.0241601
0.025622
0.0270156
0.02846
0.0300384
0.0316446
0.0333709
0.0351019
0.0364317
0.0379432
0.0400008
0.0420837
0.0440715
0.0461529
0.0482776
0.0503862
0.0524869
0.0548413
0.0573379
0.0597892
0.062346
0.0650842
0.0679366
0.0708085
0.0738421
0.0769394
0.0801862
0.0835366
0.0869781
0.0905748
0.0941749
0.098014
0.101811
0.105752
0.109497
0.113124
0.0208274
0.0115038
0.00740804
0.00879537
0.0110362
0.0127288
0.0139819
0.0149715
0.0159806
0.0171567
0.0185035
0.0199435
0.0213272
0.0226953
0.0241617
0.0256231
0.0270163
0.0284604
0.0300388
0.031645
0.0333716
0.0351029
0.0364324
0.0379435
0.0400012
0.0420842
0.0440719
0.0461533
0.048278
0.0503866
0.0524872
0.0548416
0.0573382
0.0597894
0.0623462
0.0650843
0.0679368
0.0708086
0.0738422
0.0769396
0.0801863
0.0835367
0.0869782
0.090575
0.094175
0.0980141
0.101811
0.105752
0.109497
0.113124
0.0205396
0.0116693
0.00757543
0.00885255
0.0110571
0.0127427
0.0139931
0.0149817
0.0159905
0.0171655
0.0185102
0.019948
0.0213304
0.0226978
0.0241636
0.0256244
0.0270173
0.028461
0.0300391
0.0316453
0.0333721
0.035104
0.0364332
0.0379439
0.0400017
0.0420846
0.0440723
0.0461537
0.0482784
0.050387
0.0524875
0.0548418
0.0573385
0.0597897
0.0623464
0.0650845
0.067937
0.0708088
0.0738423
0.0769397
0.0801865
0.0835368
0.0869783
0.0905751
0.0941751
0.0980142
0.101811
0.105752
0.109497
0.113125
0.0202508
0.0118362
0.00774952
0.00891217
0.0110786
0.0127575
0.0140052
0.0149927
0.0160012
0.0171753
0.018518
0.0199536
0.0213344
0.0227007
0.0241658
0.0256261
0.0270185
0.0284618
0.0300393
0.0316452
0.0333725
0.0351052
0.0364343
0.0379445
0.0400023
0.0420852
0.0440727
0.0461542
0.0482789
0.0503874
0.0524879
0.0548422
0.0573388
0.05979
0.0623466
0.0650847
0.0679372
0.0708089
0.0738425
0.0769399
0.0801866
0.083537
0.0869785
0.0905752
0.0941753
0.0980144
0.101811
0.105752
0.109498
0.113125
0.0199639
0.0120038
0.00792999
0.00897421
0.0111005
0.0127729
0.014018
0.0150042
0.0160125
0.0171857
0.0185265
0.0199601
0.0213391
0.0227041
0.0241682
0.025628
0.0270202
0.0284629
0.0300396
0.0316449
0.0333725
0.0351062
0.0364355
0.0379453
0.0400031
0.0420857
0.0440731
0.0461546
0.0482793
0.0503879
0.0524883
0.0548426
0.0573392
0.0597903
0.0623469
0.065085
0.0679374
0.0708091
0.0738427
0.07694
0.0801868
0.0835371
0.0869786
0.0905754
0.0941754
0.0980145
0.101811
0.105752
0.109498
0.113125
0.01968
0.012171
0.00811668
0.00903886
0.0111228
0.0127889
0.0140315
0.0150162
0.0160241
0.0171964
0.0185355
0.0199671
0.0213444
0.0227079
0.0241708
0.02563
0.0270221
0.0284645
0.0300401
0.0316444
0.033372
0.0351069
0.0364367
0.0379464
0.0400042
0.0420863
0.0440734
0.0461549
0.0482798
0.0503885
0.0524888
0.054843
0.0573396
0.0597907
0.0623472
0.0650853
0.0679377
0.0708093
0.0738428
0.0769402
0.0801869
0.0835373
0.0869788
0.0905755
0.0941756
0.0980147
0.101812
0.105753
0.109499
0.113126
0.0193998
0.0123371
0.00830956
0.00910633
0.0111453
0.0128055
0.0140456
0.0150287
0.016036
0.0172075
0.0185448
0.0199745
0.0213502
0.022712
0.0241735
0.025632
0.0270242
0.0284664
0.030041
0.031644
0.033371
0.035107
0.0364377
0.0379477
0.0400057
0.0420872
0.0440736
0.0461552
0.0482801
0.050389
0.0524893
0.0548435
0.0573401
0.0597911
0.0623476
0.0650856
0.067938
0.0708095
0.073843
0.0769404
0.0801871
0.0835375
0.086979
0.0905757
0.0941757
0.0980149
0.101812
0.105753
0.1095
0.113126
0.0191233
0.0125013
0.0085085
0.00917682
0.0111681
0.0128226
0.0140605
0.0150417
0.0160483
0.0172188
0.0185544
0.0199822
0.0213564
0.0227164
0.0241762
0.0256341
0.0270265
0.0284686
0.0300422
0.0316435
0.0333695
0.0351065
0.0364383
0.0379491
0.0400076
0.0420883
0.0440739
0.0461553
0.0482803
0.0503894
0.0524899
0.0548441
0.0573407
0.0597917
0.0623481
0.0650861
0.0679383
0.0708098
0.0738433
0.0769406
0.0801873
0.0835376
0.0869792
0.0905759
0.0941759
0.0980151
0.101812
0.105754
0.109501
0.113127
0.0188513
0.0126628
0.00871312
0.00925052
0.011191
0.0128401
0.0140761
0.0150551
0.0160608
0.0172305
0.0185644
0.0199901
0.0213628
0.022721
0.024179
0.0256361
0.0270288
0.0284709
0.0300437
0.0316432
0.0333674
0.0351051
0.0364383
0.0379502
0.0400099
0.0420898
0.0440743
0.0461553
0.0482804
0.0503898
0.0524905
0.0548447
0.0573413
0.0597922
0.0623486
0.0650866
0.0679387
0.0708101
0.0738435
0.0769408
0.0801875
0.0835378
0.0869794
0.0905761
0.0941762
0.0980154
0.101812
0.105754
0.109502
0.113128
0.0185843
0.0128207
0.00892297
0.00932769
0.011214
0.0128579
0.0140924
0.015069
0.0160737
0.0172427
0.0185748
0.0199984
0.0213693
0.0227259
0.0241819
0.0256382
0.0270311
0.0284734
0.0300453
0.0316429
0.0333649
0.0351027
0.0364376
0.037951
0.0400124
0.0420916
0.0440747
0.0461551
0.0482802
0.0503899
0.052491
0.0548453
0.0573418
0.0597928
0.0623493
0.0650873
0.0679392
0.0708105
0.0738438
0.076941
0.0801877
0.083538
0.0869796
0.0905764
0.0941764
0.0980157
0.101813
0.105755
0.109503
0.113129
0.0183232
0.0129744
0.00913768
0.00940875
0.011237
0.0128759
0.0141094
0.0150835
0.016087
0.0172553
0.0185857
0.0200071
0.021376
0.0227309
0.0241849
0.0256404
0.0270335
0.028476
0.0300471
0.0316427
0.0333618
0.0350992
0.0364361
0.0379511
0.0400149
0.0420938
0.0440752
0.0461549
0.0482798
0.0503899
0.0524914
0.0548459
0.0573424
0.0597934
0.0623501
0.0650881
0.0679399
0.0708109
0.0738442
0.0769413
0.0801879
0.0835382
0.0869798
0.0905766
0.0941767
0.0980161
0.101813
0.105756
0.109505
0.11313
0.0180686
0.013123
0.00935705
0.00949424
0.0112601
0.0128939
0.0141272
0.0150986
0.0161008
0.0172685
0.0185972
0.0200161
0.0213827
0.022736
0.024188
0.0256427
0.0270359
0.0284786
0.0300489
0.0316423
0.0333583
0.0350944
0.0364339
0.0379508
0.040017
0.0420961
0.0440758
0.0461546
0.0482793
0.0503898
0.0524918
0.0548465
0.0573429
0.0597939
0.0623508
0.065089
0.0679406
0.0708114
0.0738446
0.0769417
0.0801882
0.0835384
0.08698
0.0905768
0.094177
0.0980165
0.101814
0.105757
0.109507
0.113131
0.017821
0.0132662
0.00958106
0.00958484
0.0112834
0.0129119
0.0141456
0.0151144
0.0161151
0.0172823
0.0186092
0.0200256
0.0213895
0.0227412
0.0241912
0.0256453
0.0270384
0.0284813
0.030051
0.0316419
0.0333545
0.0350885
0.0364309
0.0379499
0.0400187
0.0420985
0.0440764
0.0461542
0.0482786
0.0503894
0.0524921
0.0548471
0.0573435
0.0597944
0.0623515
0.06509
0.0679414
0.070812
0.0738451
0.0769421
0.0801885
0.0835386
0.0869802
0.0905771
0.0941773
0.0980169
0.101814
0.105758
0.109509
0.113133
0.0175803
0.0134037
0.00980983
0.00968133
0.0113069
0.0129297
0.0141647
0.015131
0.01613
0.0172966
0.0186218
0.0200356
0.0213964
0.0227464
0.0241944
0.025648
0.027041
0.0284839
0.0300531
0.0316415
0.0333505
0.0350816
0.0364274
0.0379489
0.0400199
0.0421008
0.044077
0.0461538
0.0482779
0.050389
0.0524924
0.0548477
0.057344
0.0597948
0.0623522
0.065091
0.0679424
0.0708127
0.0738456
0.0769425
0.0801889
0.0835389
0.0869804
0.0905773
0.0941776
0.0980174
0.101815
0.105759
0.109512
0.113134
0.0173465
0.0135349
0.0100434
0.00978454
0.0113309
0.012947
0.0141845
0.0151483
0.0161455
0.0173115
0.018635
0.020046
0.0214036
0.0227516
0.0241978
0.0256511
0.0270436
0.0284866
0.0300553
0.0316412
0.0333464
0.035074
0.0364237
0.0379481
0.0400205
0.0421029
0.0440775
0.0461533
0.0482771
0.0503886
0.0524927
0.0548483
0.0573446
0.0597952
0.0623528
0.0650921
0.0679434
0.0708135
0.0738462
0.076943
0.0801893
0.0835392
0.0869806
0.0905775
0.0941779
0.0980178
0.101815
0.10576
0.109514
0.113136
0.01712
0.0136596
0.0102817
0.0098953
0.0113556
0.0129637
0.0142048
0.0151664
0.0161616
0.0173269
0.0186486
0.0200568
0.0214112
0.0227568
0.0242013
0.0256544
0.0270464
0.0284893
0.0300576
0.0316411
0.0333423
0.0350662
0.0364202
0.0379479
0.0400207
0.0421047
0.0440779
0.0461529
0.0482763
0.0503881
0.0524932
0.054849
0.0573452
0.0597955
0.0623534
0.065093
0.0679444
0.0708143
0.0738468
0.0769435
0.0801897
0.0835395
0.0869808
0.0905777
0.0941782
0.0980183
0.101816
0.105761
0.109517
0.113138
0.0169009
0.0137775
0.0105245
0.0100144
0.0113814
0.0129796
0.0142256
0.0151854
0.0161785
0.0173429
0.0186627
0.020068
0.0214192
0.0227622
0.024205
0.0256579
0.0270491
0.028492
0.03006
0.0316412
0.0333385
0.0350584
0.0364172
0.0379488
0.0400208
0.0421064
0.0440784
0.0461524
0.0482755
0.0503878
0.0524939
0.0548497
0.0573459
0.0597959
0.0623539
0.0650939
0.0679455
0.0708151
0.0738475
0.0769441
0.0801902
0.0835398
0.086981
0.0905779
0.0941785
0.0980189
0.101817
0.105763
0.109521
0.113141
0.0166888
0.013888
0.0107713
0.0101424
0.0114085
0.0129946
0.0142467
0.0152053
0.0161961
0.0173594
0.0186773
0.0200796
0.0214276
0.0227678
0.0242089
0.0256616
0.027052
0.0284948
0.0300624
0.0316418
0.033335
0.0350511
0.0364153
0.0379511
0.0400211
0.0421077
0.0440788
0.0461519
0.0482747
0.0503875
0.0524948
0.0548505
0.0573465
0.0597964
0.0623546
0.0650947
0.0679464
0.0708159
0.0738482
0.0769447
0.0801907
0.0835402
0.0869813
0.0905781
0.0941789
0.0980194
0.101818
0.105765
0.109524
0.113143
0.0164846
0.0139907
0.0110212
0.0102802
0.0114376
0.0130084
0.0142681
0.0152261
0.0162144
0.0173764
0.0186923
0.0200916
0.0214365
0.0227738
0.0242132
0.0256655
0.027055
0.0284976
0.0300648
0.0316428
0.033332
0.0350444
0.0364147
0.0379551
0.0400218
0.0421086
0.0440791
0.0461515
0.0482737
0.0503873
0.0524961
0.0548515
0.0573471
0.0597969
0.0623554
0.0650955
0.0679473
0.0708168
0.0738489
0.0769453
0.0801913
0.0835406
0.0869815
0.0905783
0.0941792
0.09802
0.101818
0.105766
0.109528
0.113146
0.0162889
0.0140852
0.0112731
0.010428
0.0114693
0.0130209
0.0142894
0.0152478
0.0162335
0.017394
0.0187079
0.0201041
0.0214458
0.0227801
0.024218
0.0256695
0.0270582
0.0285007
0.0300673
0.0316443
0.0333295
0.0350385
0.0364156
0.0379608
0.0400231
0.0421092
0.0440795
0.046151
0.0482727
0.0503872
0.0524976
0.0548526
0.0573476
0.0597976
0.0623565
0.0650962
0.0679481
0.0708176
0.0738496
0.0769459
0.0801918
0.083541
0.0869818
0.0905785
0.0941795
0.0980205
0.101819
0.105768
0.109532
0.113149
0.0161025
0.0141716
0.0115259
0.0105861
0.0115041
0.0130322
0.0143105
0.0152703
0.0162534
0.0174123
0.0187241
0.0201171
0.0214554
0.0227869
0.0242232
0.0256736
0.0270616
0.0285039
0.0300699
0.0316463
0.0333275
0.0350332
0.0364179
0.0379683
0.0400249
0.0421095
0.0440798
0.0461506
0.0482715
0.0503871
0.0524995
0.054854
0.057348
0.0597984
0.0623578
0.0650969
0.0679488
0.0708184
0.0738503
0.0769465
0.0801924
0.0835414
0.0869821
0.0905787
0.0941799
0.0980212
0.10182
0.10577
0.109536
0.113152
0.0159255
0.01425
0.0117783
0.0107547
0.011543
0.0130421
0.014331
0.0152937
0.0162742
0.0174312
0.0187409
0.0201307
0.0214655
0.0227942
0.0242289
0.0256779
0.0270652
0.0285074
0.0300726
0.0316487
0.0333259
0.0350285
0.0364215
0.0379772
0.0400274
0.0421095
0.0440801
0.0461502
0.0482703
0.050387
0.0525017
0.0548556
0.0573483
0.0597993
0.0623594
0.0650976
0.0679495
0.0708192
0.0738511
0.0769472
0.080193
0.0835419
0.0869824
0.090579
0.0941803
0.0980218
0.101821
0.105772
0.10954
0.113155
0.0157577
0.0143205
0.0120287
0.0109337
0.011587
0.0130509
0.0143507
0.0153178
0.0162958
0.0174508
0.0187583
0.0201449
0.0214759
0.022802
0.024235
0.0256823
0.0270691
0.0285112
0.0300754
0.0316513
0.0333246
0.0350243
0.0364261
0.0379874
0.0400305
0.0421092
0.0440805
0.0461499
0.048269
0.0503871
0.0525042
0.0548575
0.0573486
0.0598003
0.0623612
0.0650985
0.0679501
0.07082
0.0738519
0.0769479
0.0801937
0.0835423
0.0869828
0.0905792
0.0941807
0.0980225
0.101822
0.105774
0.109545
0.113158
0.0155997
0.0143837
0.0122756
0.0111222
0.011637
0.0130587
0.0143694
0.0153427
0.0163186
0.0174711
0.0187765
0.0201596
0.0214867
0.0228103
0.0242416
0.0256868
0.0270732
0.0285151
0.0300783
0.0316542
0.0333235
0.0350203
0.0364315
0.0379984
0.040034
0.0421087
0.0440808
0.0461495
0.0482677
0.0503871
0.0525069
0.0548595
0.0573488
0.0598014
0.0623633
0.0650994
0.0679507
0.0708208
0.0738527
0.0769486
0.0801944
0.0835428
0.0869831
0.0905795
0.0941811
0.0980232
0.101823
0.105776
0.10955
0.113162
0.015452
0.0144401
0.0125174
0.01132
0.0116946
0.0130658
0.0143865
0.015368
0.0163422
0.0174922
0.0187953
0.0201749
0.021498
0.022819
0.0242486
0.0256916
0.0270776
0.0285193
0.0300814
0.0316571
0.0333226
0.0350165
0.0364375
0.0380102
0.0400378
0.0421081
0.0440811
0.0461492
0.0482665
0.0503872
0.0525098
0.0548618
0.057349
0.0598027
0.0623656
0.0651004
0.0679514
0.0708216
0.0738536
0.0769493
0.080195
0.0835432
0.0869834
0.0905799
0.0941816
0.098024
0.101824
0.105778
0.109555
0.113165
0.0153154
0.014491
0.0127522
0.0115252
0.0117604
0.013073
0.014402
0.0153936
0.0163669
0.017514
0.0188147
0.0201908
0.0215096
0.022828
0.024256
0.0256967
0.0270822
0.0285237
0.0300846
0.0316601
0.0333218
0.0350128
0.0364438
0.0380224
0.0400418
0.0421074
0.0440814
0.0461489
0.0482652
0.0503873
0.0525128
0.0548642
0.0573493
0.0598041
0.0623679
0.0651014
0.067952
0.0708225
0.0738545
0.0769501
0.0801958
0.0835437
0.0869838
0.0905802
0.0941821
0.0980248
0.101826
0.10578
0.10956
0.113169
0.0151926
0.014539
0.0129797
0.0117365
0.0118344
0.0130801
0.0144156
0.0154194
0.0163928
0.0175369
0.018835
0.0202074
0.0215218
0.0228374
0.0242637
0.025702
0.027087
0.0285282
0.0300878
0.0316632
0.0333209
0.0350092
0.0364504
0.0380348
0.040046
0.0421067
0.0440817
0.0461486
0.0482641
0.0503875
0.0525159
0.0548667
0.0573495
0.0598056
0.0623704
0.0651026
0.0679527
0.0708234
0.0738554
0.0769509
0.0801965
0.0835442
0.0869842
0.0905806
0.0941826
0.0980256
0.101827
0.105782
0.109565
0.113173
0.0150844
0.0145831
0.0131987
0.0119551
0.0119199
0.0130885
0.0144268
0.0154443
0.0164191
0.0175605
0.0188559
0.0202246
0.0215345
0.0228473
0.0242718
0.0257076
0.027092
0.0285329
0.0300913
0.0316663
0.03332
0.0350056
0.036457
0.0380475
0.0400502
0.042106
0.044082
0.0461483
0.0482629
0.0503877
0.0525192
0.0548693
0.0573499
0.0598072
0.0623729
0.0651038
0.0679535
0.0708243
0.0738564
0.0769517
0.0801973
0.0835447
0.0869846
0.0905809
0.0941832
0.0980264
0.101828
0.105785
0.10957
0.113177
0.0149927
0.0146256
0.0134073
0.0121776
0.0120164
0.0130997
0.0144366
0.0154692
0.0164468
0.0175852
0.0188777
0.0202425
0.0215477
0.0228575
0.0242803
0.0257137
0.0270973
0.0285377
0.0300948
0.0316693
0.0333192
0.0350021
0.0364637
0.0380602
0.0400546
0.0421054
0.0440822
0.0461481
0.0482619
0.0503879
0.0525225
0.0548719
0.0573503
0.0598089
0.0623755
0.0651051
0.0679542
0.0708253
0.0738574
0.0769526
0.0801981
0.0835452
0.086985
0.0905814
0.0941838
0.0980274
0.10183
0.105787
0.109576
0.113181
0.014912
0.0146696
0.0136061
0.012401
0.0121223
0.0131129
0.0144445
0.0154934
0.0164755
0.0176114
0.0189005
0.0202611
0.0215615
0.0228682
0.0242891
0.02572
0.0271027
0.0285427
0.0300985
0.0316724
0.0333184
0.0349987
0.0364705
0.038073
0.040059
0.0421048
0.0440825
0.0461478
0.0482608
0.0503882
0.0525259
0.0548747
0.0573507
0.0598107
0.0623781
0.0651065
0.0679551
0.0708263
0.0738585
0.0769535
0.080199
0.0835457
0.0869854
0.0905818
0.0941845
0.0980283
0.101831
0.10579
0.109582
0.113185
0.0148393
0.014712
0.013795
0.0126282
0.0122407
0.0131291
0.0144489
0.0155147
0.0165034
0.0176378
0.0189239
0.0202803
0.0215758
0.0228793
0.0242983
0.0257267
0.0271083
0.0285479
0.0301023
0.0316755
0.0333177
0.0349954
0.0364773
0.0380858
0.0400636
0.0421043
0.0440827
0.0461476
0.0482598
0.0503886
0.0525293
0.0548775
0.0573512
0.0598125
0.0623809
0.0651079
0.0679559
0.0708273
0.0738595
0.0769545
0.0801999
0.0835463
0.0869858
0.0905823
0.0941851
0.0980293
0.101833
0.105793
0.109588
0.11319
0.0147861
0.0147578
0.0139724
0.0128537
0.0123707
0.0131523
0.014454
0.0155361
0.0165328
0.017666
0.0189486
0.0203004
0.0215908
0.0228909
0.024308
0.0257338
0.0271142
0.0285533
0.0301062
0.0316787
0.033317
0.0349922
0.036484
0.0380986
0.0400682
0.0421039
0.044083
0.0461474
0.0482588
0.050389
0.0525329
0.0548803
0.0573518
0.0598144
0.0623837
0.0651094
0.0679568
0.0708284
0.0738607
0.0769555
0.0802008
0.0835469
0.0869862
0.0905828
0.0941859
0.0980304
0.101834
0.105796
0.109595
0.113195
0.0147446
0.0148092
0.01414
0.0130753
0.0125094
0.0131813
0.0144585
0.015556
0.0165623
0.0176954
0.0189746
0.0203215
0.0216064
0.0229031
0.0243181
0.0257412
0.0271205
0.0285589
0.0301104
0.0316818
0.0333164
0.034989
0.0364908
0.0381113
0.0400729
0.0421036
0.0440833
0.0461473
0.0482578
0.0503895
0.0525364
0.0548832
0.0573525
0.0598164
0.0623865
0.0651109
0.0679578
0.0708296
0.0738618
0.0769565
0.0802018
0.0835475
0.0869867
0.0905833
0.0941866
0.0980315
0.101836
0.105798
0.109601
0.1132
0.0147108
0.0148639
0.0143004
0.0132959
0.0126572
0.0132149
0.0144598
0.0155711
0.0165895
0.0177246
0.0190012
0.0203431
0.0216225
0.0229156
0.0243284
0.0257489
0.0271267
0.0285646
0.0301146
0.031685
0.0333158
0.034986
0.0364976
0.038124
0.0400778
0.0421035
0.0440836
0.0461472
0.0482569
0.05039
0.0525401
0.0548862
0.0573532
0.0598184
0.0623895
0.0651125
0.0679588
0.0708307
0.073863
0.0769575
0.0802028
0.0835481
0.0869872
0.0905838
0.0941874
0.0980326
0.101838
0.105802
0.109608
0.113205
0.0147046
0.0149288
0.0144518
0.0135094
0.0128137
0.0132604
0.0144652
0.0155874
0.0166178
0.0177557
0.0190295
0.0203661
0.0216396
0.0229288
0.0243394
0.0257572
0.0271334
0.0285705
0.030119
0.0316883
0.0333153
0.0349832
0.0365043
0.0381367
0.0400827
0.0421035
0.044084
0.0461471
0.048256
0.0503906
0.0525438
0.0548892
0.0573539
0.0598205
0.0623925
0.0651142
0.0679598
0.070832
0.0738643
0.0769586
0.0802038
0.0835488
0.0869877
0.0905844
0.0941882
0.0980339
0.10184
0.105805
0.109615
0.11321
0.0147096
0.0150015
0.0145936
0.0137137
0.0129754
0.0133149
0.0144727
0.0156021
0.0166451
0.0177873
0.0190594
0.0203904
0.0216575
0.0229427
0.0243509
0.0257658
0.0271405
0.0285769
0.0301237
0.0316916
0.0333149
0.0349805
0.0365111
0.0381493
0.0400878
0.0421036
0.0440844
0.046147
0.0482552
0.0503913
0.0525475
0.0548923
0.0573548
0.0598227
0.0623956
0.0651159
0.0679609
0.0708332
0.0738656
0.0769598
0.0802049
0.0835495
0.0869882
0.090585
0.0941891
0.0980351
0.101842
0.105808
0.109622
0.113216
0.0147184
0.0150814
0.0147318
0.0139121
0.01314
0.0133746
0.0144783
0.0156112
0.0166681
0.0178174
0.0190893
0.0204151
0.0216758
0.0229569
0.0243626
0.0257746
0.0271476
0.0285831
0.0301284
0.0316949
0.0333145
0.034978
0.0365178
0.0381617
0.0400929
0.0421038
0.0440849
0.046147
0.0482544
0.050392
0.0525513
0.0548954
0.0573557
0.0598249
0.0623988
0.0651177
0.0679621
0.0708345
0.0738669
0.0769609
0.080206
0.0835502
0.0869887
0.0905856
0.09419
0.0980365
0.101844
0.105812
0.10963
0.113222
0.0147637
0.0151784
0.014866
0.014101
0.0133095
0.0134487
0.0144924
0.0156239
0.0166927
0.017849
0.0191215
0.0204421
0.0216956
0.0229718
0.024375
0.025784
0.0271551
0.0285898
0.0301334
0.0316984
0.0333143
0.0349757
0.0365246
0.0381741
0.0400982
0.0421042
0.0440854
0.0461471
0.0482536
0.0503928
0.0525552
0.0548987
0.0573567
0.0598272
0.062402
0.0651196
0.0679633
0.0708359
0.0738683
0.0769622
0.0802072
0.0835509
0.0869893
0.0905863
0.094191
0.0980379
0.101846
0.105815
0.109638
0.113228
0.0148155
0.015281
0.014991
0.0142792
0.0134814
0.0135324
0.014511
0.0156356
0.0167148
0.0178797
0.0191548
0.0204707
0.0217165
0.0229876
0.024388
0.0257941
0.0271633
0.0285969
0.0301386
0.0317019
0.0333142
0.0349735
0.0365313
0.0381864
0.0401036
0.0421047
0.044086
0.0461472
0.048253
0.0503937
0.0525591
0.0549019
0.0573578
0.0598296
0.0624054
0.0651216
0.0679646
0.0708373
0.0738698
0.0769634
0.0802084
0.0835517
0.0869899
0.090587
0.094192
0.0980394
0.101849
0.105819
0.109646
0.113234
0.0148691
0.0153908
0.0151115
0.0144469
0.0136496
0.0136196
0.01453
0.0156437
0.0167327
0.0179074
0.0191873
0.0204998
0.0217381
0.0230036
0.0244011
0.0258042
0.0271713
0.0286039
0.0301438
0.0317053
0.0333141
0.0349716
0.036538
0.0381986
0.040109
0.0421054
0.0440866
0.0461474
0.0482523
0.0503944
0.052563
0.0549053
0.057359
0.0598321
0.0624088
0.0651236
0.0679659
0.0708388
0.0738713
0.0769647
0.0802096
0.0835525
0.0869906
0.0905878
0.0941931
0.098041
0.101851
0.105823
0.109654
0.113241
0.0149926
0.0155244
0.0152327
0.0146048
0.0138176
0.0137184
0.0145596
0.0156575
0.0167523
0.0179354
0.0192214
0.0205316
0.0217617
0.0230206
0.0244147
0.0258148
0.0271799
0.0286114
0.0301494
0.0317091
0.0333144
0.03497
0.0365447
0.0382106
0.0401146
0.0421062
0.0440874
0.0461476
0.0482518
0.0503955
0.0525671
0.0549087
0.0573603
0.0598347
0.0624123
0.0651257
0.0679674
0.0708403
0.0738729
0.0769661
0.0802109
0.0835534
0.0869913
0.0905885
0.0941942
0.0980426
0.101854
0.105827
0.109662
0.113248
0.0151472
0.0156696
0.015353
0.0147569
0.0139872
0.0138256
0.0145958
0.0156729
0.0167704
0.0179612
0.0192551
0.0205648
0.0217869
0.0230386
0.0244293
0.0258265
0.0271892
0.0286193
0.0301552
0.0317129
0.0333146
0.0349685
0.0365514
0.0382225
0.0401204
0.0421072
0.0440882
0.0461479
0.0482514
0.0503966
0.0525712
0.0549122
0.0573617
0.0598374
0.0624159
0.0651279
0.0679689
0.0708419
0.0738745
0.0769675
0.0802122
0.0835543
0.086992
0.0905894
0.0941954
0.0980443
0.101857
0.105831
0.109671
0.113255
0.015278
0.0158167
0.0154751
0.0149008
0.0141493
0.0139329
0.0146348
0.015689
0.0167868
0.0179839
0.0192871
0.0205988
0.0218136
0.0230576
0.0244441
0.025838
0.0271982
0.0286269
0.030161
0.0317167
0.0333151
0.0349674
0.0365575
0.0382343
0.0401261
0.0421084
0.0440891
0.0461483
0.048251
0.0503978
0.0525753
0.0549157
0.0573631
0.0598401
0.0624195
0.0651302
0.0679705
0.0708436
0.0738762
0.076969
0.0802136
0.0835552
0.0869928
0.0905903
0.0941967
0.0980461
0.10186
0.105836
0.10968
0.113262
0.0153941
0.0159673
0.0155978
0.0150344
0.0143047
0.0140432
0.0146805
0.0157103
0.0168051
0.0180056
0.0193183
0.0206343
0.0218424
0.0230775
0.0244591
0.0258499
0.0272079
0.0286353
0.0301674
0.0317208
0.0333157
0.0349665
0.0365642
0.0382459
0.0401321
0.0421098
0.0440901
0.0461489
0.0482508
0.0503991
0.0525795
0.0549193
0.0573647
0.0598429
0.0624233
0.0651326
0.0679721
0.0708453
0.073878
0.0769705
0.0802151
0.0835562
0.0869936
0.0905912
0.094198
0.098048
0.101863
0.10584
0.109689
0.11327
0.015491
0.0161145
0.0157227
0.0151648
0.0144592
0.014159
0.0147326
0.0157355
0.016825
0.0180258
0.0193475
0.0206698
0.0218727
0.0230989
0.0244756
0.0258632
0.0272183
0.0286439
0.0301738
0.0317249
0.0333165
0.0349659
0.0365709
0.0382573
0.0401381
0.0421113
0.0440912
0.0461495
0.0482506
0.0504005
0.0525838
0.054923
0.0573665
0.0598459
0.0624271
0.065135
0.0679739
0.0708471
0.0738798
0.0769721
0.0802166
0.0835572
0.0869944
0.0905922
0.0941994
0.09805
0.101866
0.105845
0.109698
0.113278
0.0155681
0.0162607
0.0158557
0.015295
0.0146103
0.0142755
0.0147876
0.015764
0.0168468
0.0180449
0.0193746
0.0207059
0.0219056
0.0231226
0.0244928
0.0258763
0.0272284
0.0286525
0.0301804
0.0317292
0.0333175
0.0349657
0.0365777
0.0382686
0.0401441
0.0421131
0.0440924
0.0461502
0.0482506
0.050402
0.0525881
0.0549268
0.0573683
0.0598489
0.062431
0.0651376
0.0679757
0.0708489
0.0738817
0.0769737
0.0802181
0.0835583
0.0869953
0.0905932
0.0942009
0.0980521
0.10187
0.10585
0.109708
0.113287
0.0156348
0.0164093
0.0159945
0.0154205
0.0147547
0.0143929
0.0148467
0.0157963
0.016871
0.0180637
0.0194
0.0207419
0.0219399
0.023147
0.0245103
0.0258898
0.0272393
0.0286618
0.0301875
0.0317337
0.0333186
0.0349657
0.0365844
0.0382797
0.0401504
0.0421151
0.0440938
0.046151
0.0482507
0.0504036
0.0525925
0.0549306
0.0573703
0.059852
0.062435
0.0651402
0.0679776
0.0708508
0.0738837
0.0769754
0.0802197
0.0835594
0.0869963
0.0905943
0.0942025
0.0980543
0.101873
0.105855
0.109718
0.113295
0.015697
0.0165575
0.0161341
0.0155416
0.0148954
0.0145127
0.0149092
0.0158317
0.0168987
0.0180833
0.0194231
0.0207761
0.0219747
0.0231732
0.0245296
0.0259049
0.0272509
0.028671
0.0301945
0.0317383
0.0333201
0.0349662
0.0365913
0.0382906
0.0401567
0.0421173
0.0440953
0.046152
0.048251
0.0504054
0.0525969
0.0549346
0.0573724
0.0598553
0.0624391
0.065143
0.0679797
0.0708528
0.0738857
0.0769771
0.0802214
0.0835606
0.0869973
0.0905954
0.0942041
0.0980566
0.101877
0.10586
0.109728
0.113304
0.0157544
0.0167014
0.0162745
0.015662
0.0150329
0.0146331
0.0149742
0.01587
0.0169295
0.0181033
0.0194437
0.0208093
0.0220116
0.0232021
0.0245503
0.0259203
0.0272622
0.0286802
0.0302021
0.0317434
0.0333218
0.0349668
0.0365981
0.0383014
0.0401631
0.0421197
0.044097
0.0461531
0.0482514
0.0504072
0.0526014
0.0549386
0.0573746
0.0598586
0.0624433
0.0651459
0.0679818
0.0708549
0.0738879
0.0769789
0.0802231
0.0835618
0.0869984
0.0905967
0.0942059
0.0980591
0.101881
0.105866
0.109738
0.113314
0.0158092
0.0168408
0.0164169
0.015781
0.0151657
0.0147547
0.0150425
0.0159097
0.0169624
0.0181248
0.0194637
0.0208418
0.0220491
0.0232318
0.0245717
0.0259365
0.0272746
0.0286903
0.0302099
0.0317484
0.0333236
0.0349678
0.0366049
0.038312
0.0401696
0.0421223
0.0440988
0.0461543
0.048252
0.0504092
0.052606
0.0549427
0.057377
0.0598621
0.0624476
0.0651488
0.067984
0.070857
0.0738901
0.0769808
0.0802249
0.0835631
0.0869995
0.090598
0.0942077
0.0980617
0.101885
0.105871
0.109748
0.113323
0.0158594
0.0169746
0.01656
0.0158988
0.0152946
0.0148766
0.0151124
0.0159505
0.0169993
0.0181499
0.0194828
0.0208716
0.0220859
0.0232628
0.0245951
0.0259545
0.0272877
0.0287001
0.0302176
0.0317537
0.0333258
0.0349692
0.0366118
0.0383225
0.0401762
0.0421252
0.0441008
0.0461558
0.0482528
0.0504114
0.0526107
0.0549469
0.0573795
0.0598656
0.062452
0.0651519
0.0679864
0.0708593
0.0738924
0.0769828
0.0802268
0.0835644
0.0870007
0.0905993
0.0942097
0.0980644
0.10189
0.105877
0.109759
0.113333
0.015901
0.017103
0.0167046
0.0160159
0.0154179
0.0149978
0.0151855
0.0159939
0.0170392
0.0181768
0.0195004
0.0208995
0.0221233
0.0232958
0.0246201
0.0259732
0.027301
0.0287102
0.0302258
0.0317594
0.0333282
0.0349708
0.0366188
0.0383328
0.0401829
0.0421283
0.044103
0.0461573
0.0482537
0.0504136
0.0526154
0.0549512
0.0573822
0.0598693
0.0624565
0.0651551
0.0679888
0.0708616
0.0738948
0.0769848
0.0802288
0.0835658
0.087002
0.0906008
0.0942118
0.0980672
0.101894
0.105884
0.10977
0.113344
0.0159361
0.017227
0.0168489
0.0161302
0.0155359
0.0151201
0.0152631
0.0160378
0.0170802
0.0182063
0.0195184
0.0209263
0.0221605
0.0233294
0.0246459
0.0259933
0.0273157
0.028721
0.0302342
0.0317652
0.0333309
0.0349729
0.0366259
0.0383429
0.0401897
0.0421318
0.0441054
0.0461591
0.0482548
0.0504161
0.0526202
0.0549556
0.057385
0.0598731
0.0624611
0.0651584
0.0679914
0.070864
0.0738973
0.0769869
0.0802308
0.0835673
0.0870034
0.0906024
0.0942139
0.0980702
0.101899
0.10589
0.109781
0.113355
0.0159665
0.0173437
0.0169911
0.0162442
0.0156507
0.0152423
0.0153429
0.0160813
0.0171225
0.0182392
0.0195372
0.0209514
0.0221968
0.0233634
0.0246732
0.0260151
0.0273313
0.0287319
0.0302425
0.0317712
0.0333339
0.0349752
0.036633
0.038353
0.0401966
0.0421354
0.044108
0.0461611
0.0482562
0.0504186
0.0526251
0.0549601
0.057388
0.059877
0.0624658
0.0651618
0.0679941
0.0708665
0.0738998
0.076989
0.0802329
0.0835689
0.0870048
0.090604
0.0942162
0.0980734
0.101904
0.105897
0.109792
0.113366
0.0159922
0.0174523
0.0171332
0.0163595
0.015761
0.0153621
0.0154256
0.016126
0.0171663
0.0182756
0.019557
0.0209747
0.022232
0.0233981
0.0247019
0.0260382
0.0273479
0.0287433
0.0302513
0.0317775
0.0333371
0.0349779
0.0366402
0.0383629
0.0402035
0.0421392
0.0441109
0.0461633
0.0482578
0.0504214
0.05263
0.0549647
0.0573911
0.0598811
0.0624706
0.0651654
0.0679969
0.0708691
0.0739025
0.0769913
0.080235
0.0835705
0.0870063
0.0906058
0.0942186
0.0980767
0.101909
0.105904
0.109803
0.113377
0.0160128
0.0175529
0.0172742
0.0164751
0.0158657
0.015479
0.0155119
0.0161723
0.0172108
0.0183147
0.0195774
0.020997
0.0222672
0.0234331
0.0247312
0.0260627
0.0273658
0.0287554
0.0302603
0.031784
0.0333406
0.0349808
0.0366475
0.0383727
0.0402106
0.0421434
0.044114
0.0461656
0.0482596
0.0504243
0.0526351
0.0549695
0.0573944
0.0598853
0.0624755
0.0651691
0.0679999
0.0708718
0.0739053
0.0769936
0.0802373
0.0835723
0.0870079
0.0906076
0.0942212
0.0980802
0.101914
0.105911
0.109815
0.113389
0.0160291
0.0176447
0.0174128
0.0165912
0.0159652
0.0155929
0.0156024
0.0162198
0.0172542
0.018356
0.0196
0.0210189
0.0223014
0.0234675
0.0247608
0.0260888
0.0273852
0.028768
0.0302696
0.0317909
0.0333444
0.034984
0.0366548
0.0383825
0.0402178
0.0421479
0.0441173
0.0461683
0.0482616
0.0504274
0.0526402
0.0549743
0.057398
0.0598896
0.0624805
0.0651729
0.068003
0.0708746
0.0739082
0.076996
0.0802396
0.0835741
0.0870096
0.0906096
0.0942238
0.0980839
0.10192
0.105918
0.109827
0.113401
0.016045
0.0177282
0.017548
0.0167085
0.0160614
0.0157034
0.0156955
0.016268
0.0172968
0.0184006
0.0196247
0.0210395
0.0223346
0.0235021
0.0247909
0.0261162
0.027406
0.0287813
0.0302792
0.0317982
0.0333484
0.0349874
0.0366623
0.0383922
0.040225
0.0421526
0.0441209
0.0461711
0.0482639
0.0504306
0.0526455
0.0549794
0.0574016
0.0598941
0.0624856
0.0651769
0.0680063
0.0708775
0.0739113
0.0769985
0.0802421
0.083576
0.0870114
0.0906117
0.0942266
0.0980878
0.101926
0.105926
0.109839
0.113414
0.0160615
0.0178026
0.0176778
0.0168278
0.0161545
0.0158077
0.0157901
0.0163185
0.017339
0.0184471
0.0196513
0.0210598
0.0223678
0.0235368
0.0248208
0.0261445
0.0274284
0.0287956
0.0302892
0.0318057
0.0333529
0.0349912
0.0366698
0.0384018
0.0402324
0.0421576
0.0441248
0.0461743
0.0482664
0.0504341
0.0526509
0.0549845
0.0574055
0.0598986
0.0624909
0.0651811
0.0680097
0.0708806
0.0739144
0.0770011
0.0802446
0.0835781
0.0870133
0.090614
0.0942296
0.0980919
0.101932
0.105934
0.109852
0.113427
0.0160774
0.0178675
0.017801
0.0169487
0.0162447
0.0159055
0.015887
0.0163724
0.0173797
0.018495
0.0196806
0.0210797
0.0224002
0.0235712
0.0248502
0.0261736
0.0274525
0.0288107
0.0302995
0.0318138
0.0333577
0.0349951
0.0366773
0.0384114
0.04024
0.0421629
0.0441289
0.0461777
0.0482692
0.0504377
0.0526564
0.0549898
0.0574096
0.0599034
0.0624963
0.0651854
0.0680132
0.0708837
0.0739177
0.0770038
0.0802472
0.0835802
0.0870153
0.0906164
0.0942327
0.0980962
0.101938
0.105942
0.109864
0.11344
0.0160961
0.0179261
0.017917
0.0170703
0.0163339
0.0159971
0.0159848
0.0164291
0.0174179
0.0185436
0.0197126
0.0210993
0.0224322
0.023606
0.0248793
0.0262031
0.0274782
0.0288269
0.0303103
0.0318224
0.0333629
0.0349991
0.036685
0.038421
0.0402476
0.0421684
0.0441334
0.0461815
0.0482723
0.0504416
0.052662
0.0549952
0.0574138
0.0599083
0.0625019
0.0651898
0.068017
0.070887
0.0739211
0.0770066
0.0802499
0.0835824
0.0870174
0.090619
0.0942359
0.0981008
0.101944
0.10595
0.109877
0.113453
0.0161212
0.0179802
0.0180234
0.0171908
0.0164228
0.0160812
0.0160807
0.016489
0.0174548
0.0185928
0.019748
0.0211189
0.0224634
0.0236409
0.0249077
0.0262324
0.0275054
0.0288446
0.0303214
0.0318312
0.0333687
0.0350035
0.0366926
0.0384305
0.0402553
0.0421742
0.0441382
0.0461855
0.0482757
0.0504456
0.0526677
0.0550008
0.0574183
0.0599134
0.0625076
0.0651945
0.0680208
0.0708904
0.0739246
0.0770096
0.0802527
0.0835849
0.0870196
0.0906217
0.0942393
0.0981056
0.101951
0.105959
0.10989
0.113467
0.0161531
0.0180304
0.0181188
0.0173081
0.0165128
0.0161586
0.016174
0.0165536
0.0174907
0.0186409
0.019786
0.0211384
0.0224937
0.0236766
0.024936
0.0262615
0.027534
0.0288635
0.030333
0.0318406
0.0333751
0.0350082
0.0367001
0.03844
0.0402633
0.0421804
0.0441433
0.0461898
0.0482794
0.05045
0.0526737
0.0550065
0.057423
0.0599186
0.0625134
0.0651993
0.0680249
0.070894
0.0739282
0.0770126
0.0802557
0.0835874
0.087022
0.0906246
0.0942429
0.0981105
0.101958
0.105968
0.109903
0.113482
0.0161918
0.0180789
0.0182041
0.0174212
0.0166048
0.0162304
0.0162625
0.0166218
0.0175251
0.0186871
0.0198273
0.0211588
0.0225233
0.0237129
0.0249639
0.0262899
0.0275632
0.0288839
0.0303454
0.0318505
0.0333819
0.0350131
0.0367078
0.0384495
0.0402712
0.0421868
0.0441488
0.0461945
0.0482833
0.0504545
0.0526797
0.0550125
0.0574279
0.059924
0.0625193
0.0652043
0.0680292
0.0708978
0.073932
0.0770157
0.0802587
0.08359
0.0870245
0.0906278
0.0942467
0.0981158
0.101965
0.105978
0.109917
0.113496
0.0162364
0.0181282
0.0182804
0.0175272
0.0166971
0.0162969
0.0163442
0.0166931
0.0175599
0.0187309
0.0198718
0.0211803
0.0225513
0.0237495
0.0249917
0.0263173
0.0275932
0.028906
0.0303585
0.0318605
0.0333895
0.0350185
0.0367154
0.0384589
0.0402794
0.0421935
0.0441546
0.0461997
0.0482877
0.0504592
0.0526859
0.0550185
0.0574331
0.0599296
0.0625255
0.0652094
0.0680336
0.0709017
0.073936
0.077019
0.0802619
0.0835929
0.0870271
0.090631
0.0942506
0.0981213
0.101972
0.105987
0.109931
0.113511
0.0162839
0.0181789
0.0183476
0.0176232
0.0167896
0.016361
0.0164185
0.016767
0.017596
0.0187712
0.019918
0.0212029
0.0225778
0.0237872
0.02502
0.0263438
0.0276234
0.0289293
0.0303724
0.031871
0.0333976
0.0350246
0.0367231
0.0384682
0.0402877
0.0422005
0.0441607
0.046205
0.0482923
0.0504643
0.0526923
0.0550248
0.0574384
0.0599354
0.0625318
0.0652148
0.0680382
0.0709056
0.0739401
0.0770225
0.0802653
0.0835958
0.0870298
0.0906345
0.0942547
0.098127
0.10198
0.105997
0.109945
0.113526
0.0163309
0.018231
0.0184072
0.0177089
0.016881
0.0164236
0.0164842
0.0168412
0.0176339
0.0188075
0.0199657
0.0212277
0.0226029
0.0238251
0.0250488
0.0263694
0.0276534
0.0289535
0.0303875
0.031882
0.0334061
0.0350312
0.0367311
0.0384773
0.0402959
0.0422079
0.0441674
0.0462108
0.0482971
0.0504696
0.0526989
0.0550313
0.0574441
0.0599413
0.0625382
0.0652204
0.0680431
0.07091
0.0739443
0.077026
0.0802687
0.083599
0.0870328
0.0906382
0.0942591
0.098133
0.101988
0.106007
0.109959
0.113542
0.0163753
0.0182836
0.0184615
0.0177837
0.0169683
0.0164854
0.0165416
0.0169135
0.0176746
0.01884
0.0200142
0.0212556
0.0226261
0.0238626
0.0250784
0.026394
0.0276832
0.0289787
0.0304036
0.0318936
0.033415
0.0350384
0.0367395
0.0384867
0.0403043
0.0422152
0.0441743
0.0462171
0.0483025
0.0504752
0.0527055
0.055038
0.05745
0.0599475
0.0625449
0.0652262
0.068048
0.0709144
0.0739488
0.0770297
0.0802722
0.0836023
0.0870358
0.0906422
0.0942636
0.0981392
0.101996
0.106018
0.109973
0.113558
0.0164138
0.0183352
0.018512
0.0178471
0.0170489
0.0165475
0.0165917
0.0169824
0.0177185
0.018869
0.0200613
0.0212863
0.022648
0.0239
0.0251092
0.0264173
0.0277123
0.0290049
0.0304206
0.0319058
0.0334241
0.0350461
0.0367483
0.038496
0.0403129
0.0422232
0.0441813
0.0462234
0.0483082
0.0504813
0.0527125
0.0550448
0.0574561
0.0599539
0.0625518
0.0652322
0.0680532
0.070919
0.0739534
0.0770337
0.0802761
0.0836058
0.087039
0.0906463
0.0942684
0.0981457
0.102004
0.106028
0.109988
0.113574
0.0164448
0.0183838
0.018559
0.0179005
0.0171215
0.0166091
0.0166354
0.0170455
0.0177655
0.0188952
0.0201058
0.0213201
0.0226692
0.0239365
0.0251413
0.02644
0.0277404
0.029031
0.0304385
0.0319192
0.0334337
0.035054
0.0367577
0.0385055
0.0403212
0.0422315
0.0441892
0.0462301
0.0483138
0.0504874
0.0527199
0.055052
0.0574626
0.0599604
0.0625587
0.0652384
0.0680588
0.0709238
0.073958
0.0770376
0.08028
0.0836096
0.0870424
0.0906507
0.0942733
0.0981525
0.102013
0.106039
0.110003
0.113591
0.016469
0.0184279
0.0186026
0.0179455
0.0171842
0.0166691
0.0166737
0.0171011
0.0178151
0.01892
0.0201464
0.0213571
0.0226901
0.0239708
0.025175
0.0264624
0.0277673
0.0290575
0.0304569
0.0319336
0.0334441
0.0350621
0.0367676
0.0385155
0.0403296
0.0422395
0.0441973
0.0462377
0.0483203
0.0504938
0.0527269
0.0550593
0.0574695
0.0599674
0.062566
0.0652448
0.0680643
0.0709289
0.073963
0.0770418
0.080284
0.0836134
0.0870461
0.0906554
0.0942786
0.0981595
0.102022
0.106051
0.110018
0.113607
0.0164859
0.0184656
0.0186425
0.017983
0.0172352
0.0167259
0.0167086
0.0171477
0.0178654
0.0189449
0.0201828
0.0213958
0.0227116
0.0240031
0.02521
0.0264845
0.0277925
0.0290842
0.0304757
0.0319487
0.0334557
0.0350705
0.0367776
0.0385258
0.0403383
0.042248
0.0442054
0.046245
0.0483272
0.0505012
0.0527346
0.0550666
0.0574763
0.0599744
0.0625736
0.0652516
0.0680703
0.0709341
0.0739681
0.0770463
0.0802884
0.0836175
0.0870497
0.0906602
0.0942841
0.0981668
0.102031
0.106062
0.110033
0.113625
0.0164945
0.0184955
0.0186768
0.0180144
0.0172748
0.0167767
0.0167417
0.0171857
0.0179139
0.0189709
0.020215
0.0214356
0.0227341
0.0240327
0.0252458
0.0265075
0.0278163
0.0291103
0.0304945
0.0319642
0.0334679
0.0350794
0.0367885
0.0385371
0.0403468
0.0422563
0.0442144
0.0462528
0.0483337
0.0505084
0.0527429
0.0550749
0.0574838
0.0599815
0.0625809
0.0652584
0.0680766
0.0709398
0.0739734
0.0770508
0.0802928
0.0836219
0.0870538
0.0906653
0.0942897
0.0981743
0.102041
0.106074
0.110049
0.113642
0.0164945
0.0185168
0.0187035
0.0180401
0.0173044
0.0168188
0.0167723
0.0172158
0.0179593
0.0189981
0.0202419
0.0214754
0.0227596
0.0240595
0.025281
0.0265312
0.0278381
0.0291365
0.0305142
0.0319798
0.0334812
0.0350884
0.0367989
0.0385495
0.0403566
0.0422645
0.044223
0.0462613
0.0483413
0.0505158
0.0527505
0.0550829
0.0574919
0.0599896
0.062589
0.0652653
0.0680827
0.0709454
0.0739789
0.0770557
0.0802975
0.0836264
0.0870579
0.0906709
0.0942957
0.0981821
0.102051
0.106086
0.110065
0.113659
0.0164854
0.0185292
0.0187222
0.0180589
0.0173246
0.0168513
0.0167995
0.0172384
0.0179996
0.0190273
0.0202647
0.0215122
0.0227877
0.0240853
0.0253158
0.0265559
0.0278577
0.0291606
0.0305343
0.0319964
0.0334962
0.0350985
0.0368088
0.0385617
0.0403668
0.0422733
0.0442323
0.0462696
0.0483488
0.0505243
0.0527592
0.0550908
0.0574995
0.0599974
0.0625975
0.0652731
0.0680896
0.0709513
0.0739844
0.0770606
0.0803024
0.0836312
0.0870623
0.0906764
0.094302
0.0981903
0.102061
0.106098
0.110081
0.113677
0.0164661
0.0185313
0.0187318
0.0180687
0.0173356
0.016873
0.0168224
0.0172551
0.0180323
0.0190586
0.0202867
0.0215458
0.022816
0.0241082
0.0253493
0.0265831
0.0278767
0.029183
0.0305539
0.0320126
0.0335118
0.0351101
0.0368194
0.0385748
0.0403776
0.0422811
0.0442413
0.0462791
0.0483568
0.0505323
0.0527682
0.0551001
0.0575081
0.0600052
0.0626054
0.0652805
0.0680967
0.070958
0.0739905
0.0770659
0.0803074
0.0836361
0.087067
0.0906824
0.0943085
0.0981985
0.102071
0.106111
0.110097
0.113695
0.0164364
0.0185217
0.0187313
0.0180686
0.0173368
0.0168825
0.0168383
0.017267
0.0180568
0.0190895
0.0203089
0.0215767
0.0228467
0.02413
0.0253784
0.0266102
0.0278956
0.0292044
0.0305745
0.032029
0.0335275
0.0351226
0.0368296
0.0385882
0.0403905
0.04229
0.0442493
0.046288
0.0483656
0.0505413
0.052777
0.0551089
0.0575171
0.0600143
0.0626144
0.0652881
0.0681035
0.0709642
0.0739967
0.0770717
0.080313
0.0836415
0.0870718
0.0906885
0.0943153
0.0982071
0.102082
0.106123
0.110113
0.113713
0.0163971
0.0184988
0.01872
0.0180584
0.017328
0.0168806
0.0168452
0.0172741
0.0180735
0.019118
0.0203308
0.0216031
0.0228782
0.0241536
0.0254051
0.0266361
0.0279128
0.0292223
0.0305946
0.0320476
0.033545
0.0351367
0.0368402
0.0386006
0.0404034
0.0422996
0.0442583
0.0462975
0.048374
0.0505501
0.0527867
0.0551185
0.057526
0.060023
0.0626236
0.0652966
0.0681114
0.0709709
0.0740026
0.0770772
0.0803185
0.0836471
0.0870772
0.0906951
0.0943223
0.0982159
0.102093
0.106136
0.11013
0.113732
0.0163474
0.01846
0.0186946
0.0180359
0.0173079
0.0168683
0.0168421
0.0172766
0.0180837
0.0191425
0.0203545
0.021627
0.0229075
0.0241769
0.0254298
0.0266626
0.0279302
0.0292367
0.0306119
0.0320653
0.0335629
0.0351529
0.0368527
0.0386141
0.0404177
0.0423093
0.0442657
0.0463071
0.0483843
0.0505595
0.052796
0.0551283
0.0575359
0.0600323
0.0626327
0.0653047
0.0681193
0.0709784
0.0740095
0.0770833
0.0803242
0.0836526
0.0870824
0.0907019
0.0943299
0.0982251
0.102105
0.10615
0.110146
0.11375
0.0162864
0.0184045
0.0186514
0.0179985
0.0172738
0.0168439
0.0168279
0.0172733
0.0180888
0.0191615
0.020379
0.0216497
0.0229344
0.0242006
0.025451
0.0266868
0.0279506
0.0292521
0.0306282
0.032083
0.0335793
0.0351678
0.036865
0.0386271
0.0404327
0.0423215
0.0442742
0.0463158
0.0483941
0.0505698
0.0528063
0.0551384
0.0575457
0.060042
0.0626425
0.0653133
0.0681273
0.0709855
0.0740162
0.07709
0.0803307
0.083659
0.0870881
0.0907088
0.0943373
0.0982343
0.102116
0.106163
0.110163
0.113769
0.0162128
0.0183318
0.0185876
0.0179442
0.0172242
0.016806
0.0168023
0.0172627
0.0180905
0.019176
0.0204024
0.0216703
0.0229569
0.0242233
0.0254693
0.0267059
0.0279693
0.0292671
0.030645
0.0321049
0.0336003
0.0351844
0.0368781
0.0386393
0.0404457
0.0423328
0.0442829
0.0463252
0.0484049
0.0505803
0.0528166
0.0551495
0.0575565
0.060052
0.0626522
0.065322
0.0681359
0.0709933
0.0740231
0.0770964
0.0803369
0.0836653
0.0870944
0.0907165
0.0943456
0.0982439
0.102128
0.106177
0.110179
0.113787
0.0161239
0.0182401
0.0185011
0.0178701
0.0171572
0.0167537
0.0167662
0.0172453
0.018091
0.0191884
0.0204255
0.0216922
0.0229758
0.0242426
0.0254844
0.0267199
0.0279853
0.0292793
0.0306566
0.0321244
0.0336228
0.0352034
0.0368946
0.0386548
0.0404601
0.0423451
0.0442913
0.0463326
0.0484151
0.0505919
0.0528273
0.0551601
0.0575675
0.060063
0.0626628
0.0653312
0.0681446
0.0710011
0.0740303
0.0771034
0.0803433
0.0836716
0.0871002
0.0907237
0.0943538
0.0982541
0.102141
0.106191
0.110197
0.113807
0.01601
0.0181237
0.0183873
0.0177704
0.0170692
0.0166833
0.0167166
0.0172187
0.01809
0.0192018
0.0204499
0.0217178
0.0229948
0.0242608
0.0254983
0.0267293
0.0279995
0.0292943
0.0306681
0.0321422
0.0336446
0.0352198
0.0369091
0.0386703
0.0404745
0.0423589
0.0443032
0.0463423
0.0484258
0.0506037
0.0528389
0.0551716
0.0575787
0.0600737
0.0626733
0.0653407
0.068154
0.0710094
0.0740377
0.0771106
0.0803501
0.0836785
0.0871067
0.0907313
0.0943617
0.098263
0.102152
0.106204
0.110213
0.113824
0.0158646
0.0179763
0.0182405
0.017639
0.0169581
0.0165962
0.0166556
0.0171829
0.0180847
0.0192125
0.0204695
0.0217416
0.0230115
0.0242744
0.0255108
0.0267374
0.028011
0.0293095
0.0306809
0.0321609
0.0336703
0.0352393
0.0369231
0.0386846
0.0404863
0.0423701
0.0443139
0.0463516
0.0484379
0.050618
0.0528523
0.0551846
0.0575922
0.0600869
0.0626856
0.0653516
0.0681645
0.071019
0.0740467
0.0771193
0.0803582
0.0836866
0.0871146
0.0907406
0.0943721
0.0982751
0.102166
0.106219
0.110231
0.113845
0.0156824
0.0177896
0.0180509
0.0174655
0.0168164
0.0164904
0.0165875
0.0171463
0.0180813
0.0192255
0.0204847
0.02176
0.0230233
0.0242801
0.0255177
0.0267428
0.0280208
0.0293275
0.0306955
0.0321772
0.0336954
0.0352601
0.036938
0.0387003
0.0404986
0.0423803
0.0443233
0.0463575
0.0484441
0.0506271
0.0528618
0.0551935
0.0576008
0.0600957
0.0626942
0.0653594
0.0681721
0.0710257
0.0740527
0.0771255
0.0803639
0.0836924
0.0871199
0.0907469
0.0943788
0.0982829
0.102176
0.106231
0.110245
0.113861
0.0154774
0.0175621
0.0178153
0.0172464
0.0166373
0.0163585
0.016508
0.0171094
0.0180803
0.0192431
0.0205014
0.0217768
0.0230325
0.0242794
0.0255184
0.0267449
0.0280276
0.0293483
0.030719
0.0321995
0.0337264
0.0352878
0.0369573
0.0387207
0.0405168
0.0423972
0.0443416
0.0463743
0.0484616
0.0506464
0.052881
0.0552115
0.0576185
0.0601129
0.0627103
0.0653738
0.0681862
0.0710384
0.0740646
0.077137
0.0803744
0.0837029
0.0871302
0.0907584
0.0943914
0.0982966
0.102192
0.106248
0.110265
0.113883
0.0152542
0.0172919
0.0175317
0.0169872
0.0164273
0.0162054
0.0164179
0.0170689
0.0180724
0.0192501
0.0205017
0.0217719
0.0230201
0.0242557
0.0254984
0.0267335
0.0280219
0.0293563
0.03073
0.032206
0.0337434
0.0353059
0.0369654
0.038728
0.0405223
0.0424003
0.0443457
0.046377
0.0484642
0.0506524
0.0528887
0.0552185
0.0576253
0.0601203
0.0627176
0.0653804
0.0681924
0.0710439
0.0740697
0.0771426
0.0803793
0.0837079
0.0871348
0.0907641
0.0943977
0.0983044
0.102202
0.10626
0.110279
0.113898
0.014898
0.016926
0.0171913
0.0167041
0.0162329
0.0161041
0.0164059
0.017115
0.0181377
0.0193123
0.0205418
0.0217933
0.0230289
0.0242512
0.0254974
0.0267456
0.0280413
0.0293914
0.0307719
0.0322377
0.0337788
0.0353425
0.0369904
0.0387516
0.0405466
0.042422
0.0443678
0.0463989
0.0484846
0.0506726
0.0529101
0.0552389
0.0576441
0.0601383
0.0627352
0.0653965
0.0682078
0.0710578
0.0740828
0.0771551
0.0803909
0.0837197
0.0871463
0.0907761
0.0944105
0.0983177
0.102217
0.106276
0.110297
0.113919
0.0141474
0.0161025
0.0164358
0.0161051
0.0158217
0.0158671
0.0163138
0.0171034
0.0181431
0.0193075
0.0205123
0.0217466
0.0229798
0.0242022
0.0254589
0.026727
0.0280324
0.0293943
0.0307852
0.0322445
0.0337904
0.035361
0.0369985
0.038755
0.0405527
0.0424266
0.044372
0.0464058
0.0484921
0.0506809
0.0529213
0.0552503
0.0576543
0.0601487
0.0627458
0.065406
0.0682163
0.0710656
0.0740904
0.0771627
0.0803973
0.0837262
0.0871525
0.0907837
0.0944191
0.0983279
0.10223
0.10629
0.110313
0.113936
0.0143423
0.0158189
0.0159742
0.0157249
0.0156176
0.0158239
0.0163793
0.0171995
0.0182115
0.0193358
0.0205037
0.021715
0.0229492
0.0241798
0.0254488
0.0267383
0.0280554
0.0294258
0.0308248
0.0322735
0.0338129
0.0353893
0.0370202
0.0387702
0.0405717
0.042445
0.0443868
0.0464225
0.0485084
0.0506939
0.0529365
0.0552667
0.057668
0.0601613
0.0627594
0.0654191
0.0682282
0.0710767
0.0741012
0.0771734
0.0804071
0.0837363
0.087162
0.0907931
0.0944289
0.0983377
0.102241
0.106302
0.110327
0.113951
0.0119877
0.0140119
0.0148103
0.0151524
0.0154797
0.0159369
0.0165613
0.0173408
0.0182763
0.0193371
0.0204667
0.0216593
0.0228989
0.0241462
0.0254321
0.0267429
0.0280716
0.0294462
0.0308556
0.0323026
0.0338365
0.0354195
0.0370456
0.038785
0.0405903
0.0424655
0.044403
0.0464427
0.0485317
0.0507142
0.0529584
0.0552902
0.0576893
0.0601807
0.0627791
0.0654371
0.0682443
0.0710917
0.0741156
0.0771872
0.080419
0.0837479
0.0871732
0.0908054
0.0944425
0.0983529
0.102259
0.10632
0.110347
0.113974
0.0102002
0.0112881
0.0127801
0.0141346
0.0152084
0.0160162
0.0167139
0.0174497
0.0183012
0.0192858
0.0203759
0.0215572
0.0228108
0.0240848
0.0253944
0.0267296
0.0280746
0.0294543
0.0308696
0.0323127
0.0338362
0.0354242
0.0370527
0.038784
0.0405933
0.0424726
0.0444045
0.0464462
0.0485378
0.0507156
0.0529615
0.0552973
0.0576939
0.0601841
0.0627848
0.0654435
0.0682492
0.0710963
0.0741203
0.0771921
0.0804234
0.0837531
0.0871783
0.0908105
0.0944479
0.0983581
0.102265
0.106328
0.110356
0.113983
0.0090918
0.0115099
0.013141
0.0143252
0.0152611
0.0160642
0.0168163
0.0175763
0.0184037
0.0193401
0.0203929
0.0215497
0.0227963
0.0240817
0.0254068
0.0267574
0.0281146
0.0294969
0.0309161
0.0323612
0.0338741
0.0354632
0.0370927
0.0388117
0.0406221
0.0425065
0.0444328
0.0464768
0.048574
0.0507476
0.0529924
0.0553306
0.0577252
0.0602118
0.0628127
0.0654694
0.0682726
0.0711183
0.0741414
0.0772122
0.0804412
0.0837702
0.0871946
0.0908276
0.0944661
0.0983777
0.102287
0.106349
0.110379
0.11401
0.0081448
0.00956486
0.0114625
0.013261
0.0147371
0.0158841
0.0167895
0.017589
0.0184031
0.019308
0.0203434
0.0214881
0.0227281
0.0240211
0.0253607
0.0267264
0.0280991
0.0294907
0.0309141
0.0323633
0.0338694
0.0354582
0.0370959
0.0388077
0.0406181
0.0425097
0.0444308
0.0464741
0.0485758
0.050746
0.0529899
0.0553325
0.0577264
0.0602109
0.0628137
0.065472
0.0682739
0.0711195
0.074143
0.077214
0.0804428
0.0837725
0.0871969
0.0908298
0.0944685
0.0983798
0.10229
0.106353
0.110383
0.114014
0.00673146
0.00979563
0.0119737
0.0135895
0.014854
0.0159017
0.0168041
0.0176217
0.0184468
0.0193479
0.0203779
0.0215186
0.0227511
0.0240416
0.0253825
0.0267507
0.0281263
0.0295211
0.0309463
0.0324002
0.0339064
0.0354921
0.037133
0.0388423
0.0406487
0.0425447
0.0444659
0.0465079
0.0486143
0.0507844
0.0530255
0.055368
0.0577626
0.060244
0.0628452
0.0655017
0.0683019
0.0711458
0.0741677
0.0772378
0.0804639
0.0837927
0.087216
0.0908494
0.0944892
0.0984015
0.102313
0.106376
0.110408
0.114043
)
;

boundaryField
{
    zeroGradientPlanes
    {
        type            zeroGradient;
    }
    inlet
    {
        type            zeroGradient;
    }
    plate
    {
        type            zeroGradient;
    }
    frontAndBack
    {
        type            empty;
    }
}


// ************************************************************************* //
