/*--------------------------------*- C++ -*----------------------------------*\
| =========                 |                                                 |
| \\      /  F ield         | OpenFOAM: The Open Source CFD Toolbox           |
|  \\    /   O peration     | Version:  v2012                                 |
|   \\  /    A nd           | Website:  www.openfoam.com                      |
|    \\/     M anipulation  |                                                 |
\*---------------------------------------------------------------------------*/
FoamFile
{
    version     2.0;
    format      ascii;
    class       volScalarField;
    location    "1.2";
    object      p;
}
// * * * * * * * * * * * * * * * * * * * * * * * * * * * * * * * * * * * * * //

dimensions      [0 2 -2 0 0 0 0];


internalField   nonuniform List<scalar> 
7000
(
-9.92624e-11
0.00105854
0.001019
0.00113071
0.000416461
-0.000383054
0.000701126
2.56186e-06
0.00143076
0.00114454
-0.00257121
-0.000466343
-0.0051225
-0.0042785
-0.00614654
-0.00623867
-0.00657908
-0.00654632
-0.006449
-0.00646512
3.75989e-07
0.00105873
0.00101836
0.00112212
0.000412516
-0.00037562
0.000704366
-8.07587e-06
0.00145075
0.00112472
-0.00254206
-0.000566863
-0.00510741
-0.00428986
-0.00614642
-0.00623262
-0.00657965
-0.00653795
-0.00644816
-0.00649096
1.03454e-06
0.00105856
0.0010164
0.00111396
0.000408944
-0.00036691
0.000705438
-2.08503e-05
0.00147408
0.00109593
-0.00249613
-0.000613311
-0.00506487
-0.00432403
-0.0061207
-0.0062371
-0.00656184
-0.00653659
-0.00644642
-0.00651829
1.85875e-06
0.00105798
0.00101431
0.00110743
0.000405734
-0.00035909
0.000704751
-3.7284e-05
0.00149132
0.00105443
-0.00245503
-0.000676597
-0.00502159
-0.00436616
-0.00608318
-0.00624602
-0.00653706
-0.0065442
-0.00644898
-0.00655554
2.92674e-06
0.00105715
0.00101252
0.00110224
0.00040267
-0.000351643
0.000702606
-5.78902e-05
0.00150324
0.000996696
-0.00242042
-0.000762164
-0.00498563
-0.00441006
-0.00604755
-0.00625348
-0.00651433
-0.00655292
-0.00645564
-0.00659183
4.33018e-06
0.00105614
0.001011
0.00109831
0.000399986
-0.00034421
0.000698894
-8.19204e-05
0.00151196
0.000922881
-0.00238757
-0.000870661
-0.00495153
-0.0044559
-0.00601104
-0.00625693
-0.00649006
-0.00655643
-0.00646613
-0.0066167
6.10631e-06
0.00105495
0.00100974
0.0010957
0.00039789
-0.000336697
0.000693513
-0.000108014
0.00151907
0.000836537
-0.00235373
-0.000997987
-0.0049133
-0.00450234
-0.00596719
-0.00625587
-0.00646063
-0.00655582
-0.00648089
-0.00663194
8.25126e-06
0.00105363
0.00100879
0.00109439
0.000396462
-0.000329083
0.000686425
-0.000134863
0.00152579
0.00074174
-0.00231813
-0.00113748
-0.00486905
-0.00454728
-0.00591639
-0.00625159
-0.00642894
-0.00655408
-0.0065004
-0.00664268
1.07419e-05
0.00105224
0.00100813
0.00109425
0.000395673
-0.000321405
0.000677675
-0.000161397
0.00153279
0.000641316
-0.00228019
-0.00128354
-0.00481919
-0.00459087
-0.00586281
-0.00624556
-0.00639952
-0.00655157
-0.00652428
-0.00665086
1.35404e-05
0.00105085
0.00100769
0.00109501
0.000395405
-0.000313745
0.000667469
-0.000186814
0.00153976
0.00053681
-0.00223905
-0.00143265
-0.00476446
-0.00463456
-0.00580876
-0.0062382
-0.00637458
-0.00654658
-0.00655136
-0.00665674
1.65909e-05
0.00104947
0.00100741
0.00109634
0.000395486
-0.000306206
0.000656243
-0.000210631
0.0015456
0.000429191
-0.00219384
-0.00158228
-0.00470538
-0.00467899
-0.00575466
-0.00622899
-0.00635435
-0.00653781
-0.00658054
-0.00666094
1.98216e-05
0.00104814
0.00100722
0.00109781
0.000395761
-0.000298875
0.000644634
-0.000232811
0.00154881
0.000319539
-0.00214379
-0.00173117
-0.00464198
-0.0047238
-0.00570112
-0.00621678
-0.00633889
-0.00652532
-0.00661094
-0.0066643
2.31516e-05
0.00104686
0.0010071
0.00109907
0.000396158
-0.000291817
0.00063334
-0.00025382
0.00154797
0.000209363
-0.00208839
-0.00187813
-0.00457399
-0.00476835
-0.0056493
-0.00620021
-0.00632881
-0.00650983
-0.00664128
-0.0066674
2.64999e-05
0.00104564
0.0010071
0.00109984
0.000396726
-0.000285061
0.00062295
-0.000274525
0.00154215
0.000100397
-0.0020277
-0.00202173
-0.00450118
-0.00481182
-0.00560033
-0.00617827
-0.00632486
-0.00649212
-0.00666991
-0.0066705
2.97976e-05
0.00104448
0.00100726
0.00109998
0.000397607
-0.000278622
0.00061384
-0.000295901
0.00153115
-5.85838e-06
-0.00196278
-0.00216013
-0.00442359
-0.00485295
-0.0055551
-0.00615041
-0.00632717
-0.00647328
-0.00669542
-0.00667354
3.29972e-05
0.00104337
0.00100765
0.00109946
0.000398985
-0.000272522
0.000606162
-0.000318664
0.00151553
-0.000108545
-0.00189558
-0.00229097
-0.00434199
-0.00488989
-0.00551429
-0.00611661
-0.0063348
-0.00645475
-0.006717
-0.00667632
3.6076e-05
0.00104228
0.00100834
0.00109831
0.000401039
-0.000266813
0.000599873
-0.000343025
0.00149646
-0.000207585
-0.00182838
-0.0024112
-0.00425844
-0.00492019
-0.00547805
-0.00607764
-0.00634618
-0.00643804
-0.00673388
-0.00667838
3.90368e-05
0.00104118
0.00100939
0.00109661
0.000403902
-0.000261561
0.000594792
-0.000368752
0.00147536
-0.000303378
-0.0017637
-0.00251775
-0.00417574
-0.00494109
-0.00544594
-0.00603467
-0.00635961
-0.00642482
-0.00674518
-0.00667854
4.19043e-05
0.00104004
0.00101085
0.00109438
0.000407658
-0.000256845
0.000590705
-0.00039543
0.00145344
-0.000396335
-0.00170372
-0.00260834
-0.00409686
-0.00495019
-0.00541708
-0.00598875
-0.00637341
-0.00641663
-0.00675042
-0.00667509
4.4718e-05
0.00103879
0.00101273
0.00109164
0.000412341
-0.000252766
0.000587415
-0.000422662
0.00143146
-0.000486604
-0.00164968
-0.00268202
-0.00402478
-0.00494627
-0.00539084
-0.00594084
-0.00638558
-0.00641396
-0.00674998
-0.00666688
4.75257e-05
0.00103739
0.00101508
0.00108841
0.000417952
-0.000249431
0.000584723
-0.000450165
0.00140957
-0.000573901
-0.00160232
-0.00273919
-0.00396157
-0.00492953
-0.00536734
-0.00589222
-0.00639416
-0.00641618
-0.00674504
-0.00665356
5.03784e-05
0.00103576
0.00101791
0.00108465
0.000424489
-0.000246937
0.000582406
-0.000477805
0.00138741
-0.00065751
-0.00156235
-0.00278118
-0.00390831
-0.00490135
-0.00534672
-0.00584457
-0.00639856
-0.0064225
-0.00673655
-0.00663464
5.33268e-05
0.00103385
0.00102127
0.00108035
0.000431967
-0.000245382
0.000580229
-0.000505514
0.0013643
-0.000736427
-0.00153039
-0.00280945
-0.0038657
-0.00486391
-0.00532819
-0.0057998
-0.00639987
-0.00643196
-0.00672433
-0.00660948
5.64219e-05
0.0010316
0.0010252
0.00107546
0.000440406
-0.000244822
0.000577947
-0.000533122
0.00133923
-0.000809519
-0.00150711
-0.00282504
-0.00383392
-0.00482009
-0.00531065
-0.00575881
-0.00639954
-0.00644347
-0.00670726
-0.00657799
5.97143e-05
0.00102892
0.00102976
0.00106993
0.000449796
-0.00024525
0.000575253
-0.000560182
0.00131109
-0.000875732
-0.00149356
-0.0028288
-0.00381177
-0.00477335
-0.00529366
-0.0057211
-0.0063978
-0.00645775
-0.0066855
-0.00653911
6.32518e-05
0.00102574
0.00103498
0.00106376
0.000460112
-0.000246611
0.000571791
-0.000585987
0.00127879
-0.000934341
-0.00149066
-0.00282206
-0.00379756
-0.004726
-0.00527786
-0.00568723
-0.00639191
-0.00647465
-0.00666286
-0.00649247
6.70812e-05
0.00102199
0.00104092
0.00105691
0.000471354
-0.000248833
0.000567152
-0.00060973
0.00124147
-0.00098504
-0.00149877
-0.00280578
-0.00379059
-0.00467929
-0.00526324
-0.00566085
-0.00637906
-0.00648809
-0.00664099
-0.0064424
7.12582e-05
0.00101757
0.00104764
0.00104933
0.000483543
-0.000251782
0.000560775
-0.000630493
0.00119839
-0.00102762
-0.00151847
-0.00277997
-0.0037899
-0.00463599
-0.00524936
-0.00564432
-0.00636187
-0.00649156
-0.00661411
-0.00639379
7.58459e-05
0.00101239
0.00105522
0.00104095
0.000496595
-0.000255137
0.000551895
-0.000647207
0.00114865
-0.0010617
-0.00156674
-0.00274611
-0.00379315
-0.00459743
-0.00523764
-0.00563667
-0.00634568
-0.0064863
-0.00657409
-0.00634548
8.08843e-05
0.00100637
0.00106367
0.00103192
0.000510201
-0.000258216
0.000539471
-0.000659116
0.00109157
-0.00108754
-0.00160641
-0.00270624
-0.00379929
-0.00456202
-0.00522905
-0.00563749
-0.00633527
-0.00647899
-0.00651855
-0.00629208
8.64325e-05
0.000999399
0.00107302
0.00102235
0.000524141
-0.00026052
0.000522901
-0.000666208
0.00102713
-0.00110635
-0.00165446
-0.0026607
-0.00380712
-0.00453095
-0.00522282
-0.00564552
-0.00633187
-0.00647578
-0.00645117
-0.00623034
9.26088e-05
0.000991341
0.00108335
0.00101175
0.000538401
-0.000261842
0.000501811
-0.000668547
0.000956462
-0.00111959
-0.00170829
-0.00261652
-0.00380873
-0.00450573
-0.00522011
-0.00565446
-0.00633483
-0.00648105
-0.00640456
-0.00615766
9.94756e-05
0.000982109
0.00109464
0.000998181
0.000552499
-0.00026137
0.000475607
-0.000666194
0.000880721
-0.00112822
-0.00176311
-0.00259756
-0.00379771
-0.00448634
-0.005221
-0.00566385
-0.00634312
-0.00649983
-0.0063908
-0.00606955
0.000107058
0.000971656
0.00110681
0.000986377
0.000565431
-0.000257934
0.000443769
-0.000659312
0.000799639
-0.00113324
-0.00181621
-0.00258493
-0.00377726
-0.00447375
-0.00521849
-0.0056795
-0.00635773
-0.00653374
-0.00640758
-0.00596582
0.00011549
0.000959858
0.00111979
0.000975508
0.000576764
-0.000251209
0.000406019
-0.000648197
0.000712986
-0.00113537
-0.0018696
-0.0025619
-0.00375835
-0.00446767
-0.00521385
-0.00571323
-0.00638033
-0.00657562
-0.00641082
-0.00584516
0.000124915
0.000946562
0.00113356
0.000963997
0.000586248
-0.000241085
0.000362854
-0.000634331
0.00062349
-0.00113583
-0.00192312
-0.00253945
-0.00374171
-0.00446701
-0.00521902
-0.00575282
-0.00640634
-0.00662027
-0.00639381
-0.00570775
0.000135343
0.000931832
0.00114776
0.000954828
0.000593065
-0.000227302
0.000314725
-0.000618831
0.000533303
-0.00113649
-0.0019736
-0.00252307
-0.00372743
-0.00447308
-0.00523564
-0.00579356
-0.0064363
-0.00665123
-0.00634754
-0.00556209
0.000146842
0.000915689
0.00116204
0.000948268
0.000596616
-0.000209728
0.000261947
-0.00060292
0.00044425
-0.00113862
-0.00202291
-0.00251231
-0.00371372
-0.00449176
-0.00525631
-0.00583229
-0.00646383
-0.00665335
-0.0062744
-0.00542546
0.000159613
0.000897956
0.00117623
0.000943441
0.00059688
-0.000188998
0.000206247
-0.000589386
0.000358749
-0.0011425
-0.00207276
-0.00250873
-0.00370159
-0.00451837
-0.00527906
-0.00586298
-0.00646934
-0.00663226
-0.00620897
-0.00530682
0.000173684
0.000878772
0.00118983
0.000941082
0.000593974
-0.000165694
0.000149279
-0.000580561
0.000278053
-0.00114874
-0.00212065
-0.00251734
-0.00369191
-0.00454355
-0.00530165
-0.00588077
-0.00645477
-0.00661362
-0.00616509
-0.00518883
0.000189039
0.000858455
0.00120194
0.000942971
0.000587835
-0.000140507
9.24341e-05
-0.00057794
0.000202359
-0.00115615
-0.00216994
-0.00253726
-0.00368272
-0.0045666
-0.0053168
-0.00588736
-0.00644072
-0.00660737
-0.00612135
-0.00505714
0.000205918
0.000836904
0.00121217
0.000948577
0.000578916
-0.000115103
3.83204e-05
-0.000582106
0.000129412
-0.00116368
-0.00222112
-0.00256658
-0.00367272
-0.00458384
-0.00532519
-0.0058953
-0.00643177
-0.0065914
-0.00606437
-0.00492436
0.000224372
0.000814299
0.00122003
0.000957803
0.000568316
-9.14422e-05
-1.14049e-05
-0.000592662
5.76277e-05
-0.00117196
-0.00227164
-0.00260644
-0.00366133
-0.0045911
-0.0053355
-0.00590784
-0.00641314
-0.0065536
-0.00600619
-0.00480326
0.000244313
0.000791255
0.00122447
0.000973283
0.000556731
-7.08261e-05
-5.61617e-05
-0.0006085
-1.46418e-05
-0.00118083
-0.00232223
-0.00265243
-0.00364728
-0.00459654
-0.00534513
-0.00591213
-0.00638318
-0.00651074
-0.00595723
-0.00468624
0.000265986
0.000767576
0.001225
0.000996174
0.000545523
-5.46126e-05
-9.57326e-05
-0.000628421
-8.98144e-05
-0.00119035
-0.0023698
-0.00270331
-0.00363695
-0.00459902
-0.00534291
-0.00590825
-0.00635841
-0.00647129
-0.00590252
-0.00456371
0.000289335
0.00074372
0.00122129
0.00101852
0.000536449
-4.40428e-05
-0.000131037
-0.000650675
-0.000167691
-0.00120121
-0.00241267
-0.00276183
-0.00363027
-0.00459086
-0.00533412
-0.00590405
-0.00633934
-0.00642555
-0.00583331
-0.00443896
0.000314278
0.000720383
0.00121257
0.00104409
0.000530668
-3.93543e-05
-0.000163805
-0.000673976
-0.000248083
-0.00121483
-0.00245104
-0.00282432
-0.0036222
-0.00457902
-0.00532821
-0.00589381
-0.00631399
-0.00637257
-0.00575809
-0.00431477
0.000341067
0.000697288
0.00119849
0.00107026
0.000529519
-3.98992e-05
-0.000195958
-0.000698215
-0.000331207
-0.00123159
-0.002481
-0.00288688
-0.00362065
-0.00456851
-0.00531801
-0.00587083
-0.00628202
-0.0063187
-0.00567874
-0.00418951
0.000369493
0.00067532
0.00117887
0.00109707
0.000534276
-4.50812e-05
-0.000229524
-0.000723165
-0.000415094
-0.00125033
-0.00250435
-0.00295255
-0.00362667
-0.00455213
-0.00530207
-0.00584134
-0.00624159
-0.00626108
-0.00560014
-0.0040648
0.000399589
0.000654704
0.00115343
0.00112361
0.000545143
-5.35581e-05
-0.000265068
-0.000748167
-0.000499032
-0.00127335
-0.00252194
-0.00301653
-0.00363493
-0.00453087
-0.00528814
-0.00580932
-0.00618955
-0.00619925
-0.00552158
-0.00393827
0.000431382
0.00063544
0.00112243
0.00114842
0.000562241
-6.34444e-05
-0.000303112
-0.000774115
-0.000583303
-0.00130093
-0.00253006
-0.00307479
-0.00365086
-0.00450975
-0.00527359
-0.00577387
-0.00612837
-0.00612904
-0.00543572
-0.00381108
0.000464658
0.000618304
0.00108617
0.00117044
0.00058495
-7.35927e-05
-0.000344053
-0.000801448
-0.000666311
-0.00133166
-0.00253292
-0.0031296
-0.00367574
-0.00448588
-0.005252
-0.00573755
-0.00606128
-0.00604592
-0.00534376
-0.0036869
0.000499459
0.000603108
0.00104523
0.00118846
0.000611733
-8.29371e-05
-0.00038674
-0.000829428
-0.000747248
-0.00136802
-0.00253031
-0.00317523
-0.00370485
-0.0044604
-0.00522407
-0.00570315
-0.00599353
-0.00595441
-0.00524178
-0.00355983
0.000535523
0.000590697
0.00100035
0.00120088
0.000641695
-9.0088e-05
-0.000430742
-0.000858774
-0.000825739
-0.00140886
-0.00252412
-0.00320917
-0.00373741
-0.00443902
-0.00519249
-0.00566953
-0.00592509
-0.00585153
-0.00512457
-0.00342789
0.000572699
0.000581396
0.000952401
0.0012067
0.00067297
-9.48436e-05
-0.000475091
-0.000889342
-0.000900467
-0.00145242
-0.00251817
-0.00323219
-0.0037713
-0.00442409
-0.00515621
-0.0056299
-0.00585261
-0.0057427
-0.00499705
-0.00329129
0.000610684
0.000575632
0.000902385
0.00120499
0.000703785
-9.69633e-05
-0.000518562
-0.000920786
-0.000971485
-0.00149781
-0.00251475
-0.00324486
-0.00380166
-0.00441441
-0.00511543
-0.00558392
-0.00578008
-0.00563579
-0.00486239
-0.00314543
0.000649098
0.000574017
0.000851258
0.00119478
0.000733085
-9.67016e-05
-0.00056108
-0.000952681
-0.00103833
-0.00154344
-0.00251503
-0.00324949
-0.00382437
-0.00440819
-0.00507512
-0.00553726
-0.00570719
-0.00552619
-0.0047194
-0.00299108
0.000687603
0.000576962
0.000800145
0.00117545
0.000759504
-9.48419e-05
-0.000602519
-0.000983824
-0.00109977
-0.0015945
-0.00251927
-0.00324811
-0.00383796
-0.00440404
-0.00503753
-0.0054904
-0.00563126
-0.00541218
-0.00457199
-0.00283257
0.000725738
0.000585009
0.00075011
0.00114668
0.000781092
-9.20868e-05
-0.000641969
-0.00101371
-0.0011555
-0.0016388
-0.00252588
-0.00324419
-0.00384309
-0.00439915
-0.00500013
-0.00544286
-0.00555558
-0.00529762
-0.00442531
-0.00267241
0.000763197
0.000598668
0.000702263
0.00110851
0.000796256
-8.91388e-05
-0.000678616
-0.00104233
-0.00120598
-0.0016774
-0.0025334
-0.00324068
-0.00384081
-0.00439084
-0.00496111
-0.00539459
-0.00548363
-0.00518728
-0.0042816
-0.00250924
0.000799664
0.000618378
0.000657757
0.00106098
0.000803926
-8.6137e-05
-0.000712427
-0.00106939
-0.00125156
-0.00171086
-0.00253993
-0.00323831
-0.00383276
-0.00437782
-0.00491981
-0.00534503
-0.00541779
-0.00508291
-0.00413873
-0.00234319
0.000834907
0.000642438
0.00061738
0.00100466
0.000802982
-8.24843e-05
-0.000743163
-0.00109496
-0.00129284
-0.00174085
-0.00254289
-0.00323594
-0.00382121
-0.00436003
-0.00487613
-0.00529265
-0.00535615
-0.0049841
-0.00399928
-0.00217864
0.000868702
0.000670435
0.000581603
0.000940497
0.0007929
-7.65036e-05
-0.00077006
-0.00112032
-0.00133063
-0.00176825
-0.00254088
-0.00323221
-0.0038086
-0.00433896
-0.00483089
-0.00523474
-0.00529496
-0.00489413
-0.00386938
-0.00201698
0.000900828
0.000701403
0.000551057
0.00087013
0.000773628
-6.79457e-05
-0.000792525
-0.00114629
-0.00136524
-0.00179337
-0.00253431
-0.00322556
-0.00379552
-0.00431582
-0.00478499
-0.00517103
-0.00523121
-0.00481216
-0.00375069
-0.0018603
0.000931141
0.000734087
0.00052633
0.000795921
0.000744944
-5.77126e-05
-0.000810499
-0.00117287
-0.0013974
-0.00181747
-0.00252474
-0.00321285
-0.00378089
-0.00429172
-0.00473999
-0.00510434
-0.00516233
-0.00473299
-0.00364183
-0.00171154
0.000959571
0.000767325
0.000507952
0.000720349
0.000706785
-4.80778e-05
-0.00082372
-0.00119954
-0.00142725
-0.00184146
-0.00251413
-0.0031922
-0.00376341
-0.00426778
-0.00469729
-0.00503748
-0.00508841
-0.00465236
-0.003539
-0.00157048
0.00098607
0.000800303
0.000497003
0.000644905
0.000657666
-4.11398e-05
-0.00083147
-0.00122557
-0.00145532
-0.00186482
-0.00250432
-0.00316461
-0.00374076
-0.00424321
-0.00465647
-0.0049715
-0.00501062
-0.00456793
-0.00343869
-0.00143674
0.00101066
0.000832422
0.000500275
0.000570166
0.000601288
-3.81514e-05
-0.000833576
-0.00125106
-0.00148185
-0.00188632
-0.00249778
-0.00313248
-0.00370973
-0.00421603
-0.00461718
-0.00490776
-0.00493195
-0.00448016
-0.00333844
-0.00130881
0.00103351
0.000863059
0.000500878
0.000501018
0.000538112
-4.12298e-05
-0.000830246
-0.00127401
-0.00150718
-0.00190483
-0.00249526
-0.00309923
-0.00366972
-0.00418408
-0.00457917
-0.00484779
-0.00485525
-0.00439139
-0.00323661
-0.00118269
0.0010548
0.000891756
0.000506058
0.000437814
0.000469281
-5.14722e-05
-0.000822535
-0.00129332
-0.00153198
-0.00191966
-0.00249579
-0.00306917
-0.00362212
-0.00414427
-0.00454132
-0.00479197
-0.00478138
-0.00430242
-0.0031319
-0.00105689
0.00107476
0.0009181
0.000514746
0.000381467
0.000396879
-6.94323e-05
-0.00081227
-0.0013079
-0.00155661
-0.00193112
-0.00249718
-0.00304465
-0.0035702
-0.00409478
-0.00450119
-0.00473939
-0.00471031
-0.00421472
-0.00302734
-0.000933449
0.00109367
0.000941851
0.000525764
0.000332137
0.000322797
-9.55365e-05
-0.000801136
-0.00131677
-0.00158076
-0.00193966
-0.00249663
-0.00302699
-0.0035199
-0.00403662
-0.00445541
-0.00468874
-0.00464301
-0.00413064
-0.00292573
-0.000812451
0.00111163
0.000962949
0.000538266
0.000290272
0.00024882
-0.000129567
-0.000790806
-0.00131965
-0.00160398
-0.00194625
-0.00249245
-0.00301573
-0.00347648
-0.00397279
-0.00440104
-0.00463768
-0.00457984
-0.0040512
-0.00282783
-0.000694383
0.00112857
0.000981417
0.000551671
0.00025531
0.000176745
-0.000170696
-0.000783458
-0.00131658
-0.00162533
-0.00195291
-0.00248397
-0.00300749
-0.00344237
-0.00390792
-0.00433768
-0.0045833
-0.00452014
-0.00397711
-0.00273526
-0.000581409
0.00114449
0.000997333
0.000565483
0.000226905
0.000107967
-0.000217866
-0.000781049
-0.00130844
-0.00164346
-0.0019608
-0.00247127
-0.00299822
-0.00341798
-0.00384819
-0.00426841
-0.00452345
-0.00446177
-0.00390879
-0.00264988
-0.000474832
0.0011594
0.00101086
0.000579044
0.00020452
4.35032e-05
-0.000269569
-0.000784787
-0.00129688
-0.00165718
-0.00197041
-0.00245606
-0.00298535
-0.0034013
-0.00379821
-0.00419758
-0.00445707
-0.00440171
-0.00384527
-0.00257244
-0.00037602
0.00117341
0.00102212
0.000591705
0.000187559
-1.5866e-05
-0.000324049
-0.000795195
-0.00128382
-0.00166573
-0.00198158
-0.00244067
-0.00296808
-0.0033889
-0.00376004
-0.00413062
-0.00438605
-0.00433758
-0.00378348
-0.00250147
-0.000285834
0.0011866
0.00103126
0.000602925
0.000175118
-6.95209e-05
-0.000379368
-0.00081237
-0.00127167
-0.00166905
-0.00199344
-0.00242703
-0.00294697
-0.00337707
-0.00373351
-0.00407301
-0.00431515
-0.00426955
-0.00372027
-0.00243438
-0.000203738
0.00119901
0.00103857
0.000612251
0.000166178
-0.000117035
-0.000433919
-0.000835942
-0.00126249
-0.00166774
-0.00200529
-0.00241659
-0.0029233
-0.0033629
-0.003716
-0.00402825
-0.00425007
-0.00420091
-0.00365566
-0.00236961
-0.000128029
0.00121063
0.00104433
0.000619429
0.000159676
-0.000158377
-0.000486379
-0.000864934
-0.00125805
-0.00166281
-0.00201611
-0.00241043
-0.00289987
-0.0033457
-0.00370328
-0.00399615
-0.00419443
-0.00413537
-0.00359118
-0.00230658
-5.82406e-05
0.00122145
0.00104889
0.000624437
0.00015445
-0.00019411
-0.00053534
-0.000897857
-0.00125991
-0.00165574
-0.0020248
-0.00240911
-0.00287981
-0.00332669
-0.00369217
-0.0039748
-0.00415049
-0.00407642
-0.00352827
-0.00224496
5.28931e-06
0.00123134
0.00105254
0.00062741
0.000149732
-0.000224809
-0.000580312
-0.000933163
-0.00126865
-0.00164885
-0.00203055
-0.00241159
-0.00286472
-0.0033084
-0.00368198
-0.00396235
-0.00412012
-0.00402887
-0.00347159
-0.00218689
6.36575e-05
0.00124015
0.00105548
0.00062868
0.000144889
-0.000251017
-0.000621013
-0.000969541
-0.00128434
-0.00164538
-0.00203385
-0.00241594
-0.00285474
-0.00329317
-0.00367297
-0.00395616
-0.00410249
-0.00399579
-0.00342708
-0.00213769
0.000114329
0.00124785
0.00105785
0.000628562
0.000139228
-0.000273681
-0.000657071
-0.00100547
-0.0013061
-0.00164783
-0.00203641
-0.00242178
-0.0028506
-0.00328327
-0.00366611
-0.00395366
-0.00409395
-0.00397575
-0.00339675
-0.00210185
0.000151927
0.0012543
0.00105986
0.000627536
0.000132527
-0.000294022
-0.000689348
-0.00104011
-0.00133155
-0.00165652
-0.00204062
-0.00242931
-0.00285282
-0.00328148
-0.00366545
-0.00395698
-0.00409405
-0.00396668
-0.003379
-0.00207928
0.000175482
0.00125948
0.00106139
0.000625969
0.000125029
-0.000312673
-0.000718408
-0.00107431
-0.00136018
-0.00167094
-0.00204797
-0.00243781
-0.00285898
-0.00328745
-0.00367454
-0.00397031
-0.00410638
-0.00397146
-0.00337571
-0.002071
0.000184782
0.0012635
0.00106237
0.000623862
0.000116793
-0.000330509
-0.000744278
-0.00110728
-0.00139202
-0.00169163
-0.00206086
-0.00244879
-0.00286771
-0.00329745
-0.00369107
-0.00399455
-0.00413378
-0.00399496
-0.00339197
-0.0020808
0.000177981
0.00126621
0.00106299
0.000621663
0.000108191
-0.000348781
-0.000769205
-0.00113994
-0.00142526
-0.00171548
-0.00207994
-0.00246539
-0.00288054
-0.00331126
-0.00371235
-0.00402679
-0.00417439
-0.00403813
-0.00343335
-0.00211735
0.00014699
0.00126748
0.00106314
0.000620207
0.000100524
-0.000367225
-0.000793787
-0.00117351
-0.00146283
-0.00174173
-0.00210127
-0.00248771
-0.00289961
-0.0033312
-0.00374
-0.00406555
-0.00422314
-0.00409353
-0.00349323
-0.00218038
8.15213e-05
0.00126607
0.00106284
0.00061966
9.31713e-05
-0.000387645
-0.00081877
-0.00120484
-0.00150377
-0.00177362
-0.00212357
-0.00251158
-0.00292396
-0.00335686
-0.00377558
-0.00411499
-0.00428449
-0.00416174
-0.00356602
-0.00226082
-1.05829e-05
0.00126289
0.00106412
0.000621915
8.66729e-05
-0.000412166
-0.000852084
-0.00123829
-0.00154493
-0.00181126
-0.00215071
-0.0025389
-0.00295352
-0.00338839
-0.00381624
-0.00417453
-0.00436407
-0.00425574
-0.00366487
-0.00236053
-0.000113683
0.00126148
0.00107081
0.000633569
8.34319e-05
-0.000438858
-0.000889154
-0.00127454
-0.00158481
-0.00184839
-0.00217771
-0.00257008
-0.00298968
-0.00343186
-0.00387034
-0.00424798
-0.00446749
-0.00438982
-0.00381905
-0.00251839
-0.000255319
0.00122989
0.00106735
0.000646329
8.34805e-05
-0.00047432
-0.000932297
-0.00131589
-0.00162297
-0.00187496
-0.00218323
-0.00257898
-0.00301283
-0.00346568
-0.00392042
-0.00432286
-0.00458231
-0.0045601
-0.00405007
-0.00279545
-0.000568679
0.00126922
0.00106947
0.000645766
5.80095e-05
-0.000525221
-0.000996425
-0.00137163
-0.00167678
-0.00191801
-0.00218581
-0.00254752
-0.00296958
-0.00341683
-0.00385382
-0.00424717
-0.00452781
-0.00455293
-0.00413272
-0.00301409
-0.000950328
0.00121352
0.00111826
0.000672618
5.70637e-05
-0.000564859
-0.00102897
-0.00142487
-0.00174726
-0.00206332
-0.00235785
-0.00272927
-0.00313128
-0.00356992
-0.00398556
-0.00431611
-0.004467
-0.00434419
-0.00379337
-0.00259859
-0.000511369
0.00133215
0.00104656
0.00057335
-3.8999e-05
-0.00060075
-0.00102833
-0.0013414
-0.00156164
-0.00177765
-0.00204141
-0.00242631
-0.00288057
-0.00339092
-0.00400077
-0.00468455
-0.00532309
-0.00572066
-0.00562296
-0.00474387
-0.00284907
0.00151853
0.000957874
0.000438657
-0.000117514
-0.000592648
-0.00115951
-0.00173248
-0.00225321
-0.00253833
-0.00263459
-0.00276217
-0.00301134
-0.00316493
-0.0030258
-0.00248773
-0.00163376
-0.000650637
0.000153043
0.000397866
-0.000255123
0.00149104
0.00094606
0.000395392
-0.000123412
-0.000526096
-0.000802896
-0.000952879
-0.00112697
-0.00148144
-0.00197428
-0.00256528
-0.00326653
-0.00408602
-0.00498311
-0.0059092
-0.00677225
-0.00740006
-0.00755225
-0.00693631
-0.00529626
0.00163097
0.000903084
0.00033219
-0.000190423
-0.000538242
-0.00100067
-0.00152006
-0.00203833
-0.00238739
-0.00259935
-0.0028706
-0.00327133
-0.00361741
-0.00376501
-0.00359379
-0.00309753
-0.00238279
-0.00174688
-0.00159113
-0.00228721
0.00161741
0.000863992
0.000267467
-0.00018604
-0.000390171
-0.000489528
-0.000491384
-0.000607913
-0.00100132
-0.00172844
-0.00271606
-0.00397662
-0.0054742
-0.00708146
-0.00858873
-0.00980574
-0.0105605
-0.0106667
-0.00989749
-0.0080528
-0.00705319
-0.0103237
-0.0118956
-0.00974452
-0.0065114
-0.00350041
-0.00122655
0.000532638
0.0022324
0.00374694
0.00469461
0.00553428
0.00718103
0.00923529
0.0108752
0.0123088
0.0137619
0.0152519
0.016901
0.018676
0.0203928
0.0221489
0.0240221
0.025912
0.0277994
0.0297747
0.0318862
0.0340679
0.036417
0.038816
0.0411638
0.0435868
0.0461874
0.0488639
0.0516159
0.0544465
0.0574118
0.060477
0.0636044
0.0669346
0.0702647
0.0738618
0.0775461
0.0813203
0.0853316
0.0893265
0.0936791
0.0979275
0.102418
0.107489
-0.00696832
-0.0102539
-0.0118526
-0.00972876
-0.00650319
-0.00349457
-0.00122168
0.000536774
0.00223593
0.00375007
0.00469729
0.00553631
0.00718263
0.00923675
0.0108765
0.0123099
0.0137628
0.0152527
0.0169017
0.0186766
0.0203933
0.0221494
0.0240226
0.0259124
0.0277998
0.0297751
0.0318866
0.0340682
0.0364173
0.0388163
0.0411641
0.043587
0.0461876
0.0488641
0.051616
0.0544467
0.0574119
0.0604771
0.0636045
0.0669347
0.0702648
0.0738619
0.0775461
0.0813203
0.0853316
0.0893266
0.0936792
0.0979276
0.102418
0.107489
-0.00696803
-0.0101549
-0.0117796
-0.00970615
-0.00649335
-0.00348833
-0.00121708
0.000540513
0.0022392
0.00375304
0.00469973
0.005538
0.00718403
0.00923819
0.0108777
0.0123109
0.0137636
0.0152534
0.0169023
0.0186772
0.0203938
0.0221499
0.024023
0.0259128
0.0278002
0.0297754
0.0318869
0.0340685
0.0364176
0.0388166
0.0411643
0.0435872
0.0461878
0.0488643
0.0516162
0.0544468
0.0574121
0.0604772
0.0636046
0.0669348
0.0702649
0.073862
0.0775462
0.0813204
0.0853317
0.0893266
0.0936792
0.0979276
0.102418
0.107489
-0.00697689
-0.0100172
-0.011667
-0.00966975
-0.0064787
-0.00348027
-0.00121213
0.00054424
0.00224256
0.00375622
0.00470231
0.00553969
0.00718552
0.00923985
0.0108791
0.0123119
0.0137645
0.0152541
0.0169029
0.0186778
0.0203944
0.0221503
0.0240234
0.0259132
0.0278005
0.0297758
0.0318872
0.0340688
0.0364178
0.0388168
0.0411645
0.0435874
0.046188
0.0488645
0.0516164
0.0544469
0.0574122
0.0604773
0.0636047
0.0669349
0.070265
0.073862
0.0775463
0.0813204
0.0853317
0.0893266
0.0936792
0.0979276
0.102418
0.10749
-0.00696347
-0.00984809
-0.0115221
-0.00961932
-0.00645787
-0.00346926
-0.00120632
0.00054812
0.00224609
0.00375972
0.00470524
0.0055417
0.00718739
0.00924191
0.0108808
0.0123132
0.0137655
0.0152549
0.0169036
0.0186784
0.0203949
0.0221508
0.0240239
0.0259136
0.0278009
0.0297761
0.0318875
0.0340691
0.0364181
0.0388171
0.0411648
0.0435876
0.0461882
0.0488646
0.0516165
0.0544471
0.0574123
0.0604774
0.0636048
0.066935
0.0702651
0.0738621
0.0775463
0.0813205
0.0853318
0.0893267
0.0936793
0.0979277
0.102418
0.10749
-0.00693874
-0.00966336
-0.0113587
-0.00955969
-0.00643203
-0.00345525
-0.00119939
0.000552184
0.00224965
0.00376338
0.00470852
0.0055442
0.00718985
0.00924452
0.0108829
0.0123148
0.0137668
0.0152559
0.0169044
0.0186792
0.0203956
0.0221514
0.0240244
0.0259141
0.0278013
0.0297764
0.0318879
0.0340694
0.0364184
0.0388174
0.0411651
0.0435879
0.0461884
0.0488649
0.0516167
0.0544473
0.0574125
0.0604776
0.0636049
0.0669351
0.0702651
0.0738622
0.0775464
0.0813205
0.0853318
0.0893267
0.0936793
0.0979277
0.102418
0.10749
-0.00691422
-0.00947088
-0.0111842
-0.00949485
-0.00640314
-0.0034388
-0.0011913
0.000556498
0.00225309
0.00376691
0.00471195
0.00554724
0.0071931
0.00924784
0.0108855
0.0123167
0.0137684
0.0152571
0.0169054
0.01868
0.0203963
0.022152
0.024025
0.0259146
0.0278018
0.0297768
0.0318882
0.0340697
0.0364187
0.0388178
0.0411653
0.0435881
0.0461886
0.0488651
0.0516169
0.0544474
0.0574126
0.0604777
0.0636051
0.0669352
0.0702653
0.0738623
0.0775465
0.0813206
0.0853319
0.0893268
0.0936793
0.0979278
0.102419
0.10749
-0.006891
-0.00927212
-0.0110014
-0.00942686
-0.00637269
-0.00342064
-0.00118213
0.000561105
0.00225634
0.00377009
0.00471525
0.00555065
0.0071972
0.00925201
0.0108886
0.0123191
0.0137703
0.0152587
0.0169067
0.0186811
0.0203971
0.0221527
0.0240257
0.0259153
0.0278023
0.0297772
0.0318886
0.0340701
0.0364191
0.0388181
0.0411657
0.0435884
0.0461888
0.0488653
0.0516171
0.0544477
0.0574128
0.0604779
0.0636052
0.0669353
0.0702654
0.0738624
0.0775466
0.0813207
0.085332
0.0893269
0.0936794
0.0979278
0.102419
0.107491
-0.00686664
-0.00906773
-0.0108115
-0.00935651
-0.00634151
-0.00340128
-0.00117207
0.00056596
0.00225935
0.00377279
0.0047181
0.0055541
0.00720206
0.00925713
0.0108925
0.012322
0.0137726
0.0152607
0.0169083
0.0186823
0.020398
0.0221535
0.0240265
0.025916
0.0278029
0.0297777
0.0318891
0.0340704
0.0364194
0.0388186
0.041166
0.0435887
0.0461891
0.0488656
0.0516174
0.0544479
0.0574131
0.0604781
0.0636054
0.0669355
0.0702655
0.0738625
0.0775467
0.0813208
0.0853321
0.0893269
0.0936794
0.0979279
0.102419
0.107491
-0.00684005
-0.00885883
-0.0106147
-0.0092838
-0.00630992
-0.00338101
-0.00116127
0.000570959
0.00226204
0.00377493
0.00472032
0.00555722
0.00720741
0.00926318
0.010897
0.0123252
0.0137752
0.0152629
0.0169103
0.0186838
0.0203991
0.0221545
0.0240274
0.0259169
0.0278037
0.0297784
0.0318896
0.0340708
0.0364198
0.038819
0.0411664
0.043589
0.0461895
0.0488659
0.0516177
0.0544482
0.0574133
0.0604783
0.0636056
0.0669357
0.0702657
0.0738627
0.0775469
0.0813209
0.0853322
0.0893271
0.0936795
0.097928
0.102419
0.107492
-0.00681127
-0.00864625
-0.0104107
-0.00920839
-0.00627806
-0.00335996
-0.00114977
0.000576015
0.00226428
0.00377641
0.00472184
0.00555973
0.00721289
0.00927004
0.0109023
0.0123288
0.013778
0.0152654
0.0169125
0.0186855
0.0204004
0.0221555
0.0240283
0.0259178
0.0278047
0.0297792
0.0318902
0.0340713
0.0364202
0.0388195
0.0411669
0.0435894
0.0461898
0.0488662
0.0516181
0.0544486
0.0574137
0.0604786
0.0636058
0.0669359
0.0702659
0.0738629
0.0775471
0.0813211
0.0853323
0.0893272
0.0936796
0.0979281
0.10242
0.107493
-0.00678036
-0.00843046
-0.010199
-0.00912995
-0.00624601
-0.00333818
-0.00113757
0.000581104
0.00226596
0.00377709
0.00472257
0.00556152
0.00721814
0.00927743
0.0109081
0.0123327
0.0137809
0.015268
0.016915
0.0186875
0.0204018
0.0221567
0.0240294
0.0259189
0.0278059
0.0297803
0.031891
0.0340717
0.0364206
0.03882
0.0411674
0.0435898
0.0461902
0.0488666
0.0516185
0.0544491
0.0574141
0.060479
0.0636061
0.0669362
0.0702662
0.0738632
0.0775473
0.0813213
0.0853325
0.0893274
0.0936797
0.0979283
0.10242
0.107494
-0.00674718
-0.00821199
-0.0099798
-0.00904812
-0.00621384
-0.00331576
-0.00112462
0.000586241
0.002267
0.00377683
0.00472248
0.00556261
0.00722289
0.00928501
0.0109144
0.0123369
0.0137838
0.0152706
0.0169177
0.0186897
0.0204035
0.0221581
0.0240305
0.0259199
0.0278071
0.0297817
0.0318921
0.0340723
0.036421
0.0388205
0.041168
0.0435903
0.0461906
0.048867
0.0516189
0.0544496
0.0574146
0.0604795
0.0636065
0.0669366
0.0702666
0.0738635
0.0775476
0.0813216
0.0853328
0.0893276
0.0936799
0.0979285
0.102421
0.107495
-0.00671162
-0.00799163
-0.00975306
-0.00896251
-0.0061816
-0.00329277
-0.0011109
0.000591485
0.00226724
0.0037755
0.00472159
0.00556316
0.00722699
0.00929238
0.0109208
0.0123412
0.0137867
0.0152732
0.0169204
0.018692
0.0204052
0.0221596
0.0240317
0.0259209
0.0278084
0.0297832
0.0318935
0.034073
0.0364214
0.0388209
0.0411685
0.0435909
0.0461911
0.0488674
0.0516194
0.0544501
0.0574152
0.06048
0.0636069
0.066937
0.0702671
0.0738639
0.0775479
0.0813219
0.0853331
0.0893279
0.0936801
0.0979287
0.102421
0.107496
-0.00667358
-0.00777022
-0.00951906
-0.00887266
-0.00614933
-0.00326933
-0.00109635
0.000596947
0.00226704
0.00377329
0.0047201
0.00556358
0.00723044
0.00929916
0.0109271
0.0123455
0.0137897
0.0152757
0.0169231
0.0186945
0.0204071
0.0221612
0.024033
0.0259219
0.0278096
0.0297849
0.0318952
0.0340738
0.0364217
0.0388213
0.0411691
0.0435915
0.0461916
0.0488679
0.0516198
0.0544508
0.0574159
0.0604806
0.0636075
0.0669375
0.0702676
0.0738644
0.0775483
0.0813223
0.0853334
0.0893282
0.0936804
0.097929
0.102422
0.107498
-0.00663295
-0.00754857
-0.00927806
-0.00877802
-0.00611703
-0.00324558
-0.00108089
0.000602759
0.00226637
0.00377027
0.00471832
0.00556461
0.00723352
0.00930505
0.0109329
0.0123496
0.0137928
0.0152784
0.0169259
0.018697
0.020409
0.0221629
0.0240344
0.0259228
0.0278108
0.0297867
0.0318971
0.0340749
0.0364219
0.0388216
0.0411696
0.0435921
0.0461922
0.0488683
0.0516203
0.0544515
0.0574166
0.0604813
0.0636081
0.0669382
0.0702683
0.073865
0.0775488
0.0813227
0.0853338
0.0893286
0.0936807
0.0979293
0.102423
0.1075
-0.00658963
-0.00732733
-0.00903032
-0.00867799
-0.00608469
-0.00322164
-0.00106444
0.000609073
0.00226538
0.0037667
0.0047172
0.00556725
0.00723679
0.00930987
0.010938
0.0123536
0.0137959
0.0152813
0.0169287
0.0186996
0.0204109
0.0221646
0.0240358
0.0259237
0.0278118
0.0297883
0.0318992
0.0340762
0.0364222
0.0388217
0.04117
0.0435928
0.0461928
0.0488688
0.0516209
0.0544522
0.0574174
0.060482
0.0636088
0.0669389
0.070269
0.0738657
0.0775493
0.0813232
0.0853343
0.0893291
0.0936811
0.0979297
0.102424
0.107502
-0.00654345
-0.00710699
-0.00877599
-0.00857183
-0.00605225
-0.00319767
-0.00104694
0.000616035
0.0022643
0.00376302
0.00471739
0.00557257
0.00724109
0.00931366
0.0109423
0.0123573
0.0137993
0.0152846
0.0169317
0.0187021
0.0204129
0.0221663
0.0240373
0.0259247
0.0278129
0.0297898
0.0319013
0.0340775
0.0364224
0.0388217
0.0411704
0.0435934
0.0461935
0.0488693
0.0516214
0.0544529
0.0574182
0.0604828
0.0636096
0.0669397
0.0702699
0.0738666
0.07755
0.0813238
0.0853348
0.0893296
0.0936815
0.0979301
0.102426
0.107504
-0.00649407
-0.00688793
-0.00851517
-0.00845871
-0.0060196
-0.00317382
-0.00102837
0.000623783
0.00226334
0.00375961
0.00471968
0.00558174
0.00724738
0.0093166
0.0109455
0.0123608
0.0138029
0.0152884
0.0169348
0.0187046
0.0204148
0.022168
0.0240386
0.0259256
0.0278139
0.0297913
0.0319032
0.034079
0.0364225
0.0388216
0.0411707
0.0435941
0.0461943
0.0488698
0.0516219
0.0544537
0.057419
0.0604836
0.0636104
0.0669406
0.0702709
0.0738675
0.0775507
0.0813245
0.0853354
0.0893302
0.0936819
0.0979306
0.102427
0.107506
-0.00644122
-0.00667048
-0.00824785
-0.00833769
-0.00598653
-0.00315028
-0.00100876
0.000632459
0.00226269
0.00375666
0.00472466
0.00559569
0.00725657
0.009319
0.0109478
0.0123641
0.013807
0.0152927
0.0169382
0.018707
0.0204167
0.0221697
0.0240398
0.0259265
0.0278149
0.0297928
0.0319051
0.0340805
0.0364226
0.0388213
0.0411708
0.0435947
0.046195
0.0488704
0.0516224
0.0544544
0.0574199
0.0604844
0.0636113
0.0669416
0.070272
0.0738685
0.0775515
0.0813253
0.0853361
0.0893308
0.0936825
0.0979311
0.102429
0.107509
-0.00638466
-0.00645501
-0.00797404
-0.00820772
-0.00595275
-0.00312723
-0.000988151
0.00064217
0.00226256
0.00375434
0.0047326
0.00561489
0.00726926
0.00932121
0.0109492
0.0123672
0.0138114
0.0152978
0.0169419
0.0187093
0.0204186
0.0221715
0.0240407
0.0259273
0.0278159
0.0297943
0.0319068
0.034082
0.0364227
0.0388208
0.041171
0.0435953
0.0461958
0.048871
0.051623
0.0544552
0.0574208
0.0604852
0.0636122
0.0669426
0.0702731
0.0738696
0.0775523
0.0813261
0.0853368
0.0893315
0.093683
0.0979316
0.10243
0.107511
-0.00632395
-0.00624191
-0.0076938
-0.00806776
-0.00591789
-0.00310485
-0.000966676
0.000652971
0.0022631
0.00375284
0.00474348
0.0056392
0.00728564
0.00932352
0.0109498
0.0123702
0.0138162
0.0153035
0.016946
0.0187115
0.0204204
0.0221735
0.0240415
0.0259281
0.0278169
0.0297961
0.0319084
0.0340835
0.0364228
0.0388203
0.041171
0.0435959
0.0461967
0.0488716
0.0516235
0.0544561
0.0574217
0.0604861
0.0636131
0.0669436
0.0702743
0.0738708
0.0775532
0.081327
0.0853376
0.0893322
0.0936836
0.0979322
0.102432
0.107514
-0.00625859
-0.00603165
-0.00740737
-0.00791676
-0.00588148
-0.00308336
-0.000944484
0.000664902
0.00226442
0.00375219
0.004757
0.00566803
0.00730545
0.00932613
0.0109498
0.0123731
0.0138215
0.0153098
0.0169503
0.0187136
0.0204223
0.0221755
0.0240422
0.0259288
0.027818
0.029798
0.0319099
0.0340852
0.0364229
0.0388197
0.0411711
0.0435966
0.0461975
0.0488722
0.0516241
0.0544569
0.0574227
0.060487
0.063614
0.0669447
0.0702756
0.073872
0.0775542
0.0813279
0.0853385
0.089333
0.0936842
0.0979328
0.102434
0.107517
-0.00618838
-0.00582482
-0.00711513
-0.00775374
-0.00584295
-0.00306294
-0.000921758
0.000678001
0.00226662
0.00375235
0.00477263
0.00570053
0.00732812
0.00932915
0.0109495
0.0123761
0.013827
0.0153165
0.016955
0.0187158
0.0204243
0.0221777
0.024043
0.0259295
0.0278192
0.0298001
0.0319116
0.034087
0.0364231
0.038819
0.0411711
0.0435973
0.0461983
0.0488729
0.0516248
0.0544579
0.0574237
0.0604879
0.063615
0.0669458
0.0702769
0.0738733
0.0775552
0.0813289
0.0853394
0.0893338
0.0936848
0.0979334
0.102436
0.10752
-0.00611284
-0.00562205
-0.00681774
-0.00757788
-0.00580158
-0.00304375
-0.000898746
0.000692291
0.00226979
0.00375328
0.00478981
0.00573564
0.0073529
0.00933262
0.0109491
0.0123792
0.0138327
0.0153236
0.0169599
0.018718
0.0204263
0.0221799
0.0240438
0.0259303
0.0278205
0.0298024
0.0319134
0.034089
0.0364235
0.0388184
0.0411712
0.0435982
0.0461991
0.0488735
0.0516254
0.0544588
0.0574247
0.0604889
0.063616
0.066947
0.0702782
0.0738746
0.0775562
0.0813299
0.0853403
0.0893347
0.0936855
0.097934
0.102438
0.107523
-0.0060306
-0.00542354
-0.00651604
-0.00738858
-0.00575648
-0.00302585
-0.000875696
0.000707761
0.00227394
0.00375502
0.00480805
0.00577232
0.00737908
0.00933655
0.0109486
0.0123825
0.0138387
0.0153309
0.016965
0.0187203
0.0204285
0.0221823
0.0240448
0.0259312
0.0278221
0.029805
0.0319155
0.0340912
0.0364241
0.0388179
0.0411715
0.0435992
0.0461999
0.0488741
0.0516261
0.0544598
0.0574258
0.0604899
0.0636171
0.0669481
0.0702796
0.073876
0.0775573
0.081331
0.0853413
0.0893355
0.0936862
0.0979347
0.10244
0.107527
-0.00594099
-0.00522902
-0.006211
-0.00718548
-0.00570664
-0.00300919
-0.000852862
0.000724334
0.0022791
0.00375756
0.00482698
0.0058098
0.00740605
0.00934097
0.0109485
0.012386
0.0138449
0.0153383
0.0169703
0.0187228
0.0204309
0.0221848
0.024046
0.0259323
0.0278239
0.0298077
0.0319177
0.0340937
0.036425
0.0388174
0.0411719
0.0436004
0.0462008
0.0488747
0.0516268
0.0544608
0.0574269
0.060491
0.0636183
0.0669494
0.0702809
0.0738775
0.0775584
0.0813321
0.0853424
0.0893365
0.0936869
0.0979354
0.102442
0.10753
-0.00584496
-0.00503844
-0.00590376
-0.00696851
-0.00565083
-0.00299366
-0.000830603
0.000741898
0.00228538
0.00376095
0.00484636
0.00584752
0.00743342
0.00934589
0.0109487
0.0123897
0.0138513
0.0153459
0.0169757
0.0187255
0.0204334
0.0221874
0.0240475
0.0259335
0.027826
0.0298106
0.0319203
0.0340964
0.036426
0.038817
0.0411724
0.0436018
0.0462017
0.0488753
0.0516275
0.0544619
0.057428
0.0604921
0.0636195
0.0669506
0.0702824
0.073879
0.0775595
0.0813332
0.0853435
0.0893374
0.0936877
0.0979361
0.102444
0.107534
-0.0057426
-0.00485196
-0.00559583
-0.0067379
-0.00558761
-0.00297895
-0.000809216
0.000760344
0.00229282
0.0037653
0.00486612
0.00588519
0.00746094
0.00935136
0.0109493
0.0123938
0.0138578
0.0153536
0.0169813
0.0187283
0.020436
0.02219
0.0240491
0.0259348
0.0278283
0.0298137
0.031923
0.0340993
0.0364273
0.0388168
0.0411732
0.0436035
0.0462026
0.0488759
0.0516283
0.054463
0.0574292
0.0604933
0.0636207
0.0669519
0.0702838
0.0738805
0.0775607
0.0813344
0.0853446
0.0893384
0.0936885
0.0979368
0.102446
0.107537
-0.0056309
-0.00466918
-0.00528922
-0.00649448
-0.00551543
-0.00296459
-0.000788982
0.00077951
0.00230146
0.00377065
0.00488627
0.00592269
0.00748856
0.00935743
0.0109505
0.0123981
0.0138646
0.0153614
0.0169871
0.0187314
0.0204388
0.0221928
0.024051
0.0259363
0.027831
0.029817
0.031926
0.0341023
0.0364286
0.0388166
0.0411741
0.0436054
0.0462037
0.0488764
0.0516291
0.0544642
0.0574304
0.0604945
0.0636221
0.0669533
0.0702854
0.0738821
0.077562
0.0813356
0.0853458
0.0893395
0.0936893
0.0979376
0.102448
0.107541
-0.00550505
-0.00448862
-0.00498607
-0.00623955
-0.00543296
-0.00295014
-0.000770257
0.000799186
0.00231137
0.00377715
0.00490692
0.00596008
0.00751629
0.00936415
0.0109523
0.0124029
0.0138717
0.0153694
0.0169931
0.0187347
0.0204418
0.0221957
0.024053
0.0259379
0.0278338
0.0298204
0.0319292
0.0341055
0.0364302
0.0388165
0.0411752
0.0436074
0.0462048
0.0488769
0.0516299
0.0544654
0.0574317
0.0604958
0.0636235
0.0669547
0.0702869
0.0738838
0.0775633
0.0813369
0.085347
0.0893406
0.0936902
0.0979384
0.102451
0.107545
-0.00536007
-0.00430848
-0.00468797
-0.00597414
-0.00533875
-0.00293486
-0.000753298
0.000819093
0.00232258
0.00378493
0.00492819
0.00599745
0.00754422
0.00937155
0.0109546
0.012408
0.013879
0.0153776
0.0169993
0.0187383
0.0204449
0.0221986
0.0240551
0.0259397
0.0278368
0.029824
0.0319325
0.0341087
0.0364318
0.0388165
0.0411764
0.0436097
0.0462059
0.0488774
0.0516307
0.0544667
0.057433
0.0604971
0.0636249
0.0669561
0.0702886
0.0738855
0.0775646
0.0813382
0.0853483
0.0893417
0.093691
0.0979392
0.102453
0.107549
-0.00519191
-0.00412725
-0.0043959
-0.00569882
-0.00523119
-0.0029178
-0.000738233
0.000838941
0.00233513
0.00379412
0.00495022
0.00603494
0.00757246
0.00937968
0.0109576
0.0124135
0.0138866
0.015386
0.0170057
0.018742
0.0204482
0.0222017
0.0240574
0.0259415
0.02784
0.0298277
0.031936
0.034112
0.0364335
0.0388165
0.0411778
0.043612
0.0462072
0.0488779
0.0516316
0.0544681
0.0574344
0.0604985
0.0636264
0.0669576
0.0702903
0.0738873
0.077566
0.0813396
0.0853496
0.0893428
0.093692
0.0979401
0.102455
0.107554
-0.00500063
-0.00394349
-0.00411104
-0.00541493
-0.00510911
-0.002898
-0.000725072
0.000858471
0.00235157
0.00380481
0.00497315
0.00607265
0.00760107
0.00938855
0.0109612
0.0124194
0.0138945
0.0153947
0.0170124
0.0187459
0.0204515
0.022205
0.0240597
0.0259435
0.0278433
0.0298316
0.0319396
0.0341155
0.0364353
0.0388166
0.0411792
0.0436144
0.0462085
0.0488785
0.0516325
0.0544695
0.0574358
0.0604999
0.063628
0.0669591
0.070292
0.0738892
0.0775674
0.081341
0.085351
0.089344
0.093693
0.097941
0.102458
0.107558
-0.00479088
-0.00375636
-0.00383485
-0.00512479
-0.00497214
-0.00287455
-0.000713842
0.000877273
0.00236662
0.00381713
0.00499708
0.00611065
0.00763012
0.0093982
0.0109654
0.0124258
0.0139027
0.0154036
0.0170193
0.01875
0.0204551
0.0222083
0.0240622
0.0259455
0.0278467
0.0298356
0.0319433
0.034119
0.0364371
0.0388167
0.0411807
0.043617
0.0462098
0.0488791
0.0516334
0.0544709
0.0574373
0.0605014
0.0636296
0.0669607
0.0702938
0.0738912
0.0775689
0.0813425
0.0853524
0.0893453
0.093694
0.0979419
0.10246
0.107562
-0.00456823
-0.00356637
-0.00356901
-0.00483046
-0.00481987
-0.00284619
-0.000704296
0.000895047
0.0023826
0.00383114
0.00502215
0.006149
0.0076596
0.00940861
0.0109702
0.0124325
0.0139112
0.0154128
0.0170264
0.0187543
0.0204587
0.0222118
0.0240648
0.0259477
0.0278502
0.0298397
0.0319471
0.0341225
0.036439
0.0388169
0.0411823
0.0436195
0.0462112
0.0488797
0.0516344
0.0544725
0.0574388
0.0605029
0.0636313
0.0669624
0.0702957
0.0738932
0.0775705
0.081344
0.0853539
0.0893466
0.0936951
0.0979428
0.102463
0.107567
-0.00434132
-0.00337438
-0.00331331
-0.0045331
-0.00465178
-0.00281127
-0.000695839
0.000911574
0.00239937
0.00384691
0.00504846
0.00618774
0.00768954
0.00941983
0.0109756
0.0124397
0.0139201
0.0154222
0.0170339
0.0187588
0.0204625
0.0222155
0.0240675
0.02595
0.0278539
0.029844
0.0319511
0.0341262
0.036441
0.0388171
0.041184
0.0436222
0.0462127
0.0488803
0.0516354
0.0544741
0.0574404
0.0605045
0.063633
0.0669641
0.0702976
0.0738953
0.0775721
0.0813456
0.0853555
0.0893479
0.0936962
0.0979438
0.102465
0.107572
-0.00411698
-0.00317839
-0.00306559
-0.00423406
-0.00446853
-0.00276861
-0.000688003
0.000926481
0.00241664
0.00386448
0.0050761
0.0062269
0.00771996
0.00943187
0.0109818
0.0124474
0.0139293
0.015432
0.0170416
0.0187636
0.0204665
0.0222193
0.0240704
0.0259524
0.0278576
0.0298484
0.0319551
0.03413
0.0364431
0.0388174
0.0411857
0.0436249
0.0462142
0.048881
0.0516364
0.0544757
0.0574421
0.0605061
0.0636349
0.0669658
0.0702996
0.0738976
0.0775737
0.0813472
0.0853572
0.0893493
0.0936973
0.0979448
0.102468
0.107577
-0.0038904
-0.00297505
-0.00282521
-0.00393561
-0.00427158
-0.00271695
-0.000679957
0.000939595
0.00243409
0.00388385
0.00510524
0.00626662
0.00775087
0.00944474
0.0109886
0.0124555
0.0139388
0.015442
0.0170496
0.0187686
0.0204706
0.0222233
0.0240734
0.0259549
0.0278614
0.0298529
0.0319593
0.0341338
0.0364452
0.0388178
0.0411875
0.0436276
0.0462158
0.0488817
0.0516375
0.0544775
0.0574439
0.0605079
0.0636368
0.0669676
0.0703017
0.0738999
0.0775754
0.0813489
0.0853589
0.0893507
0.0936986
0.0979459
0.10247
0.107582
-0.00365501
-0.0027648
-0.00259213
-0.0036395
-0.00406219
-0.00265479
-0.00067039
0.000951051
0.00245133
0.00390478
0.0051359
0.00630696
0.00778231
0.00945848
0.0109963
0.0124642
0.0139488
0.0154523
0.0170578
0.0187738
0.0204749
0.0222274
0.0240765
0.0259576
0.0278654
0.0298576
0.0319637
0.0341378
0.0364475
0.0388182
0.0411894
0.0436304
0.0462174
0.0488825
0.0516386
0.0544793
0.0574457
0.0605096
0.0636388
0.0669694
0.0703038
0.0739023
0.0775772
0.0813507
0.0853607
0.0893522
0.0936999
0.097947
0.102473
0.107587
-0.00341348
-0.00254918
-0.0023646
-0.00334679
-0.00384202
-0.00258105
-0.000658276
0.0009609
0.00246788
0.00392719
0.0051683
0.00634806
0.00781433
0.00947312
0.0110047
0.0124735
0.0139591
0.015463
0.0170663
0.0187793
0.0204794
0.0222317
0.0240798
0.0259605
0.0278695
0.0298624
0.0319681
0.0341419
0.0364498
0.0388187
0.0411914
0.0436333
0.0462191
0.0488833
0.0516397
0.0544812
0.0574476
0.0605115
0.0636409
0.0669713
0.0703061
0.0739048
0.077579
0.0813525
0.0853625
0.0893537
0.0937012
0.0979481
0.102476
0.107592
-0.0031718
-0.00232785
-0.00214098
-0.00305888
-0.00361302
-0.00249502
-0.000642545
0.000969457
0.0024834
0.00395068
0.00520239
0.00639006
0.00784702
0.00948868
0.0110139
0.0124833
0.0139699
0.0154739
0.0170752
0.0187851
0.0204841
0.0222362
0.0240832
0.0259635
0.0278736
0.0298674
0.0319727
0.0341461
0.0364522
0.0388193
0.0411934
0.0436362
0.0462209
0.0488842
0.0516409
0.0544832
0.0574495
0.0605134
0.063643
0.0669733
0.0703084
0.0739074
0.0775809
0.0813544
0.0853645
0.0893553
0.0937026
0.0979493
0.102478
0.107598
-0.0029304
-0.0021001
-0.0019205
-0.00277693
-0.00337685
-0.00239613
-0.000621799
0.000977407
0.00249771
0.00397485
0.00523818
0.00643306
0.00788048
0.00950523
0.0110239
0.0124937
0.0139811
0.0154851
0.0170843
0.0187912
0.0204891
0.0222409
0.0240868
0.0259667
0.0278779
0.0298725
0.0319774
0.0341504
0.0364547
0.0388199
0.0411956
0.0436392
0.0462227
0.0488851
0.0516422
0.0544853
0.0574516
0.0605154
0.0636453
0.0669753
0.0703108
0.0739101
0.0775829
0.0813564
0.0853666
0.0893569
0.0937041
0.0979506
0.102481
0.107603
-0.00268605
-0.00186595
-0.001702
-0.0025012
-0.00313513
-0.00228439
-0.00059493
0.000985334
0.00251069
0.00399928
0.0052755
0.00647718
0.00791484
0.00952282
0.0110348
0.0125047
0.0139927
0.0154967
0.0170938
0.0187975
0.0204942
0.0222458
0.0240906
0.02597
0.0278823
0.0298777
0.0319822
0.0341548
0.0364573
0.0388207
0.0411978
0.0436422
0.0462246
0.0488861
0.0516435
0.0544875
0.0574537
0.0605175
0.0636476
0.0669773
0.0703133
0.0739129
0.0775849
0.0813584
0.0853687
0.0893586
0.0937056
0.0979518
0.102484
0.107609
-0.00244097
-0.00162643
-0.00148443
-0.00223189
-0.00288963
-0.00216049
-0.000561027
0.000994145
0.00252247
0.00402361
0.00531411
0.0065225
0.00795022
0.00954155
0.0110467
0.0125164
0.0140049
0.0155087
0.0171036
0.0188042
0.0204996
0.0222509
0.0240946
0.0259735
0.0278869
0.0298831
0.0319872
0.0341593
0.0364601
0.0388215
0.0412001
0.0436453
0.0462265
0.0488871
0.0516448
0.0544898
0.0574559
0.0605197
0.06365
0.0669795
0.0703159
0.0739158
0.077587
0.0813605
0.085371
0.0893603
0.0937073
0.0979532
0.102487
0.107615
-0.00219889
-0.00138231
-0.00126711
-0.00196897
-0.00264178
-0.00202525
-0.000519104
0.00100499
0.00253335
0.00404753
0.00535374
0.00656903
0.00798679
0.00956154
0.0110595
0.0125287
0.0140175
0.015521
0.0171137
0.0188111
0.0205052
0.0222562
0.0240988
0.0259772
0.0278915
0.0298886
0.0319923
0.034164
0.0364629
0.0388225
0.0412025
0.0436484
0.0462286
0.0488882
0.0516463
0.0544922
0.0574582
0.060522
0.0636526
0.0669816
0.0703186
0.0739189
0.0775891
0.0813627
0.0853733
0.0893621
0.093709
0.0979545
0.10249
0.107621
-0.00196006
-0.00113374
-0.00104915
-0.00171199
-0.00239279
-0.00187964
-0.000468366
0.00101878
0.00254356
0.00407071
0.00539406
0.0066168
0.00802468
0.0095829
0.0110733
0.0125418
0.0140307
0.0155337
0.0171242
0.0188184
0.0205111
0.0222617
0.0241032
0.0259811
0.0278963
0.0298943
0.0319975
0.0341688
0.0364659
0.0388236
0.0412051
0.0436516
0.0462307
0.0488894
0.0516477
0.0544947
0.0574605
0.0605243
0.0636552
0.0669839
0.0703214
0.073922
0.0775913
0.081365
0.0853758
0.0893639
0.0937108
0.097956
0.102492
0.107628
-0.00172446
-0.000881256
-0.000829965
-0.00146061
-0.00214391
-0.00172494
-0.000408416
0.00103647
0.00255366
0.00409303
0.00543473
0.00666566
0.00806396
0.00960575
0.0110883
0.0125555
0.0140444
0.0155469
0.0171351
0.0188261
0.0205173
0.0222674
0.0241078
0.0259853
0.0279013
0.0299002
0.0320029
0.0341737
0.036469
0.0388248
0.0412077
0.0436548
0.0462329
0.0488907
0.0516493
0.0544973
0.057463
0.0605268
0.0636579
0.0669862
0.0703243
0.0739253
0.0775936
0.0813673
0.0853783
0.0893658
0.0937127
0.0979575
0.102495
0.107634
-0.00149202
-0.000625428
-0.000609148
-0.0012143
-0.00189604
-0.00156241
-0.000339042
0.00105908
0.00256428
0.00411439
0.00547535
0.00671546
0.00810473
0.00963027
0.0111045
0.0125701
0.0140586
0.0155604
0.0171463
0.0188341
0.0205237
0.0222734
0.0241126
0.0259896
0.0279064
0.0299062
0.0320085
0.0341788
0.0364722
0.0388261
0.0412104
0.0436581
0.0462351
0.048892
0.0516509
0.0545
0.0574656
0.0605294
0.0636608
0.0669885
0.0703273
0.0739288
0.077596
0.0813698
0.085381
0.0893678
0.0937146
0.0979591
0.102498
0.107641
-0.00126256
-0.000367104
-0.000386425
-0.000972594
-0.00164983
-0.00139322
-0.000260352
0.00108742
0.00257613
0.00413488
0.00551565
0.00676604
0.00814706
0.00965659
0.0111221
0.0125854
0.0140734
0.0155743
0.017158
0.0188425
0.0205305
0.0222797
0.0241177
0.0259941
0.0279116
0.0299124
0.0320142
0.034184
0.0364756
0.0388276
0.0412133
0.0436614
0.0462375
0.0488934
0.0516526
0.0545029
0.0574682
0.060532
0.0636637
0.0669909
0.0703305
0.0739323
0.0775984
0.0813723
0.0853839
0.0893698
0.0937167
0.0979607
0.102501
0.107647
-0.00103892
-0.000107492
-0.000161726
-0.000735141
-0.00140583
-0.00121853
-0.00017281
0.00112211
0.00259012
0.00415483
0.00555539
0.00681712
0.00819084
0.00968478
0.0111411
0.0126016
0.0140888
0.0155887
0.01717
0.0188512
0.0205375
0.0222862
0.024123
0.0259989
0.027917
0.0299187
0.0320201
0.0341894
0.0364791
0.0388292
0.0412162
0.0436647
0.0462399
0.0488949
0.0516544
0.0545059
0.0574709
0.0605348
0.0636668
0.0669934
0.0703338
0.073936
0.0776009
0.0813749
0.0853868
0.0893719
0.0937188
0.0979624
0.102504
0.107654
-0.000822787
0.000152902
6.55571e-05
-0.000501271
-0.0011643
-0.0010393
-7.69596e-05
0.00116372
0.00260706
0.0041745
0.00559429
0.0068684
0.00823603
0.00971495
0.0111618
0.0126189
0.0141048
0.0156035
0.0171825
0.0188604
0.0205449
0.022293
0.0241286
0.0260039
0.0279226
0.0299253
0.0320261
0.034195
0.0364828
0.038831
0.0412193
0.0436681
0.0462424
0.0488964
0.0516563
0.0545091
0.0574738
0.0605378
0.0636699
0.066996
0.0703373
0.0739398
0.0776035
0.0813777
0.0853899
0.089374
0.0937211
0.0979642
0.102507
0.107661
-0.000613599
0.000413706
0.000295867
-0.000270796
-0.0009257
-0.00085637
2.661e-05
0.00121257
0.00262767
0.00419428
0.00563222
0.00691967
0.0082825
0.00974713
0.0111842
0.0126373
0.0141216
0.0156188
0.0171953
0.01887
0.0205527
0.0223
0.0241344
0.0260092
0.0279283
0.029932
0.0320324
0.0342007
0.0364867
0.0388329
0.0412225
0.0436716
0.046245
0.0488981
0.0516583
0.0545124
0.0574767
0.0605408
0.0636732
0.0669986
0.0703408
0.0739438
0.0776062
0.0813805
0.0853932
0.0893762
0.0937235
0.0979661
0.102511
0.107669
-0.000413057
0.00067337
0.000528888
-4.35271e-05
-0.000690227
-0.000670423
0.000137192
0.00126871
0.00265267
0.00421475
0.00566921
0.00697069
0.00833006
0.0097813
0.0112086
0.012657
0.014139
0.0156345
0.0172086
0.01888
0.0205608
0.0223074
0.0241405
0.0260147
0.0279343
0.0299389
0.0320388
0.0342066
0.0364907
0.0388351
0.0412258
0.043675
0.0462477
0.0488999
0.0516604
0.0545158
0.0574798
0.060544
0.0636767
0.0670013
0.0703446
0.0739479
0.077609
0.0813834
0.0853965
0.0893785
0.0937259
0.0979681
0.102514
0.107676
-0.000221318
0.000930336
0.000764884
0.000181353
-0.000457998
-0.000482198
0.000254136
0.00133212
0.00268267
0.00423649
0.00570534
0.00702122
0.00837855
0.00981742
0.0112348
0.0126781
0.0141574
0.0156507
0.0172222
0.0188904
0.0205693
0.022315
0.0241469
0.0260205
0.0279404
0.029946
0.0320454
0.0342127
0.036495
0.0388374
0.0412293
0.0436786
0.0462505
0.0489018
0.0516627
0.0545194
0.0574829
0.0605473
0.0636802
0.0670041
0.0703485
0.0739521
0.0776118
0.0813865
0.0854001
0.0893808
0.0937285
0.0979702
0.102517
0.107683
-3.61248e-05
0.00118422
0.00100429
0.000404258
-0.000229475
-0.000292383
0.000376907
0.0014025
0.00271804
0.00426015
0.00574082
0.0070711
0.00842779
0.00985538
0.0112631
0.0127007
0.0141767
0.0156674
0.0172362
0.0189012
0.0205781
0.022323
0.0241537
0.0260266
0.0279467
0.0299533
0.0320522
0.0342189
0.0364994
0.0388399
0.0412329
0.0436822
0.0462534
0.0489038
0.051665
0.0545231
0.0574862
0.0605508
0.0636839
0.0670069
0.0703526
0.0739565
0.0776148
0.0813897
0.0854038
0.0893833
0.0937311
0.0979725
0.10252
0.107691
0.000143998
0.0014339
0.00124644
0.000625421
-4.85571e-06
-0.00010144
0.000505028
0.00147949
0.00275906
0.00428648
0.00577596
0.00712016
0.00847761
0.00989505
0.0112934
0.012725
0.0141971
0.0156848
0.0172507
0.0189124
0.0205874
0.0223312
0.0241607
0.0260331
0.0279533
0.0299608
0.0320592
0.0342254
0.0365041
0.0388426
0.0412366
0.0436858
0.0462564
0.0489059
0.0516675
0.0545269
0.0574895
0.0605544
0.0636877
0.0670098
0.0703568
0.073961
0.0776178
0.081393
0.0854076
0.0893858
0.0937339
0.0979748
0.102523
0.107699
0.00031982
0.00167802
0.00149107
0.000845754
0.000215827
9.00157e-05
0.00063799
0.0015627
0.00280589
0.00431606
0.00581109
0.0071683
0.00852787
0.00993631
0.0113255
0.012751
0.0142188
0.0157028
0.0172656
0.018924
0.020597
0.0223398
0.0241681
0.0260398
0.0279601
0.0299685
0.0320664
0.0342321
0.0365089
0.0388456
0.0412405
0.0436895
0.0462595
0.0489081
0.0516702
0.054531
0.057493
0.0605582
0.0636917
0.0670129
0.0703613
0.0739657
0.0776209
0.0813964
0.0854117
0.0893883
0.0937368
0.0979773
0.102527
0.107707
0.00049402
0.00191661
0.00173786
0.00106588
0.000432308
0.000281261
0.00077535
0.00165168
0.00285844
0.00434939
0.00584671
0.00721551
0.00857838
0.00997905
0.0113594
0.0127788
0.0142419
0.0157217
0.0172809
0.0189361
0.020607
0.0223488
0.0241758
0.0260469
0.0279672
0.0299765
0.0320738
0.034239
0.036514
0.0388488
0.0412445
0.0436932
0.0462627
0.0489105
0.0516731
0.0545351
0.0574966
0.0605622
0.0636958
0.067016
0.0703659
0.0739705
0.0776241
0.0814
0.0854159
0.089391
0.0937398
0.0979799
0.10253
0.107715
0.000669832
0.00214931
0.0019855
0.0012862
0.0006446
0.000471695
0.000916827
0.00174615
0.00291649
0.00438684
0.00588335
0.00726184
0.00862899
0.0100232
0.0113951
0.0128083
0.0142666
0.0157415
0.0172967
0.0189485
0.0206174
0.022358
0.0241839
0.0260543
0.0279745
0.0299847
0.0320815
0.0342461
0.0365194
0.0388522
0.0412487
0.043697
0.0462661
0.0489131
0.0516761
0.0545395
0.0575003
0.0605663
0.0637
0.0670192
0.0703707
0.0739755
0.0776275
0.0814038
0.0854202
0.0893938
0.0937429
0.0979826
0.102534
0.107723
0.00084746
0.00237539
0.00223271
0.00150739
0.000853002
0.000660536
0.00106197
0.00184587
0.00297967
0.00442859
0.00592166
0.00730749
0.00867952
0.0100687
0.0114322
0.0128395
0.014293
0.0157624
0.0173131
0.0189613
0.0206281
0.0223676
0.0241923
0.026062
0.0279822
0.0299931
0.0320894
0.0342535
0.0365249
0.0388559
0.041253
0.0437009
0.0462696
0.0489158
0.0516793
0.0545439
0.0575042
0.0605707
0.0637044
0.0670225
0.0703758
0.0739807
0.0776309
0.0814077
0.0854248
0.0893966
0.0937461
0.0979856
0.102537
0.107732
0.0010273
0.00259506
0.00247803
0.00172977
0.00105784
0.000846963
0.00121018
0.00195066
0.0030476
0.00447467
0.00596226
0.00735265
0.00872972
0.0101155
0.0114708
0.0128721
0.0143211
0.0157846
0.0173301
0.0189746
0.0206392
0.0223775
0.0242011
0.0260702
0.0279901
0.0300018
0.0320976
0.0342611
0.0365308
0.0388598
0.0412574
0.0437049
0.0462732
0.0489188
0.0516827
0.0545486
0.0575082
0.0605753
0.0637089
0.067026
0.0703811
0.073986
0.0776344
0.0814117
0.0854295
0.0893995
0.0937494
0.0979887
0.102541
0.10774
0.00121155
0.00280914
0.00271983
0.00195338
0.0012597
0.00103023
0.00136078
0.00206043
0.00311997
0.00452496
0.00600568
0.00739772
0.00877942
0.0101636
0.011511
0.012906
0.0143508
0.0158083
0.0173478
0.0189883
0.0206508
0.0223878
0.0242102
0.0260787
0.0279984
0.0300107
0.032106
0.034269
0.0365369
0.038864
0.0412621
0.0437089
0.046277
0.0489219
0.0516863
0.0545533
0.0575123
0.0605801
0.0637136
0.0670296
0.0703865
0.0739914
0.0776381
0.081416
0.0854344
0.0894026
0.0937528
0.0979919
0.102544
0.107749
0.00139996
0.0030183
0.00295645
0.0021778
0.00145933
0.0012096
0.0015129
0.00217519
0.00319643
0.00457916
0.00605239
0.00744327
0.00882854
0.0102126
0.0115527
0.012941
0.014382
0.0158335
0.0173665
0.0190025
0.0206626
0.0223983
0.0242196
0.0260875
0.0280071
0.03002
0.0321148
0.0342772
0.0365433
0.0388685
0.0412668
0.0437131
0.0462809
0.0489252
0.0516902
0.0545582
0.0575166
0.0605851
0.0637184
0.0670334
0.0703923
0.073997
0.0776419
0.0814204
0.0854395
0.0894058
0.0937564
0.0979954
0.102548
0.107757
0.0015905
0.0032233
0.00318622
0.00240193
0.00165769
0.00138475
0.0016654
0.002295
0.00327696
0.00463671
0.00610255
0.0074898
0.00887701
0.0102624
0.0115959
0.0129772
0.0144148
0.0158604
0.0173862
0.0190173
0.0206749
0.0224091
0.0242294
0.0260968
0.0280161
0.0300295
0.0321238
0.0342856
0.03655
0.0388732
0.0412717
0.0437173
0.046285
0.0489287
0.0516943
0.0545633
0.0575211
0.0605903
0.0637234
0.0670373
0.0703982
0.0740027
0.0776458
0.0814251
0.0854448
0.089409
0.09376
0.097999
0.102552
0.107766
0.00178098
0.00342512
0.00340807
0.00262437
0.00185581
0.00155578
0.00181683
0.00241949
0.00336167
0.00469713
0.00615615
0.00753793
0.00892491
0.0103129
0.0116408
0.0130142
0.0144486
0.0158891
0.0174071
0.0190326
0.0206877
0.0224202
0.0242395
0.0261065
0.0280255
0.0300393
0.0321331
0.0342944
0.036557
0.0388782
0.0412767
0.0437217
0.0462893
0.0489325
0.0516986
0.0545684
0.0575257
0.0605958
0.0637286
0.0670414
0.0704044
0.0740086
0.0776499
0.0814299
0.0854503
0.0894125
0.0937638
0.0980029
0.102556
0.107775
0.00196837
0.00362423
0.00362172
0.00284331
0.00205417
0.0017231
0.00196567
0.00254806
0.00345077
0.00476005
0.00621308
0.00758819
0.00897252
0.0103637
0.0116874
0.0130524
0.0144832
0.0159193
0.0174296
0.0190487
0.0207008
0.0224317
0.0242498
0.0261166
0.0280353
0.0300494
0.0321428
0.0343035
0.0365644
0.0388835
0.0412819
0.0437263
0.0462938
0.0489365
0.0517032
0.0545737
0.0575306
0.0606016
0.0637339
0.0670457
0.0704108
0.0740146
0.0776541
0.081435
0.085456
0.089416
0.0937677
0.0980069
0.10256
0.107784
0.00215043
0.00382085
0.00382748
0.00305687
0.00225282
0.00188756
0.00211056
0.00268009
0.00354463
0.0048248
0.00627304
0.00764111
0.00902008
0.0104146
0.0117354
0.0130919
0.0145187
0.0159508
0.0174537
0.0190658
0.0207143
0.0224436
0.0242604
0.026127
0.0280456
0.0300598
0.0321527
0.0343128
0.0365721
0.0388891
0.0412872
0.043731
0.0462984
0.0489409
0.051708
0.0545791
0.0575356
0.0606076
0.0637393
0.0670503
0.0704174
0.0740208
0.0776584
0.0814403
0.0854618
0.0894196
0.0937718
0.0980112
0.102564
0.107793
0.00232664
0.004015
0.00402616
0.00326306
0.00245127
0.00205058
0.00225023
0.00281422
0.00364384
0.00489101
0.00633539
0.00769722
0.00906791
0.0104653
0.0117847
0.0131327
0.0145549
0.0159834
0.0174791
0.019084
0.0207284
0.0224558
0.0242714
0.0261377
0.0280563
0.0300707
0.0321631
0.0343225
0.0365801
0.038895
0.0412927
0.0437359
0.0463033
0.0489455
0.0517131
0.0545847
0.0575409
0.0606139
0.063745
0.0670551
0.0704243
0.0740271
0.0776629
0.0814459
0.0854679
0.0894234
0.093776
0.0980157
0.102569
0.107802
0.00249556
0.00420545
0.00421917
0.0034605
0.00264774
0.00221371
0.00238403
0.00294834
0.00374896
0.00495887
0.00639927
0.00775667
0.00911667
0.0105159
0.0118351
0.0131748
0.0145918
0.0160168
0.0175062
0.0191034
0.0207429
0.0224684
0.0242829
0.0261488
0.0280673
0.0300818
0.0321738
0.0343325
0.0365885
0.0389012
0.0412983
0.043741
0.0463085
0.0489504
0.0517184
0.0545903
0.0575464
0.0606204
0.0637508
0.0670602
0.0704315
0.0740335
0.0776676
0.0814518
0.0854741
0.0894274
0.0937804
0.0980204
0.102573
0.107811
0.00265711
0.00439114
0.00440764
0.003649
0.00283983
0.002378
0.00251255
0.00308013
0.00385997
0.00502876
0.00646387
0.00781935
0.00916679
0.0105665
0.0118864
0.0132181
0.0146297
0.016051
0.0175344
0.0191244
0.0207582
0.0224811
0.0242948
0.0261605
0.0280787
0.0300933
0.0321849
0.0343429
0.0365972
0.0389077
0.0413041
0.0437463
0.0463139
0.0489557
0.051724
0.0545961
0.0575522
0.0606272
0.0637568
0.0670656
0.0704388
0.07404
0.0776725
0.0814579
0.0854806
0.0894315
0.0937849
0.0980254
0.102578
0.107821
0.00281289
0.00457123
0.00459201
0.00382895
0.00302527
0.00254371
0.00263697
0.00320737
0.0039764
0.00510129
0.00652841
0.00788521
0.00921837
0.0106171
0.0119386
0.0132625
0.0146683
0.0160858
0.0175637
0.019147
0.0207745
0.0224939
0.024307
0.0261728
0.0280905
0.030105
0.0321964
0.0343535
0.0366062
0.0389145
0.0413102
0.0437518
0.0463194
0.0489613
0.0517299
0.054602
0.0575583
0.0606343
0.0637629
0.0670713
0.0704464
0.0740467
0.0776776
0.0814643
0.0854872
0.0894357
0.0937896
0.0980306
0.102583
0.10783
0.00296341
0.00474432
0.00477211
0.00400134
0.00320164
0.0027102
0.00275903
0.00332781
0.00409721
0.00517743
0.00659203
0.00795417
0.00927199
0.0106672
0.0119916
0.0133082
0.0147078
0.0161209
0.0175936
0.0191712
0.0207921
0.0225072
0.0243193
0.0261855
0.0281029
0.030117
0.0322083
0.0343647
0.0366156
0.0389215
0.0413166
0.0437578
0.0463253
0.0489672
0.051736
0.054608
0.0575646
0.0606416
0.0637693
0.0670774
0.0704542
0.0740535
0.077683
0.0814709
0.085494
0.0894401
0.0937944
0.098036
0.102588
0.107839
0.00310874
0.00490955
0.00494666
0.00416787
0.00336736
0.00287531
0.00288116
0.00343995
0.00422023
0.0052586
0.00665393
0.0080254
0.00932862
0.0107173
0.012045
0.0133545
0.0147486
0.016157
0.0176236
0.0191965
0.0208113
0.0225209
0.024332
0.0261988
0.0281155
0.0301293
0.0322207
0.0343763
0.0366254
0.0389287
0.041323
0.0437641
0.0463316
0.0489736
0.0517424
0.0546142
0.0575713
0.0606492
0.063776
0.067084
0.0704621
0.0740603
0.0776886
0.0814779
0.0855011
0.0894447
0.0937995
0.0980417
0.102593
0.107849
0.00324892
0.00506672
0.00511395
0.00432954
0.00352226
0.00303602
0.00300522
0.00354393
0.00434243
0.00534586
0.00671417
0.00809739
0.00938862
0.0107676
0.012099
0.0134011
0.0147895
0.0161944
0.0176541
0.0192226
0.0208321
0.0225353
0.0243448
0.0262129
0.0281289
0.0301416
0.0322331
0.0343882
0.0366356
0.0389364
0.0413298
0.0437707
0.046338
0.0489802
0.0517491
0.0546206
0.0575783
0.060657
0.0637829
0.067091
0.0704703
0.0740673
0.0776945
0.0814852
0.0855083
0.0894494
0.0938047
0.0980476
0.102599
0.107858
0.00338299
0.00521592
0.00527206
0.00448657
0.00366691
0.00318906
0.00313202
0.00364092
0.0044607
0.00543946
0.00677352
0.00816892
0.00945198
0.0108181
0.012154
0.0134487
0.0148303
0.0162324
0.017685
0.0192496
0.0208546
0.0225505
0.0243576
0.0262274
0.0281431
0.0301545
0.0322457
0.0344003
0.0366462
0.0389443
0.0413369
0.0437779
0.046345
0.048987
0.0517558
0.0546273
0.0575857
0.0606651
0.0637901
0.0670984
0.0704786
0.0740744
0.0777007
0.0814928
0.0855158
0.0894543
0.0938102
0.0980538
0.102604
0.107868
0.00350849
0.00535711
0.00541936
0.00463829
0.00380314
0.00333114
0.00326085
0.00373302
0.00457212
0.00553922
0.00683314
0.00823842
0.00951898
0.0108688
0.012209
0.0134977
0.0148713
0.0162712
0.0177157
0.0192764
0.0208792
0.0225673
0.0243706
0.0262423
0.0281577
0.0301678
0.0322589
0.0344126
0.036657
0.0389526
0.0413443
0.0437854
0.0463524
0.0489944
0.0517627
0.054634
0.0575934
0.0606733
0.0637977
0.0671064
0.0704871
0.0740815
0.0777072
0.0815008
0.0855235
0.0894594
0.0938159
0.0980604
0.10261
0.107877
0.00362321
0.00549013
0.00555541
0.00478274
0.00393285
0.00346056
0.00338906
0.00382272
0.00467451
0.00564363
0.00689509
0.00830447
0.00958877
0.0109206
0.0122636
0.0135475
0.0149118
0.0163115
0.0177477
0.0193022
0.0209044
0.022586
0.0243843
0.0262577
0.0281731
0.0301812
0.0322721
0.0344254
0.0366681
0.0389613
0.0413522
0.0437933
0.0463601
0.0490021
0.05177
0.0546412
0.0576014
0.0606817
0.0638055
0.0671149
0.0704958
0.0740888
0.0777141
0.081509
0.0855314
0.0894647
0.0938218
0.0980671
0.102616
0.107887
0.00372651
0.0056147
0.00568014
0.00491731
0.00405727
0.0035771
0.00351329
0.0039119
0.00476681
0.00574997
0.00696131
0.00836733
0.00966013
0.0109738
0.0123177
0.0135985
0.0149514
0.0163516
0.0177818
0.0193286
0.0209302
0.0226057
0.0243982
0.0262733
0.0281896
0.0301956
0.0322854
0.0344379
0.0366795
0.0389705
0.0413607
0.0438018
0.0463682
0.04901
0.0517772
0.0546487
0.05761
0.0606905
0.0638138
0.0671239
0.0705045
0.0740962
0.0777213
0.0815177
0.0855395
0.0894701
0.0938279
0.0980742
0.102623
0.107896
0.00381683
0.00572936
0.00579431
0.00503932
0.00417645
0.00368177
0.00362962
0.00400208
0.00484932
0.00585479
0.00703266
0.00842727
0.00973259
0.0110289
0.0123704
0.0136504
0.0149906
0.0163907
0.0178166
0.0193552
0.0209573
0.0226281
0.0244128
0.0262882
0.0282061
0.0302107
0.0322994
0.034451
0.0366908
0.03898
0.0413699
0.0438108
0.0463767
0.0490183
0.0517847
0.0546564
0.0576187
0.0606994
0.0638227
0.0671335
0.0705133
0.0741036
0.077729
0.0815266
0.0855478
0.0894758
0.0938344
0.0980816
0.102629
0.107906
0.00389262
0.00583116
0.00589868
0.00514739
0.00428869
0.00377653
0.00373465
0.00409302
0.00492399
0.00595485
0.00710928
0.00848457
0.00980433
0.0110871
0.0124223
0.0137025
0.0150294
0.0164286
0.0178525
0.0193814
0.0209835
0.0226532
0.0244304
0.0263036
0.0282226
0.0302257
0.0323129
0.0344641
0.0367029
0.03899
0.0413797
0.0438205
0.0463858
0.0490269
0.0517925
0.0546645
0.0576277
0.0607084
0.0638319
0.0671437
0.0705224
0.0741112
0.0777371
0.0815359
0.0855563
0.0894817
0.093841
0.0980893
0.102636
0.107916
0.00395622
0.0059179
0.00599217
0.00524025
0.0043912
0.00386304
0.00382644
0.00418326
0.00499316
0.00604768
0.00719063
0.00854062
0.0098734
0.0111473
0.0124735
0.0137554
0.0150688
0.0164646
0.0178892
0.0194089
0.0210086
0.0226783
0.0244497
0.0263203
0.0282404
0.0302421
0.0323264
0.0344761
0.0367144
0.0390007
0.0413903
0.0438307
0.0463953
0.0490359
0.0518006
0.0546731
0.057637
0.0607178
0.0638418
0.0671542
0.0705313
0.0741189
0.0777457
0.0815457
0.0855651
0.0894878
0.0938479
0.0980972
0.102643
0.107926
0.00400894
0.00598851
0.00607371
0.00531771
0.00448037
0.00394184
0.00390385
0.00427002
0.00505969
0.00613191
0.00727547
0.00859724
0.00993873
0.0112085
0.0125229
0.0138076
0.0151096
0.0164994
0.0179258
0.0194377
0.021034
0.0227047
0.0244704
0.026336
0.0282574
0.0302599
0.0323415
0.034489
0.0367262
0.0390113
0.0414011
0.0438412
0.0464051
0.049045
0.0518091
0.0546824
0.0576467
0.0607276
0.0638525
0.0671655
0.0705403
0.0741266
0.0777546
0.0815557
0.085574
0.0894942
0.0938552
0.0981056
0.102651
0.107935
0.00404834
0.00604039
0.00614007
0.00538035
0.00455389
0.00401251
0.00396742
0.00434882
0.0051247
0.0062078
0.00736213
0.0086568
0.0100002
0.0112699
0.0125707
0.0138574
0.0151506
0.0165328
0.0179627
0.0194684
0.021059
0.0227316
0.0244945
0.0263534
0.0282731
0.0302765
0.032356
0.0345018
0.0367392
0.0390242
0.0414131
0.0438522
0.0464152
0.049054
0.0518175
0.0546916
0.0576563
0.0607377
0.0638639
0.0671774
0.0705497
0.0741347
0.0777642
0.0815661
0.0855831
0.0895007
0.0938626
0.0981142
0.102659
0.107946
0.00407333
0.00607246
0.00618693
0.00542601
0.00460866
0.00407319
0.00401954
0.00441761
0.00518788
0.00627512
0.00744746
0.00872048
0.010059
0.0113312
0.0126168
0.0139041
0.0151916
0.0165639
0.0179977
0.0195017
0.0210859
0.0227583
0.0245199
0.0263728
0.0282899
0.0302938
0.0323706
0.034513
0.0367505
0.0390371
0.0414266
0.0438646
0.0464264
0.0490639
0.0518267
0.0547014
0.0576658
0.0607477
0.0638757
0.0671895
0.070559
0.074143
0.0777743
0.0815772
0.0855927
0.0895076
0.0938704
0.0981231
0.102667
0.107955
0.00408281
0.00608382
0.00621146
0.0054533
0.00464242
0.00411978
0.0040612
0.00447558
0.00525052
0.0063365
0.0075283
0.00878672
0.010114
0.0113914
0.012663
0.0139475
0.0152328
0.016594
0.0180298
0.0195349
0.0211137
0.0227859
0.0245476
0.0263935
0.0283058
0.0303111
0.0323868
0.034526
0.0367627
0.03905
0.0414393
0.0438762
0.0464376
0.0490739
0.0518366
0.0547124
0.0576762
0.0607586
0.0638884
0.0672021
0.0705683
0.0741511
0.0777847
0.0815883
0.0856024
0.089515
0.0938788
0.0981326
0.102675
0.107966
0.00407586
0.00607258
0.00620835
0.00545777
0.00465396
0.00414924
0.00409268
0.00452167
0.00531127
0.00639597
0.00760527
0.00885617
0.0101657
0.0114464
0.0127073
0.0139872
0.0152739
0.0166247
0.0180602
0.0195691
0.0211426
0.0228115
0.024575
0.0264168
0.0283226
0.0303272
0.0324025
0.0345393
0.0367758
0.0390655
0.0414545
0.0438887
0.0464488
0.0490836
0.051846
0.0547226
0.0576861
0.0607698
0.063902
0.0672154
0.070578
0.0741597
0.0777956
0.0815999
0.085612
0.0895223
0.0938872
0.0981423
0.102684
0.107977
0.00404759
0.00603906
0.00617791
0.00543558
0.0046388
0.0041553
0.00411191
0.00455632
0.00536772
0.00645397
0.0076764
0.00892776
0.0102175
0.0114977
0.0127503
0.0140223
0.0153131
0.016657
0.0180891
0.0196042
0.0211761
0.0228389
0.0246015
0.0264394
0.0283389
0.0303424
0.0324182
0.0345532
0.0367884
0.0390804
0.0414704
0.043903
0.0464621
0.0490951
0.051857
0.0547338
0.0576962
0.0607812
0.0639154
0.0672283
0.0705874
0.0741681
0.0778066
0.0816117
0.0856218
0.0895297
0.0938955
0.0981518
0.102692
0.107986
0.00397933
0.00596944
0.00611675
0.00539022
0.00460495
0.00414156
0.00411869
0.00458103
0.00541841
0.00651099
0.00773937
0.00899346
0.0102643
0.0115396
0.0127894
0.0140534
0.0153482
0.0166899
0.0181169
0.0196378
0.0212112
0.0228676
0.0246293
0.0264647
0.0283559
0.0303555
0.0324326
0.0345676
0.0368018
0.0390958
0.0414861
0.0439163
0.0464748
0.0491069
0.0518692
0.0547466
0.0577087
0.0607959
0.063932
0.0672437
0.0705991
0.0741785
0.0778197
0.0816252
0.0856331
0.0895388
0.0939059
0.0981633
0.102703
0.107999
0.00386972
0.00584328
0.00599497
0.00529537
0.0045402
0.00411129
0.00412378
0.00461233
0.00547604
0.00657843
0.00780576
0.00905873
0.0103101
0.0115731
0.0128214
0.014079
0.0153782
0.016723
0.0181447
0.0196705
0.0212481
0.0228958
0.0246531
0.026488
0.0283732
0.030368
0.0324461
0.034582
0.0368143
0.03911
0.0415014
0.0439293
0.0464858
0.0491161
0.051878
0.0547549
0.0577165
0.0608062
0.0639442
0.0672552
0.0706072
0.0741858
0.0778299
0.0816364
0.0856417
0.0895455
0.0939135
0.0981721
0.102711
0.108007
0.00374958
0.0056839
0.00581212
0.00512497
0.0044081
0.00403326
0.00410485
0.00463818
0.00553474
0.006652
0.0078761
0.00912579
0.0103613
0.0116093
0.0128571
0.0141103
0.0154121
0.0167644
0.0181819
0.0197101
0.021294
0.022934
0.0246841
0.0265167
0.0283956
0.030385
0.0324652
0.0346035
0.0368339
0.0391297
0.0415216
0.0439478
0.0465036
0.0491331
0.0518949
0.0547715
0.0577329
0.0608251
0.0639639
0.0672732
0.0706218
0.0741985
0.0778455
0.0816522
0.0856551
0.0895567
0.0939259
0.0981855
0.102724
0.108022
0.00361374
0.00550202
0.00560891
0.00493051
0.0042498
0.00393035
0.00406362
0.00464585
0.00557037
0.00669801
0.00791333
0.00915068
0.0103723
0.0116066
0.0128578
0.0141157
0.0154233
0.0167879
0.0182049
0.019733
0.0213235
0.0229568
0.0246987
0.026532
0.0284086
0.0303917
0.0324723
0.0346143
0.0368437
0.0391403
0.0415338
0.0439583
0.0465118
0.0491401
0.0519019
0.0547777
0.05774
0.0608356
0.0639755
0.0672842
0.0706299
0.0742056
0.0778555
0.0816631
0.0856632
0.0895633
0.0939334
0.0981944
0.102732
0.10803
0.00326393
0.00517189
0.00532287
0.00471106
0.00411949
0.00389407
0.00411143
0.00474988
0.00568898
0.00680614
0.00799574
0.00920657
0.0104129
0.0116346
0.0128866
0.0141516
0.015463
0.0168395
0.0182579
0.0197802
0.0213749
0.0230026
0.0247317
0.0265616
0.0284372
0.0304153
0.0324954
0.0346405
0.0368683
0.0391628
0.0415565
0.043981
0.0465331
0.0491598
0.0519208
0.0547955
0.0577582
0.0608561
0.0639954
0.0673025
0.0706453
0.0742191
0.0778718
0.0816798
0.0856772
0.0895754
0.0939465
0.0982081
0.102745
0.108045
0.00263114
0.00441705
0.0046137
0.00415818
0.0037578
0.00370599
0.00405626
0.00477712
0.00574018
0.0068462
0.00800999
0.00919263
0.010391
0.0116127
0.012873
0.0141553
0.015475
0.0168634
0.0182869
0.0198017
0.0213988
0.0230264
0.0247459
0.0265743
0.0284513
0.0304233
0.0325014
0.0346514
0.0368808
0.0391748
0.0415694
0.0439932
0.0465435
0.0491689
0.0519301
0.0548041
0.0577694
0.0608708
0.0640101
0.0673163
0.0706569
0.0742288
0.077884
0.0816925
0.085687
0.089584
0.0939561
0.0982192
0.102755
0.108056
0.00287612
0.00421306
0.00422048
0.0038462
0.00362076
0.00372348
0.00416891
0.00490794
0.00583901
0.00689859
0.00802789
0.00918752
0.0103832
0.0116105
0.0128769
0.0141777
0.015508
0.0169043
0.018335
0.0198402
0.0214344
0.0230633
0.0247707
0.0265936
0.0284754
0.0304456
0.0325204
0.0346726
0.036902
0.0391936
0.0415879
0.0440137
0.0465629
0.0491858
0.0519453
0.0548185
0.0577847
0.0608878
0.0640258
0.0673313
0.0706702
0.0742405
0.0778982
0.0817073
0.0856991
0.0895947
0.093967
0.0982309
0.102766
0.108066
0.000497214
0.00236863
0.00306466
0.00329648
0.00351318
0.00386922
0.00439077
0.00509261
0.00594593
0.00693055
0.0080172
0.00916204
0.0103652
0.01161
0.0128883
0.0142088
0.0155503
0.0169482
0.0183844
0.01988
0.0214674
0.0231017
0.0248015
0.0266172
0.0285015
0.0304674
0.0325379
0.0346932
0.0369248
0.0392156
0.0416093
0.0440348
0.0465829
0.0492039
0.0519629
0.0548365
0.0578059
0.0609112
0.0640482
0.0673525
0.0706893
0.0742566
0.0779161
0.0817249
0.085714
0.0896081
0.0939814
0.0982463
0.102782
0.108085
-0.00114229
-0.000174167
0.00114338
0.00233186
0.00326982
0.00397646
0.00458089
0.00523351
0.0059969
0.00689794
0.00794051
0.00907856
0.0102939
0.0115619
0.0128573
0.0141997
0.0155591
0.0169612
0.0184051
0.0198955
0.0214748
0.023115
0.0248095
0.0266186
0.0285108
0.0304793
0.0325465
0.0347026
0.036935
0.0392248
0.0416185
0.0440466
0.046595
0.0492125
0.051969
0.0548435
0.0578147
0.0609207
0.0640563
0.067361
0.0706971
0.0742633
0.0779246
0.0817346
0.0857217
0.0896153
0.0939887
0.0982547
0.10279
0.10809
-0.00230921
-3.6486e-05
0.00147378
0.00254764
0.00336419
0.00405979
0.00471322
0.00538099
0.00612493
0.00698266
0.00797712
0.00908802
0.010296
0.0115785
0.0128893
0.0142457
0.0156181
0.0170198
0.0184672
0.0199518
0.0215181
0.023162
0.024854
0.0266537
0.0285477
0.0305147
0.0325769
0.0347335
0.0369664
0.0392557
0.0416485
0.0440758
0.0466243
0.0492396
0.0519946
0.0548713
0.0578453
0.0609514
0.0640859
0.067389
0.0707233
0.074286
0.0779481
0.0817571
0.085742
0.0896338
0.0940077
0.0982743
0.10281
0.108116
-0.00317929
-0.00190677
-0.000155382
0.00150259
0.00286411
0.00391155
0.00471208
0.00540237
0.00613427
0.00697389
0.00794112
0.00903423
0.0102325
0.0115232
0.0128484
0.0142174
0.0156075
0.017016
0.0184721
0.0199609
0.0215184
0.0231658
0.0248586
0.026651
0.0285503
0.0305217
0.0325816
0.0347383
0.0369709
0.0392603
0.0416538
0.0440829
0.046633
0.0492458
0.0519974
0.0548749
0.0578513
0.0609574
0.0640911
0.067395
0.070729
0.0742907
0.0779542
0.0817641
0.0857477
0.0896394
0.0940131
0.098281
0.102817
0.10812
-0.00457404
-0.00166923
0.000352647
0.00183306
0.0029949
0.0039485
0.00474302
0.00544574
0.00618184
0.00702141
0.00797969
0.0090649
0.0102584
0.011547
0.0128762
0.0142455
0.0156395
0.0170499
0.0185072
0.0200007
0.0215548
0.0232024
0.0249007
0.0266894
0.0285867
0.0305584
0.0326157
0.0347719
0.0370045
0.0392932
0.0416861
0.0441137
0.0466645
0.0492785
0.0520293
0.054907
0.0578848
0.0609911
0.0641242
0.067426
0.0707591
0.074317
0.0779795
0.0817881
0.0857705
0.0896604
0.0940337
0.098302
0.10284
0.108149
)
;

boundaryField
{
    zeroGradientPlanes
    {
        type            zeroGradient;
    }
    inlet
    {
        type            zeroGradient;
    }
    plate
    {
        type            zeroGradient;
    }
    frontAndBack
    {
        type            empty;
    }
}


// ************************************************************************* //
