/*--------------------------------*- C++ -*----------------------------------*\
| =========                 |                                                 |
| \\      /  F ield         | OpenFOAM: The Open Source CFD Toolbox           |
|  \\    /   O peration     | Version:  v2012                                 |
|   \\  /    A nd           | Website:  www.openfoam.com                      |
|    \\/     M anipulation  |                                                 |
\*---------------------------------------------------------------------------*/
FoamFile
{
    version     2.0;
    format      ascii;
    class       volScalarField;
    location    "9.2";
    object      p;
}
// * * * * * * * * * * * * * * * * * * * * * * * * * * * * * * * * * * * * * //

dimensions      [0 2 -2 0 0 0 0];


internalField   nonuniform List<scalar> 
7000
(
3.54156e-10
0.0024757
0.000480974
0.000845381
0.000979057
-0.0002051
-0.000190873
-0.000534467
-0.00146976
-0.00050372
-0.0051922
-0.00376444
-0.00768443
-0.00661006
-0.00807069
-0.00735039
-0.00780828
-0.00760163
-0.00765424
-0.00728997
4.38252e-06
0.00244208
0.000477361
0.000856678
0.00097264
-0.000208316
-0.000186449
-0.000548515
-0.00142947
-0.000525748
-0.00515258
-0.00377782
-0.00767024
-0.00661282
-0.00806804
-0.00734649
-0.00780804
-0.00760104
-0.00765428
-0.00732997
9.42742e-06
0.00241987
0.00047412
0.000873073
0.000962352
-0.000210885
-0.000184005
-0.000565563
-0.00139537
-0.000558278
-0.00510492
-0.00380567
-0.00763556
-0.00662693
-0.00804627
-0.00735353
-0.00779286
-0.00761153
-0.00765472
-0.0073814
1.38373e-05
0.00239857
0.000471793
0.000885917
0.000951047
-0.000212895
-0.000184333
-0.000588312
-0.00137129
-0.000603407
-0.00506303
-0.0038459
-0.00758925
-0.00664912
-0.00801152
-0.00736895
-0.00776949
-0.00763233
-0.00765959
-0.00744273
1.79644e-05
0.00237799
0.000470142
0.000894364
0.000938374
-0.000214929
-0.000186833
-0.000616921
-0.00135386
-0.000662017
-0.00502033
-0.00389938
-0.00753538
-0.00667813
-0.00797256
-0.00738885
-0.00774635
-0.00765739
-0.0076688
-0.00750433
2.21152e-05
0.00235815
0.000469071
0.000899248
0.000924189
-0.000217112
-0.000190651
-0.000650252
-0.00134159
-0.000732112
-0.00497388
-0.00396648
-0.00747428
-0.00671343
-0.00793163
-0.00741098
-0.00772472
-0.0076812
-0.00768279
-0.00755725
2.63933e-05
0.00233896
0.000468381
0.00090117
0.00090874
-0.000219577
-0.000194821
-0.000686746
-0.00133342
-0.000810458
-0.00492353
-0.00404413
-0.00740541
-0.00675292
-0.0078878
-0.0074338
-0.00770336
-0.00770302
-0.00770205
-0.00760148
3.0846e-05
0.00232014
0.000467746
0.000900738
0.000892294
-0.000222424
-0.000198469
-0.00072508
-0.00132826
-0.000894258
-0.00486948
-0.00412774
-0.00732905
-0.00679398
-0.00784091
-0.00745639
-0.00768323
-0.00772407
-0.00772658
-0.007641
3.54975e-05
0.00230138
0.000466883
0.00089864
0.00087504
-0.000225659
-0.000201058
-0.000764519
-0.00132515
-0.000981554
-0.004812
-0.0042138
-0.00724604
-0.00683484
-0.00779183
-0.00747825
-0.00766643
-0.00774428
-0.00775606
-0.00767805
4.03522e-05
0.00228237
0.00046564
0.000895467
0.000857109
-0.00022924
-0.00020244
-0.000804919
-0.00132335
-0.00107116
-0.00475131
-0.00430019
-0.0071572
-0.00687462
-0.00774112
-0.00749862
-0.00765393
-0.00776241
-0.00778958
-0.00771282
4.54059e-05
0.00226289
0.000463999
0.000891644
0.000838598
-0.000233156
-0.000202753
-0.000846525
-0.00132231
-0.00116244
-0.00468767
-0.00438563
-0.00706335
-0.00691253
-0.00768887
-0.0075162
-0.00764562
-0.00777745
-0.0078257
-0.00774533
5.06548e-05
0.00224279
0.00046205
0.000887456
0.000819566
-0.000237441
-0.000202289
-0.000889705
-0.00132156
-0.00125512
-0.0046214
-0.00446936
-0.00696539
-0.00694743
-0.00763535
-0.00752953
-0.00764134
-0.00778909
-0.00786311
-0.00777621
5.60975e-05
0.00222197
0.000459938
0.000883096
0.000800043
-0.00024217
-0.000201367
-0.00093476
-0.00132066
-0.0013493
-0.00455292
-0.00455076
-0.00686441
-0.00697795
-0.00758137
-0.00753738
-0.0076412
-0.00779772
-0.0079007
-0.00780617
6.1736e-05
0.00220036
0.000457825
0.000878704
0.000780049
-0.000247436
-0.000200242
-0.000981843
-0.00131919
-0.00144525
-0.00448274
-0.00462931
-0.00676185
-0.00700273
-0.00752804
-0.00753882
-0.00764548
-0.00780419
-0.00793722
-0.00783539
6.75756e-05
0.00217787
0.000455853
0.000874393
0.000759617
-0.000253328
-0.00019908
-0.00103095
-0.00131678
-0.00154317
-0.00441135
-0.00470456
-0.00665965
-0.00702053
-0.0074766
-0.00753306
-0.00765416
-0.00780966
-0.00797146
-0.0078636
7.36245e-05
0.00215443
0.000454119
0.000870256
0.000738799
-0.000259931
-0.000197963
-0.00108195
-0.00131311
-0.00164308
-0.00433929
-0.00477596
-0.00656002
-0.00703032
-0.00742841
-0.00751979
-0.00766655
-0.00781524
-0.00800259
-0.00789049
7.98937e-05
0.00212995
0.00045267
0.000866352
0.000717666
-0.000267326
-0.000196912
-0.00113468
-0.001308
-0.00174477
-0.00426722
-0.00484292
-0.0064651
-0.00703117
-0.00738483
-0.00749942
-0.00768158
-0.00782186
-0.00803005
-0.00791572
8.63954e-05
0.00210436
0.000451509
0.000862691
0.000696296
-0.000275598
-0.000195909
-0.00118902
-0.00130146
-0.0018478
-0.00419588
-0.0049048
-0.00637686
-0.00702248
-0.00734693
-0.007473
-0.00769821
-0.00783053
-0.00805339
-0.00793859
9.31424e-05
0.00207761
0.000450613
0.000859225
0.000674769
-0.000284848
-0.000194907
-0.00124484
-0.00129361
-0.00195164
-0.00412593
-0.00496049
-0.00629696
-0.00700416
-0.0073153
-0.00744202
-0.0077155
-0.00784224
-0.00807246
-0.00795819
0.000100147
0.00204966
0.00044995
0.000855858
0.000653172
-0.00029519
-0.000193846
-0.00130206
-0.00128474
-0.00205555
-0.0040577
-0.00500867
-0.00622658
-0.00697658
-0.00728994
-0.0074082
-0.00773249
-0.00785785
-0.00808737
-0.00797349
0.000107423
0.00202047
0.000449497
0.000852459
0.000631589
-0.000306726
-0.000192672
-0.00136059
-0.00127528
-0.0021584
-0.00398719
-0.00504817
-0.00616632
-0.00694036
-0.00727052
-0.00737339
-0.00774743
-0.00787822
-0.00809947
-0.00798332
0.00011498
0.00199001
0.000449252
0.000848882
0.000610106
-0.000319541
-0.000191319
-0.00142038
-0.00126587
-0.00225898
-0.00392378
-0.00507804
-0.00611658
-0.0068962
-0.00725634
-0.00734019
-0.00775776
-0.00790218
-0.00811111
-0.00798807
0.000122832
0.00195826
0.000449237
0.000844976
0.00058883
-0.000333747
-0.00018974
-0.00148126
-0.00125734
-0.00235599
-0.00387055
-0.00509734
-0.00607779
-0.00684503
-0.00724552
-0.0073121
-0.0077637
-0.00792647
-0.00812125
-0.00798909
0.000130991
0.00192517
0.000449501
0.000840588
0.000567874
-0.000349486
-0.000187963
-0.00154298
-0.0012505
-0.00244773
-0.00382794
-0.00510544
-0.00605002
-0.00678888
-0.00723512
-0.00729028
-0.00776809
-0.00795132
-0.00812763
-0.00798463
0.000139472
0.00189074
0.000450106
0.000835576
0.000547332
-0.000366863
-0.00018606
-0.00160514
-0.00124663
-0.00253221
-0.00379672
-0.00510243
-0.00603247
-0.00673076
-0.00722342
-0.00727392
-0.00777063
-0.00797792
-0.00813198
-0.00797346
0.000148286
0.00185494
0.000451111
0.000829803
0.0005273
-0.000386029
-0.00018427
-0.00166701
-0.00124704
-0.00260839
-0.00377589
-0.0050884
-0.00602401
-0.00667327
-0.00720982
-0.00726389
-0.00777055
-0.00800378
-0.00813457
-0.00795665
0.000157442
0.00181775
0.000452583
0.000823133
0.000507811
-0.000406628
-0.000183022
-0.00172811
-0.00125252
-0.00267522
-0.00376638
-0.00506367
-0.00602212
-0.00661886
-0.00719394
-0.00726117
-0.00776773
-0.00802625
-0.00813574
-0.0079352
0.000166963
0.00177918
0.000454578
0.000815458
0.000488837
-0.000429072
-0.000182448
-0.0017876
-0.00126454
-0.00273123
-0.00376861
-0.00503186
-0.00602401
-0.00656805
-0.00717512
-0.00726748
-0.00776323
-0.00803913
-0.00813411
-0.00791359
0.000176869
0.00173919
0.000457084
0.000806662
0.000470426
-0.000463214
-0.000183071
-0.00184409
-0.0012839
-0.00277712
-0.00377991
-0.00499355
-0.0060299
-0.00652328
-0.00715169
-0.00728093
-0.00776099
-0.00804217
-0.00812598
-0.00789044
0.000187165
0.00169781
0.000460059
0.000796738
0.000452412
-0.000495749
-0.000186651
-0.00189725
-0.00131117
-0.00281227
-0.00380294
-0.00494855
-0.00603534
-0.00648789
-0.00712606
-0.00729782
-0.00776365
-0.00804266
-0.00810451
-0.00786133
0.000197907
0.001655
0.000463451
0.000785698
0.000434722
-0.000522581
-0.000192964
-0.0019465
-0.00134776
-0.00283651
-0.00383561
-0.00490168
-0.00603871
-0.00645909
-0.00709961
-0.00731851
-0.00776896
-0.00804155
-0.0080732
-0.00782804
0.00020906
0.0016108
0.000467049
0.000773659
0.000417114
-0.000547065
-0.000202736
-0.00199091
-0.00139358
-0.0028526
-0.00387219
-0.00485769
-0.00604006
-0.00643854
-0.00707069
-0.00733475
-0.00777704
-0.0080413
-0.00805323
-0.00778781
0.000220604
0.00156521
0.000470856
0.000760702
0.000399141
-0.000570327
-0.00021687
-0.00203078
-0.00144749
-0.00286113
-0.00391428
-0.00482056
-0.00602941
-0.00643076
-0.0070453
-0.0073457
-0.00778483
-0.00804486
-0.00802937
-0.00773737
0.000232752
0.00151802
0.000474859
0.000746726
0.000380869
-0.000599206
-0.00023375
-0.00206602
-0.00150806
-0.00286332
-0.00395797
-0.00479318
-0.00600977
-0.00642938
-0.00702085
-0.00735373
-0.00779441
-0.00805074
-0.00803601
-0.00767644
0.000245245
0.00146951
0.000478281
0.000732741
0.000361106
-0.000618493
-0.000257213
-0.00209588
-0.00157873
-0.00285901
-0.00399949
-0.0047706
-0.0059944
-0.00643198
-0.00699615
-0.00737108
-0.00780974
-0.00805782
-0.00800618
-0.00760816
0.00025807
0.00141983
0.000481115
0.000718897
0.000339721
-0.000629929
-0.000289058
-0.00212091
-0.00165713
-0.00285193
-0.00404243
-0.00473661
-0.00597804
-0.00645008
-0.00698265
-0.00738307
-0.00782195
-0.0080649
-0.00794036
-0.00753607
0.000271784
0.00136825
0.000483756
0.000704501
0.000317445
-0.000661281
-0.000317938
-0.00214419
-0.00173494
-0.00284797
-0.00408034
-0.00474404
-0.00595552
-0.00646822
-0.00697624
-0.00738902
-0.00783013
-0.00806647
-0.00794858
-0.00745773
0.000285666
0.00131576
0.000484611
0.00069165
0.000292334
-0.000672744
-0.000355305
-0.0021639
-0.00181854
-0.00284033
-0.00411543
-0.00475363
-0.00593099
-0.00649327
-0.00698059
-0.0073974
-0.00783623
-0.00805543
-0.0079033
-0.00737989
0.000299694
0.00126265
0.00048364
0.000680715
0.000264301
-0.000658433
-0.000402539
-0.00218083
-0.00190618
-0.00283291
-0.00415189
-0.00472234
-0.00590429
-0.00654127
-0.00699453
-0.00740032
-0.00782907
-0.00804411
-0.00781619
-0.00730819
0.000314791
0.00120781
0.000481787
0.00066941
0.000235432
-0.000714477
-0.000437046
-0.00220156
-0.00198724
-0.00283455
-0.0041813
-0.00474967
-0.00587893
-0.00655858
-0.00700821
-0.00739594
-0.00781249
-0.00803917
-0.00787918
-0.00723791
0.000329722
0.00115301
0.000476352
0.000661125
0.000204197
-0.000723021
-0.000481362
-0.00221972
-0.00207152
-0.00283286
-0.00420789
-0.00477297
-0.00585035
-0.00660187
-0.00703911
-0.00739868
-0.00779745
-0.00801582
-0.00784483
-0.00716504
0.000344535
0.00109848
0.000467306
0.000656587
0.000169946
-0.000638541
-0.000535041
-0.00223683
-0.00216136
-0.00282467
-0.00423561
-0.00481459
-0.00584171
-0.00663649
-0.00707343
-0.00740898
-0.00778985
-0.00798718
-0.00771258
-0.00709282
0.000360662
0.00104263
0.000456503
0.000650876
0.000136352
-0.000747659
-0.000564699
-0.00225785
-0.00224771
-0.00282628
-0.00425264
-0.00483141
-0.00581548
-0.00665822
-0.00710946
-0.00743243
-0.00777862
-0.00796809
-0.0077973
-0.00702043
0.000375817
0.000988389
0.000440276
0.000649172
0.000101114
-0.000750685
-0.000609425
-0.00227334
-0.00233947
-0.00282948
-0.00426325
-0.00491658
-0.00579276
-0.00666597
-0.00716242
-0.00746771
-0.00777863
-0.0079308
-0.00773859
-0.00694014
0.000390734
0.000935326
0.000419147
0.000651312
6.55903e-05
-0.000740353
-0.000663957
-0.0022835
-0.0024404
-0.0028333
-0.00427574
-0.00499043
-0.0057942
-0.00666571
-0.00721553
-0.00750794
-0.00780867
-0.007905
-0.00753522
-0.00684689
0.000406809
0.00088195
0.000395998
0.000650249
3.48546e-05
-0.000886076
-0.000687547
-0.00229718
-0.0025384
-0.00284737
-0.00427023
-0.00502607
-0.0057907
-0.0066531
-0.00725633
-0.0075708
-0.00785856
-0.00795005
-0.00764829
-0.00673816
0.0004208
0.000831712
0.000366855
0.000651638
6.13223e-06
-0.000891713
-0.000723883
-0.00230743
-0.00263614
-0.00287313
-0.00425189
-0.00509453
-0.00578411
-0.00663593
-0.00729582
-0.00764666
-0.00791887
-0.00800825
-0.00767784
-0.00660427
0.000435204
0.000783257
0.000332413
0.000653871
-1.81185e-05
-0.00092252
-0.00076807
-0.00230736
-0.00274036
-0.00291241
-0.00423259
-0.00513911
-0.00579384
-0.00662423
-0.00732914
-0.00771687
-0.00798675
-0.00805552
-0.00764686
-0.0064645
0.000449141
0.000736093
0.000295603
0.000653364
-3.78005e-05
-0.000966578
-0.000814547
-0.00230482
-0.00284569
-0.00296095
-0.00420618
-0.00517734
-0.00582749
-0.006613
-0.00734416
-0.00778532
-0.00806316
-0.00808271
-0.00758001
-0.00631031
0.000461434
0.000692262
0.000254752
0.000649218
-5.18369e-05
-0.00100809
-0.000868909
-0.00230129
-0.00294557
-0.00302245
-0.00417605
-0.00521514
-0.00586985
-0.00659814
-0.00735224
-0.0078512
-0.00812102
-0.00808101
-0.00749173
-0.00615864
0.000473636
0.000650725
0.000211118
0.000639781
-6.00287e-05
-0.00105558
-0.000928442
-0.00229342
-0.00304276
-0.00309711
-0.0041423
-0.00524503
-0.00591685
-0.0065935
-0.00735541
-0.00789026
-0.00815127
-0.00807203
-0.0074132
-0.00602083
0.000484526
0.000611376
0.000167037
0.000623817
-6.62741e-05
-0.00109887
-0.000992458
-0.00228671
-0.00313309
-0.00317908
-0.0041286
-0.00526658
-0.00596616
-0.00659588
-0.00734172
-0.00790863
-0.00818263
-0.00806471
-0.00733737
-0.00589013
0.000494568
0.000574882
0.000121994
0.000599122
-6.89847e-05
-0.00113932
-0.00106449
-0.00228105
-0.00321283
-0.00327346
-0.00410583
-0.00526865
-0.00600845
-0.00660816
-0.00732896
-0.00792036
-0.00819471
-0.0080333
-0.00727143
-0.00577957
0.000503616
0.000540697
7.6854e-05
0.000566456
-7.09443e-05
-0.00117765
-0.00113998
-0.00227455
-0.00328272
-0.00337721
-0.00408888
-0.00525657
-0.00605565
-0.0066364
-0.00731127
-0.00789856
-0.00817587
-0.00801563
-0.00723883
-0.00567553
0.000511575
0.000509099
3.24618e-05
0.000525035
-7.4537e-05
-0.00121196
-0.00121809
-0.00226985
-0.00334193
-0.00348486
-0.00408662
-0.00523958
-0.00609635
-0.00666016
-0.00728514
-0.0078642
-0.00816874
-0.00802096
-0.00719777
-0.0055483
0.000518616
0.000480114
-1.15883e-05
0.000475419
-8.04127e-05
-0.00124129
-0.00129901
-0.00226916
-0.00338964
-0.00359352
-0.00409821
-0.00521372
-0.00612111
-0.00668456
-0.00727337
-0.0078393
-0.0081567
-0.0079934
-0.00712409
-0.00543078
0.000524478
0.000454278
-5.51977e-05
0.000420054
-9.00808e-05
-0.00127289
-0.00138265
-0.00227207
-0.00342418
-0.00369939
-0.00412308
-0.00518352
-0.00613844
-0.00671529
-0.00726999
-0.00780541
-0.00811004
-0.00793534
-0.00706237
-0.00533856
0.000528533
0.000431843
-9.8716e-05
0.00035999
-0.0001064
-0.00131374
-0.00147029
-0.00228123
-0.00344864
-0.00380148
-0.00416079
-0.00515259
-0.00614647
-0.00674053
-0.0072644
-0.00776456
-0.00805161
-0.00788761
-0.00701357
-0.00523976
0.000531615
0.000411579
-0.000138578
0.000290405
-0.000133292
-0.00132654
-0.0015054
-0.00229348
-0.00346086
-0.00390581
-0.00421047
-0.00512274
-0.00614195
-0.0067588
-0.00726076
-0.00773306
-0.00800445
-0.00783547
-0.00693791
-0.00512532
0.000534311
0.000392819
-0.000173639
0.000212925
-0.000159236
-0.00134065
-0.00167827
-0.00230871
-0.00345326
-0.00398353
-0.00426906
-0.00509678
-0.00612898
-0.0067764
-0.00726028
-0.00770571
-0.00795049
-0.00775717
-0.00684411
-0.00501412
0.000534744
0.000377357
-0.000206719
0.000132627
-0.000196269
-0.0013797
-0.00175252
-0.00232759
-0.00343767
-0.00404924
-0.00433567
-0.00507798
-0.0061086
-0.00678821
-0.00725306
-0.00767157
-0.0078898
-0.00767627
-0.00675422
-0.00490472
0.000533179
0.000364565
-0.000236544
4.72329e-05
-0.000246602
-0.00140862
-0.00183672
-0.00235792
-0.00341902
-0.00410103
-0.00440532
-0.00506704
-0.00607865
-0.00679229
-0.00724344
-0.00763736
-0.00783669
-0.0076049
-0.00666393
-0.00478611
0.00053024
0.000352864
-0.000263975
-4.46551e-05
-0.000302681
-0.00143411
-0.00191893
-0.00239687
-0.00339596
-0.0041375
-0.00447562
-0.00506517
-0.00604257
-0.0067923
-0.0072379
-0.00760358
-0.00778326
-0.00753
-0.00656538
-0.00466142
0.000525379
0.00034118
-0.000290403
-0.000136504
-0.000363098
-0.00145647
-0.00199641
-0.00244479
-0.00338006
-0.00416339
-0.00454306
-0.00507238
-0.00600291
-0.00678446
-0.00723303
-0.00756497
-0.00772082
-0.00744914
-0.0064662
-0.00454189
0.000518281
0.00032833
-0.000313669
-0.000227016
-0.000429952
-0.00147844
-0.00206915
-0.00249979
-0.0033686
-0.00417703
-0.00460367
-0.00508837
-0.00596214
-0.00676661
-0.00722799
-0.00752579
-0.00765427
-0.00736795
-0.0063714
-0.0044266
0.000509198
0.00031478
-0.000334212
-0.000317037
-0.000503305
-0.00150006
-0.00213552
-0.00255902
-0.00336259
-0.00418276
-0.00465942
-0.00511278
-0.00592252
-0.00673779
-0.00722071
-0.00749202
-0.00758768
-0.00728305
-0.00627307
-0.00430905
0.000497902
0.000299619
-0.000352356
-0.000404387
-0.000581858
-0.00152335
-0.00219581
-0.00262169
-0.00336406
-0.00418343
-0.00470767
-0.0051407
-0.00588427
-0.00669737
-0.00720907
-0.00746447
-0.00752091
-0.00719211
-0.00616924
-0.00419219
0.000484562
0.000282901
-0.000368116
-0.000488782
-0.000665787
-0.00154991
-0.00224966
-0.0026858
-0.0033724
-0.00417833
-0.00474592
-0.00517134
-0.00585091
-0.00665
-0.00719173
-0.0074415
-0.00745893
-0.00710032
-0.00606154
-0.00407481
0.000469319
0.000264448
-0.000382503
-0.000569369
-0.000753682
-0.00158054
-0.00229773
-0.00274936
-0.00338702
-0.00416923
-0.00477516
-0.0052056
-0.00582632
-0.00659922
-0.00716446
-0.00742012
-0.0074046
-0.00700942
-0.00595025
-0.00395523
0.00045239
0.000244074
-0.000395913
-0.00064541
-0.000844431
-0.00161651
-0.00234109
-0.00281058
-0.00340774
-0.00415903
-0.00479603
-0.00524202
-0.00581002
-0.00654461
-0.00712514
-0.00739699
-0.0073572
-0.00692376
-0.0058407
-0.00383511
0.00043389
0.000221636
-0.000409147
-0.000716641
-0.000936782
-0.00165794
-0.00238098
-0.00286887
-0.00343419
-0.0041495
-0.00480785
-0.00527702
-0.00580054
-0.00648957
-0.00707658
-0.00736941
-0.00731776
-0.00684947
-0.00573642
-0.00371561
0.000413894
0.000197041
-0.000422773
-0.000782827
-0.00102938
-0.00170483
-0.00241873
-0.00292342
-0.00346516
-0.00414225
-0.00481052
-0.00530784
-0.0057994
-0.00644026
-0.00702255
-0.00733522
-0.00728321
-0.0067851
-0.00564
-0.0036007
0.00039256
0.00017039
-0.000437523
-0.000844099
-0.00112086
-0.00175688
-0.00245561
-0.00297376
-0.00349959
-0.00413905
-0.0048057
-0.00533293
-0.00580667
-0.00639912
-0.00696522
-0.00729244
-0.00724784
-0.00673005
-0.00555635
-0.00349341
0.000369947
0.000141786
-0.000453801
-0.000900827
-0.00121021
-0.00181335
-0.00249276
-0.00302027
-0.0035361
-0.00414086
-0.00479602
-0.00535063
-0.00581931
-0.0063667
-0.00690796
-0.00724243
-0.00721017
-0.00668363
-0.00548462
-0.00339437
0.00034617
0.000111411
-0.000472081
-0.000953468
-0.00129648
-0.00187351
-0.00253106
-0.0030632
-0.00357326
-0.00414805
-0.00478439
-0.0053601
-0.0058343
-0.00634434
-0.00685554
-0.0071891
-0.00716896
-0.00664055
-0.0054216
-0.00330503
0.000321273
7.94829e-05
-0.000492592
-0.00100273
-0.00137902
-0.00193619
-0.00257134
-0.00310306
-0.00360996
-0.00416077
-0.00477352
-0.00536214
-0.00584868
-0.00633191
-0.00681111
-0.0071359
-0.00712385
-0.00659785
-0.00536577
-0.00322523
0.000295299
4.61851e-05
-0.000515545
-0.00104912
-0.00145731
-0.00200041
-0.00261399
-0.00314088
-0.00364562
-0.00417853
-0.0047654
-0.00535821
-0.00586007
-0.00632784
-0.0067765
-0.00708642
-0.00707693
-0.00655448
-0.00531412
-0.0031531
0.000268288
1.17827e-05
-0.000540925
-0.00109349
-0.00153111
-0.00206483
-0.00265914
-0.00317765
-0.00367978
-0.00420099
-0.00476171
-0.005351
-0.00586744
-0.00632955
-0.00675231
-0.00704341
-0.0070307
-0.00651018
-0.00526459
-0.00308751
0.000240231
-2.35889e-05
-0.000568584
-0.00113636
-0.00160071
-0.00212839
-0.00270637
-0.0032145
-0.00371171
-0.00422726
-0.00476406
-0.00534363
-0.00587126
-0.00633418
-0.00673783
-0.00700879
-0.00698832
-0.00646721
-0.00521806
-0.00302851
0.00021111
-5.9643e-05
-0.000598336
-0.00117828
-0.00166619
-0.00219045
-0.00275549
-0.00325277
-0.00374127
-0.00425575
-0.00477316
-0.00533834
-0.00587283
-0.00633993
-0.00673187
-0.00698393
-0.00695249
-0.0064279
-0.00517547
-0.00297648
0.000180909
-9.6239e-05
-0.000629811
-0.00121943
-0.00172792
-0.00225035
-0.0028057
-0.0032938
-0.00376936
-0.00428535
-0.00479012
-0.00533749
-0.00587385
-0.00634595
-0.00673264
-0.00696871
-0.00692476
-0.00639401
-0.00513774
-0.00293185
0.000149676
-0.00013332
-0.000662866
-0.00125997
-0.00178636
-0.00230806
-0.00285509
-0.00333775
-0.00379801
-0.00431454
-0.00481501
-0.00534323
-0.00587704
-0.0063531
-0.00673896
-0.00696346
-0.0069072
-0.00636849
-0.00510718
-0.00289517
0.000117382
-0.000170728
-0.000697073
-0.00129996
-0.00184192
-0.00236391
-0.00290301
-0.00338439
-0.00382942
-0.00434199
-0.00484564
-0.00535736
-0.00588504
-0.00636261
-0.00674985
-0.00696766
-0.00690077
-0.00635373
-0.00508641
-0.00286862
8.41625e-05
-0.000208424
-0.000732492
-0.00133905
-0.00189402
-0.00241849
-0.00294956
-0.00343246
-0.00386598
-0.00436849
-0.00488024
-0.00538137
-0.0059003
-0.00637684
-0.00676577
-0.00698078
-0.00690557
-0.00635074
-0.00507679
-0.00285317
4.97724e-05
-0.000246172
-0.000768473
-0.00137789
-0.00194277
-0.00247106
-0.00299485
-0.00348012
-0.00390904
-0.00439674
-0.00491588
-0.00541292
-0.00592256
-0.00639773
-0.00678822
-0.00700395
-0.00692323
-0.00636196
-0.00508186
-0.00285323
1.41767e-05
-0.000283881
-0.000804301
-0.00141579
-0.00198888
-0.002522
-0.00304022
-0.0035273
-0.00395877
-0.00443187
-0.00495421
-0.00545156
-0.00595269
-0.00642603
-0.00681776
-0.00703682
-0.0069537
-0.0063877
-0.00510157
-0.00286702
-2.25041e-05
-0.000322192
-0.000840621
-0.00145206
-0.00203046
-0.00256922
-0.00308515
-0.0035722
-0.00401108
-0.00447395
-0.00499534
-0.00549765
-0.00599281
-0.00646437
-0.00685784
-0.00708181
-0.00700134
-0.00643406
-0.00514352
-0.00290275
-6.03708e-05
-0.000359205
-0.000875737
-0.00148793
-0.00207139
-0.00261523
-0.00313233
-0.00361878
-0.00406569
-0.00452175
-0.00503713
-0.00554541
-0.00603849
-0.00650914
-0.00690441
-0.00713535
-0.00706203
-0.00649865
-0.00520847
-0.00296495
-0.000100184
-0.00039695
-0.000908173
-0.00151753
-0.00210589
-0.00265748
-0.00318222
-0.00367415
-0.0041302
-0.00458345
-0.00508933
-0.00560215
-0.00609694
-0.00656846
-0.00696589
-0.00720287
-0.00713815
-0.00658145
-0.00529379
-0.00304755
-0.000143459
-0.000434892
-0.000941556
-0.00154134
-0.00212727
-0.00268217
-0.00322298
-0.00372722
-0.00419453
-0.00464936
-0.00514458
-0.00565978
-0.00616003
-0.00663653
-0.00704026
-0.00728558
-0.00723044
-0.00668362
-0.00540764
-0.00317302
-0.000186864
-0.00048967
-0.000984056
-0.00158
-0.00216506
-0.00272259
-0.00326587
-0.00378037
-0.00425479
-0.00471017
-0.00519448
-0.00570682
-0.00621493
-0.00670068
-0.00711801
-0.00737815
-0.00733833
-0.00680384
-0.00553662
-0.00330978
-0.000218864
-0.000468326
-0.000972295
-0.00156251
-0.00217919
-0.00279139
-0.00337843
-0.0039037
-0.00436424
-0.00479892
-0.00526584
-0.00577135
-0.00628571
-0.00678225
-0.00721774
-0.00749893
-0.00748151
-0.00696694
-0.00571021
-0.00347885
-0.000350692
-0.000616775
-0.0010038
-0.00153543
-0.00208568
-0.00269765
-0.00339245
-0.00398344
-0.00444835
-0.00487373
-0.00532757
-0.00583358
-0.00635986
-0.00687698
-0.00733947
-0.0076565
-0.0076832
-0.0072149
-0.00600288
-0.00381105
-0.000244951
-0.000543437
-0.00104538
-0.00165012
-0.00229133
-0.00292996
-0.00352084
-0.00402888
-0.00445395
-0.00485081
-0.00529932
-0.00580614
-0.00633318
-0.00684685
-0.00730631
-0.00764304
-0.00771813
-0.00733034
-0.00622964
-0.00417745
-0.000379204
-0.000600286
-0.00110167
-0.00164641
-0.00224119
-0.00291124
-0.00355758
-0.00409008
-0.00457225
-0.00499377
-0.00547343
-0.0059911
-0.00653299
-0.00702185
-0.00740639
-0.00760595
-0.00754103
-0.00704776
-0.00589458
-0.00382577
-0.000227595
-0.000611658
-0.00117369
-0.00179863
-0.00241902
-0.00297922
-0.00346864
-0.00390297
-0.00433827
-0.00478323
-0.00527317
-0.00581681
-0.00643143
-0.00711163
-0.00782612
-0.00847291
-0.00887932
-0.00880163
-0.00795768
-0.00610612
-6.74413e-05
-0.000749292
-0.00133561
-0.00197091
-0.00254632
-0.00322413
-0.00384344
-0.00425714
-0.00464837
-0.00514331
-0.00565953
-0.00612952
-0.00636228
-0.00623567
-0.00569663
-0.00484711
-0.00388373
-0.00311456
-0.00290668
-0.00358746
-9.45502e-05
-0.00072856
-0.00135917
-0.00193177
-0.00237714
-0.00276893
-0.00316011
-0.00364229
-0.00416851
-0.0047561
-0.00543371
-0.00623708
-0.00715193
-0.00811794
-0.00908873
-0.00997326
-0.0106101
-0.0107715
-0.0101771
-0.00857679
4.02119e-05
-0.000790297
-0.00143444
-0.00202083
-0.0024953
-0.0030723
-0.00366747
-0.00433266
-0.00493047
-0.00532458
-0.00569978
-0.00618835
-0.00663645
-0.00688819
-0.00678878
-0.00633629
-0.00565771
-0.00505578
-0.00492754
-0.00563674
2.28014e-05
-0.000817283
-0.00146988
-0.00197518
-0.00224933
-0.00249333
-0.00274674
-0.00317035
-0.00375983
-0.00457237
-0.00561398
-0.00695137
-0.00855546
-0.0102559
-0.0118155
-0.0130496
-0.0138122
-0.0139299
-0.0131799
-0.011362
-0.00771977
-0.0127443
-0.0142441
-0.0119447
-0.00921329
-0.00685455
-0.0049389
-0.00347571
-0.00223462
-0.000911276
0.000533398
0.00189488
0.00309529
0.00432045
0.0056271
0.0069352
0.00825415
0.00960305
0.0110123
0.0124728
0.0139358
0.0154259
0.0169757
0.0185725
0.0202298
0.0219427
0.0237322
0.0255917
0.0275359
0.0295431
0.0315941
0.0337191
0.0359201
0.0382362
0.0406208
0.0430883
0.0456073
0.0482329
0.0509153
0.0536999
0.0565905
0.059574
0.0626633
0.0658205
0.0691297
0.0725131
0.0760802
0.0796665
0.0832872
0.0872514
-0.00768402
-0.0126767
-0.0142032
-0.0119291
-0.00920464
-0.00684854
-0.00493419
-0.00347186
-0.00223154
-0.000908831
0.00053543
0.00189666
0.00309683
0.00432177
0.00562825
0.00693624
0.00825508
0.00960387
0.011013
0.0124735
0.0139364
0.0154264
0.0169762
0.018573
0.0202302
0.0219431
0.0237325
0.0255919
0.0275362
0.0295433
0.0315944
0.0337193
0.0359203
0.0382364
0.0406209
0.0430884
0.0456074
0.0482331
0.0509155
0.0537
0.0565906
0.0595741
0.0626634
0.0658206
0.0691298
0.0725132
0.0760803
0.0796666
0.0832873
0.0872515
-0.00772487
-0.0125806
-0.0141351
-0.0119079
-0.00919489
-0.00684218
-0.00492952
-0.00346818
-0.00222863
-0.000906522
0.00053735
0.00189832
0.00309824
0.00432296
0.0056293
0.00693717
0.0082559
0.0096046
0.0110136
0.0124741
0.0139369
0.0154269
0.0169766
0.0185734
0.0202306
0.0219434
0.0237328
0.0255922
0.0275364
0.0295435
0.0315946
0.0337195
0.0359204
0.0382365
0.0406211
0.0430886
0.0456076
0.0482332
0.0509156
0.0537001
0.0565907
0.0595742
0.0626635
0.0658207
0.0691299
0.0725133
0.0760804
0.0796667
0.0832873
0.0872515
-0.00777134
-0.0124485
-0.0140306
-0.0118747
-0.00918131
-0.00683401
-0.00492408
-0.0034641
-0.00222532
-0.000903862
0.000539495
0.00190009
0.00309971
0.00432421
0.0056304
0.00693812
0.00825675
0.00960534
0.0110143
0.0124747
0.0139374
0.0154273
0.016977
0.0185737
0.0202309
0.0219437
0.0237331
0.0255924
0.0275366
0.0295437
0.0315948
0.0337196
0.0359206
0.0382367
0.0406212
0.0430887
0.0456077
0.0482333
0.0509157
0.0537002
0.0565908
0.0595743
0.0626636
0.0658208
0.06913
0.0725133
0.0760804
0.0796667
0.0832874
0.0872516
-0.00779779
-0.0122866
-0.0138958
-0.0118293
-0.00916279
-0.00682299
-0.00491722
-0.0034592
-0.0022212
-0.000900423
0.000542153
0.00190216
0.00310143
0.0043257
0.00563167
0.0069392
0.0082577
0.00960618
0.011015
0.0124753
0.013938
0.0154278
0.0169775
0.0185741
0.0202313
0.021944
0.0237334
0.0255927
0.0275369
0.029544
0.031595
0.0337198
0.0359208
0.0382369
0.0406214
0.0430889
0.0456079
0.0482334
0.0509158
0.0537004
0.0565909
0.0595744
0.0626637
0.0658209
0.0691301
0.0725134
0.0760805
0.0796668
0.0832876
0.0872518
-0.00781313
-0.0121096
-0.0137439
-0.0117761
-0.00914039
-0.00680913
-0.00490874
-0.00345338
-0.0022161
-0.000895996
0.000545479
0.0019046
0.00310347
0.00432753
0.00563323
0.00694047
0.00825879
0.00960714
0.0110159
0.0124761
0.0139387
0.0154284
0.016978
0.0185746
0.0202317
0.0219444
0.0237337
0.025593
0.0275371
0.0295442
0.0315952
0.03372
0.035921
0.038237
0.0406216
0.043089
0.045608
0.0482336
0.0509159
0.0537005
0.056591
0.0595745
0.0626638
0.065821
0.0691301
0.0725135
0.0760806
0.0796669
0.0832877
0.087252
-0.00782792
-0.0119257
-0.0135822
-0.0117184
-0.0091157
-0.00679301
-0.0048987
-0.00344665
-0.00221011
-0.000890577
0.000549523
0.00190744
0.00310587
0.0043298
0.00563518
0.00694202
0.00826008
0.00960826
0.0110169
0.012477
0.0139395
0.0154291
0.0169786
0.0185751
0.0202322
0.0219449
0.0237341
0.0255934
0.0275374
0.0295445
0.0315954
0.0337202
0.0359212
0.0382372
0.0406218
0.0430892
0.0456082
0.0482337
0.0509161
0.0537006
0.0565911
0.0595746
0.0626639
0.0658211
0.0691302
0.0725136
0.0760807
0.079667
0.0832879
0.0872523
-0.00784435
-0.011737
-0.013413
-0.0116578
-0.00908978
-0.00677528
-0.0048873
-0.00343912
-0.00220343
-0.000884349
0.000554221
0.00191064
0.0031086
0.00433252
0.00563762
0.00694397
0.00826166
0.00960957
0.011018
0.012478
0.0139404
0.0154299
0.0169793
0.0185758
0.0202328
0.0219454
0.0237346
0.0255938
0.0275378
0.0295448
0.0315957
0.0337205
0.0359214
0.0382374
0.040622
0.0430894
0.0456083
0.0482339
0.0509162
0.0537007
0.0565913
0.0595747
0.062664
0.0658212
0.0691303
0.0725137
0.0760808
0.0796671
0.0832881
0.0872527
-0.00786052
-0.0115435
-0.0132369
-0.0115946
-0.00906312
-0.00675642
-0.00487477
-0.00343091
-0.00219627
-0.000877572
0.000559425
0.00191414
0.00311157
0.00433561
0.00564053
0.00694641
0.00826363
0.00961114
0.0110193
0.0124792
0.0139414
0.0154308
0.0169801
0.0185765
0.0202335
0.021946
0.0237351
0.0255942
0.0275382
0.0295452
0.031596
0.0337207
0.0359216
0.0382376
0.0406222
0.0430896
0.0456085
0.0482341
0.0509164
0.0537009
0.0565914
0.0595748
0.0626641
0.0658213
0.0691305
0.0725138
0.0760809
0.0796673
0.0832884
0.0872531
-0.00787489
-0.0113461
-0.0130542
-0.0115289
-0.00903593
-0.00673669
-0.00486128
-0.00342214
-0.0021888
-0.000870454
0.000564993
0.00191789
0.0031147
0.00433894
0.00564383
0.00694936
0.00826609
0.00961302
0.0110208
0.0124805
0.0139425
0.0154318
0.016981
0.0185774
0.0202343
0.0219467
0.0237357
0.0255948
0.0275387
0.0295456
0.0315963
0.033721
0.0359219
0.0382379
0.0406224
0.0430898
0.0456087
0.0482342
0.0509166
0.053701
0.0565915
0.059575
0.0626643
0.0658214
0.0691306
0.0725139
0.076081
0.0796674
0.0832888
0.0872537
-0.00788711
-0.0111455
-0.0128645
-0.0114602
-0.00900827
-0.00671619
-0.00484689
-0.00341284
-0.00218111
-0.000863104
0.000570839
0.00192183
0.00311794
0.00434238
0.00564736
0.00695271
0.00826905
0.00961526
0.0110224
0.0124819
0.0139438
0.0154329
0.0169821
0.0185784
0.0202353
0.0219476
0.0237365
0.0255954
0.0275393
0.0295461
0.0315968
0.0337213
0.0359221
0.0382381
0.0406226
0.04309
0.0456089
0.0482344
0.0509168
0.0537012
0.0565917
0.0595751
0.0626644
0.0658216
0.0691307
0.0725141
0.0760811
0.0796676
0.0832893
0.0872544
-0.00789726
-0.0109421
-0.0126677
-0.0113882
-0.00898019
-0.00669499
-0.0048316
-0.00340301
-0.00217321
-0.000855565
0.000576925
0.00192596
0.00312127
0.00434588
0.00565099
0.00695634
0.00827246
0.0096179
0.0110242
0.0124833
0.013945
0.0154342
0.0169833
0.0185796
0.0202364
0.0219486
0.0237374
0.0255962
0.0275399
0.0295467
0.0315972
0.0337217
0.0359224
0.0382384
0.0406229
0.0430902
0.0456091
0.0482347
0.050917
0.0537014
0.0565919
0.0595753
0.0626645
0.0658217
0.0691308
0.0725142
0.0760813
0.0796678
0.0832898
0.0872552
-0.00790527
-0.0107364
-0.0124634
-0.0113126
-0.00895175
-0.00667313
-0.00481538
-0.00339258
-0.00216506
-0.000847845
0.000583239
0.00193026
0.0031247
0.00434945
0.00565468
0.0069601
0.00827618
0.0096209
0.0110262
0.0124848
0.0139463
0.0154354
0.0169845
0.0185808
0.0202376
0.0219498
0.0237384
0.0255971
0.0275406
0.0295473
0.0315978
0.0337222
0.0359227
0.0382386
0.0406231
0.0430905
0.0456093
0.0482349
0.0509172
0.0537016
0.0565921
0.0595755
0.0626647
0.0658219
0.069131
0.0725144
0.0760814
0.079668
0.0832905
0.0872562
-0.00791101
-0.0105289
-0.0122516
-0.0112329
-0.00892295
-0.00665068
-0.00479818
-0.00338151
-0.00215664
-0.000839938
0.000589774
0.00193474
0.00312826
0.00435311
0.00565843
0.00696391
0.00828006
0.00962416
0.0110283
0.0124863
0.0139477
0.0154367
0.0169857
0.0185821
0.020239
0.0219512
0.0237396
0.0255981
0.0275414
0.0295481
0.0315985
0.0337227
0.0359231
0.0382389
0.0406234
0.0430907
0.0456096
0.0482351
0.0509174
0.0537018
0.0565923
0.0595757
0.0626649
0.065822
0.0691311
0.0725145
0.0760816
0.0796682
0.0832913
0.0872573
-0.00791436
-0.0103205
-0.0120326
-0.0111487
-0.00889381
-0.00662771
-0.00477995
-0.00336975
-0.00214789
-0.000831831
0.000596526
0.00193941
0.00313198
0.00435695
0.00566229
0.00696774
0.00828397
0.00962759
0.0110305
0.0124878
0.013949
0.015438
0.016987
0.0185835
0.0202405
0.0219526
0.023741
0.0255992
0.0275423
0.0295488
0.0315992
0.0337234
0.0359236
0.0382392
0.0406237
0.0430909
0.0456098
0.0482353
0.0509177
0.0537021
0.0565925
0.0595759
0.0626652
0.0658223
0.0691313
0.0725147
0.0760818
0.0796685
0.0832922
0.0872587
-0.00791522
-0.0101118
-0.0118065
-0.0110594
-0.00886428
-0.00660433
-0.00476068
-0.00335723
-0.00213876
-0.000823498
0.000603504
0.00194428
0.00313591
0.00436101
0.00566633
0.00697161
0.00828783
0.00963108
0.0110328
0.0124893
0.0139503
0.0154393
0.0169884
0.0185849
0.020242
0.0219542
0.0237425
0.0256004
0.0275432
0.0295495
0.0316
0.0337242
0.0359242
0.0382396
0.040624
0.0430912
0.04561
0.0482356
0.0509179
0.0537023
0.0565928
0.0595762
0.0626654
0.0658225
0.0691315
0.0725149
0.076082
0.0796688
0.0832933
0.0872602
-0.0079135
-0.00990373
-0.0115732
-0.0109644
-0.00883433
-0.00658066
-0.00474034
-0.0033439
-0.0021292
-0.0008149
0.000610739
0.00194942
0.00314013
0.00436537
0.00567064
0.0069756
0.00829164
0.00963456
0.0110351
0.0124909
0.0139516
0.0154406
0.0169897
0.0185864
0.0202435
0.0219557
0.0237441
0.0256018
0.0275442
0.0295503
0.0316008
0.0337251
0.0359249
0.03824
0.0406242
0.0430914
0.0456102
0.0482358
0.0509182
0.0537026
0.056593
0.0595764
0.0626657
0.0658228
0.0691318
0.0725152
0.0760822
0.0796691
0.0832945
0.087262
-0.00790906
-0.00969679
-0.0113329
-0.010863
-0.00880386
-0.00655686
-0.00471896
-0.00332972
-0.00211917
-0.000805983
0.000618286
0.0019549
0.00314472
0.00437009
0.00567529
0.00697976
0.00829544
0.00963802
0.0110375
0.0124924
0.0139531
0.015442
0.0169912
0.0185879
0.0202451
0.0219574
0.0237457
0.0256033
0.0275453
0.029551
0.0316016
0.033726
0.0359257
0.0382404
0.0406245
0.0430917
0.0456104
0.048236
0.0509185
0.0537029
0.0565933
0.0595767
0.0626661
0.0658232
0.0691321
0.0725155
0.0760825
0.0796695
0.0832958
0.0872639
-0.00790159
-0.00949162
-0.0110857
-0.0107543
-0.00877275
-0.00653312
-0.00469655
-0.00331461
-0.00210861
-0.000796682
0.000626218
0.00196083
0.00314982
0.00437523
0.00568031
0.00698416
0.00829929
0.00964146
0.01104
0.012494
0.0139545
0.0154435
0.0169927
0.0185895
0.0202468
0.0219591
0.0237474
0.0256048
0.0275464
0.0295518
0.0316024
0.0337269
0.0359266
0.038241
0.0406248
0.0430919
0.0456106
0.0482362
0.0509187
0.0537032
0.0565936
0.059577
0.0626664
0.0658236
0.0691325
0.0725158
0.0760828
0.0796699
0.0832973
0.087266
-0.00789077
-0.0092888
-0.0108317
-0.0106376
-0.00874082
-0.00650962
-0.00467316
-0.00329851
-0.00209746
-0.000786931
0.000634605
0.00196729
0.0031555
0.00438086
0.00568575
0.00698885
0.00830328
0.00964493
0.0110426
0.0124956
0.0139561
0.0154451
0.0169943
0.0185912
0.0202486
0.0219608
0.0237491
0.0256064
0.0275476
0.0295526
0.0316031
0.0337279
0.0359276
0.0382415
0.0406251
0.0430922
0.0456109
0.0482363
0.050919
0.0537036
0.0565939
0.0595772
0.0626668
0.065824
0.0691329
0.0725162
0.0760831
0.0796704
0.083299
0.0872683
-0.00787601
-0.00908894
-0.0105712
-0.0105119
-0.00870778
-0.00648655
-0.00464888
-0.00328137
-0.00208566
-0.000776675
0.0006435
0.00197434
0.00316182
0.00438699
0.00569158
0.00699386
0.00830744
0.0096485
0.0110453
0.0124973
0.0139578
0.0154468
0.016996
0.0185928
0.0202503
0.0219626
0.0237509
0.025608
0.0275488
0.0295534
0.0316039
0.0337289
0.0359286
0.0382421
0.0406254
0.0430924
0.0456111
0.0482365
0.0509192
0.0537039
0.0565943
0.0595775
0.0626671
0.0658245
0.0691334
0.0725166
0.0760834
0.0796709
0.0833007
0.0872708
-0.00785662
-0.00889249
-0.0103046
-0.0103764
-0.00867327
-0.0064641
-0.0046238
-0.00326313
-0.00207317
-0.000765873
0.000652932
0.00198198
0.00316876
0.00439361
0.0056978
0.00699918
0.00831182
0.00965223
0.0110483
0.0124992
0.0139596
0.0154486
0.0169979
0.0185946
0.0202522
0.0219645
0.0237527
0.0256096
0.02755
0.0295543
0.0316048
0.0337299
0.0359296
0.0382427
0.0406257
0.0430927
0.0456114
0.0482367
0.0509195
0.0537043
0.0565947
0.0595778
0.0626675
0.065825
0.069134
0.0725171
0.0760838
0.0796715
0.0833027
0.0872734
-0.0078326
-0.00869995
-0.0100324
-0.0102302
-0.00863685
-0.00644246
-0.00459805
-0.00324376
-0.00205994
-0.000754498
0.000662909
0.00199018
0.00317627
0.0044007
0.00570439
0.0070048
0.00831642
0.00965616
0.0110515
0.0125012
0.0139615
0.0154504
0.0169998
0.0185964
0.020254
0.0219665
0.0237546
0.0256113
0.0275512
0.0295552
0.0316057
0.0337309
0.0359306
0.0382434
0.040626
0.043093
0.0456117
0.0482369
0.0509197
0.0537046
0.0565951
0.059578
0.0626679
0.0658255
0.0691345
0.0725176
0.0760842
0.0796721
0.0833047
0.0872761
-0.00780372
-0.00851201
-0.00975512
-0.0100727
-0.00859793
-0.00642177
-0.0045718
-0.00322322
-0.00204591
-0.000742531
0.000673432
0.00199891
0.00318426
0.00440821
0.00571132
0.0070107
0.00832122
0.00966032
0.0110549
0.0125034
0.0139635
0.0154524
0.0170019
0.0185983
0.0202559
0.0219685
0.0237565
0.025613
0.0275525
0.0295562
0.0316066
0.033732
0.0359316
0.0382441
0.0406262
0.0430932
0.0456119
0.048237
0.05092
0.053705
0.0565955
0.0595783
0.0626683
0.065826
0.0691352
0.0725182
0.0760846
0.0796727
0.0833068
0.087279
-0.00776879
-0.00832895
-0.00947366
-0.00990308
-0.00855582
-0.00640215
-0.00454528
-0.00320149
-0.00203101
-0.000729942
0.000684506
0.00200814
0.00319268
0.00441612
0.00571858
0.00701687
0.00832622
0.0096647
0.0110585
0.0125057
0.0139655
0.0154545
0.0170041
0.0186003
0.0202579
0.0219706
0.0237585
0.0256148
0.0275538
0.0295572
0.0316076
0.0337332
0.0359327
0.0382449
0.0406266
0.0430935
0.0456122
0.0482372
0.0509203
0.0537054
0.0565959
0.0595786
0.0626686
0.0658266
0.0691358
0.0725188
0.0760851
0.0796734
0.0833091
0.087282
-0.0077274
-0.00815089
-0.00918898
-0.00972089
-0.00850963
-0.00638363
-0.00451873
-0.00317857
-0.00201519
-0.000716698
0.000696158
0.00201786
0.00320149
0.00442439
0.00572616
0.00702329
0.00833142
0.00966929
0.0110623
0.0125082
0.0139677
0.0154567
0.0170064
0.0186024
0.0202599
0.0219728
0.0237607
0.0256166
0.0275552
0.0295583
0.0316086
0.0337344
0.0359338
0.0382457
0.0406269
0.0430938
0.0456125
0.0482374
0.0509206
0.0537057
0.0565963
0.0595789
0.0626691
0.0658271
0.0691365
0.0725195
0.0760855
0.079674
0.0833115
0.0872852
-0.00767898
-0.00797768
-0.00890213
-0.00952599
-0.00845851
-0.00636623
-0.00449242
-0.00315446
-0.00199837
-0.000702782
0.000708395
0.00202809
0.00321068
0.00443303
0.00573407
0.00702997
0.00833681
0.00967407
0.0110662
0.0125109
0.01397
0.0154589
0.0170088
0.0186046
0.0202619
0.021975
0.0237628
0.0256185
0.0275567
0.0295594
0.0316097
0.0337357
0.035935
0.0382465
0.0406273
0.0430942
0.0456128
0.0482377
0.0509209
0.0537062
0.0565967
0.0595792
0.0626695
0.0658276
0.0691372
0.0725202
0.0760859
0.0796748
0.0833139
0.0872884
-0.0076241
-0.00780903
-0.00861409
-0.00931818
-0.00840125
-0.00634991
-0.00446676
-0.00312923
-0.00198043
-0.000688125
0.000721232
0.00203883
0.00322028
0.00444207
0.00574231
0.00703692
0.00834241
0.00967903
0.0110702
0.0125137
0.0139724
0.0154612
0.0170113
0.0186069
0.0202641
0.0219773
0.0237651
0.0256205
0.0275582
0.0295606
0.0316108
0.0337371
0.0359363
0.0382475
0.0406277
0.0430945
0.0456131
0.0482379
0.0509212
0.0537066
0.0565971
0.0595795
0.06267
0.0658282
0.0691379
0.0725209
0.0760864
0.0796755
0.0833164
0.0872918
-0.00756354
-0.00764507
-0.00832666
-0.00909791
-0.00833633
-0.00633416
-0.00444197
-0.00310297
-0.0019613
-0.00067261
0.000734773
0.00205014
0.0032303
0.00445153
0.00575093
0.00704417
0.00834824
0.00968417
0.0110744
0.0125167
0.0139749
0.0154636
0.0170139
0.0186093
0.0202663
0.0219798
0.0237675
0.0256225
0.0275598
0.0295618
0.031612
0.0337385
0.0359376
0.0382484
0.0406282
0.0430949
0.0456134
0.0482382
0.0509216
0.0537071
0.0565975
0.0595798
0.0626704
0.0658288
0.0691386
0.0725216
0.0760869
0.0796763
0.083319
0.0872954
-0.00749528
-0.00748497
-0.00804112
-0.00886598
-0.0082627
-0.0063188
-0.00441838
-0.00307583
-0.00194097
-0.00065627
0.000749006
0.00206205
0.00324083
0.00446144
0.00575992
0.00705173
0.0083543
0.00968949
0.0110787
0.0125198
0.0139775
0.0154661
0.0170166
0.0186118
0.0202686
0.0219823
0.0237699
0.0256247
0.0275615
0.0295631
0.0316133
0.0337399
0.0359391
0.0382494
0.0406287
0.0430953
0.0456138
0.0482385
0.050922
0.0537076
0.0565979
0.0595802
0.0626709
0.0658295
0.0691394
0.0725224
0.0760874
0.0796771
0.0833216
0.0872991
-0.00741795
-0.0073273
-0.00775912
-0.00862327
-0.00817883
-0.00630334
-0.00439639
-0.00304799
-0.00191928
-0.000638974
0.000763929
0.00207453
0.00325186
0.00447186
0.00576934
0.00705962
0.00836063
0.009695
0.0110832
0.0125231
0.0139802
0.0154687
0.0170194
0.0186144
0.0202711
0.0219849
0.0237725
0.0256269
0.0275632
0.0295644
0.0316146
0.0337414
0.0359405
0.0382505
0.0406293
0.0430957
0.0456141
0.0482388
0.0509225
0.0537081
0.0565984
0.0595806
0.0626715
0.0658301
0.0691402
0.0725232
0.076088
0.079678
0.0833244
0.0873029
-0.00733017
-0.00717056
-0.00748255
-0.00837156
-0.00808352
-0.00628674
-0.00437608
-0.00301973
-0.00189623
-0.000620516
0.000779747
0.00208765
0.0032634
0.00448275
0.0057792
0.00706789
0.00836724
0.00970073
0.0110879
0.0125266
0.0139831
0.0154715
0.0170224
0.0186172
0.0202736
0.0219876
0.0237751
0.0256292
0.0275651
0.0295658
0.031616
0.033743
0.0359421
0.0382516
0.0406299
0.0430962
0.0456145
0.0482391
0.050923
0.0537087
0.0565989
0.059581
0.062672
0.0658308
0.0691411
0.072524
0.0760886
0.0796788
0.0833272
0.0873068
-0.00723168
-0.00701382
-0.00721073
-0.0081107
-0.00797567
-0.00626881
-0.00435784
-0.00299147
-0.00187203
-0.000601067
0.00079638
0.00210147
0.00327552
0.00449414
0.00578948
0.0070765
0.00837415
0.00970668
0.0110927
0.0125303
0.0139861
0.0154743
0.0170254
0.01862
0.0202763
0.0219905
0.0237778
0.0256315
0.027567
0.0295672
0.0316175
0.0337446
0.0359437
0.0382527
0.0406305
0.0430967
0.0456149
0.0482394
0.0509235
0.0537093
0.0565994
0.0595814
0.0626726
0.0658316
0.069142
0.0725249
0.0760893
0.0796798
0.08333
0.0873109
-0.00712099
-0.00685674
-0.0069469
-0.00784234
-0.00785345
-0.00624755
-0.00434115
-0.00296312
-0.00184639
-0.00058031
0.00081397
0.00211603
0.0032883
0.00450616
0.00580029
0.00708552
0.00838135
0.00971286
0.0110977
0.0125341
0.0139893
0.0154773
0.0170285
0.018623
0.020279
0.0219934
0.0237807
0.025634
0.027569
0.0295687
0.031619
0.0337463
0.0359454
0.0382539
0.0406312
0.0430972
0.0456153
0.0482398
0.050924
0.0537099
0.0565999
0.0595818
0.0626732
0.0658323
0.0691429
0.0725259
0.07609
0.0796807
0.083333
0.0873151
-0.00700027
-0.00669653
-0.00669196
-0.00756981
-0.00771742
-0.00622263
-0.00432635
-0.00293534
-0.00181948
-0.000558102
0.000832681
0.00213134
0.00330158
0.00451864
0.00581158
0.00709498
0.00838894
0.00971934
0.0111029
0.0125382
0.0139926
0.0154804
0.0170318
0.0186261
0.0202819
0.0219965
0.0237836
0.0256365
0.0275711
0.0295703
0.0316207
0.0337481
0.0359471
0.0382551
0.0406318
0.0430977
0.0456158
0.0482401
0.0509246
0.0537105
0.0566005
0.0595823
0.0626739
0.0658331
0.0691439
0.0725269
0.0760907
0.0796817
0.083336
0.0873195
-0.00687266
-0.00653245
-0.00644348
-0.00729264
-0.00756781
-0.00619429
-0.00431406
-0.00290896
-0.00179208
-0.00053492
0.000852315
0.0021474
0.00331546
0.00453161
0.00582329
0.00710478
0.00839682
0.00972604
0.0111083
0.0125424
0.0139961
0.0154837
0.0170352
0.0186293
0.020285
0.0219997
0.0237867
0.0256392
0.0275733
0.029572
0.0316223
0.0337499
0.0359488
0.0382563
0.0406325
0.0430983
0.0456162
0.0482405
0.0509252
0.0537112
0.0566011
0.0595828
0.0626746
0.065834
0.069145
0.0725279
0.0760916
0.0796828
0.0833391
0.087324
-0.00673344
-0.00636561
-0.00620561
-0.00701295
-0.00740153
-0.00615777
-0.0043016
-0.00288305
-0.00176348
-0.000509996
0.000873434
0.00216456
0.00333018
0.00454528
0.00583559
0.00711503
0.00840505
0.00973303
0.0111139
0.0125468
0.0139998
0.015487
0.0170387
0.0186326
0.0202881
0.022003
0.0237899
0.0256419
0.0275755
0.0295737
0.0316241
0.0337518
0.0359506
0.0382576
0.0406333
0.0430989
0.0456167
0.0482409
0.0509258
0.0537119
0.0566018
0.0595834
0.0626753
0.0658349
0.0691461
0.072529
0.0760924
0.0796838
0.0833423
0.0873287
-0.00658658
-0.00619154
-0.0059761
-0.00673426
-0.00722218
-0.00611372
-0.00428962
-0.00285849
-0.00173429
-0.00048359
0.000895926
0.00218264
0.00334544
0.00455945
0.00584845
0.00712585
0.00841378
0.0097404
0.0111198
0.0125514
0.0140036
0.0154906
0.0170423
0.0186361
0.0202914
0.0220065
0.0237932
0.0256448
0.0275779
0.0295755
0.0316259
0.0337537
0.0359525
0.0382589
0.0406341
0.0430995
0.0456173
0.0482414
0.0509264
0.0537127
0.0566024
0.0595839
0.062676
0.0658358
0.0691472
0.0725301
0.0760933
0.079685
0.0833455
0.0873335
-0.00643237
-0.00600714
-0.00575067
-0.00645681
-0.00703248
-0.00606341
-0.00427943
-0.00283673
-0.00170588
-0.000456585
0.000919457
0.0022016
0.00336132
0.0045741
0.00586172
0.00713696
0.00842272
0.00974792
0.0111259
0.0125562
0.0140076
0.0154943
0.0170461
0.0186397
0.0202948
0.0220101
0.0237966
0.0256477
0.0275804
0.0295774
0.0316278
0.0337557
0.0359544
0.0382603
0.0406349
0.0431001
0.0456178
0.0482418
0.0509271
0.0537134
0.0566031
0.0595845
0.0626768
0.0658367
0.0691484
0.0725313
0.0760943
0.0796862
0.0833488
0.0873384
-0.0062611
-0.00581532
-0.00553516
-0.00618263
-0.00682787
-0.00599918
-0.00426559
-0.00281508
-0.00167683
-0.000427591
0.000945176
0.00222221
0.00337825
0.00458949
0.00587562
0.00714861
0.00843213
0.00975584
0.0111323
0.0125613
0.0140118
0.0154982
0.01705
0.0186434
0.0202984
0.0220138
0.0238001
0.0256507
0.0275829
0.0295794
0.0316297
0.0337578
0.0359564
0.0382617
0.0406357
0.0431008
0.0456184
0.0482423
0.0509278
0.0537142
0.0566039
0.0595851
0.0626776
0.0658377
0.0691496
0.0725325
0.0760953
0.0796874
0.0833522
0.0873435
-0.00608332
-0.00561441
-0.00532608
-0.00591506
-0.00661472
-0.00592366
-0.0042493
-0.00279469
-0.00164826
-0.000397698
0.000972437
0.00224414
0.00339601
0.00460555
0.00589024
0.00716095
0.00844212
0.00976419
0.011139
0.0125666
0.0140163
0.0155022
0.0170541
0.0186473
0.0203021
0.0220177
0.0238038
0.0256539
0.0275856
0.0295814
0.0316317
0.0337599
0.0359585
0.0382632
0.0406366
0.0431016
0.045619
0.0482428
0.0509286
0.0537151
0.0566047
0.0595858
0.0626785
0.0658388
0.0691509
0.0725337
0.0760964
0.0796887
0.0833556
0.0873488
-0.0059
-0.00539841
-0.00511654
-0.0056546
-0.00639784
-0.00584017
-0.0042328
-0.00277759
-0.0016221
-0.000368314
0.00100052
0.002267
0.00341432
0.00462201
0.00590522
0.00717357
0.00845226
0.00977262
0.0111458
0.0125719
0.0140208
0.0155064
0.0170583
0.0186513
0.020306
0.0220217
0.0238076
0.0256571
0.0275883
0.0295836
0.0316338
0.0337622
0.0359606
0.0382648
0.0406376
0.0431023
0.0456196
0.0482433
0.0509293
0.0537159
0.0566055
0.0595865
0.0626794
0.0658399
0.0691522
0.072535
0.0760976
0.07969
0.0833591
0.0873543
-0.00569662
-0.00517114
-0.00491298
-0.00540132
-0.00617
-0.00573868
-0.00420792
-0.00275869
-0.00159543
-0.000337081
0.0010315
0.00229245
0.0034342
0.00463928
0.00592082
0.00718677
0.00846299
0.00978161
0.0111531
0.0125777
0.0140256
0.0155108
0.0170627
0.0186554
0.02031
0.0220258
0.0238115
0.0256605
0.0275912
0.0295858
0.031636
0.0337645
0.0359628
0.0382664
0.0406386
0.0431031
0.0456203
0.0482439
0.0509301
0.0537168
0.0566063
0.0595872
0.0626804
0.065841
0.0691536
0.0725364
0.0760988
0.0796914
0.0833627
0.0873599
-0.00548905
-0.00493718
-0.00471333
-0.00515608
-0.00593784
-0.00562519
-0.00417778
-0.00274003
-0.00157025
-0.000306594
0.00106343
0.00231949
0.00345524
0.00465748
0.00593738
0.00720087
0.00847439
0.00979102
0.0111607
0.0125837
0.0140307
0.0155155
0.0170673
0.0186598
0.0203142
0.0220301
0.0238155
0.0256641
0.0275942
0.0295882
0.0316383
0.0337668
0.035965
0.038268
0.0406396
0.043104
0.045621
0.0482445
0.050931
0.0537177
0.0566072
0.0595879
0.0626814
0.0658422
0.069155
0.0725378
0.0761
0.0796929
0.0833663
0.0873657
-0.00526782
-0.0046879
-0.00451306
-0.00492308
-0.00570882
-0.00550436
-0.00414422
-0.00272291
-0.00154784
-0.000277835
0.00109575
0.00234784
0.00347721
0.00467608
0.00595419
0.00721518
0.00848594
0.00980053
0.0111684
0.0125898
0.0140358
0.0155202
0.0170719
0.0186642
0.0203185
0.0220345
0.0238197
0.0256677
0.0275973
0.0295907
0.0316407
0.0337693
0.0359673
0.0382697
0.0406407
0.0431048
0.0456217
0.0482451
0.0509319
0.0537187
0.0566082
0.0595887
0.0626824
0.0658434
0.0691566
0.0725393
0.0761014
0.0796944
0.0833701
0.0873716
-0.00499901
-0.00442169
-0.00431399
-0.0046993
-0.00547549
-0.00536723
-0.00409908
-0.00270116
-0.00152425
-0.000248118
0.00113057
0.00237933
0.00350138
0.00469571
0.00597157
0.00723007
0.00849816
0.00981072
0.0111767
0.0125964
0.0140414
0.0155253
0.0170769
0.0186689
0.0203229
0.0220391
0.0238241
0.0256715
0.0276006
0.0295932
0.0316432
0.0337718
0.0359697
0.0382715
0.0406418
0.0431058
0.0456225
0.0482458
0.0509328
0.0537197
0.0566091
0.0595896
0.0626836
0.0658446
0.0691582
0.0725408
0.0761028
0.0796959
0.0833738
0.0873778
-0.00470834
-0.00414512
-0.0041085
-0.00447666
-0.00523933
-0.00522058
-0.00404659
-0.00267686
-0.00150164
-0.000220933
0.00116457
0.00241206
0.00352703
0.00471655
0.00599013
0.00724606
0.00851116
0.00982131
0.0111852
0.0126032
0.0140471
0.0155306
0.017082
0.0186737
0.0203276
0.0220438
0.0238286
0.0256754
0.027604
0.0295959
0.0316458
0.0337745
0.0359722
0.0382734
0.0406431
0.0431068
0.0456233
0.0482466
0.0509337
0.0537207
0.0566102
0.0595905
0.0626847
0.065846
0.0691598
0.0725424
0.0761043
0.0796976
0.0833777
0.0873841
-0.0044268
-0.00386099
-0.00389618
-0.00426417
-0.00501107
-0.00506975
-0.00398772
-0.00265002
-0.00147977
-0.000195567
0.00119857
0.00244689
0.00355488
0.0047385
0.006009
0.00726206
0.00852418
0.00983206
0.0111939
0.0126102
0.014053
0.015536
0.0170873
0.0186787
0.0203325
0.0220487
0.0238332
0.0256795
0.0276074
0.0295987
0.0316484
0.0337772
0.0359748
0.0382753
0.0406443
0.0431078
0.0456241
0.0482473
0.0509347
0.0537218
0.0566113
0.0595914
0.062686
0.0658474
0.0691615
0.072544
0.0761059
0.0796993
0.0833815
0.0873905
-0.00415772
-0.00357747
-0.00368531
-0.00406161
-0.0047861
-0.00491003
-0.0039188
-0.00261736
-0.00145538
-0.00017019
0.00123278
0.0024835
0.00358455
0.0047614
0.00602848
0.00727884
0.00853813
0.00984361
0.0112033
0.0126177
0.0140593
0.0155418
0.0170928
0.0186839
0.0203375
0.0220538
0.023838
0.0256837
0.0276111
0.0296017
0.0316512
0.03378
0.0359774
0.0382773
0.0406457
0.0431089
0.045625
0.0482481
0.0509358
0.0537229
0.0566124
0.0595924
0.0626872
0.0658488
0.0691634
0.0725457
0.0761075
0.0797011
0.0833855
0.0873972
-0.00391489
-0.00330314
-0.00346663
-0.00385623
-0.00455958
-0.00474355
-0.00384246
-0.00257949
-0.00142923
-0.000146762
0.00126491
0.00252071
0.0036163
0.00478639
0.00604969
0.00729685
0.00855272
0.00985542
0.0112129
0.0126254
0.0140658
0.0155477
0.0170985
0.0186892
0.0203428
0.0220591
0.023843
0.0256881
0.0276149
0.0296048
0.0316542
0.0337829
0.0359801
0.0382794
0.0406471
0.04311
0.045626
0.048249
0.0509369
0.0537241
0.0566136
0.0595934
0.0626886
0.0658503
0.0691652
0.0725475
0.0761093
0.079703
0.0833895
0.087404
-0.00369164
-0.00302644
-0.00323358
-0.00365137
-0.00433909
-0.00457467
-0.00375992
-0.0025367
-0.00140069
-0.00012384
0.00129659
0.00255997
0.00365094
0.00481322
0.00607143
0.00731482
0.00856737
0.00986758
0.0112229
0.0126336
0.0140726
0.0155539
0.0171045
0.0186949
0.0203482
0.0220645
0.0238481
0.0256927
0.0276188
0.029608
0.0316572
0.0337859
0.035983
0.0382816
0.0406485
0.0431112
0.045627
0.0482499
0.050938
0.0537253
0.0566149
0.0595945
0.06269
0.0658518
0.0691672
0.0725493
0.0761111
0.0797049
0.0833935
0.087411
-0.003473
-0.00274716
-0.00299559
-0.00345083
-0.00412283
-0.00440121
-0.00367059
-0.00248832
-0.0013678
-9.98672e-05
0.00132733
0.00259931
0.00368656
0.00484088
0.0060941
0.00733403
0.00858325
0.00988058
0.0112335
0.0126421
0.0140797
0.0155604
0.0171107
0.0187007
0.0203538
0.0220701
0.0238535
0.0256974
0.0276229
0.0296113
0.0316603
0.0337891
0.0359859
0.0382838
0.0406501
0.0431124
0.0456281
0.0482509
0.0509392
0.0537266
0.0566162
0.0595956
0.0626915
0.0658534
0.0691693
0.0725512
0.076113
0.079707
0.0833976
0.0874182
-0.00325983
-0.00247225
-0.00275449
-0.00324958
-0.00390894
-0.00422437
-0.00357529
-0.00243399
-0.00133027
-7.59239e-05
0.00135539
0.00263804
0.00372423
0.00487131
0.00611904
0.00735454
0.00859953
0.00989364
0.0112442
0.0126509
0.0140872
0.0155671
0.017117
0.0187067
0.0203597
0.022076
0.023859
0.0257022
0.0276272
0.0296148
0.0316637
0.0337923
0.0359889
0.0382861
0.0406517
0.0431138
0.0456292
0.048252
0.0509405
0.0537279
0.0566176
0.0595968
0.0626931
0.0658551
0.0691714
0.0725532
0.076115
0.0797091
0.0834018
0.0874256
-0.00304292
-0.00219952
-0.00250914
-0.00304823
-0.00369916
-0.00404454
-0.00347415
-0.00237521
-0.00128902
-5.09352e-05
0.00138263
0.00267772
0.00376432
0.00490362
0.00614478
0.0073754
0.00861629
0.00990735
0.0112555
0.0126602
0.014095
0.0155742
0.0171238
0.018713
0.0203658
0.022082
0.0238647
0.0257073
0.0276316
0.0296185
0.0316671
0.0337956
0.035992
0.0382886
0.0406535
0.0431151
0.0456304
0.0482531
0.0509418
0.0537293
0.0566191
0.0595981
0.0626947
0.0658569
0.0691737
0.0725553
0.0761171
0.0797114
0.083406
0.0874331
-0.00282581
-0.00193362
-0.00226289
-0.00284604
-0.00349132
-0.00386158
-0.0033688
-0.002313
-0.00124263
-2.27325e-05
0.00140953
0.00271686
0.00380508
0.004937
0.0061719
0.00739792
0.00863431
0.00992163
0.0112671
0.0126698
0.0141032
0.0155816
0.0171307
0.0187195
0.0203721
0.0220883
0.0238707
0.0257126
0.0276362
0.0296223
0.0316707
0.0337991
0.0359952
0.0382911
0.0406553
0.0431166
0.0456316
0.0482543
0.0509432
0.0537308
0.0566206
0.0595994
0.0626965
0.0658587
0.069176
0.0725575
0.0761192
0.0797138
0.0834103
0.0874408
-0.00262578
-0.00167409
-0.00201353
-0.00264155
-0.00328762
-0.0036783
-0.00325883
-0.00224559
-0.00119013
8.47235e-06
0.00143498
0.00275446
0.00384668
0.00497254
0.00620119
0.00742195
0.00865305
0.0099363
0.0112792
0.0126799
0.0141117
0.0155892
0.0171378
0.0187263
0.0203787
0.0220947
0.0238768
0.025718
0.027641
0.0296264
0.0316744
0.0338026
0.0359985
0.0382937
0.0406572
0.0431181
0.0456329
0.0482555
0.0509447
0.0537323
0.0566222
0.0596008
0.0626983
0.0658606
0.0691785
0.0725597
0.0761215
0.0797162
0.0834146
0.0874486
-0.00243245
-0.00141685
-0.0017634
-0.00243746
-0.00308856
-0.00349276
-0.0031424
-0.00217473
-0.00113382
4.25521e-05
0.00146005
0.00279169
0.00389005
0.00501008
0.00623177
0.00744694
0.00867276
0.00995176
0.0112917
0.0126902
0.0141205
0.0155972
0.0171454
0.0187333
0.0203854
0.0221014
0.0238832
0.0257237
0.0276459
0.0296305
0.0316783
0.0338063
0.0360019
0.0382964
0.0406592
0.0431198
0.0456343
0.0482568
0.0509462
0.0537338
0.0566239
0.0596023
0.0627002
0.0658626
0.069181
0.0725621
0.0761239
0.0797189
0.083419
0.0874567
-0.00223942
-0.00116575
-0.001515
-0.00223249
-0.0028917
-0.00330506
-0.00302102
-0.00210181
-0.00107375
8.10294e-05
0.00148614
0.00282847
0.00393387
0.00504846
0.00626363
0.00747374
0.00869396
0.00996786
0.0113045
0.0127009
0.0141299
0.0156056
0.0171531
0.0187406
0.0203926
0.0221084
0.0238898
0.0257296
0.0276511
0.0296349
0.0316823
0.0338102
0.0360054
0.0382993
0.0406613
0.0431215
0.0456358
0.0482583
0.0509478
0.0537355
0.0566257
0.0596038
0.0627022
0.0658647
0.0691837
0.0725645
0.0761263
0.0797216
0.0834234
0.0874648
-0.00205474
-0.000922727
-0.00126789
-0.00202535
-0.0026982
-0.00311843
-0.00289526
-0.00202578
-0.00100904
0.000124875
0.00151321
0.00286365
0.00397755
0.00508829
0.00629736
0.00750215
0.00871619
0.00998458
0.0113179
0.0127123
0.0141395
0.0156141
0.0171612
0.0187483
0.0204
0.0221156
0.0238966
0.0257356
0.0276564
0.0296395
0.0316865
0.0338141
0.0360091
0.0383023
0.0406636
0.0431232
0.0456374
0.0482598
0.0509495
0.0537372
0.0566276
0.0596055
0.0627044
0.0658668
0.0691864
0.0725671
0.0761289
0.0797245
0.0834279
0.0874732
-0.00188075
-0.00068729
-0.00102235
-0.00181665
-0.00250849
-0.00293266
-0.00276368
-0.00194632
-0.000941236
0.000172912
0.0015412
0.00289807
0.0040222
0.00512984
0.00633234
0.00753175
0.00873987
0.0100026
0.0113318
0.0127237
0.0141493
0.0156232
0.0171697
0.0187562
0.0204075
0.022123
0.0239037
0.025742
0.027662
0.0296442
0.0316909
0.0338182
0.0360128
0.0383053
0.0406659
0.0431251
0.045639
0.0482613
0.0509513
0.053739
0.0566296
0.0596072
0.0627066
0.0658691
0.0691893
0.0725697
0.0761315
0.0797275
0.0834325
0.0874816
-0.00171059
-0.000458335
-0.000779343
-0.00160697
-0.00232211
-0.00274864
-0.00262674
-0.00186341
-0.000871167
0.000225464
0.00157177
0.00293241
0.00406694
0.00517197
0.00636826
0.00756307
0.00876532
0.0100214
0.0113461
0.0127355
0.0141598
0.0156326
0.0171784
0.0187643
0.0204155
0.0221309
0.0239111
0.0257485
0.0276678
0.0296492
0.0316955
0.0338224
0.0360167
0.0383085
0.0406684
0.0431271
0.0456408
0.048263
0.0509531
0.0537409
0.0566317
0.059609
0.0627089
0.0658714
0.0691923
0.0725725
0.0761342
0.0797306
0.0834371
0.0874902
-0.00154082
-0.00023655
-0.000540604
-0.00139636
-0.00213835
-0.0025672
-0.00248491
-0.00177713
-0.000799412
0.000282832
0.00160532
0.00296609
0.00411127
0.00521519
0.00640573
0.00759587
0.008792
0.0100412
0.0113613
0.012748
0.0141704
0.0156421
0.0171874
0.0187729
0.0204238
0.0221389
0.0239186
0.0257552
0.0276738
0.0296544
0.0317002
0.0338268
0.0360207
0.0383119
0.040671
0.0431292
0.0456427
0.0482648
0.0509551
0.0537429
0.0566338
0.0596109
0.0627114
0.0658739
0.0691954
0.0725754
0.076137
0.0797339
0.0834418
0.087499
-0.00137353
-2.25123e-05
-0.000307411
-0.00118529
-0.00195643
-0.00238937
-0.00233965
-0.00168717
-0.000725968
0.000344552
0.00164192
0.00299968
0.00415586
0.00525963
0.00644421
0.00762961
0.00882023
0.0100628
0.0113773
0.0127606
0.0141812
0.0156522
0.0171969
0.0187818
0.0204322
0.0221472
0.0239266
0.0257622
0.02768
0.0296598
0.0317052
0.0338313
0.0360249
0.0383154
0.0406738
0.0431314
0.0456446
0.0482668
0.0509571
0.053745
0.0566361
0.0596129
0.0627139
0.0658765
0.0691986
0.0725785
0.07614
0.0797374
0.0834466
0.0875079
-0.00121191
0.000183682
-8.07037e-05
-0.000973828
-0.0017755
-0.00221625
-0.00219161
-0.00159198
-0.000650837
0.000409747
0.00168216
0.00303381
0.00420039
0.00530462
0.00648333
0.00766467
0.00885018
0.0100855
0.0113938
0.0127738
0.0141927
0.0156625
0.0172066
0.0187909
0.0204411
0.0221559
0.0239348
0.0257695
0.0276864
0.0296654
0.0317104
0.033836
0.0360292
0.038319
0.0406767
0.0431338
0.0456467
0.0482687
0.0509593
0.0537472
0.0566385
0.059615
0.0627166
0.0658792
0.0692019
0.0725817
0.076143
0.079741
0.0834515
0.0875168
-0.00105336
0.000384397
0.000140336
-0.000762557
-0.00159535
-0.00204788
-0.00204153
-0.00149185
-0.000574998
0.000477639
0.00172648
0.0030688
0.00424452
0.00535022
0.00652367
0.0077011
0.00888137
0.0101094
0.0114117
0.0127879
0.0142044
0.015673
0.0172165
0.0188005
0.0204504
0.0221649
0.0239432
0.025777
0.0276931
0.0296713
0.0317157
0.0338408
0.0360336
0.0383228
0.0406797
0.0431363
0.0456489
0.0482709
0.0509615
0.0537495
0.0566411
0.0596172
0.0627194
0.065882
0.0692054
0.0725851
0.0761461
0.0797448
0.0834565
0.0875259
-0.000897067
0.000579965
0.000353844
-0.000554442
-0.00141582
-0.00188419
-0.00189162
-0.00138727
-0.000497784
0.000548325
0.00177517
0.00310485
0.00428845
0.0053968
0.006565
0.00773809
0.00891369
0.010135
0.0114306
0.0128023
0.0142165
0.0156839
0.0172269
0.0188104
0.0204599
0.0221742
0.0239521
0.0257848
0.0277
0.0296774
0.0317213
0.0338458
0.0360382
0.0383268
0.0406829
0.0431388
0.0456512
0.0482732
0.0509639
0.0537519
0.0566437
0.0596196
0.0627224
0.065885
0.0692089
0.0725885
0.0761493
0.0797487
0.0834616
0.0875351
-0.00074838
0.000767833
0.000558807
-0.000350082
-0.00123542
-0.00172462
-0.00174335
-0.0012776
-0.000418377
0.000620456
0.00182759
0.00314244
0.00433236
0.00544409
0.00660685
0.00777584
0.00894757
0.010162
0.0114506
0.0128174
0.0142292
0.0156952
0.0172375
0.0188205
0.0204698
0.0221839
0.0239613
0.0257928
0.0277071
0.0296838
0.0317272
0.033851
0.036043
0.0383309
0.0406862
0.0431416
0.0456537
0.0482756
0.0509665
0.0537544
0.0566464
0.059622
0.0627255
0.0658881
0.0692126
0.0725922
0.0761527
0.0797528
0.0834669
0.0875444
-0.000607006
0.000949517
0.000757885
-0.000149764
-0.0010547
-0.00156905
-0.00159823
-0.00116347
-0.000336894
0.000693
0.00188387
0.00318277
0.00437616
0.00549152
0.00664968
0.00781472
0.00898249
0.0101901
0.0114717
0.0128337
0.0142424
0.0157067
0.0172484
0.018831
0.02048
0.0221939
0.0239708
0.0258013
0.0277146
0.0296904
0.0317332
0.0338564
0.0360479
0.0383352
0.0406897
0.0431445
0.0456563
0.0482781
0.050969
0.0537571
0.0566494
0.0596246
0.0627287
0.0658914
0.0692164
0.072596
0.0761561
0.0797571
0.0834722
0.0875538
-0.000469787
0.00112598
0.000950996
4.39836e-05
-0.000875264
-0.00141631
-0.00145728
-0.0010464
-0.000252669
0.00076625
0.00194381
0.00322588
0.00441977
0.00553928
0.00669366
0.0078542
0.00901808
0.0102195
0.0114942
0.0128508
0.0142562
0.0157185
0.0172596
0.0188419
0.0204905
0.0222043
0.0239807
0.0258099
0.0277223
0.0296974
0.0317394
0.0338619
0.036053
0.0383398
0.0406935
0.0431475
0.0456591
0.0482809
0.0509718
0.0537599
0.0566524
0.0596275
0.0627321
0.0658948
0.0692204
0.0726
0.0761597
0.0797616
0.0834777
0.0875633
-0.000335749
0.00129525
0.00113745
0.000230066
-0.000697621
-0.00126481
-0.00132143
-0.000927729
-0.000164558
0.000840068
0.00200596
0.0032715
0.00446379
0.00558766
0.00673831
0.00789402
0.00905483
0.0102504
0.0115176
0.0128688
0.0142707
0.015731
0.0172711
0.0188531
0.0205014
0.022215
0.0239909
0.0258189
0.0277303
0.0297046
0.031746
0.0338677
0.0360582
0.0383444
0.0406974
0.0431508
0.045662
0.0482837
0.0509747
0.0537629
0.0566556
0.0596304
0.0627357
0.0658984
0.0692245
0.0726042
0.0761634
0.0797662
0.0834833
0.0875728
-0.000204468
0.00145706
0.00131832
0.000409078
-0.000522938
-0.00111407
-0.00119115
-0.000809092
-7.25964e-05
0.000913834
0.0020695
0.00332069
0.00450897
0.00563584
0.00678366
0.00793461
0.00909221
0.0102822
0.0115421
0.0128878
0.0142861
0.0157437
0.017283
0.0188645
0.0205126
0.0222262
0.0240015
0.0258282
0.0277385
0.0297121
0.0317528
0.0338737
0.0360637
0.0383493
0.0407015
0.0431542
0.0456652
0.0482868
0.0509777
0.0537661
0.056659
0.0596334
0.0627393
0.0659022
0.0692287
0.0726085
0.0761673
0.079771
0.0834891
0.0875824
-7.42375e-05
0.00161244
0.0014935
0.000581195
-0.000353598
-0.000964276
-0.00106579
-0.00069256
2.29446e-05
0.000988225
0.00213409
0.00337348
0.00455514
0.00568348
0.00682991
0.00797616
0.00913001
0.0103152
0.0115679
0.0129077
0.0143024
0.0157569
0.0172952
0.0188765
0.0205241
0.0222376
0.0240126
0.0258379
0.027747
0.0297198
0.0317598
0.03388
0.0360694
0.0383545
0.0407057
0.0431577
0.0456684
0.0482901
0.050981
0.0537693
0.0566625
0.0596367
0.0627432
0.0659061
0.0692331
0.0726131
0.0761713
0.079776
0.0834951
0.0875921
5.61762e-05
0.00176091
0.0016616
0.000746177
-0.000191657
-0.000815508
-0.000944082
-0.000580027
0.000121424
0.00106444
0.00219899
0.00342862
0.00460288
0.00573138
0.00687669
0.00801827
0.00916832
0.0103488
0.0115944
0.0129287
0.0143199
0.0157709
0.0173076
0.0188887
0.0205359
0.0222493
0.024024
0.025848
0.0277559
0.0297278
0.0317671
0.0338863
0.0360752
0.0383599
0.0407103
0.0431616
0.0456719
0.0482934
0.0509844
0.0537729
0.0566661
0.0596401
0.0627473
0.0659103
0.0692376
0.0726177
0.0761755
0.0797812
0.0835012
0.0876018
0.000184615
0.00190208
0.00182127
0.000904408
-3.78324e-05
-0.000668274
-0.000824491
-0.000473376
0.000221515
0.00114331
0.00226302
0.0034853
0.00465307
0.00577978
0.00692368
0.00806084
0.00920691
0.0103834
0.011622
0.0129503
0.0143384
0.0157858
0.0173204
0.0189013
0.0205481
0.0222615
0.0240358
0.0258583
0.0277651
0.0297363
0.0317748
0.033893
0.0360812
0.0383654
0.0407151
0.0431657
0.0456757
0.048297
0.0509878
0.0537765
0.05667
0.0596438
0.0627516
0.0659147
0.0692423
0.0726226
0.0761798
0.0797865
0.0835075
0.0876115
0.000308601
0.00203666
0.00197135
0.00105617
0.000107428
-0.000525209
-0.00070635
-0.000373017
0.000321455
0.00122519
0.00232643
0.00354359
0.00470567
0.00582797
0.00697062
0.00810431
0.00924604
0.0104186
0.0116505
0.0129724
0.0143574
0.0158016
0.017334
0.0189145
0.0205605
0.0222735
0.0240479
0.0258692
0.0277744
0.0297449
0.0317828
0.0339001
0.0360875
0.0383713
0.0407199
0.0431698
0.0456796
0.048301
0.0509917
0.0537804
0.056674
0.0596476
0.0627561
0.0659192
0.0692472
0.0726278
0.0761844
0.079792
0.0835139
0.0876214
0.000426412
0.00216485
0.00211081
0.00120125
0.000244331
-0.000389175
-0.000588966
-0.000277844
0.000418347
0.00130973
0.00239034
0.00360255
0.00476012
0.00587657
0.00701765
0.00814843
0.00928562
0.0104538
0.0116796
0.0129956
0.0143776
0.0158181
0.0173478
0.0189281
0.0205738
0.0222861
0.0240601
0.0258803
0.0277843
0.0297538
0.031791
0.0339074
0.0360941
0.0383775
0.0407252
0.0431742
0.0456836
0.0483049
0.0509957
0.0537847
0.0566783
0.0596516
0.0627607
0.0659239
0.0692522
0.072633
0.0761892
0.0797978
0.0835205
0.0876312
0.000535524
0.00228628
0.00223884
0.00133802
0.000373464
-0.000261809
-0.000471914
-0.000187006
0.000509678
0.00139723
0.00245486
0.00366038
0.00481688
0.00592659
0.00706438
0.00819234
0.00932536
0.0104897
0.0117096
0.0130194
0.0143987
0.0158359
0.0173623
0.0189417
0.0205873
0.0222992
0.0240729
0.0258917
0.0277943
0.0297631
0.0317996
0.0339149
0.0361008
0.0383839
0.0407308
0.0431791
0.0456881
0.048309
0.0509997
0.0537889
0.0566828
0.059656
0.0627657
0.0659288
0.0692575
0.0726385
0.076194
0.0798037
0.0835274
0.0876411
0.000634054
0.00240068
0.00235604
0.00146424
0.000494825
-0.000144171
-0.000357298
-9.92772e-05
0.000594342
0.00148631
0.00252075
0.00371688
0.00487559
0.00597796
0.00711071
0.00823606
0.00936523
0.010526
0.0117401
0.0130437
0.01442
0.0158547
0.0173781
0.0189559
0.0206009
0.0223122
0.0240859
0.025904
0.0278047
0.0297724
0.0318085
0.0339229
0.0361078
0.0383906
0.0407365
0.0431841
0.0456928
0.0483137
0.0510042
0.0537933
0.0566872
0.0596604
0.0627709
0.0659342
0.0692629
0.0726442
0.0761992
0.0798097
0.0835344
0.0876511
0.000720786
0.00250695
0.00246371
0.00157878
0.000608868
-3.71572e-05
-0.000248554
-1.26084e-05
0.000672071
0.00157416
0.0025894
0.00377239
0.00493453
0.00603051
0.0071572
0.00827983
0.00940512
0.010562
0.0117706
0.013069
0.0144426
0.0158741
0.0173945
0.0189709
0.0206152
0.0223257
0.0240986
0.025916
0.0278158
0.0297825
0.0318177
0.0339311
0.0361152
0.0383976
0.0407425
0.0431893
0.0456976
0.0483183
0.051009
0.0537984
0.0566923
0.059665
0.0627761
0.0659395
0.0692686
0.0726502
0.0762046
0.0798161
0.0835416
0.0876611
0.00079475
0.00260273
0.00256213
0.00168051
0.000714924
5.97402e-05
-0.00014801
7.35236e-05
0.000742686
0.00165869
0.00266119
0.0038266
0.00499333
0.0060847
0.00720345
0.00832319
0.00944485
0.0105983
0.0118012
0.0130945
0.0144658
0.0158948
0.0174123
0.0189862
0.0206297
0.0223398
0.024112
0.0259281
0.0278265
0.0297927
0.0318277
0.0339399
0.0361228
0.038405
0.0407488
0.043195
0.0457028
0.0483231
0.0510137
0.0538033
0.0566975
0.0596703
0.062782
0.0659451
0.0692743
0.0726563
0.0762101
0.0798227
0.0835491
0.0876711
0.0008561
0.00268566
0.00265093
0.00176814
0.000809908
0.000147583
-5.72359e-05
0.00015834
0.00080785
0.00173773
0.00273555
0.0038804
0.00505112
0.00614036
0.00724944
0.00836531
0.00948402
0.0106351
0.0118323
0.01312
0.0144892
0.0159159
0.0174315
0.0190031
0.0206443
0.0223538
0.0241258
0.0259411
0.0278379
0.0298028
0.0318372
0.0339489
0.0361311
0.0384127
0.0407555
0.043201
0.0457084
0.0483284
0.051019
0.0538086
0.0567026
0.0596753
0.0627879
0.0659512
0.0692804
0.0726627
0.0762159
0.0798293
0.0835568
0.0876813
0.000906034
0.00275416
0.00272948
0.00184209
0.000891362
0.000226092
2.13895e-05
0.000240159
0.000869941
0.0018096
0.00281145
0.00393528
0.00510712
0.00619683
0.00729575
0.00840644
0.00952193
0.0106715
0.0118639
0.0131461
0.0145138
0.0159374
0.0174506
0.0190208
0.0206598
0.0223683
0.0241399
0.0259537
0.0278496
0.0298143
0.0318478
0.0339578
0.0361391
0.0384206
0.0407624
0.0432073
0.0457142
0.0483338
0.0510246
0.0538144
0.0567084
0.0596809
0.062794
0.0659572
0.0692867
0.0726694
0.076222
0.0798362
0.0835645
0.0876914
0.000943752
0.00280571
0.00279505
0.00190319
0.000957553
0.000294698
8.74781e-05
0.000316338
0.000930148
0.00187372
0.00288697
0.00399136
0.00516078
0.00625329
0.00734215
0.00844689
0.00955886
0.0107073
0.0118957
0.0131723
0.0145392
0.0159608
0.0174712
0.0190388
0.0206747
0.0223824
0.0241545
0.025967
0.0278609
0.0298253
0.031859
0.0339682
0.0361481
0.0384289
0.0407694
0.0432138
0.0457202
0.0483395
0.0510305
0.0538202
0.0567143
0.0596868
0.0628007
0.0659637
0.0692931
0.0726762
0.0762283
0.0798435
0.0835727
0.0877016
0.000968838
0.00283931
0.00284401
0.00195089
0.00100695
0.000351745
0.000141636
0.000384316
0.000990074
0.00193185
0.00296034
0.00404924
0.00521202
0.00630835
0.00738796
0.00848554
0.00959384
0.0107426
0.0119282
0.0131986
0.0145648
0.0159849
0.0174931
0.0190595
0.0206912
0.022396
0.0241686
0.0259803
0.0278728
0.0298368
0.0318698
0.0339779
0.0361576
0.0384381
0.0407772
0.043221
0.0457267
0.0483454
0.0510367
0.0538265
0.0567206
0.0596929
0.0628074
0.0659705
0.0693
0.0726834
0.0762348
0.0798508
0.0835809
0.0877119
0.00097816
0.00285324
0.00287143
0.00198281
0.00103861
0.000394971
0.000183596
0.000440815
0.00104868
0.00198546
0.00303076
0.00411004
0.00526224
0.00636155
0.00743295
0.00852284
0.00962633
0.0107758
0.011961
0.0132254
0.0145907
0.01601
0.0175149
0.0190799
0.020709
0.022411
0.0241838
0.0259943
0.0278843
0.0298486
0.0318819
0.0339885
0.0361668
0.0384467
0.0407849
0.0432285
0.0457335
0.0483518
0.0510433
0.0538329
0.0567271
0.0596995
0.0628147
0.0659775
0.0693069
0.0726909
0.0762417
0.0798585
0.0835893
0.087722
0.000972513
0.00284777
0.00287516
0.0019965
0.00105191
0.000422562
0.00021496
0.000485554
0.00110384
0.0020342
0.00309536
0.00417221
0.00531177
0.00641289
0.00747722
0.00855906
0.00965728
0.0108072
0.0119939
0.0132526
0.0146164
0.0160365
0.0175384
0.0191007
0.0207262
0.0224247
0.0241984
0.0260093
0.0278971
0.0298606
0.0318939
0.0339999
0.0361775
0.0384563
0.040793
0.0432362
0.0457404
0.0483582
0.0510504
0.0538399
0.056734
0.0597063
0.0628221
0.0659849
0.0693143
0.0726986
0.0762488
0.0798664
0.0835982
0.0877324
0.000945485
0.00282046
0.00285194
0.00198657
0.00104475
0.000431806
0.000235884
0.000520541
0.00115706
0.00208205
0.00315411
0.00423267
0.00535816
0.00645975
0.00751932
0.00859394
0.0096871
0.0108369
0.0120272
0.0132814
0.0146423
0.0160632
0.0175626
0.0191227
0.0207457
0.0224394
0.0242121
0.0260237
0.0279099
0.0298732
0.0319068
0.0340114
0.036188
0.0384662
0.0408017
0.0432446
0.0457477
0.0483649
0.0510575
0.0538469
0.0567412
0.0597135
0.06283
0.0659926
0.0693219
0.0727068
0.0762564
0.0798746
0.0836072
0.0877437
0.000890099
0.00276651
0.00279865
0.0019483
0.00101498
0.000419305
0.000243207
0.000544508
0.00120616
0.00213169
0.00321025
0.00429319
0.00540268
0.00649974
0.00755526
0.00862456
0.00971498
0.0108643
0.0120599
0.0133124
0.0146691
0.0160907
0.0175877
0.0191435
0.020764
0.0224548
0.0242267
0.026039
0.0279233
0.0298854
0.0319196
0.0340243
0.0361998
0.0384763
0.0408106
0.0432535
0.0457555
0.0483721
0.0510651
0.0538541
0.0567483
0.0597204
0.0628375
0.0660001
0.069329
0.0727143
0.0762634
0.0798824
0.0836158
0.0877526
0.000806789
0.00268089
0.00271204
0.00187899
0.000963226
0.000387897
0.000240094
0.000562347
0.00125212
0.00218385
0.00326389
0.00435309
0.00544841
0.00653745
0.00758895
0.00865162
0.00973956
0.0108888
0.0120904
0.0133438
0.014696
0.0161179
0.017614
0.019166
0.0207835
0.02247
0.0242402
0.0260542
0.0279383
0.0298995
0.0319333
0.0340376
0.0362125
0.038488
0.0408211
0.0432638
0.0457648
0.0483808
0.0510745
0.0538634
0.0567578
0.0597298
0.0628476
0.0660098
0.0693387
0.0727243
0.0762727
0.0798921
0.0836264
0.0877659
0.000672154
0.00254497
0.00257052
0.00175412
0.000870531
0.000329227
0.000223302
0.000576742
0.00129781
0.00224003
0.00331608
0.0044077
0.00548919
0.00656827
0.00761852
0.00867777
0.00976569
0.0109147
0.0121212
0.0133775
0.0147246
0.0161442
0.0176384
0.0191856
0.0208005
0.0224844
0.024252
0.0260665
0.0279502
0.0299101
0.0319441
0.034049
0.0362227
0.0384961
0.0408284
0.0432714
0.0457711
0.0483866
0.0510809
0.0538693
0.0567637
0.0597358
0.0628541
0.0660165
0.0693448
0.0727311
0.076279
0.0798992
0.0836342
0.0877733
0.000521062
0.0023747
0.00238467
0.00157854
0.000731802
0.000233488
0.000180635
0.000578759
0.00133604
0.00229473
0.0033658
0.00445643
0.00552619
0.00659322
0.0076417
0.00870032
0.00979291
0.0109452
0.012157
0.0134184
0.0147613
0.0161774
0.0176708
0.0192136
0.0208245
0.0225051
0.0242706
0.0260865
0.0279711
0.0299291
0.0319615
0.034067
0.0362403
0.0385118
0.0408427
0.0432854
0.0457839
0.0483987
0.0510934
0.0538815
0.0567762
0.0597477
0.0628664
0.0660283
0.0693564
0.0727428
0.07629
0.0799104
0.0836463
0.0877881
0.000345866
0.00216616
0.00216073
0.0013801
0.000583642
0.000134523
0.000136767
0.000582563
0.00137174
0.00234133
0.00339897
0.00447902
0.00553606
0.00659143
0.0076411
0.00870341
0.00980268
0.0109596
0.0121768
0.0134451
0.0147852
0.0161957
0.0176873
0.0192275
0.0208361
0.0225148
0.0242778
0.026094
0.02798
0.0299374
0.0319693
0.0340759
0.0362485
0.038518
0.0408486
0.0432919
0.0457892
0.0484038
0.051099
0.0538868
0.0567818
0.0597536
0.0628729
0.0660351
0.0693626
0.0727498
0.0762964
0.0799176
0.083654
0.0877953
-3.38756e-05
0.00178193
0.00182791
0.00112384
0.000423985
7.04426e-05
0.000157438
0.000663331
0.00147531
0.002439
0.00346902
0.0045247
0.00556469
0.00660817
0.00766166
0.00873322
0.00984286
0.0110048
0.012223
0.0134948
0.0148313
0.0162334
0.0177218
0.019259
0.0208632
0.0225393
0.0243008
0.0261171
0.028004
0.0299597
0.0319888
0.0340964
0.0362689
0.0385357
0.0408648
0.0433075
0.0458037
0.0484174
0.0511129
0.0539002
0.0567953
0.0597662
0.0628857
0.0660474
0.0693744
0.0727618
0.0763077
0.0799289
0.0836664
0.0878098
-0.000637571
0.00104997
0.00113188
0.000570186
5.58172e-05
-0.000124616
9.56521e-05
0.000681518
0.00151602
0.00246865
0.003472
0.00450603
0.00553756
0.00657973
0.007643
0.00872797
0.0098491
0.0110194
0.0122417
0.0135189
0.0148555
0.0162511
0.017736
0.0192734
0.0208764
0.0225499
0.0243099
0.0261263
0.0280151
0.0299712
0.0319988
0.0341069
0.0362793
0.0385446
0.0408734
0.0433164
0.0458116
0.048425
0.0511209
0.053908
0.0568038
0.0597749
0.0628951
0.0660568
0.0693831
0.072771
0.0763163
0.079938
0.0836758
0.0878198
-0.000467396
0.000796829
0.00070933
0.000236023
-0.000103541
-0.000124826
0.000198752
0.000808651
0.00161269
0.00252039
0.00348482
0.00449389
0.00552113
0.00656991
0.00764807
0.00875142
0.00988496
0.0110602
0.012281
0.0135569
0.0148922
0.0162804
0.0177592
0.019296
0.0208973
0.0225683
0.024328
0.0261446
0.0280333
0.0299889
0.0320143
0.0341233
0.036296
0.0385592
0.0408865
0.0433292
0.0458241
0.0484368
0.0511323
0.053919
0.0568146
0.0597849
0.062905
0.0660669
0.0693924
0.0727807
0.0763254
0.0799475
0.0836857
0.0878291
-0.00283017
-0.00104445
-0.000453603
-0.000335436
-0.000237042
3.20051e-06
0.00040718
0.000977766
0.00170239
0.00254289
0.00346892
0.00446216
0.00549359
0.00655636
0.00765002
0.0087697
0.00991495
0.0110968
0.0123204
0.0135956
0.0149311
0.0163147
0.0177865
0.0193236
0.0209253
0.0225915
0.0243494
0.0261665
0.0280557
0.0300115
0.032035
0.0341428
0.036315
0.0385776
0.0409038
0.0433458
0.0458399
0.048452
0.0511474
0.0539337
0.0568302
0.0598001
0.0629209
0.0660819
0.0694067
0.0727949
0.0763387
0.0799606
0.0836992
0.0878462
-0.00451848
-0.0036205
-0.00238536
-0.001307
-0.000485795
0.000105449
0.000590286
0.00111568
0.00174933
0.0025093
0.00339149
0.0043726
0.00541578
0.00650324
0.00762144
0.0087642
0.00992435
0.0111111
0.0123345
0.0136068
0.014942
0.0163239
0.0177895
0.0193276
0.0209321
0.0225968
0.0243553
0.026174
0.0280627
0.0300185
0.0320418
0.0341501
0.0363228
0.0385845
0.0409097
0.0433512
0.0458457
0.0484575
0.0511526
0.0539389
0.0568356
0.0598051
0.0629256
0.0660875
0.0694116
0.0728004
0.0763441
0.0799668
0.0837064
0.0878509
-0.00567353
-0.00348948
-0.00208547
-0.00112529
-0.000411034
0.000174149
0.000708353
0.00125392
0.00186526
0.00258236
0.0034239
0.00437818
0.00541314
0.00651007
0.00764281
0.00880048
0.00997247
0.0111639
0.0123899
0.0136581
0.0149907
0.0163704
0.0178281
0.0193648
0.0209716
0.0226313
0.0243867
0.0262071
0.0280949
0.0300499
0.0320721
0.0341784
0.0363492
0.0386114
0.0409351
0.0433751
0.045869
0.0484803
0.051175
0.0539606
0.0568581
0.0598266
0.0629478
0.066108
0.0694312
0.0728196
0.0763618
0.0799838
0.0837233
0.0878727
-0.00655248
-0.00535519
-0.00369704
-0.0021466
-0.000908277
8.07887e-06
0.000692679
0.00127705
0.00187446
0.00256526
0.00338416
0.00432305
0.00535031
0.00645412
0.00760115
0.00877512
0.00996225
0.0111604
0.0123912
0.0136601
0.0149919
0.0163741
0.0178274
0.019363
0.0209741
0.0226333
0.0243881
0.0262103
0.028098
0.0300521
0.0320753
0.0341819
0.0363526
0.038615
0.0409385
0.0433777
0.0458723
0.0484835
0.0511778
0.0539635
0.0568611
0.0598296
0.0629504
0.0661116
0.0694342
0.0728231
0.0763655
0.0799886
0.083729
0.0878755
-0.00794535
-0.00513249
-0.00320599
-0.00183825
-0.000803515
2.43634e-05
0.000709237
0.00131428
0.00191951
0.00260643
0.00341874
0.00435112
0.00537211
0.00647218
0.00762051
0.00879651
0.00998885
0.0111912
0.0124257
0.0136971
0.0150283
0.0164122
0.0178652
0.0193987
0.0210118
0.02267
0.0244219
0.0262451
0.0281331
0.0300868
0.0321085
0.0342139
0.0363823
0.0386449
0.0409677
0.0434053
0.0458988
0.0485098
0.0512039
0.0539886
0.0568869
0.0598543
0.0629754
0.0661347
0.0694561
0.0728443
0.0763847
0.0800069
0.0837478
0.0879
)
;

boundaryField
{
    zeroGradientPlanes
    {
        type            zeroGradient;
    }
    inlet
    {
        type            zeroGradient;
    }
    plate
    {
        type            zeroGradient;
    }
    frontAndBack
    {
        type            empty;
    }
}


// ************************************************************************* //
