/*--------------------------------*- C++ -*----------------------------------*\
| =========                 |                                                 |
| \\      /  F ield         | OpenFOAM: The Open Source CFD Toolbox           |
|  \\    /   O peration     | Version:  v2012                                 |
|   \\  /    A nd           | Website:  www.openfoam.com                      |
|    \\/     M anipulation  |                                                 |
\*---------------------------------------------------------------------------*/
FoamFile
{
    version     2.0;
    format      ascii;
    class       volScalarField;
    location    "8";
    object      p;
}
// * * * * * * * * * * * * * * * * * * * * * * * * * * * * * * * * * * * * * //

dimensions      [0 2 -2 0 0 0 0];


internalField   nonuniform List<scalar> 
7000
(
-8.92833e-11
-0.0047413
-0.018616
-0.000297739
0.000786389
0.00360508
0.00829724
0.0112014
0.0118713
0.0159133
0.0170972
0.0191243
0.0208139
0.0230081
0.0241604
0.0278916
0.0308605
0.0347843
0.0383696
0.0446676
-1.83379e-05
-0.00473778
-0.0184718
-0.000348055
0.000827563
0.00360679
0.00829581
0.0112252
0.0118619
0.0159086
0.0170884
0.019122
0.0208115
0.0230101
0.0242341
0.0278761
0.03088
0.0347437
0.0383986
0.0444062
-3.22481e-05
-0.00473284
-0.0183309
-0.000426156
0.000867742
0.00361902
0.00829977
0.0112393
0.0118451
0.0158943
0.0170749
0.0191233
0.0208074
0.0230191
0.0242853
0.0278573
0.0308896
0.0346875
0.0384135
0.0439677
-4.69935e-05
-0.00472791
-0.0181921
-0.00049405
0.000913347
0.00364609
0.00830773
0.0112389
0.0118301
0.015869
0.0170608
0.0191291
0.0207999
0.0230308
0.0243278
0.0278367
0.0308918
0.0346259
0.0383913
0.0435154
-6.34368e-05
-0.00472233
-0.0180477
-0.000543905
0.000963374
0.00368616
0.00831788
0.0112265
0.011821
0.0158328
0.0170458
0.0191344
0.0207909
0.0230409
0.0243711
0.0278106
0.0308949
0.0345528
0.0383384
0.0430874
-8.16916e-05
-0.00471534
-0.0178935
-0.000577233
0.00101515
0.00373479
0.00832777
0.0112061
0.0118188
0.0157884
0.0170297
0.0191378
0.0207841
0.023048
0.0244171
0.0277789
0.0308997
0.0344666
0.0382627
0.0426835
-0.000101376
-0.00470623
-0.0177266
-0.000596347
0.00106575
0.00378762
0.00833535
0.011182
0.0118228
0.0157406
0.0170138
0.01914
0.0207817
0.0230519
0.0244662
0.0277417
0.0309042
0.0343695
0.0381655
0.0422948
-0.000121807
-0.00469443
-0.0175452
-0.000603905
0.00111267
0.00384151
0.00833988
0.0111574
0.011832
0.0156939
0.016999
0.0191416
0.0207845
0.0230526
0.0245184
0.0276992
0.0309069
0.034264
0.0380451
0.0419142
-0.000142191
-0.00467957
-0.0173484
-0.000603272
0.0011537
0.00389463
0.00834189
0.0111341
0.0118454
0.0156503
0.0169851
0.0191423
0.0207923
0.0230499
0.0245725
0.0276515
0.0309114
0.0341512
0.0379002
0.0415375
-0.000161829
-0.00466151
-0.0171359
-0.000597444
0.00118862
0.00394617
0.00834246
0.0111125
0.0118624
0.01561
0.0169722
0.0191412
0.0208042
0.0230428
0.0246271
0.0275989
0.0309035
0.0340322
0.0377303
0.0411618
-0.000180274
-0.0046404
-0.0169081
-0.000588284
0.00121802
0.00399591
0.00834262
0.0110924
0.0118825
0.0155723
0.0169603
0.0191371
0.0208185
0.0230302
0.0246805
0.0275416
0.0308867
0.0339076
0.0375358
0.0407845
-0.000197377
-0.0046165
-0.0166655
-0.000576797
0.00124268
0.00404386
0.00834312
0.0110732
0.0119056
0.0155367
0.0169501
0.019129
0.0208336
0.0230113
0.0247311
0.02748
0.0308588
0.0337776
0.0373177
0.040403
-0.00021323
-0.00459012
-0.0164091
-0.0005636
0.00126359
0.00409005
0.00834441
0.0110545
0.0119314
0.0155032
0.0169421
0.019116
0.0208483
0.0229856
0.0247771
0.0274154
0.0308178
0.0336422
0.0370776
0.0400153
-0.000228064
-0.00456146
-0.0161401
-0.00054911
0.00128195
0.00413445
0.0083468
0.011036
0.0119597
0.0154714
0.0169369
0.0190978
0.0208617
0.0229533
0.0248172
0.0273488
0.030762
0.0335006
0.0368166
0.0396201
-0.000242144
-0.00453068
-0.0158599
-0.000533608
0.00129902
0.00417697
0.00835056
0.0110176
0.0119901
0.015441
0.0169348
0.0190747
0.0208736
0.0229153
0.02485
0.0272813
0.0306902
0.0333521
0.0365227
0.0392165
-0.000255712
-0.00449786
-0.0155697
-0.000517247
0.00131602
0.00421746
0.00835593
0.0109992
0.0120222
0.0154112
0.0169356
0.0190469
0.0208839
0.022873
0.0248742
0.0272136
0.0306021
0.0331963
0.0362285
0.0388033
-0.000268958
-0.00446304
-0.0152708
-0.00050009
0.00133404
0.00425579
0.00836317
0.0109808
0.0120554
0.0153814
0.0169392
0.019015
0.0208927
0.0228283
0.0248882
0.0271461
0.0304978
0.033032
0.0359211
0.0383804
-0.000282012
-0.00442622
-0.0149641
-0.000482167
0.00135401
0.00429191
0.00837246
0.0109625
0.0120896
0.0153508
0.016945
0.0189798
0.0208993
0.0227828
0.0248912
0.0270789
0.0303776
0.0328579
0.0356009
0.0379479
-0.000294953
-0.00438743
-0.0146505
-0.000463501
0.00137671
0.00432575
0.0083839
0.0109444
0.0121243
0.0153189
0.0169526
0.0189422
0.0209031
0.0227376
0.0248826
0.0270116
0.0302422
0.0326725
0.0352693
0.0375064
-0.000307801
-0.00434666
-0.0143306
-0.000444136
0.00140287
0.00435728
0.00839756
0.0109263
0.0121594
0.0152854
0.0169611
0.0189033
0.0209033
0.0226939
0.024862
0.0269429
0.0300928
0.0324746
0.0349274
0.0370569
-0.000320526
-0.00430384
-0.014005
-0.000424137
0.0014331
0.00438649
0.00841342
0.0109084
0.0121945
0.0152504
0.0169694
0.0188639
0.0208992
0.0226522
0.0248296
0.0268711
0.0299299
0.0322632
0.0345768
0.0366004
-0.000333051
-0.0042589
-0.0136741
-0.000403566
0.0014679
0.00441335
0.0084314
0.0108908
0.0122292
0.0152139
0.0169764
0.0188252
0.0208901
0.0226124
0.0247856
0.0267945
0.0297543
0.0320371
0.0342183
0.0361386
-0.000345257
-0.00421173
-0.0133382
-0.000382442
0.00150766
0.00443785
0.00845136
0.0108737
0.0122628
0.0151764
0.0169812
0.0187877
0.0208754
0.022574
0.0247308
0.0267116
0.0295674
0.031796
0.0338523
0.0356728
-0.000356996
-0.00416219
-0.0129975
-0.000360721
0.0015526
0.00446002
0.0084731
0.0108576
0.0122948
0.0151385
0.0169828
0.018752
0.0208544
0.0225355
0.0246662
0.0266201
0.029369
0.0315407
0.0334802
0.035204
-0.000368098
-0.00411017
-0.0126518
-0.000338297
0.00160287
0.00447995
0.00849631
0.010843
0.0123245
0.0151011
0.0169803
0.0187184
0.020827
0.0224945
0.0245933
0.0265186
0.0291573
0.0312712
0.0331051
0.0347341
-0.000378384
-0.00405554
-0.0123009
-0.000315008
0.00165852
0.00449785
0.00852049
0.0108307
0.0123507
0.0150647
0.0169731
0.0186864
0.0207944
0.0224489
0.0245098
0.0264105
0.0289346
0.0309869
0.0327268
0.0342637
-0.000387668
-0.00399819
-0.0119449
-0.000290627
0.00171961
0.00451412
0.00854505
0.0108218
0.012372
0.0150299
0.0169611
0.0186554
0.0207562
0.0223998
0.0244153
0.0262917
0.0287007
0.0307093
0.0323505
0.0337928
-0.000395747
-0.003938
-0.0115835
-0.000264905
0.00178622
0.00452923
0.00856926
0.0108169
0.0123877
0.0149967
0.0169447
0.0186249
0.0207123
0.0223455
0.0243125
0.0261593
0.0284553
0.0304004
0.0319731
0.0333252
-0.000402403
-0.00387489
-0.0112168
-0.000237635
0.00185835
0.00454386
0.00859219
0.010817
0.0123982
0.0149651
0.0169245
0.0185925
0.0206667
0.0222811
0.0241987
0.026021
0.0282139
0.0300753
0.0315592
0.0328588
-0.000407442
-0.00380874
-0.0108449
-0.000208527
0.0019359
0.00455873
0.00861277
0.0108228
0.0124031
0.0149353
0.0169002
0.0185588
0.0206149
0.0222148
0.0240687
0.0258654
0.0279653
0.0297421
0.0311606
0.0323965
-0.000410584
-0.00373949
-0.010468
-0.000177303
0.00201871
0.00457486
0.00862986
0.0108347
0.0124021
0.0149067
0.0168738
0.0185214
0.020558
0.0221439
0.0239264
0.0256877
0.0277025
0.0294136
0.0307835
0.0319287
-0.000411642
-0.00366694
-0.0100863
-0.000143798
0.00210633
0.00459344
0.00864248
0.0108529
0.0123961
0.0148771
0.0168486
0.018476
0.0204991
0.0220644
0.0237766
0.0255029
0.0274368
0.0290765
0.0303416
0.0314587
-0.000410489
-0.00359107
-0.00970024
-0.000107536
0.00219851
0.00461485
0.00865051
0.0108768
0.0123868
0.0148445
0.0168259
0.0184248
0.0204307
0.0219837
0.0236129
0.0253017
0.0271515
0.0287045
0.0299612
0.0310282
-0.000406563
-0.00351203
-0.00931007
-6.83041e-05
0.00229479
0.00464008
0.00865345
0.0109057
0.0123767
0.014807
0.0168076
0.0183647
0.0203572
0.0218954
0.0234487
0.0250905
0.0268597
0.0283262
0.0294739
0.0305889
-0.000399873
-0.0034293
-0.00891658
-2.59739e-05
0.00239397
0.00467089
0.00865
0.0109406
0.012362
0.0147663
0.0167912
0.0183025
0.0202709
0.0218046
0.0232683
0.0248354
0.0265504
0.0279846
0.0290735
0.030138
-0.00039041
-0.00334287
-0.00852064
2.05953e-05
0.00249509
0.004708
0.00864081
0.0109796
0.0123457
0.0147198
0.0167751
0.0182425
0.020167
0.0217056
0.0230605
0.024565
0.0262333
0.0276495
0.0287788
0.0297108
-0.000377206
-0.00325306
-0.00812225
7.14529e-05
0.00259865
0.0047506
0.00862773
0.0110185
0.0123399
0.014659
0.0167647
0.0181766
0.0200458
0.0216012
0.0228752
0.0242891
0.0259185
0.0272736
0.0282522
0.0292767
-0.000360752
-0.00315903
-0.0077227
0.000126971
0.00270308
0.004801
0.00860888
0.0110605
0.0123323
0.0145914
0.0167507
0.0181177
0.0199085
0.0214678
0.0226801
0.0240106
0.0255784
0.026913
0.0278676
0.0288538
-0.000341164
-0.00306071
-0.00732332
0.00018898
0.00280686
0.00486013
0.00858533
0.0111032
0.0123256
0.0145186
0.0167283
0.0180679
0.0197581
0.021297
0.0224642
0.0237355
0.0252146
0.0265668
0.0276537
0.0284574
-0.000316785
-0.0029585
-0.00692386
0.000256915
0.00291227
0.00492353
0.00856118
0.0111385
0.0123429
0.0144252
0.0167011
0.0180155
0.0195921
0.021148
0.0222725
0.0234406
0.0248651
0.0261557
0.0270908
0.0280471
-0.00028858
-0.00285108
-0.0065261
0.000331721
0.00301726
0.00499566
0.00853366
0.0111722
0.0123592
0.0143316
0.0166632
0.0179685
0.019416
0.0209479
0.0220571
0.0231499
0.0245078
0.025766
0.0267031
0.0276575
-0.000256994
-0.00273844
-0.00613119
0.000415328
0.00312027
0.00507737
0.00850502
0.0112032
0.0123695
0.0142452
0.0166097
0.0179203
0.0192214
0.0207171
0.0218245
0.0228794
0.0241277
0.025399
0.0265304
0.0272941
-0.000219337
-0.00262117
-0.00573859
0.000506087
0.00322644
0.00515904
0.00848006
0.0112225
0.0124117
0.0141438
0.0165381
0.0178784
0.0190366
0.0204687
0.0216128
0.0226016
0.0237609
0.0249241
0.0259027
0.0269024
-0.000177957
-0.00249723
-0.00535076
0.000605359
0.00333228
0.00524918
0.00845448
0.0112387
0.012442
0.0140518
0.0164518
0.0178298
0.018851
0.0201954
0.0213635
0.0223116
0.0233945
0.0244992
0.0254753
0.0265222
-0.000132535
-0.00236694
-0.00496796
0.000714301
0.00343711
0.00534759
0.00843185
0.01125
0.0124572
0.013973
0.0163419
0.017777
0.0186731
0.0199091
0.0210727
0.0220073
0.0229951
0.0241289
0.0253099
0.0261678
-7.9812e-05
-0.00223091
-0.00458905
0.000829337
0.00354951
0.00543792
0.00841764
0.0112455
0.0126031
0.0138824
0.0162078
0.0177179
0.0185372
0.0196645
0.0207894
0.0216734
0.0225709
0.0235845
0.024627
0.0258013
-2.45513e-05
-0.00208684
-0.00421626
0.000951606
0.00366567
0.00553258
0.00840496
0.0112345
0.0126465
0.0137899
0.016056
0.0176516
0.0184201
0.0194141
0.0204704
0.0212998
0.0221309
0.0230288
0.0240932
0.0254981
3.69274e-05
-0.0019357
-0.00384956
0.00108207
0.00378309
0.00563385
0.0083932
0.0112179
0.0126774
0.0137082
0.0158877
0.0175745
0.0183034
0.0191546
0.0201145
0.0209208
0.0217048
0.0225453
0.0236647
0.0251855
0.000104679
-0.00177731
-0.00348784
0.00121686
0.00390678
0.00573827
0.00838137
0.0111908
0.0127096
0.0136363
0.0157065
0.0174731
0.0181851
0.018899
0.0197573
0.0205422
0.0213003
0.022132
0.0232556
0.0248209
0.000176367
-0.00161074
-0.00313192
0.00135567
0.00403697
0.00584636
0.00836898
0.0111542
0.0127381
0.0135775
0.0155116
0.0173417
0.0180711
0.0186572
0.0194029
0.0201519
0.0209113
0.0217445
0.0228503
0.0244435
0.000254828
-0.00143656
-0.0027806
0.00149737
0.00417049
0.00596008
0.00835995
0.0111061
0.0127604
0.0135306
0.0153063
0.017185
0.0179571
0.018429
0.0190536
0.0197539
0.0205236
0.0213652
0.0224615
0.0240856
0.00033875
-0.00125462
-0.00243287
0.0016388
0.00430793
0.00608157
0.00835308
0.0110455
0.012775
0.0134963
0.0150996
0.0170024
0.0178336
0.018213
0.0187172
0.0193521
0.0201244
0.0209891
0.0221068
0.0237539
0.000428965
-0.00106521
-0.00208871
0.00178039
0.0044478
0.00620863
0.00835003
0.0109768
0.0127787
0.013474
0.0148955
0.016791
0.0176948
0.0180091
0.0184
0.0189518
0.0197151
0.0206186
0.0217741
0.0234432
0.000525311
-0.000868248
-0.00174687
0.00192087
0.00458656
0.006343
0.00835491
0.0108997
0.0127657
0.0134608
0.0147008
0.016554
0.0175398
0.0178154
0.0181015
0.0185601
0.0192981
0.0202392
0.0214537
0.0231495
0.00062838
-0.000664124
-0.00140765
0.00206022
0.00472388
0.00648423
0.00836741
0.0108145
0.0127365
0.0134579
0.0145202
0.0162938
0.0173614
0.0176241
0.0178221
0.018185
0.0188803
0.0198524
0.0211283
0.0228678
0.000738315
-0.000453338
-0.0010702
0.0021991
0.00485655
0.00663043
0.0083903
0.0107256
0.0126898
0.0134581
0.0143563
0.016016
0.0171585
0.0174359
0.0175612
0.0178293
0.0184681
0.0194527
0.0207902
0.022587
0.00085694
-0.000235587
-0.000735335
0.00234025
0.00498368
0.00677603
0.0084244
0.010636
0.0126249
0.0134549
0.0142137
0.0157308
0.016931
0.0172431
0.0173107
0.0174937
0.0180647
0.0190467
0.0204342
0.0223019
0.000979142
-1.10495e-05
-0.000402208
0.00248436
0.00510115
0.00691974
0.00847419
0.0105482
0.0125428
0.0134441
0.014094
0.0154441
0.0166725
0.0170371
0.0170716
0.0171821
0.0176778
0.0186429
0.0200657
0.0220073
0.00111011
0.000218765
-6.90136e-05
0.00262892
0.00520555
0.00706224
0.00854075
0.0104666
0.0124476
0.0134235
0.0139944
0.0151602
0.0163853
0.0168208
0.0168436
0.0168943
0.0173098
0.0182399
0.0196833
0.0216988
0.0012509
0.000453459
0.000263864
0.00277712
0.00531141
0.00719514
0.00858998
0.0103937
0.0123469
0.013392
0.0139116
0.0148915
0.0160791
0.0165904
0.0166183
0.0166222
0.0169574
0.0178392
0.0192972
0.0213893
0.0013962
0.00069363
0.000596607
0.00293334
0.00540234
0.00730456
0.00865705
0.0103337
0.0122389
0.0133448
0.0138412
0.0146465
0.0157592
0.0163376
0.0163876
0.016361
0.0166262
0.0174561
0.0189225
0.021081
0.0015498
0.000938108
0.00092826
0.00309432
0.00547849
0.00741362
0.00873865
0.0102843
0.0121228
0.0132773
0.0137749
0.0144265
0.015431
0.016059
0.0161505
0.0161139
0.0163233
0.0170994
0.0185568
0.0207619
0.00171148
0.00118544
0.00125725
0.00325989
0.00555179
0.0075131
0.00882361
0.0102463
0.0120024
0.0131893
0.0137047
0.0142313
0.0151049
0.0157598
0.0159077
0.0158775
0.0160426
0.0167604
0.018195
0.020441
0.0018806
0.001435
0.001582
0.00343302
0.00562371
0.00760139
0.00891038
0.0102061
0.0118788
0.0130826
0.013626
0.0140588
0.0147934
0.0154472
0.0156523
0.01564
0.015774
0.0164394
0.0178521
0.0201337
0.00205731
0.00168628
0.00190184
0.00361421
0.00569586
0.00767769
0.00899785
0.0101894
0.0117568
0.0129619
0.0135351
0.0139038
0.0145025
0.0151235
0.0153764
0.0153971
0.0155223
0.016149
0.0175373
0.0198371
0.00224134
0.00193866
0.00221621
0.00380373
0.00576986
0.00774153
0.00907984
0.0101835
0.011639
0.0128297
0.0134287
0.013758
0.0142327
0.0147966
0.015086
0.0151539
0.0152885
0.0158845
0.0172439
0.019549
0.00243248
0.00219206
0.00252457
0.00400049
0.0058481
0.00779374
0.00915365
0.010186
0.0115275
0.0126893
0.0133077
0.0136156
0.0139852
0.0144789
0.0147884
0.0149042
0.015059
0.0156359
0.0169712
0.0192732
0.00263059
0.00244626
0.00282619
0.00420352
0.00593217
0.00783095
0.00921671
0.0101949
0.0114243
0.0125445
0.0131737
0.0134723
0.0137574
0.0141747
0.0144849
0.0146419
0.014829
0.0154036
0.0167202
0.0190124
0.00283537
0.00270106
0.0031207
0.00441154
0.00602317
0.00786578
0.00926778
0.010208
0.0113301
0.0123981
0.0130285
0.0133249
0.0135438
0.0138846
0.0141815
0.0143717
0.0145998
0.0151838
0.016487
0.0187657
0.00304645
0.00295631
0.00340779
0.00462287
0.00612202
0.00789533
0.00930594
0.0102222
0.0112446
0.0122522
0.0128744
0.0131715
0.013341
0.01361
0.0138845
0.0140975
0.0143666
0.0149687
0.0162663
0.0185312
0.00326344
0.0032119
0.00368722
0.00483594
0.00622901
0.00792175
0.00933113
0.010234
0.0111667
0.0121091
0.0127143
0.0130119
0.0131467
0.0133504
0.0135958
0.0138205
0.014127
0.0147551
0.0160549
0.0183086
0.00348579
0.00346774
0.00395906
0.00504902
0.00634381
0.00794762
0.00934415
0.0102405
0.0110948
0.0119707
0.0125511
0.0128458
0.012958
0.0131032
0.0133159
0.0135447
0.0138833
0.0145411
0.0158495
0.0180947
0.00371296
0.00372364
0.00422339
0.00526068
0.00646565
0.00797496
0.00934607
0.0102396
0.0110276
0.0118375
0.0123874
0.0126735
0.0127724
0.012868
0.0130467
0.0132734
0.0136355
0.0143226
0.0156444
0.0178857
0.00394428
0.00397947
0.00448045
0.00546938
0.00659348
0.00800551
0.00933855
0.0102302
0.0109632
0.0117089
0.0122255
0.0124966
0.012588
0.0126445
0.0127882
0.0130062
0.0133834
0.0140985
0.0154377
0.0176806
0.00417908
0.0042349
0.00473064
0.00567403
0.00672564
0.00804029
0.00932417
0.0102119
0.0108996
0.0115838
0.012067
0.012318
0.0124029
0.0124301
0.0125385
0.0127437
0.0131305
0.0138701
0.0152282
0.0174768
0.00441662
0.0044896
0.00497427
0.00587372
0.00686062
0.00807984
0.00930552
0.0101845
0.0108353
0.0114612
0.0119116
0.0121405
0.0122167
0.0122221
0.0122974
0.0124882
0.0128789
0.013637
0.0150134
0.0172718
0.0046561
0.00474317
0.00521189
0.00606769
0.0069966
0.00812436
0.00928498
0.0101487
0.0107688
0.0113408
0.011758
0.0119652
0.0120295
0.0120191
0.0120654
0.0122396
0.0126285
0.0133998
0.0147942
0.0170653
0.00489676
0.00499511
0.00544374
0.00625561
0.0071321
0.00817326
0.00926427
0.0101057
0.010699
0.0112222
0.0116056
0.0117918
0.0118421
0.0118197
0.0118411
0.0119966
0.0123806
0.0131612
0.0145717
0.016857
0.00513763
0.00524484
0.00567033
0.00643714
0.00726558
0.00822618
0.00924442
0.0100568
0.0106248
0.0111053
0.0114541
0.0116194
0.0116555
0.011623
0.0116235
0.0117598
0.0121361
0.0129213
0.014345
0.0166458
0.00537791
0.00549165
0.00589182
0.00661244
0.00739563
0.008282
0.00922663
0.0100039
0.0105454
0.0109889
0.0113044
0.0114477
0.0114692
0.0114274
0.0114121
0.0115299
0.011896
0.0126812
0.014115
0.016431
0.00561682
0.00573493
0.00610819
0.00678146
0.00752145
0.00833963
0.00921103
0.00994932
0.0104616
0.0108711
0.011157
0.0112773
0.0112827
0.0112311
0.0112039
0.0113053
0.0116602
0.0124431
0.0138841
0.0162136
0.0058535
0.00597379
0.00631953
0.00694464
0.00764191
0.00840085
0.00919778
0.00989434
0.0103746
0.0107497
0.0110113
0.0111088
0.011097
0.0110336
0.0109962
0.0110841
0.0114284
0.0122073
0.0136524
0.0159933
0.00608713
0.00620751
0.00652541
0.00710225
0.00775675
0.00845972
0.00918616
0.00983943
0.0102867
0.0106231
0.0108645
0.0109424
0.0109121
0.0108355
0.0107888
0.0108661
0.0112001
0.0119734
0.0134196
0.0157693
0.00631675
0.00643533
0.00672551
0.00725454
0.00786569
0.00851752
0.00917594
0.00978385
0.0102004
0.0104932
0.0107135
0.010777
0.0107279
0.010636
0.010579
0.0106479
0.0109728
0.0117402
0.013186
0.0155423
0.00654124
0.0066565
0.00691939
0.00740202
0.00796877
0.00857298
0.00916677
0.00972549
0.0101163
0.0103646
0.0105576
0.0106112
0.0105459
0.0104368
0.0103653
0.0104254
0.0107426
0.011505
0.0129493
0.0153099
0.0067597
0.00687061
0.00710652
0.0075438
0.00806751
0.00862719
0.00915975
0.00966329
0.0100312
0.0102401
0.0103984
0.0104435
0.010366
0.0102405
0.0101508
0.0101991
0.0105083
0.0112658
0.0127077
0.0150697
0.00697059
0.00707657
0.0072874
0.00768121
0.00815763
0.0086757
0.00915391
0.00959773
0.00993999
0.0101186
0.0102379
0.0102713
0.0101849
0.0100457
0.00993745
0.00997105
0.0102706
0.0110227
0.0124622
0.0148243
0.00717349
0.00727301
0.00745847
0.00781539
0.00825183
0.00872264
0.0091494
0.00953084
0.00984097
0.00999862
0.010078
0.0100934
0.00999916
0.00984845
0.00972274
0.00973893
0.0100261
0.0107708
0.0122081
0.0145721
0.00736712
0.00746155
0.00762126
0.00793661
0.00834036
0.00876709
0.0091443
0.00946453
0.00973526
0.00987952
0.00992397
0.00991607
0.00981275
0.00965159
0.00950987
0.00950648
0.00977732
0.010509
0.0119377
0.0142948
0.00754556
0.0076422
0.00778534
0.00806943
0.00838022
0.00877175
0.00912492
0.00939232
0.00962039
0.00975625
0.00977802
0.00974304
0.00962595
0.00945306
0.00929644
0.00927241
0.0095244
0.010241
0.0116568
0.0140028
0.00771538
0.00778436
0.00791205
0.00818755
0.00853249
0.00889972
0.00912337
0.00932857
0.00950976
0.00963445
0.00964133
0.00957785
0.0094395
0.00924984
0.00907617
0.00903085
0.00926253
0.0099617
0.0113665
0.0137073
0.00787486
0.00799267
0.00808983
0.00828632
0.00852253
0.00877165
0.00903439
0.00922072
0.00938299
0.00950677
0.00951
0.00942303
0.00925838
0.00904509
0.00884614
0.00877105
0.00897373
0.00965183
0.0110445
0.0133803
0.00794554
0.00803357
0.00823472
0.00852142
0.0088136
0.00892477
0.00897886
0.00909022
0.00924573
0.00937305
0.0093793
0.00927239
0.00907953
0.00883325
0.00859859
0.00848183
0.00864087
0.00927883
0.0106361
0.0129412
0.00817952
0.008286
0.00833351
0.00842909
0.00852426
0.00873673
0.00892888
0.00910492
0.00923884
0.00933213
0.00932913
0.00922056
0.00902386
0.00877164
0.0085217
0.00836212
0.00844191
0.00896928
0.0102013
0.0123768
0.0082461
0.00836529
0.00838602
0.00860938
0.00881723
0.00883315
0.00885153
0.00897328
0.00906352
0.00912334
0.00907852
0.0089518
0.0087485
0.00854117
0.00838682
0.00837417
0.00859251
0.00921333
0.0104913
0.0126503
0.00848784
0.00846936
0.00845612
0.00851577
0.00863275
0.00882009
0.00897913
0.00917083
0.00927402
0.00931051
0.00923957
0.00904741
0.00872639
0.00829147
0.00778603
0.00732914
0.0070984
0.0072981
0.00843638
0.0103251
0.00879826
0.00844191
0.00836744
0.00840941
0.00854281
0.00858386
0.00865087
0.0088205
0.00893132
0.00888634
0.00879173
0.00871022
0.00880385
0.00918453
0.009915
0.0109212
0.0120303
0.0129729
0.0131492
0.0126406
0.00883636
0.00855124
0.00844671
0.00856252
0.00878615
0.00899704
0.00922536
0.00937479
0.00941077
0.00929439
0.00899508
0.00851395
0.00788602
0.00715923
0.00640751
0.0057284
0.00527373
0.00526338
0.00596366
0.00766333
0.00905978
0.00855011
0.0083984
0.00848585
0.00872164
0.00880835
0.00880142
0.00868064
0.00857381
0.00864063
0.0086822
0.00853694
0.00836841
0.00837356
0.00869317
0.00932015
0.0101323
0.0108439
0.0110785
0.0104798
0.00906295
0.00854785
0.00843318
0.00862053
0.00897108
0.00931594
0.00963117
0.0097931
0.00975727
0.0094408
0.00878877
0.00773986
0.00638989
0.00493296
0.00359002
0.00253205
0.00192274
0.00194555
0.002825
0.00475916
0.054266
0.0303103
0.0210892
0.0203616
0.0207221
0.0206843
0.0206492
0.0209543
0.0215592
0.0222494
0.0228172
0.0232709
0.0238902
0.0247041
0.0254731
0.0261975
0.0270429
0.0279568
0.0286857
0.0292912
0.0302034
0.0313306
0.0324395
0.0335656
0.0347282
0.0359042
0.037116
0.0383828
0.0396768
0.0410619
0.0425113
0.0440285
0.0455575
0.0471582
0.0488063
0.0505447
0.0523571
0.0542065
0.0561435
0.0580816
0.0601335
0.0622021
0.0643842
0.066613
0.0688616
0.0712767
0.0736069
0.0761619
0.0785319
0.0806828
0.0533523
0.0303574
0.0211334
0.0203807
0.0207322
0.0206904
0.0206532
0.0209573
0.0215616
0.0222515
0.022819
0.0232725
0.0238915
0.0247053
0.0254743
0.0261986
0.0270438
0.0279576
0.0286865
0.0292919
0.030204
0.0313312
0.03244
0.033566
0.0347286
0.0359045
0.0371163
0.0383831
0.0396771
0.0410621
0.0425115
0.0440287
0.0455577
0.0471584
0.0488064
0.0505449
0.0523573
0.0542067
0.0561436
0.0580817
0.0601336
0.0622022
0.0643843
0.0666131
0.0688617
0.0712768
0.073607
0.076162
0.0785319
0.0806829
0.052581
0.0304557
0.0212018
0.0204034
0.0207439
0.0206973
0.0206574
0.0209602
0.0215639
0.0222534
0.0228208
0.0232739
0.0238927
0.0247064
0.0254753
0.0261995
0.0270446
0.0279584
0.0286872
0.0292925
0.0302045
0.0313316
0.0324405
0.0335664
0.034729
0.0359049
0.0371166
0.0383833
0.0396773
0.0410623
0.0425117
0.0440289
0.0455579
0.0471585
0.0488066
0.050545
0.0523574
0.0542068
0.0561437
0.0580818
0.0601337
0.0622023
0.0643844
0.0666131
0.0688618
0.0712769
0.0736071
0.0761621
0.078532
0.080683
0.0518904
0.0305803
0.021298
0.0204354
0.0207602
0.0207072
0.0206633
0.0209639
0.0215665
0.0222555
0.0228225
0.0232754
0.023894
0.0247075
0.0254763
0.0262004
0.0270455
0.0279592
0.028688
0.029293
0.030205
0.0313321
0.0324409
0.0335668
0.0347294
0.0359052
0.0371169
0.0383836
0.0396776
0.0410625
0.0425119
0.0440291
0.045558
0.0471587
0.0488067
0.0505452
0.0523575
0.0542069
0.0561438
0.0580819
0.0601338
0.0622024
0.0643845
0.0666132
0.0688619
0.0712769
0.0736071
0.0761621
0.0785321
0.0806831
0.0512026
0.030711
0.0214154
0.0204769
0.0207829
0.020722
0.0206724
0.0209695
0.02157
0.022258
0.0228246
0.0232772
0.0238954
0.0247087
0.0254774
0.0262014
0.0270464
0.0279601
0.0286888
0.0292936
0.0302055
0.0313327
0.0324414
0.0335673
0.0347298
0.0359056
0.0371172
0.0383839
0.0396778
0.0410628
0.0425121
0.0440293
0.0455582
0.0471589
0.0488069
0.0505453
0.0523577
0.054207
0.056144
0.058082
0.0601339
0.0622025
0.0643846
0.0666133
0.068862
0.071277
0.0736072
0.0761622
0.0785321
0.0806834
0.0505009
0.0308417
0.0215441
0.0205241
0.0208105
0.0207414
0.0206851
0.0209775
0.0215749
0.022261
0.0228271
0.0232795
0.0238973
0.02471
0.0254784
0.0262024
0.0270474
0.0279611
0.0286897
0.0292943
0.030206
0.0313333
0.0324419
0.0335677
0.0347302
0.035906
0.0371176
0.0383842
0.0396781
0.041063
0.0425123
0.0440295
0.0455584
0.047159
0.0488071
0.0505455
0.0523578
0.0542072
0.0561441
0.0580822
0.060134
0.0622026
0.0643847
0.0666134
0.0688621
0.0712771
0.0736073
0.0761623
0.0785322
0.0806836
0.0497871
0.0309701
0.0216788
0.0205733
0.0208407
0.0207644
0.0207011
0.0209881
0.0215812
0.0222647
0.02283
0.0232824
0.0238996
0.0247115
0.0254795
0.0262033
0.0270484
0.0279622
0.0286908
0.0292952
0.0302067
0.0313339
0.0324425
0.0335682
0.0347307
0.0359064
0.037118
0.0383846
0.0396784
0.0410633
0.0425126
0.0440297
0.0455586
0.0471592
0.0488072
0.0505456
0.052358
0.0542073
0.0561442
0.0580823
0.0601342
0.0622027
0.0643848
0.0666135
0.0688622
0.0712772
0.0736074
0.0761624
0.0785323
0.080684
0.0490649
0.0310943
0.0218175
0.0206232
0.0208719
0.0207894
0.0207194
0.0210007
0.0215888
0.0222689
0.0228334
0.023286
0.0239027
0.0247134
0.0254806
0.0262043
0.0270495
0.0279633
0.028692
0.0292962
0.0302076
0.0313347
0.0324432
0.0335688
0.0347313
0.035907
0.0371185
0.038385
0.0396788
0.0410636
0.0425129
0.04403
0.0455588
0.0471594
0.0488074
0.0505458
0.0523582
0.0542075
0.0561444
0.0580824
0.0601343
0.0622028
0.0643849
0.0666136
0.0688623
0.0712773
0.0736075
0.0761625
0.0785325
0.0806844
0.0483366
0.031213
0.0219603
0.0206736
0.0209035
0.0208155
0.020739
0.0210148
0.0215976
0.0222737
0.022837
0.0232901
0.0239064
0.0247157
0.0254818
0.0262053
0.0270505
0.0279643
0.0286933
0.0292975
0.0302088
0.0313357
0.0324439
0.0335694
0.0347319
0.0359076
0.037119
0.0383856
0.0396793
0.041064
0.0425132
0.0440303
0.0455591
0.0471596
0.0488076
0.050546
0.0523583
0.0542077
0.0561446
0.0580826
0.0601344
0.0622029
0.064385
0.0666138
0.0688624
0.0712774
0.0736076
0.0761627
0.0785327
0.0806848
0.0476041
0.0313254
0.0221077
0.0207248
0.0209351
0.0208424
0.0207596
0.0210298
0.0216073
0.022279
0.0228409
0.0232946
0.0239108
0.0247185
0.0254832
0.0262064
0.0270514
0.0279652
0.0286945
0.029299
0.0302103
0.0313369
0.0324447
0.03357
0.0347326
0.0359083
0.0371197
0.0383862
0.0396798
0.0410645
0.0425137
0.0440306
0.0455594
0.0471599
0.0488078
0.0505462
0.0523585
0.0542078
0.0561447
0.0580827
0.0601346
0.0622031
0.0643851
0.0666139
0.0688625
0.0712776
0.0736078
0.0761628
0.0785329
0.0806854
0.0468692
0.0314309
0.0222602
0.0207769
0.0209666
0.0208698
0.0207808
0.0210454
0.0216176
0.0222846
0.0228449
0.0232994
0.0239156
0.0247217
0.0254849
0.0262075
0.0270523
0.0279658
0.0286955
0.0293005
0.0302121
0.0313385
0.0324457
0.0335707
0.0347332
0.035909
0.0371204
0.0383869
0.0396805
0.0410651
0.0425141
0.0440311
0.0455597
0.0471601
0.048808
0.0505464
0.0523587
0.054208
0.0561449
0.0580829
0.0601347
0.0622032
0.0643853
0.066614
0.0688626
0.0712777
0.0736079
0.0761631
0.0785333
0.0806861
0.0461338
0.0315286
0.022418
0.0208301
0.0209978
0.0208977
0.0208025
0.0210615
0.0216283
0.0222906
0.0228491
0.0233043
0.0239206
0.0247253
0.0254868
0.0262088
0.0270531
0.0279662
0.0286963
0.029302
0.0302141
0.0313405
0.032447
0.0335715
0.0347339
0.0359097
0.0371212
0.0383877
0.0396813
0.0410657
0.0425147
0.0440315
0.0455601
0.0471605
0.0488083
0.0505466
0.0523589
0.0542082
0.0561451
0.0580831
0.0601349
0.0622034
0.0643854
0.0666142
0.0688627
0.0712779
0.0736081
0.0761633
0.0785337
0.0806868
0.0453998
0.0316179
0.0225809
0.0208847
0.0210285
0.0209257
0.0208248
0.0210779
0.0216393
0.0222968
0.0228534
0.0233093
0.0239259
0.0247291
0.0254889
0.0262101
0.0270539
0.0279664
0.0286968
0.0293033
0.0302163
0.0313428
0.0324486
0.0335724
0.0347346
0.0359104
0.037122
0.0383886
0.0396821
0.0410666
0.0425154
0.0440321
0.0455606
0.0471609
0.0488086
0.0505468
0.0523591
0.0542084
0.0561453
0.0580833
0.0601351
0.0622036
0.0643856
0.0666144
0.0688629
0.071278
0.0736083
0.0761636
0.0785342
0.0806877
0.0446689
0.0316977
0.022749
0.0209409
0.0210586
0.0209539
0.0208474
0.0210945
0.0216504
0.0223033
0.0228579
0.0233144
0.0239313
0.0247331
0.0254912
0.0262115
0.0270548
0.0279664
0.0286969
0.0293043
0.0302185
0.0313454
0.0324505
0.0335734
0.0347353
0.0359111
0.0371228
0.0383895
0.0396831
0.0410675
0.0425161
0.0440327
0.0455612
0.0471614
0.048809
0.0505471
0.0523593
0.0542086
0.0561455
0.0580835
0.0601353
0.0622038
0.0643858
0.0666146
0.0688631
0.0712783
0.0736085
0.076164
0.0785348
0.0806887
0.0439423
0.0317671
0.0229221
0.020999
0.021088
0.0209822
0.0208706
0.0211114
0.0216617
0.0223099
0.0228625
0.0233197
0.0239369
0.0247373
0.0254935
0.0262128
0.0270555
0.0279662
0.0286967
0.029305
0.0302204
0.0313482
0.0324527
0.0335746
0.0347359
0.0359117
0.0371236
0.0383905
0.0396842
0.0410685
0.042517
0.0440334
0.0455618
0.047162
0.0488095
0.0505474
0.0523595
0.0542087
0.0561457
0.0580837
0.0601355
0.062204
0.064386
0.0666148
0.0688633
0.0712785
0.0736088
0.0761644
0.0785356
0.0806899
0.0432214
0.0318254
0.0231001
0.0210596
0.0211166
0.0210104
0.0208943
0.0211285
0.0216731
0.0223166
0.0228673
0.0233251
0.0239426
0.0247416
0.025496
0.0262142
0.0270562
0.0279659
0.0286961
0.0293053
0.0302222
0.0313509
0.0324551
0.0335759
0.0347366
0.0359122
0.0371243
0.0383914
0.0396853
0.0410697
0.042518
0.0440341
0.0455625
0.0471627
0.0488101
0.0505478
0.0523598
0.0542089
0.0561458
0.0580839
0.0601357
0.0622042
0.0643862
0.066615
0.0688636
0.0712788
0.0736091
0.0761649
0.0785364
0.0806912
0.0425071
0.0318716
0.0232828
0.0211233
0.0211445
0.0210384
0.0209185
0.0211459
0.0216845
0.0223236
0.0228723
0.0233307
0.0239485
0.024746
0.0254986
0.0262156
0.0270569
0.0279653
0.0286951
0.0293055
0.0302238
0.0313536
0.0324575
0.0335773
0.0347373
0.0359128
0.037125
0.0383922
0.0396863
0.0410709
0.042519
0.0440349
0.0455631
0.0471634
0.0488107
0.0505483
0.0523601
0.0542092
0.056146
0.058084
0.0601359
0.0622044
0.0643865
0.0666153
0.0688639
0.0712791
0.0736095
0.0761655
0.0785375
0.0806926
0.0418005
0.031905
0.0234697
0.0211906
0.0211717
0.0210662
0.0209432
0.0211638
0.0216962
0.0223307
0.0228775
0.0233364
0.0239546
0.0247505
0.0255013
0.0262171
0.0270574
0.0279646
0.0286939
0.0293055
0.0302252
0.031356
0.0324599
0.0335787
0.0347379
0.0359133
0.0371257
0.0383931
0.0396874
0.0410721
0.0425202
0.0440357
0.0455638
0.0471642
0.0488115
0.0505488
0.0523604
0.0542094
0.0561462
0.0580842
0.0601361
0.0622046
0.0643867
0.0666156
0.0688642
0.0712795
0.0736099
0.0761661
0.0785387
0.0806942
0.0411024
0.0319246
0.0236603
0.021262
0.0211982
0.0210934
0.0209683
0.0211821
0.0217081
0.022338
0.0228828
0.0233423
0.0239609
0.0247551
0.0255041
0.0262186
0.027058
0.0279637
0.0286923
0.0293056
0.0302266
0.0313583
0.0324622
0.0335802
0.0347386
0.0359138
0.0371264
0.0383941
0.0396886
0.0410734
0.0425214
0.0440365
0.0455645
0.047165
0.0488124
0.0505494
0.0523608
0.0542096
0.0561464
0.0580844
0.0601364
0.0622048
0.0643869
0.0666159
0.0688646
0.07128
0.0736104
0.0761669
0.07854
0.0806959
0.0404136
0.0319299
0.023854
0.0213383
0.0212243
0.02112
0.0209937
0.0212008
0.0217203
0.0223456
0.0228884
0.0233484
0.0239674
0.0247599
0.0255069
0.0262201
0.0270585
0.0279626
0.0286906
0.029306
0.0302283
0.0313605
0.0324644
0.0335817
0.0347392
0.0359144
0.0371272
0.038395
0.0396897
0.0410747
0.0425226
0.0440374
0.0455652
0.0471659
0.0488133
0.0505501
0.0523612
0.0542098
0.0561466
0.0580846
0.0601366
0.062205
0.0643871
0.0666161
0.068865
0.0712805
0.073611
0.0761677
0.0785416
0.0806977
0.0397349
0.0319199
0.02405
0.0214199
0.0212499
0.0211456
0.0210193
0.02122
0.0217329
0.0223535
0.0228941
0.0233547
0.0239741
0.0247649
0.0255098
0.0262219
0.027059
0.0279615
0.0286889
0.0293071
0.0302303
0.0313627
0.0324663
0.0335833
0.0347399
0.035915
0.037128
0.0383961
0.039691
0.041076
0.0425238
0.0440383
0.0455659
0.0471667
0.0488142
0.0505509
0.0523616
0.0542101
0.0561468
0.0580847
0.0601368
0.0622052
0.0643873
0.0666164
0.0688654
0.0712811
0.0736116
0.0761686
0.0785433
0.0806997
0.039067
0.0318943
0.0242473
0.0215074
0.0212753
0.0211701
0.0210449
0.0212397
0.021746
0.0223618
0.0229
0.0233611
0.0239811
0.0247701
0.0255129
0.0262238
0.0270596
0.0279602
0.0286874
0.0293089
0.030233
0.0313649
0.0324682
0.0335848
0.0347406
0.0359157
0.037129
0.0383973
0.0396923
0.0410774
0.042525
0.0440392
0.0455666
0.0471675
0.0488152
0.0505516
0.0523621
0.0542104
0.056147
0.0580849
0.0601371
0.0622055
0.0643876
0.0666166
0.0688658
0.0712817
0.0736123
0.0761696
0.0785451
0.0807019
0.0384108
0.0318525
0.024445
0.0216013
0.0213008
0.0211932
0.0210702
0.0212597
0.0217596
0.0223704
0.0229062
0.0233678
0.0239882
0.0247757
0.0255161
0.0262259
0.0270603
0.0279589
0.0286863
0.0293119
0.0302365
0.0313672
0.0324698
0.0335863
0.0347414
0.0359164
0.03713
0.0383985
0.0396938
0.0410789
0.0425261
0.0440402
0.0455674
0.0471684
0.0488161
0.0505524
0.0523626
0.0542107
0.0561472
0.058085
0.0601373
0.0622057
0.0643878
0.0666169
0.0688663
0.0712824
0.0736131
0.0761707
0.0785472
0.0807041
0.0377666
0.0317942
0.0246419
0.021702
0.0213267
0.0212146
0.0210951
0.0212801
0.0217736
0.0223793
0.0229125
0.0233746
0.0239956
0.0247815
0.0255194
0.0262283
0.0270611
0.0279576
0.0286855
0.0293161
0.030241
0.0313697
0.0324714
0.0335879
0.0347421
0.0359173
0.0371311
0.0383998
0.0396953
0.0410804
0.0425273
0.0440411
0.0455682
0.0471694
0.0488171
0.0505533
0.0523631
0.054211
0.0561474
0.0580852
0.0601376
0.062206
0.0643881
0.0666171
0.0688667
0.0712831
0.0736139
0.0761719
0.0785493
0.0807065
0.0371349
0.0317192
0.0248368
0.0218099
0.0213533
0.0212343
0.0211193
0.0213009
0.0217881
0.0223886
0.0229191
0.0233817
0.0240033
0.0247876
0.025523
0.0262309
0.027062
0.0279562
0.0286853
0.0293213
0.0302464
0.0313724
0.0324729
0.0335894
0.034743
0.0359182
0.0371323
0.0384012
0.039697
0.0410821
0.0425284
0.044042
0.045569
0.0471704
0.0488181
0.0505541
0.0523636
0.0542113
0.0561476
0.0580853
0.0601379
0.0622063
0.0643883
0.0666173
0.0688672
0.0712838
0.0736148
0.0761731
0.0785516
0.080709
0.0365167
0.0316278
0.0250284
0.0219252
0.0213814
0.0212521
0.0211426
0.0213219
0.0218032
0.0223983
0.0229259
0.023389
0.0240113
0.024794
0.0255267
0.0262337
0.027063
0.0279549
0.0286854
0.0293275
0.0302525
0.0313752
0.0324743
0.0335909
0.0347439
0.0359193
0.0371335
0.0384027
0.0396988
0.0410839
0.0425295
0.0440428
0.0455698
0.0471714
0.0488191
0.050555
0.0523642
0.0542116
0.0561478
0.0580855
0.0601382
0.0622066
0.0643886
0.0666176
0.0688677
0.0712845
0.0736157
0.0761743
0.078554
0.0807115
0.0359116
0.0315197
0.025215
0.0220477
0.0214114
0.0212679
0.0211646
0.021343
0.0218188
0.0224084
0.0229329
0.0233964
0.0240196
0.0248006
0.0255307
0.0262366
0.0270641
0.0279536
0.028686
0.0293343
0.0302591
0.0313781
0.0324758
0.0335925
0.0347449
0.0359203
0.0371349
0.0384042
0.0397007
0.0410858
0.0425308
0.0440437
0.0455707
0.0471726
0.0488202
0.0505559
0.0523648
0.054212
0.0561481
0.0580857
0.0601385
0.0622068
0.0643889
0.0666178
0.0688682
0.0712852
0.0736166
0.0761757
0.0785566
0.0807142
0.0353218
0.0313956
0.025395
0.0221769
0.021444
0.0212819
0.021185
0.0213641
0.021835
0.0224189
0.0229402
0.0234041
0.0240281
0.0248075
0.0255348
0.0262397
0.0270653
0.0279524
0.028687
0.0293416
0.0302661
0.031381
0.0324773
0.033594
0.034746
0.0359214
0.0371362
0.0384058
0.0397027
0.0410877
0.042532
0.0440447
0.0455717
0.0471738
0.0488213
0.0505569
0.0523654
0.0542124
0.0561483
0.0580859
0.0601388
0.0622071
0.0643891
0.0666181
0.0688687
0.071286
0.0736176
0.076177
0.0785593
0.080717
0.0347496
0.0312581
0.0255684
0.0223133
0.0214804
0.0212943
0.0212037
0.0213849
0.0218516
0.0224299
0.0229478
0.023412
0.0240368
0.0248145
0.0255392
0.0262428
0.0270666
0.0279513
0.0286881
0.0293492
0.0302735
0.031384
0.0324788
0.0335955
0.0347471
0.0359226
0.0371376
0.0384075
0.0397047
0.0410898
0.0425334
0.0440456
0.0455727
0.0471751
0.0488225
0.0505579
0.0523661
0.0542128
0.0561486
0.0580861
0.0601392
0.0622074
0.0643894
0.0666184
0.0688693
0.0712868
0.0736187
0.0761785
0.0785621
0.08072
0.0341932
0.0311055
0.0257311
0.0224546
0.0215207
0.0213051
0.0212201
0.0214054
0.0218689
0.0224415
0.0229557
0.02342
0.0240457
0.0248217
0.0255437
0.026246
0.0270681
0.0279502
0.0286895
0.0293569
0.030281
0.0313871
0.0324805
0.033597
0.0347483
0.0359238
0.0371391
0.0384092
0.0397068
0.0410919
0.0425348
0.0440466
0.0455738
0.0471764
0.0488237
0.0505589
0.0523668
0.0542132
0.0561489
0.0580863
0.0601396
0.0622077
0.0643897
0.0666188
0.0688699
0.0712876
0.0736198
0.07618
0.078565
0.080723
0.0336507
0.0309401
0.0258828
0.0226001
0.0215661
0.021315
0.0212341
0.0214248
0.0218864
0.0224535
0.0229639
0.0234283
0.0240549
0.0248291
0.0255483
0.0262493
0.0270696
0.0279492
0.028691
0.0293648
0.0302886
0.0313902
0.0324822
0.0335985
0.0347495
0.035925
0.0371406
0.038411
0.039709
0.0410941
0.0425363
0.0440477
0.045575
0.0471777
0.048825
0.05056
0.0523675
0.0542136
0.0561492
0.0580866
0.06014
0.062208
0.06439
0.0666191
0.0688705
0.0712885
0.0736209
0.0761815
0.0785681
0.0807261
0.033126
0.0307653
0.0260241
0.0227497
0.0216172
0.0213245
0.0212457
0.0214433
0.0219043
0.022466
0.0229722
0.0234367
0.0240643
0.0248368
0.0255532
0.0262526
0.0270713
0.0279483
0.0286926
0.0293728
0.0302964
0.0313934
0.0324839
0.0336
0.0347508
0.0359263
0.0371422
0.0384128
0.0397113
0.0410963
0.0425379
0.0440488
0.0455763
0.0471791
0.0488263
0.0505611
0.0523683
0.0542141
0.0561495
0.0580869
0.0601404
0.0622083
0.0643903
0.0666195
0.0688712
0.0712895
0.0736221
0.0761832
0.0785712
0.0807294
0.0326285
0.030579
0.0261492
0.0228996
0.0216738
0.0213335
0.0212542
0.0214603
0.0219225
0.0224793
0.022981
0.0234452
0.0240738
0.0248446
0.0255582
0.026256
0.0270731
0.0279474
0.0286943
0.0293808
0.0303043
0.0313968
0.0324858
0.0336015
0.0347521
0.0359277
0.0371438
0.0384148
0.0397136
0.0410986
0.0425396
0.04405
0.0455776
0.0471806
0.0488277
0.0505623
0.052369
0.0542145
0.0561499
0.0580872
0.0601409
0.0622086
0.0643907
0.0666199
0.068872
0.0712904
0.0736233
0.0761848
0.0785746
0.0807327
0.0321508
0.0303895
0.0262641
0.0230522
0.0217377
0.021344
0.0212602
0.0214751
0.0219406
0.0224933
0.0229904
0.0234541
0.0240836
0.0248527
0.0255634
0.0262594
0.0270749
0.0279466
0.0286962
0.029389
0.0303123
0.0314002
0.0324877
0.033603
0.0347535
0.0359291
0.0371455
0.0384167
0.0397159
0.0411009
0.0425413
0.0440513
0.045579
0.0471821
0.0488292
0.0505636
0.0523699
0.054215
0.0561502
0.0580876
0.0601414
0.062209
0.064391
0.0666203
0.0688727
0.0712915
0.0736246
0.0761866
0.078578
0.0807362
0.0316771
0.0301925
0.0263638
0.0232027
0.0218075
0.0213559
0.0212639
0.0214878
0.0219583
0.0225076
0.0229999
0.0234631
0.0240936
0.0248611
0.0255688
0.026263
0.0270769
0.0279459
0.0286981
0.0293972
0.0303205
0.0314038
0.0324898
0.0336046
0.034755
0.0359305
0.0371472
0.0384188
0.0397184
0.0411033
0.0425431
0.0440526
0.0455804
0.0471836
0.0488307
0.0505648
0.0523707
0.0542156
0.0561506
0.0580879
0.0601419
0.0622093
0.0643914
0.0666207
0.0688736
0.0712926
0.073626
0.0761885
0.0785816
0.0807399
0.0312156
0.0299841
0.0264424
0.0233473
0.0218813
0.021369
0.0212646
0.0214976
0.0219756
0.0225229
0.0230101
0.0234721
0.0241036
0.0248694
0.0255742
0.0262665
0.027079
0.0279453
0.0287001
0.0294055
0.0303287
0.0314076
0.0324919
0.0336062
0.0347565
0.0359321
0.037149
0.0384209
0.0397209
0.0411058
0.042545
0.044054
0.0455819
0.0471852
0.0488322
0.0505661
0.0523716
0.0542161
0.056151
0.0580883
0.0601424
0.0622097
0.0643918
0.0666212
0.0688744
0.0712937
0.0736275
0.0761904
0.0785854
0.0807436
0.0307855
0.0297851
0.0265161
0.0234925
0.021963
0.0213865
0.0212638
0.0215043
0.0219918
0.0225387
0.023021
0.0234817
0.024114
0.0248782
0.0255798
0.0262702
0.0270811
0.0279448
0.0287023
0.0294139
0.030337
0.0314114
0.0324941
0.0336078
0.0347581
0.0359337
0.0371509
0.0384231
0.0397235
0.0411084
0.0425469
0.0440555
0.0455835
0.0471869
0.0488338
0.0505675
0.0523725
0.0542167
0.0561514
0.0580886
0.060143
0.0622101
0.0643922
0.0666217
0.0688753
0.0712949
0.073629
0.0761924
0.0785893
0.0807475
0.0303562
0.0295813
0.0265735
0.0236289
0.0220472
0.0214078
0.0212622
0.0215079
0.0220065
0.0225549
0.0230325
0.0234914
0.0241247
0.0248874
0.0255858
0.0262741
0.0270834
0.0279444
0.0287045
0.0294223
0.0303455
0.0314154
0.0324964
0.0336095
0.0347597
0.0359354
0.0371529
0.0384254
0.0397262
0.041111
0.0425489
0.044057
0.0455851
0.0471886
0.0488355
0.0505689
0.0523734
0.0542173
0.0561519
0.058089
0.0601436
0.0622106
0.0643926
0.0666222
0.0688762
0.0712962
0.0736306
0.0761945
0.0785933
0.0807516
0.0299303
0.0293677
0.0266091
0.0237532
0.0221312
0.0214322
0.0212589
0.0215075
0.0220192
0.0225716
0.0230447
0.0235013
0.0241351
0.0248963
0.0255914
0.0262778
0.0270857
0.0279441
0.0287067
0.0294306
0.0303539
0.0314195
0.0324988
0.0336113
0.0347614
0.0359372
0.037155
0.0384277
0.039729
0.0411137
0.042551
0.0440586
0.0455868
0.0471903
0.0488372
0.0505704
0.0523744
0.0542179
0.0561524
0.0580895
0.0601442
0.062211
0.0643931
0.0666228
0.0688772
0.0712975
0.0736323
0.0761967
0.0785975
0.0807558
0.0295482
0.0291733
0.0266458
0.023876
0.02222
0.0214635
0.0212572
0.0215043
0.0220295
0.0225883
0.0230579
0.0235118
0.0241459
0.0249057
0.0255975
0.0262818
0.0270882
0.027944
0.0287091
0.029439
0.0303624
0.0314238
0.0325013
0.0336132
0.0347632
0.0359391
0.0371571
0.0384301
0.0397318
0.0411165
0.0425532
0.0440603
0.0455886
0.0471922
0.0488389
0.0505719
0.0523754
0.0542186
0.0561529
0.0580899
0.0601448
0.0622115
0.0643935
0.0666234
0.0688782
0.0712988
0.073634
0.076199
0.0786018
0.0807601
0.0291693
0.0289754
0.026667
0.0239856
0.0223064
0.0214996
0.0212567
0.0214976
0.0220367
0.0226049
0.0230721
0.023523
0.0241572
0.0249155
0.0256041
0.0262861
0.0270908
0.027944
0.0287117
0.0294474
0.0303709
0.0314282
0.0325039
0.0336152
0.034765
0.035941
0.0371594
0.0384327
0.0397347
0.0411194
0.0425554
0.044062
0.0455904
0.0471941
0.0488407
0.0505734
0.0523765
0.0542193
0.0561534
0.0580903
0.0601455
0.062212
0.0643941
0.066624
0.0688793
0.0713003
0.0736359
0.0762014
0.0786063
0.0807646
0.0287941
0.0287707
0.0266673
0.0240779
0.0223868
0.0215381
0.0212565
0.0214868
0.0220398
0.0226207
0.0230869
0.0235342
0.024168
0.0249249
0.0256101
0.02629
0.0270932
0.027944
0.0287124
0.0294558
0.0303795
0.0314327
0.0325066
0.0336172
0.0347669
0.0359431
0.0371617
0.0384352
0.0397378
0.0411224
0.0425577
0.0440638
0.0455923
0.047196
0.0488426
0.050575
0.0523776
0.05422
0.056154
0.0580908
0.0601462
0.0622125
0.0643946
0.0666247
0.0688804
0.0713017
0.0736378
0.0762038
0.0786109
0.0807693
0.0284813
0.0285931
0.0266725
0.0241686
0.0224691
0.0215845
0.021262
0.0214753
0.0220397
0.0226353
0.0231024
0.0235463
0.0241794
0.0249348
0.0256168
0.0262945
0.0270962
0.0279444
0.0287151
0.0294642
0.030388
0.0314373
0.0325094
0.0336193
0.0347689
0.0359452
0.0371641
0.038438
0.0397409
0.0411255
0.0425601
0.0440657
0.0455942
0.047198
0.0488445
0.0505767
0.0523787
0.0542208
0.0561545
0.0580913
0.0601469
0.0622131
0.0643952
0.0666254
0.0688815
0.0713033
0.0736398
0.0762064
0.0786157
0.0807741
0.0281796
0.028415
0.0266621
0.0242446
0.0225449
0.021634
0.0212712
0.0214616
0.0220352
0.0226486
0.0231193
0.0235598
0.0241916
0.0249452
0.0256237
0.026299
0.0270991
0.0279449
0.028718
0.0294726
0.0303967
0.0314421
0.0325124
0.0336216
0.034771
0.0359474
0.0371666
0.0384408
0.0397441
0.0411286
0.0425626
0.0440677
0.0455962
0.0472001
0.0488465
0.0505784
0.0523799
0.0542216
0.0561552
0.0580918
0.0601476
0.0622137
0.0643958
0.0666261
0.0688828
0.0713049
0.073642
0.0762091
0.0786206
0.0807791
0.0278832
0.0282302
0.0266305
0.0243017
0.0226098
0.0216817
0.021282
0.0214453
0.0220256
0.0226589
0.0231358
0.0235733
0.0242033
0.024955
0.0256301
0.0263031
0.0271017
0.0279454
0.0287205
0.0294808
0.0304052
0.031447
0.0325155
0.0336239
0.0347731
0.0359497
0.0371692
0.0384436
0.0397474
0.0411319
0.0425652
0.0440698
0.0455983
0.0472023
0.0488486
0.0505802
0.0523812
0.0542224
0.0561558
0.0580924
0.0601484
0.0622143
0.0643965
0.0666269
0.068884
0.0713066
0.0736442
0.0762118
0.0786257
0.0807843
0.027671
0.0280724
0.0266021
0.0243574
0.0226727
0.0217332
0.0213003
0.0214312
0.0220127
0.0226661
0.023152
0.0235875
0.0242156
0.0249655
0.0256372
0.026308
0.0271051
0.0279465
0.0287236
0.0294891
0.0304138
0.031452
0.0325186
0.0336263
0.0347754
0.0359521
0.0371719
0.0384467
0.0397508
0.0411352
0.0425679
0.0440719
0.0456005
0.0472046
0.0488508
0.050582
0.0523825
0.0542233
0.0561565
0.0580929
0.0601492
0.0622149
0.0643972
0.0666278
0.0688854
0.0713083
0.0736465
0.0762147
0.0786309
0.0807897
0.0275159
0.0279287
0.0265656
0.0244027
0.0227281
0.0217839
0.0213237
0.021418
0.0219958
0.0226704
0.0231689
0.0236035
0.0242295
0.0249768
0.0256444
0.0263125
0.027108
0.0279473
0.0287265
0.0294973
0.0304224
0.0314571
0.032522
0.0336289
0.0347778
0.0359546
0.0371748
0.0384498
0.0397543
0.0411387
0.0425707
0.0440742
0.0456028
0.0472069
0.048853
0.0505839
0.0523838
0.0542242
0.0561572
0.0580935
0.0601501
0.0622156
0.0643979
0.0666286
0.0688867
0.0713102
0.073649
0.0762177
0.0786363
0.0807953
0.027335
0.0277779
0.0265143
0.0244345
0.0227726
0.0218281
0.021349
0.0214063
0.0219758
0.0226711
0.0231842
0.0236191
0.0242427
0.0249874
0.0256511
0.0263168
0.0271111
0.0279486
0.0287296
0.0295054
0.0304309
0.0314623
0.0325253
0.0336315
0.0347802
0.0359571
0.0371777
0.038453
0.0397579
0.0411422
0.0425736
0.0440765
0.0456051
0.0472093
0.0488553
0.0505859
0.0523852
0.0542252
0.056158
0.0580941
0.060151
0.0622163
0.0643987
0.0666295
0.0688882
0.0713121
0.0736515
0.0762208
0.0786418
0.0808011
0.0271197
0.0276282
0.0264609
0.0244604
0.0228095
0.0218674
0.0213786
0.0213984
0.021953
0.0226666
0.0231969
0.0236345
0.0242567
0.0249993
0.025659
0.0263218
0.0271146
0.02795
0.0287327
0.0295134
0.0304394
0.0314677
0.0325289
0.0336343
0.0347828
0.0359599
0.0371808
0.0384564
0.0397616
0.0411459
0.0425765
0.0440789
0.0456075
0.0472118
0.0488576
0.0505879
0.0523866
0.0542262
0.0561588
0.0580948
0.0601519
0.062217
0.0643996
0.0666305
0.0688897
0.0713141
0.0736542
0.0762241
0.0786474
0.0808071
0.0268937
0.0274854
0.0264056
0.0244805
0.0228406
0.0219016
0.0214097
0.0213927
0.0219275
0.0226585
0.023209
0.0236514
0.0242725
0.0250122
0.0256669
0.0263261
0.0271174
0.0279514
0.028736
0.0295215
0.0304479
0.0314731
0.0325325
0.0336372
0.0347855
0.0359627
0.037184
0.0384598
0.0397655
0.0411497
0.0425796
0.0440815
0.0456101
0.0472143
0.0488601
0.05059
0.0523881
0.0542273
0.0561597
0.0580955
0.0601529
0.0622178
0.0644005
0.0666315
0.0688913
0.0713161
0.073657
0.0762274
0.0786532
0.0808133
0.0266611
0.027342
0.0263462
0.0244957
0.0228656
0.0219275
0.0214402
0.0213917
0.021903
0.0226482
0.023219
0.0236666
0.0242871
0.0250246
0.0256748
0.0263308
0.0271208
0.0279533
0.0287395
0.0295294
0.0304563
0.0314786
0.0325363
0.0336402
0.0347883
0.0359656
0.0371873
0.0384634
0.0397694
0.0411535
0.0425828
0.0440842
0.0456127
0.047217
0.0488626
0.0505922
0.0523897
0.0542284
0.0561606
0.0580962
0.0601539
0.0622186
0.0644014
0.0666326
0.068893
0.0713183
0.0736599
0.0762309
0.0786592
0.0808197
0.0264197
0.0271958
0.026284
0.0245046
0.0228834
0.0219459
0.0214716
0.0213958
0.0218777
0.0226326
0.0232246
0.0236802
0.0243022
0.0250388
0.0256842
0.0263359
0.027124
0.0279549
0.0287427
0.0295371
0.0304647
0.0314843
0.0325402
0.0336434
0.0347912
0.0359686
0.0371907
0.0384671
0.0397735
0.0411575
0.0425861
0.0440869
0.0456154
0.0472197
0.0488652
0.0505944
0.0523913
0.0542295
0.0561616
0.058097
0.060155
0.0622195
0.0644024
0.0666338
0.0688947
0.0713206
0.073663
0.0762345
0.0786653
0.0808263
0.0261716
0.0270449
0.0262171
0.0245077
0.0228988
0.0219591
0.0214995
0.021401
0.021851
0.0226137
0.0232287
0.0236938
0.0243179
0.0250537
0.0256937
0.0263405
0.0271268
0.0279568
0.0287464
0.0295449
0.030473
0.03149
0.0325442
0.0336466
0.0347943
0.0359718
0.0371943
0.038471
0.0397777
0.0411616
0.0425896
0.0440898
0.0456182
0.0472226
0.048868
0.0505967
0.052393
0.0542307
0.0561626
0.0580978
0.0601561
0.0622204
0.0644035
0.066635
0.0688966
0.0713229
0.0736661
0.0762383
0.0786715
0.0808331
0.0259234
0.0268892
0.0261468
0.0245078
0.022911
0.0219626
0.0215208
0.0214094
0.0218268
0.0225935
0.0232305
0.0237052
0.024332
0.0250683
0.025704
0.0263458
0.0271301
0.027959
0.0287499
0.0295524
0.0304812
0.0314958
0.0325484
0.03365
0.0347975
0.0359751
0.037198
0.038475
0.039782
0.0411658
0.0425931
0.0440928
0.0456211
0.0472255
0.0488708
0.0505991
0.0523947
0.054232
0.0561637
0.0580986
0.0601573
0.0622213
0.0644047
0.0666363
0.0688985
0.0713254
0.0736694
0.0762423
0.0786779
0.0808402
0.0256821
0.0267309
0.0260734
0.0245017
0.0229166
0.0219579
0.0215385
0.021422
0.0218044
0.0225699
0.0232289
0.0237142
0.0243449
0.0250839
0.0257159
0.0263517
0.0271331
0.0279608
0.0287534
0.0295599
0.0304894
0.0315017
0.0325526
0.0336536
0.0348008
0.0359785
0.0372018
0.0384791
0.0397865
0.0411702
0.0425968
0.044096
0.0456241
0.0472286
0.0488737
0.0506016
0.0523966
0.0542333
0.0561648
0.0580995
0.0601586
0.0622223
0.0644059
0.0666376
0.0689005
0.0713279
0.0736728
0.0762464
0.0786844
0.0808474
0.0254519
0.0265726
0.0259934
0.0244872
0.02292
0.0219497
0.0215507
0.0214351
0.0217822
0.0225435
0.0232249
0.0237218
0.0243569
0.0250998
0.0257283
0.0263576
0.0271359
0.027963
0.0287572
0.0295671
0.0304974
0.0315076
0.032557
0.0336573
0.0348043
0.0359821
0.0372058
0.0384834
0.039791
0.0411746
0.0426006
0.0440993
0.0456273
0.0472317
0.0488767
0.0506042
0.0523985
0.0542348
0.056166
0.0581004
0.0601599
0.0622234
0.0644071
0.066639
0.0689026
0.0713306
0.0736764
0.0762506
0.078691
0.0808549
0.0252382
0.0264141
0.0259038
0.0244658
0.0229224
0.0219362
0.0215546
0.0214481
0.021762
0.0225154
0.0232192
0.0237278
0.0243667
0.0251148
0.0257415
0.0263644
0.0271393
0.0279653
0.0287607
0.029574
0.0305053
0.0315136
0.0325615
0.033661
0.0348079
0.0359859
0.03721
0.0384878
0.0397957
0.0411792
0.0426046
0.0441027
0.0456305
0.0472349
0.0488798
0.0506068
0.0524005
0.0542362
0.0561672
0.0581014
0.0601612
0.0622245
0.0644085
0.0666405
0.0689047
0.0713334
0.07368
0.076255
0.0786978
0.0808627
0.0250356
0.0262541
0.025806
0.0244379
0.022922
0.0219176
0.0215504
0.0214607
0.021744
0.0224855
0.0232115
0.0237317
0.0243738
0.0251292
0.0257563
0.0263722
0.0271424
0.0279673
0.0287643
0.029581
0.030513
0.0315196
0.0325661
0.033665
0.0348117
0.0359897
0.0372143
0.0384924
0.0398006
0.041184
0.0426087
0.0441062
0.0456339
0.0472383
0.048883
0.0506096
0.0524025
0.0542378
0.0561686
0.0581024
0.0601627
0.0622256
0.0644099
0.0666421
0.068907
0.0713363
0.0736839
0.0762596
0.0787048
0.0808706
0.0248393
0.026097
0.0257021
0.0244013
0.0229178
0.0218953
0.021538
0.0214723
0.0217286
0.0224535
0.0232009
0.0237341
0.0243789
0.0251427
0.0257716
0.0263803
0.0271456
0.0279698
0.0287682
0.0295875
0.0305204
0.0315257
0.0325709
0.0336691
0.0348156
0.0359937
0.0372188
0.0384972
0.0398056
0.0411888
0.042613
0.0441099
0.0456373
0.0472418
0.0488863
0.0506124
0.0524047
0.0542394
0.05617
0.0581035
0.0601642
0.0622269
0.0644115
0.0666438
0.0689094
0.0713394
0.0736878
0.0762644
0.0787119
0.0808788
0.0246516
0.0259451
0.0255905
0.024353
0.0229088
0.0218711
0.0215184
0.0214813
0.0217151
0.0224191
0.0231879
0.0237359
0.0243816
0.025154
0.0257871
0.0263898
0.0271496
0.0279724
0.0287717
0.0295937
0.0305278
0.0315318
0.0325757
0.0336733
0.0348197
0.035998
0.0372234
0.0385021
0.0398107
0.0411938
0.0426174
0.0441138
0.0456409
0.0472453
0.0488898
0.0506154
0.0524069
0.0542411
0.0561715
0.0581046
0.0601657
0.0622282
0.0644131
0.0666456
0.0689119
0.0713426
0.0736919
0.0762694
0.0787191
0.0808871
0.0244631
0.0257952
0.0254716
0.0242939
0.0228966
0.021847
0.0214908
0.0214854
0.0217033
0.0223836
0.0231728
0.0237369
0.0243817
0.025163
0.0258036
0.0264004
0.0271535
0.0279748
0.0287754
0.0295999
0.0305349
0.0315377
0.0325806
0.0336777
0.034824
0.0360023
0.0372283
0.0385072
0.039816
0.0411989
0.0426219
0.0441178
0.0456447
0.047249
0.0488934
0.0506184
0.0524093
0.0542428
0.056173
0.0581059
0.0601674
0.0622295
0.0644148
0.0666475
0.0689144
0.071346
0.0736961
0.0762746
0.0787265
0.0808957
0.0242668
0.0256484
0.0253486
0.0242244
0.0228787
0.0218215
0.0214546
0.0214836
0.0216943
0.0223474
0.0231542
0.0237368
0.0243799
0.0251696
0.0258196
0.0264115
0.0271576
0.0279777
0.0287795
0.0296057
0.0305414
0.0315437
0.0325857
0.0336822
0.0348283
0.0360069
0.0372333
0.0385126
0.0398215
0.0412042
0.0426267
0.044122
0.0456485
0.0472528
0.0488971
0.0506215
0.0524117
0.0542447
0.0561747
0.0581072
0.0601691
0.062231
0.0644166
0.0666495
0.0689171
0.0713495
0.0737004
0.0762799
0.078734
0.0809046
0.0240677
0.0255049
0.0252222
0.0241433
0.0228524
0.021795
0.021412
0.0214758
0.0216876
0.0223102
0.0231317
0.0237364
0.0243768
0.0251728
0.0258348
0.026424
0.0271626
0.0279807
0.0287834
0.0296113
0.0305479
0.0315496
0.0325907
0.0336868
0.034833
0.0360117
0.0372385
0.038518
0.0398271
0.0412096
0.0426316
0.0441263
0.0456525
0.0472568
0.0489009
0.0506248
0.0524142
0.0542467
0.0561764
0.0581085
0.0601709
0.0622325
0.0644185
0.0666517
0.0689199
0.0713532
0.0737049
0.0762855
0.0787417
0.0809136
0.0238634
0.0253598
0.0250938
0.024052
0.0228175
0.0217692
0.0213652
0.0214601
0.0216815
0.0222728
0.0231055
0.0237351
0.0243724
0.0251728
0.025849
0.0264376
0.0271678
0.0279834
0.0287876
0.029617
0.030554
0.0315551
0.0325958
0.0336917
0.0348378
0.0360166
0.0372439
0.0385237
0.0398328
0.0412152
0.0426366
0.0441308
0.0456567
0.0472609
0.0489048
0.0506282
0.0524169
0.0542487
0.0561783
0.05811
0.0601729
0.0622341
0.0644205
0.0666539
0.0689228
0.0713571
0.0737095
0.0762912
0.0787496
0.0809228
0.0236486
0.0252128
0.0249666
0.0239525
0.0227724
0.0217428
0.0213141
0.0214344
0.0216751
0.0222368
0.0230755
0.0237322
0.0243675
0.0251699
0.0258616
0.0264516
0.0271735
0.0279865
0.0287921
0.0296224
0.0305596
0.0315607
0.032601
0.0336965
0.0348427
0.0360217
0.0372496
0.0385295
0.0398387
0.0412209
0.0426419
0.0441355
0.045661
0.0472651
0.0489089
0.0506317
0.0524196
0.0542509
0.0561802
0.0581115
0.0601749
0.0622358
0.0644226
0.0666563
0.0689258
0.0713611
0.0737142
0.0762972
0.0787576
0.0809323
0.023425
0.0250631
0.0248394
0.0238445
0.0227156
0.0217144
0.0212602
0.0213995
0.0216684
0.0222025
0.023041
0.0237274
0.0243626
0.0251639
0.0258716
0.0264659
0.0271802
0.0279897
0.0287964
0.0296277
0.0305652
0.0315661
0.0326061
0.0337014
0.0348479
0.0360272
0.0372554
0.0385356
0.0398448
0.0412268
0.0426473
0.0441404
0.0456654
0.0472694
0.0489132
0.0506353
0.0524225
0.0542532
0.0561823
0.0581131
0.060177
0.0622376
0.0644248
0.0666589
0.0689289
0.0713653
0.0737191
0.0763033
0.0787658
0.0809419
0.0231942
0.0249077
0.0247119
0.0237317
0.0226478
0.0216829
0.0212057
0.0213557
0.0216586
0.0221699
0.0230027
0.0237199
0.0243579
0.0251551
0.025879
0.0264806
0.0271876
0.0279927
0.0288009
0.0296334
0.0305704
0.031571
0.0326112
0.0337065
0.0348532
0.0360327
0.0372615
0.0385419
0.039851
0.0412328
0.0426529
0.0441455
0.04567
0.0472739
0.0489175
0.0506391
0.0524255
0.0542555
0.0561844
0.0581149
0.0601792
0.0622395
0.0644271
0.0666616
0.0689322
0.0713697
0.0737242
0.0763097
0.0787742
0.0809518
0.022959
0.0247462
0.0245855
0.0236166
0.0225682
0.0216459
0.0211516
0.0213024
0.0216437
0.0221399
0.0229614
0.023709
0.0243533
0.0251444
0.0258835
0.0264948
0.0271955
0.0279959
0.0288053
0.0296389
0.0305756
0.0315758
0.0326162
0.0337117
0.0348586
0.0360385
0.0372678
0.0385484
0.0398575
0.041239
0.0426586
0.0441507
0.0456748
0.0472786
0.0489221
0.0506429
0.0524286
0.0542581
0.0561866
0.0581167
0.0601815
0.0622416
0.0644296
0.0666645
0.0689355
0.0713743
0.0737294
0.0763162
0.0787828
0.0809618
0.0227216
0.0245781
0.0244583
0.0234988
0.0224773
0.0216021
0.0210984
0.021241
0.0216226
0.0221125
0.0229177
0.0236939
0.0243487
0.0251323
0.0258847
0.0265076
0.0272042
0.0279997
0.0288095
0.0296443
0.0305806
0.0315806
0.032621
0.0337168
0.0348642
0.0360445
0.0372743
0.0385551
0.0398641
0.0412454
0.0426646
0.0441561
0.0456797
0.0472834
0.0489268
0.050647
0.0524318
0.0542607
0.056189
0.0581187
0.060184
0.0622437
0.0644322
0.0666675
0.068939
0.0713791
0.0737348
0.076323
0.0787915
0.080972
0.0224846
0.0244032
0.0243285
0.0233809
0.0223781
0.0215493
0.0210456
0.0211735
0.0215939
0.0220868
0.022872
0.0236739
0.0243443
0.025119
0.0258825
0.0265194
0.0272134
0.0280034
0.0288136
0.0296496
0.0305856
0.0315852
0.0326259
0.0337219
0.0348699
0.0360508
0.0372812
0.038562
0.0398709
0.0412519
0.0426709
0.0441619
0.0456848
0.0472883
0.0489316
0.0506512
0.0524353
0.0542635
0.0561915
0.0581208
0.0601865
0.062246
0.0644349
0.0666708
0.0689427
0.0713841
0.0737403
0.0763299
0.0788005
0.0809824
0.0222513
0.0242225
0.0241956
0.0232635
0.0222712
0.0214855
0.0209931
0.0211014
0.0215558
0.022062
0.0228261
0.0236489
0.024339
0.0251053
0.0258772
0.0265293
0.0272224
0.0280074
0.0288176
0.0296549
0.0305908
0.0315896
0.0326305
0.0337272
0.0348757
0.0360572
0.0372883
0.0385692
0.0398778
0.0412586
0.0426772
0.0441678
0.0456901
0.0472936
0.0489367
0.0506555
0.0524389
0.0542664
0.0561941
0.058123
0.0601892
0.0622484
0.0644378
0.0666742
0.0689465
0.0713894
0.073746
0.0763371
0.0788097
0.080993
0.0220229
0.0240369
0.024058
0.0231454
0.0221585
0.0214109
0.0209398
0.0210261
0.0215073
0.0220369
0.0227812
0.0236186
0.0243318
0.0250919
0.0258692
0.0265366
0.0272312
0.028012
0.0288215
0.0296597
0.0305959
0.0315944
0.0326349
0.0337321
0.0348817
0.0360639
0.0372955
0.0385767
0.0398852
0.0412656
0.0426837
0.0441739
0.0456956
0.0472989
0.048942
0.05066
0.0524425
0.0542694
0.0561969
0.0581254
0.060192
0.062251
0.0644408
0.0666778
0.0689504
0.0713948
0.0737519
0.0763444
0.078819
0.0810038
0.0218006
0.0238481
0.0239146
0.0230258
0.0220428
0.0213249
0.0208831
0.0209497
0.0214492
0.0220096
0.0227374
0.0235828
0.0243225
0.0250791
0.0258584
0.0265416
0.0272396
0.0280164
0.0288255
0.0296641
0.0306007
0.0315993
0.0326396
0.033737
0.0348876
0.0360708
0.0373031
0.0385843
0.0398925
0.0412727
0.0426905
0.0441803
0.0457012
0.0473044
0.0489473
0.0506647
0.0524465
0.0542726
0.0561996
0.0581279
0.0601951
0.0622537
0.064444
0.0666816
0.0689544
0.0714003
0.0737579
0.076352
0.0788286
0.0810147
0.0215856
0.0236576
0.0237652
0.0229034
0.021925
0.0212279
0.0208207
0.0208737
0.0213821
0.0219779
0.0226956
0.0235431
0.0243096
0.0250664
0.0258457
0.026544
0.0272471
0.0280207
0.0288293
0.0296682
0.0306053
0.0316045
0.0326444
0.0337421
0.0348936
0.0360776
0.0373107
0.0385924
0.0399002
0.0412799
0.0426975
0.044187
0.0457072
0.0473101
0.0489528
0.0506695
0.0524506
0.0542761
0.0562028
0.0581305
0.0601981
0.0622565
0.0644473
0.0666856
0.0689587
0.0714062
0.0737642
0.0763597
0.0788384
0.0810258
0.021377
0.0234664
0.0236101
0.0227764
0.0218057
0.0211218
0.0207502
0.0207982
0.0213067
0.0219395
0.0226566
0.0235008
0.0242922
0.0250539
0.0258313
0.0265432
0.0272535
0.028025
0.0288332
0.029672
0.0306095
0.0316099
0.0326493
0.0337467
0.0348999
0.036085
0.0373184
0.0386003
0.0399083
0.0412876
0.0427046
0.0441938
0.0457133
0.0473161
0.0489587
0.0506744
0.0524548
0.0542795
0.056206
0.0581335
0.0602014
0.0622595
0.0644508
0.0666899
0.0689631
0.0714123
0.0737707
0.0763676
0.0788483
0.0810371
0.021174
0.0232755
0.02345
0.0226431
0.0216841
0.0210087
0.0206703
0.0207229
0.0212252
0.021893
0.0226191
0.0234563
0.0242699
0.0250417
0.0258163
0.0265391
0.0272579
0.0280287
0.0288375
0.0296759
0.0306129
0.0316153
0.0326548
0.0337516
0.034906
0.0360926
0.0373266
0.0386084
0.0399161
0.0412953
0.0427121
0.044201
0.0457196
0.0473223
0.0489646
0.0506797
0.0524593
0.0542832
0.0562092
0.0581365
0.0602049
0.0622628
0.0644545
0.0666943
0.0689676
0.0714184
0.0737774
0.0763757
0.0788585
0.0810485
0.0209759
0.0230846
0.0232846
0.0225032
0.0215589
0.0208902
0.02058
0.0206467
0.0211409
0.0218373
0.0225812
0.0234113
0.024242
0.0250283
0.0258014
0.0265325
0.0272605
0.0280316
0.028841
0.0296797
0.030616
0.0316206
0.0326609
0.0337565
0.0349119
0.0361
0.0373348
0.0386173
0.0399246
0.0413029
0.0427195
0.0442085
0.0457263
0.0473287
0.0489708
0.050685
0.052464
0.0542872
0.0562128
0.0581396
0.0602083
0.0622662
0.0644584
0.066699
0.0689724
0.0714249
0.0737842
0.076384
0.0788689
0.0810601
0.0207814
0.0228934
0.0231141
0.0223563
0.021429
0.020768
0.0204784
0.0205663
0.0210559
0.0217726
0.0225413
0.023368
0.0242096
0.0250123
0.0257862
0.0265233
0.027261
0.0280338
0.0288439
0.0296835
0.0306193
0.0316259
0.0326674
0.0337615
0.0349177
0.0361078
0.037343
0.0386258
0.0399336
0.0413115
0.0427273
0.0442159
0.0457329
0.0473353
0.0489772
0.0506906
0.0524689
0.0542912
0.0562166
0.0581432
0.0602122
0.0622696
0.0644623
0.0667039
0.0689774
0.0714316
0.0737914
0.0763924
0.0788794
0.0810718
0.0205888
0.0227026
0.0229388
0.0222025
0.0212926
0.0206427
0.0203678
0.0204792
0.0209698
0.0216999
0.0224979
0.0233264
0.024173
0.0249934
0.0257717
0.0265121
0.0272582
0.0280344
0.0288465
0.0296873
0.0306219
0.0316308
0.0326749
0.0337675
0.0349235
0.0361154
0.0373515
0.0386345
0.039942
0.0413198
0.0427359
0.0442244
0.0457401
0.0473421
0.0489836
0.0506963
0.0524741
0.0542955
0.0562205
0.0581468
0.0602162
0.0622736
0.0644667
0.0667089
0.0689825
0.0714384
0.0737987
0.0764011
0.0788902
0.0810837
0.0203957
0.0225112
0.0227576
0.0220426
0.0211482
0.0205121
0.0202514
0.0203848
0.0208825
0.0216209
0.0224486
0.0232867
0.0241338
0.02497
0.0257568
0.0264997
0.027253
0.0280343
0.0288486
0.0296904
0.0306242
0.0316348
0.0326824
0.0337746
0.0349298
0.036123
0.0373599
0.0386436
0.0399512
0.041328
0.0427437
0.0442327
0.0457479
0.0473496
0.0489906
0.0507022
0.0524793
0.0542999
0.0562246
0.0581507
0.0602203
0.0622775
0.0644713
0.0667145
0.0689879
0.0714455
0.0738062
0.0764099
0.0789011
0.0810957
0.0202006
0.0223188
0.0225697
0.0218759
0.0209962
0.0203745
0.0201288
0.0202824
0.0207954
0.0215385
0.0223906
0.0232472
0.0240948
0.0249428
0.0257406
0.0264857
0.0272448
0.028032
0.0288503
0.029694
0.0306273
0.0316389
0.0326893
0.0337816
0.0349362
0.0361309
0.037369
0.0386527
0.0399604
0.0413372
0.0427525
0.0442408
0.0457551
0.047357
0.0489978
0.0507088
0.0524852
0.0543045
0.0562288
0.0581547
0.0602247
0.0622817
0.0644758
0.0667201
0.0689935
0.0714529
0.0738141
0.0764189
0.0789122
0.0811079
0.0200009
0.0221254
0.0223758
0.0217001
0.0208369
0.0202299
0.0200001
0.0201706
0.0207057
0.0214564
0.0223264
0.0232056
0.0240548
0.0249112
0.0257236
0.0264722
0.0272337
0.0280264
0.0288506
0.0296976
0.0306306
0.0316434
0.0326971
0.0337899
0.0349424
0.0361374
0.0373774
0.0386626
0.03997
0.0413461
0.0427617
0.0442505
0.0457634
0.0473645
0.0490046
0.0507149
0.0524911
0.0543096
0.0562337
0.0581592
0.0602292
0.0622862
0.0644808
0.0667259
0.0689992
0.0714603
0.0738221
0.0764281
0.0789234
0.0811201
0.0197948
0.0219296
0.0221764
0.0215141
0.0206699
0.0200771
0.019866
0.0200508
0.0206091
0.0213741
0.0222582
0.0231628
0.0240161
0.0248747
0.0257022
0.0264579
0.0272214
0.0280195
0.0288506
0.0297004
0.0306334
0.0316474
0.0327044
0.0337994
0.0349508
0.0361444
0.0373852
0.0386717
0.0399795
0.0413554
0.0427708
0.0442595
0.0457721
0.0473732
0.0490124
0.0507216
0.052497
0.0543143
0.0562383
0.0581639
0.0602342
0.0622909
0.064486
0.0667321
0.0690053
0.071468
0.0738303
0.0764374
0.0789349
0.0811326
0.0195819
0.0217291
0.0219724
0.0213178
0.0204937
0.0199149
0.019726
0.019926
0.0205064
0.0212913
0.0221856
0.0231155
0.0239803
0.0248377
0.0256762
0.0264401
0.0272057
0.0280091
0.0288499
0.029705
0.0306373
0.0316521
0.0327118
0.0338083
0.0349592
0.0361518
0.0373939
0.0386819
0.039989
0.0413644
0.0427805
0.0442693
0.0457805
0.0473812
0.0490202
0.0507289
0.0525039
0.0543197
0.0562434
0.0581686
0.060239
0.0622959
0.0644915
0.0667385
0.0690117
0.071476
0.0738388
0.0764468
0.0789463
0.0811451
0.0193591
0.0215192
0.0217634
0.0211109
0.0203067
0.0197428
0.0195776
0.0197971
0.0203981
0.0212085
0.022112
0.0230626
0.0239442
0.0248013
0.025649
0.0264231
0.0271889
0.0279938
0.0288448
0.029708
0.030641
0.0316573
0.0327201
0.0338187
0.0349688
0.0361585
0.037401
0.0386922
0.0399999
0.0413741
0.04279
0.0442793
0.0457901
0.0473901
0.0490278
0.0507358
0.0525105
0.0543253
0.0562491
0.058174
0.0602443
0.062301
0.064497
0.0667453
0.0690181
0.0714842
0.0738476
0.0764566
0.0789581
0.0811575
0.0191244
0.021295
0.0215446
0.0208917
0.0201081
0.0195623
0.0194207
0.0196648
0.0202843
0.0211235
0.0220386
0.0230043
0.023905
0.0247622
0.0256162
0.0264046
0.0271753
0.0279807
0.0288403
0.0297118
0.0306441
0.031661
0.0327272
0.0338281
0.0349791
0.036167
0.0374085
0.0387019
0.0400104
0.0413842
0.0428006
0.0442898
0.0457995
0.0473992
0.0490361
0.0507434
0.0525174
0.0543307
0.0562545
0.0581793
0.06025
0.0623069
0.0645031
0.0667523
0.069025
0.0714925
0.0738566
0.0764664
0.0789699
0.0811702
0.0188804
0.0210548
0.0213121
0.020658
0.0198937
0.0193715
0.019255
0.0195302
0.0201693
0.0210379
0.0219681
0.022944
0.0238636
0.0247218
0.0255761
0.0263764
0.0271556
0.0279645
0.028835
0.029719
0.030652
0.0316671
0.032736
0.0338377
0.0349881
0.0361746
0.0374154
0.0387117
0.0400217
0.0413943
0.0428105
0.0443009
0.0458103
0.0474088
0.0490443
0.0507512
0.0525248
0.0543366
0.0562605
0.0581848
0.0602553
0.0623123
0.0645093
0.0667596
0.0690322
0.0715013
0.073866
0.0764766
0.078982
0.0811837
0.0186258
0.0207956
0.0210624
0.0204101
0.0196625
0.0191686
0.0190805
0.0193946
0.020057
0.0209535
0.0219027
0.0228842
0.0238207
0.0246832
0.025536
0.0263466
0.0271343
0.027945
0.0288236
0.0297217
0.0306589
0.0316736
0.0327459
0.0338497
0.0349998
0.0361845
0.0374227
0.0387207
0.0400333
0.0414059
0.0428212
0.0443115
0.0458209
0.047419
0.0490533
0.0507594
0.0525323
0.0543427
0.0562667
0.0581907
0.0602612
0.0623182
0.064515
0.0667664
0.0690387
0.0715092
0.0738746
0.0764859
0.0789933
0.081195
0.0183431
0.0205067
0.020782
0.0201387
0.0194077
0.0189476
0.0188944
0.0192547
0.0199473
0.0208704
0.0218413
0.0228248
0.0237733
0.0246422
0.0254928
0.0263132
0.027114
0.0279304
0.028815
0.0297252
0.0306664
0.0316779
0.0327526
0.0338589
0.035009
0.0361944
0.0374316
0.0387309
0.040046
0.0414183
0.0428332
0.0443244
0.0458337
0.0474301
0.049063
0.0507691
0.0525414
0.0543503
0.0562744
0.058198
0.0602687
0.0623259
0.0645235
0.0667759
0.0690479
0.0715198
0.0738857
0.0764975
0.0790066
0.0812104
0.0180398
0.0201898
0.0204679
0.0198414
0.0191323
0.0187117
0.0186994
0.0191102
0.019838
0.020785
0.0217804
0.0227668
0.0237226
0.0245991
0.0254479
0.0262756
0.0270896
0.0279151
0.0288073
0.0297299
0.0306781
0.0316861
0.0327603
0.0338676
0.0350161
0.0362003
0.0374357
0.0387357
0.0400548
0.0414281
0.0428411
0.0443325
0.0458428
0.0474386
0.0490699
0.0507754
0.0525472
0.0543549
0.0562794
0.0582026
0.0602731
0.0623304
0.0645277
0.0667814
0.0690534
0.0715266
0.0738933
0.0765058
0.0790168
0.08122
0.0177268
0.0198416
0.0201121
0.0195105
0.018838
0.0184689
0.0185089
0.0189732
0.0197385
0.0207024
0.0217161
0.0227041
0.0236621
0.024548
0.0253998
0.0262379
0.027069
0.0279066
0.028804
0.0297363
0.0306943
0.0317008
0.0327745
0.0338842
0.0350326
0.036218
0.037452
0.0387507
0.0400721
0.0414467
0.0428581
0.0443493
0.0458596
0.0474537
0.0490835
0.0507886
0.0525596
0.0543656
0.0562901
0.0582126
0.0602832
0.0623408
0.0645386
0.066793
0.0690645
0.0715386
0.0739059
0.0765186
0.0790311
0.0812367
0.0173785
0.0194477
0.0197045
0.0191373
0.0185166
0.0182147
0.0183225
0.0188447
0.0196501
0.0206278
0.021652
0.0226346
0.0235845
0.024476
0.0253323
0.0261807
0.0270307
0.0278865
0.0287927
0.0297328
0.0306996
0.0317031
0.0327725
0.0338839
0.0350322
0.0362181
0.0374525
0.0387516
0.0400772
0.0414542
0.0428635
0.0443548
0.0458671
0.0474605
0.0490886
0.0507933
0.052564
0.0543693
0.0562942
0.0582163
0.0602868
0.0623446
0.0645424
0.0667985
0.0690699
0.0715454
0.0739134
0.0765269
0.0790409
0.0812457
0.0169
0.0189575
0.0192381
0.018737
0.0182076
0.0180055
0.0182023
0.018785
0.0196232
0.0205999
0.0216183
0.0225897
0.0235279
0.0244267
0.0252938
0.0261552
0.027023
0.0278931
0.0288043
0.0297485
0.0307246
0.0317283
0.0327928
0.0339045
0.0350533
0.0362398
0.0374728
0.0387693
0.0400961
0.0414757
0.0428831
0.0443727
0.0458852
0.0474774
0.0491042
0.050808
0.0525776
0.0543813
0.056306
0.0582273
0.0602981
0.0623561
0.0645536
0.0668101
0.0690811
0.0715571
0.0739258
0.0765391
0.0790549
0.0812619
0.0161342
0.0180902
0.0184074
0.0180509
0.0177127
0.0176905
0.0180263
0.018688
0.0195552
0.0205205
0.0215233
0.0224851
0.023416
0.0243268
0.0252131
0.026095
0.0269866
0.0278776
0.0287982
0.0297441
0.0307257
0.0317302
0.0327901
0.0339027
0.0350546
0.0362429
0.0374775
0.0387746
0.0401038
0.0414862
0.0428923
0.0443814
0.0458952
0.0474869
0.0491118
0.0508147
0.0525842
0.0543874
0.0563122
0.0582328
0.0603036
0.0623619
0.0645599
0.0668182
0.0690891
0.0715663
0.0739354
0.0765492
0.0790659
0.0812731
0.0161746
0.0176946
0.0178488
0.0175699
0.0174169
0.017561
0.0180088
0.0187076
0.0195593
0.0204834
0.0214535
0.0224071
0.023339
0.0242654
0.0251732
0.026072
0.0269793
0.0278819
0.0288087
0.0297568
0.0307428
0.0317508
0.0328059
0.0339148
0.0350687
0.0362581
0.0374909
0.0387868
0.0401165
0.0415015
0.0429073
0.0443942
0.0459079
0.0474999
0.0491245
0.050826
0.0525947
0.0543975
0.0563219
0.0582418
0.0603126
0.062371
0.0645681
0.0668268
0.0690972
0.0715749
0.0739446
0.0765587
0.0790766
0.0812837
0.0137588
0.0158005
0.0166025
0.0169309
0.0172112
0.0175919
0.018114
0.0187805
0.0195638
0.0204254
0.0213516
0.0222944
0.023236
0.0241858
0.0251243
0.026047
0.0269751
0.0278929
0.0288258
0.029772
0.0307561
0.0317668
0.0328208
0.0339275
0.0350855
0.036278
0.037511
0.0388075
0.0401373
0.0415229
0.042928
0.044414
0.045927
0.047518
0.0491409
0.0508404
0.0526087
0.0544108
0.0563347
0.0582531
0.0603243
0.0623827
0.0645804
0.0668408
0.0691108
0.071589
0.0739589
0.0765728
0.0790914
0.0813012
0.0119035
0.0130192
0.0145042
0.0158504
0.0168775
0.017601
0.0182035
0.0188358
0.0195448
0.0203385
0.0212211
0.0221577
0.0231176
0.0240939
0.0250626
0.0260069
0.0269505
0.027879
0.028818
0.029768
0.0307526
0.0317676
0.0328216
0.0339229
0.0350839
0.0362799
0.0375109
0.0388079
0.0401392
0.0415264
0.0429331
0.0444179
0.0459302
0.0475228
0.0491465
0.0508444
0.0526122
0.0544145
0.0563381
0.0582563
0.0603276
0.0623867
0.0645835
0.0668442
0.0691141
0.0715928
0.0739636
0.0765779
0.0790981
0.0813064
0.0107391
0.0131868
0.0148275
0.0159812
0.0168701
0.0176105
0.0182672
0.0189072
0.01959
0.0203495
0.021192
0.0221049
0.0230677
0.0240584
0.0250501
0.0260141
0.0269751
0.0279149
0.0288554
0.0298031
0.0307818
0.0317971
0.0328527
0.03395
0.0351134
0.0363143
0.0375438
0.0388411
0.0401718
0.041557
0.0429631
0.0444476
0.0459573
0.0475486
0.049171
0.0508662
0.0526332
0.0544347
0.0563575
0.058274
0.0603458
0.0624043
0.0646018
0.0668639
0.0691329
0.0716117
0.0739821
0.0765958
0.0791159
0.0813278
0.00977273
0.011225
0.0131037
0.0148686
0.016319
0.017408
0.0182047
0.0188748
0.0195519
0.020301
0.0211222
0.0220157
0.0229802
0.0239799
0.0249876
0.0259672
0.026943
0.0278964
0.028842
0.0297958
0.0307747
0.0317911
0.0328505
0.0339429
0.0351069
0.0363124
0.0375401
0.0388374
0.0401706
0.0415556
0.042963
0.044448
0.0459563
0.0475486
0.0491727
0.0508666
0.052633
0.0544353
0.0563579
0.0582742
0.060346
0.0624051
0.0646018
0.0668643
0.0691333
0.0716125
0.0739836
0.0765981
0.0791194
0.0813294
0.00837587
0.0114428
0.0135978
0.0151885
0.0164227
0.0174031
0.0181897
0.0188766
0.0195663
0.0203206
0.0211404
0.0220245
0.0229866
0.0239878
0.0249979
0.0259822
0.0269617
0.0279216
0.0288695
0.029824
0.0308037
0.0318195
0.0328828
0.0339765
0.0351397
0.0363492
0.0375775
0.0388739
0.0402062
0.0415895
0.0429949
0.0444806
0.0459872
0.0475771
0.0492001
0.0508922
0.0526575
0.0544582
0.0563803
0.0582947
0.0603669
0.0624254
0.0646228
0.0668864
0.0691542
0.0716329
0.0740033
0.0766169
0.0791384
0.0813522
)
;

boundaryField
{
    zeroGradientPlanes
    {
        type            zeroGradient;
    }
    inlet
    {
        type            zeroGradient;
    }
    plate
    {
        type            zeroGradient;
    }
    frontAndBack
    {
        type            empty;
    }
}


// ************************************************************************* //
