/*--------------------------------*- C++ -*----------------------------------*\
| =========                 |                                                 |
| \\      /  F ield         | OpenFOAM: The Open Source CFD Toolbox           |
|  \\    /   O peration     | Version:  v2012                                 |
|   \\  /    A nd           | Website:  www.openfoam.com                      |
|    \\/     M anipulation  |                                                 |
\*---------------------------------------------------------------------------*/
FoamFile
{
    version     2.0;
    format      ascii;
    class       volScalarField;
    location    "7.5";
    object      p;
}
// * * * * * * * * * * * * * * * * * * * * * * * * * * * * * * * * * * * * * //

dimensions      [0 2 -2 0 0 0 0];


internalField   nonuniform List<scalar> 
7000
(
1.6826e-10
0.00596615
0.0124634
0.00184916
0.000954954
0.00755208
0.00383701
0.00146762
0.0017121
0.00499397
0.00150976
0.00362796
0.00339545
0.00497255
0.00485775
0.00621344
0.00673775
0.00835742
0.00957502
0.0124496
9.54653e-06
0.00596027
0.0123884
0.00185964
0.000973581
0.00750402
0.00383745
0.00146138
0.00172432
0.00498624
0.00152128
0.00363163
0.00339405
0.00497136
0.00485824
0.00620935
0.00674472
0.00834581
0.00958664
0.012306
1.97663e-05
0.00594929
0.0123127
0.00187305
0.000990113
0.00743466
0.00384108
0.00145976
0.00173764
0.0049714
0.00154413
0.00362738
0.00340126
0.00496566
0.00486468
0.00619886
0.00675919
0.00832127
0.0095936
0.0120805
2.92285e-05
0.00594086
0.0122358
0.00189008
0.00100397
0.00736674
0.00384321
0.00146863
0.00175199
0.00494865
0.00157723
0.00361469
0.0034174
0.00495571
0.00487091
0.0061836
0.00677061
0.00828718
0.00958571
0.0118365
4.01792e-05
0.00593554
0.0121549
0.00191288
0.00102195
0.00730295
0.00384305
0.00149001
0.00176926
0.00491746
0.00162114
0.00359294
0.00343861
0.00494009
0.0048742
0.00616313
0.00677916
0.00824584
0.00956498
0.0116027
5.44567e-05
0.00593144
0.0120696
0.00194293
0.00104544
0.00724218
0.0038412
0.00152315
0.00179011
0.00487901
0.00167424
0.00356195
0.00346218
0.00491905
0.00487642
0.00613816
0.00678791
0.00819917
0.00953402
0.0113843
7.31791e-05
0.00592728
0.0119805
0.0019805
0.00107403
0.00718406
0.00383853
0.0015654
0.00181436
0.00483531
0.00173348
0.0035237
0.00348721
0.00489428
0.00488012
0.00610958
0.0067981
0.00814823
0.00949302
0.0111775
9.69329e-05
0.00592253
0.0118886
0.00202483
0.0011096
0.00712813
0.00383578
0.00161331
0.00184171
0.00478804
0.0017966
0.00348241
0.00351351
0.00486701
0.00488624
0.00607757
0.00680889
0.00809358
0.009441
0.0109777
0.000125735
0.00591693
0.0117949
0.00207463
0.00114634
0.0070735
0.00383314
0.00166361
0.001872
0.00473815
0.00186265
0.00343952
0.00354104
0.00483761
0.00489432
0.00604224
0.00681835
0.00803591
0.00937735
0.0107826
0.000159095
0.0059104
0.0116999
0.00212843
0.00118618
0.0070194
0.00383033
0.0017137
0.00190519
0.00468599
0.00193134
0.00339585
0.00357012
0.00480616
0.00490356
0.00600408
0.0068243
0.00797621
0.00930224
0.0105915
0.000196249
0.00590301
0.011604
0.00218491
0.00122918
0.00696526
0.00382692
0.00176179
0.00194127
0.00463157
0.00200238
0.00335178
0.00360131
0.00477288
0.00491321
0.00596386
0.0068247
0.00791532
0.00921641
0.0104039
0.000236422
0.00589488
0.0115072
0.00224303
0.00127539
0.0069107
0.00382275
0.00180687
0.00198029
0.00457479
0.00207536
0.00330754
0.00363492
0.00473831
0.00492249
0.00592258
0.006818
0.00785356
0.00912091
0.0102194
0.000278978
0.00588609
0.0114091
0.00230214
0.00132473
0.00685539
0.00381801
0.00184845
0.00202233
0.00451565
0.00214982
0.00326335
0.0036708
0.00470319
0.00493033
0.00588143
0.0068033
0.00779074
0.00901688
0.0100374
0.00032347
0.00587672
0.0113094
0.00236186
0.00137697
0.00679907
0.00381318
0.00188636
0.00206751
0.00445426
0.00222533
0.00321937
0.00370837
0.00466852
0.00493548
0.00584146
0.00678011
0.00772625
0.00890551
0.0098569
0.000369604
0.00586681
0.0112079
0.00242199
0.00143188
0.00674151
0.00380881
0.00192051
0.00211592
0.00439084
0.00230154
0.00317585
0.00374671
0.00463541
0.00493665
0.00580338
0.00674831
0.00765917
0.00878798
0.00967717
0.000417185
0.00585641
0.0111041
0.0024824
0.00148924
0.00668257
0.00380548
0.00195087
0.00216762
0.00432576
0.00237808
0.00313311
0.00378462
0.0046051
0.00493271
0.00576747
0.00670824
0.00758819
0.00866523
0.00949768
0.000466062
0.00584552
0.0109981
0.00254301
0.00154887
0.00662211
0.00380368
0.00197742
0.00222253
0.00425955
0.00245458
0.00309166
0.00382065
0.0045787
0.00492279
0.00573356
0.00666086
0.00751181
0.00853758
0.0093181
0.000516113
0.00583414
0.0108897
0.00260373
0.00161055
0.00656001
0.00380384
0.00200022
0.00228046
0.0041928
0.0025305
0.00305225
0.00385323
0.00455712
0.00490628
0.00570091
0.0066077
0.00742883
0.0084048
0.00913813
0.000567248
0.0058222
0.0107791
0.00266444
0.00167408
0.00649616
0.00380637
0.0020194
0.0023411
0.00412629
0.00260502
0.00301582
0.00388083
0.00454091
0.00488293
0.00566809
0.00655038
0.0073388
0.00826638
0.00895738
0.000619425
0.00580964
0.0106661
0.00272501
0.00173922
0.00643045
0.00381156
0.00203513
0.00240397
0.00406097
0.00267712
0.00298329
0.00390214
0.00453022
0.00485302
0.00563328
0.00649006
0.00724188
0.00812212
0.00877542
0.000672661
0.00579634
0.0105512
0.00278533
0.00180577
0.00636282
0.00381963
0.00204767
0.00246842
0.00399787
0.00274555
0.00295564
0.00391623
0.00452477
0.00481724
0.00559454
0.00642719
0.00713829
0.00797219
0.00859227
0.000727025
0.00578217
0.0104343
0.00284527
0.00187517
0.00629324
0.0038307
0.00205729
0.00253364
0.00393804
0.00280885
0.00293369
0.00392256
0.00452394
0.00477675
0.00555001
0.00636192
0.0070283
0.00781637
0.00840835
0.000782624
0.00576699
0.0103158
0.00290474
0.0019441
0.00622175
0.00384477
0.0020644
0.00259861
0.00388277
0.00286579
0.00291783
0.00392072
0.00452663
0.00473312
0.00549811
0.00629428
0.00691289
0.00765439
0.00822366
0.000839576
0.00575066
0.0101959
0.00296369
0.00201406
0.00614838
0.0038617
0.00206957
0.00266223
0.0038332
0.00291547
0.00290828
0.00391059
0.0045312
0.00468796
0.00543738
0.00622386
0.0067937
0.00748668
0.00803819
0.000897992
0.00573307
0.0100749
0.00302209
0.00208547
0.0060733
0.00388127
0.00207338
0.00272343
0.00379034
0.00295681
0.00290502
0.00389279
0.00453586
0.00464313
0.00536675
0.00614924
0.00667263
0.00731417
0.00785169
0.000957969
0.00571408
0.00995289
0.00307997
0.00215749
0.00599673
0.00390325
0.00207661
0.00278079
0.00375525
0.00298915
0.0029074
0.00386827
0.00453829
0.00460029
0.00528646
0.00606844
0.00655149
0.00713956
0.00766375
0.00101958
0.00569359
0.00983024
0.00313732
0.00222993
0.00591896
0.00392711
0.00208038
0.00283301
0.0037283
0.00301267
0.00291458
0.00383846
0.00453574
0.00455938
0.00519762
0.00597947
0.00643025
0.00696616
0.00747591
0.00108291
0.00567149
0.00970715
0.00319421
0.00230264
0.00584035
0.00395232
0.00208543
0.00287953
0.00370958
0.00302752
0.00292486
0.00380622
0.00452678
0.00451967
0.0051014
0.00588156
0.00630763
0.00679488
0.0072901
0.00114802
0.00564764
0.00958383
0.0032507
0.00237583
0.0057612
0.00397841
0.00209259
0.00291936
0.00369961
0.00303443
0.00293585
0.00377309
0.00451118
0.00448031
0.00499892
0.00577675
0.00618518
0.00662028
0.00710618
0.00121494
0.00562198
0.00946038
0.00330691
0.00244855
0.00568219
0.00400454
0.00210279
0.00295156
0.00369822
0.0030343
0.00294747
0.00373858
0.00448856
0.00443988
0.00489065
0.00565951
0.00606271
0.00646119
0.00692339
0.00128375
0.00559438
0.00933696
0.00336292
0.00252069
0.00560384
0.00403009
0.0021167
0.00297555
0.00370508
0.00302765
0.00296865
0.00370468
0.00445833
0.00439746
0.004776
0.00552916
0.005938
0.00632119
0.0067438
0.00135445
0.00556475
0.00921362
0.00341897
0.00259214
0.00552646
0.00405421
0.00213501
0.00299098
0.00371904
0.00301822
0.00297555
0.00367558
0.0044218
0.00435228
0.00466145
0.0053914
0.00580871
0.00615769
0.00657086
0.00142704
0.00553309
0.00909029
0.00347518
0.00266159
0.00545105
0.00407669
0.00215716
0.00299856
0.00373713
0.00301178
0.00296666
0.00365091
0.00437973
0.00430304
0.00454491
0.00524467
0.00566822
0.00600948
0.00640786
0.00150172
0.00549918
0.00896719
0.0035315
0.00273017
0.00537752
0.0040979
0.00218342
0.00299883
0.00375779
0.00300884
0.00293989
0.00362981
0.00433214
0.00425156
0.00443076
0.00509439
0.00552082
0.00580729
0.00625391
0.0015783
0.00546306
0.00884401
0.00358878
0.00279631
0.00530657
0.00411575
0.00221498
0.0029916
0.003783
0.00300554
0.00291685
0.00360278
0.00428127
0.00419115
0.00429974
0.00493253
0.00537595
0.00566006
0.00610516
0.00165666
0.00542496
0.00872042
0.00364722
0.00285722
0.00523969
0.00412985
0.002251
0.00297733
0.00380911
0.00300751
0.00289465
0.00357034
0.00422421
0.00411798
0.00416308
0.00475883
0.00523173
0.00557512
0.00596351
0.00173731
0.00538447
0.00859684
0.00370636
0.00291775
0.00517478
0.00414416
0.00228827
0.00295953
0.00382789
0.00302272
0.00284973
0.00352958
0.00416973
0.00404584
0.00402644
0.00459254
0.00508237
0.00537184
0.00583304
0.00181977
0.00534195
0.00847244
0.00376758
0.00297446
0.00511322
0.00415555
0.00232979
0.00293871
0.00384588
0.0030387
0.00280519
0.00347844
0.00410066
0.0039636
0.00389311
0.00441859
0.00493396
0.00524929
0.00570925
0.00190377
0.00529801
0.00834652
0.00383103
0.00302508
0.00505717
0.00416248
0.00237467
0.00291458
0.00386219
0.00305682
0.00276849
0.00342004
0.00400941
0.00386911
0.00376203
0.00423667
0.00478567
0.00522018
0.00559187
0.00199011
0.00525212
0.00821978
0.00389566
0.0030759
0.00500155
0.00417337
0.00241341
0.00289216
0.00386433
0.0030882
0.00270612
0.0033505
0.00394837
0.00378691
0.00363069
0.0040686
0.00461517
0.00498368
0.00548146
0.00207795
0.00520512
0.00809076
0.00396362
0.0031213
0.0049483
0.0041839
0.00245542
0.00286772
0.00386575
0.00311961
0.00265563
0.00326489
0.00385369
0.00369478
0.00350108
0.003894
0.00445133
0.00486497
0.00537766
0.00216694
0.00515803
0.00795818
0.00403463
0.00316137
0.00489973
0.00419035
0.00250298
0.00283932
0.00386816
0.00314963
0.0025866
0.00314928
0.00375296
0.00359195
0.00337294
0.00371055
0.00429468
0.00488085
0.00528171
0.00225821
0.00510971
0.00782364
0.00410662
0.0032036
0.00484769
0.00420448
0.00254011
0.00281077
0.0038557
0.00319213
0.00256057
0.00304398
0.00364106
0.00350738
0.00324331
0.00354345
0.00409099
0.00459173
0.00519183
0.00235028
0.00506203
0.00768484
0.00418219
0.00324146
0.00479627
0.00421867
0.00258622
0.00277339
0.00384134
0.00323927
0.00247403
0.00291389
0.00352057
0.00341512
0.00310383
0.0033526
0.00390159
0.00446099
0.00511174
0.00244304
0.00501588
0.00754122
0.00425991
0.00327762
0.00474631
0.00422865
0.00264636
0.00272858
0.00381652
0.00327608
0.00243954
0.00276698
0.0033854
0.00330774
0.00295271
0.00313153
0.00373385
0.00451349
0.0050378
0.00253767
0.00496937
0.00739536
0.00433646
0.00332116
0.0046851
0.00425003
0.00269263
0.00268623
0.00377152
0.00332317
0.00240447
0.00264832
0.00329507
0.00322096
0.00279085
0.00289465
0.00344031
0.00414182
0.00496747
0.00263186
0.00492598
0.00724433
0.00441481
0.00336546
0.00461827
0.00427284
0.00274384
0.00263977
0.00370825
0.00337949
0.00237164
0.00253201
0.00317302
0.00312897
0.0026216
0.0026289
0.00310995
0.00387593
0.00492313
0.00272663
0.00488477
0.00708921
0.0044922
0.00341264
0.00455095
0.00428546
0.00281341
0.00258924
0.00363051
0.0033665
0.00237018
0.00240311
0.00302788
0.0030305
0.00247072
0.00236236
0.00281533
0.00367265
0.00486775
0.00282193
0.00484543
0.00693122
0.00456606
0.00346718
0.0044788
0.00429211
0.00288652
0.00253947
0.0035374
0.00339873
0.00238436
0.00227659
0.00286225
0.00292409
0.00233989
0.00212231
0.00255152
0.0034709
0.00479454
0.00291631
0.00481
0.00677029
0.00463531
0.00352829
0.00440521
0.00429195
0.00296008
0.00249487
0.00343128
0.00342053
0.00241015
0.00215774
0.00267584
0.00280105
0.00222494
0.00191204
0.00230559
0.00327686
0.00471501
0.00301058
0.0047776
0.00660843
0.00469643
0.00359607
0.00433331
0.00427983
0.00303581
0.00246069
0.00331181
0.00342772
0.00244583
0.00204633
0.00247359
0.00265825
0.00212827
0.00174371
0.00208704
0.00308691
0.00462744
0.0031041
0.00474851
0.00644689
0.00474779
0.00366923
0.00426361
0.0042583
0.00311206
0.00243526
0.00318116
0.00341792
0.00248573
0.00194828
0.00226798
0.0025006
0.00204782
0.00160872
0.00188479
0.00289814
0.00452561
0.00319675
0.00472283
0.00628796
0.00478743
0.00374516
0.00420075
0.00422843
0.00318179
0.00241971
0.0030484
0.00338631
0.00252342
0.00186706
0.00206886
0.00232683
0.00196814
0.00150455
0.00170663
0.00270784
0.00441297
0.00328829
0.00470116
0.00613221
0.00481471
0.00382195
0.0041449
0.00418979
0.00324859
0.00241733
0.00291461
0.00332821
0.0025584
0.00181026
0.0018828
0.00213466
0.00187752
0.00142467
0.00155481
0.00252366
0.00429221
0.00337868
0.00468287
0.00598087
0.00482901
0.00389709
0.00409824
0.00414549
0.00330451
0.0024252
0.00277788
0.00324731
0.00259574
0.00177415
0.00170622
0.00192739
0.00177149
0.0013631
0.001435
0.00235414
0.00417057
0.00346758
0.00466828
0.00583531
0.00483062
0.00396727
0.00406047
0.00409727
0.00335132
0.00244204
0.00264688
0.00314859
0.00262294
0.00174569
0.00154323
0.00172042
0.0016544
0.00131326
0.00134307
0.00220805
0.00405677
0.00355477
0.00465765
0.00569573
0.00482084
0.00403047
0.00402928
0.00404656
0.00338743
0.0024672
0.00252921
0.00303128
0.00262985
0.00172681
0.0014057
0.0015228
0.00151627
0.0012485
0.00127167
0.00210246
0.00396354
0.00363971
0.00465192
0.00556102
0.0048005
0.00408768
0.00400352
0.0039971
0.00341273
0.00249853
0.0024227
0.00289691
0.00261924
0.00172266
0.00129162
0.00132866
0.00135121
0.0011721
0.00123281
0.00204147
0.00388502
0.00372246
0.0046494
0.00543721
0.00476943
0.0041226
0.0039814
0.00395223
0.00343136
0.0025366
0.00233048
0.0027513
0.00259011
0.00172463
0.0011905
0.00114103
0.00118296
0.00109802
0.00120929
0.00200286
0.00382096
0.00380316
0.00464998
0.00532382
0.00472947
0.00416586
0.00395854
0.00388077
0.00344585
0.00258617
0.00225878
0.00260021
0.00253772
0.00172504
0.00110472
0.000975056
0.00101993
0.00100698
0.00117362
0.00198218
0.00378518
0.00388071
0.004655
0.00521979
0.00468393
0.00418982
0.00392196
0.0038155
0.00345823
0.00264098
0.00220538
0.00244848
0.00246124
0.00172299
0.00103927
0.000828203
0.000854523
0.000899513
0.00113463
0.00197685
0.00377074
0.00395563
0.00466254
0.00512643
0.00463207
0.00419176
0.00389097
0.00375753
0.00346068
0.00269186
0.00216812
0.00230143
0.00236431
0.00171578
0.000989003
0.00069661
0.000695711
0.000787231
0.00108666
0.00196948
0.0037629
0.00402797
0.00467087
0.00504388
0.0045759
0.00417807
0.00386274
0.00370139
0.00345267
0.0027381
0.00214606
0.00216517
0.00225111
0.00169585
0.00094784
0.000581932
0.000546932
0.00066894
0.00102484
0.00195079
0.00375803
0.00409737
0.00467904
0.0049707
0.00451892
0.00415241
0.00383315
0.00364688
0.00343693
0.00277809
0.00213523
0.00204023
0.00212197
0.00165761
0.000913304
0.000482885
0.000409516
0.000552209
0.000956163
0.00192345
0.00375454
0.00416404
0.0046867
0.00490511
0.00446298
0.00412164
0.00380147
0.00359299
0.00341243
0.00280811
0.00213058
0.00192932
0.00198502
0.00160528
0.000885153
0.000400713
0.000287666
0.000440349
0.000881959
0.00188582
0.00374443
0.00422796
0.00469326
0.0048461
0.00440975
0.00408602
0.00376693
0.0035376
0.00337804
0.00282894
0.00213348
0.00183571
0.00184797
0.00153727
0.000857664
0.000332239
0.000176219
0.000328842
0.000802268
0.00184072
0.00372838
0.00428907
0.00469864
0.00479242
0.00435974
0.00404731
0.00372884
0.0034807
0.00333608
0.00284192
0.00214092
0.00175687
0.0017117
0.00145284
0.00082681
0.000274306
7.34642e-05
0.000219917
0.000722845
0.00179474
0.00370957
0.0043474
0.00470287
0.00474325
0.00431306
0.00400634
0.00368769
0.00342285
0.0032873
0.00284522
0.0021491
0.00169055
0.00158078
0.0013564
0.00078922
0.000224115
-1.85743e-05
0.000117232
0.000644308
0.00174697
0.003688
0.00440293
0.00470594
0.00469794
0.00426962
0.00396415
0.00364416
0.00336398
0.00323162
0.00283789
0.00215686
0.00163712
0.00145858
0.00124933
0.000740173
0.000180072
-9.73878e-05
2.06802e-05
0.000563787
0.00169674
0.00366538
0.00445562
0.00470795
0.00465588
0.00422905
0.00392159
0.00359898
0.00330406
0.00316945
0.00281997
0.00216282
0.00159447
0.00134525
0.0011343
0.000680521
0.000141569
-0.000164625
-7.09115e-05
0.000481806
0.00164366
0.00364171
0.0045054
0.00470902
0.00461654
0.00419088
0.0038789
0.00355287
0.0032434
0.00310138
0.0027913
0.00216483
0.00156037
0.00124257
0.00101694
0.000611082
0.000102012
-0.000224155
-0.000155458
0.000400121
0.00158778
0.00361697
0.00455226
0.00470928
0.00457948
0.0041546
0.00383609
0.00350632
0.00318272
0.00302832
0.00275162
0.00216119
0.00153357
0.00115267
0.000900535
0.000529445
5.59771e-05
-0.000275625
-0.00023018
0.000321338
0.00152978
0.00358815
0.00459611
0.00470891
0.00454451
0.00411959
0.00379369
0.00345975
0.00312249
0.00295146
0.00270125
0.0021503
0.00151179
0.00107558
0.000787368
0.000436879
2.9081e-06
-0.000321378
-0.000295868
0.000246726
0.00146787
0.00355269
0.00463688
0.004708
0.00451134
0.00408558
0.00375155
0.00341317
0.00306345
0.00287217
0.00264059
0.00213061
0.00149196
0.00100997
0.000681109
0.000338041
-5.9344e-05
-0.000367901
-0.000354771
0.000176306
0.00140377
0.00351408
0.00467454
0.00470673
0.00447967
0.00405209
0.0037098
0.00336661
0.00300586
0.00279189
0.00257057
0.00210077
0.00147136
0.000953731
0.000584459
0.00023679
-0.000132534
-0.000419138
-0.000409067
0.000111992
0.00134315
0.0034743
0.00470903
0.00470507
0.00444952
0.00401901
0.00366793
0.00332005
0.00294963
0.0027118
0.00249291
0.00206032
0.00144808
0.000903891
0.0004974
0.000136332
-0.000214582
-0.000476869
-0.000461622
5.39207e-05
0.00128602
0.00343173
0.00474031
0.00470305
0.0044208
0.00398604
0.00362598
0.00327356
0.00289477
0.00263285
0.00240947
0.00200886
0.00141987
0.000857455
0.000419174
4.03781e-05
-0.000301835
-0.000542382
-0.000516307
-1.73677e-06
0.00123037
0.00338715
0.00476832
0.0047007
0.00439366
0.00395291
0.00358375
0.00322728
0.00284095
0.00255577
0.00232262
0.00194597
0.00138466
0.00081262
0.000348143
-4.96732e-05
-0.000391917
-0.000615846
-0.00057619
-5.74946e-05
0.00117672
0.0033418
0.00479315
0.00469795
0.00436792
0.00391979
0.00354099
0.00318086
0.0027881
0.00248065
0.00223416
0.00187289
0.00134114
0.000767814
0.000281214
-0.000134899
-0.000482963
-0.000695929
-0.000642381
-0.000115369
0.00112314
0.00329482
0.00481478
0.00469478
0.00434375
0.00388659
0.00349765
0.00313434
0.00273623
0.00240703
0.00214567
0.00179203
0.00128728
0.000720562
0.000215819
-0.000216172
-0.000572832
-0.000780731
-0.000715656
-0.000178886
0.00106623
0.00324473
0.00483328
0.004691
0.00432105
0.00385371
0.00345367
0.00308737
0.00268544
0.00233441
0.00205801
0.00170618
0.00122135
0.000668497
0.000151107
-0.000294029
-0.000660761
-0.000869349
-0.00079683
-0.00025085
0.00100289
0.0031895
0.00484875
0.0046865
0.0042997
0.0038213
0.00340959
0.00303933
0.00263548
0.00226313
0.00197073
0.00161851
0.00114396
0.000608074
8.54874e-05
-0.000369772
-0.000746592
-0.000960355
-0.000885167
-0.000332373
0.000930203
0.00312622
0.00486132
0.00468118
0.00427965
0.0037898
0.00336529
0.00298984
0.00258614
0.00219347
0.00188211
0.00153102
0.00105887
0.000536751
1.5006e-05
-0.000447142
-0.000831245
-0.00105211
-0.000978011
-0.000421884
0.000847998
0.00305335
0.00487111
0.00467497
0.0042603
0.00375931
0.00332189
0.00293872
0.00253654
0.00212639
0.00179038
0.00144195
0.000969972
0.0004551
-6.32319e-05
-0.000530585
-0.000918577
-0.00114569
-0.00107429
-0.000517509
0.000757918
0.00297225
0.0048781
0.00466776
0.0042426
0.00372937
0.00327988
0.00288677
0.00248532
0.0020636
0.00169771
0.00134919
0.000879545
0.00036454
-0.000150263
-0.000621838
-0.00101255
-0.00124492
-0.00117767
-0.000622543
0.000656491
0.00287987
0.00488235
0.0046596
0.00421339
0.00370159
0.00323976
0.0028347
0.00243076
0.00200342
0.00160661
0.00125165
0.000788495
0.000269731
-0.000243829
-0.000718785
-0.00111163
-0.00135021
-0.00128991
-0.000739687
0.000539691
0.00276992
0.00488399
0.004651
0.00419732
0.00367531
0.00320198
0.00278441
0.0023719
0.00194206
0.00151746
0.00114703
0.000693613
0.000172273
-0.000343286
-0.000822497
-0.00121795
-0.00146136
-0.00140923
-0.000866223
0.000409958
0.00264411
0.00488226
0.00464199
0.00418047
0.00365263
0.00316741
0.00273633
0.00230972
0.0018765
0.00143025
0.00103634
0.000591019
7.04511e-05
-0.000449066
-0.000934031
-0.00133463
-0.00158239
-0.00153751
-0.00100231
0.000268822
0.00250451
0.00487861
0.0046323
0.00415911
0.00362497
0.0031357
0.00269063
0.00224545
0.00180485
0.00134466
0.000923176
0.00048098
-3.57423e-05
-0.000560564
-0.00105341
-0.00146272
-0.00171647
-0.00167954
-0.00115277
0.00010929
0.00233792
0.00487593
0.00462351
0.00417682
0.00363354
0.00312353
0.00265722
0.00218401
0.00172742
0.00126128
0.000818039
0.000371792
-0.000139998
-0.000671876
-0.00117624
-0.00159938
-0.00186334
-0.00183584
-0.00131814
-6.69201e-05
0.00215024
0.00484129
0.00460539
0.00411289
0.00360219
0.00310284
0.00262513
0.002125
0.00164801
0.00117805
0.000719894
0.000265258
-0.000243533
-0.000783455
-0.00130304
-0.00174454
-0.00202254
-0.00200656
-0.00150102
-0.000260982
0.00194967
0.00487486
0.00461466
0.00416971
0.00359555
0.00303995
0.00252172
0.00200038
0.00151964
0.00106518
0.000614742
0.00015648
-0.000351699
-0.000901531
-0.00143995
-0.00190568
-0.00220875
-0.00221597
-0.00172765
-0.000499932
0.0017035
0.00475535
0.00455358
0.00417595
0.00375938
0.00322487
0.00259032
0.00193274
0.00141054
0.000969683
0.000531944
6.86178e-05
-0.00044911
-0.00101732
-0.00158191
-0.00208174
-0.0024252
-0.00247429
-0.00202255
-0.000831911
0.00133421
0.00488357
0.00462889
0.00414861
0.00351068
0.00294848
0.00239444
0.00184825
0.00136718
0.000934063
0.00050945
5.30942e-05
-0.000459687
-0.00102144
-0.0015793
-0.00208458
-0.00246263
-0.00257758
-0.0022303
-0.0011561
0.000885438
0.00477609
0.00460091
0.00408833
0.00366108
0.00309783
0.0024237
0.0017731
0.00125694
0.000770767
0.000317526
-0.000182482
-0.000709143
-0.00126787
-0.00177936
-0.00218575
-0.00240922
-0.00238038
-0.00193602
-0.000831057
0.0012011
0.00495132
0.00459268
0.00408331
0.00349538
0.00290471
0.0023911
0.0018971
0.0014547
0.00102527
0.000569003
3.51856e-05
-0.000556531
-0.00122289
-0.0019629
-0.00272983
-0.0034092
-0.00382718
-0.00375928
-0.00291212
-0.0010857
0.00512983
0.00448635
0.00388211
0.00333443
0.00276391
0.00211952
0.00152628
0.00108706
0.000654742
0.000143958
-0.000397456
-0.000878652
-0.00112388
-0.00102387
-0.000527799
0.000272106
0.00118629
0.00191609
0.00207154
0.00135957
0.00511615
0.00452403
0.0039493
0.00343013
0.00303396
0.00259304
0.00213901
0.00167857
0.00119286
0.000555918
-0.000186422
-0.00104838
-0.00201488
-0.00302633
-0.00402797
-0.00493539
-0.00559283
-0.00577258
-0.00519938
-0.00362348
0.00526888
0.00447844
0.00385529
0.00331417
0.00287196
0.00234459
0.0017105
0.000977649
0.000372036
-2.33316e-05
-0.000457626
-0.00100503
-0.00147742
-0.00173749
-0.00167579
-0.00128389
-0.000663602
-0.000105708
-8.02115e-06
-0.000738329
0.00526287
0.00445793
0.00385204
0.00347781
0.00324321
0.00291993
0.00258271
0.0021461
0.00160555
0.000787354
-0.000340342
-0.00176911
-0.00343562
-0.0051814
-0.00678755
-0.00806257
-0.0088527
-0.00898899
-0.00825448
-0.00645364
0.0156302
0.00267139
-0.00249106
-0.00185839
-0.000235543
0.00116032
0.00230531
0.00327465
0.00402331
0.00460422
0.00540102
0.00650975
0.00752122
0.00822325
0.00887867
0.00946331
0.00982875
0.0105185
0.0116641
0.0125981
0.0135216
0.0145483
0.0153443
0.0160618
0.0170893
0.0181958
0.0191707
0.0202541
0.0215205
0.022768
0.023914
0.0251585
0.0264939
0.0279042
0.0293317
0.0308599
0.0323908
0.0339741
0.0356267
0.0373075
0.0391049
0.0408501
0.0427285
0.0446107
0.0465833
0.048654
0.0506698
0.0528833
0.0547047
0.0566622
0.0153192
0.00272716
-0.00244946
-0.00184301
-0.000228045
0.00116494
0.00230872
0.00327756
0.00402593
0.00460646
0.00540284
0.00651132
0.00752269
0.00822457
0.00887982
0.0094644
0.00982973
0.0105193
0.0116649
0.0125988
0.0135222
0.0145489
0.0153449
0.0160623
0.0170897
0.0181962
0.0191711
0.0202544
0.0215207
0.0227682
0.0239142
0.0251587
0.0264942
0.0279044
0.0293318
0.03086
0.032391
0.0339742
0.0356269
0.0373076
0.0391051
0.0408502
0.0427286
0.0446108
0.0465834
0.0486541
0.0506699
0.0528834
0.0547047
0.0566622
0.0149701
0.00281277
-0.00238364
-0.00182158
-0.000218521
0.00117038
0.00231227
0.0032803
0.0040283
0.00460846
0.00540446
0.00651278
0.00752409
0.00822578
0.00888086
0.00946539
0.00983055
0.01052
0.0116657
0.0125995
0.0135228
0.0145495
0.0153454
0.0160627
0.01709
0.0181965
0.0191714
0.0202546
0.021521
0.0227685
0.0239145
0.0251589
0.0264943
0.0279046
0.029332
0.0308602
0.0323911
0.0339744
0.035627
0.0373077
0.0391052
0.0408503
0.0427287
0.0446109
0.0465835
0.0486542
0.05067
0.0528835
0.0547048
0.0566622
0.0146488
0.00292708
-0.00228433
-0.00178651
-0.000203389
0.0011785
0.00231693
0.00328339
0.0040308
0.00461057
0.00540622
0.00651433
0.00752557
0.00822706
0.00888194
0.0094664
0.0098313
0.0105206
0.0116664
0.0126002
0.0135234
0.0145501
0.0153459
0.0160631
0.0170904
0.0181969
0.0191717
0.0202549
0.0215212
0.0227687
0.0239147
0.0251591
0.0264945
0.0279048
0.0293322
0.0308603
0.0323913
0.0339745
0.0356271
0.0373078
0.0391053
0.0408504
0.0427288
0.0446109
0.0465836
0.0486542
0.05067
0.0528835
0.0547049
0.0566622
0.0143454
0.00306096
-0.00215593
-0.00173641
-0.000180848
0.00119061
0.00232355
0.00328735
0.00403376
0.00461313
0.00540834
0.00651606
0.00752718
0.00822849
0.00888317
0.00946752
0.00983208
0.0105211
0.0116673
0.012601
0.013524
0.0145507
0.0153465
0.0160635
0.0170908
0.0181973
0.0191721
0.0202552
0.0215215
0.022769
0.0239149
0.0251593
0.0264947
0.027905
0.0293323
0.0308605
0.0323915
0.0339746
0.0356273
0.037308
0.0391054
0.0408505
0.0427289
0.044611
0.0465837
0.0486543
0.0506701
0.0528836
0.054705
0.0566621
0.0140414
0.00320364
-0.00201055
-0.00167567
-0.000151943
0.00120662
0.00233231
0.00329248
0.00403752
0.00461641
0.00541098
0.00651796
0.00752882
0.00823002
0.00888454
0.0094688
0.00983296
0.0105218
0.0116682
0.0126018
0.0135246
0.0145515
0.0153472
0.016064
0.0170912
0.0181978
0.0191724
0.0202555
0.0215218
0.0227693
0.0239151
0.0251595
0.0264949
0.0279052
0.0293325
0.0308607
0.0323916
0.0339748
0.0356274
0.0373081
0.0391055
0.0408507
0.042729
0.0446111
0.0465838
0.0486544
0.0506702
0.0528837
0.0547052
0.0566621
0.0137299
0.00334885
-0.00185604
-0.00160875
-0.000118901
0.00122549
0.00234282
0.00329878
0.00404229
0.00462067
0.00541425
0.00651994
0.00753033
0.00823151
0.00888601
0.00947027
0.00983405
0.0105226
0.0116692
0.0126026
0.0135253
0.0145523
0.0153479
0.0160645
0.0170917
0.0181983
0.0191729
0.0202558
0.0215222
0.0227696
0.0239154
0.0251597
0.0264951
0.0279054
0.0293327
0.0308609
0.0323918
0.033975
0.0356276
0.0373082
0.0391057
0.0408508
0.0427291
0.0446112
0.0465838
0.0486545
0.0506703
0.0528838
0.0547054
0.0566621
0.0134114
0.00349432
-0.00169507
-0.00153791
-8.33869e-05
0.00124616
0.00235448
0.003306
0.00404809
0.00462603
0.00541826
0.00652197
0.00753155
0.00823275
0.00888737
0.00947186
0.00983546
0.0105237
0.0116705
0.0126034
0.013526
0.0145532
0.0153487
0.0160651
0.0170923
0.0181989
0.0191733
0.0202562
0.0215226
0.02277
0.0239157
0.0251599
0.0264954
0.0279056
0.0293329
0.0308611
0.032392
0.0339751
0.0356277
0.0373084
0.0391058
0.0408509
0.0427292
0.0446113
0.0465839
0.0486546
0.0506704
0.052884
0.0547056
0.0566621
0.0130886
0.00363964
-0.00152789
-0.0014638
-4.62674e-05
0.00126802
0.0023669
0.00331385
0.00405475
0.00463242
0.00542296
0.00652403
0.00753239
0.00823358
0.00888841
0.00947337
0.00983718
0.0105254
0.0116722
0.0126044
0.0135265
0.014554
0.0153495
0.0160657
0.0170929
0.0181996
0.0191739
0.0202567
0.0215231
0.0227705
0.0239161
0.0251602
0.0264956
0.0279058
0.0293331
0.0308613
0.0323922
0.0339753
0.0356279
0.0373085
0.039106
0.0408511
0.0427293
0.0446114
0.0465841
0.0486547
0.0506705
0.0528841
0.054706
0.0566621
0.0127648
0.00378463
-0.00135432
-0.00138652
-7.90903e-06
0.00129079
0.00237992
0.00332216
0.00406203
0.00463959
0.00542826
0.00652608
0.00753284
0.0082339
0.00888894
0.00947455
0.009839
0.0105277
0.0116745
0.0126054
0.0135271
0.0145548
0.0153502
0.0160664
0.0170937
0.0182003
0.0191745
0.0202573
0.0215237
0.022771
0.0239165
0.0251605
0.0264959
0.0279061
0.0293333
0.0308615
0.0323924
0.0339755
0.0356281
0.0373087
0.0391061
0.0408512
0.0427295
0.0446116
0.0465842
0.0486548
0.0506706
0.0528843
0.0547064
0.0566622
0.0124423
0.00392879
-0.0011745
-0.00130599
3.15332e-05
0.00131438
0.00239353
0.00333085
0.00406974
0.00464735
0.00543401
0.00652808
0.00753288
0.00823372
0.00888888
0.0094752
0.00984063
0.0105305
0.0116777
0.0126069
0.0135275
0.0145553
0.0153509
0.0160671
0.0170945
0.0182012
0.0191753
0.020258
0.0215244
0.0227717
0.023917
0.0251609
0.0264962
0.0279063
0.0293336
0.0308617
0.0323926
0.0339757
0.0356283
0.0373089
0.0391063
0.0408514
0.0427296
0.0446117
0.0465843
0.048655
0.0506708
0.0528846
0.054707
0.0566623
0.0121232
0.00407138
-0.000988752
-0.00122215
7.19457e-05
0.00133874
0.00240774
0.00333995
0.00407782
0.00465557
0.00544015
0.00653001
0.00753251
0.00823307
0.0088883
0.00947523
0.00984178
0.0105333
0.0116816
0.0126088
0.0135278
0.0145555
0.0153513
0.0160678
0.0170954
0.0182021
0.0191761
0.0202588
0.0215252
0.0227724
0.0239176
0.0251615
0.0264966
0.0279066
0.0293338
0.030862
0.0323928
0.0339759
0.0356285
0.0373091
0.0391066
0.0408516
0.0427298
0.0446119
0.0465845
0.0486552
0.0506709
0.0528848
0.0547077
0.0566625
0.0118088
0.00421171
-0.000797398
-0.00113491
0.000113194
0.0013638
0.0024226
0.00334948
0.00408627
0.00466422
0.00544667
0.00653191
0.00753172
0.00823199
0.0088873
0.00947471
0.0098423
0.0105358
0.0116859
0.0126113
0.013528
0.0145554
0.0153513
0.0160682
0.0170962
0.018203
0.019177
0.0202597
0.021526
0.0227731
0.0239184
0.0251621
0.0264972
0.027907
0.0293341
0.0308622
0.032393
0.0339761
0.0356287
0.0373093
0.0391068
0.0408518
0.04273
0.0446121
0.0465846
0.0486554
0.0506711
0.0528851
0.0547085
0.0566628
0.0115
0.00434922
-0.000600644
-0.00104412
0.000155135
0.00138947
0.00243815
0.00335952
0.00409512
0.00467334
0.00545362
0.00653386
0.00753046
0.00823052
0.008886
0.00947376
0.00984216
0.0105375
0.0116903
0.012614
0.0135281
0.0145549
0.0153511
0.0160685
0.017097
0.0182039
0.019178
0.0202608
0.021527
0.0227739
0.0239191
0.025163
0.0264979
0.0279074
0.0293344
0.0308625
0.0323933
0.0339763
0.0356289
0.0373095
0.039107
0.0408521
0.0427303
0.0446124
0.0465849
0.0486556
0.0506714
0.0528855
0.0547095
0.0566632
0.0111972
0.00448341
-0.00039861
-0.000949524
0.000197645
0.00141564
0.00245442
0.00337014
0.00410442
0.00468299
0.00546104
0.006536
0.00752883
0.00822866
0.00888448
0.00947255
0.00984148
0.0105382
0.011694
0.0126168
0.0135279
0.0145539
0.0153503
0.0160685
0.0170977
0.0182047
0.0191789
0.0202619
0.0215281
0.0227747
0.0239199
0.0251639
0.0264987
0.027908
0.0293348
0.0308629
0.0323936
0.0339765
0.0356291
0.0373097
0.0391073
0.0408524
0.0427306
0.0446127
0.0465851
0.0486559
0.0506716
0.0528859
0.0547106
0.0566637
0.0109003
0.00461377
-0.000191356
-0.000850774
0.000240645
0.00144217
0.00247146
0.00338141
0.00411423
0.00469318
0.00546897
0.00653842
0.00752682
0.00822646
0.0088828
0.00947125
0.00984043
0.010538
0.0116966
0.0126194
0.0135273
0.0145524
0.0153492
0.0160683
0.0170983
0.0182056
0.0191798
0.0202631
0.0215293
0.0227755
0.0239207
0.0251649
0.0264998
0.0279087
0.0293352
0.0308632
0.0323939
0.0339768
0.0356293
0.0373099
0.0391075
0.0408526
0.0427309
0.044613
0.0465854
0.0486562
0.0506719
0.0528864
0.0547119
0.0566644
0.0106093
0.00473973
2.10893e-05
-0.000747401
0.000284119
0.00146892
0.00248926
0.00339341
0.00412455
0.00470389
0.00547738
0.00654122
0.00752451
0.00822397
0.00888105
0.00947006
0.00983925
0.0105369
0.0116976
0.0126215
0.013526
0.0145502
0.0153477
0.0160679
0.017099
0.0182064
0.0191806
0.0202643
0.0215307
0.0227764
0.0239213
0.0251659
0.026501
0.0279096
0.0293357
0.0308636
0.0323942
0.0339771
0.0356296
0.0373101
0.0391077
0.0408529
0.0427312
0.0446133
0.0465858
0.0486566
0.0506723
0.0528869
0.0547135
0.0566652
0.010324
0.00486072
0.000238699
-0.000638838
0.000328116
0.00149574
0.0025078
0.00340618
0.0041354
0.00471508
0.00548628
0.00654449
0.00752201
0.00822127
0.00887927
0.00946914
0.00983827
0.0105355
0.0116971
0.0126231
0.0135244
0.0145474
0.0153458
0.0160675
0.0170996
0.0182073
0.0191814
0.0202654
0.021532
0.0227772
0.0239219
0.0251668
0.0265023
0.0279106
0.0293362
0.030864
0.0323946
0.0339774
0.0356299
0.0373103
0.0391078
0.0408531
0.0427315
0.0446137
0.0465862
0.048657
0.0506728
0.0528875
0.0547152
0.0566661
0.0100445
0.00497617
0.000461408
-0.000524436
0.000372756
0.00152246
0.00252705
0.00341975
0.00414679
0.00472669
0.00549565
0.00654831
0.00751949
0.00821845
0.00887753
0.00946867
0.00983789
0.0105342
0.011695
0.0126242
0.0135224
0.014544
0.0153436
0.0160671
0.0171003
0.0182083
0.0191823
0.0202665
0.0215334
0.0227781
0.0239225
0.0251677
0.0265036
0.0279118
0.0293368
0.0308644
0.032395
0.0339778
0.0356302
0.0373105
0.039108
0.0408533
0.0427319
0.0446141
0.0465867
0.0486575
0.0506733
0.0528883
0.0547172
0.0566673
0.00977081
0.00508553
0.000689054
-0.000403499
0.000418226
0.00154894
0.00254692
0.00343414
0.0041587
0.00473867
0.0055055
0.00655274
0.00751714
0.00821562
0.00887589
0.00946874
0.00983864
0.0105337
0.0116919
0.0126251
0.0135204
0.0145404
0.0153412
0.0160669
0.0171011
0.0182093
0.0191832
0.0202676
0.0215346
0.022779
0.023923
0.0251685
0.0265048
0.027913
0.0293375
0.0308648
0.0323953
0.0339782
0.0356305
0.0373108
0.0391081
0.0408534
0.0427322
0.0446145
0.0465871
0.0486581
0.0506739
0.0528891
0.0547193
0.0566685
0.00950334
0.00518824
0.000921323
-0.000275327
0.000464774
0.00157501
0.00256733
0.00344935
0.00417117
0.00475096
0.00551587
0.00655783
0.00751514
0.00821293
0.00887446
0.00946937
0.009841
0.0105347
0.0116883
0.012626
0.0135186
0.0145368
0.0153389
0.0160671
0.017102
0.0182105
0.0191844
0.0202688
0.0215356
0.0227799
0.0239236
0.0251693
0.0265059
0.0279142
0.0293381
0.0308652
0.0323957
0.0339786
0.0356309
0.037311
0.0391083
0.0408535
0.0427324
0.0446149
0.0465877
0.0486587
0.0506745
0.05289
0.0547217
0.05667
0.00924277
0.00528382
0.0011577
-0.000139253
0.000512718
0.0016005
0.00258815
0.00346542
0.00418423
0.00476356
0.00552678
0.00656359
0.00751364
0.00821048
0.00887327
0.00947061
0.00984535
0.0105379
0.0116849
0.0126272
0.0135173
0.0145331
0.0153368
0.0160679
0.017103
0.0182116
0.0191857
0.0202701
0.0215363
0.0227806
0.0239242
0.0251702
0.0265069
0.0279154
0.0293388
0.0308656
0.0323961
0.033979
0.0356313
0.0373113
0.0391084
0.0408536
0.0427327
0.0446153
0.0465882
0.0486593
0.0506753
0.052891
0.0547243
0.0566716
0.00898994
0.00537189
0.00139744
5.30419e-06
0.000562473
0.00162526
0.00260922
0.00348234
0.00419791
0.00477651
0.00553828
0.00657001
0.00751273
0.00820833
0.00887238
0.0094723
0.00985184
0.0105434
0.0116822
0.0126287
0.0135166
0.0145297
0.015335
0.0160694
0.0171042
0.0182128
0.0191874
0.0202717
0.0215369
0.0227811
0.0239248
0.0251712
0.0265077
0.0279165
0.0293394
0.030866
0.0323965
0.0339794
0.0356317
0.0373117
0.0391086
0.0408537
0.0427329
0.0446157
0.0465888
0.04866
0.0506761
0.0528921
0.0547271
0.0566733
0.00874561
0.00545213
0.00163961
0.00015877
0.000614534
0.0016492
0.00263038
0.00350014
0.00421227
0.00478984
0.00555035
0.00657705
0.00751244
0.00820652
0.00887178
0.00947433
0.00986048
0.0105514
0.0116808
0.0126306
0.0135165
0.0145265
0.0153336
0.0160718
0.0171057
0.0182138
0.0191894
0.0202737
0.0215372
0.0227814
0.0239256
0.0251725
0.0265086
0.0279175
0.0293401
0.0308664
0.0323969
0.0339798
0.0356322
0.037312
0.0391087
0.0408537
0.0427332
0.0446161
0.0465893
0.0486607
0.0506769
0.0528933
0.05473
0.0566751
0.00851056
0.0055244
0.00188309
0.000321418
0.000669441
0.0016722
0.00265141
0.00351882
0.00422738
0.00480362
0.005563
0.00658463
0.00751271
0.00820505
0.00887146
0.00947668
0.0098711
0.0105615
0.0116806
0.0126327
0.013517
0.0145235
0.0153326
0.0160749
0.0171074
0.0182147
0.0191916
0.0202761
0.0215376
0.0227814
0.0239265
0.025174
0.0265094
0.0279185
0.0293407
0.0308669
0.0323973
0.0339802
0.0356326
0.0373123
0.0391089
0.0408538
0.0427335
0.0446165
0.0465899
0.0486614
0.0506778
0.0528945
0.0547332
0.0566771
0.00828504
0.00558868
0.00212666
0.000493387
0.000727894
0.00169422
0.00267204
0.00353834
0.00424331
0.00481791
0.0055762
0.00659269
0.00751351
0.00820385
0.00887141
0.00948267
0.00988334
0.0105736
0.0116817
0.012635
0.0135181
0.0145206
0.0153321
0.0160789
0.0171095
0.0182155
0.0191942
0.0202788
0.0215379
0.0227813
0.0239274
0.0251757
0.0265103
0.0279195
0.0293414
0.0308673
0.0323977
0.0339807
0.0356331
0.0373126
0.039109
0.0408539
0.0427338
0.044617
0.0465906
0.0486622
0.0506787
0.0528958
0.0547365
0.0566792
0.0080694
0.00564507
0.00236892
0.000674534
0.000790691
0.00171531
0.002692
0.00355864
0.00426012
0.00483275
0.00558988
0.00660117
0.00751478
0.00820293
0.00887157
0.00948567
0.00989682
0.010587
0.0116838
0.0126373
0.0135194
0.0145178
0.015332
0.0160837
0.017112
0.0182162
0.0191969
0.0202818
0.0215383
0.022781
0.0239285
0.0251777
0.0265113
0.0279205
0.0293421
0.0308678
0.0323982
0.0339812
0.0356335
0.0373129
0.0391092
0.040854
0.0427342
0.0446174
0.0465912
0.0486629
0.0506796
0.0528972
0.0547399
0.0566815
0.0078644
0.00569402
0.00260848
0.000864507
0.000858752
0.00173554
0.00271091
0.00357962
0.00427792
0.00484825
0.00560402
0.00661
0.00751644
0.00820227
0.00887193
0.00948889
0.00991113
0.0106013
0.0116867
0.0126395
0.013521
0.014515
0.0153323
0.016089
0.0171148
0.0182169
0.0191999
0.0202851
0.0215388
0.0227807
0.0239297
0.0251798
0.0265124
0.0279216
0.029343
0.0308683
0.0323987
0.0339817
0.035634
0.0373132
0.0391093
0.0408541
0.0427346
0.044618
0.0465919
0.0486637
0.0506806
0.0528986
0.0547435
0.0566838
0.00767024
0.00573637
0.00284387
0.00106266
0.00093323
0.00175537
0.00272851
0.00360106
0.00429671
0.00486443
0.00561862
0.00661922
0.0075185
0.00820185
0.00887249
0.00949238
0.009926
0.0106164
0.0116902
0.0126415
0.0135226
0.0145121
0.0153328
0.0160948
0.0171179
0.0182175
0.0192031
0.0202886
0.0215394
0.0227804
0.0239311
0.025182
0.0265137
0.0279227
0.0293439
0.0308688
0.0323992
0.0339823
0.0356346
0.0373135
0.0391094
0.0408543
0.0427351
0.0446186
0.0465926
0.0486646
0.0506816
0.0529001
0.0547473
0.0566863
0.00748622
0.00577297
0.00307372
0.00126777
0.0010148
0.0017751
0.00274467
0.00362296
0.0043166
0.00488127
0.00563356
0.00662876
0.00752092
0.0082017
0.00887326
0.00949611
0.00994121
0.0106319
0.0116942
0.0126432
0.0135243
0.0145092
0.0153335
0.0161009
0.0171214
0.0182182
0.0192064
0.0202923
0.0215401
0.0227801
0.0239325
0.0251843
0.0265152
0.0279239
0.029345
0.0308694
0.0323998
0.0339829
0.0356351
0.0373138
0.0391095
0.0408544
0.0427356
0.0446192
0.0465934
0.0486654
0.0506827
0.0529016
0.0547512
0.056689
0.00731295
0.00580457
0.00329685
0.00147899
0.00110432
0.00179486
0.00275876
0.00364498
0.00433773
0.00489903
0.00564895
0.00663861
0.00752365
0.00820181
0.00887428
0.00950016
0.00995663
0.0106477
0.0116984
0.0126448
0.013526
0.0145063
0.0153344
0.0161072
0.017125
0.0182189
0.0192098
0.020296
0.0215409
0.0227799
0.0239341
0.0251867
0.0265167
0.0279253
0.0293461
0.0308701
0.0324004
0.0339836
0.0356357
0.0373141
0.0391096
0.0408546
0.0427362
0.0446199
0.0465942
0.0486663
0.0506838
0.0529032
0.0547552
0.0566918
0.00715317
0.00583277
0.00351203
0.00169543
0.00120324
0.00181574
0.00277055
0.0036664
0.00435974
0.00491761
0.00566489
0.00664895
0.00752676
0.00820213
0.00887555
0.00950449
0.00997221
0.0106637
0.0117028
0.0126462
0.0135277
0.0145033
0.0153353
0.0161136
0.0171288
0.0182197
0.0192134
0.0202999
0.0215418
0.0227797
0.0239358
0.0251892
0.0265184
0.0279267
0.0293474
0.0308707
0.0324011
0.0339843
0.0356363
0.0373144
0.0391097
0.0408548
0.0427369
0.0446207
0.0465951
0.0486673
0.0506849
0.0529049
0.0547594
0.0566947
0.00700822
0.00585953
0.00371865
0.00191535
0.00131165
0.00183866
0.00278061
0.00368757
0.00438281
0.00493693
0.00568111
0.00665956
0.00753019
0.00820274
0.00887684
0.00950909
0.00998784
0.0106799
0.0117074
0.0126476
0.0135295
0.0145004
0.0153363
0.0161201
0.0171328
0.0182206
0.019217
0.0203038
0.0215428
0.0227796
0.0239375
0.0251917
0.0265202
0.0279282
0.0293487
0.0308715
0.0324018
0.033985
0.035637
0.0373147
0.0391098
0.040855
0.0427375
0.0446214
0.046596
0.0486683
0.0506862
0.0529066
0.0547638
0.0566977
0.00687777
0.00588606
0.00391658
0.00213801
0.00143016
0.00186403
0.00278846
0.00370802
0.00440719
0.00495755
0.00569798
0.00667057
0.00753399
0.0082037
0.00887866
0.00951406
0.0100036
0.010696
0.0117122
0.0126489
0.0135312
0.0144976
0.0153374
0.0161265
0.0171369
0.0182217
0.0192207
0.0203078
0.0215439
0.0227796
0.0239394
0.0251943
0.026522
0.0279298
0.02935
0.0308723
0.0324025
0.0339858
0.0356377
0.037315
0.0391099
0.0408552
0.0427382
0.0446222
0.0465969
0.0486693
0.0506874
0.0529085
0.0547683
0.056701
0.00675618
0.00591231
0.00410469
0.00236182
0.00155937
0.00189302
0.00279363
0.00372644
0.00443207
0.00497926
0.00571565
0.00668219
0.00753825
0.00820491
0.00888073
0.00951934
0.0100194
0.0107123
0.0117172
0.0126504
0.013533
0.0144947
0.0153384
0.016133
0.017141
0.0182228
0.0192245
0.0203119
0.021545
0.0227797
0.0239413
0.025197
0.026524
0.0279314
0.0293515
0.0308731
0.0324032
0.0339866
0.0356384
0.0373153
0.03911
0.0408555
0.042739
0.0446231
0.0465979
0.0486704
0.0506888
0.0529104
0.054773
0.0567043
0.00664282
0.00593953
0.00428258
0.00258402
0.00169816
0.00192674
0.00279733
0.00374331
0.00445723
0.00500148
0.0057334
0.00669393
0.00754285
0.0082065
0.00888296
0.00952487
0.0100352
0.0107286
0.0117223
0.0126519
0.0135348
0.014492
0.0153395
0.0161394
0.0171452
0.0182241
0.0192283
0.020316
0.0215462
0.0227798
0.0239433
0.0251998
0.026526
0.0279331
0.0293529
0.0308739
0.032404
0.0339875
0.0356391
0.0373156
0.0391101
0.0408557
0.0427397
0.044624
0.0465989
0.0486715
0.0506902
0.0529124
0.0547778
0.0567079
0.00654356
0.00597117
0.00445253
0.00280428
0.00184678
0.00196653
0.00280001
0.00375847
0.00448338
0.00502557
0.00575237
0.00670638
0.00754795
0.00820852
0.00888572
0.00953088
0.0100512
0.0107448
0.0117275
0.0126536
0.0135367
0.0144893
0.0153406
0.0161459
0.0171496
0.0182256
0.0192323
0.0203203
0.0215474
0.02278
0.0239453
0.0252026
0.026528
0.0279348
0.0293544
0.0308748
0.0324049
0.0339884
0.0356399
0.0373159
0.0391102
0.040856
0.0427405
0.0446249
0.0465999
0.0486726
0.0506916
0.0529145
0.0547828
0.0567116
0.00645106
0.00600669
0.0046143
0.00302088
0.00200371
0.00201327
0.00280148
0.00377068
0.00450934
0.00505092
0.00577244
0.0067196
0.00755357
0.00821079
0.0088887
0.00953718
0.0100673
0.0107612
0.011733
0.0126555
0.0135386
0.0144867
0.0153417
0.0161524
0.017154
0.0182271
0.0192364
0.0203247
0.0215488
0.0227803
0.0239474
0.0252055
0.0265302
0.0279366
0.029356
0.0308758
0.0324057
0.0339893
0.0356407
0.0373163
0.0391103
0.0408563
0.0427414
0.0446258
0.046601
0.0486738
0.0506932
0.0529166
0.0547879
0.0567155
0.00636517
0.00604629
0.00476763
0.00323082
0.00216702
0.00206839
0.00280332
0.00378006
0.00453379
0.00507603
0.00579237
0.00673277
0.0075595
0.00821356
0.00889197
0.00954375
0.0100833
0.0107774
0.0117386
0.0126575
0.0135405
0.0144842
0.0153429
0.0161589
0.0171585
0.0182288
0.0192405
0.0203291
0.0215502
0.0227806
0.0239495
0.0252085
0.0265324
0.0279385
0.0293576
0.0308768
0.0324066
0.0339902
0.0356415
0.0373167
0.0391105
0.0408566
0.0427422
0.0446268
0.0466022
0.0486751
0.0506948
0.0529189
0.0547932
0.0567195
0.00629764
0.00609482
0.00491679
0.00343472
0.0023368
0.0021335
0.00280688
0.00378733
0.00455819
0.0051033
0.00581437
0.00674732
0.00756635
0.00821682
0.00889569
0.00955084
0.0100994
0.0107937
0.0117443
0.0126597
0.0135425
0.0144818
0.0153441
0.0161655
0.017163
0.0182307
0.0192448
0.0203336
0.0215518
0.022781
0.0239518
0.0252115
0.0265347
0.0279404
0.0293592
0.0308778
0.0324075
0.0339912
0.0356424
0.0373171
0.0391106
0.0408569
0.0427431
0.0446278
0.0466034
0.0486764
0.0506965
0.0529213
0.0547986
0.0567238
0.00623775
0.0061506
0.00506153
0.00362964
0.00250827
0.00220744
0.00281235
0.00379216
0.0045816
0.0051315
0.00583749
0.00676269
0.00757384
0.00822051
0.00889973
0.00955828
0.0101157
0.01081
0.0117504
0.0126622
0.0135446
0.0144795
0.0153454
0.0161721
0.0171677
0.0182327
0.0192492
0.0203383
0.0215534
0.0227815
0.023954
0.0252146
0.026537
0.0279424
0.0293609
0.0308789
0.0324085
0.0339922
0.0356433
0.0373175
0.0391108
0.0408573
0.042744
0.0446289
0.0466046
0.0486778
0.0506982
0.0529237
0.0548042
0.0567282
0.00618684
0.00621215
0.00519976
0.00381351
0.00268071
0.00229132
0.00282079
0.00379358
0.00460142
0.00515825
0.0058602
0.0067779
0.0075813
0.00822464
0.0089042
0.00956596
0.0101318
0.0108262
0.0117564
0.0126648
0.0135466
0.0144774
0.0153467
0.0161786
0.0171724
0.0182348
0.0192536
0.020343
0.0215551
0.0227821
0.0239564
0.0252178
0.0265395
0.0279445
0.0293627
0.03088
0.0324095
0.0339932
0.0356442
0.0373179
0.039111
0.0408576
0.042745
0.04463
0.0466059
0.0486793
0.0507001
0.0529263
0.05481
0.0567329
0.00616771
0.00628604
0.00533764
0.00399113
0.00285651
0.00238732
0.00283463
0.00379387
0.00461999
0.00518631
0.00588554
0.00679574
0.00759098
0.00823068
0.00890917
0.00957417
0.0101482
0.0108424
0.0117626
0.0126676
0.0135488
0.0144754
0.0153481
0.0161853
0.0171773
0.0182371
0.0192582
0.0203478
0.021557
0.0227827
0.0239588
0.0252211
0.026542
0.0279466
0.0293645
0.0308812
0.0324105
0.0339943
0.0356451
0.0373184
0.0391113
0.040858
0.042746
0.0446311
0.0466073
0.0486808
0.050702
0.052929
0.0548159
0.0567377
0.00616487
0.0063678
0.00547183
0.00415707
0.00302851
0.00249203
0.00285456
0.0037943
0.00463737
0.00521437
0.00591162
0.00681406
0.00760083
0.008236
0.00891436
0.00958279
0.0101648
0.0108588
0.0117693
0.0126707
0.0135511
0.0144741
0.0153494
0.0161918
0.0171822
0.0182395
0.0192629
0.0203528
0.0215589
0.0227835
0.0239613
0.0252244
0.0265446
0.0279489
0.0293663
0.0308824
0.0324116
0.0339954
0.0356461
0.0373189
0.0391115
0.0408585
0.0427471
0.0446323
0.0466087
0.0486823
0.050704
0.0529318
0.0548219
0.0567428
0.00617998
0.00645512
0.00559833
0.00430951
0.00319523
0.0026037
0.00287954
0.00379205
0.00464982
0.00523954
0.00593673
0.00683238
0.00761135
0.00824189
0.00891992
0.00959156
0.0101811
0.0108748
0.0117758
0.0126738
0.0135534
0.0144724
0.0153509
0.0161985
0.0171872
0.0182421
0.0192677
0.0203578
0.021561
0.0227844
0.0239639
0.0252279
0.0265473
0.0279511
0.0293682
0.0308837
0.0324127
0.0339966
0.0356471
0.0373194
0.0391118
0.0408589
0.0427482
0.0446336
0.0466102
0.048684
0.0507062
0.0529347
0.0548281
0.056748
0.00625813
0.00656049
0.00572835
0.0044581
0.0033602
0.00272354
0.00291199
0.0037907
0.00466106
0.00526437
0.0059638
0.00685412
0.00762446
0.00824901
0.00892609
0.00960079
0.0101977
0.0108911
0.0117827
0.0126772
0.0135558
0.0144709
0.0153525
0.0162051
0.0171923
0.0182448
0.0192726
0.0203629
0.0215632
0.0227854
0.0239665
0.0252314
0.02655
0.0279535
0.0293702
0.0308851
0.0324139
0.0339977
0.0356482
0.03732
0.0391122
0.0408594
0.0427493
0.0446348
0.0466118
0.0486857
0.0507084
0.0529377
0.0548345
0.0567535
0.00637947
0.0066807
0.00586044
0.00459972
0.00351944
0.00284984
0.00295405
0.00379344
0.00467268
0.00528831
0.00599048
0.0068762
0.00763741
0.00825605
0.00893241
0.00961048
0.0102145
0.0109076
0.0117899
0.0126808
0.0135583
0.0144696
0.015354
0.0162117
0.0171974
0.0182478
0.0192776
0.0203681
0.0215655
0.0227865
0.0239693
0.025235
0.0265529
0.0279559
0.0293722
0.0308865
0.0324151
0.033999
0.0356493
0.0373206
0.0391125
0.0408599
0.0427505
0.0446362
0.0466134
0.0486875
0.0507107
0.0529409
0.054841
0.0567592
0.0064957
0.00680146
0.0059889
0.00473261
0.00367157
0.00297913
0.00300311
0.00379676
0.00468008
0.00530797
0.00601482
0.00689853
0.0076527
0.00826503
0.00893954
0.0096204
0.010231
0.0109236
0.011797
0.0126845
0.0135609
0.0144686
0.0153558
0.0162184
0.0172027
0.0182509
0.0192827
0.0203734
0.021568
0.0227878
0.0239721
0.0252387
0.0265558
0.0279584
0.0293743
0.0308879
0.0324163
0.0340002
0.0356504
0.0373212
0.0391129
0.0408605
0.0427517
0.0446375
0.0466151
0.0486893
0.0507132
0.0529442
0.0548476
0.0567652
0.00660098
0.00692288
0.00611787
0.00486251
0.00381678
0.00310805
0.00305704
0.00380196
0.00468724
0.00532705
0.0060395
0.00692304
0.00767037
0.00827518
0.00894695
0.00963041
0.0102475
0.0109398
0.0118046
0.0126886
0.0135638
0.0144678
0.0153576
0.016225
0.0172081
0.0182542
0.019288
0.0203788
0.0215706
0.0227891
0.023975
0.0252424
0.0265589
0.027961
0.0293764
0.0308895
0.0324176
0.0340015
0.0356515
0.0373218
0.0391134
0.0408611
0.042753
0.044639
0.0466169
0.0486913
0.0507157
0.0529477
0.0548544
0.0567714
0.00669668
0.00704525
0.00624905
0.00498903
0.00395314
0.0032367
0.00311998
0.00381395
0.00469711
0.00534555
0.0060623
0.00694687
0.00768865
0.00828624
0.0089552
0.0096412
0.0102645
0.0109562
0.0118124
0.0126927
0.0135666
0.0144672
0.0153595
0.0162317
0.0172136
0.0182576
0.0192933
0.0203843
0.0215733
0.0227906
0.023978
0.0252463
0.026562
0.0279637
0.0293787
0.0308911
0.032419
0.0340029
0.0356527
0.0373225
0.0391139
0.0408617
0.0427544
0.0446404
0.0466187
0.0486933
0.0507184
0.0529513
0.0548612
0.0567778
0.00678003
0.0071661
0.00637983
0.00511352
0.00408524
0.00336771
0.0031903
0.0038297
0.00470598
0.00536072
0.00608187
0.00697055
0.00770954
0.00829987
0.00896469
0.00965215
0.010281
0.0109722
0.0118202
0.0126971
0.0135696
0.0144669
0.0153615
0.0162383
0.0172192
0.0182613
0.0192988
0.0203899
0.0215762
0.0227923
0.0239811
0.0252502
0.0265653
0.0279664
0.029381
0.0308928
0.0324204
0.0340043
0.035654
0.0373232
0.0391144
0.0408624
0.0427558
0.044642
0.0466207
0.0486954
0.0507211
0.052955
0.0548683
0.0567844
0.00685001
0.00728385
0.00651252
0.005241
0.00421396
0.0034959
0.0032629
0.00384736
0.00471594
0.0053763
0.00610075
0.0069945
0.00773199
0.00831458
0.00897425
0.00966304
0.0102975
0.0109884
0.0118286
0.0127018
0.0135729
0.0144669
0.0153637
0.016245
0.0172249
0.0182652
0.0193044
0.0203956
0.0215793
0.0227941
0.0239843
0.0252542
0.0265686
0.0279693
0.0293833
0.0308945
0.0324219
0.0340057
0.0356553
0.037324
0.039115
0.0408631
0.0427573
0.0446436
0.0466227
0.0486977
0.050724
0.0529589
0.0548754
0.0567913
0.00690912
0.00740125
0.00664778
0.005368
0.00433431
0.00361923
0.00333949
0.00387036
0.00472949
0.00539285
0.00611728
0.00701624
0.0077548
0.00833101
0.00898546
0.00967505
0.0103144
0.0110047
0.011837
0.0127066
0.0135764
0.0144672
0.0153659
0.0162516
0.0172307
0.0182693
0.0193102
0.0204014
0.0215825
0.0227961
0.0239876
0.0252583
0.0265721
0.0279722
0.0293858
0.0308963
0.0324234
0.0340072
0.0356566
0.0373248
0.0391157
0.0408638
0.0427589
0.0446453
0.0466248
0.0487
0.0507271
0.052963
0.0548827
0.0567984
0.00696
0.00751941
0.00678093
0.00549196
0.00444967
0.00374127
0.00342115
0.00389732
0.00474463
0.00540903
0.00613113
0.00703628
0.00777934
0.00835023
0.00899829
0.00968728
0.0103309
0.0110207
0.0118457
0.0127117
0.0135799
0.0144677
0.0153684
0.0162583
0.0172366
0.0182735
0.019316
0.0204073
0.0215859
0.0227983
0.023991
0.0252626
0.0265756
0.0279753
0.0293883
0.0308982
0.032425
0.0340088
0.035658
0.0373256
0.0391164
0.0408646
0.0427605
0.044647
0.046627
0.0487024
0.0507302
0.0529672
0.0548901
0.0568058
0.00700226
0.00763355
0.00690951
0.00561496
0.00456228
0.00386146
0.00350592
0.00392663
0.00476112
0.00542652
0.00614412
0.00705511
0.00780455
0.00837082
0.00901186
0.00969995
0.0103476
0.0110368
0.0118546
0.012717
0.0135838
0.0144686
0.015371
0.016265
0.0172427
0.018278
0.0193221
0.0204134
0.0215895
0.0228006
0.0239946
0.0252669
0.0265793
0.0279784
0.029391
0.0309002
0.0324266
0.0340104
0.0356595
0.0373265
0.0391172
0.0408655
0.0427622
0.0446488
0.0466293
0.0487049
0.0507335
0.0529716
0.0548976
0.0568134
0.00703142
0.00774068
0.0070348
0.0057385
0.00467261
0.00397822
0.00359212
0.00395783
0.00477975
0.00544685
0.00615678
0.00707137
0.00782904
0.00839281
0.00902723
0.0097138
0.0103646
0.0110528
0.0118636
0.0127225
0.0135879
0.0144698
0.0153737
0.0162717
0.0172489
0.0182827
0.0193282
0.0204195
0.0215932
0.0228031
0.0239982
0.0252713
0.026583
0.0279817
0.0293937
0.0309023
0.0324284
0.034012
0.035661
0.0373275
0.0391181
0.0408664
0.0427639
0.0446507
0.0466317
0.0487076
0.0507369
0.0529762
0.0549052
0.0568213
0.00704503
0.00784157
0.00716014
0.00586299
0.00477858
0.00408976
0.00368042
0.00399245
0.00480065
0.0054695
0.0061684
0.00708466
0.0078535
0.00841707
0.00904439
0.00972838
0.0103816
0.0110689
0.011873
0.0127282
0.013592
0.0144713
0.0153767
0.0162785
0.0172553
0.0182876
0.0193345
0.0204258
0.0215972
0.0228059
0.024002
0.0252757
0.0265869
0.0279851
0.0293965
0.0309045
0.0324302
0.0340137
0.0356625
0.0373285
0.039119
0.0408674
0.0427658
0.0446526
0.0466342
0.0487104
0.0507404
0.052981
0.0549129
0.0568294
0.00704077
0.00793555
0.00728289
0.00598433
0.00488005
0.00419852
0.00377278
0.00402985
0.00482166
0.00549376
0.00618043
0.00709626
0.00787752
0.00844238
0.00906274
0.00974385
0.0103992
0.011085
0.0118824
0.012734
0.0135965
0.0144733
0.0153799
0.0162852
0.0172617
0.0182927
0.0193409
0.0204322
0.0216013
0.0228088
0.024006
0.0252804
0.0265909
0.0279885
0.0293994
0.0309067
0.032432
0.0340155
0.0356642
0.0373295
0.03912
0.0408685
0.0427678
0.0446547
0.0466368
0.0487133
0.050744
0.052986
0.0549208
0.0568378
0.00702485
0.00802087
0.00740155
0.00610465
0.00498031
0.00430388
0.0038662
0.00406824
0.00484246
0.00552093
0.00619425
0.00710569
0.00789984
0.00846856
0.00908286
0.00976048
0.010417
0.0111012
0.0118921
0.0127402
0.0136012
0.0144755
0.0153831
0.016292
0.0172684
0.0182982
0.0193475
0.0204387
0.0216056
0.022812
0.0240101
0.025285
0.026595
0.0279921
0.0294024
0.0309091
0.032434
0.0340173
0.0356659
0.0373307
0.0391211
0.0408696
0.0427698
0.0446568
0.0466396
0.0487163
0.0507478
0.0529912
0.0549287
0.0568464
0.00700581
0.00809738
0.00751773
0.00622525
0.00507826
0.00440357
0.0039607
0.00410976
0.00486392
0.00555052
0.0062095
0.00711319
0.00792092
0.0084958
0.00910448
0.00977805
0.0104353
0.0111176
0.0119021
0.0127464
0.013606
0.014478
0.0153867
0.0162989
0.0172751
0.0183037
0.0193542
0.0204454
0.0216101
0.0228153
0.0240143
0.0252898
0.0265993
0.0279958
0.0294056
0.0309115
0.032436
0.0340192
0.0356676
0.0373318
0.0391223
0.0408708
0.0427719
0.044659
0.0466424
0.0487195
0.0507517
0.0529966
0.0549368
0.0568552
0.0069875
0.0081653
0.00763001
0.00634499
0.005174
0.00449785
0.00405645
0.00415482
0.00488478
0.00558131
0.00622704
0.00711978
0.00794022
0.00852313
0.00912738
0.00979678
0.0104541
0.0111344
0.0119124
0.0127527
0.013611
0.0144811
0.0153906
0.0163058
0.017282
0.0183096
0.0193612
0.0204522
0.0216148
0.0228189
0.0240187
0.0252948
0.0266036
0.0279997
0.0294088
0.0309141
0.0324381
0.0340212
0.0356694
0.0373331
0.0391236
0.0408721
0.0427742
0.0446614
0.0466453
0.0487229
0.0507558
0.0530023
0.054945
0.0568643
0.00697283
0.00822485
0.00773688
0.0064633
0.00526769
0.0045861
0.00415245
0.00420324
0.00490439
0.00561315
0.00624757
0.00712547
0.00795738
0.00855066
0.00915167
0.00981656
0.0104735
0.0111514
0.0119229
0.0127594
0.0136163
0.0144843
0.0153945
0.0163128
0.0172892
0.0183157
0.0193683
0.0204591
0.0216198
0.0228227
0.0240233
0.0252998
0.0266081
0.0280036
0.0294122
0.0309167
0.0324403
0.0340233
0.0356713
0.0373344
0.039125
0.0408735
0.0427765
0.0446638
0.0466484
0.0487264
0.0507599
0.0530081
0.0549534
0.0568736
0.00696676
0.00827836
0.00783764
0.00657967
0.005361
0.00466937
0.0042476
0.00425516
0.0049232
0.00564541
0.00627088
0.007131
0.00797292
0.00857801
0.00917688
0.00983737
0.0104933
0.0111688
0.0119342
0.0127664
0.0136215
0.0144877
0.0153988
0.0163199
0.0172964
0.0183221
0.0193756
0.0204662
0.0216249
0.0228268
0.024028
0.0253049
0.0266127
0.0280077
0.0294157
0.0309195
0.0324425
0.0340254
0.0356733
0.0373358
0.0391265
0.0408749
0.0427789
0.0446663
0.0466516
0.0487301
0.0507642
0.0530141
0.0549618
0.0568831
0.0069711
0.00832833
0.00793143
0.00669336
0.0054543
0.00474643
0.0043394
0.00431129
0.00494213
0.00567705
0.00629727
0.00713736
0.00798651
0.00860454
0.00920281
0.00985923
0.0105138
0.0111868
0.0119459
0.0127734
0.0136269
0.0144916
0.0154033
0.0163271
0.0173039
0.0183287
0.0193831
0.0204735
0.0216302
0.0228311
0.0240329
0.0253102
0.0266174
0.028012
0.0294193
0.0309224
0.0324449
0.0340276
0.0356754
0.0373373
0.0391282
0.0408765
0.0427815
0.044669
0.0466549
0.0487339
0.0507687
0.0530204
0.0549704
0.0568928
0.00698119
0.00837461
0.0080165
0.00680249
0.00554715
0.00481806
0.00442794
0.00437198
0.00496111
0.00570733
0.00632657
0.00714455
0.00799827
0.00863033
0.00922923
0.00988224
0.0105352
0.0112049
0.0119578
0.012781
0.0136328
0.0144957
0.0154079
0.0163343
0.0173115
0.0183356
0.0193908
0.0204808
0.0216358
0.0228357
0.024038
0.0253156
0.0266222
0.0280164
0.029423
0.0309254
0.0324474
0.0340299
0.0356775
0.0373389
0.0391299
0.0408782
0.0427841
0.0446718
0.0466583
0.048738
0.0507733
0.0530269
0.0549792
0.0569028
0.0069945
0.00841917
0.00809422
0.00690625
0.00564024
0.00488591
0.00451155
0.00443579
0.00498051
0.00573556
0.00635822
0.00715323
0.00800881
0.00865543
0.00925589
0.00990595
0.0105571
0.0112233
0.0119705
0.0127892
0.0136387
0.0144999
0.0154127
0.0163416
0.0173193
0.0183428
0.0193988
0.0204884
0.0216416
0.0228405
0.0240433
0.0253211
0.0266272
0.0280209
0.0294269
0.0309285
0.0324499
0.0340323
0.0356798
0.0373406
0.0391317
0.04088
0.0427869
0.0446748
0.0466618
0.0487422
0.050778
0.0530336
0.054988
0.0569129
0.00700946
0.00846305
0.00816446
0.00700267
0.00573307
0.00495028
0.00458824
0.00450233
0.0050018
0.00576126
0.00639221
0.00716426
0.00801785
0.00867948
0.00928252
0.00992989
0.0105798
0.0112426
0.0119838
0.0127977
0.0136448
0.0145046
0.0154178
0.016349
0.0173273
0.0183503
0.0194069
0.0204962
0.0216476
0.0228456
0.0240488
0.0253268
0.0266324
0.0280256
0.0294309
0.0309318
0.0324526
0.0340348
0.0356821
0.0373424
0.0391338
0.0408819
0.0427898
0.0446778
0.0466655
0.0487466
0.0507829
0.0530405
0.054997
0.0569233
0.00702388
0.00850505
0.0082279
0.00709159
0.00582481
0.00501193
0.00465784
0.00457083
0.00502578
0.00578414
0.00642728
0.00717765
0.00802574
0.00870244
0.00930916
0.00995439
0.0106034
0.0112622
0.0119972
0.0128068
0.0136516
0.0145095
0.015423
0.0163564
0.0173354
0.018358
0.0194154
0.0205041
0.0216538
0.022851
0.0240545
0.0253325
0.0266376
0.0280305
0.0294351
0.0309352
0.0324554
0.0340374
0.0356845
0.0373442
0.0391359
0.0408839
0.0427928
0.0446811
0.0466693
0.0487512
0.0507879
0.0530476
0.0550062
0.0569338
0.00703735
0.00854556
0.00828649
0.00717197
0.00591355
0.00507224
0.00472035
0.00463914
0.00505253
0.00580411
0.00646258
0.00719415
0.00803332
0.0087242
0.00933565
0.00997901
0.0106275
0.0112822
0.012011
0.0128166
0.0136589
0.0145144
0.0154283
0.0163641
0.0173438
0.018366
0.019424
0.0205123
0.0216603
0.0228567
0.0240604
0.0253384
0.026643
0.0280355
0.0294395
0.0309387
0.0324583
0.0340401
0.0356871
0.0373463
0.0391381
0.0408861
0.042796
0.0446845
0.0466732
0.048756
0.0507931
0.053055
0.0550155
0.0569445
0.00705033
0.00858403
0.00834028
0.00724303
0.00599826
0.0051323
0.00477546
0.00470549
0.00508296
0.00582181
0.00649753
0.00721384
0.00804022
0.00874447
0.00936208
0.0100032
0.010652
0.0113033
0.0120251
0.0128266
0.0136668
0.01452
0.0154337
0.0163718
0.0173524
0.0183743
0.0194328
0.0205206
0.0216671
0.0228626
0.0240665
0.0253446
0.0266485
0.0280405
0.0294439
0.0309424
0.0324614
0.0340429
0.0356897
0.0373484
0.0391406
0.0408884
0.0427993
0.0446881
0.0466773
0.0487611
0.0507985
0.0530626
0.055025
0.0569554
0.00706229
0.00861882
0.00838976
0.00730616
0.00607775
0.00519169
0.00482373
0.00476862
0.00511715
0.00583755
0.00653036
0.00723632
0.00804761
0.00876348
0.00938855
0.010027
0.0106765
0.0113254
0.0120397
0.0128368
0.0136754
0.0145261
0.0154392
0.0163793
0.0173609
0.018383
0.0194421
0.020529
0.021674
0.0228688
0.0240729
0.0253509
0.0266543
0.0280459
0.0294485
0.0309462
0.0324645
0.0340459
0.0356925
0.0373507
0.0391432
0.0408909
0.0428028
0.0446918
0.0466816
0.0487663
0.050804
0.0530703
0.0550346
0.0569665
0.00707137
0.00864947
0.00843521
0.00736193
0.00615023
0.0052505
0.00486632
0.00482632
0.00515434
0.00585239
0.00656052
0.00726168
0.00805653
0.00878057
0.00941439
0.0100508
0.0107006
0.011348
0.0120548
0.0128472
0.0136848
0.0145327
0.0154448
0.0163872
0.0173698
0.0183917
0.0194515
0.0205379
0.0216812
0.0228753
0.0240794
0.0253573
0.0266602
0.0280515
0.0294535
0.0309502
0.0324677
0.0340489
0.0356954
0.0373531
0.0391459
0.0408935
0.0428064
0.0446957
0.0466859
0.0487718
0.0508098
0.0530783
0.0550444
0.0569777
0.00707805
0.00867636
0.00847597
0.0074103
0.00621448
0.00530847
0.00490453
0.00487707
0.00519369
0.00586732
0.00658747
0.0072892
0.00806679
0.00879579
0.00943998
0.0100748
0.0107242
0.011371
0.0120705
0.0128576
0.0136948
0.0145404
0.0154506
0.0163949
0.017379
0.0184009
0.0194609
0.0205468
0.0216889
0.0228822
0.0240861
0.025364
0.0266662
0.0280571
0.0294585
0.0309545
0.0324713
0.0340521
0.0356983
0.0373557
0.0391489
0.0408963
0.0428102
0.0446998
0.0466904
0.0487774
0.0508156
0.0530865
0.0550544
0.0569891
0.00708251
0.00869852
0.0085109
0.00745223
0.00626988
0.00536382
0.00493991
0.00492056
0.00523353
0.00588317
0.00661072
0.00731738
0.00807931
0.00880993
0.00946494
0.0100987
0.0107468
0.0113944
0.0120872
0.0128678
0.0137052
0.0145492
0.0154568
0.0164022
0.0173881
0.0184105
0.019471
0.0205558
0.0216965
0.0228894
0.0240932
0.0253708
0.0266724
0.0280629
0.0294636
0.0309587
0.0324749
0.0340556
0.0357015
0.0373583
0.0391519
0.0408993
0.0428141
0.0447041
0.0466951
0.0487834
0.0508217
0.0530948
0.0550645
0.0570007
0.00708173
0.008715
0.00853908
0.00748849
0.00631617
0.00541441
0.00497342
0.00495597
0.00527198
0.00590162
0.00663078
0.0073452
0.00809456
0.00882294
0.0094882
0.0101228
0.0107689
0.0114175
0.0121051
0.0128783
0.0137153
0.0145589
0.0154639
0.0164099
0.0173973
0.01842
0.019481
0.0205655
0.0217048
0.0228966
0.0241003
0.025378
0.0266789
0.0280691
0.029469
0.0309631
0.0324785
0.034059
0.0357049
0.0373614
0.0391551
0.0409023
0.0428182
0.0447087
0.0467
0.0487895
0.050828
0.0531034
0.0550748
0.0570123
0.00707416
0.00872645
0.00856028
0.00751826
0.00635378
0.00545905
0.00500552
0.00498407
0.00530683
0.00592211
0.00664807
0.00737205
0.0081125
0.00883523
0.00950963
0.010147
0.0107909
0.0114402
0.0121235
0.0128892
0.0137253
0.0145692
0.0154716
0.0164176
0.0174071
0.0184302
0.0194907
0.0205746
0.0217134
0.0229046
0.0241077
0.0253852
0.0266855
0.0280753
0.0294746
0.030968
0.0324826
0.0340625
0.0357082
0.0373644
0.0391587
0.0409057
0.0428225
0.0447133
0.046705
0.0487958
0.0508345
0.0531121
0.0550853
0.0570241
0.00705962
0.00873283
0.00857419
0.00754022
0.0063834
0.00549604
0.00503618
0.00500736
0.00533578
0.00594318
0.0066635
0.00739661
0.00813298
0.00884819
0.00952928
0.0101708
0.0108121
0.0114617
0.0121425
0.0129009
0.0137355
0.0145805
0.0154801
0.0164248
0.0174163
0.0184412
0.0195016
0.0205841
0.0217216
0.0229125
0.0241156
0.0253929
0.0266923
0.0280817
0.0294803
0.0309728
0.0324868
0.0340664
0.0357118
0.0373675
0.0391622
0.0409092
0.0428271
0.0447183
0.0467101
0.0488023
0.0508412
0.053121
0.0550959
0.0570361
0.00703746
0.00873267
0.00858108
0.00755435
0.00640524
0.00552334
0.00506356
0.00502693
0.00535774
0.00596509
0.00667899
0.00741767
0.00815449
0.00886235
0.00954727
0.0101937
0.010833
0.0114821
0.0121618
0.0129139
0.0137453
0.0145917
0.0154905
0.0164328
0.017425
0.0184515
0.0195123
0.0205946
0.0217311
0.0229205
0.0241231
0.0254007
0.0266994
0.0280884
0.0294863
0.0309779
0.032491
0.0340703
0.0357157
0.0373711
0.0391661
0.0409127
0.0428316
0.0447235
0.0467157
0.0488092
0.0508481
0.05313
0.0551067
0.0570481
0.00700804
0.00872472
0.00858149
0.0075601
0.00641896
0.00554095
0.00508504
0.00504354
0.00537302
0.00598583
0.0066953
0.00743582
0.00817643
0.00887785
0.00956343
0.0102151
0.0108537
0.011502
0.0121804
0.0129275
0.0137559
0.014603
0.0155016
0.016442
0.0174344
0.0184624
0.0195225
0.0206038
0.0217407
0.0229299
0.0241317
0.0254087
0.0267065
0.0280952
0.0294925
0.0309832
0.0324956
0.0340744
0.0357195
0.0373747
0.0391703
0.0409169
0.0428365
0.0447287
0.0467211
0.0488162
0.0508552
0.0531393
0.0551177
0.0570603
0.00697218
0.00870852
0.00857492
0.00755545
0.00642399
0.00555028
0.00509874
0.00505817
0.00538271
0.0060022
0.00671173
0.00745147
0.00819806
0.00889507
0.00957834
0.0102354
0.0108745
0.0115207
0.0121978
0.0129413
0.0137669
0.0146146
0.0155139
0.0164517
0.0174431
0.0184736
0.0195342
0.0206138
0.0217493
0.0229381
0.0241404
0.0254177
0.0267144
0.0281023
0.0294987
0.0309886
0.0325003
0.0340786
0.0357238
0.0373785
0.0391744
0.0409209
0.0428418
0.0447345
0.0467268
0.0488233
0.0508625
0.0531487
0.0551288
0.0570726
0.00693036
0.00868284
0.00856032
0.00754019
0.00641859
0.00555177
0.00510337
0.00506953
0.00538765
0.00601351
0.00672952
0.00746553
0.00821747
0.00891347
0.00959234
0.0102531
0.0108942
0.0115398
0.0122152
0.0129559
0.0137784
0.014625
0.0155267
0.0164636
0.0174522
0.0184837
0.0195456
0.0206248
0.0217597
0.0229471
0.0241483
0.0254258
0.0267223
0.02811
0.0295056
0.0309945
0.0325053
0.0340829
0.035728
0.0373827
0.0391789
0.0409252
0.0428469
0.0447403
0.0467329
0.048831
0.0508701
0.0531581
0.05514
0.057085
0.00688158
0.00864547
0.00853624
0.00751647
0.00640085
0.00554363
0.00509872
0.00507652
0.00538916
0.00601812
0.00674696
0.00747977
0.0082352
0.00893319
0.00960611
0.0102679
0.0109114
0.011558
0.0122325
0.0129708
0.0137919
0.0146364
0.0155387
0.0164759
0.0174621
0.0184941
0.0195569
0.0206348
0.0217693
0.0229573
0.0241582
0.0254348
0.0267298
0.0281171
0.0295123
0.0310006
0.0325107
0.0340878
0.0357327
0.0373869
0.0391836
0.0409298
0.0428526
0.0447464
0.0467389
0.0488386
0.0508779
0.0531679
0.0551514
0.0570974
0.00682429
0.00859509
0.0084991
0.00748361
0.00636996
0.00552403
0.00508346
0.00507811
0.00539145
0.00601747
0.00676067
0.00749299
0.00825033
0.00895319
0.00962045
0.0102815
0.0109275
0.011575
0.012248
0.0129848
0.0138062
0.0146491
0.0155524
0.0164898
0.0174719
0.0185033
0.0195686
0.0206465
0.021779
0.022966
0.0241675
0.0254449
0.0267391
0.0281252
0.029519
0.0310063
0.0325159
0.0340924
0.0357376
0.0373916
0.0391886
0.0409346
0.0428582
0.0447528
0.0467454
0.0488465
0.0508858
0.0531776
0.055163
0.05711
0.0067587
0.0085329
0.00844602
0.00743893
0.00632641
0.00549328
0.00505662
0.00506828
0.00539276
0.0060153
0.006773
0.00750688
0.00826202
0.00897074
0.00963413
0.0102927
0.0109412
0.0115922
0.0122646
0.0129983
0.0138206
0.0146619
0.0155649
0.0165052
0.0174846
0.0185127
0.0195789
0.0206577
0.0217896
0.022976
0.024177
0.0254538
0.0267475
0.0281339
0.0295268
0.0310131
0.0325215
0.0340971
0.0357423
0.0373962
0.0391938
0.0409399
0.0428644
0.0447594
0.046752
0.0488547
0.0508941
0.0531874
0.0551745
0.0571225
0.00668195
0.00845836
0.00837508
0.0073801
0.00627053
0.00545186
0.00502243
0.00504754
0.005389
0.00600959
0.00678196
0.00752364
0.00827464
0.00898683
0.00964675
0.0103008
0.0109502
0.0116067
0.0122814
0.0130124
0.0138361
0.0146769
0.015578
0.0165193
0.0174973
0.0185227
0.01959
0.0206699
0.0217997
0.0229854
0.0241875
0.0254644
0.0267564
0.0281418
0.0295339
0.03102
0.0325279
0.0341026
0.0357478
0.0374012
0.0391989
0.040945
0.0428705
0.0447664
0.0467589
0.0488631
0.0509025
0.0531976
0.0551864
0.057135
0.00658754
0.00836848
0.00828379
0.00730268
0.00619826
0.00539426
0.00497953
0.0050186
0.00538266
0.00600176
0.0067836
0.00753801
0.00828743
0.00900331
0.00966116
0.0103098
0.0109576
0.0116191
0.0122972
0.0130248
0.0138504
0.0146929
0.0155923
0.0165347
0.0175114
0.0185321
0.0195993
0.0206824
0.0218118
0.0229954
0.0241974
0.0254746
0.0267662
0.0281509
0.0295415
0.0310265
0.0325336
0.0341077
0.0357535
0.0374069
0.039205
0.0409509
0.042877
0.0447734
0.0467658
0.0488716
0.0509112
0.0532077
0.0551983
0.0571477
0.00647311
0.0082609
0.00817299
0.00720559
0.00611103
0.00532064
0.0049261
0.00498071
0.00537261
0.00599596
0.00678188
0.00754749
0.00829325
0.00901125
0.00967129
0.0103181
0.0109646
0.0116314
0.0123164
0.0130399
0.0138644
0.0147099
0.0156067
0.016548
0.0175262
0.0185436
0.0196083
0.0206936
0.0218231
0.0230059
0.0242086
0.0254857
0.0267759
0.0281599
0.0295496
0.0310341
0.0325401
0.0341129
0.0357588
0.0374118
0.0392104
0.0409567
0.042884
0.0447811
0.0467733
0.0488806
0.0509202
0.0532181
0.0552103
0.0571611
0.00633626
0.00812959
0.00803794
0.00708206
0.00600508
0.00523196
0.00486461
0.00493882
0.00536126
0.0059959
0.00678322
0.00756056
0.00830162
0.00901464
0.00967305
0.010318
0.0109652
0.0116386
0.0123344
0.0130575
0.01388
0.0147294
0.0156248
0.0165625
0.0175404
0.0185554
0.0196176
0.0207057
0.0218357
0.0230163
0.0242188
0.025497
0.0267869
0.0281696
0.0295577
0.0310416
0.0325471
0.034119
0.0357652
0.0374177
0.0392162
0.0409623
0.0428899
0.0447877
0.0467799
0.0488887
0.0509285
0.0532277
0.0552218
0.0571723
0.00616478
0.0079654
0.00787118
0.00692185
0.00586919
0.00512027
0.00478839
0.00489068
0.00534607
0.00599829
0.00678436
0.00757203
0.0083118
0.00902015
0.00967749
0.0103189
0.0109647
0.0116422
0.0123491
0.0130735
0.0138919
0.0147466
0.0156428
0.0165764
0.0175556
0.018569
0.0196271
0.0207169
0.0218492
0.0230292
0.024231
0.0255089
0.0267982
0.0281803
0.0295673
0.0310504
0.0325546
0.0341255
0.0357722
0.0374247
0.039224
0.0409706
0.0428992
0.0447976
0.0467894
0.0488993
0.0509392
0.0532393
0.0552348
0.0571874
0.00596486
0.00776728
0.00767207
0.00672702
0.005703
0.00498639
0.0046965
0.00483593
0.00532634
0.00600188
0.00678556
0.00757752
0.00831491
0.00901622
0.00967524
0.010319
0.0109685
0.0116498
0.0123663
0.0130938
0.0139061
0.0147629
0.0156595
0.0165861
0.0175649
0.018579
0.0196339
0.0207247
0.0218586
0.0230379
0.0242394
0.0255181
0.0268074
0.0281879
0.0295734
0.0310564
0.0325601
0.0341301
0.035777
0.0374288
0.039228
0.0409747
0.0429037
0.0448031
0.0467949
0.0489065
0.0509465
0.0532478
0.0552451
0.0571968
0.00574716
0.00753064
0.0074325
0.00649674
0.00550874
0.00483625
0.00459549
0.00477926
0.00530503
0.00600553
0.00678605
0.00757728
0.00831385
0.00900808
0.00966747
0.0103129
0.0109696
0.0116589
0.0123873
0.0131231
0.0139305
0.0147884
0.0156874
0.0166079
0.0175851
0.0185991
0.0196501
0.0207408
0.0218771
0.0230567
0.0242559
0.0255337
0.0268231
0.0282027
0.0295866
0.0310683
0.0325707
0.0341397
0.0357873
0.0374388
0.0392386
0.0409855
0.0429151
0.0448148
0.046806
0.0489185
0.0509586
0.0532604
0.0552592
0.0572132
0.00548097
0.00723706
0.00713751
0.00622444
0.0052945
0.00468551
0.00450111
0.00473269
0.00528918
0.00600809
0.00677867
0.00755699
0.00828809
0.00897609
0.00964045
0.0102942
0.0109611
0.0116561
0.0123916
0.0131363
0.0139383
0.0147943
0.0156964
0.0166115
0.0175871
0.0186038
0.0196542
0.0207439
0.0218818
0.0230634
0.0242623
0.0255398
0.0268295
0.0282082
0.029591
0.0310728
0.0325747
0.0341429
0.0357906
0.0374415
0.0392416
0.0409893
0.0429194
0.0448204
0.0468117
0.0489256
0.0509657
0.0532686
0.0552688
0.0572218
0.00505986
0.00679809
0.00673821
0.00589923
0.00506678
0.00455991
0.0044604
0.00475385
0.00533671
0.00606016
0.00681081
0.00756485
0.00828503
0.00896367
0.00963163
0.0102964
0.010978
0.0116827
0.0124239
0.0131772
0.013974
0.0148236
0.0157273
0.0166383
0.0176091
0.0186256
0.0196754
0.0207635
0.0219013
0.0230847
0.0242814
0.0255568
0.0268472
0.0282252
0.0296059
0.0310859
0.0325867
0.0341541
0.0358025
0.0374528
0.039253
0.0410005
0.0429306
0.0448319
0.0468225
0.0489372
0.0509777
0.0532806
0.0552826
0.0572375
0.00440538
0.00602304
0.0059988
0.00530428
0.00465511
0.00432114
0.00435352
0.00472464
0.00532698
0.00604125
0.00676986
0.00750307
0.00822227
0.00890694
0.0095904
0.0102724
0.0109672
0.0116797
0.0124248
0.013188
0.0139846
0.0148286
0.015735
0.0166462
0.0176139
0.018631
0.019684
0.0207705
0.0219071
0.0230947
0.0242919
0.0255646
0.0268548
0.0282329
0.0296129
0.0310923
0.0325924
0.0341589
0.035807
0.0374569
0.0392582
0.0410071
0.0429381
0.0448405
0.0468309
0.0489465
0.0509866
0.0532903
0.055293
0.057248
0.00450827
0.00569898
0.00551118
0.00491106
0.00444191
0.00427103
0.0044137
0.00481791
0.00539461
0.00606508
0.00675922
0.00746687
0.00818085
0.00887222
0.0095709
0.0102733
0.010984
0.0117067
0.0124536
0.0132193
0.014014
0.0148482
0.0157523
0.0166655
0.0176281
0.0186423
0.0196999
0.020786
0.0219189
0.0231093
0.0243069
0.025577
0.0268676
0.0282462
0.0296246
0.0311022
0.0326019
0.0341685
0.0358169
0.0374659
0.0392665
0.0410149
0.0429453
0.0448484
0.0468384
0.048955
0.0509956
0.0532997
0.0553037
0.0572582
0.00213819
0.00384285
0.00432087
0.00431186
0.00426414
0.00434721
0.0045743
0.00494263
0.00544377
0.00604486
0.00670244
0.00739901
0.00812219
0.00883558
0.00955553
0.0102758
0.0109963
0.0117254
0.0124759
0.0132447
0.0140426
0.0148719
0.0157731
0.0166913
0.0176513
0.0186607
0.0197227
0.0208087
0.0219361
0.0231296
0.0243292
0.0255946
0.0268828
0.0282623
0.0296403
0.0311158
0.0326143
0.0341796
0.0358274
0.0374756
0.0392778
0.0410278
0.0429593
0.0448631
0.0468525
0.0489691
0.051009
0.0533129
0.0553175
0.0572746
0.000368142
0.00117096
0.00233148
0.00331489
0.00398795
0.00441182
0.00472068
0.00505232
0.0054758
0.00599778
0.0066103
0.00729367
0.0080242
0.0087627
0.00950894
0.0102543
0.0109921
0.01173
0.0124836
0.01325
0.0140486
0.0148727
0.0157682
0.0166925
0.0176516
0.0186561
0.0197251
0.0208138
0.0219362
0.0231319
0.0243348
0.0255984
0.0268861
0.0282673
0.0296448
0.0311184
0.0326169
0.034183
0.0358311
0.037479
0.0392807
0.0410305
0.0429611
0.0448657
0.0468549
0.0489726
0.0510133
0.0533178
0.0553241
0.0572793
-0.000772454
0.00133474
0.00263388
0.00346193
0.00403247
0.00446244
0.00481392
0.00515871
0.00556062
0.00603828
0.00661263
0.00727695
0.00800276
0.00875583
0.00951832
0.0102794
0.0110278
0.0117693
0.0125263
0.0132895
0.0140902
0.0149124
0.0158
0.0167303
0.0176897
0.0186866
0.0197582
0.0208487
0.0219645
0.0231604
0.0243661
0.0256253
0.0269087
0.0282906
0.0296683
0.0311388
0.032636
0.0342007
0.0358479
0.0374948
0.0392979
0.0410493
0.0429808
0.0448859
0.0468742
0.0489912
0.0510306
0.0533345
0.0553404
0.057299
-0.00169468
-0.000582517
0.000972611
0.00241456
0.00352977
0.0042812
0.00477325
0.00516285
0.00556081
0.00601131
0.00655856
0.00721154
0.0079287
0.00868886
0.00946482
0.0102435
0.0110105
0.011759
0.0125235
0.013285
0.0140867
0.0149112
0.0157901
0.0167249
0.0176879
0.0186784
0.0197546
0.0208494
0.0219615
0.0231569
0.0243663
0.0256255
0.0269072
0.0282905
0.029669
0.0311381
0.0326352
0.0342009
0.0358482
0.0374948
0.0392975
0.0410489
0.0429798
0.0448855
0.0468737
0.0489916
0.0510318
0.0533365
0.0553438
0.0573
-0.00307688
-0.00034402
0.0014856
0.0027439
0.00363722
0.0042831
0.00477003
0.0051849
0.00559655
0.00604629
0.00658583
0.00723591
0.00794924
0.00870549
0.00948294
0.0102614
0.0110335
0.0117844
0.0125526
0.0133175
0.0141193
0.0149491
0.0158258
0.0167605
0.0177286
0.0187156
0.0197888
0.0208862
0.0219955
0.0231889
0.024399
0.0256566
0.0269348
0.0283167
0.0296959
0.0311627
0.0326581
0.0342218
0.0358685
0.0375142
0.0393182
0.0410712
0.0430027
0.0449088
0.0468957
0.0490123
0.0510508
0.0533545
0.0553618
0.0573216
)
;

boundaryField
{
    zeroGradientPlanes
    {
        type            zeroGradient;
    }
    inlet
    {
        type            zeroGradient;
    }
    plate
    {
        type            zeroGradient;
    }
    frontAndBack
    {
        type            empty;
    }
}


// ************************************************************************* //
