/*--------------------------------*- C++ -*----------------------------------*\
| =========                 |                                                 |
| \\      /  F ield         | OpenFOAM: The Open Source CFD Toolbox           |
|  \\    /   O peration     | Version:  v2012                                 |
|   \\  /    A nd           | Website:  www.openfoam.com                      |
|    \\/     M anipulation  |                                                 |
\*---------------------------------------------------------------------------*/
FoamFile
{
    version     2.0;
    format      ascii;
    class       volScalarField;
    location    "8.6";
    object      p;
}
// * * * * * * * * * * * * * * * * * * * * * * * * * * * * * * * * * * * * * //

dimensions      [0 2 -2 0 0 0 0];


internalField   nonuniform List<scalar> 
7000
(
3.67353e-10
0.000503233
-0.000420733
0.00183956
0.00292147
0.0030938
0.00155401
0.00320249
0.00241201
0.00272559
0.00226326
0.00387961
-0.000379137
0.00235873
0.00186083
0.00343531
0.0040152
0.00585703
0.00757574
0.0106184
-3.21003e-06
0.000517564
-0.000415747
0.00183979
0.00291915
0.00307396
0.00155157
0.00320715
0.00241807
0.0027125
0.00229504
0.00386392
-0.000348214
0.00234298
0.00186665
0.0034356
0.00401819
0.00585044
0.00757972
0.0104633
-5.95077e-06
0.000532003
-0.000410415
0.00183744
0.00290977
0.00307522
0.00155537
0.00320609
0.00242989
0.00269184
0.00232927
0.00383192
-0.000294895
0.00230892
0.00189139
0.00342563
0.00403065
0.00583053
0.0075749
0.010219
-7.85052e-06
0.000543378
-0.000405088
0.0018348
0.00289794
0.00309341
0.00156079
0.00320307
0.0024498
0.00266447
0.00236333
0.00378345
-0.000231938
0.00226917
0.0019231
0.00341036
0.00404476
0.00580307
0.00755312
0.00996188
-9.19849e-06
0.000552664
-0.000398419
0.00183261
0.00288538
0.00312245
0.00156821
0.00319762
0.00247541
0.00263437
0.00240011
0.00372008
-0.000159248
0.00222537
0.00195626
0.0033911
0.00406136
0.00576934
0.00751791
0.00971976
-1.02226e-05
0.000560577
-0.000389973
0.00182983
0.00287195
0.00315859
0.00157736
0.00319042
0.00250447
0.00260542
0.00243917
0.00364688
-7.8293e-05
0.00217641
0.00199213
0.00336694
0.00408327
0.00572905
0.00747149
0.00949496
-1.12146e-05
0.000567826
-0.000379631
0.00182623
0.00285766
0.00319877
0.00158847
0.00318129
0.00253535
0.00257864
0.00247935
0.00356839
6.53759e-06
0.00212269
0.00203104
0.00333655
0.00411028
0.00568209
0.00741335
0.00928141
-1.23954e-05
0.000575216
-0.000369881
0.00182294
0.00284231
0.0032414
0.00160151
0.00317022
0.00256774
0.00255335
0.00252026
0.00348647
9.20594e-05
0.00206426
0.00207124
0.00329931
0.00413987
0.00563005
0.00734217
0.00907443
-1.38333e-05
0.000583502
-0.000353337
0.00182149
0.00282538
0.00328554
0.00161612
0.00315719
0.00260177
0.00252855
0.00256171
0.00340143
0.000177767
0.00199983
0.00211165
0.00325563
0.00416905
0.00557574
0.00725653
0.00887182
-1.54859e-05
0.000593226
-0.000331767
0.0018232
0.00280651
0.00333027
0.00163187
0.0031422
0.00263761
0.00250371
0.00260318
0.00331376
0.000264765
0.00192847
0.00215226
0.00320648
0.00419498
0.00552132
0.0071553
0.00867219
-1.72763e-05
0.000604653
-0.000304156
0.00182893
0.00278565
0.00337478
0.00164851
0.00312524
0.00267518
0.00247884
0.00264395
0.00322478
0.000354798
0.00185098
0.00219286
0.00315345
0.00421507
0.00546769
0.00703849
0.00847418
-1.91333e-05
0.000617813
-0.000270092
0.00183892
0.0027631
0.00341833
0.00166612
0.00310623
0.00271423
0.00245428
0.00268336
0.00313657
0.000449688
0.00176985
0.00223295
0.00309897
0.00422706
0.00541491
0.00690793
0.00827686
-2.09983e-05
0.000632574
-0.000229998
0.00185274
0.00273938
0.00346022
0.00168509
0.00308507
0.00275439
0.00243046
0.00272104
0.00305143
0.000550692
0.00168981
0.00227229
0.00304627
0.00422937
0.00536303
0.00676745
0.00808032
-2.28253e-05
0.00064872
-0.000184919
0.00186956
0.0027151
0.00349974
0.00170603
0.00306164
0.00279536
0.0024078
0.00275694
0.00297148
0.000658373
0.00161671
0.00231089
0.00299918
0.00422202
0.0053125
0.00662234
0.00788618
-2.45804e-05
0.000666027
-0.000136149
0.00188841
0.00269089
0.00353612
0.00172962
0.00303582
0.00283684
0.00238674
0.00279126
0.00289824
0.000772441
0.00155607
0.00234875
0.00296179
0.00420692
0.0052643
0.00647833
0.00769721
-2.62378e-05
0.000684316
-8.48823e-05
0.00190846
0.00266729
0.0035686
0.00175645
0.00300752
0.00287851
0.00236775
0.00282438
0.00283229
0.000891539
0.00151224
0.00238578
0.00293772
0.00418721
0.00521994
0.00634076
0.00751651
-2.77726e-05
0.00070347
-3.19913e-05
0.0019291
0.00264471
0.00359659
0.00178693
0.00297671
0.00292015
0.00235137
0.00285673
0.00277343
0.00101334
0.00148746
0.00242206
0.00292938
0.00416582
0.00518088
0.00621395
0.00734669
-2.916e-05
0.000723415
2.20174e-05
0.00194995
0.00262345
0.00361967
0.00182124
0.00294337
0.00296162
0.00233802
0.00288869
0.00272119
0.00113498
0.0014818
0.00245785
0.00294162
0.00414448
0.00514754
0.00610052
0.00718946
-3.0375e-05
0.000744104
7.694e-05
0.00197082
0.00260371
0.00363763
0.00185939
0.00290756
0.00300282
0.00232792
0.00292028
0.00267514
0.00125377
0.00149415
0.00249305
0.00296433
0.00412414
0.00511875
0.00600065
0.00704538
-3.13884e-05
0.0007655
0.00013278
0.00199165
0.00258565
0.00365041
0.00190118
0.0028694
0.00304351
0.00232123
0.00295097
0.00263528
0.0013675
0.00152252
0.00252713
0.00299865
0.00410564
0.00509297
0.00591222
0.00691329
-3.21633e-05
0.000787559
0.000189653
0.00201239
0.00256943
0.00365802
0.00194629
0.00282915
0.00308334
0.00231809
0.00297985
0.00260217
0.00147434
0.00156411
0.00255911
0.00304124
0.00408934
0.00506907
0.00583316
0.00679061
-3.26553e-05
0.000810234
0.000247713
0.00203298
0.00255519
0.00366052
0.00199439
0.00278719
0.00312182
0.00231872
0.00300582
0.0025765
0.00157317
0.00161573
0.002588
0.00308921
0.0040743
0.0050439
0.00576172
0.00667593
-3.28123e-05
0.000833466
0.000307114
0.00205331
0.00254309
0.00365804
0.00204525
0.00274394
0.00315837
0.0023237
0.00302747
0.00255875
0.00166383
0.00167408
0.00261304
0.00313987
0.00405961
0.00501413
0.00569458
0.00656813
-3.25719e-05
0.000857189
0.000367985
0.00207329
0.00253333
0.00365064
0.00209871
0.00269997
0.00319206
0.0023341
0.00304361
0.00254881
0.00174638
0.00173603
0.00263192
0.00318917
0.00404331
0.00497943
0.00563129
0.00646474
-3.18628e-05
0.000881324
0.000430436
0.0020928
0.00252614
0.00363836
0.00215444
0.00265631
0.00322162
0.00235084
0.00305384
0.00254637
0.00182124
0.00179858
0.00265274
0.00323661
0.00402401
0.0049355
0.00557176
0.00636713
-3.06048e-05
0.000905781
0.000494568
0.00211174
0.00252169
0.00362123
0.00221194
0.00261397
0.00324597
0.00237453
0.00305784
0.00255071
0.00188957
0.00186008
0.00266974
0.00328487
0.00400644
0.00488014
0.00550902
0.00627561
-2.87052e-05
0.000930454
0.000560444
0.00213004
0.00252008
0.00359716
0.00227099
0.00257376
0.00326379
0.00240581
0.00305599
0.00256021
0.00195228
0.00191964
0.00268346
0.00332819
0.00399078
0.00481832
0.00544292
0.00618669
-2.60589e-05
0.000955229
0.000628133
0.00214754
0.00252155
0.00357043
0.00233098
0.00253713
0.00327407
0.00244391
0.00304952
0.00257415
0.00201125
0.00197403
0.00269448
0.00336771
0.00397445
0.00474803
0.00537383
0.00610112
-2.25539e-05
0.000979967
0.000697738
0.00216415
0.00252614
0.00353963
0.00239068
0.00250563
0.00327631
0.00248913
0.00303765
0.00259151
0.00206891
0.00202366
0.00269909
0.00340275
0.0039656
0.00467747
0.00529294
0.00601544
-1.80606e-05
0.00100452
0.000769232
0.00217992
0.00253368
0.00350559
0.00244906
0.0024807
0.00326916
0.00254234
0.00302148
0.00260872
0.00212578
0.00207002
0.00269791
0.00342838
0.00395423
0.00460605
0.00522017
0.00593153
-1.24252e-05
0.00102877
0.000842669
0.00219469
0.00254429
0.00346816
0.00250471
0.00246319
0.00325364
0.00259994
0.00300529
0.00262424
0.00218106
0.00211365
0.00269015
0.00344142
0.00394384
0.00452633
0.0051484
0.00585151
-5.57744e-06
0.00105262
0.000918021
0.0022086
0.00255748
0.00342908
0.00255675
0.00245307
0.00323089
0.00266021
0.00299088
0.00263491
0.00223756
0.00215614
0.00267607
0.00345832
0.00394528
0.00445099
0.00503823
0.00576795
2.66244e-06
0.0010758
0.000995256
0.00222182
0.00257293
0.00338861
0.00260505
0.00245022
0.0032014
0.0027224
0.00298162
0.00263573
0.00229707
0.00219467
0.00266028
0.00345042
0.00393655
0.00437519
0.00494029
0.00568705
1.26357e-05
0.0010981
0.00107461
0.00223404
0.00259082
0.00334699
0.0026471
0.00245563
0.00316675
0.00278331
0.00298007
0.00263092
0.00235085
0.00223949
0.00264121
0.00345489
0.00393261
0.00430264
0.00479038
0.00560833
2.42342e-05
0.00111974
0.00115546
0.00224631
0.0026092
0.00330824
0.00268179
0.00246982
0.00312527
0.00284424
0.00298381
0.00262503
0.00239512
0.00228665
0.00261454
0.0034055
0.00392524
0.0042491
0.00468057
0.0055274
3.76105e-05
0.00114025
0.00123796
0.00225875
0.00262779
0.0032715
0.00271158
0.0024885
0.00308294
0.00290029
0.00299451
0.00261347
0.00243494
0.00232548
0.00258228
0.00334328
0.003898
0.00420814
0.00464125
0.00544417
5.34836e-05
0.00115922
0.00132292
0.00227085
0.00264732
0.00323526
0.0027355
0.00251193
0.00304358
0.00294558
0.00301604
0.00259629
0.00246406
0.00237858
0.0025514
0.00327881
0.00387345
0.00417374
0.00450052
0.00536674
7.14607e-05
0.00117728
0.00140833
0.002285
0.0026641
0.00320654
0.00275118
0.00254185
0.00300199
0.00298751
0.00304132
0.00258433
0.00247668
0.00241359
0.00252049
0.003211
0.00383598
0.00415461
0.00444426
0.00529612
9.16928e-05
0.00119393
0.001494
0.0023011
0.00267855
0.00318207
0.00276397
0.00257071
0.00296731
0.00301992
0.00306874
0.00257373
0.00248094
0.00242579
0.00249123
0.00313543
0.0037805
0.0041454
0.00449126
0.00522416
0.000115356
0.00120862
0.00158196
0.00231816
0.00269325
0.00315541
0.00277532
0.00259773
0.00294308
0.00303763
0.00310046
0.00255962
0.00247623
0.00247375
0.00246777
0.00304944
0.00372667
0.00410252
0.00434092
0.005169
0.000141541
0.00122242
0.00166853
0.00234019
0.0027025
0.00313899
0.00277974
0.00262915
0.00291806
0.00305567
0.00313053
0.00255062
0.00245094
0.00248505
0.00244482
0.0029798
0.00365769
0.00406539
0.00432491
0.0051347
0.000170522
0.00123467
0.0017526
0.00236712
0.00270792
0.00312605
0.00278451
0.00265798
0.00289876
0.00306897
0.00315921
0.00254193
0.00240821
0.00247674
0.00242787
0.00290631
0.00356178
0.00404689
0.00446879
0.00510362
0.000203848
0.00124505
0.00183912
0.00239569
0.0027158
0.00310442
0.00279159
0.00268286
0.00288798
0.00307181
0.00318461
0.00254104
0.00237341
0.00247445
0.00241496
0.00281791
0.00347349
0.00396336
0.00428851
0.00508354
0.00023984
0.00125519
0.00191968
0.0024321
0.00271673
0.00309709
0.00279188
0.00271514
0.00287237
0.00307462
0.00320774
0.00253474
0.00233046
0.00245624
0.00239389
0.00274556
0.00336329
0.00388909
0.00428797
0.00508425
0.000279426
0.0012643
0.00199527
0.00247502
0.00271561
0.00308983
0.00279519
0.00274429
0.00286289
0.00306927
0.0032291
0.00253332
0.0022719
0.00241888
0.00236571
0.00266907
0.00321634
0.00384791
0.00449015
0.00508819
0.000324044
0.00127227
0.00207312
0.00251966
0.00272308
0.00306142
0.00280897
0.0027646
0.00286334
0.00305443
0.00324217
0.00255264
0.00223231
0.00238334
0.00234126
0.00257287
0.00307024
0.00365593
0.00421166
0.00509818
0.000371446
0.00128119
0.00213888
0.00257178
0.00272911
0.00303942
0.00281829
0.00278866
0.00286129
0.00303679
0.00324664
0.00257975
0.00220525
0.00232949
0.00230304
0.00245898
0.00290969
0.00344447
0.00406598
0.00514436
0.000423479
0.00129012
0.00219979
0.00262926
0.00273673
0.00301959
0.00282195
0.00281393
0.00286385
0.00301009
0.00324149
0.00261826
0.0021682
0.00226166
0.00225872
0.0023699
0.00275889
0.00328135
0.003982
0.00517163
0.00048032
0.00129962
0.00225491
0.00268961
0.00275107
0.00299621
0.00282204
0.00283851
0.00286628
0.00298
0.00323081
0.00264824
0.00213651
0.0022026
0.00219515
0.00228214
0.0026438
0.00315226
0.00389158
0.00518753
0.000540949
0.00131065
0.00230086
0.002753
0.00277044
0.00297385
0.00281889
0.00285727
0.00287017
0.00295168
0.00320872
0.00267301
0.00211965
0.00213409
0.00211954
0.00222462
0.002552
0.00302669
0.0038206
0.00519875
0.00060649
0.00132311
0.00234043
0.00281673
0.00279599
0.00295294
0.00281202
0.00286948
0.0028783
0.0029208
0.00317638
0.0027017
0.00210279
0.00205904
0.00205842
0.0021557
0.00244988
0.00293814
0.00377602
0.00518604
0.00067655
0.00133751
0.00237255
0.00287964
0.00282833
0.00293392
0.00280205
0.00287728
0.00288369
0.00289223
0.00314105
0.00272037
0.00209097
0.00199564
0.00199033
0.00206555
0.00237032
0.00289019
0.00372926
0.00515167
0.000751235
0.00135396
0.0023983
0.00294063
0.00286558
0.00291828
0.00279073
0.00287758
0.00288881
0.00286723
0.0030975
0.00273578
0.00208738
0.00193037
0.00191217
0.00200176
0.00231622
0.00283289
0.00366261
0.00513342
0.000830374
0.00137315
0.00241796
0.0029979
0.00290639
0.00290785
0.00277825
0.00287238
0.0028907
0.00284508
0.00305029
0.00274443
0.00208676
0.00186826
0.00184235
0.00192959
0.00223878
0.0027604
0.00363734
0.005145
0.000913949
0.00139542
0.00243179
0.00305056
0.00295015
0.00290305
0.0027653
0.00286156
0.0028891
0.00282602
0.00299829
0.0027469
0.00209366
0.00181184
0.00177118
0.0018481
0.00216369
0.00271389
0.0036269
0.00515616
0.00100195
0.00142119
0.00244049
0.00309807
0.00299446
0.00290366
0.00275368
0.00284826
0.00288409
0.00280893
0.00294475
0.00274064
0.00210468
0.00176112
0.00169764
0.00176941
0.00209487
0.00266774
0.00361858
0.00517246
0.00109388
0.00145128
0.00244436
0.00314045
0.00303804
0.00290817
0.00274462
0.00283415
0.00287525
0.00279368
0.00289103
0.00272326
0.00211835
0.00171859
0.00162654
0.00170626
0.0020298
0.0026217
0.00360516
0.00519526
0.00118883
0.001486
0.00244413
0.00317756
0.00314137
0.00291339
0.00273671
0.0028198
0.00286409
0.00278085
0.00283993
0.00269437
0.00213142
0.00168676
0.00155892
0.00162557
0.00195866
0.00257377
0.00359854
0.00522276
0.00128709
0.00152595
0.0024411
0.00320689
0.00316017
0.00292097
0.00272971
0.00280596
0.00285271
0.00276979
0.00279452
0.00265577
0.00213965
0.00166529
0.00149604
0.0015432
0.00188612
0.00253126
0.00358768
0.00524874
0.00138878
0.00157203
0.00243683
0.0032282
0.00320726
0.00293111
0.00271649
0.00279223
0.00284244
0.00275924
0.00275427
0.00261102
0.00214103
0.0016522
0.00144243
0.00146502
0.00180729
0.00248055
0.00357689
0.00527548
0.00149131
0.00162468
0.00243298
0.00324175
0.0032456
0.00293808
0.00270193
0.00277887
0.0028346
0.0027483
0.00271998
0.00256293
0.0021321
0.0016446
0.00140025
0.00139348
0.00172465
0.00242414
0.0035584
0.00530277
0.00159435
0.00168517
0.00242987
0.00324616
0.00327595
0.00294458
0.00268804
0.00276615
0.00283097
0.00273654
0.00268939
0.00251526
0.00211166
0.00163771
0.00136798
0.00133163
0.00164006
0.00235527
0.00353465
0.00532778
0.00169826
0.00175303
0.00242715
0.00324087
0.00329964
0.00295504
0.0026762
0.00275329
0.00283039
0.00272391
0.00266001
0.00246976
0.00208258
0.00162748
0.00134284
0.00128237
0.00155961
0.00227816
0.00349756
0.00534639
0.00180188
0.00182742
0.00242644
0.00322451
0.00332021
0.00297041
0.00266735
0.00273722
0.00283123
0.00271066
0.00262912
0.00242882
0.00204793
0.00161161
0.00132249
0.0012455
0.00148744
0.00219655
0.00344844
0.00535617
0.00190475
0.00190809
0.00242912
0.00320121
0.00333605
0.00299085
0.00266207
0.00271521
0.00283016
0.00269877
0.00259654
0.00239353
0.00201241
0.00159067
0.00130248
0.00121761
0.0014278
0.00211877
0.00338944
0.00535411
0.00200681
0.0019936
0.0024358
0.0031722
0.00334642
0.00301543
0.00265988
0.00268624
0.00282553
0.0026916
0.00256344
0.00236255
0.0019789
0.00156442
0.0012785
0.00119443
0.0013822
0.00205035
0.00332768
0.00534245
0.00210763
0.00208283
0.00244745
0.00313938
0.00335083
0.00304179
0.00266148
0.00265224
0.00281547
0.00269037
0.00253072
0.00233173
0.00194821
0.00153528
0.00125045
0.0011731
0.00135921
0.00199676
0.00327217
0.0053262
0.00220693
0.00217493
0.00246481
0.0031039
0.00334817
0.00306822
0.00266914
0.00261635
0.00279725
0.00269365
0.00249947
0.0022987
0.00192153
0.00150738
0.00121846
0.00114709
0.0013337
0.00195624
0.00322753
0.00530932
0.0023045
0.00226904
0.00248834
0.00306704
0.00333824
0.00309354
0.00268377
0.00258115
0.00276829
0.00269784
0.00247212
0.00226346
0.00189738
0.00148236
0.00118487
0.00111475
0.00131004
0.00192714
0.00319574
0.0052969
0.00240014
0.00236434
0.00251831
0.00303027
0.00332116
0.00311616
0.00270474
0.00254903
0.00272819
0.00269939
0.00245067
0.00222679
0.00187382
0.00146052
0.00115339
0.00107748
0.00128505
0.00190671
0.00317603
0.00529089
0.00249373
0.00245999
0.00255467
0.00299519
0.00329744
0.00313439
0.00273042
0.00252323
0.00267922
0.00269435
0.00243537
0.00219014
0.00184965
0.00144069
0.00112566
0.00103878
0.00125547
0.00188944
0.00316546
0.00529152
0.00258525
0.00255526
0.00259714
0.00296311
0.00326787
0.00314686
0.00275924
0.00250638
0.00262392
0.0026789
0.00242513
0.00215504
0.00182347
0.00142152
0.00110209
0.0010018
0.00122169
0.00187043
0.00315876
0.00529635
0.0026746
0.00264941
0.00264547
0.00293521
0.00323354
0.00315263
0.00278876
0.00249933
0.00256574
0.00265126
0.00241717
0.00212214
0.0017953
0.00140309
0.00108197
0.000968081
0.00118538
0.00184615
0.0031493
0.00530157
0.00276185
0.00274184
0.00269891
0.00291245
0.00319573
0.00315138
0.0028164
0.0025017
0.00250963
0.00261126
0.00240751
0.00209229
0.0017657
0.00138423
0.00106371
0.000938159
0.00114792
0.00181547
0.00313341
0.00530403
0.00284702
0.00283209
0.0027567
0.00289561
0.0031556
0.00314294
0.00284023
0.0025123
0.0024593
0.00255984
0.00239255
0.00206606
0.00173469
0.0013633
0.00104648
0.000911764
0.00111058
0.00177986
0.00311053
0.00530138
0.00293017
0.00291966
0.00281788
0.00288525
0.00311445
0.0031279
0.00285868
0.0025286
0.00241726
0.00249944
0.00236965
0.00204228
0.0017025
0.00133976
0.00102912
0.000887615
0.00107429
0.0017414
0.00308159
0.00529253
0.00301138
0.00300431
0.0028814
0.0028816
0.00307333
0.00310702
0.00287074
0.00254727
0.00238538
0.00243439
0.00233672
0.00201877
0.00167012
0.00131271
0.0010092
0.000864683
0.00103976
0.00170148
0.00304763
0.00527721
0.0030907
0.0030857
0.00294623
0.00288477
0.00303369
0.00308112
0.00287574
0.00256554
0.00236397
0.00236866
0.0022923
0.00199274
0.00163804
0.00128174
0.00098544
0.000841816
0.00100648
0.0016614
0.0030105
0.00525606
0.00316821
0.00316378
0.00301126
0.00289446
0.00299658
0.00305106
0.0028738
0.00258098
0.00235166
0.00230574
0.00223701
0.00196123
0.00160596
0.00124835
0.000956972
0.000816573
0.000971691
0.00162249
0.00297216
0.00523006
0.00324382
0.00323839
0.00307563
0.00291039
0.00296314
0.00301751
0.00286533
0.00259141
0.00234521
0.00224911
0.00217358
0.00192113
0.00157208
0.00121352
0.000923491
0.000788678
0.000949145
0.00158775
0.00293441
0.00520036
0.00331761
0.00330957
0.00313821
0.00293161
0.0029344
0.00298157
0.00285113
0.00259551
0.00234113
0.00220057
0.00210573
0.00187113
0.00153346
0.00117624
0.000884854
0.00075173
0.000912633
0.00155017
0.00289556
0.00516676
0.00338941
0.0033774
0.0031986
0.00295724
0.00291078
0.00294436
0.00283194
0.00259309
0.00233592
0.00215895
0.00203662
0.00181156
0.00148735
0.00113537
0.000843558
0.000714603
0.000871956
0.00150872
0.00285348
0.00512802
0.00345915
0.00344182
0.00325619
0.00298643
0.00289277
0.00290673
0.00280745
0.00258481
0.00232774
0.00212236
0.00197007
0.00174416
0.00143037
0.00108675
0.000796109
0.000666108
0.000825033
0.00146199
0.00280687
0.0050838
0.00352658
0.00350321
0.00331046
0.00301835
0.00288093
0.00286984
0.00277769
0.00256947
0.00231412
0.00208737
0.00190824
0.00167466
0.00136544
0.00102803
0.00074031
0.000609644
0.000769003
0.00140601
0.00275167
0.00503089
0.00359132
0.00356141
0.00336127
0.00305131
0.00287471
0.002837
0.00274601
0.00254852
0.00229297
0.00204649
0.00184412
0.00160249
0.00129587
0.000961842
0.000679022
0.000547369
0.000705302
0.00134072
0.00268612
0.0049669
0.00365308
0.00361722
0.00340937
0.00308462
0.00287197
0.00280555
0.00271187
0.00252482
0.00227145
0.00200379
0.00177535
0.00152163
0.00121685
0.000892941
0.000608941
0.000476985
0.000633274
0.00126625
0.00261017
0.00489135
0.0037114
0.0036696
0.00345463
0.00311972
0.00287538
0.0027766
0.00267125
0.00249058
0.00224553
0.00196325
0.0017107
0.00143949
0.00112756
0.000801273
0.000522787
0.000391016
0.000545381
0.00117598
0.00251778
0.00479807
0.00376507
0.00371956
0.00349675
0.00315458
0.00288442
0.0027555
0.00263195
0.00244501
0.0022061
0.00191528
0.00164322
0.001362
0.0010421
0.000710897
0.000428411
0.000292255
0.000441945
0.00106904
0.00240909
0.00468811
0.00381598
0.00376242
0.00353147
0.00318484
0.00289369
0.00273395
0.00259155
0.00239281
0.00215699
0.00185988
0.00156412
0.00126879
0.000946519
0.000613381
0.000325327
0.000181342
0.000322446
0.000941504
0.00227506
0.00455017
0.00386275
0.00381778
0.00358301
0.0032343
0.002922
0.00272356
0.00255292
0.00233194
0.0020931
0.00180088
0.00149195
0.00118375
0.000851925
0.000512667
0.00021585
6.01058e-05
0.0001876
0.000793277
0.00211637
0.00438737
0.00387939
0.00382315
0.00359114
0.00326197
0.00294567
0.00273017
0.00253686
0.00228559
0.00202251
0.00172123
0.00140035
0.0010778
0.000740885
0.000394682
8.85146e-05
-8.1943e-05
2.61258e-05
0.000610049
0.00191338
0.00416877
0.00397094
0.0039266
0.00367029
0.00330344
0.00293319
0.00264934
0.00242247
0.00219279
0.00197099
0.00171069
0.0013928
0.00104213
0.000677736
0.000310489
-1.24942e-05
-0.000198349
-0.000108967
0.000451942
0.00172851
0.00395207
0.00384177
0.0038331
0.00371389
0.003447
0.00312188
0.00275507
0.00235908
0.00199457
0.00174691
0.00152165
0.00123042
0.000891146
0.000516526
0.000136554
-0.000189144
-0.000370564
-0.000268021
0.000306254
0.00158938
0.00381229
0.00407625
0.00400689
0.00372658
0.00331779
0.0029051
0.00258763
0.00237723
0.00216439
0.00192856
0.00167069
0.0013497
0.000954692
0.000510984
5.06227e-05
-0.000387111
-0.000708022
-0.000753981
-0.000313741
0.000861363
0.00299956
0.00394611
0.00398408
0.00370291
0.00341549
0.00305759
0.00257471
0.00214609
0.00186101
0.00161025
0.00136537
0.00107385
0.000755189
0.000438274
0.000192494
2.01709e-05
-3.52885e-05
8.69535e-05
0.000562976
0.00165605
0.00364412
0.00418321
0.00403046
0.00371345
0.00328227
0.0028747
0.00258248
0.00243409
0.00226074
0.00198895
0.00168432
0.00127838
0.000765578
0.000158007
-0.000518055
-0.00118447
-0.00172916
-0.00198276
-0.00173991
-0.000761744
0.00118916
0.00438408
0.00392483
0.00355873
0.00314065
0.00277542
0.00234407
0.00198292
0.00178039
0.00155539
0.00122176
0.000898904
0.000659356
0.00064862
0.0009281
0.0015449
0.00241494
0.00335885
0.00409658
0.00429644
0.00363588
0.00439358
0.00399714
0.00359701
0.00322756
0.00296298
0.00274655
0.00259599
0.00241108
0.00212961
0.00170952
0.00114905
0.000404778
-0.000493823
-0.00146433
-0.0023912
-0.00318315
-0.00369941
-0.00373075
-0.00301688
-0.00132048
0.00455622
0.00396138
0.00351985
0.00314631
0.00290391
0.00256518
0.0021823
0.00168655
0.0012628
0.00103009
0.000791371
0.000434464
0.000135253
5.30946e-05
0.000276696
0.000781129
0.00147268
0.00207604
0.00221195
0.00152641
0.0045556
0.00395085
0.00352976
0.00325065
0.00316473
0.0030906
0.0030179
0.00283049
0.00249907
0.00188623
0.000969082
-0.000298116
-0.00185195
-0.00351126
-0.00503816
-0.00623726
-0.00694782
-0.00700141
-0.00617942
-0.0042865
0.0154013
0.00423839
0.000815688
0.00219485
0.00377257
0.00510417
0.00612954
0.00669281
0.00727109
0.00844962
0.00999017
0.0113769
0.0125956
0.0137427
0.0148207
0.0159883
0.0172904
0.0185807
0.0198548
0.0212296
0.0226587
0.0241012
0.0255984
0.0272345
0.0288993
0.0304664
0.0321151
0.0339594
0.0358626
0.0378372
0.0398633
0.0418387
0.0439169
0.0461341
0.0484405
0.0507502
0.053185
0.0557047
0.058325
0.0610533
0.0638278
0.066785
0.0697423
0.0729428
0.0761244
0.079444
0.0828381
0.0861491
0.0895958
0.0928073
0.0150429
0.00429617
0.000866921
0.00221716
0.0037844
0.00511149
0.00613502
0.00669721
0.00727445
0.00845224
0.00999237
0.0113787
0.0125971
0.0137439
0.0148218
0.0159892
0.0172912
0.0185815
0.0198555
0.0212302
0.0226593
0.0241017
0.0255988
0.027235
0.0288997
0.0304668
0.0321155
0.0339598
0.0358629
0.0378375
0.0398636
0.041839
0.0439171
0.0461343
0.0484407
0.0507504
0.0531852
0.0557048
0.0583251
0.0610535
0.063828
0.0667851
0.0697424
0.0729429
0.0761245
0.0794441
0.0828382
0.0861491
0.0895958
0.0928073
0.0146587
0.00439808
0.000950051
0.00224443
0.00379756
0.00511958
0.00614051
0.00670128
0.00727741
0.00845461
0.00999449
0.0113805
0.0125985
0.0137451
0.0148228
0.01599
0.0172919
0.0185821
0.0198561
0.0212307
0.0226598
0.0241022
0.0255993
0.0272354
0.0289001
0.0304671
0.0321158
0.0339601
0.0358632
0.0378377
0.0398638
0.0418392
0.0439173
0.0461345
0.0484409
0.0507506
0.0531853
0.0557049
0.0583252
0.0610536
0.0638281
0.0667852
0.0697425
0.0729429
0.0761246
0.0794441
0.0828383
0.0861492
0.0895958
0.0928074
0.0143053
0.00453911
0.00107122
0.00228261
0.00381532
0.00513061
0.00614729
0.00670585
0.00728061
0.00845725
0.00999694
0.0113825
0.0126001
0.0137464
0.0148239
0.0159909
0.0172926
0.0185827
0.0198566
0.0212312
0.0226603
0.0241027
0.0255997
0.0272358
0.0289005
0.0304675
0.0321161
0.0339604
0.0358635
0.037838
0.039864
0.0418394
0.0439175
0.0461347
0.048441
0.0507507
0.0531854
0.0557051
0.0583253
0.0610537
0.0638282
0.0667853
0.0697426
0.072943
0.0761247
0.0794442
0.0828383
0.0861492
0.0895959
0.0928075
0.013962
0.00470023
0.00122028
0.00233112
0.0038388
0.00514608
0.00615655
0.00671169
0.0072846
0.00846062
0.0100001
0.0113852
0.0126022
0.013748
0.0148252
0.0159919
0.0172935
0.0185835
0.0198572
0.0212317
0.0226608
0.0241032
0.0256001
0.0272362
0.0289009
0.0304679
0.0321164
0.0339607
0.0358638
0.0378382
0.0398643
0.0418397
0.0439177
0.0461348
0.0484412
0.0507509
0.0531856
0.0557052
0.0583255
0.0610538
0.0638283
0.0667854
0.0697427
0.0729431
0.0761248
0.0794443
0.0828384
0.0861493
0.089596
0.0928076
0.0136067
0.00486691
0.0013842
0.00238538
0.00386641
0.00516567
0.0061687
0.00671931
0.00728973
0.00846497
0.0100043
0.0113886
0.0126048
0.0137501
0.0148269
0.0159933
0.0172946
0.0185844
0.0198579
0.0212323
0.0226613
0.0241037
0.0256006
0.0272366
0.0289014
0.0304683
0.0321167
0.033961
0.0358641
0.0378385
0.0398646
0.0418399
0.0439179
0.046135
0.0484414
0.050751
0.0531857
0.0557053
0.0583256
0.0610539
0.0638284
0.0667855
0.0697428
0.0729432
0.0761249
0.0794444
0.0828385
0.0861494
0.0895961
0.0928078
0.0132349
0.00503329
0.00155667
0.00244224
0.00389603
0.005188
0.00618337
0.00672882
0.00729613
0.00847037
0.0100094
0.011393
0.0126081
0.0137527
0.014829
0.0159951
0.017296
0.0185854
0.0198588
0.021233
0.0226619
0.0241042
0.0256011
0.0272371
0.0289019
0.0304687
0.032117
0.0339613
0.0358644
0.0378388
0.0398649
0.0418402
0.0439181
0.0461353
0.0484416
0.0507512
0.0531859
0.0557055
0.0583257
0.0610541
0.0638285
0.0667857
0.0697429
0.0729433
0.076125
0.0794445
0.0828386
0.0861495
0.0895963
0.092808
0.0128494
0.00519755
0.00173529
0.00250024
0.00392623
0.00521178
0.00619985
0.00673998
0.00730369
0.00847671
0.0100157
0.0113984
0.0126122
0.0137559
0.0148318
0.0159974
0.0172978
0.0185868
0.0198598
0.0212338
0.0226625
0.0241047
0.0256016
0.0272377
0.0289025
0.0304692
0.0321173
0.0339617
0.0358648
0.0378392
0.0398652
0.0418405
0.0439184
0.0461355
0.0484418
0.0507514
0.0531861
0.0557057
0.0583259
0.0610542
0.0638286
0.0667858
0.069743
0.0729434
0.0761251
0.0794446
0.0828387
0.0861497
0.0895965
0.0928084
0.0124537
0.00535806
0.00191863
0.00255872
0.00395625
0.00523635
0.00621759
0.00675239
0.00731212
0.00848376
0.0100227
0.0114046
0.0126171
0.0137598
0.0148351
0.0160003
0.0172999
0.0185884
0.0198611
0.0212349
0.0226632
0.0241052
0.0256021
0.0272382
0.0289032
0.0304698
0.0321177
0.0339621
0.0358651
0.0378395
0.0398656
0.0418408
0.0439186
0.0461358
0.0484421
0.0507516
0.0531863
0.0557058
0.058326
0.0610544
0.0638288
0.0667859
0.0697432
0.0729435
0.0761252
0.0794447
0.0828388
0.0861499
0.0895968
0.0928088
0.0120508
0.00551288
0.00210558
0.00261752
0.0039858
0.00526143
0.00623632
0.00676573
0.0073211
0.00849125
0.0100304
0.0114116
0.0126228
0.0137642
0.0148389
0.0160035
0.0173024
0.0185902
0.0198628
0.0212362
0.0226642
0.0241059
0.0256027
0.0272388
0.0289039
0.0304704
0.0321182
0.0339625
0.0358655
0.0378399
0.039866
0.0418412
0.0439189
0.0461361
0.0484424
0.0507519
0.0531865
0.055706
0.0583262
0.0610545
0.0638289
0.066786
0.0697433
0.0729437
0.0761253
0.0794448
0.082839
0.0861501
0.0895971
0.0928092
0.0116449
0.00566065
0.00229529
0.00267672
0.00401472
0.00528689
0.00625588
0.00677975
0.00733039
0.00849898
0.0100385
0.0114192
0.0126289
0.013769
0.0148431
0.0160071
0.017305
0.0185923
0.0198647
0.0212379
0.0226653
0.0241067
0.0256032
0.0272393
0.0289047
0.0304713
0.0321188
0.033963
0.0358658
0.0378402
0.0398664
0.0418416
0.0439193
0.0461365
0.0484427
0.0507522
0.0531868
0.0557063
0.0583264
0.0610547
0.0638291
0.0667862
0.0697434
0.0729438
0.0761255
0.079445
0.0828392
0.0861504
0.0895976
0.0928098
0.0112415
0.00580101
0.00248688
0.00273632
0.00404286
0.0053125
0.00627602
0.00679422
0.00733979
0.00850677
0.0100469
0.0114273
0.0126355
0.0137742
0.0148476
0.0160109
0.0173078
0.0185944
0.0198668
0.0212398
0.0226668
0.0241077
0.0256039
0.0272397
0.0289053
0.0304721
0.0321197
0.0339636
0.0358662
0.0378405
0.0398667
0.041842
0.0439197
0.0461368
0.0484431
0.0507525
0.0531871
0.0557066
0.0583267
0.0610549
0.0638293
0.0667864
0.0697436
0.072944
0.0761256
0.0794452
0.0828394
0.0861507
0.0895982
0.0928106
0.0108475
0.00593435
0.00267927
0.00279626
0.00407003
0.00533795
0.00629632
0.00680874
0.00734907
0.00851446
0.0100554
0.0114356
0.0126425
0.0137797
0.0148523
0.016015
0.0173107
0.0185965
0.0198689
0.0212419
0.0226685
0.024109
0.0256048
0.0272401
0.0289059
0.030473
0.0321206
0.0339644
0.0358666
0.0378407
0.0398671
0.0418424
0.0439201
0.0461373
0.0484435
0.0507529
0.0531874
0.0557069
0.058327
0.0610552
0.0638295
0.0667865
0.0697437
0.0729441
0.0761258
0.0794454
0.0828397
0.0861512
0.0895989
0.0928114
0.0104698
0.0060616
0.00287144
0.00285653
0.00409604
0.00536289
0.00631619
0.00682274
0.00735795
0.00852185
0.0100638
0.011444
0.0126496
0.0137853
0.0148572
0.0160192
0.0173136
0.0185986
0.0198711
0.0212441
0.0226703
0.0241106
0.0256058
0.0272405
0.0289062
0.0304738
0.0321218
0.0339655
0.0358671
0.0378408
0.0398673
0.0418427
0.0439205
0.0461377
0.048444
0.0507534
0.0531879
0.0557073
0.0583273
0.0610555
0.0638297
0.0667868
0.0697439
0.0729443
0.076126
0.0794456
0.0828399
0.0861518
0.0895999
0.0928124
0.010115
0.00618419
0.00306259
0.00291727
0.00412074
0.005387
0.00633505
0.0068356
0.00736617
0.00852877
0.010072
0.0114523
0.0126568
0.0137911
0.0148622
0.0160235
0.0173167
0.0186007
0.0198732
0.0212464
0.0226723
0.0241123
0.025607
0.0272408
0.0289064
0.0304744
0.0321229
0.0339669
0.0358678
0.037841
0.0398674
0.041843
0.043921
0.0461382
0.0484444
0.0507539
0.0531884
0.0557078
0.0583277
0.0610559
0.06383
0.066787
0.0697441
0.0729445
0.0761262
0.0794459
0.0828403
0.0861524
0.0896009
0.0928135
0.00978735
0.00630365
0.00325224
0.00297871
0.00414404
0.00541005
0.00635255
0.00684699
0.0073738
0.00853527
0.0100797
0.0114602
0.0126638
0.0137969
0.0148674
0.0160279
0.0173198
0.018603
0.0198754
0.0212487
0.0226743
0.0241141
0.0256084
0.0272411
0.0289062
0.0304748
0.032124
0.0339684
0.0358687
0.0378411
0.0398673
0.0418432
0.0439214
0.0461387
0.0484449
0.0507544
0.0531889
0.0557083
0.0583282
0.0610563
0.0638304
0.0667873
0.0697444
0.0729447
0.0761264
0.0794462
0.0828407
0.0861532
0.0896022
0.0928149
0.00948928
0.00642123
0.00344028
0.00304118
0.00416591
0.00543186
0.00636863
0.00685714
0.00738153
0.00854182
0.0100869
0.0114675
0.0126705
0.0138027
0.0148726
0.0160325
0.0173232
0.0186053
0.0198776
0.0212509
0.0226763
0.0241159
0.0256098
0.0272415
0.0289058
0.030475
0.032125
0.0339701
0.0358697
0.0378412
0.0398672
0.0418433
0.0439219
0.0461392
0.0484453
0.0507548
0.0531895
0.0557089
0.0583287
0.0610568
0.0638309
0.0667877
0.0697446
0.0729449
0.0761267
0.0794465
0.0828411
0.0861541
0.0896037
0.0928164
0.00922062
0.00653752
0.00362692
0.00310533
0.0041865
0.00545234
0.0063835
0.00686678
0.00739083
0.00854943
0.0100937
0.011474
0.0126766
0.0138084
0.014878
0.0160372
0.0173267
0.0186079
0.0198799
0.0212532
0.0226784
0.0241178
0.0256112
0.0272418
0.0289051
0.0304749
0.0321259
0.0339718
0.0358709
0.0378414
0.0398669
0.0418433
0.0439222
0.0461398
0.0484458
0.0507553
0.0531901
0.0557095
0.0583293
0.0610573
0.0638314
0.0667881
0.069745
0.0729452
0.0761269
0.0794468
0.0828415
0.0861551
0.0896055
0.0928181
0.0089792
0.00665233
0.00381275
0.0031721
0.00420608
0.00547144
0.00639754
0.00687766
0.00740354
0.00855947
0.0101007
0.0114798
0.0126821
0.0138139
0.0148835
0.016042
0.0173304
0.0186107
0.0198824
0.0212555
0.0226804
0.0241197
0.0256126
0.0272421
0.0289042
0.0304746
0.0321266
0.0339734
0.0358721
0.0378415
0.0398665
0.0418431
0.0439226
0.0461404
0.0484463
0.0507558
0.0531908
0.0557102
0.0583299
0.0610579
0.0638319
0.0667886
0.0697454
0.0729455
0.0761272
0.0794472
0.082842
0.0861562
0.0896074
0.0928199
0.00876154
0.00676482
0.00399861
0.00324272
0.00422509
0.00548912
0.00641116
0.00689084
0.00742127
0.00857323
0.0101081
0.0114847
0.012687
0.0138193
0.0148891
0.016047
0.0173343
0.0186138
0.0198851
0.0212578
0.0226825
0.0241217
0.0256141
0.0272424
0.028903
0.0304741
0.0321272
0.033975
0.0358734
0.0378417
0.039866
0.0418428
0.0439229
0.046141
0.0484468
0.0507562
0.0531914
0.055711
0.0583306
0.0610584
0.0638325
0.0667892
0.0697458
0.0729458
0.0761274
0.0794476
0.0828426
0.0861574
0.0896095
0.092822
0.0085633
0.00687375
0.0041855
0.00331856
0.00424402
0.00550528
0.00642441
0.00690687
0.0074448
0.00859144
0.0101164
0.0114891
0.0126913
0.0138245
0.0148948
0.0160522
0.0173382
0.018617
0.0198879
0.0212603
0.0226846
0.0241237
0.0256157
0.0272427
0.0289017
0.0304735
0.0321278
0.0339765
0.0358747
0.0378419
0.0398654
0.0418426
0.0439232
0.0461417
0.0484473
0.0507567
0.0531921
0.0557117
0.0583313
0.061059
0.0638332
0.0667899
0.0697463
0.0729461
0.0761277
0.079448
0.0828432
0.0861586
0.0896118
0.0928242
0.00838029
0.00697765
0.00437435
0.00340107
0.00426332
0.00551985
0.00643741
0.00692591
0.007474
0.00861408
0.0101257
0.0114932
0.0126952
0.0138297
0.0149007
0.0160576
0.0173424
0.0186204
0.0198909
0.0212628
0.0226868
0.0241258
0.0256174
0.0272431
0.0289004
0.0304729
0.0321285
0.033978
0.035876
0.0378421
0.0398648
0.0418423
0.0439236
0.0461423
0.0484478
0.0507572
0.0531928
0.0557125
0.058332
0.0610597
0.0638338
0.0667905
0.0697469
0.0729465
0.076128
0.0794484
0.0828438
0.08616
0.0896143
0.0928266
0.00820965
0.00707521
0.00456575
0.00349147
0.00428341
0.00553279
0.00645018
0.00694763
0.00750796
0.00864053
0.0101362
0.0114971
0.012699
0.0138349
0.0149068
0.0160633
0.0173467
0.018624
0.019894
0.0212654
0.0226891
0.024128
0.0256193
0.0272436
0.0288991
0.0304724
0.0321295
0.0339795
0.0358773
0.0378424
0.0398643
0.041842
0.0439241
0.0461428
0.0484483
0.0507577
0.0531935
0.0557133
0.0583327
0.0610603
0.0638345
0.0667913
0.0697475
0.0729469
0.0761284
0.0794488
0.0828444
0.0861614
0.089617
0.0928291
0.00804864
0.00716528
0.0047599
0.00359071
0.00430474
0.00554412
0.00646272
0.00697148
0.00754544
0.00866985
0.0101476
0.0115012
0.0127028
0.0138403
0.014913
0.0160692
0.0173511
0.0186277
0.0198973
0.0212681
0.0226914
0.0241302
0.0256213
0.0272442
0.028898
0.0304722
0.0321309
0.033981
0.0358787
0.0378427
0.0398638
0.0418419
0.0439247
0.0461433
0.0484488
0.0507582
0.0531943
0.0557141
0.0583335
0.061061
0.0638352
0.066792
0.0697482
0.0729474
0.0761287
0.0794493
0.0828451
0.0861629
0.0896198
0.0928317
0.00789554
0.00724674
0.0049566
0.00369957
0.00432795
0.00555383
0.00647492
0.00699691
0.00758528
0.00870114
0.0101599
0.0115056
0.0127069
0.0138458
0.0149196
0.0160753
0.0173558
0.0186316
0.0199006
0.021271
0.0226939
0.0241325
0.0256235
0.0272449
0.0288971
0.0304723
0.0321327
0.0339826
0.03588
0.0378429
0.0398633
0.0418419
0.0439256
0.0461438
0.0484492
0.0507588
0.0531951
0.055715
0.0583342
0.0610616
0.0638359
0.0667927
0.0697489
0.0729478
0.0761291
0.0794497
0.0828458
0.0861644
0.0896227
0.0928345
0.0077512
0.00731919
0.00515515
0.00381849
0.00435386
0.00556203
0.00648662
0.00702348
0.00762663
0.00873369
0.0101729
0.0115104
0.0127113
0.0138516
0.0149263
0.0160817
0.0173606
0.0186356
0.0199041
0.0212739
0.0226964
0.0241348
0.0256259
0.0272458
0.0288964
0.0304728
0.0321349
0.0339842
0.0358813
0.0378432
0.0398629
0.041842
0.0439267
0.0461443
0.0484496
0.0507595
0.053196
0.0557158
0.058335
0.0610623
0.0638367
0.0667935
0.0697496
0.0729483
0.0761294
0.0794502
0.0828466
0.086166
0.0896258
0.0928374
0.00761544
0.00738293
0.00535473
0.00394757
0.00438323
0.00556875
0.00649765
0.00705089
0.00766894
0.00876703
0.0101865
0.0115157
0.0127161
0.0138578
0.0149334
0.0160883
0.0173657
0.0186397
0.0199077
0.021277
0.022699
0.0241372
0.0256284
0.0272469
0.0288959
0.0304738
0.0321375
0.033986
0.0358826
0.0378435
0.0398625
0.0418424
0.043928
0.0461447
0.0484499
0.0507602
0.053197
0.0557166
0.0583358
0.0610631
0.0638375
0.0667943
0.0697504
0.0729489
0.0761298
0.0794508
0.0828474
0.0861677
0.0896289
0.0928404
0.00748852
0.00743778
0.00555409
0.00408679
0.00441708
0.00557414
0.00650776
0.0070789
0.00771198
0.00880094
0.0102008
0.0115215
0.0127215
0.0138642
0.0149408
0.0160951
0.017371
0.018644
0.0199114
0.0212802
0.0227018
0.0241397
0.025631
0.0272481
0.0288956
0.0304752
0.0321406
0.0339878
0.0358838
0.0378438
0.039862
0.0418429
0.0439295
0.0461453
0.0484502
0.0507609
0.053198
0.0557175
0.0583366
0.0610638
0.0638383
0.0667951
0.0697511
0.0729495
0.0761303
0.0794513
0.0828483
0.0861694
0.0896322
0.0928435
0.00737139
0.00748434
0.00575168
0.00423572
0.00445669
0.00557874
0.00651683
0.00710728
0.00775563
0.00883539
0.0102157
0.0115279
0.0127273
0.0138711
0.0149484
0.0161022
0.0173765
0.0186485
0.0199153
0.0212835
0.0227046
0.0241423
0.0256337
0.0272495
0.0288954
0.0304769
0.032144
0.0339898
0.0358851
0.037844
0.0398616
0.0418436
0.0439312
0.0461459
0.0484505
0.0507617
0.0531991
0.0557184
0.0583374
0.0610646
0.0638392
0.066796
0.0697519
0.0729501
0.0761307
0.0794519
0.0828492
0.0861712
0.0896357
0.0928467
0.0072643
0.0075239
0.00594657
0.00439373
0.00450283
0.00558251
0.00652445
0.00713581
0.00779992
0.00887043
0.0102313
0.0115349
0.0127336
0.0138783
0.0149564
0.0161096
0.0173822
0.0186532
0.0199193
0.021287
0.0227076
0.0241449
0.0256366
0.0272509
0.0288953
0.030479
0.0321476
0.0339918
0.0358862
0.0378443
0.0398612
0.0418447
0.043933
0.0461465
0.0484509
0.0507626
0.0532002
0.0557193
0.0583383
0.0610655
0.0638401
0.0667969
0.0697528
0.0729507
0.0761312
0.0794525
0.0828502
0.0861731
0.0896392
0.09285
0.00717074
0.00755681
0.00613639
0.00455989
0.0045567
0.00558607
0.0065304
0.00716423
0.0078449
0.00890621
0.0102476
0.0115424
0.0127404
0.0138859
0.0149647
0.0161172
0.0173882
0.018658
0.0199235
0.0212906
0.0227106
0.0241477
0.0256395
0.0272525
0.0288953
0.0304813
0.0321515
0.0339939
0.0358874
0.0378445
0.0398607
0.0418457
0.0439348
0.0461473
0.0484512
0.0507635
0.0532014
0.0557203
0.0583392
0.0610663
0.063841
0.0667978
0.0697536
0.0729514
0.0761317
0.0794532
0.0828513
0.0861751
0.089643
0.0928535
0.00709295
0.0075857
0.0063197
0.00473279
0.00461914
0.00559035
0.00653494
0.00719238
0.00789042
0.00894267
0.0102648
0.0115506
0.0127478
0.0138939
0.0149734
0.016125
0.0173944
0.0186631
0.0199278
0.0212943
0.0227138
0.0241506
0.0256425
0.0272541
0.0288953
0.0304839
0.0321555
0.033996
0.0358886
0.0378448
0.0398602
0.0418467
0.0439368
0.046148
0.0484516
0.0507644
0.0532026
0.0557213
0.0583401
0.0610672
0.063842
0.0667988
0.0697545
0.0729521
0.0761322
0.0794539
0.0828524
0.0861771
0.0896468
0.0928571
0.00702775
0.00761195
0.00649709
0.00491206
0.00469077
0.00559533
0.00653724
0.0072198
0.00793658
0.00898004
0.0102827
0.0115594
0.0127557
0.0139023
0.0149823
0.0161332
0.0174009
0.0186683
0.0199323
0.0212982
0.0227171
0.0241535
0.0256456
0.0272559
0.0288955
0.0304866
0.0321597
0.0339982
0.0358898
0.037845
0.0398598
0.0418477
0.0439388
0.0461489
0.048452
0.0507654
0.0532039
0.0557224
0.0583411
0.0610682
0.063843
0.0667998
0.0697555
0.0729529
0.0761328
0.0794546
0.0828535
0.0861792
0.0896508
0.0928609
0.00697609
0.00763514
0.00666603
0.00509659
0.00477325
0.00560312
0.00653796
0.0072547
0.00798331
0.00901852
0.0103016
0.0115689
0.0127641
0.0139111
0.0149916
0.0161416
0.0174076
0.0186737
0.0199369
0.0213022
0.0227205
0.0241566
0.0256488
0.0272577
0.0288957
0.0304894
0.032164
0.0340005
0.035891
0.0378453
0.0398593
0.0418489
0.0439409
0.0461498
0.0484524
0.0507664
0.0532052
0.0557235
0.0583422
0.0610692
0.063844
0.0668009
0.0697565
0.0729537
0.0761334
0.0794554
0.0828548
0.0861813
0.089655
0.0928648
0.006938
0.00765955
0.00682572
0.0052835
0.00486558
0.005614
0.00653701
0.00727956
0.00803
0.00905779
0.0103216
0.0115793
0.0127732
0.0139205
0.0150012
0.0161504
0.0174146
0.0186793
0.0199418
0.0213064
0.0227241
0.0241598
0.0256521
0.0272596
0.028896
0.0304923
0.0321684
0.0340028
0.0358923
0.0378456
0.0398589
0.04185
0.0439429
0.0461508
0.0484529
0.0507674
0.0532065
0.0557247
0.0583433
0.0610702
0.0638451
0.066802
0.0697575
0.0729545
0.076134
0.0794562
0.0828561
0.0861836
0.0896593
0.0928689
0.00690249
0.00768515
0.0069774
0.00547203
0.00496679
0.00562719
0.00653359
0.00730239
0.00807686
0.00909804
0.0103425
0.0115903
0.0127826
0.0139301
0.0150111
0.0161595
0.0174219
0.0186852
0.0199468
0.0213107
0.0227278
0.0241631
0.0256554
0.0272615
0.0288963
0.0304953
0.032173
0.0340053
0.0358936
0.0378459
0.0398585
0.0418512
0.043945
0.0461517
0.0484534
0.0507685
0.0532079
0.0557259
0.0583444
0.0610713
0.0638463
0.0668031
0.0697586
0.0729554
0.0761347
0.0794571
0.0828574
0.0861859
0.0896638
0.0928731
0.0068738
0.00771011
0.00711971
0.00566171
0.00507962
0.00564742
0.00653047
0.00732401
0.00812373
0.00913951
0.0103647
0.0116021
0.0127927
0.0139403
0.0150214
0.0161689
0.0174295
0.0186912
0.019952
0.0213153
0.0227316
0.0241666
0.0256589
0.0272636
0.0288968
0.0304984
0.0321776
0.0340078
0.035895
0.0378463
0.0398581
0.0418524
0.0439472
0.0461528
0.048454
0.0507696
0.0532093
0.0557271
0.0583456
0.0610724
0.0638475
0.0668043
0.0697597
0.0729563
0.0761354
0.079458
0.0828589
0.0861883
0.0896684
0.0928775
0.00685127
0.00774069
0.007254
0.00584893
0.00520075
0.00567412
0.00652681
0.00734255
0.00816934
0.00918178
0.0103884
0.0116152
0.0128037
0.0139511
0.0150322
0.0161787
0.0174374
0.0186976
0.0199574
0.02132
0.0227357
0.0241702
0.0256625
0.0272657
0.0288973
0.0305016
0.0321823
0.0340104
0.0358965
0.0378467
0.0398577
0.0418536
0.0439493
0.0461538
0.0484546
0.0507708
0.0532108
0.0557284
0.0583468
0.0610736
0.0638487
0.0668055
0.0697608
0.0729572
0.0761362
0.0794589
0.0828605
0.0861908
0.0896732
0.092882
0.00682705
0.00777895
0.00738249
0.0060316
0.00532649
0.00570538
0.00652181
0.00735816
0.00821378
0.00922466
0.010413
0.0116288
0.0128149
0.0139621
0.0150432
0.0161887
0.0174456
0.0187041
0.0199629
0.0213249
0.0227398
0.0241738
0.0256661
0.0272679
0.0288979
0.0305048
0.0321871
0.0340131
0.035898
0.0378471
0.0398574
0.0418548
0.0439515
0.0461549
0.0484553
0.050772
0.0532124
0.0557297
0.0583481
0.0610748
0.06385
0.0668068
0.069762
0.0729582
0.076137
0.0794599
0.0828621
0.0861934
0.0896782
0.0928868
0.00681381
0.00781909
0.00750365
0.00621184
0.00546211
0.00574855
0.00652111
0.00737288
0.00825719
0.00926847
0.0104393
0.0116437
0.0128269
0.0139737
0.0150547
0.0161992
0.0174541
0.0187108
0.0199687
0.0213299
0.0227441
0.0241776
0.0256699
0.0272703
0.0288987
0.0305081
0.032192
0.0340158
0.0358996
0.0378476
0.0398571
0.0418561
0.0439538
0.0461561
0.048456
0.0507733
0.053214
0.0557311
0.0583494
0.061076
0.0638513
0.0668081
0.0697632
0.0729592
0.0761378
0.079461
0.0828639
0.0861961
0.0896833
0.0928917
0.006805
0.00786617
0.00761961
0.00638543
0.0056014
0.00580014
0.00652214
0.0073844
0.00829798
0.00931272
0.0104675
0.0116603
0.0128402
0.0139862
0.0150668
0.0162103
0.0174631
0.0187179
0.0199748
0.0213353
0.0227486
0.0241816
0.0256738
0.0272727
0.0288996
0.0305116
0.032197
0.0340187
0.0359013
0.0378482
0.0398569
0.0418574
0.0439561
0.0461573
0.0484567
0.0507746
0.0532156
0.0557326
0.0583508
0.0610773
0.0638527
0.0668095
0.0697645
0.0729603
0.0761387
0.0794621
0.0828657
0.0861989
0.0896886
0.0928968
0.00679889
0.00792577
0.0077328
0.00654882
0.00573856
0.00585622
0.00652347
0.00739246
0.00833583
0.00935648
0.0104964
0.0116774
0.0128535
0.0139986
0.0150789
0.0162213
0.0174722
0.0187252
0.019981
0.0213407
0.0227532
0.0241856
0.0256778
0.0272751
0.0289005
0.030515
0.0322021
0.0340217
0.035903
0.0378488
0.0398567
0.0418587
0.0439584
0.0461585
0.0484575
0.0507759
0.0532173
0.0557341
0.0583522
0.0610786
0.0638541
0.0668109
0.0697658
0.0729614
0.0761397
0.0794632
0.0828677
0.0862018
0.0896941
0.0929021
0.00681502
0.00799051
0.00784163
0.00670841
0.00588404
0.00592861
0.00653523
0.00740203
0.0083721
0.00940032
0.0105271
0.0116963
0.012868
0.014012
0.0150918
0.0162331
0.0174818
0.0187328
0.0199874
0.0213463
0.022758
0.0241898
0.0256818
0.0272777
0.0289016
0.0305186
0.0322072
0.0340247
0.0359048
0.0378494
0.0398566
0.0418601
0.0439607
0.0461598
0.0484584
0.0507773
0.0532191
0.0557356
0.0583537
0.0610801
0.0638556
0.0668123
0.0697672
0.0729626
0.0761407
0.0794644
0.0828698
0.0862047
0.0896998
0.0929076
0.00684217
0.00806245
0.00794914
0.0068612
0.00602778
0.00600681
0.00654989
0.00740897
0.00840466
0.00944365
0.0105598
0.0117175
0.0128842
0.0140264
0.0151054
0.0162454
0.0174919
0.0187407
0.0199942
0.0213524
0.0227631
0.0241943
0.0256861
0.0272805
0.0289028
0.0305222
0.0322124
0.0340279
0.0359067
0.0378501
0.0398565
0.0418615
0.0439632
0.0461612
0.0484593
0.0507788
0.0532209
0.0557372
0.0583552
0.0610815
0.0638571
0.0668139
0.0697686
0.0729638
0.0761417
0.0794657
0.082872
0.0862078
0.0897056
0.0929134
0.00688846
0.00814471
0.00805116
0.00700059
0.00616421
0.00608799
0.00656794
0.0074142
0.00843346
0.00948494
0.0105925
0.0117392
0.0129006
0.0140407
0.0151188
0.0162577
0.0175021
0.0187489
0.0200011
0.0213584
0.0227682
0.0241987
0.0256904
0.0272833
0.0289041
0.0305259
0.0322177
0.0340312
0.0359087
0.0378509
0.0398565
0.0418629
0.0439656
0.0461626
0.0484603
0.0507803
0.0532228
0.0557389
0.0583568
0.061083
0.0638587
0.0668154
0.0697701
0.072965
0.0761428
0.079467
0.0828743
0.086211
0.0897117
0.0929193
0.00699658
0.00823777
0.00815002
0.00713653
0.00630575
0.00618436
0.00660022
0.00742397
0.00846082
0.00952486
0.0106262
0.0117629
0.0129186
0.0140562
0.0151332
0.0162708
0.0175129
0.0187574
0.0200082
0.0213647
0.0227735
0.0242033
0.0256948
0.0272862
0.0289056
0.0305297
0.032223
0.0340346
0.0359108
0.0378518
0.0398565
0.0418644
0.0439681
0.0461641
0.0484614
0.0507819
0.0532248
0.0557406
0.0583585
0.0610846
0.0638604
0.0668171
0.0697717
0.0729663
0.076144
0.0794684
0.0828768
0.0862143
0.0897179
0.0929255
0.00714285
0.00834719
0.00825845
0.0072723
0.00644226
0.00628059
0.00663567
0.00743313
0.00848469
0.00956315
0.0106612
0.0117888
0.0129387
0.0140731
0.0151483
0.0162842
0.0175241
0.0187662
0.0200158
0.0213714
0.0227792
0.0242082
0.0256994
0.0272893
0.0289072
0.0305336
0.0322284
0.0340381
0.035913
0.0378527
0.0398567
0.0418659
0.0439706
0.0461656
0.0484625
0.0507836
0.0532268
0.0557424
0.0583602
0.0610863
0.0638621
0.0668188
0.0697733
0.0729677
0.0761452
0.0794698
0.0828794
0.0862177
0.0897243
0.0929319
0.00728272
0.00846156
0.00836307
0.00739614
0.00656941
0.00637801
0.00667888
0.0074458
0.00850677
0.009599
0.0106953
0.0118154
0.0129597
0.0140905
0.0151634
0.0162978
0.0175356
0.0187755
0.0200236
0.0213782
0.0227848
0.0242131
0.0257041
0.0272925
0.0289089
0.0305375
0.0322339
0.0340417
0.0359152
0.0378537
0.0398569
0.0418675
0.0439732
0.0461672
0.0484637
0.0507853
0.0532289
0.0557443
0.058362
0.061088
0.0638639
0.0668205
0.0697749
0.0729691
0.0761465
0.0794713
0.0828821
0.0862212
0.0897308
0.0929386
0.00740817
0.00856903
0.00846366
0.00751759
0.00669634
0.00648118
0.00673195
0.0074631
0.00852731
0.00963225
0.0107287
0.0118428
0.0129822
0.0141092
0.0151796
0.0163121
0.0175476
0.0187849
0.0200314
0.0213852
0.0227907
0.0242182
0.0257089
0.0272958
0.0289108
0.0305416
0.0322394
0.0340454
0.0359176
0.0378548
0.0398572
0.0418692
0.0439758
0.0461689
0.0484649
0.050787
0.0532311
0.0557462
0.0583639
0.0610897
0.0638658
0.0668224
0.0697767
0.0729705
0.0761479
0.0794729
0.082885
0.0862249
0.0897376
0.0929455
0.00750768
0.00867662
0.00857517
0.00764359
0.00681989
0.00658216
0.00678865
0.00748284
0.00854685
0.00966398
0.0107619
0.0118715
0.0130067
0.0141298
0.0151967
0.0163267
0.0175598
0.0187947
0.0200398
0.0213926
0.022797
0.0242236
0.0257139
0.0272994
0.0289129
0.0305458
0.032245
0.0340493
0.03592
0.037856
0.0398575
0.0418709
0.0439785
0.0461707
0.0484663
0.0507889
0.0532334
0.0557482
0.0583659
0.0610916
0.0638677
0.0668243
0.0697785
0.0729721
0.0761493
0.0794746
0.082888
0.0862287
0.0897445
0.0929526
0.00758712
0.00879147
0.00869138
0.00776551
0.00693654
0.00668132
0.00685263
0.00750911
0.0085674
0.00969431
0.0107943
0.0119005
0.0130323
0.0141515
0.0152145
0.0163418
0.0175727
0.0188051
0.0200486
0.0214002
0.0228033
0.024229
0.025719
0.027303
0.0289152
0.03055
0.0322506
0.0340532
0.0359226
0.0378573
0.039858
0.0418726
0.0439813
0.0461725
0.0484677
0.0507908
0.0532357
0.0557503
0.0583679
0.0610935
0.0638697
0.0668262
0.0697803
0.0729737
0.0761508
0.0794763
0.0828912
0.0862326
0.0897516
0.0929601
0.00766064
0.00890713
0.00880679
0.00788682
0.007052
0.00678121
0.00692222
0.00754003
0.00858743
0.00972244
0.0108256
0.0119296
0.0130589
0.0141749
0.0152338
0.0163577
0.0175859
0.0188156
0.0200573
0.021408
0.02281
0.0242347
0.0257242
0.0273068
0.0289176
0.0305543
0.0322563
0.0340573
0.0359253
0.0378587
0.0398586
0.0418745
0.043984
0.0461744
0.0484693
0.0507928
0.0532381
0.0557524
0.05837
0.0610955
0.0638718
0.0668283
0.0697823
0.0729753
0.0761524
0.0794782
0.0828946
0.0862366
0.0897588
0.0929678
0.00773301
0.00901772
0.00892427
0.00801111
0.0071668
0.00687897
0.00699418
0.00757515
0.00860823
0.00974965
0.0108563
0.0119587
0.0130867
0.0142001
0.0152543
0.016374
0.0175991
0.0188263
0.0200665
0.0214163
0.0228169
0.0242404
0.0257296
0.0273108
0.0289203
0.0305588
0.0322621
0.0340615
0.0359281
0.0378602
0.0398593
0.0418764
0.0439869
0.0461764
0.0484709
0.0507948
0.0532406
0.0557547
0.0583722
0.0610976
0.0638739
0.0668304
0.0697843
0.0729771
0.0761541
0.0794801
0.0828981
0.0862408
0.0897663
0.0929758
0.00779469
0.00912284
0.00904531
0.00813688
0.00727908
0.0069736
0.00706892
0.00761582
0.00863066
0.00977593
0.0108863
0.0119876
0.0131149
0.0142264
0.0152758
0.016391
0.0176133
0.0188378
0.020076
0.0214246
0.0228238
0.0242464
0.0257352
0.0273151
0.0289231
0.0305634
0.0322679
0.0340658
0.035931
0.0378618
0.0398601
0.0418784
0.0439898
0.0461784
0.0484726
0.050797
0.0532432
0.055757
0.0583745
0.0610998
0.0638761
0.0668326
0.0697864
0.0729789
0.0761559
0.0794821
0.0829017
0.0862452
0.0897739
0.092984
0.00784559
0.00922491
0.00916777
0.0082622
0.00738977
0.00706664
0.00714626
0.00766119
0.0086544
0.00980147
0.0109158
0.0120162
0.0131431
0.0142539
0.0152992
0.0164095
0.017628
0.0188493
0.0200855
0.0214332
0.0228313
0.0242527
0.0257409
0.0273194
0.0289262
0.030568
0.0322738
0.0340703
0.0359341
0.0378636
0.0398611
0.0418804
0.0439928
0.0461806
0.0484745
0.0507992
0.0532458
0.0557594
0.0583769
0.061102
0.0638784
0.0668349
0.0697886
0.0729808
0.0761578
0.0794842
0.0829056
0.0862497
0.0897817
0.0929926
0.00789622
0.00932222
0.0092886
0.00838799
0.00750123
0.00715859
0.00722472
0.00771068
0.00868022
0.00982677
0.0109447
0.0120441
0.0131715
0.014283
0.0153245
0.0164288
0.0176429
0.0188612
0.0200955
0.0214421
0.0228389
0.024259
0.0257467
0.027324
0.0289295
0.0305728
0.0322798
0.0340749
0.0359373
0.0378655
0.0398621
0.0418826
0.0439958
0.0461828
0.0484764
0.0508015
0.0532486
0.0557619
0.0583793
0.0611044
0.0638808
0.0668372
0.0697908
0.0729827
0.0761598
0.0794864
0.0829096
0.0862543
0.0897897
0.0930015
0.00794869
0.00941328
0.00940881
0.00851599
0.00761283
0.00724802
0.00730331
0.00776416
0.00870809
0.00985152
0.0109734
0.0120724
0.0132003
0.0143127
0.0153506
0.0164489
0.0176589
0.0188739
0.0201058
0.0214511
0.0228467
0.0242657
0.0257528
0.0273288
0.028933
0.0305778
0.0322859
0.0340796
0.0359406
0.0378675
0.0398633
0.0418848
0.0439989
0.0461852
0.0484785
0.050804
0.0532515
0.0557645
0.0583819
0.0611068
0.0638833
0.0668397
0.0697932
0.0729848
0.0761619
0.0794888
0.0829138
0.0862592
0.0897979
0.0930107
0.00800298
0.00949894
0.00952779
0.00864465
0.0077239
0.00733582
0.00738231
0.0078212
0.00873826
0.0098767
0.0110026
0.0121005
0.0132281
0.0143424
0.0153782
0.016471
0.0176759
0.0188868
0.020116
0.0214603
0.022855
0.0242726
0.025759
0.0273338
0.0289369
0.0305828
0.032292
0.0340845
0.0359441
0.0378697
0.0398647
0.0418872
0.0440021
0.0461876
0.0484807
0.0508065
0.0532544
0.0557672
0.0583846
0.0611094
0.0638859
0.0668423
0.0697956
0.0729869
0.0761641
0.0794912
0.0829182
0.0862642
0.0898062
0.0930201
0.00806123
0.00958009
0.00964292
0.00877341
0.00783583
0.00742265
0.00746097
0.00788141
0.00877125
0.00990226
0.0110312
0.0121279
0.0132557
0.014373
0.0154076
0.0164942
0.0176934
0.0189003
0.0201268
0.0214699
0.0228633
0.0242796
0.0257653
0.0273391
0.0289409
0.030588
0.0322982
0.0340895
0.0359478
0.037872
0.0398662
0.0418896
0.0440053
0.0461902
0.048483
0.0508091
0.0532575
0.05577
0.0583873
0.061112
0.0638885
0.0668449
0.0697982
0.0729892
0.0761664
0.0794938
0.0829228
0.0862694
0.0898148
0.0930299
0.00812596
0.00965758
0.00975298
0.00890226
0.00794843
0.00750772
0.00753873
0.00794481
0.00880674
0.00992759
0.0110595
0.012156
0.0132837
0.0144037
0.0154372
0.0165184
0.0177124
0.0189148
0.0201377
0.0214793
0.0228718
0.0242869
0.0257719
0.0273445
0.0289453
0.0305933
0.0323045
0.0340947
0.0359517
0.0378745
0.0398679
0.0418922
0.0440087
0.0461929
0.0484854
0.0508119
0.0532607
0.0557729
0.0583902
0.0611148
0.0638913
0.0668477
0.0698008
0.0729915
0.0761688
0.0794965
0.0829275
0.0862747
0.0898235
0.09304
0.00819814
0.009733
0.00985696
0.00902994
0.00806199
0.00759188
0.00761558
0.00801052
0.00884425
0.00995325
0.0110886
0.0121845
0.0133111
0.014434
0.0154676
0.0165443
0.0177328
0.0189298
0.0201489
0.021489
0.0228807
0.0242945
0.0257786
0.0273502
0.02895
0.0305989
0.0323109
0.0341001
0.0359557
0.0378771
0.0398698
0.0418948
0.0440121
0.0461957
0.048488
0.0508147
0.053264
0.0557759
0.0583932
0.0611177
0.0638941
0.0668506
0.0698035
0.072994
0.0761714
0.0794993
0.0829325
0.0862803
0.0898324
0.0930504
0.00827752
0.00980799
0.00995294
0.00915482
0.00817735
0.00767555
0.00769025
0.0080778
0.0088844
0.0099799
0.0111181
0.0122128
0.0133381
0.0144647
0.0154989
0.016571
0.0177541
0.0189459
0.0201607
0.0214989
0.0228896
0.0243021
0.0257854
0.0273562
0.0289549
0.0306046
0.0323174
0.0341056
0.0359598
0.0378799
0.0398718
0.0418977
0.0440156
0.0461986
0.0484908
0.0508177
0.0532674
0.0557791
0.0583963
0.0611207
0.0638971
0.0668536
0.0698064
0.0729965
0.0761741
0.0795023
0.0829376
0.0862861
0.0898415
0.0930612
0.00836354
0.00988398
0.01004
0.00927603
0.008295
0.0077586
0.00776195
0.00814693
0.00892793
0.0100071
0.0111474
0.0122412
0.0133652
0.0144955
0.0155302
0.0165982
0.0177769
0.0189633
0.0201728
0.0215087
0.0228987
0.0243101
0.0257925
0.0273624
0.0289602
0.0306104
0.032324
0.0341113
0.0359643
0.0378829
0.039874
0.0419007
0.0440193
0.0462016
0.0484936
0.0508209
0.053271
0.0557823
0.0583996
0.0611238
0.0639002
0.0668567
0.0698093
0.0729992
0.0761769
0.0795055
0.0829429
0.0862921
0.0898507
0.0930722
0.00845411
0.0099631
0.0101194
0.00939174
0.00841353
0.00784117
0.00783042
0.00821753
0.00897432
0.0100341
0.0111767
0.0122705
0.0133923
0.0145262
0.0155616
0.0166261
0.0178011
0.018982
0.0201854
0.0215188
0.0229082
0.0243183
0.0257996
0.0273688
0.0289658
0.0306165
0.0323307
0.0341171
0.0359688
0.0378861
0.0398765
0.0419038
0.0440231
0.0462048
0.0484966
0.0508241
0.0532747
0.0557857
0.058403
0.061127
0.0639033
0.0668599
0.0698124
0.0730021
0.0761798
0.0795088
0.0829484
0.0862983
0.0898602
0.0930836
0.00854426
0.0100466
0.0101917
0.00949822
0.0085319
0.00792556
0.00789597
0.00828803
0.00902318
0.0100614
0.0112069
0.0123004
0.0134187
0.0145571
0.0155938
0.0166542
0.017826
0.019002
0.0201989
0.021529
0.0229177
0.0243267
0.025807
0.0273753
0.0289718
0.0306228
0.0323375
0.0341232
0.0359737
0.0378895
0.0398791
0.041907
0.0440269
0.0462081
0.0484999
0.0508275
0.0532785
0.0557892
0.0584065
0.0611304
0.0639066
0.0668633
0.0698155
0.073005
0.0761829
0.0795123
0.0829541
0.0863047
0.0898699
0.0930952
0.00863
0.0101349
0.0102581
0.00959412
0.00865018
0.00801347
0.00795735
0.00835619
0.0090756
0.0100901
0.0112373
0.0123309
0.0134447
0.0145883
0.0156265
0.0166819
0.0178515
0.0190239
0.0202133
0.0215392
0.0229274
0.0243353
0.0258144
0.0273822
0.028978
0.0306292
0.0323444
0.0341294
0.0359787
0.0378931
0.0398819
0.0419104
0.0440309
0.0462116
0.0485033
0.0508311
0.0532825
0.0557929
0.0584101
0.0611339
0.06391
0.0668668
0.0698188
0.0730081
0.0761861
0.0795159
0.08296
0.0863113
0.0898798
0.0931072
0.00870684
0.0102264
0.0103215
0.00967919
0.00876598
0.00810443
0.00801453
0.00842198
0.00913256
0.0101196
0.0112666
0.0123626
0.0134704
0.0146189
0.0156597
0.0167097
0.0178777
0.0190474
0.0202288
0.0215496
0.0229373
0.0243442
0.025822
0.0273893
0.0289847
0.030636
0.0323515
0.0341359
0.0359839
0.0378968
0.039885
0.0419141
0.0440351
0.0462152
0.0485068
0.0508348
0.0532866
0.0557967
0.0584139
0.0611376
0.0639136
0.0668705
0.0698222
0.0730113
0.0761895
0.0795197
0.0829661
0.0863182
0.0898899
0.0931195
0.00877152
0.0103188
0.0103851
0.00975384
0.00887567
0.00819899
0.0080702
0.00848381
0.00919195
0.0101496
0.0112949
0.0123957
0.0134961
0.0146491
0.0156942
0.0167376
0.0179033
0.0190721
0.0202457
0.0215603
0.0229472
0.0243534
0.0258298
0.0273965
0.0289916
0.030643
0.0323586
0.0341425
0.0359894
0.0379009
0.0398883
0.0419179
0.0440394
0.046219
0.0485105
0.0508387
0.0532909
0.0558007
0.0584178
0.0611414
0.0639172
0.0668743
0.0698258
0.0730148
0.0761931
0.0795238
0.0829723
0.0863252
0.0899002
0.0931321
0.0088244
0.0104102
0.0104514
0.00981851
0.00897607
0.0082976
0.00812588
0.00853848
0.00925295
0.0101827
0.0113227
0.0124303
0.0135218
0.0146783
0.0157298
0.0167654
0.0179282
0.0190983
0.0202643
0.0215712
0.0229572
0.0243629
0.0258377
0.0274039
0.0289989
0.0306502
0.0323661
0.0341494
0.0359951
0.037905
0.0398918
0.0419219
0.0440439
0.046223
0.0485145
0.0508428
0.0532952
0.0558048
0.058422
0.0611454
0.0639209
0.0668783
0.0698294
0.0730183
0.0761968
0.079528
0.0829789
0.0863325
0.0899107
0.0931449
0.00886728
0.0104979
0.0105206
0.00987483
0.00906535
0.00839886
0.0081833
0.00858612
0.00931542
0.0102196
0.0113485
0.0124651
0.013548
0.0147061
0.0157662
0.0167943
0.0179524
0.0191249
0.0202846
0.0215827
0.0229671
0.0243729
0.025846
0.0274113
0.0290064
0.0306577
0.0323736
0.0341565
0.0360011
0.0379094
0.0398956
0.0419261
0.0440485
0.0462272
0.0485186
0.0508471
0.0532999
0.0558091
0.0584262
0.0611495
0.0639249
0.0668825
0.0698332
0.073022
0.0762007
0.0795324
0.0829856
0.0863401
0.0899214
0.0931581
0.00890323
0.0105792
0.0105923
0.00992715
0.00914256
0.0084994
0.00824527
0.008627
0.00937557
0.0102598
0.0113726
0.0125005
0.0135759
0.0147323
0.0158031
0.0168242
0.0179753
0.0191517
0.020307
0.0215951
0.0229768
0.024383
0.0258548
0.0274191
0.0290141
0.0306656
0.0323813
0.0341638
0.0360074
0.0379141
0.0398996
0.0419305
0.0440533
0.0462315
0.048523
0.0508515
0.0533046
0.0558136
0.0584306
0.0611537
0.0639289
0.0668869
0.0698371
0.0730259
0.0762048
0.0795369
0.0829925
0.0863479
0.0899324
0.0931715
0.00893481
0.0106527
0.0106656
0.00997854
0.00920697
0.00859501
0.00831293
0.00866165
0.0094308
0.0103045
0.0113966
0.0125358
0.0136053
0.0147567
0.0158399
0.0168556
0.0179974
0.0191782
0.020331
0.0216085
0.0229866
0.0243933
0.0258638
0.0274271
0.0290221
0.0306735
0.0323892
0.0341715
0.0360139
0.037919
0.0399039
0.0419351
0.0440582
0.0462361
0.0485275
0.0508562
0.0533095
0.0558183
0.0584352
0.0611583
0.0639331
0.0668913
0.0698412
0.07303
0.0762091
0.0795418
0.0829997
0.0863559
0.0899435
0.0931853
0.0089645
0.0107187
0.0107379
0.0100295
0.00925925
0.0086822
0.00838649
0.00869316
0.00948011
0.0103535
0.0114204
0.0125691
0.0136367
0.0147799
0.0158761
0.016889
0.018019
0.0192034
0.0203564
0.0216236
0.0229964
0.0244037
0.0258735
0.0274352
0.0290303
0.0306819
0.0323973
0.0341792
0.0360206
0.0379242
0.0399086
0.0419401
0.0440634
0.0462409
0.0485323
0.0508611
0.0533146
0.0558231
0.05844
0.0611629
0.0639375
0.066896
0.0698454
0.0730343
0.0762135
0.0795468
0.0830071
0.0863642
0.0899548
0.0931993
0.00899359
0.0107778
0.010806
0.010081
0.00930222
0.00875831
0.00846552
0.00872405
0.00952063
0.0104048
0.0114451
0.0126001
0.0136707
0.0148029
0.0159106
0.0169238
0.0180404
0.0192275
0.020383
0.0216403
0.0230062
0.0244138
0.0258837
0.0274441
0.0290385
0.0306903
0.0324058
0.0341872
0.0360276
0.0379296
0.0399134
0.0419452
0.0440689
0.0462459
0.0485373
0.0508662
0.0533199
0.0558282
0.058445
0.0611677
0.063942
0.066901
0.0698498
0.0730386
0.0762182
0.079552
0.0830147
0.0863728
0.0899664
0.0932135
0.00902132
0.0108304
0.0108678
0.0101331
0.00933911
0.00882051
0.00854641
0.00875669
0.00955117
0.0104567
0.0114734
0.0126288
0.0137054
0.0148252
0.0159435
0.0169604
0.0180623
0.0192497
0.0204097
0.0216588
0.023017
0.0244239
0.025894
0.0274533
0.0290471
0.0306989
0.0324143
0.0341957
0.0360349
0.0379352
0.0399186
0.0419505
0.0440745
0.0462513
0.0485427
0.0508716
0.0533254
0.0558334
0.0584501
0.0611728
0.0639467
0.066906
0.0698544
0.0730434
0.0762231
0.0795574
0.0830225
0.0863815
0.0899782
0.093228
0.00904594
0.0108779
0.010922
0.0101836
0.00937265
0.00886753
0.00862419
0.0087945
0.00957352
0.010506
0.0115054
0.0126557
0.0137408
0.0148478
0.0159738
0.0169982
0.0180853
0.0192702
0.0204359
0.021679
0.0230288
0.0244341
0.0259048
0.027463
0.0290557
0.0307077
0.0324231
0.0342041
0.0360425
0.0379415
0.0399241
0.0419561
0.0440803
0.0462566
0.0485482
0.0508774
0.0533312
0.055839
0.0584554
0.061178
0.0639516
0.0669113
0.0698591
0.0730481
0.0762283
0.0795631
0.0830306
0.0863905
0.0899902
0.0932428
0.009065
0.0109204
0.0109685
0.0102293
0.00940442
0.0089008
0.00869507
0.00883868
0.0095897
0.01055
0.0115396
0.0126805
0.0137773
0.0148725
0.0160011
0.0170357
0.0181098
0.0192896
0.0204615
0.0217003
0.0230415
0.024444
0.0259159
0.027474
0.0290648
0.0307161
0.032432
0.0342129
0.0360501
0.0379477
0.0399302
0.0419622
0.0440865
0.0462624
0.0485538
0.0508831
0.053337
0.0558449
0.0584611
0.0611834
0.0639566
0.0669169
0.069864
0.0730531
0.0762335
0.0795689
0.083039
0.0863998
0.0900023
0.0932577
0.00907657
0.0109571
0.0110076
0.0102676
0.00943466
0.00892328
0.00875504
0.00888784
0.00960187
0.0105873
0.0115767
0.0127038
0.0138125
0.0148987
0.0160268
0.017073
0.0181355
0.0193076
0.0204857
0.0217226
0.0230558
0.0244545
0.0259265
0.0274851
0.029075
0.0307252
0.0324409
0.0342219
0.0360582
0.0379541
0.0399362
0.0419684
0.0440931
0.0462686
0.0485601
0.0508892
0.0533429
0.0558507
0.0584669
0.0611892
0.0639621
0.0669226
0.0698691
0.0730584
0.0762392
0.0795749
0.0830474
0.0864094
0.0900147
0.0932729
0.00907894
0.0109862
0.0110401
0.0102965
0.0094625
0.00893767
0.00880023
0.00893968
0.0096131
0.0106167
0.0116165
0.0127276
0.0138452
0.0149257
0.0160505
0.0171093
0.0181631
0.0193246
0.020508
0.0217459
0.0230721
0.0244656
0.0259371
0.0274966
0.0290853
0.0307343
0.0324502
0.0342312
0.0360664
0.0379613
0.0399428
0.0419747
0.0440996
0.0462749
0.0485666
0.050896
0.0533495
0.055857
0.0584727
0.0611948
0.0639675
0.0669286
0.0698745
0.0730638
0.076245
0.0795813
0.0830562
0.0864191
0.0900273
0.0932883
0.00907155
0.0110053
0.0110664
0.010316
0.00948517
0.00894552
0.00882926
0.00899109
0.00962611
0.0106376
0.0116559
0.0127525
0.0138771
0.0149542
0.0160716
0.0171434
0.0181929
0.0193421
0.0205282
0.0217683
0.0230893
0.0244779
0.025948
0.0275087
0.0290967
0.0307434
0.032459
0.0342407
0.036075
0.0379684
0.0399499
0.0419819
0.0441066
0.0462814
0.048573
0.0509024
0.0533561
0.0558638
0.0584793
0.0612011
0.0639731
0.0669346
0.0698799
0.0730695
0.0762511
0.0795878
0.0830652
0.0864292
0.09004
0.0933038
0.00905458
0.0110118
0.0110848
0.0103265
0.00949989
0.00894908
0.00884346
0.00903779
0.00964278
0.0106507
0.0116926
0.0127784
0.0139068
0.0149841
0.0160914
0.017174
0.0182233
0.0193607
0.0205477
0.0217906
0.0231078
0.0244912
0.0259586
0.0275203
0.029109
0.0307537
0.0324678
0.0342499
0.0360839
0.0379761
0.039957
0.041989
0.0441143
0.0462887
0.0485802
0.0509094
0.0533626
0.0558703
0.0584857
0.0612075
0.0639793
0.0669412
0.0698857
0.0730753
0.0762575
0.0795945
0.0830744
0.0864394
0.0900529
0.0933195
0.00902801
0.0110037
0.0110927
0.0103274
0.00950417
0.00894939
0.00884443
0.00907473
0.00966332
0.0106584
0.0117259
0.0128063
0.0139345
0.0150149
0.0161111
0.0172008
0.0182524
0.0193782
0.0205648
0.0218134
0.0231293
0.0245069
0.0259696
0.0275315
0.0291213
0.0307639
0.0324766
0.0342593
0.0360929
0.0379841
0.039965
0.0419966
0.0441217
0.0462959
0.0485877
0.0509169
0.0533699
0.0558776
0.0584922
0.0612138
0.0639853
0.0669478
0.0698918
0.0730815
0.0762641
0.0796014
0.0830838
0.0864499
0.0900659
0.0933354
0.00899228
0.0109808
0.0110872
0.0103186
0.0094965
0.00894444
0.00883434
0.0090983
0.00968622
0.0106628
0.0117539
0.0128358
0.0139606
0.0150461
0.0161313
0.0172251
0.0182824
0.0193969
0.0205784
0.0218315
0.0231501
0.0245253
0.0259832
0.0275437
0.0291349
0.0307754
0.032485
0.0342679
0.0361022
0.0379923
0.0399728
0.0420048
0.0441301
0.0463035
0.0485953
0.0509244
0.0533772
0.0558852
0.0584995
0.0612208
0.0639918
0.0669545
0.0698978
0.0730878
0.0762711
0.0796087
0.0830934
0.0864607
0.090079
0.0933514
0.008946
0.010943
0.0110649
0.0102986
0.00947574
0.00893114
0.0088164
0.00910857
0.00970993
0.0106667
0.0117754
0.0128654
0.013984
0.0150752
0.0161512
0.0172449
0.0183114
0.01942
0.0205946
0.0218493
0.0231697
0.0245421
0.0259951
0.027555
0.029149
0.0307887
0.032495
0.0342771
0.0361118
0.0380013
0.039981
0.0420127
0.0441384
0.0463117
0.0486036
0.0509323
0.0533848
0.0558928
0.0585066
0.0612279
0.0639987
0.0669619
0.0699044
0.0730942
0.0762781
0.0796161
0.0831032
0.0864717
0.0900923
0.0933674
0.00888707
0.0108896
0.0110235
0.0102644
0.00944035
0.00890566
0.0087914
0.00910569
0.00973114
0.0106729
0.0117918
0.0128946
0.0140065
0.0151022
0.0161716
0.0172602
0.0183348
0.0194411
0.0206098
0.0218684
0.0231944
0.0245643
0.0260085
0.0275645
0.0291607
0.0308005
0.0325043
0.0342861
0.0361218
0.0380111
0.0399904
0.042022
0.0441473
0.0463198
0.0486119
0.0509404
0.0533927
0.055901
0.0585142
0.0612353
0.0640057
0.0669692
0.0699112
0.0731012
0.0762857
0.0796237
0.0831131
0.0864828
0.0901057
0.0933835
0.0088137
0.0108194
0.0109626
0.0102139
0.00939075
0.00886677
0.00875916
0.00909098
0.00974697
0.0106821
0.011804
0.0129226
0.0140284
0.0151256
0.0161923
0.0172734
0.0183554
0.0194634
0.0206239
0.0218815
0.0232153
0.0245884
0.0260267
0.0275782
0.0291747
0.0308134
0.0325136
0.0342934
0.0361304
0.0380208
0.0399997
0.0420313
0.0441572
0.0463293
0.0486211
0.050949
0.0534008
0.0559093
0.0585218
0.0612429
0.0640131
0.0669768
0.0699182
0.0731082
0.0762935
0.0796318
0.0831235
0.0864944
0.0901193
0.0933996
0.00872027
0.0107275
0.0108774
0.0101412
0.00932422
0.00881198
0.00871747
0.00906643
0.00975569
0.0106951
0.0118156
0.0129498
0.0140516
0.015145
0.0162112
0.0172832
0.0183698
0.019486
0.020642
0.0218967
0.023236
0.0246106
0.0260414
0.0275896
0.029189
0.030828
0.0325256
0.0343031
0.0361398
0.0380306
0.0400092
0.0420403
0.0441661
0.0463382
0.0486304
0.050958
0.0534095
0.0559182
0.0585299
0.0612508
0.0640205
0.0669845
0.0699254
0.0731154
0.0763014
0.0796398
0.0831338
0.0865062
0.0901332
0.0934169
0.00860737
0.010613
0.0107666
0.0100434
0.00923895
0.00874113
0.00866603
0.00903382
0.00975461
0.0107083
0.0118253
0.0129716
0.0140747
0.0151621
0.0162292
0.0172942
0.0183803
0.0195051
0.02066
0.0219107
0.0232576
0.0246379
0.0260604
0.0276009
0.0292005
0.03084
0.0325365
0.0343127
0.0361504
0.0380424
0.0400207
0.0420513
0.0441768
0.0463478
0.0486396
0.0509666
0.0534179
0.0559268
0.0585378
0.0612587
0.0640282
0.0669922
0.0699325
0.0731225
0.0763093
0.0796478
0.0831437
0.0865172
0.0901459
0.0934312
0.00846499
0.0104669
0.0106237
0.00991355
0.0091282
0.00865242
0.00860577
0.00899968
0.00975054
0.0107241
0.0118365
0.0129862
0.0140928
0.0151728
0.0162411
0.0173039
0.0183883
0.0195244
0.0206827
0.0219257
0.023275
0.0246622
0.0260797
0.0276144
0.0292141
0.0308524
0.0325469
0.0343214
0.0361589
0.0380528
0.0400324
0.0420628
0.0441886
0.0463599
0.048652
0.0509783
0.0534291
0.055938
0.0585478
0.0612687
0.0640377
0.0670018
0.0699416
0.0731314
0.0763188
0.0796573
0.0831556
0.0865305
0.0901612
0.0934504
0.00829293
0.0102857
0.0104466
0.00975108
0.00899068
0.00854492
0.00853486
0.00896538
0.00974764
0.010743
0.0118533
0.0129991
0.0141074
0.0151799
0.0162459
0.0173098
0.0183926
0.0195388
0.0207069
0.0219454
0.0232954
0.0246888
0.0260996
0.0276254
0.0292248
0.0308639
0.032558
0.0343309
0.0361676
0.0380618
0.0400413
0.0420713
0.0441963
0.0463668
0.0486587
0.050985
0.0534357
0.055945
0.0585543
0.0612754
0.0640442
0.0670081
0.0699476
0.0731375
0.0763258
0.0796643
0.0831641
0.0865406
0.0901726
0.0934631
0.00805658
0.01004
0.0102061
0.00953529
0.00881566
0.00841585
0.00845318
0.00892932
0.00974466
0.0107613
0.0118723
0.0130097
0.014118
0.0151861
0.016249
0.0173175
0.0184014
0.0195559
0.0207361
0.0219701
0.0233161
0.024718
0.0261274
0.0276445
0.0292413
0.0308796
0.0325732
0.034345
0.0361815
0.0380774
0.0400584
0.0420883
0.0442132
0.0463834
0.0486752
0.0510003
0.0534505
0.0559593
0.0585671
0.0612881
0.0640563
0.06702
0.069959
0.0731482
0.0763371
0.0796756
0.0831775
0.0865552
0.0901889
0.0934833
0.00778357
0.00971708
0.00987085
0.00922986
0.00857184
0.0082442
0.00834923
0.00888491
0.00973842
0.0107683
0.0118739
0.0129955
0.0140981
0.0151649
0.0162257
0.0173033
0.0183946
0.0195578
0.0207549
0.0219884
0.0233265
0.0247334
0.0261414
0.0276501
0.0292457
0.0308857
0.0325792
0.0343503
0.0361862
0.038082
0.0400639
0.0420945
0.0442188
0.0463886
0.0486807
0.0510064
0.0534565
0.0559656
0.0585729
0.0612944
0.0640621
0.0670257
0.0699645
0.0731539
0.0763437
0.0796821
0.0831855
0.086565
0.0902
0.0934956
0.00761318
0.00946917
0.00958912
0.00897884
0.00839354
0.00815121
0.00833271
0.00892726
0.00980713
0.0108299
0.0119153
0.0130126
0.014102
0.0151702
0.0162297
0.0173158
0.0184172
0.0195843
0.0207946
0.0220292
0.0233562
0.0247667
0.0261765
0.0276753
0.0292654
0.0309056
0.0325994
0.0343695
0.0362055
0.0381012
0.0400832
0.0421141
0.044238
0.0464065
0.0486977
0.0510226
0.0534721
0.0559804
0.0585863
0.0613079
0.064075
0.0670382
0.0699767
0.0731652
0.0763554
0.0796936
0.0831987
0.0865792
0.0902156
0.0935145
0.00669729
0.00857141
0.00881135
0.00838193
0.00799013
0.00792267
0.00824276
0.00891752
0.00981938
0.0108241
0.0118858
0.012963
0.0140436
0.015123
0.0161928
0.0172942
0.0184139
0.0195863
0.020809
0.0220489
0.0233634
0.0247736
0.0261885
0.027682
0.0292688
0.0309114
0.0326051
0.0343744
0.0362115
0.038107
0.0400899
0.0421231
0.0442471
0.0464149
0.0487069
0.051033
0.053482
0.0559898
0.058595
0.0613169
0.0640831
0.0670457
0.069984
0.0731725
0.0763636
0.0797017
0.0832083
0.0865906
0.0902284
0.0935296
0.0069089
0.0082588
0.00832294
0.00797488
0.00776021
0.00785889
0.00829218
0.0090007
0.00988278
0.0108496
0.0118786
0.0129368
0.0140088
0.0151004
0.0161845
0.0172991
0.0184369
0.0196118
0.0208397
0.0220882
0.0233919
0.0247967
0.0262161
0.0277028
0.0292824
0.0309277
0.0326226
0.03439
0.0362288
0.0381236
0.040104
0.0421383
0.0442629
0.0464282
0.0487185
0.0510451
0.0534938
0.0560009
0.0586054
0.0613278
0.0640938
0.0670561
0.0699942
0.0731818
0.0763729
0.0797109
0.0832183
0.0866019
0.09024
0.0935421
0.0046118
0.00655743
0.00725043
0.0074687
0.00766248
0.00799603
0.00849709
0.00914942
0.009943
0.0108445
0.0118369
0.0128837
0.0139581
0.0150674
0.0161741
0.0173043
0.0184602
0.0196386
0.020865
0.0221208
0.0234156
0.0248118
0.026239
0.0277251
0.0292979
0.0309447
0.0326395
0.0344042
0.0362455
0.0381405
0.0401202
0.0421571
0.0442832
0.0464466
0.0487373
0.0510654
0.0535128
0.0560183
0.0586216
0.0613438
0.0641081
0.0670692
0.0700068
0.0731937
0.0763856
0.0797229
0.0832318
0.0866169
0.0902571
0.0935642
0.00276627
0.00373334
0.00511541
0.00638191
0.00736252
0.00806426
0.00864409
0.00924989
0.00996091
0.0107952
0.0117465
0.0127843
0.0138692
0.0149999
0.0161348
0.0172843
0.0184594
0.0196452
0.0208701
0.022136
0.0234279
0.0248134
0.0262457
0.0277316
0.0292978
0.0309486
0.0326465
0.0344088
0.0362523
0.0381478
0.0401234
0.0421615
0.0442898
0.0464509
0.0487398
0.0510695
0.0535171
0.0560221
0.0586255
0.0613483
0.0641126
0.0670737
0.0700118
0.0731983
0.0763905
0.0797282
0.0832374
0.086624
0.0902643
0.0935706
0.00172357
0.0040641
0.00559113
0.00663587
0.00743536
0.00812097
0.00875159
0.00937388
0.0100603
0.0108526
0.0117584
0.012773
0.013857
0.0149962
0.016151
0.0173154
0.0185028
0.0196956
0.0209131
0.0221817
0.0234701
0.0248423
0.0262794
0.0277679
0.0293263
0.0309769
0.0326752
0.0344331
0.0362784
0.0381753
0.0401491
0.0421889
0.04432
0.046479
0.0487675
0.0510988
0.0535444
0.0560473
0.0586487
0.0613709
0.0641333
0.0670928
0.0700301
0.0732152
0.0764075
0.079744
0.0832545
0.0866421
0.0902846
0.0935972
0.000686464
0.00202478
0.00382584
0.0055143
0.00689829
0.00793515
0.00871261
0.00937833
0.010061
0.01083
0.0117055
0.0127023
0.0137879
0.0149323
0.0161026
0.0172822
0.0184823
0.0196892
0.020907
0.0221814
0.0234752
0.0248376
0.0262766
0.0277694
0.0293222
0.0309752
0.0326774
0.0344328
0.0362793
0.0381784
0.0401485
0.0421879
0.044322
0.0464797
0.0487661
0.0510991
0.0535455
0.0560477
0.0586494
0.0613723
0.0641347
0.0670942
0.0700319
0.0732169
0.0764095
0.0797464
0.0832569
0.0866462
0.0902885
0.0935996
-0.000726276
0.00227272
0.00436594
0.00588729
0.00705171
0.00796945
0.0087267
0.00940652
0.0100981
0.010867
0.0117375
0.0127265
0.0138101
0.0149534
0.0161237
0.0173075
0.0185088
0.0197213
0.0209399
0.0222126
0.0235107
0.0248695
0.0263077
0.0278056
0.0293559
0.0310055
0.0327085
0.0344615
0.036307
0.038208
0.0401789
0.0422179
0.0443538
0.0465119
0.0487977
0.0511312
0.0535759
0.0560766
0.0586756
0.0613977
0.0641581
0.0671157
0.0700525
0.0732356
0.0764278
0.0797633
0.0832744
0.0866647
0.0903098
0.093628
)
;

boundaryField
{
    zeroGradientPlanes
    {
        type            zeroGradient;
    }
    inlet
    {
        type            zeroGradient;
    }
    plate
    {
        type            zeroGradient;
    }
    frontAndBack
    {
        type            empty;
    }
}


// ************************************************************************* //
