/*--------------------------------*- C++ -*----------------------------------*\
| =========                 |                                                 |
| \\      /  F ield         | OpenFOAM: The Open Source CFD Toolbox           |
|  \\    /   O peration     | Version:  v2012                                 |
|   \\  /    A nd           | Website:  www.openfoam.com                      |
|    \\/     M anipulation  |                                                 |
\*---------------------------------------------------------------------------*/
FoamFile
{
    version     2.0;
    format      ascii;
    class       volScalarField;
    location    "0.4";
    object      p;
}
// * * * * * * * * * * * * * * * * * * * * * * * * * * * * * * * * * * * * * //

dimensions      [0 2 -2 0 0 0 0];


internalField   nonuniform List<scalar> 
7000
(
2.55859e-10
0.000707612
0.00037731
0.000821325
0.00190101
0.00477769
0.00247569
0.0053241
0.00685354
0.00854284
0.0089232
0.0106602
0.0114103
0.0136501
0.0144108
0.0177497
0.0194178
0.0234289
0.0269209
0.0337616
-1.46217e-06
0.000703677
0.000380904
0.000831867
0.00190116
0.00473934
0.00248561
0.00532842
0.0068487
0.00853918
0.00891397
0.0106657
0.0114054
0.0136442
0.0144167
0.0177287
0.019441
0.023381
0.0269617
0.0334927
-3.5072e-06
0.000700627
0.000385137
0.00084185
0.00190058
0.00470238
0.00250332
0.00532889
0.00683697
0.00853629
0.00889214
0.0106801
0.0113976
0.0136428
0.0144238
0.0177033
0.0194671
0.023311
0.0269957
0.0330162
-5.27265e-06
0.000701101
0.000389056
0.000850655
0.00190292
0.00466418
0.00252173
0.00532587
0.00682312
0.00853927
0.00887644
0.0106984
0.0113908
0.0136384
0.0144327
0.0176704
0.0194943
0.0232312
0.0269942
0.0325133
-6.71121e-06
0.000704818
0.000392657
0.000859104
0.00190949
0.00462348
0.00254041
0.00532142
0.00681008
0.00854517
0.00886251
0.0107162
0.0113876
0.0136291
0.0144453
0.0176294
0.0195235
0.0231386
0.0269626
0.032032
-8.01931e-06
0.000711408
0.000396372
0.000868063
0.00192039
0.00458055
0.00256039
0.00531564
0.00679796
0.00855148
0.00885126
0.0107319
0.0113892
0.0136143
0.0144622
0.0175803
0.0195528
0.0230354
0.0269049
0.0315768
-9.3433e-06
0.000720707
0.000400835
0.000878295
0.00193507
0.00453633
0.00258155
0.00530812
0.00678647
0.0085574
0.00884303
0.0107449
0.0113956
0.0135935
0.0144831
0.0175228
0.0195805
0.0229235
0.0268212
0.0311415
-1.07718e-05
0.000732587
0.000406733
0.000890226
0.00195264
0.00449133
0.00260341
0.00529922
0.0067756
0.0085624
0.00883751
0.0107541
0.0114062
0.0135662
0.0145071
0.0174577
0.0196042
0.0228042
0.0267104
0.0307196
-1.23562e-05
0.000746945
0.000414611
0.000903935
0.00197218
0.0044455
0.00262612
0.00528959
0.00676539
0.00856566
0.00883414
0.0107585
0.0114204
0.0135323
0.0145334
0.0173857
0.0196212
0.0226793
0.0265713
0.0303067
-1.41043e-05
0.00076365
0.000424715
0.000919314
0.001993
0.00439964
0.00265033
0.00527995
0.0067559
0.00856609
0.00883238
0.0107572
0.0114378
0.0134916
0.0145609
0.0173082
0.0196287
0.0225499
0.0264036
0.0298988
-1.59848e-05
0.000782466
0.000436975
0.000936219
0.0020148
0.00435387
0.00267695
0.00527114
0.00674738
0.00856253
0.00883171
0.010749
0.011458
0.013444
0.014588
0.0172266
0.0196237
0.0224166
0.0262075
0.0294926
-1.79449e-05
0.000803043
0.000451117
0.00095454
0.00203749
0.00430868
0.00270699
0.00526421
0.00674034
0.0085538
0.00883163
0.0107334
0.0114807
0.01339
0.0146129
0.0171427
0.0196039
0.0222794
0.0259844
0.0290845
-1.99302e-05
0.000824956
0.000466817
0.000974172
0.00206106
0.00426453
0.00274134
0.00526017
0.0067353
0.00853887
0.00883193
0.0107098
0.0115055
0.0133303
0.0146335
0.017058
0.0195672
0.0221372
0.0257359
0.0286712
-2.18979e-05
0.000847783
0.000483817
0.000994976
0.00208549
0.00422171
0.00278048
0.00525963
0.00673278
0.00851716
0.00883271
0.0106783
0.0115318
0.0132664
0.0146472
0.0169739
0.0195122
0.0219885
0.0254638
0.02825
-2.38179e-05
0.000871164
0.000501982
0.00101676
0.00211067
0.00418022
0.00282436
0.00526249
0.00673312
0.00848854
0.0088343
0.0106394
0.0115586
0.0132
0.0146517
0.0168911
0.0194385
0.0218314
0.02517
0.0278188
-2.56676e-05
0.000894831
0.000521282
0.00103932
0.00213649
0.00413981
0.00287247
0.00526805
0.00673641
0.00845325
0.00883721
0.010594
0.0115847
0.0131332
0.0146449
0.0168095
0.0193461
0.0216638
0.0248565
0.0273759
-2.74228e-05
0.000918602
0.000541749
0.00106245
0.00216281
0.00410002
0.00292402
0.00527511
0.00674248
0.00841176
0.00884183
0.0105434
0.011608
0.0130678
0.0146251
0.0167285
0.0192358
0.0214834
0.024525
0.0269209
-2.90568e-05
0.000942363
0.000563438
0.001086
0.00218955
0.00406037
0.00297821
0.0052824
0.00675103
0.00836468
0.00884816
0.0104893
0.0116267
0.0130054
0.0145913
0.0166468
0.0191089
0.0212882
0.0241768
0.0264537
-3.05397e-05
0.000966044
0.000586409
0.00110983
0.00221667
0.00402042
0.00303439
0.0052888
0.00676177
0.00831266
0.00885565
0.0104337
0.0116388
0.0129467
0.0145433
0.0165623
0.0189669
0.0210768
0.0238128
0.0259749
-3.18361e-05
0.0009896
0.000610711
0.00113387
0.00224418
0.00397983
0.00309216
0.00529358
0.00677434
0.00825638
0.00886324
0.0103783
0.0116426
0.0128921
0.0144812
0.0164723
0.0188113
0.0208483
0.0234334
0.0254852
-3.29042e-05
0.00101299
0.000636382
0.00115806
0.0022721
0.00393841
0.00315128
0.00529635
0.0067884
0.00819669
0.00886944
0.0103249
0.0116366
0.0128411
0.014406
0.0163742
0.0186433
0.0206029
0.0230393
0.0249854
-3.36964e-05
0.00103617
0.000663457
0.00118236
0.00230047
0.00389606
0.00321166
0.005297
0.0068036
0.00813459
0.00887242
0.0102747
0.0116201
0.0127927
0.014319
0.0162652
0.0184632
0.0203409
0.0226313
0.0244763
-3.416e-05
0.00105908
0.000691977
0.00120674
0.00232935
0.00385275
0.0032732
0.00529568
0.00681943
0.00807118
0.00887043
0.0102287
0.0115929
0.012745
0.0142219
0.0161428
0.0182705
0.020063
0.0222102
0.0239591
-3.42363e-05
0.00108164
0.000721987
0.00123117
0.00235876
0.00380851
0.00333579
0.00529277
0.00683501
0.00800774
0.00886211
0.0101874
0.011555
0.0126962
0.0141165
0.0160052
0.0180645
0.0197702
0.021777
0.0234346
-3.38615e-05
0.00110378
0.000753533
0.00125563
0.00238877
0.00376342
0.00339924
0.00528879
0.00684931
0.00794561
0.00884643
0.0101505
0.0115074
0.0126436
0.0140041
0.0158512
0.017844
0.0194637
0.0213329
0.0229038
-3.29681e-05
0.00112539
0.000786672
0.00128009
0.00241939
0.00371757
0.00346326
0.00528453
0.00686121
0.00788567
0.00882251
0.0101182
0.0114512
0.0125844
0.0138857
0.0156807
0.0176079
0.0191439
0.0208791
0.022368
-3.1483e-05
0.00114634
0.000821469
0.00130454
0.00245064
0.00367118
0.00352739
0.00528088
0.00686962
0.00782865
0.00878999
0.0100892
0.0113882
0.0125158
0.013761
0.0154944
0.017355
0.0188109
0.0204169
0.0218286
-2.93243e-05
0.00116649
0.000857983
0.00132895
0.00248246
0.00362454
0.00359092
0.00527883
0.00687353
0.00777518
0.00874887
0.010062
0.0113207
0.012436
0.0136288
0.015293
0.0170847
0.0184645
0.019948
0.0212872
-2.64038e-05
0.00118569
0.000896258
0.00135334
0.00251475
0.00357804
0.00365303
0.00527934
0.00687219
0.00772546
0.00869931
0.0100347
0.0112507
0.0123441
0.0134873
0.015077
0.0167967
0.0181044
0.0194735
0.0207459
-2.26316e-05
0.00120378
0.000936335
0.00137775
0.00254738
0.00353215
0.0037128
0.00528323
0.00686498
0.00767954
0.00864209
0.0100047
0.0111798
0.0122397
0.0133346
0.0148464
0.0164912
0.0177299
0.0189945
0.0202067
-1.79079e-05
0.0012206
0.000978241
0.0014022
0.00258017
0.00348744
0.00376924
0.0052911
0.00685164
0.00763703
0.0085785
0.00996898
0.0111086
0.0121234
0.0131692
0.0146012
0.0161682
0.0173413
0.0185117
0.0196715
-1.21205e-05
0.00123598
0.00102196
0.00142679
0.00261286
0.0034446
0.00382143
0.00530336
0.00683213
0.0075968
0.00851065
0.00992555
0.0110364
0.0119965
0.0129901
0.0143409
0.0158274
0.0169394
0.0180266
0.0191414
-5.15568e-06
0.00124974
0.00106744
0.00145165
0.00264507
0.00340447
0.00386855
0.00532018
0.00680637
0.00755758
0.00844117
0.00987301
0.0109612
0.0118602
0.012797
0.0140656
0.0154699
0.0165247
0.0175401
0.0186175
3.10405e-06
0.00126171
0.00111466
0.001477
0.00267631
0.00336786
0.00390997
0.00534134
0.00677481
0.00751824
0.00837173
0.00981027
0.0108806
0.0117144
0.0125895
0.0137758
0.0150971
0.0160976
0.0170524
0.0181007
1.27822e-05
0.00127172
0.00116348
0.00150313
0.00270604
0.00333545
0.0039452
0.00536632
0.00673875
0.00747698
0.00830294
0.00973759
0.0107925
0.0115581
0.0123677
0.0134724
0.0147108
0.0156596
0.0165638
0.0175912
2.39988e-05
0.00127962
0.0012137
0.00153039
0.00273373
0.00330777
0.00397404
0.00539435
0.00669984
0.00743173
0.00823485
0.00965619
0.0106957
0.0113904
0.0121313
0.0131569
0.0143133
0.0152126
0.016074
0.0170879
3.68817e-05
0.00128529
0.00126509
0.00155921
0.00275876
0.00328518
0.00399658
0.00542418
0.00666016
0.0073812
0.00816656
0.00956678
0.0105894
0.0112117
0.0118803
0.0128298
0.013907
0.0147579
0.0155825
0.0165905
5.15686e-05
0.00128861
0.00131737
0.0015901
0.00278061
0.0032679
0.00401318
0.00545399
0.0066215
0.00732463
0.00809578
0.00946943
0.0104736
0.0110231
0.011615
0.0124911
0.0134934
0.0142976
0.015089
0.0160983
6.817e-05
0.00128951
0.00137014
0.00162364
0.00279886
0.00325597
0.0040246
0.00548156
0.00658503
0.00726172
0.00802184
0.00936401
0.0103485
0.0108253
0.0113367
0.0121415
0.0130727
0.0138342
0.0145951
0.0156104
8.68142e-05
0.00128795
0.00142283
0.00166043
0.00281321
0.00324904
0.0040321
0.00550476
0.00655158
0.00719379
0.00794226
0.00924921
0.0102135
0.0106195
0.011047
0.0117822
0.0126454
0.0133693
0.0141031
0.0151263
0.000107667
0.00128396
0.00147479
0.00170093
0.00282361
0.00324646
0.00403708
0.00552204
0.00652082
0.00712272
0.00784984
0.00912293
0.0100678
0.010407
0.0107469
0.0114141
0.0122122
0.0129029
0.0136157
0.0146469
0.000130827
0.00127767
0.00152531
0.00174539
0.00283047
0.00324717
0.00404131
0.00553248
0.00649093
0.00704976
0.00774747
0.00898406
0.00991087
0.0101892
0.010437
0.0110383
0.0117741
0.0124351
0.0131354
0.0141736
0.00015637
0.00126928
0.00157364
0.00179397
0.00283425
0.00324985
0.00404638
0.00553573
0.00645998
0.00697523
0.00763945
0.00883232
0.00974171
0.00996726
0.0101185
0.0106547
0.0113325
0.0119662
0.0126631
0.0137079
0.0001844
0.00125904
0.00161897
0.00184667
0.00283581
0.00325291
0.00405301
0.0055326
0.00642642
0.0068986
0.00752686
0.00866866
0.00955951
0.00974231
0.00979312
0.0102622
0.0108893
0.0114966
0.0121983
0.0132512
0.000215003
0.00124725
0.00166053
0.00190323
0.00283629
0.00325478
0.00406145
0.00552432
0.00638889
0.00681865
0.0074084
0.00849459
0.00936406
0.00951471
0.00946308
0.00985973
0.0104463
0.0110273
0.0117393
0.0128042
0.000248285
0.00123414
0.00169752
0.00196316
0.00283687
0.0032546
0.00407176
0.00551178
0.00634637
0.00673436
0.00728367
0.00831105
0.00915538
0.00928438
0.00913156
0.00944598
0.0100021
0.0105606
0.0112845
0.0123663
0.00028432
0.001218
0.00172928
0.00202581
0.00283892
0.00325193
0.00408213
0.00549558
0.00629872
0.00664542
0.00715199
0.00811846
0.0089338
0.00905067
0.00880269
0.00902164
0.00955429
0.0100977
0.010833
0.0119363
0.000323117
0.00120312
0.00175523
0.00209031
0.0028437
0.00324648
0.00409091
0.00547626
0.00624638
0.00655171
0.00701278
0.00791711
0.00869969
0.00881208
0.00848059
0.00859058
0.00909982
0.00963714
0.0103843
0.0115136
0.000364704
0.00118858
0.00177488
0.00215557
0.00285217
0.00323872
0.00409615
0.00545376
0.00618985
0.00645345
0.00686563
0.00770703
0.00845314
0.00856629
0.00816793
0.00815777
0.00863624
0.00917775
0.00993914
0.0110972
0.000409079
0.00117437
0.00178807
0.00222034
0.00286493
0.00322956
0.00409639
0.00542735
0.00612942
0.00635128
0.00671089
0.00748803
0.00819479
0.00831092
0.00786505
0.00772863
0.00816259
0.00871847
0.00949751
0.0106852
0.000456169
0.00116085
0.00179488
0.00228319
0.0028821
0.00322021
0.0040913
0.0053959
0.00606479
0.00624606
0.00654975
0.00726036
0.0079256
0.00804413
0.00757013
0.00730893
0.00768086
0.00825745
0.00905918
0.0102765
0.000505907
0.00114827
0.00179545
0.00234272
0.00290332
0.00321211
0.00407973
0.00535838
0.00599532
0.00613834
0.00638424
0.00702432
0.00764614
0.00776486
0.00727927
0.00690487
0.00719668
0.00778963
0.00862179
0.00987191
0.00055814
0.00113706
0.00179004
0.00239765
0.00292777
0.00320648
0.00406382
0.00531406
0.00592006
0.00602751
0.00621722
0.00678111
0.00735654
0.00747312
0.00698827
0.0065199
0.00671718
0.00731191
0.00818201
0.00947243
0.000612576
0.00112775
0.00177925
0.0024467
0.00295404
0.00320407
0.00404408
0.00526253
0.00583858
0.00591254
0.0060499
0.00653273
0.00705735
0.00717007
0.00669447
0.00615209
0.00624735
0.00682761
0.00773853
0.00907619
0.00066871
0.00112099
0.00176408
0.00248862
0.00298051
0.00320515
0.0040213
0.00520377
0.00575106
0.00579216
0.00588164
0.00628163
0.00674971
0.00685663
0.00639673
0.00579842
0.00579079
0.00634246
0.00728978
0.00867977
0.000725963
0.00111739
0.00174549
0.00252233
0.00300587
0.00320925
0.00399669
0.00513811
0.00565681
0.00566569
0.00571139
0.00603091
0.00643419
0.00653302
0.00609494
0.00545649
0.0053514
0.0058614
0.00683518
0.00828066
0.00078379
0.00111751
0.00172452
0.00254692
0.0030289
0.00321497
0.0039712
0.00506683
0.00555585
0.00553318
0.00553741
0.00578198
0.0061126
0.0061995
0.00578928
0.00512617
0.00493206
0.00538663
0.0063743
0.00787825
0.000841611
0.00112192
0.00170233
0.00256171
0.00304809
0.00322101
0.00394518
0.00499134
0.00544947
0.00539478
0.005357
0.00553446
0.0057885
0.00585557
0.00547934
0.00480793
0.00453172
0.00492226
0.00591079
0.00747131
0.000898959
0.00113092
0.00167985
0.00256642
0.00306199
0.00322624
0.00391876
0.00491207
0.00533927
0.00523941
0.00516844
0.00528743
0.00546516
0.00550139
0.00516289
0.00450002
0.00415107
0.00447596
0.00545134
0.00705765
0.000955496
0.00114436
0.00165812
0.00256159
0.00306927
0.00322881
0.00389155
0.0048298
0.00522639
0.00508951
0.00497158
0.00503926
0.00514495
0.00513905
0.00483621
0.00420084
0.00379378
0.0040514
0.00499983
0.00663913
0.00101092
0.00116192
0.00163806
0.00254788
0.00306912
0.00322686
0.00386235
0.00474554
0.00511053
0.00494412
0.00476866
0.00478846
0.00482905
0.00477162
0.00449683
0.00390723
0.00346015
0.00364859
0.00456347
0.00622307
0.00106495
0.00118307
0.00162071
0.00252597
0.00306089
0.00321931
0.00382911
0.00465981
0.00499102
0.00480277
0.00456416
0.00453381
0.00451896
0.00440444
0.00414234
0.00361258
0.00314913
0.00326976
0.0041459
0.00581424
0.00111738
0.00120698
0.00160665
0.00249731
0.00304408
0.00320498
0.00378998
0.00457281
0.00487574
0.00466359
0.00436267
0.00427574
0.00421492
0.00404213
0.00377417
0.00330914
0.00285821
0.00292155
0.00374996
0.00541263
0.001168
0.00123293
0.00159616
0.00246346
0.00301858
0.00318296
0.00374252
0.00448496
0.00474872
0.00452597
0.00416579
0.00401496
0.00391588
0.00368985
0.00339953
0.00299075
0.00257944
0.00260652
0.00338004
0.00502028
0.00121653
0.00126044
0.00158944
0.00242582
0.00298409
0.00315355
0.00368491
0.00439473
0.0046186
0.00438812
0.00397614
0.00375207
0.00361942
0.00335147
0.00302631
0.00265576
0.00230188
0.00231827
0.00304136
0.00464504
0.00126278
0.00128904
0.00158591
0.00238634
0.0029403
0.00311743
0.00361684
0.0042962
0.00448687
0.00425027
0.00379749
0.00348996
0.00332195
0.00302622
0.00266203
0.00230905
0.00201668
0.00204813
0.00273628
0.0042946
0.00130649
0.00131845
0.00158463
0.00234646
0.00288774
0.00307434
0.00353896
0.00418549
0.00435322
0.00411247
0.00363225
0.0032336
0.00302168
0.0027089
0.00231362
0.00195937
0.00171871
0.00179034
0.00246472
0.00397208
0.00134746
0.00134833
0.00158497
0.0023068
0.0028276
0.00302297
0.00345402
0.00406255
0.00421348
0.00397297
0.00348127
0.00298968
0.00271902
0.00239412
0.00198038
0.00161676
0.00141452
0.00153683
0.00221709
0.00367549
0.00138558
0.00137821
0.00158625
0.00226732
0.00276176
0.00296175
0.00336452
0.00392699
0.00406327
0.00382877
0.00334351
0.00276419
0.00241814
0.00207989
0.00165817
0.00128873
0.00111213
0.00128206
0.00198283
0.00339868
0.0014207
0.00140762
0.00158834
0.00222709
0.00269325
0.00288912
0.00327002
0.00378428
0.00389969
0.00367348
0.00321595
0.00256363
0.00212573
0.00176657
0.00134305
0.000975544
0.000817713
0.00102817
0.00175215
0.00313142
0.0014529
0.00143576
0.00159154
0.00218458
0.00262513
0.00280536
0.00316833
0.00364057
0.00372356
0.00350029
0.0030926
0.00239279
0.00185012
0.00145752
0.00103256
0.000672811
0.000532293
0.000775944
0.0015207
0.00286822
0.00148224
0.00146182
0.00159613
0.00213839
0.00255841
0.00271294
0.00305597
0.00349672
0.00353753
0.0033065
0.00296072
0.00224966
0.00160116
0.0011593
0.000728341
0.000376168
0.000252611
0.000523739
0.00128647
0.00260553
0.00150877
0.0014851
0.00160236
0.00208794
0.0024915
0.00261669
0.0029291
0.00334983
0.00335601
0.00309554
0.00280558
0.00213033
0.00138804
0.000880014
0.000434086
8.22843e-05
-2.77247e-05
0.000266022
0.00104504
0.00233992
0.00153266
0.00150478
0.00161001
0.00203438
0.00242173
0.00252205
0.0027895
0.00319584
0.00318582
0.00287261
0.00261693
0.00202199
0.00121443
0.000628533
0.000156796
-0.000206813
-0.000317862
-1.06866e-05
0.000785006
0.00206587
0.00155412
0.00152007
0.00161811
0.00197993
0.00234548
0.00243147
0.0026415
0.00302696
0.00302113
0.00265427
0.00239789
0.00190415
0.00107971
0.000411287
-9.63486e-05
-0.000485867
-0.000618093
-0.000321021
0.000482037
0.0017688
0.00157337
0.00153044
0.00162504
0.00192721
0.00226018
0.00234355
0.00249281
0.00284131
0.00285607
0.00245608
0.00215643
0.00175549
0.000972051
0.000232943
-0.000323392
-0.000749043
-0.000925357
-0.000665077
0.000129183
0.00143849
0.00159054
0.00153578
0.00162891
0.00187861
0.00216545
0.00225549
0.00235008
0.00264458
0.00267735
0.00227397
0.00191943
0.00157316
0.000866162
8.92377e-05
-0.000523464
-0.000992561
-0.00123338
-0.00103842
-0.000271624
0.00107268
0.00160561
0.00153653
0.00162772
0.00183574
0.00206338
0.00216313
0.00221478
0.00244351
0.00248175
0.00210087
0.00170212
0.00136579
0.0007383
-4.02636e-05
-0.000701581
-0.00121609
-0.00152608
-0.0014177
-0.000701662
0.000677706
0.00161831
0.00153354
0.00161911
0.00179904
0.0019573
0.00206114
0.00208599
0.00224685
0.00227403
0.00192525
0.00150096
0.00115505
0.000587786
-0.000174525
-0.000873327
-0.00142478
-0.00179019
-0.00176649
-0.00111727
0.000274827
0.00162815
0.00152794
0.00160136
0.00176706
0.00185169
0.00194631
0.00196139
0.00206058
0.00205938
0.0017384
0.00131096
0.000948169
0.000419554
-0.000318824
-0.00104743
-0.00162923
-0.00202808
-0.00206445
-0.00148069
-0.000106168
0.00163447
0.00152116
0.00157393
0.00173704
0.00175183
0.00181911
0.00183606
0.0018873
0.00184674
0.00154128
0.00112256
0.000743859
0.000241807
-0.000472404
-0.00122168
-0.00183387
-0.00224653
-0.0023172
-0.00178452
-0.000447905
0.00163641
0.00151473
0.00153757
0.00170522
0.0016623
0.00168273
0.00170317
0.00172514
0.00164329
0.00133644
0.000932191
0.000538515
5.42091e-05
-0.000630816
-0.00139178
-0.00203174
-0.00245319
-0.00253197
-0.00203343
-0.000746479
0.00163316
0.00150969
0.00149415
0.00166692
0.00158499
0.00154157
0.00155775
0.00157048
0.00145581
0.00112687
0.00073715
0.000334987
-0.000142445
-0.000793944
-0.00154846
-0.00221185
-0.00264528
-0.00272533
-0.0022467
-0.00101037
0.00162408
0.00150621
0.00144654
0.00161746
0.00151848
0.00140349
0.00139911
0.00141492
0.00128721
0.000919693
0.000532801
0.00013424
-0.000344398
-0.000962678
-0.00169371
-0.00236294
-0.00281127
-0.00290024
-0.00244285
-0.00125573
0.0016091
0.00150336
0.00139843
0.00155449
0.00145944
0.00127689
0.0012314
0.001247
0.00113378
0.000726415
0.000318119
-6.51921e-05
-0.000546506
-0.00113628
-0.00183011
-0.00248857
-0.00294174
-0.0030445
-0.00261665
-0.00148722
0.00158845
0.00150061
0.00135352
0.00147903
0.00140251
0.00116572
0.00106119
0.00106037
0.000987186
0.000558596
9.86754e-05
-0.000269016
-0.000738815
-0.00131103
-0.00196283
-0.00259222
-0.00303754
-0.00315173
-0.00276094
-0.00170102
0.00156299
0.00149404
0.00131415
0.00139355
0.00134026
0.0010684
0.00090004
0.000858731
0.000827529
0.000419174
-0.000110645
-0.000482605
-0.000921495
-0.00147883
-0.00209226
-0.00268293
-0.00310567
-0.00322247
-0.00286878
-0.00189007
0.00153387
0.00148274
0.00128125
0.00130241
0.00126756
0.000981776
0.000756269
0.000650374
0.000638533
0.00029735
-0.000290181
-0.000702522
-0.00110306
-0.00162982
-0.00221116
-0.0027618
-0.00315442
-0.00326077
-0.00294058
-0.00205228
0.00150244
0.00146541
0.00125411
0.0012108
0.0011834
0.000900559
0.000630513
0.000450276
0.000422125
0.00017397
-0.000428924
-0.000913208
-0.00128974
-0.00176649
-0.00231273
-0.00282478
-0.00318465
-0.00327379
-0.00298028
-0.00218825
0.00147009
0.0014415
0.001231
0.00112367
0.00108964
0.000818564
0.00051838
0.000272087
0.000187858
2.19079e-05
-0.000537967
-0.00109316
-0.00147954
-0.00189712
-0.00239225
-0.00286562
-0.00319699
-0.00327162
-0.00300174
-0.00230583
0.00143808
0.0014114
0.00120975
0.00104434
0.000988177
0.000732562
0.000415481
0.000120079
-4.53022e-05
-0.000166657
-0.000635084
-0.00122738
-0.00165679
-0.00202886
-0.00245676
-0.00288247
-0.00318842
-0.00326063
-0.00302061
-0.00241754
0.0014075
0.00137538
0.0011877
0.000975075
0.000884119
0.000642733
0.00031526
-9.2998e-06
-0.000257196
-0.000383655
-0.000742318
-0.00132316
-0.00180056
-0.00215671
-0.00251773
-0.00288533
-0.00316337
-0.00324315
-0.00304418
-0.00253144
0.00137891
0.00133695
0.00116145
0.000916554
0.000782939
0.000550316
0.000215434
-0.000122264
-0.000434466
-0.000608364
-0.000888135
-0.00140603
-0.00190526
-0.00227136
-0.00258172
-0.00288628
-0.00313132
-0.00322119
-0.00307626
-0.00266463
0.00135305
0.00129704
0.00113146
0.000867904
0.000690637
0.000456679
0.000119278
-0.000229708
-0.000581863
-0.000811906
-0.0010454
-0.00144765
-0.00194772
-0.00234158
-0.0026265
-0.00287584
-0.00308053
-0.00318163
-0.00310624
-0.00282802
0.0013286
0.00125886
0.00109786
0.000829586
0.00060583
0.000368289
2.7544e-05
-0.000323387
-0.000709697
-0.00102568
-0.00127005
-0.00164226
-0.00205632
-0.00243679
-0.00269887
-0.00290175
-0.0030485
-0.00310758
-0.0030251
-0.00276412
0.00130906
0.00122203
0.00106473
0.000794532
0.000539156
0.000283496
-6.30895e-05
-0.000415479
-0.000755962
-0.00106828
-0.00129895
-0.00160317
-0.00204175
-0.00249303
-0.00288222
-0.00318048
-0.00341119
-0.00355099
-0.00355133
-0.00337
0.00129246
0.00119097
0.00103206
0.00076485
0.000485962
0.000212451
-0.000118543
-0.000522668
-0.000975106
-0.00142275
-0.00178397
-0.00205658
-0.00226427
-0.00238911
-0.00240896
-0.00234011
-0.00224746
-0.00223003
-0.00238353
-0.00274954
0.00127477
0.00116843
0.00100114
0.000748104
0.000442152
0.0001516
-0.000181616
-0.000510884
-0.000826164
-0.00114867
-0.00144559
-0.00176314
-0.00220351
-0.00276485
-0.00334094
-0.00384158
-0.00423611
-0.00444484
-0.00436867
-0.00394421
0.00126804
0.00114683
0.000979013
0.000723628
0.000420179
0.000115298
-0.000215668
-0.000621954
-0.00106386
-0.00151926
-0.00192091
-0.00222292
-0.00242525
-0.00253078
-0.00257576
-0.00258621
-0.00257681
-0.00262734
-0.00282612
-0.00322598
0.00126149
0.0011378
0.00096455
0.000709887
0.000407291
8.58724e-05
-0.000216019
-0.000542105
-0.000873729
-0.00122912
-0.00161373
-0.00202937
-0.00248622
-0.00299237
-0.00349877
-0.00394982
-0.0043074
-0.00452743
-0.00458327
-0.00446811
0.0448815
0.0167938
0.00520673
0.00256333
0.00145088
0.000197199
-0.00112776
-0.00243238
-0.00371447
-0.0049501
-0.00610827
-0.00728938
-0.00864881
-0.00997369
-0.0111357
-0.0123789
-0.0136934
-0.0148942
-0.0160975
-0.0174292
-0.0187862
-0.0201486
-0.0215774
-0.0230142
-0.0244349
-0.0258685
-0.0273149
-0.0288176
-0.0304112
-0.0320607
-0.0337535
-0.0355169
-0.0373537
-0.0392576
-0.0412282
-0.0432774
-0.0453987
-0.0475958
-0.0498719
-0.0522288
-0.0546802
-0.0572134
-0.0598604
-0.0625851
-0.0654441
-0.0683861
-0.0714595
-0.0746812
-0.0779767
-0.0815142
0.043792
0.0168394
0.00524991
0.00258025
0.00145996
0.000203416
-0.001123
-0.00242854
-0.00371132
-0.00494752
-0.00610613
-0.00728755
-0.00864728
-0.00997244
-0.0111346
-0.0123779
-0.0136925
-0.0148935
-0.0160968
-0.0174286
-0.0187857
-0.0201483
-0.0215771
-0.0230139
-0.0244347
-0.0258683
-0.0273147
-0.0288175
-0.0304111
-0.0320607
-0.0337534
-0.0355169
-0.0373537
-0.0392575
-0.0412282
-0.0432774
-0.0453987
-0.0475958
-0.0498719
-0.0522288
-0.0546802
-0.0572134
-0.0598604
-0.0625851
-0.0654441
-0.0683861
-0.0714595
-0.0746812
-0.0779767
-0.0815143
0.0428793
0.0169349
0.00532016
0.00260253
0.00147015
0.000209754
-0.00111846
-0.00242499
-0.00370843
-0.00494515
-0.00610416
-0.00728585
-0.00864589
-0.00997134
-0.0111336
-0.012377
-0.0136918
-0.0148928
-0.0160962
-0.0174281
-0.0187853
-0.0201479
-0.0215768
-0.0230137
-0.0244345
-0.0258682
-0.0273146
-0.0288174
-0.030411
-0.0320606
-0.0337534
-0.0355168
-0.0373537
-0.0392575
-0.0412281
-0.0432774
-0.0453987
-0.0475958
-0.0498719
-0.0522288
-0.0546802
-0.0572134
-0.0598604
-0.0625851
-0.0654441
-0.0683861
-0.0714595
-0.0746812
-0.0779768
-0.0815144
0.0420533
0.0170553
0.00542302
0.00263688
0.00148454
0.000217746
-0.00111321
-0.00242105
-0.00370528
-0.00494259
-0.00610202
-0.00728397
-0.00864439
-0.00997019
-0.0111326
-0.0123761
-0.013691
-0.0148921
-0.0160956
-0.0174276
-0.0187849
-0.0201475
-0.0215765
-0.0230135
-0.0244343
-0.025868
-0.0273145
-0.0288173
-0.0304109
-0.0320605
-0.0337534
-0.0355168
-0.0373536
-0.0392575
-0.0412281
-0.0432774
-0.0453987
-0.0475958
-0.0498719
-0.0522288
-0.0546802
-0.0572134
-0.0598604
-0.0625851
-0.0654441
-0.0683861
-0.0714595
-0.0746812
-0.0779768
-0.0815145
0.0412316
0.0171831
0.00555195
0.00268374
0.00150441
0.000228398
-0.0011065
-0.00241615
-0.0037014
-0.00493948
-0.00609944
-0.00728168
-0.00864252
-0.00996879
-0.0111314
-0.012375
-0.0136901
-0.0148913
-0.0160949
-0.017427
-0.0187843
-0.0201471
-0.0215761
-0.0230132
-0.0244341
-0.0258679
-0.0273143
-0.0288172
-0.0304108
-0.0320605
-0.0337533
-0.0355168
-0.0373536
-0.0392575
-0.0412281
-0.0432774
-0.0453987
-0.0475957
-0.0498719
-0.0522288
-0.0546802
-0.0572134
-0.0598604
-0.0625851
-0.0654441
-0.0683861
-0.0714595
-0.0746812
-0.0779768
-0.0815147
0.0403982
0.0173116
0.00569555
0.00273829
0.00152837
0.000241468
-0.00109825
-0.00241003
-0.00369654
-0.00493565
-0.00609632
-0.00727886
-0.00864013
-0.00996698
-0.0111299
-0.0123737
-0.0136889
-0.0148903
-0.016094
-0.0174262
-0.0187836
-0.0201464
-0.0215756
-0.0230128
-0.0244337
-0.0258676
-0.0273141
-0.028817
-0.0304107
-0.0320604
-0.0337532
-0.0355167
-0.0373536
-0.0392574
-0.0412281
-0.0432773
-0.0453987
-0.0475957
-0.0498718
-0.0522288
-0.0546802
-0.0572134
-0.0598604
-0.0625851
-0.065444
-0.0683861
-0.0714595
-0.0746812
-0.0779768
-0.081515
0.0395562
0.0174373
0.00584678
0.00279633
0.00155436
0.000256052
-0.00108882
-0.00240275
-0.00369055
-0.00493099
-0.00609266
-0.00727551
-0.00863712
-0.00996463
-0.0111282
-0.0123722
-0.0136875
-0.014889
-0.0160929
-0.0174252
-0.0187827
-0.0201456
-0.0215749
-0.0230122
-0.0244333
-0.0258672
-0.0273138
-0.0288168
-0.0304105
-0.0320602
-0.0337531
-0.0355166
-0.0373535
-0.0392574
-0.041228
-0.0432773
-0.0453987
-0.0475957
-0.0498718
-0.0522288
-0.0546802
-0.0572134
-0.0598604
-0.0625851
-0.065444
-0.0683861
-0.0714595
-0.0746812
-0.0779769
-0.0815153
0.0387095
0.0175577
0.00600298
0.00285593
0.00158104
0.000271382
-0.00107871
-0.00239461
-0.00368351
-0.00492547
-0.00608851
-0.00727176
-0.00863354
-0.00996167
-0.0111259
-0.0123702
-0.0136856
-0.0148874
-0.0160916
-0.017424
-0.0187814
-0.0201444
-0.0215739
-0.0230114
-0.0244326
-0.0258667
-0.0273134
-0.0288164
-0.0304102
-0.03206
-0.0337529
-0.0355164
-0.0373534
-0.0392573
-0.041228
-0.0432773
-0.0453986
-0.0475957
-0.0498718
-0.0522288
-0.0546802
-0.0572134
-0.0598604
-0.0625851
-0.065444
-0.068386
-0.0714595
-0.0746812
-0.0779769
-0.0815157
0.0378604
0.0176713
0.00616359
0.0029165
0.00160775
0.000287038
-0.00106824
-0.00238599
-0.00367569
-0.00491918
-0.00608396
-0.00726776
-0.00862956
-0.00995818
-0.0111232
-0.0123678
-0.0136832
-0.0148853
-0.01609
-0.0174225
-0.0187798
-0.0201429
-0.0215726
-0.0230103
-0.0244317
-0.0258661
-0.0273129
-0.028816
-0.0304098
-0.0320597
-0.0337527
-0.0355163
-0.0373532
-0.0392572
-0.0412279
-0.0432772
-0.0453986
-0.0475957
-0.0498718
-0.0522288
-0.0546802
-0.0572134
-0.0598604
-0.0625851
-0.065444
-0.068386
-0.0714595
-0.0746812
-0.077977
-0.0815162
0.0370104
0.0177771
0.00632848
0.00297789
0.00163416
0.000302832
-0.00105757
-0.00237717
-0.00366747
-0.00491236
-0.00607913
-0.00726368
-0.00862541
-0.00995432
-0.0111201
-0.012365
-0.0136803
-0.0148829
-0.0160881
-0.0174207
-0.0187779
-0.0201409
-0.0215708
-0.0230087
-0.0244305
-0.0258652
-0.0273122
-0.0288154
-0.0304094
-0.0320593
-0.0337524
-0.035516
-0.037353
-0.039257
-0.0412277
-0.0432771
-0.0453985
-0.0475956
-0.0498718
-0.0522288
-0.0546802
-0.0572134
-0.0598604
-0.0625851
-0.065444
-0.068386
-0.0714595
-0.0746811
-0.077977
-0.0815167
0.0361605
0.0178738
0.00649736
0.00304006
0.00166002
0.000318667
-0.0010467
-0.00236831
-0.00365919
-0.00490531
-0.00607418
-0.00725963
-0.00862124
-0.00995027
-0.0111167
-0.0123619
-0.0136769
-0.0148799
-0.0160859
-0.0174188
-0.0187758
-0.0201387
-0.0215686
-0.0230068
-0.0244289
-0.025864
-0.0273113
-0.0288146
-0.0304087
-0.0320588
-0.033752
-0.0355157
-0.0373527
-0.0392567
-0.0412275
-0.0432769
-0.0453984
-0.0475955
-0.0498717
-0.0522288
-0.0546802
-0.0572134
-0.0598604
-0.0625851
-0.065444
-0.068386
-0.0714595
-0.0746811
-0.0779771
-0.0815172
0.035312
0.0179604
0.00666983
0.00310297
0.00168514
0.000334467
-0.0010356
-0.00235943
-0.00365107
-0.00489833
-0.00606931
-0.00725572
-0.00861711
-0.00994616
-0.0111131
-0.0123584
-0.0136732
-0.0148766
-0.0160835
-0.0174166
-0.0187735
-0.0201362
-0.021566
-0.0230043
-0.0244269
-0.0258626
-0.0273102
-0.0288138
-0.030408
-0.0320582
-0.0337515
-0.0355153
-0.0373524
-0.0392565
-0.0412273
-0.0432767
-0.0453983
-0.0475954
-0.0498717
-0.0522287
-0.0546801
-0.0572134
-0.0598604
-0.0625851
-0.065444
-0.068386
-0.0714594
-0.074681
-0.0779771
-0.0815178
0.0344665
0.0180357
0.00684555
0.00316673
0.00170937
0.000350152
-0.00102422
-0.00235048
-0.00364318
-0.0048916
-0.00606465
-0.00725206
-0.00861304
-0.00994202
-0.0111094
-0.0123548
-0.0136692
-0.014873
-0.0160807
-0.0174143
-0.0187711
-0.0201336
-0.0215632
-0.0230015
-0.0244245
-0.0258608
-0.027309
-0.0288128
-0.0304072
-0.0320575
-0.033751
-0.0355148
-0.037352
-0.0392561
-0.041227
-0.0432765
-0.0453981
-0.0475953
-0.0498716
-0.0522287
-0.0546801
-0.0572134
-0.0598604
-0.0625851
-0.065444
-0.068386
-0.0714594
-0.0746809
-0.0779771
-0.0815185
0.0336253
0.0180988
0.00702424
0.00323161
0.00173264
0.00036563
-0.0010125
-0.00234137
-0.00363544
-0.00488515
-0.00606021
-0.00724872
-0.008609
-0.00993781
-0.0111056
-0.0123511
-0.0136651
-0.0148692
-0.0160778
-0.0174118
-0.0187686
-0.0201309
-0.0215602
-0.0229983
-0.0244217
-0.0258588
-0.0273076
-0.0288116
-0.0304062
-0.0320568
-0.0337503
-0.0355143
-0.0373515
-0.0392557
-0.0412267
-0.0432762
-0.0453978
-0.0475951
-0.0498714
-0.0522286
-0.0546801
-0.0572134
-0.0598604
-0.0625851
-0.065444
-0.068386
-0.0714594
-0.0746809
-0.0779772
-0.0815191
0.0327898
0.0181487
0.00720571
0.00329801
0.00175494
0.000380792
-0.00100042
-0.00233199
-0.00362775
-0.0048789
-0.00605594
-0.00724569
-0.00860494
-0.00993345
-0.0111017
-0.0123473
-0.0136608
-0.0148652
-0.0160748
-0.0174092
-0.018766
-0.0201282
-0.0215572
-0.0229949
-0.0244186
-0.0258565
-0.027306
-0.0288104
-0.0304052
-0.0320559
-0.0337497
-0.0355138
-0.037351
-0.0392552
-0.0412263
-0.0432759
-0.0453976
-0.0475949
-0.0498713
-0.0522285
-0.05468
-0.0572133
-0.0598603
-0.0625851
-0.065444
-0.068386
-0.0714594
-0.0746808
-0.0779772
-0.0815199
0.0319614
0.0181847
0.00738986
0.00336651
0.00177631
0.000395503
-0.000987997
-0.00232227
-0.00361996
-0.0048727
-0.00605169
-0.00724284
-0.00860079
-0.00992883
-0.0110977
-0.0123435
-0.0136565
-0.0148611
-0.0160716
-0.0174065
-0.0187633
-0.0201254
-0.0215541
-0.0229914
-0.0244153
-0.025854
-0.0273043
-0.0288092
-0.0304042
-0.032055
-0.0337489
-0.0355132
-0.0373505
-0.0392548
-0.0412258
-0.0432755
-0.0453972
-0.0475946
-0.0498711
-0.0522283
-0.0546799
-0.0572133
-0.0598603
-0.0625851
-0.065444
-0.0683859
-0.0714594
-0.0746807
-0.0779772
-0.0815206
0.0311411
0.0182058
0.00757653
0.00343771
0.00179678
0.000409589
-0.000975293
-0.00231218
-0.00361198
-0.0048664
-0.0060473
-0.00724004
-0.00859641
-0.0099238
-0.0110935
-0.0123398
-0.0136522
-0.0148569
-0.0160683
-0.0174037
-0.0187606
-0.0201225
-0.0215508
-0.0229879
-0.0244118
-0.0258514
-0.0273025
-0.0288079
-0.0304031
-0.0320541
-0.0337482
-0.0355125
-0.0373499
-0.0392542
-0.0412254
-0.0432751
-0.0453969
-0.0475944
-0.0498709
-0.0522282
-0.0546798
-0.0572132
-0.0598603
-0.0625851
-0.065444
-0.0683859
-0.0714593
-0.0746805
-0.0779773
-0.0815214
0.0303304
0.0182115
0.00776545
0.00351219
0.00181636
0.000422841
-0.00096239
-0.00230168
-0.00360372
-0.00485986
-0.00604265
-0.00723706
-0.00859166
-0.00991824
-0.0110891
-0.012336
-0.0136479
-0.0148527
-0.016065
-0.0174009
-0.0187577
-0.0201196
-0.0215475
-0.0229842
-0.0244082
-0.0258486
-0.0273006
-0.0288065
-0.030402
-0.0320532
-0.0337474
-0.0355119
-0.0373493
-0.0392537
-0.0412249
-0.0432747
-0.0453965
-0.0475941
-0.0498707
-0.052228
-0.0546797
-0.0572132
-0.0598603
-0.0625851
-0.065444
-0.0683859
-0.0714593
-0.0746804
-0.0779773
-0.0815222
0.0295302
0.0182012
0.0079562
0.00359051
0.00183504
0.000435023
-0.000949394
-0.00229078
-0.00359518
-0.00485297
-0.00603764
-0.00723377
-0.00858644
-0.00991204
-0.0110844
-0.0123322
-0.0136436
-0.0148484
-0.0160615
-0.017398
-0.0187548
-0.0201165
-0.0215441
-0.0229805
-0.0244046
-0.0258458
-0.0272987
-0.0288052
-0.0304009
-0.0320522
-0.0337466
-0.0355112
-0.0373487
-0.0392531
-0.0412244
-0.0432742
-0.0453961
-0.0475937
-0.0498704
-0.0522279
-0.0546796
-0.0572131
-0.0598602
-0.062585
-0.065444
-0.0683859
-0.0714593
-0.0746803
-0.0779773
-0.081523
0.0287419
0.0181742
0.00814817
0.00367317
0.00185283
0.000445884
-0.00093643
-0.00227948
-0.00358633
-0.00484571
-0.00603225
-0.00723008
-0.00858066
-0.00990517
-0.0110794
-0.0123284
-0.0136393
-0.014844
-0.016058
-0.0173951
-0.0187519
-0.0201133
-0.0215404
-0.0229767
-0.024401
-0.0258429
-0.0272968
-0.0288038
-0.0303998
-0.0320512
-0.0337457
-0.0355105
-0.0373481
-0.0392525
-0.0412238
-0.0432737
-0.0453957
-0.0475934
-0.0498701
-0.0522277
-0.0546795
-0.057213
-0.0598602
-0.062585
-0.065444
-0.0683858
-0.0714592
-0.0746801
-0.0779773
-0.0815239
0.0279664
0.0181302
0.00834054
0.00376066
0.0018698
0.000455163
-0.000923644
-0.00226781
-0.00357719
-0.00483807
-0.00602649
-0.00722594
-0.00857432
-0.00989765
-0.011074
-0.0123245
-0.013635
-0.0148395
-0.0160543
-0.0173922
-0.0187489
-0.0201099
-0.0215366
-0.0229728
-0.0243973
-0.0258399
-0.0272948
-0.0288024
-0.0303987
-0.0320502
-0.0337448
-0.0355097
-0.0373474
-0.0392519
-0.0412233
-0.0432732
-0.0453953
-0.047593
-0.0498699
-0.0522275
-0.0546794
-0.057213
-0.0598602
-0.062585
-0.0654439
-0.0683858
-0.0714592
-0.07468
-0.0779774
-0.0815247
0.0272049
0.0180686
0.00853234
0.00385344
0.00188609
0.000462603
-0.000911214
-0.0022558
-0.00356775
-0.00483008
-0.00602037
-0.00722137
-0.00856749
-0.00988955
-0.0110683
-0.0123206
-0.0136307
-0.0148349
-0.0160506
-0.0173892
-0.0187458
-0.0201065
-0.0215326
-0.0229688
-0.0243935
-0.0258368
-0.0272928
-0.0288011
-0.0303975
-0.0320491
-0.0337439
-0.035509
-0.0373468
-0.0392513
-0.0412227
-0.0432727
-0.0453948
-0.0475927
-0.0498696
-0.0522273
-0.0546793
-0.0572129
-0.0598601
-0.062585
-0.0654439
-0.0683858
-0.0714591
-0.0746799
-0.0779774
-0.0815256
0.0264584
0.0179892
0.00872243
0.00395191
0.00190192
0.00046795
-0.000899354
-0.00224348
-0.00355804
-0.00482178
-0.00601394
-0.00721642
-0.00856026
-0.00988098
-0.0110623
-0.0123165
-0.0136263
-0.0148302
-0.0160467
-0.0173861
-0.0187427
-0.0201029
-0.0215284
-0.0229646
-0.0243897
-0.0258336
-0.0272907
-0.0287996
-0.0303963
-0.032048
-0.033743
-0.0355082
-0.0373461
-0.0392507
-0.0412221
-0.0432722
-0.0453944
-0.0475923
-0.0498693
-0.0522271
-0.0546791
-0.0572128
-0.0598601
-0.062585
-0.0654439
-0.0683857
-0.0714591
-0.0746797
-0.0779774
-0.0815265
0.0257278
0.0178917
0.00890953
0.00405642
0.00191761
0.00047097
-0.000888313
-0.00223091
-0.00354803
-0.00481322
-0.00600724
-0.00721115
-0.0085527
-0.00987204
-0.011056
-0.0123124
-0.0136219
-0.0148254
-0.0160427
-0.017383
-0.0187395
-0.0200991
-0.021524
-0.0229602
-0.0243856
-0.0258303
-0.0272884
-0.0287982
-0.030395
-0.0320468
-0.0337419
-0.0355074
-0.0373453
-0.03925
-0.0412215
-0.0432717
-0.0453939
-0.0475919
-0.049869
-0.0522269
-0.054679
-0.0572127
-0.05986
-0.0625849
-0.0654439
-0.0683857
-0.071459
-0.0746795
-0.0779774
-0.0815275
0.0250139
0.017776
0.00909221
0.00416715
0.0019336
0.000471451
-0.000878379
-0.00221815
-0.00353772
-0.00480442
-0.00600031
-0.00720562
-0.0085449
-0.00986282
-0.0110495
-0.0123082
-0.0136174
-0.0148204
-0.0160385
-0.0173797
-0.0187362
-0.0200952
-0.0215194
-0.0229556
-0.0243814
-0.0258268
-0.0272861
-0.0287966
-0.0303936
-0.0320455
-0.0337409
-0.0355065
-0.0373446
-0.0392493
-0.0412209
-0.0432711
-0.0453934
-0.0475915
-0.0498686
-0.0522266
-0.0546788
-0.0572127
-0.05986
-0.0625849
-0.0654439
-0.0683856
-0.071459
-0.0746794
-0.0779774
-0.0815285
0.0243176
0.0176424
0.00926892
0.00428416
0.00195043
0.000469236
-0.000869878
-0.00220529
-0.00352709
-0.0047954
-0.00599318
-0.00719988
-0.00853692
-0.00985339
-0.0110429
-0.0123038
-0.0136128
-0.0148153
-0.0160342
-0.0173763
-0.0187327
-0.020091
-0.0215146
-0.0229509
-0.0243771
-0.025823
-0.0272836
-0.028795
-0.0303921
-0.0320441
-0.0337397
-0.0355056
-0.0373438
-0.0392486
-0.0412202
-0.0432705
-0.0453929
-0.047591
-0.0498683
-0.0522264
-0.0546787
-0.0572126
-0.0598599
-0.0625849
-0.0654439
-0.0683856
-0.0714589
-0.0746792
-0.0779774
-0.0815294
0.0236404
0.0174911
0.009438
0.00440723
0.0019688
0.00046425
-0.000863167
-0.00219245
-0.00351611
-0.00478618
-0.00598589
-0.00719395
-0.00852877
-0.00984378
-0.0110361
-0.0122994
-0.013608
-0.01481
-0.0160298
-0.0173728
-0.0187291
-0.0200867
-0.0215097
-0.0229459
-0.0243725
-0.0258191
-0.027281
-0.0287933
-0.0303906
-0.0320426
-0.0337385
-0.0355047
-0.037343
-0.0392479
-0.0412196
-0.0432699
-0.0453924
-0.0475906
-0.049868
-0.0522261
-0.0546785
-0.0572125
-0.0598599
-0.0625848
-0.0654438
-0.0683855
-0.0714589
-0.074679
-0.0779774
-0.0815304
0.0229812
0.017323
0.0095977
0.00453585
0.00198951
0.000456515
-0.000858627
-0.00217979
-0.00350476
-0.00477674
-0.00597844
-0.00718785
-0.00852048
-0.00983401
-0.0110293
-0.0122949
-0.0136031
-0.0148044
-0.0160252
-0.0173691
-0.0187253
-0.0200823
-0.0215045
-0.0229408
-0.0243678
-0.0258151
-0.0272782
-0.0287915
-0.0303889
-0.032041
-0.0337372
-0.0355037
-0.0373422
-0.0392471
-0.0412189
-0.0432693
-0.0453918
-0.0475901
-0.0498676
-0.0522259
-0.0546783
-0.0572124
-0.0598598
-0.0625848
-0.0654438
-0.0683855
-0.0714588
-0.0746788
-0.0779773
-0.0815315
0.0223405
0.0171391
0.00974625
0.00466914
0.00201342
0.000446164
-0.000856643
-0.00216752
-0.00349302
-0.00476706
-0.00597085
-0.00718159
-0.00851203
-0.00982409
-0.0110222
-0.0122903
-0.0135981
-0.0147987
-0.0160205
-0.0173654
-0.0187214
-0.0200776
-0.0214992
-0.0229355
-0.0243629
-0.0258108
-0.0272753
-0.0287896
-0.0303872
-0.0320393
-0.0337358
-0.0355027
-0.0373413
-0.0392463
-0.0412182
-0.0432687
-0.0453913
-0.0475897
-0.0498672
-0.0522256
-0.0546782
-0.0572123
-0.0598598
-0.0625848
-0.0654438
-0.0683854
-0.0714587
-0.0746786
-0.0779773
-0.0815325
0.0217194
0.0169407
0.00988193
0.00480606
0.00204143
0.000433458
-0.000857589
-0.00215591
-0.0034809
-0.00475711
-0.00596312
-0.00717517
-0.00850342
-0.00981402
-0.0110151
-0.0122857
-0.0135928
-0.0147927
-0.0160156
-0.0173615
-0.0187173
-0.0200728
-0.0214937
-0.02293
-0.0243578
-0.0258064
-0.0272723
-0.0287876
-0.0303853
-0.0320376
-0.0337344
-0.0355016
-0.0373405
-0.0392455
-0.0412174
-0.043268
-0.0453907
-0.0475892
-0.0498668
-0.0522254
-0.054678
-0.0572122
-0.0598597
-0.0625847
-0.0654438
-0.0683853
-0.0714586
-0.0746784
-0.0779773
-0.0815336
0.021118
0.0167293
0.0100031
0.00494536
0.00207436
0.000418794
-0.00086181
-0.00214527
-0.00346843
-0.00474686
-0.00595523
-0.00716859
-0.00849464
-0.00980379
-0.0110079
-0.012281
-0.0135875
-0.0147865
-0.0160106
-0.0173575
-0.0187131
-0.0200678
-0.0214881
-0.0229243
-0.0243525
-0.0258018
-0.0272691
-0.0287855
-0.0303834
-0.0320357
-0.033733
-0.0355005
-0.0373395
-0.0392447
-0.0412167
-0.0432673
-0.0453901
-0.0475887
-0.0498664
-0.0522251
-0.0546778
-0.057212
-0.0598597
-0.0625847
-0.0654437
-0.0683853
-0.0714585
-0.0746782
-0.0779772
-0.0815347
0.0205362
0.0165062
0.0101082
0.00508562
0.00211294
0.00040268
-0.000869606
-0.00213597
-0.00345568
-0.00473624
-0.00594716
-0.00716186
-0.00848569
-0.0097934
-0.0110006
-0.0122762
-0.013582
-0.0147802
-0.0160053
-0.0173533
-0.0187087
-0.0200626
-0.0214822
-0.0229185
-0.0243471
-0.0257971
-0.0272659
-0.0287834
-0.0303815
-0.0320338
-0.0337314
-0.0354994
-0.0373386
-0.0392438
-0.0412159
-0.0432666
-0.0453894
-0.0475882
-0.049866
-0.0522248
-0.0546776
-0.0572119
-0.0598596
-0.0625847
-0.0654437
-0.0683852
-0.0714584
-0.074678
-0.0779772
-0.0815358
0.0199738
0.016273
0.0101959
0.00522531
0.00215773
0.000385725
-0.00088121
-0.00212844
-0.00344274
-0.00472521
-0.00593889
-0.00715496
-0.00847656
-0.00978285
-0.0109931
-0.0122715
-0.0135764
-0.0147736
-0.016
-0.0173491
-0.0187041
-0.0200572
-0.0214763
-0.0229125
-0.0243415
-0.0257923
-0.0272625
-0.0287811
-0.0303794
-0.0320318
-0.0337298
-0.0354982
-0.0373376
-0.0392429
-0.041215
-0.0432659
-0.0453888
-0.0475876
-0.0498656
-0.0522245
-0.0546774
-0.0572118
-0.0598595
-0.0625846
-0.0654437
-0.0683851
-0.0714583
-0.0746777
-0.0779771
-0.0815369
0.0194308
0.0160313
0.0102653
0.0053628
0.00220912
0.000368634
-0.000896759
-0.00212312
-0.00342979
-0.00471375
-0.00593039
-0.00714789
-0.00846726
-0.00977214
-0.0109856
-0.0122666
-0.0135706
-0.0147668
-0.0159944
-0.0173447
-0.0186994
-0.0200517
-0.0214701
-0.0229064
-0.0243357
-0.0257873
-0.027259
-0.0287788
-0.0303773
-0.0320298
-0.0337282
-0.0354969
-0.0373366
-0.0392419
-0.0412142
-0.0432651
-0.0453881
-0.0475871
-0.0498652
-0.0522242
-0.0546772
-0.0572117
-0.0598594
-0.0625846
-0.0654436
-0.068385
-0.0714582
-0.0746775
-0.0779771
-0.0815381
0.0189065
0.0157828
0.0103157
0.00549639
0.00226726
0.0003522
-0.000916256
-0.00212048
-0.00341706
-0.00470183
-0.00592159
-0.00714066
-0.00845781
-0.00976129
-0.010978
-0.0122617
-0.0135647
-0.0147597
-0.0159887
-0.0173402
-0.0186946
-0.020046
-0.0214638
-0.0229001
-0.0243298
-0.0257821
-0.0272554
-0.0287763
-0.0303751
-0.0320277
-0.0337265
-0.0354957
-0.0373355
-0.039241
-0.0412133
-0.0432643
-0.0453874
-0.0475865
-0.0498647
-0.0522238
-0.054677
-0.0572116
-0.0598594
-0.0625845
-0.0654436
-0.068385
-0.0714581
-0.0746772
-0.077977
-0.0815393
0.0184
0.015529
0.0103468
0.00562428
0.00233189
0.000337269
-0.000939559
-0.00212093
-0.00340486
-0.00468948
-0.00591245
-0.00713324
-0.0084482
-0.0097503
-0.0109703
-0.0122568
-0.0135587
-0.0147525
-0.0159829
-0.0173355
-0.0186896
-0.0200401
-0.0214573
-0.0228936
-0.0243237
-0.0257768
-0.0272516
-0.0287738
-0.0303728
-0.0320255
-0.0337247
-0.0354943
-0.0373344
-0.03924
-0.0412124
-0.0432635
-0.0453867
-0.0475859
-0.0498642
-0.0522235
-0.0546767
-0.0572114
-0.0598593
-0.0625845
-0.0654435
-0.0683849
-0.0714579
-0.074677
-0.0779769
-0.0815405
0.0179106
0.0152713
0.0103587
0.00574461
0.00240233
0.00032473
-0.000966345
-0.00212488
-0.00339358
-0.00467674
-0.00590292
-0.00712561
-0.00843847
-0.0097392
-0.0109626
-0.0122519
-0.0135525
-0.014745
-0.0159768
-0.0173308
-0.0186844
-0.020034
-0.0214506
-0.0228869
-0.0243174
-0.0257714
-0.0272478
-0.0287712
-0.0303704
-0.0320232
-0.0337229
-0.035493
-0.0373333
-0.0392389
-0.0412114
-0.0432627
-0.045386
-0.0475852
-0.0498637
-0.0522231
-0.0546765
-0.0572113
-0.0598592
-0.0625844
-0.0654435
-0.0683848
-0.0714578
-0.0746767
-0.0779768
-0.0815417
0.0174372
0.0150109
0.0103521
0.00585561
0.0024774
0.000315491
-0.000996077
-0.00213263
-0.00338364
-0.00466373
-0.00589294
-0.00711772
-0.0084286
-0.00972801
-0.0109548
-0.0122469
-0.0135462
-0.0147374
-0.0159706
-0.0173259
-0.018679
-0.0200277
-0.0214438
-0.0228801
-0.024311
-0.0257658
-0.0272438
-0.0287684
-0.030368
-0.0320209
-0.033721
-0.0354915
-0.0373321
-0.0392378
-0.0412104
-0.0432618
-0.0453852
-0.0475846
-0.0498632
-0.0522228
-0.0546763
-0.0572111
-0.0598591
-0.0625844
-0.0654435
-0.0683847
-0.0714576
-0.0746765
-0.0779767
-0.0815429
0.0169782
0.0147488
0.0103281
0.00595571
0.00255548
0.000310357
-0.00102806
-0.00214439
-0.00337551
-0.00465061
-0.00588247
-0.00710953
-0.0084186
-0.00971674
-0.010947
-0.012242
-0.0135397
-0.0147295
-0.0159643
-0.0173209
-0.0186735
-0.0200213
-0.0214368
-0.022873
-0.0243044
-0.0257601
-0.0272397
-0.0287656
-0.0303654
-0.0320185
-0.033719
-0.0354901
-0.0373309
-0.0392367
-0.0412094
-0.0432609
-0.0453844
-0.0475839
-0.0498627
-0.0522224
-0.054676
-0.057211
-0.059859
-0.0625843
-0.0654434
-0.0683846
-0.0714575
-0.0746762
-0.0779765
-0.0815441
0.0165318
0.014486
0.010288
0.00604348
0.00263471
0.000309951
-0.0010615
-0.00216025
-0.00336967
-0.00463764
-0.00587149
-0.00710096
-0.00840845
-0.00970542
-0.0109391
-0.012237
-0.0135332
-0.0147213
-0.0159577
-0.0173158
-0.0186678
-0.0200146
-0.0214296
-0.0228658
-0.0242976
-0.0257542
-0.0272354
-0.0287626
-0.0303628
-0.032016
-0.033717
-0.0354885
-0.0373296
-0.0392355
-0.0412083
-0.04326
-0.0453836
-0.0475832
-0.0498621
-0.052222
-0.0546757
-0.0572108
-0.0598589
-0.0625842
-0.0654433
-0.0683844
-0.0714573
-0.0746759
-0.0779764
-0.0815454
0.0160957
0.014223
0.0102329
0.00611755
0.00271324
0.000314727
-0.00109553
-0.00218014
-0.00336658
-0.00462516
-0.00586005
-0.00709194
-0.00839814
-0.00969407
-0.0109313
-0.0122321
-0.0135265
-0.014713
-0.015951
-0.0173105
-0.0186619
-0.0200078
-0.0214222
-0.0228585
-0.0242906
-0.0257481
-0.027231
-0.0287596
-0.0303601
-0.0320134
-0.0337149
-0.035487
-0.0373283
-0.0392343
-0.0412072
-0.043259
-0.0453828
-0.0475825
-0.0498616
-0.0522216
-0.0546754
-0.0572106
-0.0598588
-0.0625842
-0.0654433
-0.0683843
-0.0714571
-0.0746756
-0.0779762
-0.0815466
0.015668
0.0139602
0.0101643
0.0061769
0.00278931
0.000324869
-0.0011293
-0.00220381
-0.00336661
-0.00461358
-0.00584822
-0.00708241
-0.00838761
-0.00968271
-0.0109235
-0.0122272
-0.0135197
-0.0147044
-0.0159441
-0.0173051
-0.0186559
-0.0200007
-0.0214147
-0.0228509
-0.0242834
-0.0257419
-0.0272265
-0.0287564
-0.0303573
-0.0320107
-0.0337127
-0.0354853
-0.0373269
-0.039233
-0.0412061
-0.043258
-0.0453819
-0.0475818
-0.049861
-0.0522211
-0.0546752
-0.0572104
-0.0598587
-0.0625841
-0.0654432
-0.0683842
-0.0714569
-0.0746753
-0.077976
-0.0815479
0.015247
0.013698
0.0100833
0.00622093
0.00286127
0.000340141
-0.00116201
-0.00223091
-0.00337011
-0.00460339
-0.00583618
-0.00707231
-0.0083768
-0.00967133
-0.0109159
-0.0122224
-0.0135128
-0.0146956
-0.015937
-0.0172995
-0.0186496
-0.0199934
-0.0214069
-0.0228431
-0.024276
-0.0257355
-0.0272219
-0.0287531
-0.0303543
-0.032008
-0.0337104
-0.0354836
-0.0373255
-0.0392317
-0.0412049
-0.043257
-0.045381
-0.047581
-0.0498604
-0.0522207
-0.0546749
-0.0572103
-0.0598586
-0.062584
-0.0654432
-0.0683841
-0.0714567
-0.074675
-0.0779758
-0.0815492
0.0148318
0.0134361
0.00999125
0.0062494
0.00292748
0.000359871
-0.00119295
-0.0022609
-0.00337728
-0.00459506
-0.00582414
-0.00706162
-0.00836564
-0.00965994
-0.0109083
-0.0122176
-0.0135057
-0.0146865
-0.0159298
-0.0172939
-0.0186432
-0.019986
-0.021399
-0.0228352
-0.0242685
-0.0257289
-0.027217
-0.0287497
-0.0303513
-0.0320051
-0.0337081
-0.0354818
-0.037324
-0.0392304
-0.0412037
-0.0432559
-0.04538
-0.0475802
-0.0498597
-0.0522202
-0.0546745
-0.0572101
-0.0598585
-0.0625839
-0.0654431
-0.0683839
-0.0714565
-0.0746747
-0.0779756
-0.0815505
0.0144221
0.0131744
0.00988919
0.00626242
0.00298647
0.000383034
-0.00122155
-0.00229308
-0.00338814
-0.00458909
-0.00581243
-0.00705034
-0.00835403
-0.00964849
-0.0109009
-0.012213
-0.0134986
-0.0146772
-0.0159224
-0.0172881
-0.0186366
-0.0199783
-0.0213909
-0.0228271
-0.0242607
-0.0257222
-0.0272121
-0.0287461
-0.0303482
-0.0320022
-0.0337057
-0.03548
-0.0373225
-0.039229
-0.0412024
-0.0432548
-0.0453791
-0.0475794
-0.0498591
-0.0522198
-0.0546742
-0.0572099
-0.0598584
-0.0625838
-0.065443
-0.0683838
-0.0714562
-0.0746743
-0.0779754
-0.0815518
0.014018
0.0129125
0.00977812
0.00626041
0.00303697
0.000408349
-0.00124735
-0.00232675
-0.00340262
-0.00458593
-0.00580147
-0.00703855
-0.0083419
-0.00963692
-0.0108936
-0.0122086
-0.0134915
-0.0146678
-0.0159148
-0.0172822
-0.0186298
-0.0199704
-0.0213826
-0.0228188
-0.0242527
-0.0257153
-0.027207
-0.0287424
-0.0303449
-0.0319991
-0.0337032
-0.0354781
-0.0373209
-0.0392275
-0.0412011
-0.0432537
-0.0453781
-0.0475786
-0.0498584
-0.0522193
-0.0546739
-0.0572096
-0.0598582
-0.0625838
-0.0654429
-0.0683836
-0.071456
-0.074674
-0.0779751
-0.0815531
0.0136201
0.01265
0.00965888
0.00624398
0.0030779
0.00043439
-0.00127009
-0.00236116
-0.00342044
-0.00458596
-0.00579173
-0.0070264
-0.00832919
-0.00962518
-0.0108865
-0.0122043
-0.0134843
-0.014658
-0.0159071
-0.0172761
-0.0186228
-0.0199623
-0.0213741
-0.0228103
-0.0242446
-0.0257082
-0.0272017
-0.0287386
-0.0303416
-0.031996
-0.0337006
-0.0354761
-0.0373193
-0.039226
-0.0411998
-0.0432525
-0.045377
-0.0475777
-0.0498577
-0.0522188
-0.0546735
-0.0572094
-0.0598581
-0.0625837
-0.0654429
-0.0683835
-0.0714557
-0.0746736
-0.0779748
-0.0815544
0.0132289
0.0123865
0.00953207
0.00621378
0.00310829
0.000459727
-0.00128967
-0.00239556
-0.00344122
-0.00458946
-0.00578374
-0.00701413
-0.00831589
-0.00961318
-0.0108796
-0.0122004
-0.0134771
-0.0146481
-0.0158991
-0.01727
-0.0186156
-0.0199539
-0.0213655
-0.0228016
-0.0242363
-0.0257009
-0.0271962
-0.0287346
-0.0303381
-0.0319928
-0.0336979
-0.0354741
-0.0373176
-0.0392245
-0.0411984
-0.0432513
-0.045376
-0.0475768
-0.049857
-0.0522182
-0.0546732
-0.0572092
-0.0598579
-0.0625836
-0.0654428
-0.0683833
-0.0714554
-0.0746733
-0.0779746
-0.0815558
0.0128449
0.0121217
0.00939801
0.00617044
0.00312741
0.000482984
-0.00130628
-0.00242933
-0.00346446
-0.00459661
-0.00577801
-0.00700203
-0.00830198
-0.00960081
-0.0108727
-0.0121966
-0.01347
-0.014638
-0.015891
-0.0172637
-0.0186083
-0.0199454
-0.0213566
-0.0227927
-0.0242277
-0.0256935
-0.0271906
-0.0287305
-0.0303345
-0.0319894
-0.0336952
-0.035472
-0.0373158
-0.0392229
-0.0411969
-0.04325
-0.0453749
-0.0475759
-0.0498562
-0.0522177
-0.0546728
-0.0572089
-0.0598578
-0.0625835
-0.0654427
-0.0683831
-0.0714551
-0.0746729
-0.0779742
-0.0815571
0.0124682
0.0118553
0.00925694
0.00611469
0.00313484
0.000502845
-0.00132044
-0.00246201
-0.00348956
-0.00460734
-0.00577499
-0.00699051
-0.00828754
-0.00958801
-0.0108658
-0.0121932
-0.013463
-0.0146278
-0.0158827
-0.0172573
-0.0186007
-0.0199366
-0.0213476
-0.0227836
-0.024219
-0.0256859
-0.0271849
-0.0287263
-0.0303308
-0.0319859
-0.0336923
-0.0354698
-0.037314
-0.0392212
-0.0411954
-0.0432487
-0.0453737
-0.0475749
-0.0498555
-0.0522171
-0.0546724
-0.0572087
-0.0598576
-0.0625833
-0.0654426
-0.0683829
-0.0714548
-0.0746726
-0.0779739
-0.0815584
0.0120988
0.0115871
0.0091089
0.0060472
0.00313033
0.000518142
-0.00133281
-0.00249323
-0.00351592
-0.00462149
-0.00577512
-0.00698001
-0.00827273
-0.00957474
-0.0108589
-0.01219
-0.0134561
-0.0146174
-0.0158742
-0.0172507
-0.0185931
-0.0199277
-0.0213383
-0.0227744
-0.0242101
-0.025678
-0.0271789
-0.0287218
-0.0303269
-0.0319824
-0.0336893
-0.0354675
-0.0373121
-0.0392195
-0.0411939
-0.0432473
-0.0453726
-0.0475739
-0.0498547
-0.0522165
-0.054672
-0.0572084
-0.0598575
-0.0625832
-0.0654424
-0.0683828
-0.0714544
-0.0746722
-0.0779736
-0.0815597
0.011737
0.011317
0.00895365
0.00596853
0.00311379
0.000527856
-0.00134415
-0.00252274
-0.00354296
-0.0046388
-0.00577876
-0.00697103
-0.00825777
-0.009561
-0.0108517
-0.012187
-0.0134495
-0.014607
-0.0158656
-0.017244
-0.0185852
-0.0199185
-0.0213289
-0.022765
-0.0242009
-0.02567
-0.0271728
-0.0287173
-0.0303229
-0.0319787
-0.0336863
-0.0354651
-0.0373101
-0.0392177
-0.0411922
-0.0432459
-0.0453713
-0.0475729
-0.0498538
-0.0522159
-0.0546716
-0.0572081
-0.0598573
-0.0625831
-0.0654423
-0.0683826
-0.071454
-0.0746718
-0.0779732
-0.081561
0.0113833
0.0110446
0.00879075
0.00587928
0.0030854
0.000531125
-0.00135529
-0.00255043
-0.00357015
-0.00465898
-0.00578616
-0.00696402
-0.00824295
-0.00954682
-0.0108443
-0.0121841
-0.0134431
-0.0145966
-0.0158568
-0.0172373
-0.0185772
-0.0199091
-0.0213193
-0.0227554
-0.0241916
-0.0256619
-0.0271665
-0.0287125
-0.0303188
-0.0319748
-0.0336831
-0.0354627
-0.0373081
-0.0392158
-0.0411906
-0.0432445
-0.0453701
-0.0475718
-0.049853
-0.0522153
-0.0546711
-0.0572078
-0.0598571
-0.062583
-0.0654422
-0.0683823
-0.0714537
-0.0746714
-0.0779728
-0.0815623
0.0110377
0.0107699
0.00861963
0.00577987
0.00304545
0.000527242
-0.00136714
-0.00257641
-0.00359705
-0.00468164
-0.00579741
-0.00695938
-0.0082286
-0.00953232
-0.0108366
-0.0121813
-0.0134369
-0.0145862
-0.0158479
-0.0172303
-0.018569
-0.0198995
-0.0213095
-0.0227456
-0.0241821
-0.0256535
-0.02716
-0.0287076
-0.0303145
-0.0319709
-0.0336798
-0.0354602
-0.037306
-0.0392139
-0.0411889
-0.043243
-0.0453688
-0.0475707
-0.0498521
-0.0522146
-0.0546707
-0.0572075
-0.0598569
-0.0625828
-0.0654421
-0.0683821
-0.0714533
-0.074671
-0.0779724
-0.0815635
0.0106995
0.010493
0.00843963
0.00567054
0.00299441
0.000515675
-0.00138068
-0.00260092
-0.00362321
-0.00470634
-0.0058125
-0.00695751
-0.00821513
-0.00951769
-0.0108286
-0.0121784
-0.0134309
-0.014576
-0.015839
-0.0172233
-0.0185607
-0.0198897
-0.0212996
-0.0227356
-0.0241724
-0.0256449
-0.0271534
-0.0287025
-0.0303101
-0.0319668
-0.0336764
-0.0354575
-0.0373038
-0.0392119
-0.0411871
-0.0432415
-0.0453675
-0.0475696
-0.0498512
-0.0522139
-0.0546702
-0.0572072
-0.0598567
-0.0625827
-0.0654419
-0.0683819
-0.0714528
-0.0746706
-0.077972
-0.0815648
0.0103681
0.010214
0.00824996
0.0055513
0.00293283
0.000496181
-0.00139687
-0.00262437
-0.00364831
-0.00473267
-0.0058313
-0.00695871
-0.00820289
-0.00950314
-0.0108203
-0.0121753
-0.013425
-0.014566
-0.0158301
-0.0172162
-0.0185521
-0.0198798
-0.0212895
-0.0227255
-0.0241625
-0.0256362
-0.0271465
-0.0286973
-0.0303055
-0.0319626
-0.0336729
-0.0354548
-0.0373016
-0.0392099
-0.0411852
-0.0432399
-0.0453661
-0.0475684
-0.0498502
-0.0522132
-0.0546697
-0.0572069
-0.0598565
-0.0625825
-0.0654418
-0.0683817
-0.0714524
-0.0746702
-0.0779716
-0.081566
0.0100429
0.0099334
0.00804991
0.00542158
0.00286113
0.000468895
-0.00141654
-0.00264739
-0.0036721
-0.00476017
-0.00585367
-0.00696322
-0.00819221
-0.00948896
-0.0108118
-0.0121719
-0.0134192
-0.014556
-0.0158213
-0.017209
-0.0185435
-0.0198696
-0.0212792
-0.0227152
-0.0241524
-0.0256272
-0.0271395
-0.0286918
-0.0303008
-0.0319583
-0.0336693
-0.035452
-0.0372992
-0.0392078
-0.0411833
-0.0432382
-0.0453647
-0.0475672
-0.0498493
-0.0522125
-0.0546692
-0.0572065
-0.0598563
-0.0625824
-0.0654416
-0.0683814
-0.0714519
-0.0746698
-0.0779711
-0.0815672
0.00972128
0.00965173
0.00783943
0.00528061
0.00277955
0.000434254
-0.00144012
-0.00267073
-0.00369455
-0.00478851
-0.00587949
-0.00697121
-0.00818343
-0.00947544
-0.0108033
-0.0121684
-0.0134132
-0.0145462
-0.0158127
-0.0172019
-0.0185346
-0.0198592
-0.0212687
-0.0227048
-0.0241421
-0.0256181
-0.0271323
-0.0286862
-0.0302959
-0.0319538
-0.0336655
-0.0354491
-0.0372968
-0.0392056
-0.0411814
-0.0432365
-0.0453632
-0.0475659
-0.0498483
-0.0522117
-0.0546686
-0.0572062
-0.0598561
-0.0625822
-0.0654415
-0.0683812
-0.0714514
-0.0746693
-0.0779707
-0.0815683
0.00939907
0.00936964
0.00761913
0.00512762
0.00268785
0.000392746
-0.00146766
-0.00269516
-0.00371582
-0.00481735
-0.0059085
-0.00698272
-0.00817684
-0.0094629
-0.0107949
-0.0121647
-0.0134071
-0.0145364
-0.0158042
-0.0171949
-0.0185257
-0.0198485
-0.0212581
-0.0226942
-0.0241317
-0.0256088
-0.0271249
-0.0286804
-0.0302909
-0.0319492
-0.0336616
-0.035446
-0.0372943
-0.0392033
-0.0411794
-0.0432348
-0.0453617
-0.0475646
-0.0498472
-0.0522109
-0.0546681
-0.0572058
-0.0598558
-0.062582
-0.0654413
-0.0683809
-0.0714509
-0.0746689
-0.0779702
-0.0815695
0.00907242
0.00908719
0.00738995
0.00496188
0.00258515
0.000344665
-0.0014988
-0.00272137
-0.00373638
-0.00484649
-0.00594039
-0.00699765
-0.00817264
-0.00945158
-0.0107869
-0.012161
-0.0134007
-0.0145265
-0.015796
-0.0171881
-0.0185167
-0.0198377
-0.0212473
-0.0226835
-0.0241211
-0.0255993
-0.0271173
-0.0286744
-0.0302857
-0.0319444
-0.0336576
-0.0354429
-0.0372917
-0.0392009
-0.0411773
-0.043233
-0.0453601
-0.0475633
-0.0498461
-0.0522101
-0.0546675
-0.0572054
-0.0598556
-0.0625818
-0.0654411
-0.0683806
-0.0714504
-0.0746685
-0.0779697
-0.0815706
0.00873854
0.00880371
0.00715321
0.00478326
0.0024704
0.000289751
-0.00153302
-0.00274955
-0.00375686
-0.00487596
-0.00597496
-0.0070159
-0.00817103
-0.00944179
-0.0107794
-0.0121573
-0.0133942
-0.0145163
-0.0157878
-0.0171817
-0.0185077
-0.0198266
-0.0212363
-0.0226727
-0.0241104
-0.0255896
-0.0271095
-0.0286683
-0.0302803
-0.0319395
-0.0336535
-0.0354397
-0.0372891
-0.0391985
-0.0411751
-0.0432311
-0.0453585
-0.0475619
-0.049845
-0.0522093
-0.0546669
-0.057205
-0.0598553
-0.0625816
-0.0654409
-0.0683804
-0.0714498
-0.074668
-0.0779692
-0.0815716
0.00839564
0.00851796
0.00691047
0.00459227
0.00234277
0.000227253
-0.00156991
-0.00277952
-0.00377771
-0.00490584
-0.0060121
-0.00703732
-0.00817208
-0.00943383
-0.0107727
-0.0121538
-0.0133877
-0.0145057
-0.0157795
-0.0171756
-0.0184989
-0.0198153
-0.021225
-0.0226617
-0.0240995
-0.0255797
-0.0271015
-0.0286619
-0.0302748
-0.0319344
-0.0336492
-0.0354363
-0.0372863
-0.039196
-0.0411729
-0.0432292
-0.0453569
-0.0475605
-0.0498439
-0.0522084
-0.0546663
-0.0572045
-0.059855
-0.0625814
-0.0654406
-0.0683801
-0.0714492
-0.0746676
-0.0779687
-0.0815726
0.00804233
0.0082282
0.00666329
0.00438968
0.00220155
0.000156403
-0.00160927
-0.00281103
-0.00379931
-0.00493645
-0.00605186
-0.00706158
-0.00817566
-0.00942796
-0.0107669
-0.0121508
-0.0133814
-0.0144947
-0.015771
-0.01717
-0.0184905
-0.0198038
-0.0212135
-0.0226506
-0.0240884
-0.0255696
-0.0270933
-0.0286554
-0.0302691
-0.0319292
-0.0336447
-0.0354328
-0.0372834
-0.0391934
-0.0411705
-0.0432272
-0.0453552
-0.0475591
-0.0498427
-0.0522075
-0.0546657
-0.0572041
-0.0598547
-0.0625811
-0.0654404
-0.0683798
-0.0714486
-0.0746671
-0.0779681
-0.0815736
0.00767805
0.00793224
0.00641305
0.00417683
0.00204626
7.65029e-05
-0.00165125
-0.00284407
-0.00382175
-0.00496796
-0.00609449
-0.00708855
-0.00818151
-0.0094244
-0.0107624
-0.0121483
-0.0133755
-0.0144833
-0.015762
-0.0171647
-0.0184825
-0.0197923
-0.0212018
-0.0226394
-0.0240773
-0.0255594
-0.0270849
-0.0286487
-0.0302633
-0.0319238
-0.0336402
-0.0354292
-0.0372805
-0.0391907
-0.0411682
-0.0432251
-0.0453534
-0.0475576
-0.0498415
-0.0522065
-0.054665
-0.0572036
-0.0598544
-0.0625809
-0.0654402
-0.0683795
-0.071448
-0.0746667
-0.0779676
-0.0815745
0.00730434
0.00762818
0.00616045
0.00395598
0.0018768
-1.30902e-05
-0.00169581
-0.00287888
-0.00384503
-0.00500021
-0.00614035
-0.00711846
-0.00818923
-0.00942319
-0.0107594
-0.0121464
-0.0133702
-0.0144718
-0.0157522
-0.0171595
-0.0184752
-0.0197808
-0.0211898
-0.022628
-0.024066
-0.0255491
-0.0270764
-0.0286418
-0.0302573
-0.0319183
-0.0336354
-0.0354255
-0.0372774
-0.039188
-0.0411657
-0.043223
-0.0453516
-0.047556
-0.0498403
-0.0522056
-0.0546643
-0.0572031
-0.0598541
-0.0625806
-0.0654399
-0.0683791
-0.0714473
-0.0746662
-0.0779671
-0.0815754
0.00692383
0.00731912
0.00590455
0.00373034
0.00169405
-0.000112883
-0.00174263
-0.00291616
-0.00386986
-0.00503256
-0.00618965
-0.00715191
-0.00819834
-0.0094241
-0.0107583
-0.0121452
-0.0133657
-0.0144605
-0.0157416
-0.0171542
-0.0184685
-0.0197696
-0.0211775
-0.0226164
-0.0240547
-0.0255385
-0.0270676
-0.0286348
-0.0302511
-0.0319126
-0.0336305
-0.0354216
-0.0372743
-0.0391852
-0.0411632
-0.0432208
-0.0453497
-0.0475545
-0.049839
-0.0522046
-0.0546636
-0.0572026
-0.0598537
-0.0625804
-0.0654396
-0.0683788
-0.0714466
-0.0746657
-0.0779665
-0.0815762
0.00653845
0.00698192
0.00564246
0.00350338
0.00150011
-0.00022352
-0.00179128
-0.00295662
-0.00389768
-0.00506422
-0.00624212
-0.00718988
-0.00820858
-0.00942664
-0.0107595
-0.0121449
-0.0133621
-0.0144496
-0.0157302
-0.0171484
-0.0184625
-0.0197589
-0.021165
-0.0226045
-0.0240432
-0.0255279
-0.0270587
-0.0286275
-0.0302448
-0.0319068
-0.0336255
-0.0354176
-0.037271
-0.0391822
-0.0411606
-0.0432186
-0.0453478
-0.0475528
-0.0498376
-0.0522035
-0.0546629
-0.0572021
-0.0598534
-0.0625801
-0.0654393
-0.0683785
-0.0714459
-0.0746652
-0.077966
-0.0815769
0.00615326
0.00662626
0.00537079
0.00327676
0.00129802
-0.000345448
-0.00184127
-0.00300016
-0.00393049
-0.00509482
-0.00629662
-0.00723342
-0.00822024
-0.00942995
-0.0107632
-0.0121459
-0.0133593
-0.0144395
-0.0157182
-0.0171419
-0.018457
-0.0197489
-0.0211525
-0.0225923
-0.0240316
-0.0255172
-0.0270496
-0.0286201
-0.0302384
-0.0319008
-0.0336203
-0.0354135
-0.0372677
-0.0391792
-0.0411579
-0.0432163
-0.0453459
-0.0475512
-0.0498363
-0.0522025
-0.0546621
-0.0572015
-0.059853
-0.0625798
-0.065439
-0.0683781
-0.0714452
-0.0746647
-0.0779654
-0.0815776
0.00577313
0.00625276
0.00508446
0.00304963
0.00109164
-0.000478458
-0.00189256
-0.00304567
-0.00397063
-0.00512493
-0.00635122
-0.00728328
-0.00823436
-0.00943311
-0.0107691
-0.0121488
-0.0133573
-0.0144304
-0.015706
-0.0171343
-0.0184518
-0.0197398
-0.0211402
-0.0225798
-0.0240197
-0.0255063
-0.0270404
-0.0286125
-0.0302318
-0.0318947
-0.0336149
-0.0354092
-0.0372642
-0.0391762
-0.0411551
-0.0432139
-0.0453439
-0.0475494
-0.0498349
-0.0522014
-0.0546613
-0.0572009
-0.0598526
-0.0625795
-0.0654386
-0.0683777
-0.0714445
-0.0746642
-0.0779648
-0.0815782
0.00540183
0.00586566
0.00478
0.00281965
0.000884036
-0.000622024
-0.00194583
-0.00309091
-0.00401992
-0.00515682
-0.00640399
-0.00733939
-0.00825252
-0.00943544
-0.0107767
-0.0121541
-0.0133563
-0.0144223
-0.0156938
-0.0171257
-0.0184464
-0.0197315
-0.0211283
-0.0225671
-0.0240076
-0.0254953
-0.0270311
-0.0286048
-0.030225
-0.0318884
-0.0336094
-0.0354048
-0.0372607
-0.039173
-0.0411522
-0.0432115
-0.0453418
-0.0475477
-0.0498334
-0.0522002
-0.0546605
-0.0572003
-0.0598522
-0.0625792
-0.0654383
-0.0683774
-0.0714437
-0.0746637
-0.0779643
-0.0815788
0.0050419
0.00547135
0.00445634
0.00258319
0.000676635
-0.000774976
-0.00200277
-0.00313359
-0.00407839
-0.00519365
-0.00645335
-0.00740023
-0.00827641
-0.00943694
-0.0107849
-0.0121622
-0.0133565
-0.0144151
-0.0156821
-0.0171163
-0.0184404
-0.0197239
-0.0211172
-0.0225543
-0.0239951
-0.0254842
-0.0270217
-0.028597
-0.0302181
-0.031882
-0.0336037
-0.0354003
-0.037257
-0.0391697
-0.0411493
-0.0432089
-0.0453397
-0.0475459
-0.0498319
-0.0521991
-0.0546597
-0.0571997
-0.0598518
-0.0625788
-0.0654379
-0.068377
-0.0714429
-0.0746632
-0.0779637
-0.0815793
0.00469365
0.00507748
0.00411407
0.00233577
0.000469699
-0.000935715
-0.00206607
-0.00317151
-0.00414333
-0.00523921
-0.00649955
-0.00746345
-0.00830735
-0.00943851
-0.0107925
-0.0121732
-0.0133587
-0.0144085
-0.0156712
-0.0171064
-0.0184335
-0.0197168
-0.0211071
-0.0225417
-0.0239822
-0.0254728
-0.0270122
-0.028589
-0.0302112
-0.0318755
-0.0335979
-0.0353956
-0.0372533
-0.0391664
-0.0411463
-0.0432063
-0.0453375
-0.047544
-0.0498304
-0.0521978
-0.0546588
-0.057199
-0.0598513
-0.0625785
-0.0654375
-0.0683766
-0.0714421
-0.0746626
-0.0779632
-0.0815797
0.00435836
0.00469321
0.00375842
0.00207367
0.000260937
-0.00110339
-0.00213881
-0.0032037
-0.00421046
-0.00529654
-0.00654524
-0.0075266
-0.00834545
-0.00944158
-0.0107987
-0.0121867
-0.0133634
-0.0144026
-0.0156611
-0.0170966
-0.0184255
-0.0197097
-0.021098
-0.0225295
-0.023969
-0.025461
-0.0270026
-0.028581
-0.0302041
-0.0318688
-0.0335919
-0.0353907
-0.0372494
-0.039163
-0.0411432
-0.0432037
-0.0453352
-0.0475421
-0.0498288
-0.0521966
-0.0546579
-0.0571984
-0.0598508
-0.0625781
-0.0654371
-0.0683761
-0.0714413
-0.0746621
-0.0779626
-0.08158
0.00403956
0.00432948
0.00339926
0.00179589
4.4697e-05
-0.00127913
-0.00222412
-0.00323158
-0.00427415
-0.00536562
-0.00659428
-0.0075881
-0.00838935
-0.00944752
-0.0108031
-0.0122022
-0.0133714
-0.0143973
-0.0156514
-0.0170874
-0.0184167
-0.0197019
-0.02109
-0.0225182
-0.0239555
-0.0254488
-0.0269928
-0.028573
-0.0301969
-0.031862
-0.0335857
-0.0353857
-0.0372455
-0.0391595
-0.04114
-0.043201
-0.045333
-0.0475401
-0.0498272
-0.0521953
-0.0546569
-0.0571977
-0.0598503
-0.0625777
-0.0654366
-0.0683757
-0.0714404
-0.0746615
-0.077962
-0.0815803
0.0037386
0.00399753
0.00304986
0.00150398
-0.000184705
-0.00146623
-0.00232536
-0.00325874
-0.00432799
-0.00544278
-0.0066516
-0.00764897
-0.00843706
-0.00945696
-0.0108061
-0.0122186
-0.013383
-0.0143932
-0.0156418
-0.0170792
-0.0184076
-0.0196931
-0.0210826
-0.0225082
-0.023942
-0.025436
-0.0269828
-0.0285649
-0.0301898
-0.0318552
-0.0335794
-0.0353805
-0.0372415
-0.039156
-0.0411368
-0.0431982
-0.0453306
-0.0475381
-0.0498256
-0.052194
-0.054656
-0.0571969
-0.0598498
-0.0625773
-0.0654361
-0.0683753
-0.0714396
-0.0746609
-0.0779615
-0.0815806
0.00345262
0.00370176
0.00272212
0.00120518
-0.000428754
-0.00166946
-0.00244697
-0.00328993
-0.00436732
-0.00552226
-0.00672088
-0.00771228
-0.00848694
-0.00946933
-0.0108082
-0.0122356
-0.0133984
-0.0143907
-0.0156319
-0.0170722
-0.0183988
-0.0196828
-0.0210753
-0.0224996
-0.0239288
-0.0254226
-0.0269725
-0.0285569
-0.0301827
-0.0318482
-0.0335729
-0.0353752
-0.0372373
-0.0391524
-0.0411335
-0.0431953
-0.0453282
-0.0475361
-0.0498239
-0.0521927
-0.0546549
-0.0571962
-0.0598492
-0.0625769
-0.0654356
-0.0683748
-0.0714387
-0.0746603
-0.0779609
-0.0815807
0.00317589
0.0034433
0.00242387
0.000908819
-0.000686483
-0.00189184
-0.00259366
-0.00333154
-0.00439187
-0.00559573
-0.00680167
-0.00778259
-0.00853919
-0.00948323
-0.0108093
-0.0122529
-0.0134176
-0.0143905
-0.0156214
-0.0170661
-0.0183911
-0.0196712
-0.0210675
-0.0224926
-0.0239165
-0.0254086
-0.0269617
-0.0285489
-0.0301756
-0.0318412
-0.0335662
-0.0353697
-0.0372331
-0.0391487
-0.04113
-0.0431923
-0.0453258
-0.047534
-0.0498222
-0.0521913
-0.0546539
-0.0571954
-0.0598487
-0.0625765
-0.0654351
-0.0683743
-0.0714379
-0.0746597
-0.0779604
-0.0815808
0.00289708
0.00321397
0.0021606
0.000624225
-0.000951389
-0.00213277
-0.00276913
-0.0033915
-0.0044053
-0.00565403
-0.0068897
-0.00786507
-0.00859655
-0.00949709
-0.0108083
-0.0122707
-0.0134406
-0.0143931
-0.0156102
-0.0170603
-0.0183852
-0.0196587
-0.0210583
-0.0224869
-0.0239056
-0.0253941
-0.0269501
-0.0285409
-0.0301688
-0.0318342
-0.0335594
-0.0353641
-0.0372288
-0.039145
-0.0411266
-0.0431893
-0.0453233
-0.0475319
-0.0498204
-0.0521899
-0.0546528
-0.0571946
-0.0598481
-0.062576
-0.0654346
-0.0683738
-0.071437
-0.0746591
-0.0779599
-0.0815809
0.00259793
0.00299628
0.00193159
0.000361109
-0.00121553
-0.00238972
-0.00297476
-0.00347744
-0.00441333
-0.00569137
-0.00697813
-0.00796205
-0.0086635
-0.00951083
-0.0108029
-0.0122887
-0.0134681
-0.0143987
-0.0155985
-0.0170543
-0.0183815
-0.0196462
-0.0210472
-0.022482
-0.0238965
-0.0253796
-0.0269377
-0.0285326
-0.0301621
-0.0318273
-0.0335524
-0.0353582
-0.0372244
-0.0391413
-0.041123
-0.0431863
-0.0453207
-0.0475298
-0.0498186
-0.0521884
-0.0546518
-0.0571938
-0.0598474
-0.0625755
-0.065434
-0.0683733
-0.0714361
-0.0746585
-0.0779593
-0.0815808
0.00227273
0.00279862
0.00175812
0.000127682
-0.00146967
-0.00265495
-0.00320863
-0.00359568
-0.0044248
-0.00570717
-0.00705678
-0.00807098
-0.00874619
-0.00952736
-0.0107902
-0.0123052
-0.013501
-0.0144079
-0.0155862
-0.0170476
-0.01838
-0.0196344
-0.021034
-0.0224771
-0.0238896
-0.0253656
-0.0269243
-0.028524
-0.0301558
-0.0318206
-0.0335452
-0.0353522
-0.03722
-0.0391375
-0.0411195
-0.0431831
-0.0453181
-0.0475276
-0.0498167
-0.0521869
-0.0546506
-0.0571929
-0.0598468
-0.062575
-0.0654334
-0.0683728
-0.0714353
-0.0746578
-0.0779588
-0.0815807
0.00192315
0.00253556
0.00156125
-7.69853e-05
-0.00170355
-0.00291816
-0.00346654
-0.00375082
-0.00445022
-0.00570481
-0.00711587
-0.0081863
-0.00884966
-0.00955197
-0.0107679
-0.0123169
-0.0135404
-0.0144217
-0.0155732
-0.0170398
-0.0183805
-0.0196243
-0.0210189
-0.0224712
-0.0238847
-0.0253526
-0.0269099
-0.0285147
-0.0301497
-0.0318142
-0.033538
-0.0353459
-0.0372155
-0.0391337
-0.0411158
-0.0431799
-0.0453155
-0.0475253
-0.0498148
-0.0521854
-0.0546495
-0.057192
-0.0598461
-0.0625745
-0.0654328
-0.0683722
-0.0714344
-0.0746571
-0.0779582
-0.0815806
0.0015679
0.00224118
0.00135918
-0.000253604
-0.00190763
-0.00316881
-0.00374045
-0.00394431
-0.00449906
-0.00569045
-0.00715004
-0.00829846
-0.00897423
-0.00959276
-0.0107365
-0.0123188
-0.0135866
-0.0144423
-0.0155592
-0.0170303
-0.0183827
-0.0196168
-0.0210025
-0.0224636
-0.0238816
-0.0253414
-0.0268949
-0.0285044
-0.0301438
-0.0318082
-0.0335307
-0.0353394
-0.0372108
-0.0391299
-0.0411121
-0.0431766
-0.0453128
-0.0475231
-0.0498129
-0.0521839
-0.0546483
-0.0571911
-0.0598454
-0.062574
-0.0654322
-0.0683716
-0.0714335
-0.0746564
-0.0779577
-0.0815804
0.00122107
0.00191862
0.00113357
-0.000414297
-0.00207665
-0.00339476
-0.00401818
-0.00417359
-0.00457994
-0.00567386
-0.00715918
-0.00839523
-0.00911465
-0.00965943
-0.010701
-0.0123045
-0.0136376
-0.0144724
-0.0155445
-0.0170185
-0.018386
-0.0196121
-0.0209857
-0.0224535
-0.0238793
-0.0253326
-0.0268797
-0.0284929
-0.0301379
-0.0318027
-0.0335234
-0.0353326
-0.0372061
-0.0391262
-0.0411085
-0.0431733
-0.04531
-0.0475208
-0.049811
-0.0521823
-0.0546471
-0.0571902
-0.0598447
-0.0625734
-0.0654316
-0.0683711
-0.0714326
-0.0746557
-0.0779571
-0.0815802
0.000885038
0.00157861
0.000874819
-0.00057954
-0.00221258
-0.00358494
-0.00428519
-0.00443267
-0.00470037
-0.00566556
-0.00714634
-0.00846696
-0.00926224
-0.00975883
-0.0106695
-0.0122683
-0.0136887
-0.0145154
-0.0155302
-0.017003
-0.0183904
-0.0196103
-0.0209695
-0.0224411
-0.0238771
-0.0253264
-0.026865
-0.0284801
-0.0301317
-0.0317979
-0.0335164
-0.0353255
-0.0372012
-0.0391224
-0.0411048
-0.0431699
-0.0453072
-0.0475185
-0.049809
-0.0521807
-0.0546458
-0.0571893
-0.0598439
-0.0625728
-0.065431
-0.0683705
-0.0714318
-0.074655
-0.0779565
-0.0815799
0.000554045
0.00123145
0.00058539
-0.000767584
-0.00232769
-0.00373362
-0.00452669
-0.00471035
-0.00486489
-0.00567529
-0.00711811
-0.00850976
-0.00940327
-0.00989083
-0.0106545
-0.0122089
-0.0137323
-0.014574
-0.0155189
-0.0169825
-0.0183951
-0.0196115
-0.0209547
-0.0224267
-0.0238738
-0.0253227
-0.0268516
-0.0284659
-0.0301249
-0.0317938
-0.0335097
-0.0353182
-0.0371962
-0.0391188
-0.0411011
-0.0431665
-0.0453044
-0.0475161
-0.049807
-0.0521791
-0.0546446
-0.0571883
-0.0598432
-0.0625722
-0.0654303
-0.0683698
-0.0714309
-0.0746543
-0.077956
-0.0815795
0.000220143
0.000877102
0.000277642
-0.000985831
-0.00244127
-0.00384161
-0.00472923
-0.00498938
-0.00507267
-0.00571312
-0.00708375
-0.00852496
-0.00952266
-0.0100477
-0.0106708
-0.0121315
-0.0137584
-0.0146481
-0.0155153
-0.0169557
-0.0183991
-0.0196158
-0.0209418
-0.022411
-0.0238685
-0.0253207
-0.0268404
-0.0284508
-0.0301169
-0.0317903
-0.0335035
-0.0353107
-0.0371909
-0.0391151
-0.0410975
-0.0431631
-0.0453015
-0.0475138
-0.049805
-0.0521774
-0.0546433
-0.0571873
-0.0598424
-0.0625716
-0.0654296
-0.0683692
-0.07143
-0.0746535
-0.0779554
-0.0815792
-0.000116474
0.000510107
-3.71838e-05
-0.00122997
-0.00257036
-0.00391844
-0.00488519
-0.00524998
-0.0053171
-0.00578931
-0.00705237
-0.00851648
-0.00961027
-0.010217
-0.0107298
-0.012046
-0.0137555
-0.0147329
-0.0155251
-0.0169223
-0.0184006
-0.0196234
-0.0209311
-0.022395
-0.023861
-0.0253198
-0.0268319
-0.0284353
-0.0301075
-0.0317872
-0.0334982
-0.0353031
-0.0371854
-0.0391115
-0.041094
-0.0431596
-0.0452987
-0.0475114
-0.049803
-0.0521757
-0.054642
-0.0571863
-0.0598416
-0.062571
-0.0654289
-0.0683686
-0.0714292
-0.0746528
-0.0779548
-0.0815787
-0.000451753
0.000120883
-0.000360531
-0.00148935
-0.00272331
-0.00398099
-0.00499539
-0.00547503
-0.00558423
-0.00591124
-0.00703254
-0.00849202
-0.00966382
-0.0103802
-0.0108341
-0.0119687
-0.0137168
-0.0148204
-0.0155547
-0.0168845
-0.018397
-0.0196343
-0.0209228
-0.0223793
-0.0238513
-0.0253186
-0.0268264
-0.0284202
-0.0300965
-0.0317842
-0.0334938
-0.0352955
-0.0371796
-0.039108
-0.0410905
-0.0431561
-0.0452957
-0.047509
-0.049801
-0.0521741
-0.0546406
-0.0571853
-0.0598408
-0.0625703
-0.0654283
-0.0683679
-0.0714284
-0.074652
-0.0779542
-0.0815783
-0.000778437
-0.000290298
-0.000699634
-0.00175044
-0.00289723
-0.00404584
-0.00506722
-0.00565363
-0.00585175
-0.00608003
-0.00703384
-0.00845974
-0.0096862
-0.0105174
-0.0109759
-0.0119186
-0.013644
-0.0148988
-0.0156079
-0.0168469
-0.0183854
-0.0196478
-0.0209173
-0.0223647
-0.0238402
-0.0253161
-0.0268236
-0.0284066
-0.0300838
-0.0317807
-0.0334904
-0.0352882
-0.0371735
-0.0391043
-0.0410873
-0.0431527
-0.0452928
-0.0475067
-0.049799
-0.0521724
-0.0546393
-0.0571842
-0.05984
-0.0625696
-0.0654276
-0.0683673
-0.0714275
-0.0746513
-0.0779536
-0.0815778
-0.00109201
-0.000715971
-0.00106227
-0.00200705
-0.00308203
-0.00412393
-0.00511661
-0.00578448
-0.00609615
-0.00628937
-0.00706785
-0.00842777
-0.00968475
-0.0106177
-0.0111414
-0.0119121
-0.0135462
-0.0149532
-0.015683
-0.016816
-0.0183636
-0.0196623
-0.0209151
-0.0223513
-0.0238283
-0.0253116
-0.0268227
-0.0283954
-0.0300699
-0.0317764
-0.0334881
-0.0352814
-0.0371671
-0.0391006
-0.0410842
-0.0431494
-0.0452898
-0.0475043
-0.0497969
-0.0521707
-0.0546379
-0.0571832
-0.0598391
-0.062569
-0.0654269
-0.0683666
-0.0714267
-0.0746505
-0.077953
-0.0815773
-0.00139027
-0.00114378
-0.00145363
-0.00226874
-0.00326721
-0.00421527
-0.00515544
-0.00587069
-0.00629658
-0.00652063
-0.00714005
-0.00840016
-0.0096674
-0.0106782
-0.0113074
-0.0119559
-0.0134398
-0.0149711
-0.0157727
-0.0167998
-0.0183316
-0.0196751
-0.0209169
-0.0223393
-0.0238166
-0.025305
-0.0268228
-0.0283872
-0.0300553
-0.0317706
-0.0334866
-0.0352754
-0.0371605
-0.0390967
-0.0410813
-0.0431461
-0.0452868
-0.0475019
-0.0497949
-0.0521689
-0.0546366
-0.0571821
-0.0598383
-0.0625683
-0.0654262
-0.0683659
-0.0714259
-0.0746497
-0.0779524
-0.0815767
-0.00167193
-0.00154694
-0.00186475
-0.00254839
-0.00345642
-0.00432216
-0.00519891
-0.00593531
-0.00645625
-0.00675947
-0.00725553
-0.00838847
-0.00964668
-0.0107053
-0.0114528
-0.012046
-0.0133477
-0.0149484
-0.0158663
-0.0168058
-0.0182927
-0.0196831
-0.0209229
-0.0223288
-0.0238056
-0.0252967
-0.0268226
-0.0283821
-0.0300411
-0.0317632
-0.0334857
-0.0352704
-0.0371539
-0.0390926
-0.0410787
-0.043143
-0.0452838
-0.0474996
-0.0497929
-0.0521673
-0.0546352
-0.057181
-0.0598375
-0.0625676
-0.0654255
-0.0683653
-0.0714251
-0.074649
-0.0779517
-0.0815762
-0.00196223
-0.00188555
-0.00222136
-0.00281174
-0.00362573
-0.0044265
-0.00523594
-0.00597236
-0.00656169
-0.00696723
-0.00740251
-0.00839374
-0.00962212
-0.0107035
-0.0115593
-0.012168
-0.0132876
-0.0148889
-0.0159473
-0.0168361
-0.0182517
-0.0196825
-0.0209326
-0.0223204
-0.0237955
-0.0252874
-0.0268211
-0.0283798
-0.0300282
-0.0317542
-0.0334848
-0.0352667
-0.0371475
-0.0390881
-0.0410762
-0.0431402
-0.0452809
-0.0474972
-0.0497909
-0.0521655
-0.0546338
-0.0571799
-0.0598366
-0.0625669
-0.0654248
-0.0683646
-0.0714243
-0.0746482
-0.0779511
-0.0815756
-0.00235673
-0.0023738
-0.00268262
-0.00313061
-0.00380758
-0.0045378
-0.00528605
-0.00601427
-0.00664286
-0.00714504
-0.00757522
-0.00842716
-0.00960319
-0.0106917
-0.0116292
-0.0123062
-0.0132727
-0.0148078
-0.0160041
-0.0168883
-0.0182169
-0.0196719
-0.0209446
-0.0223148
-0.0237863
-0.0252782
-0.0268179
-0.0283795
-0.0300175
-0.0317437
-0.0334836
-0.035264
-0.0371418
-0.0390833
-0.0410739
-0.0431375
-0.045278
-0.047495
-0.049789
-0.0521641
-0.0546325
-0.057179
-0.0598358
-0.0625663
-0.0654241
-0.068364
-0.0714236
-0.0746474
-0.0779504
-0.0815749
-0.00236703
-0.0025262
-0.00295206
-0.0034229
-0.00399475
-0.00464336
-0.00533699
-0.00605367
-0.00670079
-0.00727597
-0.0077455
-0.00848715
-0.00958892
-0.0106721
-0.0116616
-0.0124294
-0.0132982
-0.0147195
-0.0160253
-0.0169533
-0.0181943
-0.0196512
-0.020956
-0.0223125
-0.0237778
-0.0252697
-0.026813
-0.0283804
-0.0300094
-0.0317323
-0.0334814
-0.0352622
-0.0371288
-0.039078
-0.0410716
-0.0431351
-0.0452752
-0.0474927
-0.0497871
-0.0521615
-0.054631
-0.0571778
-0.0598349
-0.0625656
-0.0654234
-0.0683633
-0.0714228
-0.0746467
-0.0779498
-0.0815743
-0.00302825
-0.00300732
-0.00327823
-0.00365563
-0.00413615
-0.00472661
-0.00538167
-0.00608353
-0.00674127
-0.00736321
-0.00789403
-0.00856527
-0.00958193
-0.0106549
-0.0116726
-0.0125288
-0.013357
-0.0146479
-0.0160158
-0.0170215
-0.0181888
-0.0196241
-0.0209651
-0.0223136
-0.0237701
-0.0252625
-0.0268073
-0.0283819
-0.0300044
-0.0317213
-0.033479
-0.0352622
-0.0371246
-0.0390729
-0.0410695
-0.0431331
-0.0452726
-0.0474905
-0.0497851
-0.0521601
-0.0546298
-0.0571769
-0.0598342
-0.062565
-0.0654229
-0.0683628
-0.0714221
-0.0746459
-0.0779491
-0.0815737
-0.0033241
-0.00357774
-0.00375053
-0.00395694
-0.00429202
-0.00481406
-0.00543479
-0.00611951
-0.0067839
-0.00743182
-0.00802249
-0.0086604
-0.00958875
-0.010641
-0.0116699
-0.0125974
-0.0134311
-0.0145994
-0.0159814
-0.0170793
-0.0181983
-0.0195943
-0.0209697
-0.0223171
-0.0237627
-0.025256
-0.0268002
-0.0283819
-0.0300013
-0.0317099
-0.0334741
-0.0352619
-0.0371205
-0.0390678
-0.0410675
-0.0431314
-0.0452702
-0.0474886
-0.0497835
-0.0521586
-0.0546285
-0.0571759
-0.0598335
-0.0625644
-0.0654222
-0.0683622
-0.0714215
-0.0746452
-0.0779484
-0.081573
-0.00327555
-0.00324381
-0.00357895
-0.00401875
-0.00444831
-0.00492559
-0.00548532
-0.00613909
-0.00680709
-0.00746666
-0.00810635
-0.00874458
-0.00960185
-0.0106267
-0.0116574
-0.0126366
-0.0135054
-0.0145753
-0.0159365
-0.0171231
-0.0182193
-0.0195682
-0.0209709
-0.0223233
-0.0237579
-0.0252522
-0.0267948
-0.0283826
-0.0300017
-0.0317019
-0.0334702
-0.0352628
-0.0371177
-0.0390631
-0.0410652
-0.0431295
-0.0452677
-0.0474864
-0.049781
-0.0521567
-0.0546271
-0.0571749
-0.0598326
-0.0625638
-0.0654216
-0.0683616
-0.0714208
-0.0746444
-0.0779476
-0.0815723
-0.00385092
-0.00408351
-0.00415599
-0.00428231
-0.00453641
-0.00496727
-0.0055237
-0.00616627
-0.00683542
-0.00749505
-0.00816163
-0.00881988
-0.00962592
-0.0106218
-0.011648
-0.0126514
-0.0135656
-0.0145751
-0.0158876
-0.0171448
-0.0182453
-0.0195473
-0.0209665
-0.0223281
-0.0237528
-0.0252484
-0.0267882
-0.0283803
-0.0300019
-0.0316943
-0.0334647
-0.0352634
-0.0371155
-0.0390601
-0.0410639
-0.0431288
-0.0452663
-0.0474853
-0.0497797
-0.0521558
-0.0546264
-0.0571744
-0.0598322
-0.0625634
-0.0654213
-0.0683613
-0.0714204
-0.0746439
-0.0779472
-0.0815718
-0.00420622
-0.00405257
-0.00405719
-0.0042247
-0.00453532
-0.00498181
-0.0055401
-0.0061778
-0.00684764
-0.00750839
-0.00818135
-0.00886048
-0.00964956
-0.0106245
-0.0116473
-0.0126518
-0.0135949
-0.0145932
-0.0158625
-0.0171456
-0.0182673
-0.0195403
-0.0209614
-0.0223317
-0.0237506
-0.0252472
-0.0267857
-0.0283781
-0.0300029
-0.0316908
-0.0334589
-0.035262
-0.0371134
-0.0390544
-0.0410608
-0.0431268
-0.045264
-0.0474834
-0.0497747
-0.0521534
-0.0546246
-0.0571731
-0.0598312
-0.0625627
-0.0654206
-0.0683606
-0.0714196
-0.0746427
-0.0779458
-0.0815707
)
;

boundaryField
{
    zeroGradientPlanes
    {
        type            zeroGradient;
    }
    inlet
    {
        type            zeroGradient;
    }
    plate
    {
        type            zeroGradient;
    }
    frontAndBack
    {
        type            empty;
    }
}


// ************************************************************************* //
