/*--------------------------------*- C++ -*----------------------------------*\
| =========                 |                                                 |
| \\      /  F ield         | OpenFOAM: The Open Source CFD Toolbox           |
|  \\    /   O peration     | Version:  v2012                                 |
|   \\  /    A nd           | Website:  www.openfoam.com                      |
|    \\/     M anipulation  |                                                 |
\*---------------------------------------------------------------------------*/
FoamFile
{
    version     2.0;
    format      ascii;
    class       volScalarField;
    location    "4.6";
    object      p;
}
// * * * * * * * * * * * * * * * * * * * * * * * * * * * * * * * * * * * * * //

dimensions      [0 2 -2 0 0 0 0];


internalField   nonuniform List<scalar> 
7000
(
-7.98961e-09
0.000702083
0.000671547
0.00190099
-0.00256393
0.00315286
0.00634956
0.00992196
0.0129379
0.0145269
0.0141759
0.0161012
0.0162471
0.0175106
0.0168405
0.0191369
0.0196015
0.0229487
0.0250292
0.0303092
-1.18682e-06
0.000703495
0.000675546
0.0019103
-0.00255544
0.00314419
0.00634645
0.00993284
0.0129344
0.0145259
0.0141732
0.0160888
0.0162493
0.017493
0.0168588
0.0191189
0.0196255
0.0229179
0.0250542
0.0300672
-1.62854e-06
0.000713083
0.000680871
0.00191603
-0.00253903
0.00312722
0.00634515
0.00995229
0.0129272
0.014527
0.0141664
0.0160755
0.0162483
0.017469
0.0168886
0.0190875
0.0196659
0.0228625
0.0250789
0.0296795
2.32005e-07
0.000732481
0.000683585
0.00192111
-0.00250852
0.00311393
0.0063435
0.00997703
0.0129174
0.0145275
0.0141559
0.0160594
0.0162444
0.0174401
0.0169262
0.0190489
0.0197159
0.022795
0.0250842
0.0292801
4.99285e-06
0.000758871
0.000681597
0.00192558
-0.00246097
0.00310648
0.00633997
0.0100048
0.012906
0.014525
0.0141428
0.0160396
0.01624
0.0174075
0.0169693
0.0190056
0.0197724
0.0227196
0.0250706
0.0289043
1.18681e-05
0.000789744
0.00067455
0.00193121
-0.0023972
0.0031035
0.00633484
0.0100341
0.0128942
0.0145189
0.0141287
0.0160159
0.0162368
0.0173712
0.0170163
0.018959
0.0198329
0.0226388
0.0250405
0.0285547
2.01976e-05
0.000824341
0.000664058
0.00193925
-0.00232033
0.00310528
0.00632895
0.010064
0.0128826
0.0145093
0.0141144
0.0159879
0.0162358
0.0173306
0.0170667
0.0189094
0.0198951
0.0225547
0.0249944
0.0282254
2.90743e-05
0.00086298
0.000653051
0.00195002
-0.00223353
0.00311297
0.00632277
0.0100935
0.0128713
0.0144959
0.0140999
0.0159553
0.0162372
0.0172853
0.0171199
0.0188569
0.0199562
0.0224693
0.0249316
0.0279117
3.77125e-05
0.00090653
0.000644699
0.0019628
-0.00213938
0.00312634
0.00631612
0.0101218
0.01286
0.0144782
0.0140852
0.0159178
0.0162409
0.0172352
0.0171753
0.018802
0.0200138
0.0223846
0.0248512
0.0276112
4.56461e-05
0.000955912
0.000641483
0.00197662
-0.0020401
0.00314348
0.00630875
0.0101479
0.0128484
0.0144556
0.0140698
0.0158752
0.0162471
0.0171802
0.0172318
0.0187457
0.0200652
0.0223024
0.0247534
0.027322
5.27855e-05
0.00101165
0.000644593
0.00199095
-0.00193754
0.0031619
0.0063006
0.0101711
0.0128361
0.0144275
0.0140537
0.015827
0.0162558
0.0171206
0.0172881
0.0186894
0.0201076
0.0222236
0.0246389
0.0270421
5.93618e-05
0.00107363
0.000653879
0.00200587
-0.00183252
0.00317996
0.00629183
0.0101906
0.0128229
0.0143933
0.0140367
0.0157732
0.0162668
0.0170568
0.0173426
0.0186347
0.0201384
0.0221485
0.024509
0.0267691
6.57978e-05
0.00114108
0.000668205
0.00202175
-0.00172444
0.00319768
0.00628269
0.0102058
0.0128085
0.0143527
0.0140189
0.0157137
0.0162799
0.0169894
0.0173936
0.0185829
0.0201555
0.0220765
0.0243652
0.0265001
7.25651e-05
0.00121283
0.000686043
0.00203894
-0.00161142
0.00321654
0.00627354
0.0102161
0.0127928
0.0143054
0.0140004
0.0156486
0.0162946
0.0169197
0.0174389
0.0185355
0.0201576
0.0220063
0.0242093
0.0262326
8.00644e-05
0.00128764
0.000706026
0.00205752
-0.00149096
0.00323863
0.00626492
0.0102213
0.0127759
0.0142513
0.0139816
0.0155783
0.0163102
0.016849
0.0174766
0.0184932
0.020144
0.0219356
0.0240428
0.0259642
8.85624e-05
0.00136441
0.000727289
0.00207729
-0.00136091
0.0032656
0.00625755
0.0102214
0.0127581
0.0141906
0.0139626
0.0155033
0.0163253
0.0167792
0.0175046
0.0184564
0.020115
0.0218619
0.0238669
0.0256929
9.81939e-05
0.00144241
0.000749532
0.00209795
-0.00122035
0.0032981
0.00625219
0.0102168
0.01274
0.0141234
0.0139435
0.0154244
0.0163386
0.0167123
0.0175214
0.0184248
0.0200715
0.0217829
0.023683
0.0254174
0.000109003
0.0015212
0.000772885
0.00211927
-0.0010698
0.00333559
0.00624943
0.0102078
0.0127226
0.0140501
0.0139243
0.0153428
0.0163482
0.0166499
0.017526
0.0183973
0.0200145
0.0216963
0.0234922
0.0251369
0.00012099
0.00160057
0.000797717
0.00214114
-0.000910785
0.00337678
0.00624956
0.0101948
0.0127065
0.0139711
0.0139044
0.01526
0.0163521
0.0165931
0.017518
0.0183725
0.0199455
0.0216
0.0232951
0.0248513
0.000134158
0.00168044
0.000824465
0.00216352
-0.000745175
0.00342011
0.00625269
0.0101781
0.0126924
0.013887
0.013883
0.0151777
0.0163488
0.0165424
0.0174973
0.0183484
0.0198662
0.0214925
0.0230921
0.0245611
0.000148526
0.00176076
0.000853528
0.00218641
-0.000574699
0.00346423
0.00625882
0.0101579
0.0126807
0.0137987
0.0138588
0.0150978
0.0163371
0.0164977
0.0174646
0.0183227
0.0197781
0.0213724
0.0228833
0.0242673
0.000164144
0.00184149
0.000885231
0.00220983
-0.000400652
0.00350815
0.006268
0.0101344
0.0126714
0.0137072
0.0138303
0.0150217
0.0163164
0.0164582
0.0174209
0.0182928
0.0196824
0.0212395
0.0226687
0.0239706
0.000181084
0.0019225
0.000919837
0.00223378
-0.000223842
0.00355123
0.00628025
0.0101077
0.012664
0.0136139
0.0137957
0.0149503
0.0162864
0.0164228
0.0173673
0.0182559
0.0195801
0.0210941
0.022448
0.0236719
0.000199442
0.00200366
0.000957561
0.00225826
-4.47132e-05
0.0035931
0.00629556
0.010078
0.012658
0.0135203
0.0137536
0.0148843
0.0162473
0.01639
0.0173061
0.0182091
0.0194709
0.0209376
0.0222215
0.0233717
0.000219333
0.00208476
0.000998574
0.00228327
0.000136509
0.00363354
0.00631395
0.0100457
0.0126525
0.0134283
0.0137029
0.0148239
0.0161995
0.0163565
0.0172403
0.0181514
0.0193523
0.0207715
0.0219906
0.0230708
0.000240878
0.00216559
0.00104305
0.00230885
0.000319744
0.00367246
0.00633527
0.0100114
0.012646
0.0133394
0.0136426
0.0147683
0.0161456
0.0163183
0.0171696
0.0180868
0.0192208
0.0205943
0.0217588
0.0227696
0.000264204
0.00224591
0.00109121
0.00233501
0.000504929
0.00370997
0.00635926
0.00997582
0.0126375
0.0132546
0.013573
0.0147156
0.0160877
0.0162755
0.0170892
0.0180167
0.0190811
0.0204001
0.0215282
0.0224708
0.000289461
0.00232545
0.0011432
0.0023618
0.000692032
0.00374614
0.00638571
0.00993981
0.0126258
0.0131743
0.0134945
0.0146648
0.016026
0.0162271
0.0170026
0.0179334
0.0189398
0.0201938
0.0212887
0.0221757
0.000316795
0.00240398
0.00119917
0.00238933
0.000881016
0.00378121
0.00641395
0.00990442
0.01261
0.0130995
0.0134062
0.0146151
0.0159629
0.0161691
0.0169116
0.0178365
0.0187952
0.0199896
0.0210226
0.0218766
0.00034633
0.00248124
0.00125936
0.00241764
0.0010717
0.00381582
0.00644313
0.0098708
0.0125886
0.0130319
0.0133085
0.0145635
0.0158984
0.0161074
0.0168062
0.0177295
0.0186428
0.0197712
0.0207726
0.0215819
0.000378269
0.002557
0.00132386
0.00244687
0.00126383
0.00385021
0.00647259
0.00984004
0.0125605
0.0129712
0.0132054
0.0145056
0.0158356
0.0160351
0.0166953
0.0176113
0.0184734
0.0195445
0.0205384
0.0212883
0.000412709
0.00263105
0.0013928
0.00247741
0.00145679
0.00388544
0.00650138
0.00981278
0.0125264
0.0129134
0.013101
0.0144382
0.0157764
0.0159521
0.0165761
0.0174895
0.0182897
0.0193076
0.0202585
0.020996
0.000449768
0.00270315
0.00146653
0.00250913
0.00165043
0.00392264
0.00652899
0.00978863
0.012489
0.0128555
0.0129958
0.0143612
0.0157158
0.0158732
0.0164315
0.0173542
0.0181178
0.0190328
0.0200126
0.0207333
0.000489872
0.00277298
0.00154487
0.00254238
0.00184411
0.00395784
0.00655513
0.0097676
0.0124471
0.0128007
0.0128905
0.0142741
0.0156551
0.0157861
0.0162886
0.0171927
0.0179443
0.0187713
0.0196498
0.0204606
0.000532887
0.00284055
0.00162749
0.00257839
0.00203609
0.00400063
0.00657786
0.00975174
0.0123951
0.0127537
0.0127855
0.0141791
0.0155879
0.0156967
0.0161329
0.017014
0.0177324
0.0185244
0.0193751
0.0201797
0.000578924
0.00290556
0.00171501
0.00261644
0.00222679
0.00404875
0.00659632
0.00974014
0.0123401
0.0126994
0.0126818
0.0140792
0.0155105
0.0156072
0.0159499
0.0168255
0.0175205
0.0182582
0.0191864
0.0199123
0.000628855
0.00296741
0.00180698
0.00265702
0.00241569
0.00409727
0.0066135
0.00972815
0.0122967
0.0126372
0.0125807
0.0139703
0.0154286
0.0155068
0.0157772
0.0165999
0.0173395
0.0179975
0.0187534
0.0196329
0.000682073
0.0030267
0.00190234
0.00270196
0.00260038
0.00415338
0.00662541
0.00972054
0.0122363
0.0125843
0.0124782
0.0138526
0.0153411
0.0153976
0.0155825
0.0163772
0.0171157
0.0177602
0.0184683
0.0193442
0.000738725
0.003083
0.00200212
0.00275006
0.00278153
0.00421666
0.00663219
0.00971539
0.0121438
0.0125287
0.012375
0.0137257
0.0152427
0.0152792
0.0153661
0.0161559
0.0168661
0.0175158
0.0183416
0.0190686
0.000800307
0.00313544
0.00210553
0.00280227
0.00295881
0.00428033
0.00664206
0.00970274
0.0121996
0.0124592
0.0122727
0.0135884
0.0151295
0.0151708
0.0151733
0.0158891
0.0166529
0.0172241
0.0178433
0.0187953
0.000865286
0.00318539
0.00221074
0.00286122
0.00313016
0.00435152
0.00664667
0.0096956
0.0121249
0.0123987
0.0121709
0.013444
0.0150007
0.0150474
0.0149574
0.0156218
0.0163932
0.0169841
0.0175664
0.0185095
0.000934327
0.00323226
0.0023189
0.00292521
0.00329689
0.00442925
0.00664719
0.00968791
0.0120463
0.0123475
0.012069
0.0132843
0.0148583
0.0149218
0.014726
0.0153472
0.0160893
0.0167799
0.0175276
0.018238
0.00100895
0.00327536
0.00242868
0.00299445
0.00346001
0.00450683
0.00665495
0.0096654
0.0120164
0.012286
0.0119674
0.013121
0.0147135
0.0147905
0.0145213
0.0150323
0.015802
0.0164238
0.0169853
0.0180159
0.00108699
0.0033165
0.00253846
0.00307122
0.00361754
0.00458853
0.00666245
0.00964182
0.0119629
0.012224
0.0118652
0.0129515
0.0145505
0.0146665
0.0143002
0.0147286
0.0154571
0.0160605
0.0167566
0.0178712
0.00117018
0.00335511
0.00264894
0.003154
0.00377127
0.00467378
0.00666805
0.00961949
0.0118969
0.0121602
0.0117624
0.0127748
0.0143727
0.0145427
0.0140863
0.0144166
0.0150806
0.0157601
0.0165792
0.0176599
0.00125879
0.00339105
0.00275903
0.00324271
0.00392227
0.00475971
0.00667678
0.00959288
0.0118295
0.0120905
0.0116601
0.0125921
0.0141813
0.0144112
0.0138877
0.0140819
0.0147602
0.0154924
0.0162616
0.0174223
0.00135138
0.00342586
0.00286796
0.00333744
0.00407024
0.00484703
0.00668569
0.00956259
0.0117581
0.0120179
0.0115559
0.0124041
0.0139733
0.0142793
0.0136849
0.0137672
0.014446
0.0151779
0.0160308
0.017225
0.00144953
0.00345953
0.00297544
0.00343677
0.00421716
0.00493521
0.00669409
0.00953067
0.0116837
0.0119371
0.0114513
0.0122125
0.0137576
0.0141303
0.0135077
0.0134645
0.0141064
0.014879
0.0157605
0.0170175
0.00155249
0.00349238
0.00308151
0.0035403
0.00436222
0.00502454
0.0067027
0.00949229
0.0116029
0.011853
0.011349
0.0120217
0.0135285
0.0139707
0.0133428
0.0131689
0.0137579
0.0145742
0.0155244
0.0168234
0.00166024
0.00352507
0.00318592
0.00364668
0.00450572
0.00511641
0.00670984
0.0094473
0.0115183
0.0117688
0.011247
0.0118296
0.0132875
0.0137989
0.0131834
0.0128915
0.0134101
0.0142549
0.0153035
0.0166402
0.00177324
0.0035579
0.00328856
0.0037557
0.00464791
0.0052097
0.00671613
0.009396
0.0114302
0.01168
0.0111461
0.0116366
0.0130414
0.0136069
0.0130362
0.01263
0.0130646
0.0139401
0.0150291
0.0164448
0.00189094
0.00359176
0.0033895
0.00386649
0.00478685
0.00530557
0.00672386
0.0093379
0.0113348
0.0115893
0.0110494
0.0114453
0.012786
0.0134034
0.0128842
0.0123892
0.0127312
0.0136064
0.014771
0.016257
0.00201351
0.00362705
0.0034884
0.00397809
0.00492266
0.00540469
0.00673168
0.00927225
0.0112339
0.0114981
0.0109579
0.0112524
0.0125229
0.013184
0.0127301
0.0121739
0.0124062
0.0132694
0.0144768
0.0160527
0.00214076
0.00366424
0.0035855
0.00409075
0.00505457
0.00550501
0.00674033
0.00920106
0.0111287
0.011405
0.0108694
0.0110603
0.0122524
0.0129548
0.0125708
0.0119754
0.0120961
0.0129274
0.0141874
0.0158453
0.00227261
0.00370428
0.00368043
0.0042029
0.00518138
0.00560749
0.00675247
0.00912466
0.0110163
0.0113064
0.0107847
0.0108753
0.0119762
0.0127145
0.0124024
0.0117911
0.011805
0.0125887
0.0138724
0.0156209
0.00240884
0.0037476
0.0037733
0.00431462
0.00530272
0.00571045
0.00676819
0.00904336
0.0108965
0.0112022
0.0107042
0.0107012
0.0116933
0.0124614
0.0122248
0.0116178
0.0115354
0.0122549
0.0135666
0.0153953
0.00254919
0.00379501
0.00386384
0.00442604
0.00541845
0.00581034
0.00678665
0.00896035
0.0107732
0.0110943
0.0106247
0.0105379
0.0114045
0.0121935
0.0120379
0.0114528
0.011289
0.0119345
0.0132479
0.0151565
0.00269267
0.00385007
0.00395263
0.00453571
0.00552916
0.00590677
0.00680679
0.00887463
0.0106477
0.0109843
0.0105426
0.0103874
0.0111151
0.0119111
0.0118407
0.0112928
0.0110669
0.0116272
0.0129402
0.0149195
0.00283949
0.00390909
0.00404118
0.00464282
0.00563382
0.00599973
0.00682738
0.00878505
0.010521
0.0108737
0.0104558
0.0102517
0.0108335
0.0116124
0.0116319
0.0111343
0.0108642
0.0113433
0.0126323
0.014674
0.00299052
0.00397202
0.00412984
0.00474768
0.00573179
0.00608907
0.00684299
0.00869264
0.010393
0.0107638
0.0103639
0.0101283
0.0105655
0.0113003
0.0114068
0.0109734
0.0106804
0.0110857
0.0123433
0.0144322
0.00314311
0.00404188
0.0042192
0.0048499
0.00582375
0.00617178
0.00685775
0.00859888
0.0102625
0.0106559
0.0102668
0.0100128
0.010316
0.0109816
0.0111617
0.0108071
0.010515
0.0108552
0.0120751
0.014194
0.00329781
0.00411921
0.00430768
0.00494872
0.00591014
0.00624911
0.006874
0.00850521
0.0101289
0.0105499
0.010165
0.0098987
0.0100878
0.0106609
0.0108977
0.0106304
0.01036
0.0106531
0.0118283
0.0139614
0.00345523
0.00420154
0.00439469
0.00504435
0.00599139
0.00632249
0.0068924
0.00841455
0.00998889
0.0104424
0.010059
0.0097803
0.00987882
0.0103484
0.0106181
0.010439
0.010212
0.0104766
0.0116073
0.0137409
0.00361357
0.00428937
0.00448174
0.00513547
0.00606785
0.00639425
0.00691476
0.00832626
0.00983921
0.0103297
0.00995196
0.00965691
0.00968788
0.0100512
0.0103274
0.010231
0.0100637
0.0103211
0.0114137
0.013535
0.00377238
0.00438326
0.00456865
0.00522127
0.00614127
0.0064663
0.0069387
0.00823762
0.00967952
0.0102107
0.00984858
0.00952983
0.00950929
0.00977203
0.0100325
0.010007
0.0099088
0.0101805
0.0112452
0.0133453
0.00393141
0.00448257
0.00465591
0.0053027
0.00621214
0.00653666
0.00696089
0.00815017
0.00951379
0.0100845
0.00975013
0.00939951
0.00933652
0.00951228
0.00974063
0.00977048
0.00974386
0.0100468
0.0110973
0.0131723
0.00409014
0.00458679
0.00474482
0.0053804
0.00627835
0.00660354
0.00698213
0.0080671
0.00934513
0.0099472
0.0096544
0.00926923
0.00916636
0.00927005
0.00945796
0.00952612
0.00956678
0.00991286
0.0109635
0.0130147
0.00424816
0.00469551
0.00483613
0.00545446
0.00633857
0.00666721
0.00700365
0.00798876
0.00917483
0.00979617
0.00955856
0.00914329
0.00899758
0.00904196
0.00918765
0.00927834
0.00937799
0.00977276
0.0108358
0.0128694
0.00440508
0.0048083
0.00493039
0.00552514
0.0063925
0.00672747
0.00702467
0.00791424
0.00900548
0.00963195
0.0094593
0.0090244
0.00883163
0.00882532
0.00892957
0.00903096
0.00917972
0.00962289
0.010707
0.0127314
0.00456066
0.00492467
0.00502772
0.00559287
0.00643987
0.00678327
0.00704478
0.00784366
0.00884035
0.00945647
0.0093519
0.0089125
0.00867065
0.00861709
0.00868272
0.00878694
0.00897401
0.00946264
0.0105726
0.0125961
0.00471465
0.00504409
0.00512809
0.00565801
0.00648043
0.00683409
0.00706435
0.0077765
0.00868132
0.00927249
0.00923209
0.00880567
0.00851687
0.00841627
0.00844491
0.00854675
0.00876384
0.00929351
0.0104309
0.0124604
0.00486684
0.00516584
0.00523141
0.00572133
0.00651438
0.00687924
0.0070832
0.00771187
0.00852911
0.0090834
0.00909786
0.00870033
0.00837136
0.00822365
0.00821567
0.00831179
0.00855183
0.00911616
0.0102806
0.0123216
0.00501707
0.0052892
0.00533741
0.00578354
0.00654197
0.0069177
0.00710096
0.00764964
0.00838417
0.00889293
0.00894868
0.00859183
0.00823391
0.00804077
0.00799577
0.00808194
0.00833784
0.00893151
0.0101226
0.0121788
0.00516516
0.00541358
0.00544585
0.00584512
0.00656347
0.00694875
0.00711728
0.00758945
0.0082461
0.00870452
0.00878599
0.00847669
0.00810337
0.00786821
0.00778459
0.0078555
0.00812214
0.00874153
0.00995851
0.0120325
0.00531101
0.00553828
0.00555604
0.00590659
0.0065797
0.00697195
0.00713138
0.00753095
0.008114
0.00852118
0.00861273
0.00835136
0.00797632
0.00770521
0.0075826
0.00763358
0.00790587
0.00854719
0.0097896
0.011883
0.00545456
0.00566266
0.00566736
0.00596843
0.0065914
0.00698663
0.00714223
0.0074744
0.00798688
0.00834501
0.00843268
0.00821364
0.00784877
0.00755022
0.00739081
0.00741804
0.00769013
0.00834898
0.00961525
0.0117295
0.00559564
0.0057861
0.00577916
0.00603099
0.0065994
0.00699267
0.00714902
0.00741995
0.00786344
0.0081763
0.00824947
0.00806343
0.00771728
0.007401
0.00720902
0.00721002
0.00747605
0.00814713
0.00943489
0.0115718
0.00573413
0.00590811
0.00589067
0.00609427
0.00660466
0.00699028
0.00715063
0.00736766
0.00774292
0.00801455
0.00806705
0.00790205
0.00757843
0.00725436
0.00703593
0.00700988
0.00726462
0.00794279
0.0092505
0.0114099
0.00586997
0.00602817
0.00600101
0.00615836
0.00660824
0.00697975
0.00714579
0.00731749
0.00762489
0.00785795
0.00788842
0.00773255
0.00743044
0.00710703
0.00686937
0.00681769
0.00705741
0.00773678
0.00905995
0.0112425
0.00600299
0.00614595
0.00610932
0.00622282
0.00661111
0.00696218
0.00713329
0.00726885
0.0075101
0.00770453
0.00771443
0.00755815
0.00727304
0.00695566
0.0067063
0.00663273
0.00685553
0.00753068
0.00886478
0.0110693
0.00613298
0.00626111
0.00621497
0.00628715
0.00661405
0.00693885
0.00711203
0.00722021
0.00739955
0.00755283
0.00754468
0.00738261
0.00710756
0.00679752
0.00654321
0.00645325
0.00665903
0.00732639
0.00866669
0.0108903
0.00625979
0.00637335
0.00631715
0.0063508
0.00661754
0.00691107
0.00708211
0.0071698
0.00729389
0.00740262
0.00737704
0.00720785
0.0069365
0.00663204
0.00637678
0.00627618
0.00646685
0.00712414
0.00846648
0.0107056
0.00638313
0.00648238
0.00641545
0.00641319
0.00662164
0.00687994
0.00704401
0.0071152
0.00719319
0.00725582
0.00720945
0.0070334
0.00676218
0.00646069
0.00620542
0.00609793
0.00627637
0.00692367
0.00826552
0.0105159
0.00650279
0.00658796
0.00650941
0.00647389
0.00662648
0.00684645
0.00699897
0.00705432
0.0070952
0.00711436
0.00704173
0.00685768
0.00658525
0.00628479
0.00602874
0.00591521
0.00608524
0.00672475
0.00806466
0.0103219
0.00661821
0.00668994
0.00659881
0.00653234
0.00663209
0.00681144
0.0069488
0.00698675
0.00699612
0.0069777
0.00687539
0.00668011
0.00640528
0.00610455
0.00584676
0.00572869
0.00589166
0.006525
0.00786195
0.0101227
0.00672905
0.00678811
0.00668319
0.00658763
0.0066382
0.00677528
0.00689533
0.00691525
0.00689431
0.00684408
0.0067109
0.00650022
0.0062216
0.00591877
0.00565843
0.00553618
0.00569348
0.00632091
0.00765407
0.00991607
0.00683475
0.00688268
0.00676334
0.00663954
0.00664422
0.00673648
0.0068359
0.00683997
0.00679085
0.00671486
0.00655215
0.0063191
0.00603358
0.00572705
0.0054627
0.00533567
0.00548759
0.00610898
0.0074374
0.00969868
0.00693463
0.00697267
0.00683933
0.00668898
0.0066522
0.00669822
0.0067707
0.00675834
0.00667885
0.00658289
0.00640217
0.00614505
0.0058421
0.00552853
0.00526195
0.00512851
0.0052733
0.00588747
0.00721113
0.0094698
0.00702885
0.00705791
0.00691008
0.00673376
0.00665983
0.00666208
0.00670476
0.00667882
0.00656453
0.00643715
0.00624476
0.00597753
0.00565591
0.00532102
0.00504789
0.00490964
0.0050452
0.00564897
0.0069628
0.00921773
0.00711575
0.0071383
0.00697719
0.00677604
0.0066655
0.00662336
0.00663025
0.0065994
0.00646518
0.00630066
0.00608113
0.00580013
0.00548392
0.00514788
0.00484591
0.00468653
0.00480631
0.00539667
0.0067011
0.00895062
0.00719575
0.00721113
0.00703723
0.0068149
0.00666816
0.0065826
0.00654369
0.00649715
0.00635733
0.00617654
0.00593934
0.00561087
0.0052504
0.00490028
0.00461225
0.00444765
0.00455016
0.00511966
0.00640349
0.0086365
0.00726835
0.00729954
0.00711699
0.00686125
0.00666716
0.00654035
0.00646102
0.00638954
0.0062323
0.00603424
0.00582476
0.0055368
0.00516216
0.00475699
0.00441856
0.00422739
0.00431005
0.00485743
0.00611553
0.00831948
0.0072817
0.00733526
0.00720398
0.00692479
0.00666681
0.00649324
0.00638431
0.00630107
0.00612077
0.00585103
0.00555475
0.00522431
0.00486636
0.00450958
0.00418716
0.00400509
0.0040974
0.00465054
0.00590476
0.00809686
0.00742682
0.00742351
0.00721875
0.0069198
0.00664254
0.00642194
0.00627801
0.00621769
0.00611451
0.00590873
0.00563548
0.00526375
0.004806
0.00430288
0.0038438
0.00353098
0.0035004
0.00394492
0.00510645
0.00721975
0.00737807
0.0074751
0.00723992
0.00700627
0.0067493
0.0064068
0.00610732
0.00593184
0.00575179
0.00553342
0.0052552
0.00499616
0.00473492
0.00448517
0.00427303
0.00416736
0.00425173
0.00470526
0.00578517
0.00776054
0.00756531
0.00748808
0.00729023
0.00692839
0.00658639
0.00640589
0.00628697
0.0061962
0.00607439
0.00581113
0.00542981
0.00492563
0.00429575
0.0035934
0.00294113
0.00240596
0.00215143
0.00238478
0.00334695
0.00527062
0.00782141
0.00742076
0.00711394
0.0067605
0.00647825
0.00616155
0.00590254
0.00576274
0.00559041
0.00528677
0.00497234
0.00476143
0.00479581
0.00510583
0.00566443
0.00647453
0.00737377
0.00809824
0.00829884
0.00764163
0.00783384
0.00748259
0.00713832
0.00683916
0.00665783
0.00653488
0.00645589
0.00632006
0.00611602
0.00576193
0.00521944
0.00449142
0.00359121
0.00259042
0.00160195
0.000844235
0.000334573
0.000302873
0.00100468
0.00267803
0.0080089
0.0074728
0.00708399
0.00676561
0.00659714
0.00635227
0.0060441
0.00561169
0.00522464
0.00501012
0.00479778
0.00446671
0.00418992
0.00412692
0.00437328
0.00480796
0.00545655
0.00602264
0.00613804
0.00544902
0.0080163
0.00746793
0.00709145
0.00684245
0.00681133
0.00682113
0.00683582
0.00671097
0.0064213
0.00585358
0.00496967
0.003713
0.00216287
0.000504463
-0.00103047
-0.00226047
-0.00299264
-0.0030576
-0.00224256
-0.000359369
0.037589
0.018747
0.011565
0.0114084
0.0121335
0.0124923
0.0127275
0.0130982
0.0135725
0.0140493
0.0145584
0.0150996
0.0156049
0.016135
0.0167839
0.0174586
0.0180989
0.0188259
0.0196152
0.0203584
0.0211012
0.0219141
0.0227346
0.0235871
0.0245052
0.0255065
0.0265648
0.0276099
0.0286382
0.0297173
0.0308678
0.0320819
0.0333512
0.0346278
0.0359621
0.0373336
0.0387647
0.0402322
0.0417602
0.0433447
0.0449705
0.0466899
0.0484155
0.0502593
0.0520443
0.0539714
0.055801
0.057666
0.0593914
0.0607076
0.0369044
0.0187975
0.0116118
0.0114285
0.0121443
0.0124992
0.0127324
0.013102
0.0135755
0.0140517
0.0145604
0.0151013
0.0156063
0.0161362
0.016785
0.0174595
0.0180997
0.0188267
0.0196159
0.020359
0.0211017
0.0219147
0.0227351
0.0235875
0.0245057
0.0255068
0.0265651
0.0276102
0.0286385
0.0297175
0.0308681
0.0320821
0.0333514
0.034628
0.0359622
0.0373337
0.0387648
0.0402323
0.0417604
0.0433448
0.0449706
0.04669
0.0484156
0.0502593
0.0520443
0.0539715
0.0558011
0.057666
0.0593914
0.0607076
0.0362769
0.0188964
0.0116857
0.0114527
0.0121563
0.0125066
0.0127373
0.0131056
0.0135784
0.014054
0.0145623
0.0151028
0.0156076
0.0161372
0.0167859
0.0174603
0.0181004
0.0188273
0.0196165
0.0203596
0.0211022
0.0219151
0.0227355
0.0235879
0.024506
0.0255072
0.0265654
0.0276105
0.0286387
0.0297177
0.0308683
0.0320823
0.0333516
0.0346282
0.0359624
0.0373339
0.0387649
0.0402325
0.0417605
0.0433449
0.0449707
0.0466901
0.0484157
0.0502594
0.0520444
0.0539715
0.0558012
0.0576661
0.0593915
0.0607076
0.03571
0.0190292
0.0117916
0.0114871
0.0121727
0.0125164
0.0127434
0.0131099
0.0135817
0.0140566
0.0145643
0.0151045
0.015609
0.0161384
0.0167868
0.0174612
0.0181012
0.018828
0.0196171
0.0203601
0.0211027
0.0219156
0.0227359
0.0235883
0.0245064
0.0255075
0.0265658
0.0276108
0.028639
0.029718
0.0308685
0.0320825
0.0333518
0.0346283
0.0359625
0.037334
0.0387651
0.0402326
0.0417606
0.043345
0.0449708
0.0466902
0.0484158
0.0502595
0.0520445
0.0539716
0.0558012
0.0576661
0.0593915
0.0607076
0.0351555
0.0191753
0.0119212
0.0115315
0.0121949
0.0125302
0.0127519
0.0131157
0.013586
0.0140599
0.014567
0.0151067
0.0156108
0.0161397
0.0167879
0.0174621
0.018102
0.0188287
0.0196177
0.0203607
0.0211033
0.0219161
0.0227364
0.0235887
0.0245067
0.0255078
0.0265661
0.0276111
0.0286393
0.0297182
0.0308687
0.0320827
0.033352
0.0346285
0.0359627
0.0373342
0.0387652
0.0402327
0.0417607
0.0433452
0.0449709
0.0466903
0.0484159
0.0502596
0.0520446
0.0539717
0.0558013
0.0576662
0.0593916
0.0607076
0.0345951
0.0193239
0.0120633
0.0115817
0.0122216
0.012548
0.0127633
0.0131233
0.0135917
0.0140643
0.0145704
0.0151094
0.0156131
0.0161415
0.0167893
0.0174633
0.0181029
0.0188295
0.0196185
0.0203614
0.0211039
0.0219166
0.0227369
0.0235891
0.0245071
0.0255082
0.0265664
0.0276114
0.0286396
0.0297185
0.0308689
0.0320829
0.0333522
0.0346287
0.0359629
0.0373343
0.0387653
0.0402329
0.0417609
0.0433453
0.0449711
0.0466904
0.048416
0.0502597
0.0520447
0.0539718
0.0558014
0.0576663
0.0593917
0.0607076
0.0340291
0.0194712
0.012212
0.0116343
0.0122505
0.0125688
0.0127772
0.0131328
0.0135988
0.0140697
0.0145747
0.015113
0.0156161
0.0161439
0.0167911
0.0174646
0.018104
0.0188304
0.0196193
0.0203622
0.0211045
0.0219172
0.0227374
0.0235896
0.0245076
0.0255086
0.0265669
0.0276118
0.0286399
0.0297188
0.0308692
0.0320832
0.0333524
0.0346289
0.0359631
0.0373345
0.0387655
0.040233
0.041761
0.0433454
0.0449712
0.0466905
0.0484161
0.0502598
0.0520448
0.0539719
0.0558015
0.0576664
0.0593919
0.0607076
0.0334622
0.0196155
0.012365
0.011688
0.0122803
0.0125912
0.0127929
0.013144
0.0136071
0.0140762
0.0145798
0.0151172
0.0156198
0.016147
0.0167934
0.0174663
0.0181053
0.0188315
0.0196202
0.020363
0.0211053
0.0219179
0.022738
0.0235901
0.024508
0.025509
0.0265673
0.0276123
0.0286403
0.0297191
0.0308695
0.0320835
0.0333526
0.0346291
0.0359632
0.0373347
0.0387657
0.0402331
0.0417611
0.0433455
0.0449713
0.0466906
0.0484162
0.0502599
0.0520449
0.053972
0.0558016
0.0576666
0.0593921
0.0607077
0.0328979
0.0197556
0.012522
0.0117425
0.0123102
0.0126145
0.0128098
0.0131562
0.0136164
0.0140836
0.0145858
0.0151222
0.0156242
0.0161508
0.0167963
0.0174684
0.0181068
0.0188327
0.0196212
0.0203639
0.0211062
0.0219187
0.0227387
0.0235907
0.0245086
0.0255095
0.0265678
0.0276127
0.0286407
0.0297194
0.0308698
0.0320838
0.0333529
0.0346294
0.0359635
0.0373349
0.0387658
0.0402333
0.0417613
0.0433457
0.0449714
0.0466908
0.0484163
0.05026
0.052045
0.0539721
0.0558018
0.0576668
0.0593924
0.0607078
0.0323379
0.0198905
0.0126828
0.0117978
0.01234
0.0126383
0.0128274
0.0131692
0.0136264
0.0140915
0.0145923
0.0151277
0.0156291
0.0161551
0.0167998
0.0174709
0.0181087
0.018834
0.0196222
0.0203649
0.0211072
0.0219197
0.0227396
0.0235914
0.0245091
0.02551
0.0265683
0.0276133
0.0286412
0.0297199
0.0308702
0.0320841
0.0333533
0.0346297
0.0359637
0.0373351
0.038766
0.0402335
0.0417614
0.0433458
0.0449716
0.0466909
0.0484165
0.0502602
0.0520451
0.0539723
0.055802
0.0576671
0.0593928
0.0607079
0.0317834
0.0200194
0.0128476
0.0118544
0.0123697
0.0126625
0.0128456
0.0131826
0.0136368
0.0140998
0.0145992
0.0151336
0.0156344
0.0161599
0.0168037
0.0174739
0.0181109
0.0188356
0.0196233
0.0203659
0.0211082
0.0219208
0.0227406
0.0235923
0.0245098
0.0255105
0.0265689
0.0276139
0.0286418
0.0297204
0.0308706
0.0320845
0.0333536
0.03463
0.035964
0.0373353
0.0387663
0.0402337
0.0417616
0.043346
0.0449717
0.046691
0.0484166
0.0502603
0.0520453
0.0539724
0.0558022
0.0576674
0.0593933
0.0607081
0.0312356
0.0201419
0.0130164
0.0119123
0.0123991
0.0126869
0.0128641
0.0131964
0.0136475
0.0141084
0.0146064
0.0151399
0.0156399
0.0161649
0.016808
0.0174773
0.0181134
0.0188373
0.0196245
0.0203669
0.0211093
0.021922
0.0227418
0.0235935
0.0245107
0.025511
0.0265694
0.0276146
0.0286424
0.029721
0.0308712
0.0320849
0.033354
0.0346304
0.0359643
0.0373356
0.0387665
0.0402339
0.0417618
0.0433461
0.0449718
0.0466912
0.0484167
0.0502605
0.0520454
0.0539726
0.0558024
0.0576679
0.059394
0.0607083
0.0306952
0.0202575
0.013189
0.0119719
0.0124281
0.0127114
0.0128831
0.0132103
0.0136583
0.0141171
0.0146138
0.0151463
0.0156456
0.01617
0.0168124
0.017481
0.0181163
0.0188392
0.0196257
0.0203679
0.0211105
0.0219232
0.0227431
0.0235948
0.0245117
0.0255116
0.0265699
0.0276152
0.0286431
0.0297217
0.0308718
0.0320854
0.0333544
0.0346308
0.0359647
0.037336
0.0387668
0.0402342
0.041762
0.0433463
0.044972
0.0466913
0.0484169
0.0502606
0.0520456
0.0539728
0.0558027
0.0576684
0.0593948
0.0607086
0.0301624
0.0203656
0.0133657
0.0120334
0.0124564
0.0127358
0.0129025
0.0132245
0.0136692
0.014126
0.0146213
0.0151529
0.0156515
0.0161753
0.016817
0.0174848
0.0181193
0.0188412
0.0196269
0.0203689
0.0211116
0.0219244
0.0227445
0.0235964
0.024513
0.0255123
0.0265703
0.0276158
0.0286439
0.0297226
0.0308725
0.032086
0.0333549
0.0346312
0.0359651
0.0373363
0.0387672
0.0402345
0.0417623
0.0433465
0.0449722
0.0466915
0.048417
0.0502608
0.0520458
0.0539731
0.055803
0.057669
0.0593958
0.060709
0.0296375
0.0204658
0.0135464
0.0120972
0.0124842
0.0127602
0.0129224
0.013239
0.0136801
0.0141348
0.0146289
0.0151597
0.0156576
0.0161808
0.0168217
0.0174888
0.0181225
0.0188434
0.0196282
0.0203699
0.0211128
0.0219257
0.0227459
0.023598
0.0245145
0.0255131
0.0265707
0.0276162
0.0286446
0.0297235
0.0308734
0.0320866
0.0333554
0.0346316
0.0359655
0.0373367
0.0387676
0.0402348
0.0417626
0.0433468
0.0449724
0.0466916
0.0484172
0.050261
0.052046
0.0539734
0.0558034
0.0576698
0.0593971
0.0607095
0.0291202
0.0205576
0.0137315
0.0121639
0.0125112
0.0127844
0.012943
0.0132539
0.013691
0.0141436
0.0146365
0.0151665
0.0156638
0.0161864
0.0168265
0.0174929
0.0181257
0.0188457
0.0196295
0.020371
0.0211139
0.0219269
0.0227473
0.0235998
0.0245162
0.025514
0.026571
0.0276166
0.0286453
0.0297245
0.0308743
0.0320873
0.0333559
0.0346321
0.035966
0.0373372
0.038768
0.0402352
0.0417629
0.0433471
0.0449726
0.0466918
0.0484174
0.0502612
0.0520462
0.0539737
0.0558038
0.0576707
0.0593985
0.0607101
0.0286104
0.0206405
0.0139209
0.0122341
0.0125376
0.0128084
0.0129645
0.0132695
0.0137019
0.0141525
0.0146443
0.0151735
0.0156702
0.0161923
0.0168315
0.017497
0.0181291
0.018848
0.0196309
0.020372
0.0211152
0.0219282
0.0227488
0.0236015
0.024518
0.0255151
0.0265713
0.0276169
0.0286459
0.0297254
0.0308754
0.0320881
0.0333564
0.0346326
0.0359665
0.0373377
0.0387684
0.0402356
0.0417633
0.0433474
0.0449729
0.046692
0.0484176
0.0502614
0.0520465
0.053974
0.0558043
0.0576718
0.0594002
0.0607108
0.0281079
0.0207139
0.0141148
0.0123084
0.0125634
0.0128321
0.0129869
0.0132859
0.0137129
0.0141613
0.0146522
0.0151806
0.0156768
0.0161985
0.0168368
0.0175012
0.0181325
0.0188505
0.0196324
0.0203732
0.0211164
0.0219295
0.0227502
0.0236033
0.0245198
0.0255162
0.0265715
0.027617
0.0286465
0.0297264
0.0308766
0.0320891
0.0333569
0.034633
0.035967
0.0373381
0.0387689
0.0402361
0.0417638
0.0433478
0.0449732
0.0466923
0.0484178
0.0502616
0.0520467
0.0539744
0.0558049
0.057673
0.0594021
0.0607117
0.0276131
0.0207772
0.0143131
0.0123877
0.0125888
0.0128555
0.0130101
0.0133032
0.0137241
0.0141702
0.0146603
0.0151879
0.0156836
0.0162049
0.0168422
0.0175055
0.018136
0.0188531
0.0196339
0.0203744
0.0211177
0.0219309
0.0227517
0.023605
0.0245216
0.0255174
0.0265717
0.0276171
0.028647
0.0297274
0.0308778
0.0320901
0.0333575
0.0346334
0.0359675
0.0373387
0.0387694
0.0402366
0.0417642
0.0433482
0.0449736
0.0466925
0.048418
0.0502618
0.052047
0.0539748
0.0558055
0.0576744
0.0594044
0.0607127
0.0271262
0.0208297
0.0145156
0.0124726
0.0126139
0.0128782
0.013034
0.0133212
0.0137356
0.0141792
0.0146686
0.0151953
0.0156905
0.0162115
0.0168479
0.0175099
0.0181396
0.0188557
0.0196355
0.0203756
0.0211191
0.0219324
0.0227532
0.0236068
0.0245233
0.0255186
0.0265718
0.0276171
0.0286475
0.0297285
0.030879
0.0320911
0.0333581
0.0346338
0.035968
0.0373392
0.0387699
0.0402371
0.0417647
0.0433487
0.044974
0.0466928
0.0484182
0.0502621
0.0520473
0.0539753
0.0558062
0.0576759
0.0594068
0.0607138
0.0266475
0.0208709
0.0147217
0.0125639
0.012639
0.0129001
0.0130583
0.01334
0.0137474
0.0141884
0.0146771
0.015203
0.0156978
0.0162185
0.0168538
0.0175145
0.0181433
0.0188585
0.0196372
0.0203769
0.0211205
0.0219339
0.0227549
0.0236087
0.0245251
0.0255199
0.0265719
0.0276171
0.0286481
0.0297295
0.0308802
0.0320922
0.0333587
0.0346343
0.0359685
0.0373398
0.0387704
0.0402376
0.0417652
0.0433492
0.0449744
0.0466931
0.0484184
0.0502623
0.0520476
0.0539757
0.0558069
0.0576776
0.0594095
0.0607151
0.0261778
0.0209001
0.0149308
0.0126621
0.0126642
0.0129209
0.0130829
0.0133595
0.0137596
0.0141978
0.0146859
0.015211
0.0157052
0.0162257
0.0168599
0.0175192
0.0181471
0.0188614
0.019639
0.0203783
0.021122
0.0219355
0.0227566
0.0236106
0.024527
0.0255212
0.0265721
0.0276172
0.0286487
0.0297306
0.0308815
0.0320933
0.0333594
0.0346347
0.0359691
0.0373403
0.0387709
0.0402381
0.0417658
0.0433497
0.0449749
0.0466935
0.0484187
0.0502626
0.052048
0.0539762
0.0558076
0.0576793
0.0594125
0.0607165
0.0257177
0.0209168
0.0151421
0.0127679
0.0126901
0.0129404
0.0131074
0.0133796
0.0137724
0.0142076
0.0146949
0.0152192
0.0157129
0.0162332
0.0168663
0.0175241
0.018151
0.0188644
0.0196409
0.0203797
0.0211235
0.0219372
0.0227585
0.0236127
0.0245289
0.0255227
0.0265723
0.0276172
0.0286495
0.0297318
0.0308828
0.0320944
0.03336
0.0346352
0.0359696
0.0373409
0.0387715
0.0402386
0.0417663
0.0433503
0.0449754
0.0466939
0.0484189
0.0502628
0.0520483
0.0539767
0.0558084
0.0576812
0.0594156
0.060718
0.0252677
0.0209207
0.0153544
0.0128817
0.0127168
0.0129585
0.0131318
0.0134002
0.0137856
0.0142177
0.0147043
0.0152277
0.0157208
0.0162409
0.016873
0.0175291
0.0181551
0.0188675
0.0196429
0.0203812
0.0211251
0.0219389
0.0227605
0.0236148
0.0245309
0.0255243
0.0265726
0.0276174
0.0286504
0.0297332
0.0308842
0.0320955
0.0333607
0.0346356
0.0359702
0.0373415
0.0387721
0.0402392
0.0417669
0.0433508
0.044976
0.0466943
0.0484192
0.0502631
0.0520487
0.0539772
0.0558093
0.0576831
0.059419
0.0607197
0.0248286
0.0209115
0.0155667
0.0130039
0.0127451
0.0129749
0.0131556
0.0134213
0.0137994
0.0142281
0.014714
0.0152366
0.015729
0.0162489
0.0168798
0.0175343
0.0181593
0.0188707
0.019645
0.0203827
0.0211267
0.0219407
0.0227625
0.0236171
0.0245331
0.0255259
0.026573
0.0276176
0.0286514
0.0297346
0.0308856
0.0320965
0.0333613
0.0346362
0.0359709
0.0373422
0.0387727
0.0402397
0.0417675
0.0433514
0.0449765
0.0466948
0.0484195
0.0502634
0.0520491
0.0539778
0.0558102
0.0576851
0.0594225
0.0607214
0.0244011
0.0208894
0.0157774
0.0131346
0.0127754
0.0129896
0.0131787
0.0134429
0.0138138
0.014239
0.014724
0.0152457
0.0157374
0.0162571
0.0168869
0.0175397
0.0181638
0.0188741
0.0196471
0.0203844
0.0211284
0.0219426
0.0227647
0.0236194
0.0245354
0.0255278
0.0265736
0.027618
0.0286525
0.0297362
0.0308871
0.0320976
0.033362
0.0346367
0.0359716
0.0373428
0.0387733
0.0402403
0.0417681
0.043352
0.0449771
0.0466952
0.0484198
0.0502637
0.0520495
0.0539784
0.0558111
0.0576872
0.0594262
0.0607232
0.0239854
0.0208542
0.0159851
0.0132738
0.0128085
0.0130025
0.0132007
0.0134649
0.0138289
0.0142503
0.0147344
0.0152552
0.0157462
0.0162656
0.0168943
0.0175453
0.0181684
0.0188776
0.0196494
0.020386
0.0211301
0.0219445
0.022767
0.0236218
0.0245379
0.0255297
0.0265743
0.0276184
0.0286538
0.0297378
0.0308887
0.0320987
0.0333627
0.0346373
0.0359723
0.0373435
0.0387739
0.040241
0.0417688
0.0433526
0.0449777
0.0466957
0.0484201
0.050264
0.0520499
0.053979
0.0558121
0.0576894
0.05943
0.0607252
0.0235841
0.0208067
0.0161882
0.0134212
0.0128453
0.0130137
0.0132213
0.0134871
0.0138446
0.014262
0.0147451
0.015265
0.0157552
0.0162744
0.0169019
0.0175511
0.0181732
0.0188813
0.0196518
0.0203878
0.021132
0.0219466
0.0227694
0.0236243
0.0245404
0.0255318
0.0265751
0.0276189
0.0286551
0.0297395
0.0308904
0.0320998
0.0333635
0.034638
0.0359731
0.0373441
0.0387745
0.0402416
0.0417694
0.0433533
0.0449783
0.0466962
0.0484204
0.0502643
0.0520504
0.0539797
0.0558131
0.0576917
0.059434
0.0607272
0.0231988
0.0207494
0.0163858
0.0135763
0.0128867
0.0130235
0.0132403
0.0135095
0.013861
0.0142743
0.0147562
0.0152751
0.0157645
0.0162834
0.0169097
0.0175571
0.0181782
0.0188851
0.0196543
0.0203896
0.0211339
0.0219487
0.0227718
0.0236269
0.0245431
0.0255339
0.0265759
0.0276195
0.0286565
0.0297413
0.0308921
0.0321009
0.0333642
0.0346387
0.0359739
0.0373448
0.0387752
0.0402423
0.0417701
0.0433539
0.044979
0.0466967
0.0484208
0.0502646
0.0520508
0.0539804
0.0558142
0.057694
0.0594382
0.0607293
0.0228267
0.0206805
0.016575
0.0137377
0.0129333
0.0130321
0.0132574
0.0135318
0.0138781
0.0142872
0.0147677
0.0152856
0.0157741
0.0162927
0.0169178
0.0175633
0.0181834
0.0188892
0.0196569
0.0203915
0.0211358
0.0219509
0.0227743
0.0236296
0.0245458
0.0255362
0.0265769
0.0276201
0.0286579
0.0297432
0.0308938
0.0321022
0.0333651
0.0346394
0.0359748
0.0373455
0.0387759
0.040243
0.0417709
0.0433546
0.0449797
0.0466972
0.0484212
0.0502649
0.0520513
0.0539811
0.0558154
0.0576965
0.0594425
0.0607315
0.0224699
0.0206021
0.016755
0.0139047
0.0129863
0.0130397
0.0132721
0.0135537
0.013896
0.0143008
0.0147797
0.0152963
0.0157841
0.0163024
0.0169261
0.0175698
0.0181888
0.0188933
0.0196597
0.0203934
0.0211379
0.0219531
0.0227769
0.0236323
0.0245487
0.0255385
0.0265779
0.0276208
0.0286594
0.0297451
0.0308956
0.0321034
0.0333659
0.0346403
0.0359758
0.0373463
0.0387767
0.0402438
0.0417716
0.0433553
0.0449804
0.0466977
0.0484216
0.0502653
0.0520518
0.0539819
0.0558166
0.057699
0.0594471
0.0607338
0.0221325
0.0205181
0.016925
0.0140761
0.0130464
0.0130474
0.0132845
0.0135748
0.0139145
0.014315
0.0147921
0.0153075
0.0157944
0.0163123
0.0169348
0.0175765
0.0181943
0.0188977
0.0196626
0.0203955
0.02114
0.0219555
0.0227795
0.0236351
0.0245516
0.0255409
0.026579
0.0276215
0.028661
0.0297471
0.0308975
0.0321047
0.0333668
0.0346411
0.0359768
0.0373471
0.0387774
0.0402446
0.0417724
0.0433561
0.0449811
0.0466983
0.048422
0.0502657
0.0520524
0.0539827
0.055818
0.0577017
0.0594518
0.0607362
0.0218176
0.020426
0.0170821
0.01425
0.0131138
0.0130554
0.0132943
0.013595
0.0139336
0.01433
0.014805
0.0153191
0.015805
0.0163226
0.0169437
0.0175834
0.0182001
0.0189023
0.0196656
0.0203976
0.0211422
0.0219579
0.0227823
0.023638
0.0245546
0.0255434
0.0265801
0.0276222
0.0286626
0.0297492
0.0308994
0.0321061
0.0333676
0.034642
0.0359778
0.0373479
0.0387782
0.0402454
0.0417732
0.0433568
0.0449818
0.0466989
0.0484225
0.0502661
0.0520529
0.0539835
0.0558194
0.0577044
0.0594566
0.0607387
0.0215329
0.0203334
0.0172296
0.0144271
0.01319
0.0130647
0.0133016
0.0136139
0.0139533
0.014346
0.0148185
0.015331
0.0158161
0.0163333
0.0169529
0.0175906
0.018206
0.018907
0.0196687
0.0203999
0.0211446
0.0219605
0.0227851
0.023641
0.0245577
0.025546
0.0265813
0.0276231
0.0286642
0.0297513
0.0309014
0.0321075
0.0333686
0.034643
0.0359788
0.0373487
0.0387791
0.0402462
0.041774
0.0433576
0.0449826
0.0466995
0.0484229
0.0502665
0.0520535
0.0539843
0.0558208
0.0577073
0.0594617
0.0607413
0.0212517
0.0202371
0.0173623
0.0146035
0.0132743
0.0130762
0.0133063
0.0136308
0.0139731
0.0143627
0.0148327
0.0153434
0.0158275
0.0163442
0.0169625
0.0175981
0.0182122
0.0189119
0.0196719
0.0204022
0.021147
0.0219631
0.022788
0.0236441
0.0245609
0.0255487
0.0265826
0.0276239
0.028666
0.0297535
0.0309035
0.0321089
0.0333695
0.034644
0.0359799
0.0373496
0.03878
0.0402471
0.0417749
0.0433585
0.0449834
0.0467002
0.0484234
0.050267
0.0520542
0.0539852
0.0558224
0.0577102
0.0594669
0.0607441
0.0209679
0.0201338
0.0174772
0.0147762
0.0133654
0.0130897
0.0133085
0.0136454
0.0139927
0.0143801
0.0148473
0.0153561
0.0158392
0.0163555
0.0169723
0.0176057
0.0182184
0.0189169
0.0196753
0.0204046
0.0211494
0.0219659
0.022791
0.0236473
0.0245642
0.0255514
0.0265839
0.0276249
0.0286677
0.0297557
0.0309056
0.0321105
0.0333705
0.034645
0.0359811
0.0373505
0.0387809
0.040248
0.0417758
0.0433593
0.0449843
0.0467009
0.048424
0.0502675
0.0520549
0.0539862
0.0558241
0.0577133
0.0594724
0.060747
0.0207574
0.020042
0.0175863
0.0149494
0.0134658
0.0131078
0.0133091
0.0136579
0.0140122
0.0143985
0.0148629
0.0153695
0.0158514
0.0163671
0.0169826
0.0176137
0.0182248
0.0189221
0.0196788
0.0204072
0.021152
0.0219687
0.022794
0.0236505
0.0245675
0.0255542
0.0265852
0.0276259
0.0286696
0.029758
0.0309078
0.032112
0.0333716
0.0346461
0.0359822
0.0373514
0.0387819
0.040249
0.0417768
0.0433603
0.0449851
0.0467016
0.0484245
0.050268
0.0520556
0.0539872
0.0558259
0.0577165
0.059478
0.06075
0.0205248
0.0199487
0.0176798
0.0151162
0.0135723
0.0131306
0.0133083
0.0136676
0.014031
0.0144176
0.0148794
0.0153835
0.015864
0.0163791
0.0169931
0.0176219
0.0182315
0.0189275
0.0196825
0.0204098
0.0211547
0.0219717
0.0227972
0.0236539
0.024571
0.0255571
0.0265867
0.0276269
0.0286715
0.0297604
0.03091
0.0321136
0.0333726
0.0346472
0.0359834
0.0373524
0.0387829
0.0402499
0.0417778
0.0433612
0.044986
0.0467024
0.0484251
0.0502686
0.0520563
0.0539882
0.0558277
0.0577198
0.0594839
0.0607532
0.0202614
0.0198498
0.0177533
0.015273
0.013682
0.0131578
0.0133059
0.0136738
0.0140481
0.0144368
0.0148963
0.0153977
0.0158767
0.0163913
0.017004
0.0176304
0.0182383
0.018933
0.0196862
0.0204126
0.0211575
0.0219747
0.0228005
0.0236574
0.0245746
0.0255601
0.0265882
0.027628
0.0286735
0.0297628
0.0309123
0.0321153
0.0333738
0.0346484
0.0359847
0.0373534
0.038784
0.040251
0.0417788
0.0433622
0.044987
0.0467032
0.0484257
0.0502692
0.0520572
0.0539893
0.0558297
0.0577232
0.0594899
0.0607565
0.0201332
0.0197744
0.0178268
0.015428
0.0137992
0.0131931
0.0133046
0.0136778
0.0140642
0.0144568
0.0149145
0.0154129
0.0158901
0.016404
0.0170151
0.0176391
0.0182453
0.0189387
0.0196902
0.0204154
0.0211604
0.0219778
0.0228038
0.0236609
0.0245783
0.0255631
0.0265897
0.0276292
0.0286755
0.0297653
0.0309147
0.032117
0.033375
0.0346496
0.035986
0.0373545
0.0387851
0.040252
0.0417798
0.0433632
0.044988
0.046704
0.0484264
0.0502698
0.052058
0.0539904
0.0558318
0.0577267
0.0594962
0.0607599
0.0199474
0.0196948
0.0178853
0.0155718
0.0139179
0.0132348
0.0133042
0.0136791
0.0140783
0.014477
0.0149338
0.015429
0.0159041
0.016417
0.0170268
0.0176483
0.0182526
0.0189446
0.0196943
0.0204185
0.0211634
0.0219811
0.0228073
0.0236646
0.024582
0.0255662
0.0265914
0.0276305
0.0286776
0.0297679
0.0309172
0.0321188
0.0333762
0.0346508
0.0359873
0.0373556
0.0387862
0.0402531
0.0417809
0.0433642
0.044989
0.0467048
0.048427
0.0502705
0.0520589
0.0539916
0.0558341
0.0577303
0.0595026
0.0607636
0.0197079
0.01961
0.0179246
0.0156996
0.014034
0.0132813
0.013304
0.0136767
0.0140891
0.0144961
0.0149533
0.0154454
0.0159181
0.0164302
0.0170385
0.0176576
0.0182599
0.0189506
0.0196985
0.0204215
0.0211665
0.0219844
0.0228108
0.0236683
0.0245859
0.0255694
0.0265931
0.0276318
0.0286798
0.0297706
0.0309197
0.0321207
0.0333775
0.0346521
0.0359887
0.0373568
0.0387874
0.0402543
0.0417821
0.0433653
0.04499
0.0467057
0.0484278
0.0502712
0.0520599
0.0539929
0.0558364
0.057734
0.0595092
0.0607674
0.0196584
0.0195561
0.0179693
0.0158245
0.0141537
0.0133368
0.0133078
0.013673
0.0140975
0.0145146
0.014974
0.0154633
0.015933
0.0164437
0.0170505
0.0176671
0.0182675
0.0189568
0.0197029
0.0204248
0.0211697
0.0219879
0.0228145
0.0236721
0.0245899
0.0255727
0.0265949
0.0276332
0.028682
0.0297733
0.0309224
0.0321226
0.0333788
0.0346535
0.0359901
0.037358
0.0387887
0.0402555
0.0417833
0.0433665
0.0449911
0.0467066
0.0484285
0.0502719
0.0520609
0.0539942
0.0558389
0.0577379
0.0595161
0.0607713
0.0195431
0.0194944
0.0180032
0.0159378
0.0142712
0.0133986
0.0133152
0.0136681
0.0141036
0.0145323
0.0149955
0.0154823
0.0159486
0.0164576
0.017063
0.0176771
0.0182756
0.0189633
0.0197075
0.0204281
0.0211731
0.0219915
0.0228182
0.0236761
0.0245939
0.0255762
0.0265968
0.0276347
0.0286843
0.0297761
0.0309251
0.0321246
0.0333803
0.0346549
0.0359916
0.0373593
0.03879
0.0402567
0.0417845
0.0433677
0.0449922
0.0467076
0.0484293
0.0502727
0.0520619
0.0539956
0.0558415
0.0577419
0.0595231
0.0607755
0.0193927
0.0194346
0.0180268
0.0160363
0.0143819
0.0134629
0.0133258
0.013662
0.0141063
0.0145475
0.0150165
0.0155019
0.0159649
0.016472
0.0170757
0.0176873
0.0182837
0.0189698
0.0197122
0.0204316
0.0211765
0.0219952
0.0228221
0.0236801
0.0245981
0.0255796
0.0265988
0.0276363
0.0286867
0.029779
0.0309278
0.0321267
0.0333817
0.0346564
0.0359932
0.0373606
0.0387913
0.040258
0.0417858
0.0433689
0.0449934
0.0467086
0.0484301
0.0502735
0.0520631
0.053997
0.0558443
0.057746
0.0595303
0.0607799
0.0192748
0.0193871
0.0180533
0.0161281
0.0144892
0.0135316
0.0133407
0.0136555
0.0141061
0.0145603
0.0150375
0.015523
0.0159823
0.0164866
0.0170885
0.0176975
0.0182919
0.0189766
0.0197171
0.0204352
0.02118
0.021999
0.022826
0.0236842
0.0246023
0.0255832
0.0266009
0.027638
0.0286892
0.029782
0.0309307
0.0321289
0.0333833
0.0346579
0.0359948
0.0373619
0.0387927
0.0402593
0.0417871
0.0433702
0.0449946
0.0467097
0.048431
0.0502743
0.0520642
0.0539986
0.0558472
0.0577502
0.0595378
0.0607845
0.0191432
0.0193367
0.0180772
0.0162118
0.0145911
0.0136019
0.0133595
0.01365
0.0141044
0.0145714
0.015058
0.0155447
0.0160005
0.0165018
0.0171017
0.0177083
0.0183006
0.0189836
0.0197221
0.020439
0.0211837
0.022003
0.0228301
0.0236885
0.0246067
0.0255868
0.026603
0.0276398
0.0286917
0.029785
0.0309336
0.0321311
0.0333849
0.0346595
0.0359964
0.0373634
0.0387942
0.0402607
0.0417885
0.0433715
0.0449959
0.0467107
0.0484319
0.0502752
0.0520655
0.0540002
0.0558503
0.0577546
0.0595454
0.0607892
0.0190111
0.0192885
0.0181001
0.0162876
0.0146864
0.0136731
0.013383
0.0136466
0.014101
0.0145795
0.015077
0.015567
0.01602
0.016518
0.0171155
0.0177193
0.0183093
0.0189907
0.0197273
0.020443
0.0211876
0.022007
0.0228342
0.0236928
0.0246112
0.0255906
0.0266053
0.0276417
0.0286944
0.0297882
0.0309367
0.0321334
0.0333867
0.0346611
0.0359981
0.0373649
0.0387958
0.0402622
0.04179
0.0433728
0.0449972
0.0467119
0.0484329
0.0502762
0.0520668
0.0540018
0.0558535
0.0577591
0.0595532
0.0607943
0.0188758
0.019238
0.0181207
0.0163568
0.0147761
0.0137449
0.0134106
0.0136445
0.0140958
0.0145848
0.0150948
0.0155901
0.0160408
0.0165348
0.0171292
0.0177303
0.0183182
0.0189981
0.0197328
0.020447
0.0211914
0.0220111
0.0228385
0.0236973
0.0246157
0.0255945
0.0266077
0.0276437
0.0286971
0.0297914
0.0309398
0.0321358
0.0333885
0.0346629
0.0359999
0.0373664
0.0387974
0.0402637
0.0417915
0.0433743
0.0449986
0.0467131
0.0484339
0.0502772
0.0520682
0.0540036
0.0558569
0.0577638
0.0595612
0.0607995
0.0187374
0.0191843
0.0181396
0.0164212
0.0148599
0.0138146
0.01344
0.0136439
0.0140902
0.0145884
0.0151109
0.0156128
0.016062
0.0165522
0.0171437
0.0177418
0.0183274
0.0190056
0.0197383
0.0204512
0.0211955
0.0220155
0.0228429
0.0237018
0.0246204
0.0255984
0.0266102
0.0276458
0.0287
0.0297947
0.030943
0.0321383
0.0333903
0.0346647
0.0360018
0.037368
0.038799
0.0402652
0.0417931
0.0433758
0.045
0.0467143
0.0484349
0.0502782
0.0520697
0.0540054
0.0558605
0.0577686
0.0595694
0.060805
0.0186135
0.0191311
0.0181574
0.0164807
0.0149367
0.0138815
0.0134721
0.0136465
0.0140848
0.0145894
0.0151242
0.0156349
0.0160845
0.016571
0.0171589
0.0177535
0.0183366
0.0190131
0.0197441
0.0204557
0.0211997
0.0220198
0.0228474
0.0237065
0.0246252
0.0256025
0.0266129
0.027648
0.0287029
0.0297982
0.0309463
0.0321409
0.0333923
0.0346666
0.0360037
0.0373697
0.0388008
0.0402669
0.0417947
0.0433773
0.0450015
0.0467156
0.0484361
0.0502793
0.0520712
0.0540074
0.0558642
0.0577735
0.0595778
0.0608108
0.0184974
0.0190762
0.0181707
0.0165345
0.0150076
0.0139465
0.0135063
0.013651
0.0140791
0.0145883
0.0151355
0.0156567
0.0161078
0.0165906
0.0171745
0.0177655
0.0183461
0.019021
0.0197501
0.0204602
0.0212039
0.0220243
0.022852
0.0237113
0.0246301
0.0256067
0.0266157
0.0276504
0.0287059
0.0298017
0.0309497
0.0321435
0.0333944
0.0346686
0.0360057
0.0373714
0.0388026
0.0402686
0.0417964
0.0433789
0.045003
0.0467169
0.0484372
0.0502804
0.0520729
0.0540094
0.0558681
0.0577786
0.0595864
0.0608168
0.0183934
0.0190213
0.018178
0.016584
0.015074
0.0140085
0.0135403
0.0136568
0.0140741
0.0145864
0.015145
0.0156772
0.016131
0.0166109
0.0171911
0.0177783
0.0183558
0.0190287
0.019756
0.0204648
0.0212084
0.022029
0.0228568
0.0237162
0.024635
0.025611
0.0266186
0.0276529
0.0287091
0.0298053
0.0309532
0.0321463
0.0333965
0.0346706
0.0360078
0.0373732
0.0388045
0.0402703
0.0417981
0.0433806
0.0450046
0.0467183
0.0484385
0.0502816
0.0520746
0.0540115
0.0558722
0.0577839
0.0595951
0.0608232
0.0182969
0.0189664
0.0181797
0.016629
0.0151348
0.0140663
0.0135744
0.0136652
0.0140707
0.0145833
0.0151516
0.0156959
0.0161544
0.0166323
0.0172088
0.0177915
0.0183655
0.0190365
0.0197622
0.0204698
0.021213
0.0220337
0.0228616
0.0237212
0.0246402
0.0256154
0.0266217
0.0276556
0.0287124
0.029809
0.0309567
0.0321491
0.0333988
0.0346728
0.03601
0.0373751
0.0388064
0.0402721
0.0417999
0.0433823
0.0450063
0.0467197
0.0484398
0.0502829
0.0520764
0.0540138
0.0558765
0.0577893
0.059604
0.0608297
0.0182073
0.0189142
0.0181748
0.0166676
0.0151901
0.014121
0.0136083
0.013675
0.0140679
0.014579
0.0151561
0.0157132
0.0161777
0.0166543
0.0172271
0.0178052
0.0183756
0.0190446
0.0197686
0.0204747
0.0212176
0.0220385
0.0228666
0.0237263
0.0246454
0.02562
0.0266249
0.0276584
0.0287158
0.0298128
0.0309604
0.0321521
0.0334012
0.034675
0.0360122
0.0373771
0.0388085
0.040274
0.0418018
0.0433841
0.045008
0.0467213
0.0484411
0.0502842
0.0520784
0.0540162
0.0558809
0.0577949
0.0596131
0.0608366
0.0181202
0.0188642
0.0181622
0.0166995
0.0152412
0.0141727
0.0136412
0.0136851
0.014066
0.0145745
0.0151592
0.0157289
0.0162001
0.0166765
0.0172463
0.01782
0.0183861
0.0190526
0.0197748
0.0204798
0.0212225
0.0220436
0.0228717
0.0237316
0.0246507
0.0256246
0.0266282
0.0276613
0.0287193
0.0298167
0.0309642
0.0321552
0.0334036
0.0346774
0.0360146
0.0373792
0.0388106
0.040276
0.0418038
0.043386
0.0450098
0.0467228
0.0484426
0.0502856
0.0520804
0.0540186
0.0558855
0.0578007
0.0596224
0.0608438
0.0180324
0.0188164
0.0181422
0.0167243
0.015288
0.0142213
0.0136724
0.0136955
0.0140656
0.0145701
0.0151603
0.0157424
0.0162215
0.0166989
0.0172667
0.0178358
0.0183969
0.0190606
0.0197812
0.0204851
0.0212274
0.0220486
0.0228769
0.0237369
0.0246562
0.0256295
0.0266318
0.0276644
0.0287229
0.0298208
0.0309681
0.0321584
0.0334062
0.0346798
0.036017
0.0373813
0.0388129
0.0402781
0.0418059
0.0433879
0.0450116
0.0467245
0.0484441
0.0502871
0.0520825
0.0540212
0.0558904
0.0578067
0.0596318
0.0608513
0.0179404
0.0187712
0.0181168
0.0167414
0.0153294
0.0142659
0.0137015
0.0137058
0.0140663
0.0145657
0.0151596
0.0157542
0.0162422
0.0167212
0.0172876
0.0178523
0.0184082
0.0190689
0.0197878
0.0204904
0.0212323
0.0220538
0.0228823
0.0237424
0.0246617
0.0256344
0.0266355
0.0276677
0.0287267
0.0298249
0.0309721
0.0321616
0.0334089
0.0346823
0.0360195
0.0373836
0.0388152
0.0402802
0.041808
0.0433899
0.0450135
0.0467262
0.0484456
0.0502886
0.0520848
0.054024
0.0558954
0.0578128
0.0596414
0.0608591
0.0178416
0.0187282
0.0180867
0.0167493
0.0153645
0.0143075
0.0137296
0.0137156
0.0140674
0.0145613
0.0151576
0.0157644
0.0162614
0.0167426
0.0173089
0.01787
0.0184205
0.0190773
0.0197943
0.0204957
0.0212374
0.0220591
0.0228877
0.0237481
0.0246674
0.0256395
0.0266393
0.0276711
0.0287306
0.0298292
0.0309763
0.032165
0.0334118
0.034685
0.0360221
0.0373859
0.0388176
0.0402824
0.0418102
0.043392
0.0450155
0.046728
0.0484473
0.0502903
0.0520871
0.0540269
0.0559006
0.0578191
0.0596512
0.0608672
0.0177321
0.0186855
0.0180537
0.0167481
0.0153937
0.0143471
0.013756
0.0137235
0.0140687
0.0145576
0.0151545
0.0157729
0.0162794
0.0167632
0.0173305
0.0178889
0.0184333
0.0190857
0.0198008
0.0205013
0.0212426
0.0220644
0.0228933
0.0237538
0.0246732
0.0256447
0.0266434
0.0276747
0.0287347
0.0298335
0.0309805
0.0321686
0.0334147
0.0346878
0.0360249
0.0373883
0.0388201
0.0402847
0.0418125
0.0433942
0.0450176
0.0467299
0.048449
0.050292
0.0520896
0.0540299
0.0559059
0.0578257
0.0596611
0.0608756
0.0176085
0.0186411
0.0180193
0.0167386
0.0154161
0.014383
0.01378
0.0137297
0.0140705
0.0145546
0.0151501
0.0157798
0.0162963
0.0167828
0.0173519
0.0179086
0.018447
0.0190947
0.0198076
0.0205068
0.0212477
0.0220698
0.022899
0.0237598
0.0246792
0.0256501
0.0266476
0.0276785
0.028739
0.029838
0.0309849
0.0321722
0.0334178
0.0346907
0.0360277
0.0373909
0.0388228
0.0402871
0.0418149
0.0433965
0.0450197
0.0467318
0.0484509
0.0502938
0.0520922
0.0540331
0.0559115
0.0578324
0.0596712
0.0608844
0.0174718
0.0185931
0.0179856
0.016722
0.0154298
0.0144147
0.0138032
0.0137343
0.0140715
0.014552
0.0151446
0.0157851
0.0163121
0.0168012
0.0173728
0.0179292
0.0184618
0.0191039
0.0198143
0.0205124
0.0212529
0.0220752
0.0229048
0.0237658
0.0246852
0.0256556
0.026652
0.0276825
0.0287433
0.0298426
0.0309894
0.032176
0.033421
0.0346937
0.0360307
0.0373935
0.0388255
0.0402896
0.0418174
0.0433988
0.045022
0.0467339
0.0484528
0.0502957
0.0520949
0.0540365
0.0559172
0.0578393
0.0596815
0.0608935
0.017322
0.0185388
0.0179534
0.016699
0.0154341
0.0144423
0.0138255
0.0137365
0.0140713
0.0145501
0.0151382
0.0157887
0.0163271
0.0168182
0.0173925
0.0179504
0.0184777
0.0191135
0.0198212
0.0205182
0.021258
0.0220805
0.0229106
0.023772
0.0246915
0.0256613
0.0266567
0.0276867
0.0287478
0.0298474
0.030994
0.0321799
0.0334244
0.0346968
0.0360338
0.0373963
0.0388284
0.0402922
0.04182
0.0434012
0.0450243
0.0467361
0.0484548
0.0502978
0.0520977
0.05404
0.0559232
0.0578464
0.0596919
0.0609029
0.0171606
0.0184757
0.0179227
0.016672
0.0154291
0.0144644
0.013847
0.0137367
0.0140691
0.0145487
0.0151312
0.0157908
0.0163409
0.0168338
0.0174113
0.017972
0.0184946
0.0191238
0.0198283
0.0205239
0.0212631
0.0220859
0.0229166
0.0237782
0.0246978
0.0256671
0.0266615
0.0276911
0.0287526
0.0298522
0.0309987
0.0321839
0.0334279
0.0347001
0.036037
0.0373992
0.0388313
0.0402949
0.0418227
0.0434038
0.0450267
0.0467383
0.0484569
0.0502999
0.0521007
0.0540437
0.0559293
0.0578537
0.0597025
0.0609126
0.01699
0.0184018
0.0178931
0.0166436
0.0154148
0.0144793
0.0138677
0.0137348
0.0140644
0.0145481
0.0151237
0.0157907
0.016354
0.0168487
0.0174286
0.0179935
0.0185124
0.0191347
0.0198356
0.0205298
0.0212684
0.0220913
0.0229225
0.0237846
0.0247044
0.0256731
0.0266665
0.0276958
0.0287575
0.0298572
0.0310036
0.0321881
0.0334316
0.0347036
0.0360403
0.0374021
0.0388345
0.0402977
0.0418255
0.0434065
0.0450292
0.0467407
0.0484591
0.0503022
0.0521038
0.0540476
0.0559356
0.0578613
0.0597133
0.0609227
0.0168144
0.0183162
0.0178625
0.0166154
0.0153924
0.0144854
0.013887
0.0137321
0.0140571
0.0145475
0.0151156
0.0157886
0.0163667
0.0168625
0.017444
0.0180146
0.0185313
0.0191463
0.0198433
0.020536
0.0212734
0.0220965
0.0229285
0.0237911
0.0247109
0.0256794
0.0266718
0.0277006
0.0287625
0.0298624
0.0310086
0.0321924
0.0334354
0.0347072
0.0360438
0.0374053
0.0388377
0.0403006
0.0418284
0.0434092
0.0450318
0.0467432
0.0484613
0.0503046
0.0521071
0.0540517
0.0559421
0.057869
0.0597243
0.0609331
0.0166389
0.0182189
0.0178284
0.0165889
0.0153632
0.0144813
0.0139047
0.0137291
0.0140455
0.0145459
0.0151078
0.0157846
0.0163781
0.0168755
0.0174578
0.0180351
0.0185507
0.0191587
0.0198513
0.0205422
0.0212786
0.0221017
0.0229345
0.0237977
0.0247177
0.0256857
0.0266773
0.0277057
0.0287678
0.0298677
0.0310138
0.0321969
0.0334394
0.0347109
0.0360474
0.0374086
0.038841
0.0403036
0.0418314
0.0434121
0.0450344
0.0467458
0.0484637
0.0503071
0.0521104
0.054056
0.0559488
0.057877
0.0597354
0.0609438
0.0164678
0.0181113
0.0177884
0.0165638
0.0153294
0.0144664
0.0139188
0.013726
0.0140301
0.0145438
0.0151007
0.015778
0.0163882
0.0168882
0.01747
0.0180544
0.0185705
0.0191718
0.0198599
0.0205486
0.0212839
0.0221069
0.0229405
0.0238044
0.0247246
0.0256923
0.026683
0.027711
0.0287732
0.0298731
0.031019
0.0322015
0.0334436
0.0347148
0.0360511
0.037412
0.0388446
0.0403068
0.0418345
0.0434151
0.0450372
0.0467485
0.0484662
0.0503098
0.052114
0.0540604
0.0559557
0.0578852
0.0597467
0.0609548
0.016305
0.0179958
0.0177391
0.0165391
0.015294
0.0144404
0.0139273
0.0137243
0.0140113
0.0145393
0.0150935
0.015769
0.0163972
0.016901
0.0174803
0.0180724
0.0185904
0.0191854
0.019869
0.0205555
0.021289
0.022112
0.0229465
0.023811
0.0247315
0.0256991
0.0266891
0.0277165
0.0287788
0.0298787
0.0310245
0.0322063
0.0334479
0.0347189
0.036055
0.0374156
0.0388482
0.0403102
0.0418378
0.0434182
0.0450401
0.0467514
0.0484688
0.0503126
0.0521177
0.0540651
0.0559627
0.0578935
0.0597582
0.0609662
0.0161513
0.0178747
0.0176793
0.0165132
0.015259
0.0144038
0.0139276
0.0137237
0.0139891
0.0145315
0.0150875
0.0157585
0.0164043
0.0169134
0.0174891
0.0180889
0.0186103
0.0191995
0.0198786
0.0205626
0.0212944
0.0221172
0.0229525
0.0238178
0.0247385
0.0257059
0.0266954
0.0277224
0.0287846
0.0298843
0.0310301
0.0322112
0.0334524
0.0347231
0.0360591
0.0374194
0.0388519
0.0403136
0.0418412
0.0434215
0.0450431
0.0467544
0.0484715
0.0503155
0.0521215
0.05407
0.05597
0.0579021
0.0597699
0.0609779
0.0160065
0.0177516
0.0176088
0.0164825
0.0152253
0.0143589
0.0139176
0.013724
0.0139649
0.01452
0.0150825
0.015746
0.0164085
0.0169258
0.0174967
0.0181038
0.0186299
0.0192139
0.0198887
0.0205701
0.0212997
0.0221224
0.0229587
0.0238245
0.0247456
0.0257129
0.0267018
0.0277285
0.0287907
0.0298902
0.0310359
0.0322163
0.0334571
0.0347276
0.0360633
0.0374233
0.0388559
0.0403172
0.0418447
0.0434248
0.0450462
0.0467576
0.0484744
0.0503186
0.0521255
0.0540751
0.0559775
0.0579109
0.0597817
0.0609899
0.015869
0.0176286
0.0175274
0.0164434
0.0151934
0.0143083
0.0138955
0.0137241
0.01394
0.0145032
0.0150771
0.0157322
0.0164104
0.0169387
0.0175032
0.0181165
0.0186488
0.0192282
0.0198993
0.0205783
0.021305
0.0221275
0.022965
0.0238314
0.0247527
0.0257201
0.0267085
0.0277348
0.0287969
0.0298964
0.0310418
0.0322215
0.0334619
0.0347322
0.0360677
0.0374274
0.03886
0.040321
0.0418483
0.0434282
0.0450494
0.0467609
0.0484774
0.0503219
0.0521297
0.0540803
0.0559851
0.0579199
0.0597937
0.0610022
0.0157362
0.0175068
0.0174373
0.0163942
0.0151617
0.0142552
0.0138605
0.0137213
0.0139151
0.0144813
0.0150716
0.015718
0.0164092
0.0169512
0.017509
0.0181271
0.0186669
0.0192425
0.0199101
0.0205872
0.0213105
0.0221324
0.0229714
0.0238384
0.0247599
0.0257273
0.0267155
0.0277414
0.0288032
0.0299025
0.0310481
0.0322269
0.033467
0.034737
0.0360722
0.0374317
0.0388642
0.0403249
0.0418521
0.043432
0.0450528
0.0467643
0.0484805
0.0503254
0.052134
0.0540858
0.055993
0.0579291
0.0598059
0.0610148
0.0156058
0.0173864
0.0173409
0.0163331
0.0151273
0.0142021
0.0138124
0.0137132
0.0138918
0.0144544
0.015065
0.0157035
0.0164039
0.0169629
0.0175149
0.0181358
0.0186841
0.0192564
0.0199209
0.0205965
0.0213162
0.0221374
0.0229779
0.0238454
0.0247671
0.0257348
0.0267227
0.0277484
0.0288098
0.0299089
0.0310543
0.0322326
0.0334724
0.034742
0.0360769
0.0374361
0.0388686
0.040329
0.041856
0.0434357
0.0450563
0.046768
0.0484837
0.050329
0.0521386
0.0540915
0.0560011
0.0579385
0.0598182
0.0610277
0.0154764
0.017267
0.0172398
0.0162597
0.0150869
0.0141504
0.0137532
0.0136974
0.0138705
0.0144223
0.0150555
0.0156897
0.0163959
0.0169738
0.0175203
0.0181423
0.0187001
0.01927
0.0199314
0.0206066
0.0213225
0.0221422
0.0229847
0.0238527
0.024774
0.0257423
0.0267302
0.0277555
0.0288166
0.0299156
0.0310608
0.0322382
0.0334779
0.0347473
0.0360819
0.0374408
0.0388731
0.0403332
0.0418601
0.0434397
0.0450599
0.0467718
0.0484871
0.0503328
0.0521433
0.0540974
0.0560094
0.0579481
0.0598307
0.0610408
0.0153468
0.0171466
0.0171351
0.0161754
0.0150372
0.0141008
0.0136859
0.0136701
0.0138504
0.0143871
0.0150423
0.0156765
0.0163848
0.0169832
0.017526
0.0181463
0.0187145
0.0192832
0.0199416
0.0206171
0.0213292
0.022147
0.0229916
0.0238604
0.0247812
0.0257495
0.0267378
0.027763
0.0288236
0.0299224
0.0310676
0.0322442
0.0334836
0.0347527
0.036087
0.0374457
0.0388779
0.0403377
0.0418643
0.0434437
0.0450637
0.0467757
0.0484907
0.0503368
0.0521483
0.0541035
0.0560178
0.0579579
0.0598434
0.0610543
0.0152165
0.0170243
0.0170274
0.0160823
0.0149752
0.0140518
0.0136134
0.0136297
0.0138306
0.0143503
0.0150248
0.0156636
0.0163702
0.0169902
0.0175329
0.0181489
0.0187268
0.0192957
0.0199511
0.0206278
0.0213366
0.0221517
0.0229986
0.0238685
0.0247886
0.0257571
0.0267454
0.0277704
0.0288308
0.0299295
0.0310745
0.0322505
0.0334897
0.0347583
0.0360922
0.0374507
0.0388828
0.0403424
0.0418687
0.043448
0.0450676
0.0467799
0.0484943
0.0503409
0.0521534
0.0541098
0.0560265
0.0579679
0.0598561
0.061068
0.0150851
0.0168994
0.0169153
0.0159821
0.0149
0.0139999
0.0135396
0.0135768
0.0138082
0.0143119
0.0150017
0.0156515
0.0163536
0.0169941
0.01754
0.01815
0.0187375
0.0193074
0.0199595
0.0206384
0.0213449
0.0221567
0.0230054
0.0238769
0.024796
0.0257646
0.0267535
0.0277781
0.0288379
0.0299368
0.0310817
0.0322568
0.033496
0.0347644
0.0360979
0.037456
0.0388878
0.0403471
0.0418733
0.0434525
0.0450717
0.0467842
0.0484982
0.0503452
0.0521587
0.0541162
0.0560354
0.0579781
0.059869
0.0610819
0.0149516
0.0167713
0.0167968
0.0158765
0.014812
0.0139414
0.0134662
0.0135118
0.0137806
0.0142742
0.0149731
0.015639
0.0163362
0.0169946
0.017547
0.0181493
0.0187459
0.0193193
0.0199673
0.0206482
0.0213536
0.0221621
0.0230125
0.0238857
0.0248038
0.025772
0.0267615
0.0277862
0.0288455
0.0299442
0.031089
0.0322634
0.0335025
0.0347705
0.0361037
0.0374617
0.0388931
0.0403522
0.0418779
0.043457
0.045076
0.0467887
0.0485023
0.0503498
0.0521643
0.0541228
0.0560443
0.0579884
0.0598821
0.0610961
0.014814
0.0166398
0.0166709
0.0157652
0.0147128
0.013873
0.0133931
0.0134364
0.0137459
0.0142384
0.01494
0.0156247
0.0163174
0.0169908
0.0175544
0.018148
0.0187512
0.0193298
0.0199751
0.0206583
0.0213628
0.0221675
0.0230192
0.0238948
0.0248121
0.0257796
0.0267695
0.027794
0.0288531
0.0299522
0.0310967
0.0322701
0.0335093
0.0347768
0.0361096
0.0374673
0.0388987
0.0403576
0.0418829
0.0434617
0.0450803
0.0467934
0.0485065
0.0503545
0.0521701
0.0541298
0.0560536
0.0579989
0.0598951
0.0611105
0.0146696
0.0165047
0.0165375
0.0156466
0.0146035
0.0137921
0.0133195
0.0133539
0.0137009
0.0142036
0.0149038
0.0156086
0.0162989
0.0169822
0.0175606
0.018147
0.018754
0.0193384
0.0199811
0.0206679
0.0213735
0.0221744
0.0230259
0.0239035
0.0248204
0.0257873
0.0267778
0.0278023
0.0288606
0.02996
0.0311048
0.0322774
0.0335164
0.0347835
0.036116
0.0374733
0.0389041
0.040363
0.041888
0.0434669
0.0450851
0.0467982
0.0485109
0.0503593
0.052176
0.0541368
0.056063
0.0580098
0.0599084
0.061125
0.0145165
0.0163649
0.0163963
0.0155192
0.0144858
0.0136979
0.0132431
0.0132671
0.0136442
0.0141671
0.0148653
0.0155899
0.0162821
0.0169703
0.0175642
0.0181452
0.0187542
0.0193463
0.0199867
0.0206757
0.0213838
0.0221824
0.023034
0.0239128
0.0248292
0.0257949
0.0267854
0.0278104
0.0288687
0.0299682
0.0311128
0.0322848
0.0335239
0.0347904
0.0361226
0.0374796
0.0389101
0.0403687
0.0418932
0.0434719
0.0450899
0.0468034
0.0485156
0.0503644
0.0521822
0.0541439
0.0560725
0.0580206
0.0599218
0.0611397
0.0143527
0.0162174
0.0162474
0.0153818
0.0143601
0.0135903
0.0131605
0.0131789
0.0135775
0.0141284
0.0148251
0.0155663
0.0162661
0.016956
0.0175653
0.0181437
0.0187515
0.0193513
0.0199918
0.0206838
0.0213944
0.0221901
0.0230418
0.0239226
0.0248389
0.0258036
0.0267933
0.0278181
0.0288763
0.0299765
0.0311214
0.0322925
0.0335315
0.0347976
0.0361295
0.037486
0.0389161
0.0403748
0.0418987
0.0434773
0.0450948
0.0468085
0.0485205
0.0503698
0.0521887
0.0541513
0.0560822
0.0580316
0.059935
0.0611546
0.0141775
0.0160594
0.0160901
0.015233
0.0142251
0.0134702
0.013068
0.0130892
0.0135028
0.0140866
0.014786
0.0155382
0.0162489
0.0169388
0.0175626
0.0181435
0.0187481
0.019354
0.0199954
0.0206904
0.0214055
0.0221995
0.02305
0.0239314
0.0248479
0.0258127
0.0268019
0.0278266
0.0288847
0.0299848
0.0311297
0.0323007
0.0335395
0.0348049
0.0361366
0.0374928
0.0389224
0.040381
0.0419044
0.0434829
0.0451003
0.0468141
0.0485255
0.0503751
0.0521953
0.0541589
0.056092
0.0580428
0.0599485
0.0611695
0.0139908
0.0158884
0.0159228
0.0150717
0.0140792
0.0133392
0.0129646
0.0129973
0.0134215
0.0140388
0.0147479
0.0155075
0.0162306
0.0169194
0.0175536
0.0181412
0.0187437
0.0193558
0.0200002
0.0206971
0.0214161
0.0222095
0.0230594
0.0239412
0.0248567
0.025821
0.0268096
0.027834
0.0288933
0.0299944
0.031139
0.0323091
0.0335478
0.0348126
0.036144
0.0374995
0.0389288
0.0403874
0.0419102
0.0434887
0.0451057
0.0468199
0.0485309
0.0503809
0.0522021
0.0541666
0.0561019
0.058054
0.059962
0.0611846
0.0137915
0.0157016
0.0157419
0.0148962
0.0139196
0.0131965
0.01285
0.0129039
0.0133381
0.0139859
0.0147109
0.0154751
0.0162109
0.0168998
0.017539
0.0181349
0.0187361
0.0193529
0.0200037
0.020705
0.0214284
0.0222208
0.0230692
0.0239513
0.0248665
0.0258306
0.0268183
0.0278414
0.0289009
0.0300029
0.0311482
0.0323184
0.0335566
0.0348207
0.036152
0.0375068
0.0389355
0.040394
0.0419161
0.0434947
0.0451113
0.0468256
0.0485364
0.0503868
0.0522093
0.0541746
0.0561121
0.0580656
0.0599755
0.0611996
0.0135776
0.0154962
0.0155435
0.0147045
0.0137441
0.0130404
0.0127217
0.0128054
0.013255
0.0139294
0.0146751
0.0154429
0.0161884
0.0168802
0.0175218
0.0181266
0.0187284
0.0193472
0.0200045
0.0207108
0.0214392
0.0222332
0.0230807
0.0239619
0.0248755
0.0258397
0.0268276
0.0278497
0.0289097
0.0300125
0.0311573
0.0323271
0.0335654
0.0348289
0.03616
0.0375142
0.0389425
0.040401
0.0419224
0.0435009
0.0451171
0.0468316
0.048542
0.0503926
0.0522164
0.0541826
0.0561223
0.0580772
0.0599893
0.0612157
0.0133475
0.01527
0.015324
0.0144939
0.0135514
0.0128719
0.0125818
0.0127001
0.0131722
0.0138703
0.0146388
0.0154113
0.0161622
0.0168581
0.0175007
0.0181139
0.0187205
0.019342
0.0200061
0.0207182
0.0214497
0.0222441
0.0230914
0.0239728
0.024885
0.0258487
0.0268366
0.0278578
0.0289182
0.0300227
0.0311684
0.0323377
0.033575
0.0348377
0.0361686
0.0375218
0.0389494
0.040408
0.0419286
0.0435072
0.045123
0.0468374
0.0485476
0.0503986
0.0522234
0.0541902
0.0561318
0.0580881
0.0600018
0.0612291
0.0130934
0.0150167
0.015077
0.0142585
0.013338
0.0126898
0.0124329
0.0125899
0.0130919
0.0138104
0.0146003
0.0153804
0.0161332
0.0168334
0.0174771
0.018096
0.0187096
0.0193354
0.0200065
0.0207266
0.0214627
0.0222571
0.0231027
0.0239823
0.0248927
0.0258563
0.0268452
0.027866
0.0289266
0.0300322
0.0311787
0.0323485
0.0335859
0.0348479
0.0361787
0.0375312
0.0389585
0.0404169
0.0419367
0.0435152
0.0451306
0.0468452
0.048555
0.050406
0.0522321
0.0541997
0.0561434
0.058101
0.0600168
0.061247
0.0128159
0.0147337
0.0148002
0.0139965
0.0131032
0.0124946
0.0122793
0.0124797
0.0130175
0.0137546
0.0145603
0.0153487
0.0161005
0.0168035
0.0174508
0.0180758
0.018699
0.0193314
0.0200078
0.0207357
0.0214757
0.0222701
0.0231154
0.0239935
0.0249007
0.0258628
0.0268523
0.0278728
0.0289333
0.0300399
0.0311872
0.0323563
0.0335925
0.0348541
0.0361849
0.0375366
0.0389634
0.040422
0.0419412
0.04352
0.0451349
0.0468497
0.0485594
0.0504107
0.0522378
0.054206
0.0561515
0.0581106
0.0600278
0.0612586
0.0124813
0.0143908
0.0144616
0.0136827
0.0128338
0.0122805
0.0121212
0.0123726
0.0129508
0.0137068
0.0145224
0.0153161
0.0160648
0.0167682
0.0174204
0.0180516
0.0186872
0.0193317
0.020015
0.0207508
0.0214953
0.0222879
0.0231317
0.0240089
0.0249144
0.0258759
0.0268663
0.027887
0.0289469
0.0300538
0.0312029
0.0323726
0.0336079
0.0348684
0.0361991
0.0375497
0.0389757
0.0404338
0.0419521
0.0435308
0.045145
0.0468597
0.0485689
0.05042
0.0522484
0.054217
0.0561644
0.0581245
0.0600435
0.0612775
0.012115
0.0139839
0.0140459
0.013295
0.0125065
0.0120262
0.011941
0.012255
0.012877
0.0136502
0.0144672
0.0152617
0.016007
0.0167099
0.0173706
0.0180108
0.0186601
0.0193194
0.0200093
0.0207521
0.0215021
0.0222938
0.0231366
0.0240123
0.0249149
0.0258756
0.0268676
0.0278901
0.0289501
0.0300571
0.0312075
0.0323774
0.0336119
0.0348726
0.0362035
0.0375536
0.0389793
0.0404379
0.0419558
0.0435347
0.0451484
0.0468635
0.0485727
0.0504241
0.0522533
0.0542226
0.0561717
0.0581336
0.060054
0.0612885
0.011846
0.0136364
0.0136713
0.0129563
0.0122461
0.0118565
0.0118598
0.0122368
0.0128859
0.0136576
0.0144568
0.0152387
0.0159753
0.0166742
0.0173445
0.017998
0.0186615
0.0193374
0.0200323
0.0207771
0.0215303
0.0223184
0.0231588
0.0240342
0.0249351
0.0258935
0.026885
0.0279085
0.0289677
0.0300733
0.031226
0.0323967
0.0336291
0.0348881
0.036219
0.037568
0.0389924
0.0404503
0.0419675
0.0435462
0.0451591
0.0468739
0.0485828
0.0504337
0.0522641
0.0542336
0.0561842
0.0581468
0.0600688
0.0613062
0.010868
0.0126765
0.0128298
0.0122918
0.0117718
0.011555
0.011704
0.0121645
0.0128368
0.013599
0.0143772
0.0151487
0.0158868
0.0165915
0.0172799
0.0179526
0.0186312
0.0193255
0.0200292
0.0207768
0.0215357
0.0223229
0.0231599
0.0240347
0.0249347
0.0258934
0.0268869
0.0279139
0.0289739
0.0300778
0.0312317
0.0324037
0.0336358
0.0348949
0.0362261
0.037575
0.0389989
0.040457
0.0419737
0.0435523
0.0451644
0.0468796
0.0485884
0.0504393
0.0522705
0.0542406
0.0561929
0.0581572
0.0600805
0.0613195
0.0109876
0.0122734
0.0122606
0.011813
0.0114772
0.0114301
0.0116962
0.0121978
0.0128538
0.0135813
0.0143264
0.015081
0.0158215
0.0165378
0.0172477
0.0179438
0.0186353
0.019343
0.0200515
0.0207955
0.0215562
0.0223421
0.0231758
0.0240519
0.0249514
0.0259064
0.0268982
0.0279271
0.0289875
0.0300892
0.031245
0.0324188
0.0336484
0.0349055
0.0362373
0.0375858
0.0390081
0.0404658
0.0419824
0.0435611
0.0451726
0.0468877
0.0485961
0.0504466
0.0522785
0.0542487
0.0562018
0.0581673
0.060091
0.0613308
0.00864183
0.0105227
0.0111304
0.0112434
0.0113211
0.0115093
0.011836
0.0122919
0.0128714
0.0135381
0.0142499
0.0149939
0.0157424
0.0164751
0.0172081
0.0179281
0.018633
0.019353
0.0200705
0.0208131
0.0215755
0.0223615
0.0231887
0.0240638
0.0249648
0.0259196
0.0269125
0.0279446
0.0290062
0.0301045
0.03126
0.0324357
0.0336656
0.0349214
0.0362535
0.0376017
0.0390229
0.0404802
0.0419959
0.043574
0.045184
0.046899
0.048607
0.0504568
0.0522892
0.0542597
0.0562146
0.0581809
0.0601068
0.0613508
0.00675704
0.00765126
0.00894616
0.0101143
0.0109821
0.0115351
0.0119374
0.0123533
0.0128545
0.0134509
0.0141261
0.0148624
0.0156272
0.0163879
0.0171508
0.0178993
0.0186201
0.0193487
0.0200721
0.0208113
0.0215737
0.0223623
0.0231873
0.0240643
0.0249683
0.02592
0.0269112
0.027946
0.0290091
0.0301058
0.0312621
0.0324404
0.0336687
0.0349226
0.0362555
0.0376046
0.0390242
0.0404816
0.0419978
0.043576
0.0451858
0.0469011
0.0486091
0.0504589
0.0522923
0.054263
0.0562183
0.0581862
0.0601124
0.0613556
0.00567542
0.0079424
0.00937483
0.0103197
0.0110084
0.0115465
0.0120052
0.0124469
0.0129245
0.0134772
0.014117
0.0148318
0.0155931
0.0163676
0.0171468
0.0179132
0.0186476
0.0193832
0.0201128
0.0208498
0.0216085
0.0223975
0.0232153
0.0240889
0.0249956
0.0259461
0.0269373
0.0279742
0.029038
0.0301317
0.0312861
0.0324658
0.0336955
0.0349473
0.0362801
0.0376288
0.0390469
0.0405034
0.0420183
0.0435956
0.0452033
0.0469183
0.0486256
0.0504741
0.0523072
0.054278
0.0562349
0.0582028
0.0601312
0.0613798
0.00460089
0.0058676
0.0075809
0.00917694
0.0104404
0.0113322
0.0119484
0.012435
0.0129
0.0134243
0.0140456
0.0147476
0.0155055
0.016292
0.0170877
0.0178707
0.0186218
0.0193666
0.0201035
0.020842
0.0215989
0.0223918
0.0232091
0.024082
0.0249927
0.0259419
0.0269312
0.0279703
0.0290356
0.0301287
0.0312826
0.0324641
0.0336938
0.0349439
0.0362771
0.0376272
0.0390441
0.0405007
0.0420163
0.0435938
0.0452014
0.0469167
0.0486241
0.0504727
0.0523065
0.0542775
0.0562346
0.0582042
0.0601324
0.0613797
0.00317076
0.00609772
0.00810587
0.00952809
0.0105669
0.0113434
0.0119479
0.0124529
0.0129286
0.0134521
0.0140712
0.0147699
0.0155212
0.0163058
0.0171031
0.0178882
0.0186437
0.0193928
0.0201338
0.0208761
0.0216318
0.0224255
0.0232418
0.0241108
0.0250226
0.025973
0.0269618
0.028001
0.0290669
0.0301585
0.0313106
0.0324915
0.0337237
0.0349728
0.036305
0.0376546
0.0390707
0.0405261
0.0420398
0.0436168
0.045222
0.0469365
0.048643
0.05049
0.052323
0.0542938
0.056252
0.0582215
0.0601523
0.0614058
)
;

boundaryField
{
    zeroGradientPlanes
    {
        type            zeroGradient;
    }
    inlet
    {
        type            zeroGradient;
    }
    plate
    {
        type            zeroGradient;
    }
    frontAndBack
    {
        type            empty;
    }
}


// ************************************************************************* //
