/*--------------------------------*- C++ -*----------------------------------*\
| =========                 |                                                 |
| \\      /  F ield         | OpenFOAM: The Open Source CFD Toolbox           |
|  \\    /   O peration     | Version:  v2012                                 |
|   \\  /    A nd           | Website:  www.openfoam.com                      |
|    \\/     M anipulation  |                                                 |
\*---------------------------------------------------------------------------*/
FoamFile
{
    version     2.0;
    format      ascii;
    class       volScalarField;
    location    "0.2";
    object      p;
}
// * * * * * * * * * * * * * * * * * * * * * * * * * * * * * * * * * * * * * //

dimensions      [0 2 -2 0 0 0 0];


internalField   nonuniform List<scalar> 
7000
(
-6.89624e-11
0.00302076
0.00101181
0.00235265
0.00127682
0.00194323
0.00253672
0.00174399
0.000564654
0.00487563
-0.000226751
0.00160859
-0.00183546
-0.000567043
-0.00218958
-0.00180419
-0.00225893
-0.00193158
-0.00207699
-0.00178111
1.88175e-06
0.00301667
0.00101478
0.0023489
0.00129253
0.00193774
0.00252852
0.00174401
0.000581092
0.00484965
-0.000187575
0.00158235
-0.00181666
-0.000563038
-0.00218301
-0.00179672
-0.00225077
-0.0019243
-0.00207158
-0.00181814
4.40224e-06
0.00301069
0.00101965
0.00234421
0.00130699
0.00193752
0.00251816
0.00174495
0.000592762
0.00481118
-0.000147045
0.00154105
-0.00177258
-0.00056713
-0.0021538
-0.00179435
-0.00222478
-0.00192292
-0.00206385
-0.00187161
7.30909e-06
0.00300394
0.00102529
0.00234215
0.0013198
0.00194426
0.00250298
0.0017452
0.00060512
0.0047561
-0.000103669
0.00149069
-0.0017145
-0.000580219
-0.00210931
-0.00180285
-0.00219417
-0.00193239
-0.00206274
-0.00193915
1.10743e-05
0.00299629
0.00103199
0.0023424
0.00133132
0.00195574
0.00248183
0.00174514
0.000621434
0.00468456
-5.3406e-05
0.00143149
-0.0016473
-0.000601006
-0.00205959
-0.00182026
-0.00216526
-0.00194768
-0.00206718
-0.00200704
1.60227e-05
0.00298766
0.00104001
0.0023438
0.00134159
0.00196963
0.00245554
0.00174483
0.000643105
0.00460099
4.99832e-06
0.00136368
-0.00157364
-0.0006283
-0.00200804
-0.00184172
-0.00213704
-0.00196264
-0.00207558
-0.00206601
2.22202e-05
0.0029781
0.00104934
0.0023456
0.00135074
0.00198445
0.00242595
0.00174406
0.00066988
0.00451072
7.04907e-05
0.00128942
-0.00149548
-0.000659718
-0.00195424
-0.00186414
-0.00210807
-0.00197584
-0.00208857
-0.00211683
2.9557e-05
0.0029678
0.00105984
0.00234753
0.00135906
0.00199946
0.00239506
0.00174248
0.000700879
0.00441759
0.000141407
0.00121096
-0.00141475
-0.00069288
-0.00189883
-0.00188672
-0.00207948
-0.00198859
-0.00210689
-0.00216314
3.78396e-05
0.00295692
0.00107139
0.00234955
0.00136695
0.00201447
0.00236441
0.00173978
0.00073539
0.00432346
0.000216653
0.00112937
-0.00133275
-0.000726738
-0.00184369
-0.00190919
-0.00205365
-0.00200109
-0.00213009
-0.00220691
4.68658e-05
0.00294561
0.00108385
0.00235177
0.00137477
0.00202951
0.00233496
0.00173571
0.000773029
0.00422886
0.000295716
0.00104483
-0.00125002
-0.000761268
-0.00179016
-0.00193085
-0.00203231
-0.00201203
-0.0021573
-0.00224885
5.64693e-05
0.00293395
0.00109709
0.00235434
0.00138286
0.00204461
0.0023072
0.00173016
0.000813582
0.0041337
0.000378313
0.000957256
-0.00116675
-0.000796412
-0.00173874
-0.0019507
-0.00201637
-0.00202047
-0.00218788
-0.00228953
6.65301e-05
0.00292199
0.001111
0.00235729
0.00139145
0.00205971
0.00228143
0.00172299
0.000856891
0.00403766
0.000464173
0.000866616
-0.00108303
-0.000831561
-0.00169001
-0.00196767
-0.0020065
-0.00202661
-0.00222122
-0.00232968
7.69679e-05
0.00290975
0.00112552
0.0023606
0.00140075
0.00207464
0.00225778
0.00171407
0.000902794
0.00394046
0.000552977
0.000773158
-0.000998974
-0.000865746
-0.00164495
-0.00198067
-0.0020034
-0.00203132
-0.00225637
-0.00237
8.77301e-05
0.0028972
0.0011406
0.00236412
0.00141091
0.00208916
0.00223633
0.00170324
0.0009511
0.00384187
0.000644316
0.000677483
-0.000914944
-0.000897752
-0.00160464
-0.00198881
-0.00200746
-0.00203572
-0.00229214
-0.00241088
9.87855e-05
0.00288432
0.0011562
0.0023677
0.00142207
0.00210297
0.0022171
0.00169031
0.00100155
0.00374172
0.000737674
0.000580627
-0.000831624
-0.000926043
-0.00156999
-0.00199142
-0.00201846
-0.00204105
-0.00232744
-0.0024523
0.000110122
0.00287108
0.00117232
0.00237119
0.00143437
0.00211577
0.00220006
0.00167511
0.00105386
0.00363998
0.000832345
0.000484154
-0.000750053
-0.000948859
-0.00154148
-0.00198815
-0.00203533
-0.00204855
-0.00236142
-0.00249381
0.000121746
0.00285745
0.00118897
0.00237444
0.00144798
0.00212721
0.00218516
0.00165744
0.00110766
0.00353688
0.000927398
0.000389935
-0.00067163
-0.000965623
-0.0015191
-0.00197896
-0.00205625
-0.00205913
-0.00239336
-0.00253455
0.000133679
0.00284341
0.00120616
0.00237736
0.00146305
0.00213701
0.00217237
0.00163717
0.00116256
0.00343297
0.00102182
0.000300031
-0.000598088
-0.000969821
-0.0015025
-0.00196416
-0.00207882
-0.00207314
-0.00242262
-0.00257325
0.000145957
0.0028289
0.00122392
0.00237987
0.00147974
0.00214487
0.00216165
0.00161428
0.00121815
0.00332901
0.00111462
0.000216646
-0.000531334
-0.000962974
-0.00149106
-0.00194443
-0.00210044
-0.00209039
-0.00244869
-0.00260832
0.000158623
0.00281389
0.00124231
0.0023819
0.00149821
0.00215055
0.00215298
0.00158883
0.00127404
0.003226
0.00120465
0.00014167
-0.000472906
-0.00094467
-0.00148394
-0.001921
-0.00211879
-0.00211027
-0.00247128
-0.00263816
0.000171724
0.00279834
0.00126139
0.00238341
0.00151864
0.00215385
0.00214634
0.00156099
0.00132982
0.00312514
0.00129064
7.64071e-05
-0.000423815
-0.000915086
-0.00148001
-0.00189566
-0.0021322
-0.00213186
-0.00249042
-0.00266158
0.000185311
0.00278217
0.00128122
0.00238433
0.00154116
0.00215464
0.00214168
0.00153109
0.00138492
0.00302777
0.00137151
2.16649e-05
-0.000384752
-0.000875263
-0.00147789
-0.00187039
-0.00213989
-0.00215423
-0.00250653
-0.00267812
0.000199435
0.00276534
0.00130187
0.00238462
0.00156593
0.00215281
0.00213888
0.00149959
0.00143864
0.00293521
0.00144631
-2.21128e-05
-0.000356016
-0.000826852
-0.00147605
-0.00184712
-0.00214211
-0.00217671
-0.00252019
-0.00268777
0.000214147
0.00274776
0.00132342
0.00238422
0.00159349
0.00214831
0.00213775
0.00146714
0.00149011
0.00284882
0.00151416
-5.47676e-05
-0.000337816
-0.000771462
-0.00147239
-0.00182745
-0.00213998
-0.00219891
-0.00253195
-0.00269088
0.000229504
0.00272937
0.00134594
0.00238305
0.00162307
0.00214115
0.002138
0.00143453
0.00153829
0.00276984
0.00157442
-7.6483e-05
-0.000330204
-0.000692644
-0.00146457
-0.00181239
-0.00213498
-0.00222052
-0.00254235
-0.00268812
0.000245565
0.00271007
0.00136952
0.00238106
0.00165498
0.00213139
0.0021392
0.0014027
0.0015821
0.00269907
0.00162665
-8.77841e-05
-0.000332595
-0.000628069
-0.0014512
-0.00180243
-0.00212825
-0.00224112
-0.002552
-0.00268025
0.000262393
0.00268976
0.0013942
0.00237819
0.00168936
0.00211914
0.00214081
0.00137274
0.0016206
0.00263686
0.00167062
-8.93515e-05
-0.000343593
-0.000566194
-0.00143223
-0.00179739
-0.00212045
-0.00226004
-0.00256138
-0.00266793
0.000280056
0.00266834
0.00142007
0.0023744
0.00172623
0.00210464
0.00214212
0.00134582
0.00165309
0.00258336
0.00170642
-8.23434e-05
-0.000363567
-0.000507904
-0.00140806
-0.00179679
-0.00211235
-0.00227645
-0.00257034
-0.00265173
0.000298628
0.0026457
0.00144717
0.00236967
0.00176548
0.0020883
0.00214229
0.00132304
0.00167901
0.00253865
0.00173463
-6.83907e-05
-0.000385195
-0.000453659
-0.00137893
-0.00180017
-0.0021049
-0.00228936
-0.00257816
-0.00263215
0.000318191
0.00262173
0.00147555
0.00236404
0.00180688
0.00207066
0.00214034
0.00130529
0.00169822
0.00250231
0.00175606
-4.90956e-05
-0.000402031
-0.000404559
-0.0013453
-0.00180743
-0.002099
-0.00229715
-0.00258353
-0.00260959
0.00033883
0.0025963
0.00150523
0.00235756
0.00185023
0.00205239
0.00213521
0.00129322
0.0017108
0.00247354
0.00177211
-2.6546e-05
-0.000418083
-0.000360312
-0.00130735
-0.00181849
-0.00209589
-0.00229821
-0.00258427
-0.00258405
0.000360638
0.0025693
0.0015362
0.00235029
0.00189526
0.00203437
0.00212601
0.00128716
0.00171702
0.00245136
0.00178486
-2.5691e-06
-0.000433309
-0.000320419
-0.00126491
-0.00183252
-0.0020972
-0.00229216
-0.00257788
-0.00255493
0.000383711
0.00254061
0.00156843
0.00234239
0.00194152
0.00201759
0.00211205
0.00128708
0.00171764
0.00243423
0.00179641
2.18679e-05
-0.000448517
-0.00028475
-0.00121755
-0.00184767
-0.00210401
-0.00228001
-0.00256223
-0.00252113
0.000408154
0.00251003
0.00160186
0.00233408
0.0019884
0.00200298
0.00209274
0.00129271
0.00171389
0.00242026
0.00180863
4.58925e-05
-0.000464939
-0.000253464
-0.00116435
-0.00186145
-0.00211643
-0.00226351
-0.0025359
-0.00248119
0.000434065
0.00247759
0.00163639
0.00232566
0.00203525
0.00199148
0.00206768
0.00130343
0.00170738
0.00240747
0.00182274
6.97701e-05
-0.000483511
-0.000227274
-0.00110497
-0.00187062
-0.00213366
-0.0022446
-0.00249797
-0.00243348
0.000461545
0.00244326
0.00167184
0.00231746
0.00208137
0.00198388
0.00203688
0.0013183
0.0016999
0.00239349
0.00183943
9.52809e-05
-0.000504596
-0.000208166
-0.00104059
-0.00187133
-0.00215378
-0.0022253
-0.00244818
-0.00237648
0.000490703
0.00240696
0.00170794
0.00230997
0.00212611
0.00198067
0.00200063
0.00133603
0.00169384
0.00237643
0.00185831
0.000124825
-0.000527688
-0.000198623
-0.000973466
-0.00186059
-0.00217357
-0.00220688
-0.00238751
-0.00230965
0.000521648
0.00236872
0.0017443
0.00230372
0.00216888
0.00198217
0.0019595
0.00135503
0.00169177
0.00235579
0.00187705
0.000160022
-0.000550666
-0.000199056
-0.0009067
-0.00183816
-0.00218959
-0.00218907
-0.00231727
-0.00223336
0.000554469
0.00232864
0.00178049
0.00229934
0.00220902
0.00198843
0.00191468
0.00137331
0.00169542
0.00233191
0.00189309
0.000201217
-0.000570798
-0.000208867
-0.000842851
-0.00180537
-0.00219973
-0.00217119
-0.00223849
-0.00214736
0.000589266
0.00228683
0.00181596
0.00229741
0.00224613
0.00199931
0.00186767
0.00138864
0.00170552
0.00230604
0.00190449
0.000248293
-0.000585984
-0.00022615
-0.000782782
-0.00176358
-0.00220274
-0.00215412
-0.00215295
-0.00205076
0.00062613
0.00224355
0.00185001
0.0022984
0.00228011
0.0020142
0.0018202
0.0013991
0.00172194
0.00228112
0.00190979
0.000298823
-0.000594434
-0.000247448
-0.000726945
-0.00171418
-0.00219791
-0.00213958
-0.00206433
-0.00194312
0.000665137
0.00219903
0.0018819
0.00230283
0.00231102
0.00203205
0.00177446
0.00140325
0.00174321
0.0022609
0.00190848
0.000348675
-0.000595094
-0.000269002
-0.000674178
-0.00165799
-0.00218517
-0.00212845
-0.00197823
-0.00182506
0.000706362
0.0021536
0.00191083
0.00231112
0.00233917
0.00205174
0.00173254
0.0014006
0.00176682
0.00224797
0.00190117
0.000395149
-0.000588364
-0.000289263
-0.000620997
-0.00159465
-0.00216415
-0.00212068
-0.00189999
-0.00169956
0.00074985
0.0021076
0.00193594
0.00232348
0.00236526
0.00207209
0.00169597
0.00139184
0.00178983
0.00224297
0.00189052
0.000436761
-0.000576848
-0.000308182
-0.000564063
-0.00152211
-0.00213307
-0.00211552
-0.00183331
-0.00157236
0.000795606
0.00206141
0.00195647
0.0023402
0.00238994
0.00209173
0.00166587
0.0013783
0.00180921
0.00224539
0.00188052
0.000472449
-0.000563121
-0.000323953
-0.000502305
-0.00143774
-0.00209026
-0.00210976
-0.00178116
-0.00144998
0.000843627
0.00201546
0.00197172
0.00236128
0.00241413
0.00210901
0.0016424
0.00136196
0.00182276
0.00225426
0.00187453
0.000502456
-0.000548935
-0.000337709
-0.000436762
-0.00134015
-0.00203325
-0.00209691
-0.00174491
-0.001339
0.000893897
0.00197021
0.00198112
0.00238636
0.00243859
0.00212281
0.00162518
0.00134533
0.00182976
0.00226664
0.00187421
0.000530286
-0.000535683
-0.000353493
-0.000368355
-0.00122809
-0.00195971
-0.00207096
-0.00172075
-0.00124418
0.000946341
0.00192615
0.00198418
0.00241496
0.0024439
0.00213257
0.00161344
0.00133079
0.00183022
0.00227857
0.00187984
0.000560803
-0.000523217
-0.000373939
-0.000299356
-0.00109978
-0.00186852
-0.00203091
-0.00169953
-0.00116468
0.00100085
0.00188384
0.00198053
0.00244644
0.00247074
0.00213813
0.00160547
0.00132034
0.00182471
0.00228738
0.00189089
0.00059688
-0.000509028
-0.000399757
-0.000234948
-0.000954858
-0.00175831
-0.00197684
-0.00167264
-0.00109533
0.00105727
0.00184385
0.00197005
0.00247958
0.00250452
0.00214019
0.00159891
0.00131497
0.00181532
0.00229153
0.00190444
0.000640372
-0.00048676
-0.000429237
-0.000182503
-0.000799391
-0.00162717
-0.0019047
-0.00163439
-0.00102997
0.00111534
0.00180676
0.00195294
0.0025129
0.00254471
0.00213994
0.00159141
0.00131481
0.001805
0.00229078
0.00191672
0.000691446
-0.000450225
-0.000460316
-0.00014886
-0.000643717
-0.00147352
-0.00181033
-0.00157965
-0.000961966
0.00117476
0.0017731
0.00192956
0.00254477
0.00259263
0.00213911
0.00158047
0.00131978
0.00179665
0.00228504
0.00192518
0.000747804
-0.000396334
-0.000486608
-0.000134836
-0.000498282
-0.00130153
-0.00169312
-0.00150075
-0.000884044
0.0012352
0.00174344
0.0019005
0.00257348
0.00264819
0.00213993
0.00156424
0.00132885
0.00179221
0.00227572
0.00192914
0.000804451
-0.000325547
-0.000494287
-0.00013336
-0.000373461
-0.0011205
-0.00155356
-0.0013946
-0.000790436
0.00129628
0.00171838
0.00186655
0.0025974
0.00271233
0.00214485
0.00154208
0.00133957
0.0017933
0.0022659
0.00192909
0.000855098
-0.000241236
-0.00047176
-0.000135643
-0.000273097
-0.000941081
-0.00139401
-0.00126671
-0.000680666
0.0013576
0.00169846
0.00182854
0.00261493
0.00278135
0.00215687
0.00151408
0.00134841
0.00180171
0.00225807
0.00192599
0.000895573
-9.76851e-05
-0.000412356
-0.000125701
-0.00019045
-0.000772753
-0.00122065
-0.00112051
-0.000557605
0.00141877
0.0016842
0.00178745
0.00262472
0.00285442
0.0021785
0.00148118
0.00135156
0.00181794
0.00225446
0.00192297
0.000923164
1.1166e-05
-0.000321878
-8.80706e-05
-0.000116782
-0.00062005
-0.00104555
-0.000966849
-0.000426868
0.00147938
0.00167601
0.00174438
0.00262561
0.0029305
0.00221134
0.00144576
0.00134519
0.00184094
0.00225819
0.00192268
0.000940007
9.4582e-05
-0.000202965
-9.56218e-06
-3.22298e-05
-0.000478999
-0.000884051
-0.000823708
-0.000298286
0.00153906
0.00167419
0.00170063
0.00261662
0.00300795
0.00225667
0.0014113
0.0013262
0.00186775
0.00227313
0.00192666
0.000952481
0.000153994
-7.58375e-05
0.00010954
8.47122e-05
-0.000343217
-0.000743732
-0.0007079
-0.000184152
0.00159738
0.00167891
0.00165759
0.00259715
0.00308471
0.00231503
0.00138179
0.00129343
0.00189347
0.00230313
0.00193684
0.000966372
0.00019704
3.44153e-05
0.000260126
0.000246658
-0.000196394
-0.000616526
-0.000621688
-9.3825e-05
0.00165397
0.00169023
0.00161654
0.00256689
0.00315863
0.00238621
0.00136144
0.00124775
0.00191137
0.0023506
0.00195687
0.000983998
0.000223041
0.000121759
0.000420632
0.000446566
-1.80396e-05
-0.000492476
-0.000552435
-2.75892e-05
0.00170851
0.00170805
0.00157885
0.00252617
0.00322724
0.00246944
0.001354
0.00119231
0.00191336
0.00241407
0.00199321
0.00100658
0.000245693
0.000189908
0.000566486
0.00067204
0.000203205
-0.000349783
-0.000489222
2.21834e-05
0.00176069
0.00173201
0.00154607
0.00247577
0.00328789
0.00256348
0.00136219
0.00113233
0.00189329
0.00248806
0.00205425
0.00103567
0.000274457
0.000242799
0.000686965
0.00089561
0.000457714
-0.000163739
-0.000402593
7.0327e-05
0.00181023
0.00176163
0.00151943
0.00241686
0.00333803
0.00266685
0.00138785
0.00107362
0.0018491
0.00256333
0.00214647
0.00107601
0.000304714
0.00028531
0.000785274
0.00109617
0.00073243
7.66375e-05
-0.000257285
0.000139413
0.00185695
0.00179631
0.00150076
0.00235111
0.00337519
0.00277746
0.00143201
0.00102193
0.00178178
0.00262812
0.0022707
0.00113703
0.000332376
0.00031968
0.000867643
0.00127063
0.00100723
0.000358303
-4.24187e-05
0.000250989
0.00190067
0.00183535
0.00149106
0.00228035
0.00339697
0.00289285
0.00149476
0.000982891
0.00169598
0.0026702
0.00242193
0.00123065
0.000364074
0.000337514
0.000935158
0.00142992
0.00127189
0.000667861
0.000223282
0.000409336
0.00194137
0.00187793
0.00149134
0.00220693
0.0034013
0.0030106
0.00157586
0.00096072
0.00159931
0.00267949
0.00259024
0.00136463
0.000406416
0.000335173
0.000979902
0.00158221
0.00153266
0.000991577
0.000522858
0.000605094
0.001979
0.00192328
0.00150246
0.00213343
0.00338688
0.00312751
0.00167477
0.000957231
0.00150131
0.00264999
0.00276314
0.00154266
0.000471145
0.000322909
0.000988602
0.00172346
0.00180094
0.00132617
0.000839747
0.000822868
0.0020136
0.00197096
0.00152499
0.00206245
0.0033531
0.0032383
0.00179067
0.000972922
0.00141165
0.00258094
0.00293061
0.00176515
0.000572063
0.00031718
0.000960849
0.00183219
0.0020747
0.00168012
0.00116724
0.00104907
0.0020454
0.00201916
0.00155909
0.00199592
0.00329974
0.00333999
0.00192283
0.00100754
0.00133837
0.00247891
0.00306472
0.00202558
0.00071805
0.000335673
0.000910007
0.00189053
0.00233423
0.00205822
0.00152109
0.00128417
0.00207476
0.00206687
0.00160447
0.00193734
0.00322828
0.00342911
0.00206984
0.00106078
0.00128645
0.00235712
0.00314842
0.00231332
0.000916787
0.000392961
0.000856706
0.00189598
0.00255281
0.00244361
0.00191558
0.00154355
0.0021021
0.00211346
0.00165987
0.00188877
0.00314178
0.00350132
0.00222925
0.00113292
0.00125756
0.00223149
0.00317318
0.00260198
0.00117385
0.000497614
0.000822433
0.00185871
0.00270888
0.00280335
0.00234015
0.00184118
0.0021278
0.00215838
0.00172412
0.00185212
0.00304427
0.00355251
0.00239724
0.00122513
0.00125118
0.00211746
0.00314007
0.00286414
0.00148228
0.000655308
0.000826273
0.00179742
0.00279326
0.00310403
0.00276102
0.00217207
0.00215237
0.00220092
0.00179439
0.00182905
0.00294093
0.00358006
0.0025678
0.00133858
0.00126515
0.00202647
0.003061
0.00307657
0.00183004
0.000868736
0.00087963
0.00173149
0.00280849
0.00332168
0.00313498
0.00251293
0.00217636
0.00224065
0.00186934
0.00182078
0.00283547
0.00358246
0.00273496
0.00147471
0.00129689
0.00196214
0.00295039
0.00322373
0.00218987
0.0011354
0.000987236
0.00168312
0.00276842
0.00344435
0.00342576
0.00283297
0.00220019
0.00227741
0.00194669
0.00182814
0.00273543
0.00355877
0.00289071
0.00163452
0.00134586
0.00192338
0.00283413
0.0033012
0.00253304
0.00145276
0.00114995
0.00167181
0.00269316
0.00347463
0.00361366
0.00310527
0.00222433
0.00231119
0.0020243
0.00185086
0.00264411
0.00351056
0.00302927
0.00181543
0.00141421
0.00190772
0.0027349
0.00331863
0.0028319
0.00180525
0.00136368
0.00170675
0.00260654
0.00343134
0.00370024
0.00331441
0.00224917
0.00234203
0.00210031
0.00188817
0.00256502
0.00344266
0.00314555
0.00201095
0.00150451
0.00191154
0.00266396
0.0032918
0.00306678
0.00216673
0.00162256
0.00179202
0.00253251
0.00333891
0.00370528
0.00345914
0.00227493
0.00237026
0.0021733
0.0019384
0.00250059
0.00336155
0.00323627
0.00221285
0.00161925
0.00193238
0.00262054
0.00324331
0.00323205
0.00251019
0.00191564
0.0019271
0.00249044
0.00322623
0.00365401
0.00354864
0.00230174
0.00239643
0.00224213
0.00199913
0.00245271
0.00327392
0.00329945
0.00241262
0.00175946
0.00197058
0.00260014
0.00319541
0.00333643
0.00281191
0.00222376
0.00210498
0.00249375
0.00312289
0.00357341
0.00359674
0.00232965
0.00242106
0.00230598
0.00206765
0.00242214
0.00318618
0.00333561
0.00260035
0.00192195
0.00202802
0.00259836
0.00316094
0.00339474
0.00305712
0.00252645
0.0023172
0.00254885
0.003054
0.00349255
0.00362019
0.00235861
0.00244462
0.00236444
0.00214117
0.0024089
0.003104
0.00334777
0.00276981
0.00212228
0.00212208
0.00261316
0.00314252
0.00342448
0.00324465
0.00280621
0.00255083
0.002654
0.00303473
0.00343555
0.00363581
0.00238843
0.00246753
0.0024175
0.00221728
0.00241225
0.00303167
0.00334068
0.00291455
0.00231164
0.00222819
0.00264257
0.0031386
0.00344241
0.00338395
0.003051
0.00278999
0.00280019
0.00306991
0.00341794
0.00365834
0.0024189
0.00248188
0.00246537
0.0022929
0.00243052
0.00297242
0.00332045
0.00303352
0.00250036
0.00235575
0.00268816
0.00314744
0.00345924
0.00348703
0.00325672
0.00302151
0.00297607
0.00315531
0.00344529
0.00369794
0.00245003
0.00250655
0.00250869
0.00236694
0.00246163
0.00292812
0.0032931
0.003128
0.00267991
0.00249973
0.00275162
0.00316829
0.00347981
0.00356635
0.00342678
0.00323659
0.00316751
0.0032796
0.0035139
0.00375857
0.00248155
0.00253189
0.00254806
0.00243807
0.00250287
0.00289941
0.00326405
0.00320045
0.0028443
0.00265356
0.00283335
0.00320161
0.00350641
0.00363262
0.00356832
0.00343077
0.00336195
0.00343031
0.00361494
0.00383925
0.00251318
0.00255783
0.00258438
0.00250525
0.00255136
0.00288583
0.00323778
0.00325468
0.00299026
0.00281018
0.0029316
0.00324826
0.00354032
0.00369302
0.00368835
0.0036033
0.00354998
0.00359488
0.00373976
0.00393692
0.00254464
0.0025844
0.0026184
0.00256789
0.00260471
0.00288657
0.00321767
0.00329531
0.00311685
0.00296305
0.00304238
0.00330836
0.00358253
0.00375189
0.00379308
0.00375602
0.00372603
0.00376227
0.00387823
0.00404685
0.00257565
0.00261151
0.00265067
0.00262569
0.0026612
0.0028999
0.00320577
0.0033268
0.00322491
0.00310714
0.00316069
0.00338104
0.0036335
0.00381185
0.00388746
0.00389148
0.00388714
0.00392413
0.00402068
0.00416348
0.00260598
0.00263897
0.00268165
0.00267875
0.00271815
0.00292305
0.00320279
0.00335294
0.00331631
0.0032392
0.00328138
0.00346426
0.00369305
0.00387411
0.00397473
0.00401226
0.00403244
0.00407544
0.00416015
0.00428176
0.0026354
0.00266651
0.00271163
0.0027274
0.00277385
0.00295358
0.00320851
0.00337671
0.00339357
0.00335773
0.00339981
0.0035546
0.0037602
0.00393905
0.00405679
0.00412064
0.00416254
0.00421394
0.00429228
0.00439766
0.00266371
0.00269369
0.00274071
0.00277197
0.00282727
0.00298909
0.00322195
0.00340016
0.00345938
0.00346252
0.00351236
0.00364826
0.00383313
0.00400647
0.0041349
0.00421845
0.00427851
0.00433895
0.0044147
0.00450842
0.00269068
0.00271992
0.00276884
0.00281276
0.00287758
0.00302741
0.00324166
0.00342445
0.00351625
0.00355421
0.0036165
0.00374142
0.0039092
0.00407527
0.00420959
0.0043073
0.0043818
0.00445067
0.00452621
0.00461212
0.00271613
0.00274549
0.00279585
0.00284997
0.00292416
0.00306667
0.00326604
0.00344999
0.00356612
0.00363382
0.00371059
0.00383084
0.00398583
0.00414407
0.00428062
0.00438808
0.00447378
0.00455002
0.00462658
0.0047075
0.00273984
0.00276973
0.00282146
0.0028837
0.00296655
0.00310518
0.00329328
0.00347646
0.0036102
0.00370242
0.0037939
0.00391383
0.00406025
0.00421138
0.00434761
0.00446105
0.00455496
0.00463756
0.00471608
0.00479421
0.00276154
0.00279221
0.00284526
0.00291387
0.00300441
0.00314158
0.00332154
0.00350304
0.00364917
0.00376088
0.0038662
0.0039884
0.00412936
0.00427494
0.00440989
0.00452671
0.00462614
0.0047135
0.00479417
0.00487123
0.00278098
0.0028125
0.00286672
0.00294023
0.00303739
0.00317478
0.00334903
0.0035286
0.00368335
0.00381002
0.00392737
0.00405332
0.00419107
0.00433209
0.00446548
0.00458451
0.00468804
0.00477888
0.00486118
0.00493778
0.00279787
0.00283022
0.00288534
0.0029625
0.003065
0.00320351
0.00337405
0.00355182
0.00371241
0.00385031
0.00397767
0.00410792
0.00424448
0.00438183
0.00451256
0.00463186
0.00473875
0.00483388
0.00491847
0.00499421
0.00281185
0.00284497
0.00290057
0.0029803
0.00308695
0.00322674
0.00339487
0.00357124
0.00373534
0.00388119
0.00401648
0.00415096
0.00428811
0.00442441
0.00455342
0.00467032
0.00477398
0.00486686
0.00495208
0.00503174
0.00282242
0.0028565
0.00291219
0.00299383
0.00310389
0.00324504
0.00341161
0.00358658
0.00375273
0.00390388
0.0040448
0.00418227
0.00431905
0.00445378
0.00458269
0.0047023
0.00481081
0.00490794
0.00499433
0.00507109
0.00282998
0.00286397
0.00291781
0.00299969
0.0031114
0.00325328
0.00341883
0.00359243
0.00375855
0.00391195
0.00405655
0.00419741
0.00433583
0.00447009
0.00459677
0.00471312
0.00481824
0.00491301
0.00499925
0.00507836
-0.00185909
-0.00793711
-0.0099224
-0.00765274
-0.00498389
-0.00271983
-0.000916599
0.000448524
0.00166304
0.0029019
0.00408398
0.00516578
0.00624408
0.00733479
0.00845194
0.00966054
0.0109089
0.0121568
0.0134697
0.0148362
0.0161886
0.0175502
0.0189703
0.0204369
0.0219302
0.0234594
0.025036
0.0266598
0.0283309
0.030053
0.0318313
0.033669
0.035571
0.0375393
0.0395796
0.0416924
0.0438843
0.0461553
0.048511
0.0509546
0.0534862
0.0561167
0.0588398
0.0616669
0.0646068
0.0676363
0.0708173
0.0740902
0.0773529
0.0808931
-0.00186006
-0.00786868
-0.00987973
-0.00763581
-0.00497439
-0.00271357
-0.000912026
0.000452064
0.00166582
0.00290413
0.00408584
0.0051673
0.00624527
0.0073357
0.0084526
0.00966101
0.0109092
0.012157
0.0134698
0.0148363
0.0161886
0.0175503
0.0189703
0.0204369
0.0219302
0.0234594
0.025036
0.0266598
0.0283309
0.030053
0.0318313
0.033669
0.035571
0.0375393
0.0395796
0.0416924
0.0438843
0.0461553
0.048511
0.0509546
0.0534862
0.0561167
0.0588398
0.0616669
0.0646068
0.0676363
0.0708173
0.0740902
0.0773529
0.0808931
-0.00193508
-0.00777194
-0.00980989
-0.00761366
-0.00496378
-0.00270662
-0.000907204
0.0004556
0.00166852
0.00290629
0.00408764
0.00516877
0.00624644
0.0073366
0.00845325
0.00966148
0.0109096
0.0121573
0.01347
0.0148364
0.0161887
0.0175503
0.0189703
0.0204369
0.0219302
0.0234594
0.025036
0.0266598
0.0283309
0.030053
0.0318313
0.033669
0.035571
0.0375393
0.0395796
0.0416924
0.0438843
0.0461553
0.048511
0.0509546
0.0534862
0.0561167
0.0588398
0.0616669
0.0646068
0.0676363
0.0708173
0.0740902
0.0773529
0.0808931
-0.00201203
-0.00764086
-0.00970382
-0.00758004
-0.00494929
-0.00269724
-0.000900999
0.00045994
0.00167177
0.00290883
0.00408972
0.00517052
0.00624788
0.00733774
0.0084541
0.0096621
0.0109101
0.0121576
0.0134702
0.0148365
0.0161888
0.0175504
0.0189703
0.020437
0.0219302
0.0234594
0.025036
0.0266598
0.0283309
0.030053
0.0318313
0.033669
0.035571
0.0375393
0.0395796
0.0416924
0.0438843
0.0461553
0.048511
0.0509546
0.0534862
0.0561167
0.0588398
0.0616669
0.0646068
0.0676363
0.0708173
0.0740902
0.077353
0.0808932
-0.0020696
-0.00748168
-0.00956802
-0.00753475
-0.00492983
-0.00268432
-0.000892513
0.000465787
0.00167615
0.00291217
0.00409242
0.00517285
0.00624991
0.00733943
0.0084554
0.00966306
0.0109108
0.0121581
0.0134706
0.0148368
0.016189
0.0175505
0.0189704
0.020437
0.0219302
0.0234594
0.025036
0.0266598
0.0283309
0.030053
0.0318313
0.033669
0.035571
0.0375393
0.0395796
0.0416924
0.0438843
0.0461553
0.048511
0.0509546
0.0534862
0.0561167
0.0588398
0.0616669
0.0646068
0.0676363
0.0708173
0.0740902
0.077353
0.0808933
-0.00211732
-0.00730877
-0.009416
-0.00748219
-0.00490656
-0.00266801
-0.000881548
0.000473427
0.00168196
0.00291661
0.00409599
0.00517601
0.00625279
0.00734193
0.00845739
0.00966457
0.0109119
0.012159
0.0134712
0.0148372
0.0161892
0.0175507
0.0189705
0.0204371
0.0219303
0.0234595
0.025036
0.0266598
0.0283309
0.030053
0.0318313
0.033669
0.035571
0.0375393
0.0395796
0.0416924
0.0438843
0.0461553
0.048511
0.0509546
0.0534862
0.0561167
0.0588398
0.0616669
0.0646068
0.0676363
0.0708173
0.0740903
0.0773531
0.0808935
-0.00216508
-0.0071303
-0.00925491
-0.00742558
-0.00488107
-0.0026492
-0.000868463
0.000482756
0.00168921
0.00292222
0.00410056
0.00518017
0.0062567
0.00734544
0.00846028
0.00966679
0.0109136
0.0121603
0.0134721
0.0148378
0.0161897
0.017551
0.0189707
0.0204372
0.0219303
0.0234595
0.0250361
0.0266598
0.0283309
0.030053
0.0318313
0.033669
0.035571
0.0375393
0.0395796
0.0416924
0.0438843
0.0461553
0.048511
0.0509546
0.0534862
0.0561167
0.0588398
0.0616669
0.0646068
0.0676363
0.0708173
0.0740903
0.0773532
0.0808937
-0.00221489
-0.006948
-0.00908665
-0.00736607
-0.00485432
-0.00262872
-0.000853788
0.000493418
0.00169766
0.00292889
0.00410613
0.00518537
0.0062617
0.00735004
0.00846419
0.00966986
0.010916
0.0121621
0.0134735
0.0148388
0.0161903
0.0175515
0.0189711
0.0204374
0.0219305
0.0234596
0.0250361
0.0266598
0.0283309
0.030053
0.0318314
0.033669
0.035571
0.0375393
0.0395796
0.0416924
0.0438843
0.0461553
0.048511
0.0509546
0.0534862
0.0561167
0.0588398
0.0616669
0.0646068
0.0676363
0.0708173
0.0740903
0.0773534
0.0808939
-0.00226502
-0.00676155
-0.00891133
-0.00730384
-0.00482675
-0.00260706
-0.00083793
0.000505053
0.00170696
0.00293635
0.00411255
0.00519153
0.00626771
0.00735565
0.00846905
0.00967376
0.0109191
0.0121646
0.0134754
0.0148401
0.0161912
0.0175521
0.0189716
0.0204378
0.0219307
0.0234597
0.0250362
0.0266598
0.0283309
0.030053
0.0318314
0.033669
0.035571
0.0375393
0.0395796
0.0416924
0.0438843
0.0461553
0.048511
0.0509546
0.0534862
0.0561167
0.0588398
0.0616669
0.0646068
0.0676363
0.0708173
0.0740903
0.0773535
0.0808942
-0.00231405
-0.0065711
-0.00872877
-0.00723874
-0.00479852
-0.00258445
-0.000821109
0.000517408
0.00171685
0.00294436
0.00411961
0.00519848
0.00627457
0.00736211
0.00847473
0.00967839
0.0109228
0.0121676
0.0134778
0.0148417
0.0161923
0.017553
0.0189723
0.0204382
0.021931
0.0234599
0.0250363
0.0266599
0.0283309
0.030053
0.0318314
0.033669
0.0355711
0.0375393
0.0395796
0.0416924
0.0438843
0.0461553
0.048511
0.0509546
0.0534862
0.0561167
0.0588398
0.0616669
0.0646068
0.0676363
0.0708173
0.0740903
0.0773537
0.0808945
-0.00236164
-0.00637717
-0.00853869
-0.00717045
-0.0047697
-0.00256097
-0.000803426
0.000530334
0.00172718
0.00295278
0.00412714
0.00520605
0.0062821
0.00736921
0.00848103
0.00968361
0.010927
0.0121711
0.0134805
0.0148437
0.0161937
0.0175541
0.0189731
0.0204388
0.0219313
0.0234601
0.0250364
0.02666
0.028331
0.030053
0.0318314
0.033669
0.0355711
0.0375393
0.0395796
0.0416924
0.0438843
0.0461553
0.048511
0.0509546
0.0534862
0.0561167
0.0588398
0.0616669
0.0646068
0.0676363
0.0708173
0.0740902
0.0773539
0.0808948
-0.00240787
-0.00618017
-0.00834072
-0.00709863
-0.00474034
-0.0025367
-0.000784914
0.000543744
0.00173787
0.00296154
0.00413503
0.00521408
0.00629013
0.00737679
0.00848778
0.00968925
0.0109316
0.012175
0.0134836
0.0148459
0.0161953
0.0175554
0.0189741
0.0204395
0.0219318
0.0234604
0.0250366
0.0266601
0.028331
0.030053
0.0318314
0.033669
0.0355711
0.0375393
0.0395796
0.0416924
0.0438843
0.0461553
0.048511
0.0509546
0.0534862
0.0561167
0.0588398
0.0616669
0.0646068
0.0676363
0.0708173
0.0740902
0.0773541
0.0808952
-0.00245277
-0.00598048
-0.00813467
-0.00702301
-0.00471052
-0.00251172
-0.000765574
0.000557601
0.00174888
0.00297064
0.00414324
0.00522246
0.00629857
0.00738474
0.00849487
0.0096952
0.0109365
0.0121792
0.013487
0.0148484
0.0161971
0.0175568
0.0189752
0.0204403
0.0219323
0.0234608
0.0250368
0.0266602
0.0283311
0.030053
0.0318314
0.0336691
0.0355711
0.0375393
0.0395796
0.0416924
0.0438843
0.0461553
0.048511
0.0509546
0.0534862
0.0561167
0.0588398
0.0616669
0.0646068
0.0676363
0.0708173
0.0740902
0.0773544
0.0808956
-0.00249619
-0.00577866
-0.0079206
-0.00694334
-0.00468035
-0.00248612
-0.000745389
0.000571911
0.00176022
0.00298015
0.00415176
0.00523114
0.00630732
0.007393
0.00850223
0.00970141
0.0109417
0.0121835
0.0134905
0.014851
0.016199
0.0175583
0.0189764
0.0204412
0.0219329
0.0234612
0.0250371
0.0266603
0.0283311
0.0300531
0.0318314
0.0336691
0.0355711
0.0375393
0.0395796
0.0416924
0.0438843
0.0461553
0.048511
0.0509546
0.0534862
0.0561167
0.0588397
0.0616669
0.0646068
0.0676363
0.0708173
0.0740902
0.0773547
0.080896
-0.00253785
-0.00557554
-0.00769885
-0.00685934
-0.0046499
-0.00246001
-0.000724339
0.000586723
0.00177197
0.00299018
0.00416066
0.00524007
0.00631633
0.00740153
0.00850984
0.00970784
0.010947
0.012188
0.0134942
0.0148537
0.016201
0.0175599
0.0189777
0.0204422
0.0219336
0.0234616
0.0250373
0.0266605
0.0283312
0.0300531
0.0318314
0.0336691
0.0355711
0.0375393
0.0395796
0.0416924
0.0438843
0.0461553
0.048511
0.0509546
0.0534862
0.0561167
0.0588397
0.0616669
0.0646068
0.0676363
0.0708173
0.0740902
0.0773549
0.0808965
-0.00257729
-0.00537211
-0.00747005
-0.00677075
-0.00461921
-0.00243349
-0.000702393
0.000602131
0.00178427
0.0030009
0.00417001
0.00524922
0.00632556
0.00741031
0.0085177
0.00971449
0.0109525
0.0121927
0.013498
0.0148566
0.0162031
0.0175615
0.018979
0.0204432
0.0219343
0.0234621
0.0250376
0.0266606
0.0283313
0.0300532
0.0318314
0.0336691
0.0355711
0.0375393
0.0395796
0.0416924
0.0438843
0.0461553
0.048511
0.0509546
0.0534862
0.0561167
0.0588397
0.0616669
0.0646068
0.0676363
0.0708173
0.0740902
0.0773553
0.080897
-0.00261386
-0.0051695
-0.00723503
-0.0066773
-0.0045883
-0.00240667
-0.000679509
0.000618258
0.00179728
0.0030125
0.00417995
0.00525862
0.00633501
0.00741934
0.00852582
0.00972137
0.0109582
0.0121975
0.013502
0.0148595
0.0162053
0.0175633
0.0189805
0.0204442
0.021935
0.0234626
0.025038
0.0266608
0.0283314
0.0300532
0.0318315
0.0336691
0.0355711
0.0375393
0.0395796
0.0416924
0.0438843
0.0461553
0.048511
0.0509546
0.0534862
0.0561167
0.0588397
0.0616669
0.0646068
0.0676363
0.0708172
0.0740902
0.0773556
0.0808975
-0.00264669
-0.00496878
-0.00699477
-0.0065787
-0.00455712
-0.00237964
-0.000655643
0.000635232
0.00181118
0.00302514
0.00419058
0.0052683
0.00634467
0.00742863
0.00853421
0.00972849
0.0109641
0.0122025
0.0135061
0.0148626
0.0162075
0.0175651
0.0189819
0.0204453
0.0219358
0.0234631
0.0250383
0.026661
0.0283315
0.0300533
0.0318315
0.0336691
0.0355711
0.0375393
0.0395796
0.0416924
0.0438843
0.0461553
0.048511
0.0509546
0.0534862
0.0561167
0.0588397
0.0616669
0.0646068
0.0676362
0.0708172
0.0740902
0.077356
0.0808981
-0.0026747
-0.00477087
-0.00675024
-0.00647458
-0.00452552
-0.0023525
-0.000630762
0.000653168
0.00182607
0.00303889
0.00420198
0.00527829
0.00635455
0.00743819
0.00854287
0.00973586
0.0109702
0.0122076
0.0135104
0.0148659
0.0162099
0.0175669
0.0189835
0.0204465
0.0219366
0.0234636
0.0250386
0.0266612
0.0283316
0.0300533
0.0318315
0.0336691
0.0355711
0.0375393
0.0395796
0.0416924
0.0438843
0.0461553
0.048511
0.0509546
0.0534862
0.0561167
0.0588397
0.0616669
0.0646067
0.0676362
0.0708172
0.0740901
0.0773564
0.0808987
-0.00269675
-0.00457641
-0.00650219
-0.00636444
-0.00449331
-0.00232534
-0.000604862
0.000672158
0.00184202
0.00305376
0.00421416
0.00528864
0.00636471
0.00744806
0.00855183
0.0097435
0.0109765
0.012213
0.0135148
0.0148692
0.0162123
0.0175689
0.018985
0.0204477
0.0219374
0.0234642
0.025039
0.0266615
0.0283317
0.0300534
0.0318315
0.0336691
0.0355711
0.0375393
0.0395796
0.0416924
0.0438843
0.0461553
0.048511
0.0509546
0.0534862
0.0561167
0.0588397
0.0616669
0.0646067
0.0676362
0.0708172
0.0740901
0.0773568
0.0808993
-0.00271188
-0.00438583
-0.00625114
-0.00624769
-0.0044602
-0.00229827
-0.000577968
0.000692273
0.00185902
0.00306969
0.00422712
0.0052994
0.00637518
0.00745825
0.00856112
0.00975142
0.010983
0.0122185
0.0135194
0.0148727
0.0162149
0.0175709
0.0189867
0.0204489
0.0219383
0.0234648
0.0250394
0.0266617
0.0283319
0.0300534
0.0318316
0.0336691
0.0355711
0.0375393
0.0395796
0.0416924
0.0438843
0.0461553
0.048511
0.0509546
0.0534862
0.0561167
0.0588397
0.0616669
0.0646067
0.0676362
0.0708172
0.0740901
0.0773573
0.0809
-0.00271944
-0.00419938
-0.00599739
-0.00612363
-0.00442582
-0.0022714
-0.000550143
0.000713565
0.00187709
0.0030866
0.00424081
0.00531061
0.00638602
0.00746881
0.00857074
0.00975964
0.0109898
0.0122242
0.0135242
0.0148764
0.0162176
0.017573
0.0189884
0.0204502
0.0219392
0.0234654
0.0250398
0.026662
0.028332
0.0300535
0.0318316
0.0336692
0.0355711
0.0375393
0.0395796
0.0416924
0.0438843
0.0461553
0.048511
0.0509546
0.0534862
0.0561167
0.0588397
0.0616669
0.0646067
0.0676362
0.0708172
0.0740901
0.0773578
0.0809007
-0.00271907
-0.00401726
-0.00574111
-0.00599149
-0.00438972
-0.00224482
-0.000521483
0.000736079
0.00189622
0.00310445
0.0042552
0.0053223
0.00639727
0.00747976
0.00858071
0.00976816
0.0109969
0.0122302
0.0135292
0.0148802
0.0162203
0.0175752
0.0189902
0.0204516
0.0219402
0.0234661
0.0250403
0.0266622
0.0283321
0.0300536
0.0318316
0.0336692
0.0355711
0.0375393
0.0395797
0.0416924
0.0438843
0.0461553
0.048511
0.0509546
0.0534862
0.0561167
0.0588397
0.0616669
0.0646067
0.0676362
0.0708172
0.0740901
0.0773583
0.0809015
-0.00271062
-0.0038397
-0.00548257
-0.00585054
-0.00435134
-0.00221862
-0.000492115
0.00075985
0.00191644
0.00312319
0.00427029
0.00533451
0.00640897
0.00749112
0.00859105
0.00977701
0.0110042
0.0122364
0.0135344
0.0148842
0.0162232
0.0175775
0.0189921
0.020453
0.0219412
0.0234668
0.0250407
0.0266625
0.0283323
0.0300537
0.0318317
0.0336692
0.0355711
0.0375393
0.0395797
0.0416924
0.0438844
0.0461553
0.048511
0.0509546
0.0534862
0.0561167
0.0588397
0.0616669
0.0646067
0.0676362
0.0708172
0.0740901
0.0773588
0.0809023
-0.00269404
-0.00366689
-0.00522212
-0.00570015
-0.00431003
-0.00219282
-0.000462196
0.000784902
0.00193781
0.00314284
0.00428608
0.00534727
0.00642115
0.00750292
0.00860179
0.00978619
0.0110117
0.0122428
0.0135398
0.0148883
0.0162262
0.0175799
0.0189941
0.0204545
0.0219422
0.0234675
0.0250412
0.0266628
0.0283325
0.0300538
0.0318317
0.0336692
0.0355712
0.0375394
0.0395797
0.0416924
0.0438844
0.0461553
0.048511
0.0509546
0.0534862
0.0561167
0.0588397
0.0616669
0.0646067
0.0676361
0.0708172
0.0740901
0.0773594
0.0809031
-0.00266926
-0.00349898
-0.00496038
-0.00553982
-0.00426501
-0.0021674
-0.000431917
0.000811239
0.0019604
0.00316343
0.00430259
0.00536061
0.00643384
0.00751518
0.00861292
0.00979572
0.0110196
0.0122495
0.0135455
0.0148927
0.0162294
0.0175823
0.0189962
0.0204561
0.0219433
0.0234682
0.0250417
0.0266631
0.0283326
0.0300539
0.0318318
0.0336693
0.0355712
0.0375394
0.0395797
0.0416924
0.0438844
0.0461553
0.048511
0.0509546
0.0534862
0.0561167
0.0588397
0.0616669
0.0646067
0.0676361
0.0708172
0.07409
0.07736
0.080904
-0.00263607
-0.00333596
-0.00469818
-0.00536932
-0.00421542
-0.00214227
-0.000401491
0.000838838
0.00198427
0.00318502
0.00431985
0.00537455
0.00644707
0.00752792
0.00862447
0.00980561
0.0110278
0.0122565
0.0135514
0.0148972
0.0162327
0.0175849
0.0189983
0.0204578
0.0219445
0.023469
0.0250422
0.0266635
0.0283328
0.030054
0.0318319
0.0336693
0.0355712
0.0375394
0.0395797
0.0416924
0.0438844
0.0461553
0.048511
0.0509546
0.0534862
0.0561167
0.0588397
0.0616669
0.0646067
0.0676361
0.0708172
0.07409
0.0773606
0.0809049
-0.00259439
-0.00317768
-0.00443657
-0.00518872
-0.00416025
-0.00211722
-0.000371147
0.000867643
0.00200952
0.00320766
0.00433789
0.00538913
0.00646086
0.00754116
0.00863646
0.00981587
0.0110363
0.0122637
0.0135575
0.014902
0.0162361
0.0175876
0.0190005
0.0204595
0.0219457
0.0234699
0.0250428
0.0266638
0.028333
0.0300541
0.0318319
0.0336693
0.0355712
0.0375394
0.0395797
0.0416925
0.0438844
0.0461553
0.048511
0.0509546
0.0534862
0.0561167
0.0588397
0.0616669
0.0646066
0.0676361
0.0708172
0.07409
0.0773612
0.0809058
-0.00254432
-0.00302379
-0.00417673
-0.00499839
-0.00409842
-0.00209193
-0.000341121
0.000897547
0.00203622
0.00323145
0.00435676
0.00540438
0.00647524
0.00755493
0.00864891
0.00982652
0.0110451
0.0122712
0.0135639
0.0149069
0.0162397
0.0175904
0.0190029
0.0204613
0.021947
0.0234707
0.0250434
0.0266642
0.0283333
0.0300542
0.031832
0.0336694
0.0355713
0.0375394
0.0395797
0.0416925
0.0438844
0.0461553
0.048511
0.0509546
0.0534862
0.0561167
0.0588397
0.0616669
0.0646066
0.0676361
0.0708172
0.07409
0.0773619
0.0809068
-0.00248607
-0.00287375
-0.00391995
-0.00479898
-0.0040288
-0.00206594
-0.000311621
0.000928396
0.00206443
0.00325647
0.00437651
0.00542032
0.00649023
0.00756923
0.00866182
0.00983757
0.0110543
0.012279
0.0135706
0.0149121
0.0162435
0.0175934
0.0190053
0.0204632
0.0219483
0.0234716
0.025044
0.0266646
0.0283335
0.0300543
0.0318321
0.0336694
0.0355713
0.0375394
0.0395797
0.0416925
0.0438844
0.0461553
0.048511
0.0509546
0.0534862
0.0561167
0.0588397
0.0616669
0.0646066
0.067636
0.0708172
0.07409
0.0773626
0.0809079
-0.00242013
-0.00272687
-0.00366749
-0.00459134
-0.00395029
-0.00203865
-0.000282819
0.00095999
0.0020942
0.00328283
0.0043972
0.00543698
0.00650586
0.00758411
0.00867522
0.00984903
0.0110638
0.0122871
0.0135776
0.0149175
0.0162474
0.0175964
0.0190079
0.0204652
0.0219497
0.0234726
0.0250447
0.026665
0.0283337
0.0300545
0.0318322
0.0336695
0.0355713
0.0375394
0.0395797
0.0416925
0.0438844
0.0461553
0.0485111
0.0509546
0.0534862
0.0561167
0.0588397
0.0616669
0.0646066
0.067636
0.0708171
0.07409
0.0773634
0.080909
-0.00234722
-0.00258246
-0.00342058
-0.00437651
-0.00386185
-0.00200933
-0.000254838
0.000992078
0.00212554
0.00331062
0.00441889
0.0054544
0.00652216
0.00759957
0.00868913
0.00986093
0.0110736
0.0122956
0.0135848
0.0149232
0.0162515
0.0175996
0.0190106
0.0204673
0.0219512
0.0234736
0.0250454
0.0266655
0.028334
0.0300546
0.0318322
0.0336695
0.0355714
0.0375395
0.0395798
0.0416925
0.0438844
0.0461553
0.0485111
0.0509546
0.0534862
0.0561167
0.0588397
0.0616669
0.0646066
0.067636
0.0708171
0.07409
0.0773642
0.0809101
-0.00226817
-0.0024399
-0.00318031
-0.00415561
-0.0037626
-0.00197712
-0.000227714
0.00102437
0.00215844
0.00333998
0.00444167
0.00547263
0.00653914
0.00761565
0.00870356
0.00987327
0.0110839
0.0123044
0.0135924
0.0149291
0.0162557
0.0176029
0.0190134
0.0204694
0.0219527
0.0234747
0.0250461
0.0266659
0.0283343
0.0300548
0.0318323
0.0336696
0.0355714
0.0375395
0.0395798
0.0416925
0.0438844
0.0461553
0.0485111
0.0509546
0.0534862
0.0561167
0.0588397
0.0616669
0.0646066
0.067636
0.0708171
0.07409
0.077365
0.0809113
-0.00218384
-0.00229855
-0.00294758
-0.00392991
-0.00365177
-0.00194106
-0.00020138
0.00105655
0.00219281
0.003371
0.00446564
0.00549169
0.00655685
0.00763237
0.00871854
0.00988608
0.0110945
0.0123135
0.0136003
0.0149352
0.0162602
0.0176064
0.0190163
0.0204717
0.0219543
0.0234758
0.0250469
0.0266664
0.0283346
0.030055
0.0318325
0.0336697
0.0355714
0.0375395
0.0395798
0.0416925
0.0438844
0.0461553
0.0485111
0.0509546
0.0534862
0.0561167
0.0588397
0.0616669
0.0646065
0.0676359
0.0708171
0.0740901
0.0773658
0.0809125
-0.0020951
-0.00215774
-0.00272296
-0.00370074
-0.00352888
-0.00190013
-0.000175636
0.00108828
0.00222852
0.0034038
0.00449091
0.00551165
0.00657529
0.00764975
0.00873409
0.00989937
0.0111056
0.012323
0.0136085
0.0149417
0.0162648
0.01761
0.0190193
0.0204741
0.021956
0.023477
0.0250477
0.026667
0.0283349
0.0300552
0.0318326
0.0336697
0.0355715
0.0375396
0.0395798
0.0416925
0.0438844
0.0461554
0.0485111
0.0509546
0.0534862
0.0561167
0.0588397
0.0616669
0.0646065
0.0676359
0.0708171
0.0740901
0.0773666
0.0809138
-0.00200279
-0.00201697
-0.00250674
-0.00346956
-0.00339375
-0.0018532
-0.000150105
0.00111926
0.00226535
0.00343844
0.00451762
0.00553256
0.0065945
0.00766781
0.00875023
0.00991315
0.0111171
0.0123329
0.0136171
0.0149484
0.0162697
0.0176138
0.0190225
0.0204766
0.0219578
0.0234782
0.0250486
0.0266675
0.0283353
0.0300554
0.0318327
0.0336698
0.0355715
0.0375396
0.0395798
0.0416925
0.0438844
0.0461554
0.0485111
0.0509546
0.0534862
0.0561167
0.0588396
0.0616669
0.0646065
0.0676359
0.070817
0.0740901
0.0773675
0.0809151
-0.00190771
-0.00187588
-0.0022989
-0.00323785
-0.00324658
-0.0017991
-0.000124209
0.00114928
0.00230299
0.00347496
0.0045459
0.00555451
0.00661452
0.00768659
0.00876699
0.00992746
0.011129
0.0123432
0.0136261
0.0149554
0.0162748
0.0176178
0.0190259
0.0204792
0.0219597
0.0234795
0.0250495
0.0266682
0.0283357
0.0300556
0.0318328
0.0336699
0.0355716
0.0375396
0.0395799
0.0416926
0.0438845
0.0461554
0.0485111
0.0509546
0.0534862
0.0561167
0.0588396
0.0616669
0.0646065
0.0676358
0.070817
0.0740901
0.0773685
0.0809164
-0.00181047
-0.00173414
-0.00209895
-0.00300706
-0.00308804
-0.00173666
-9.71699e-05
0.00117818
0.00234109
0.00351335
0.00457592
0.00557759
0.00663536
0.0077061
0.00878438
0.0099423
0.0111414
0.0123539
0.0136354
0.0149627
0.0162801
0.0176219
0.0190294
0.020482
0.0219616
0.0234809
0.0250505
0.0266688
0.0283361
0.0300559
0.031833
0.03367
0.0355717
0.0375397
0.0395799
0.0416926
0.0438845
0.0461554
0.0485111
0.0509546
0.0534862
0.0561167
0.0588396
0.0616669
0.0646064
0.0676358
0.070817
0.0740902
0.0773694
0.0809179
-0.00171112
-0.00159166
-0.00190611
-0.00277858
-0.00291933
-0.00166483
-6.80002e-05
0.00120593
0.00237926
0.00355355
0.00460781
0.00560191
0.00665708
0.00772636
0.00880243
0.0099577
0.0111542
0.012365
0.0136451
0.0149704
0.0162856
0.0176263
0.019033
0.0204848
0.0219637
0.0234823
0.0250515
0.0266695
0.0283365
0.0300561
0.0318332
0.0336701
0.0355717
0.0375397
0.0395799
0.0416926
0.0438845
0.0461554
0.0485111
0.0509546
0.0534862
0.0561167
0.0588396
0.0616669
0.0646064
0.0676358
0.0708169
0.0740902
0.0773704
0.0809193
-0.00160909
-0.00144863
-0.00171941
-0.00255356
-0.00274201
-0.00158265
-3.5548e-05
0.00123266
0.00241709
0.00359542
0.00464173
0.00562762
0.00667972
0.00774739
0.00882116
0.00997368
0.0111676
0.0123766
0.0136552
0.0149784
0.0162914
0.0176308
0.0190368
0.0204879
0.0219658
0.0234839
0.0250525
0.0266702
0.028337
0.0300564
0.0318333
0.0336702
0.0355718
0.0375398
0.03958
0.0416926
0.0438845
0.0461554
0.0485111
0.0509546
0.0534862
0.0561167
0.0588396
0.0616669
0.0646064
0.0676357
0.0708169
0.0740903
0.0773714
0.0809208
-0.00150293
-0.00130526
-0.00153777
-0.002333
-0.00255776
-0.00148933
1.39919e-06
0.00125864
0.00245417
0.0036387
0.00467779
0.0056549
0.00670335
0.00776922
0.00884059
0.00999025
0.0111815
0.0123886
0.0136658
0.0149868
0.0162975
0.0176355
0.0190408
0.020491
0.0219681
0.0234855
0.0250537
0.026671
0.0283374
0.0300567
0.0318335
0.0336704
0.0355719
0.0375398
0.03958
0.0416926
0.0438845
0.0461554
0.0485111
0.0509546
0.0534862
0.0561167
0.0588396
0.0616669
0.0646063
0.0676357
0.0708169
0.0740904
0.0773725
0.0809224
-0.00139049
-0.00116172
-0.00136032
-0.0021177
-0.00236826
-0.00138439
4.40776e-05
0.00128436
0.00249013
0.00368305
0.00471604
0.00568393
0.00672806
0.00779186
0.00886073
0.0100075
0.0111959
0.0124012
0.0136768
0.0149955
0.0163039
0.0176405
0.019045
0.0204943
0.0219705
0.0234871
0.0250549
0.0266718
0.028338
0.030057
0.0318337
0.0336705
0.035572
0.0375399
0.03958
0.0416927
0.0438845
0.0461554
0.0485111
0.0509546
0.0534862
0.0561167
0.0588396
0.0616669
0.0646063
0.0676357
0.0708168
0.0740904
0.0773736
0.080924
-0.00126982
-0.00101821
-0.00118646
-0.00190817
-0.0021751
-0.00126776
9.37142e-05
0.00131056
0.00252481
0.00372803
0.00475647
0.00571491
0.00675398
0.00781535
0.0088816
0.0100253
0.0112108
0.0124142
0.0136883
0.0150046
0.0163105
0.0176456
0.0190494
0.0204978
0.021973
0.0234889
0.0250561
0.0266727
0.0283385
0.0300574
0.031834
0.0336706
0.0355721
0.03754
0.0395801
0.0416927
0.0438846
0.0461554
0.0485111
0.0509546
0.0534862
0.0561167
0.0588396
0.0616669
0.0646063
0.0676356
0.0708168
0.0740905
0.0773747
0.0809256
-0.00113965
-0.000874635
-0.00101588
-0.00170449
-0.00197969
-0.00113984
0.00015139
0.00133812
0.00255809
0.00377318
0.00479897
0.005748
0.00678124
0.00783971
0.00890321
0.0100438
0.0112264
0.0124278
0.0137002
0.0150142
0.0163175
0.017651
0.0190539
0.0205014
0.0219756
0.0234908
0.0250575
0.0266736
0.0283391
0.0300578
0.0318342
0.0336708
0.0355722
0.03754
0.0395801
0.0416927
0.0438846
0.0461554
0.0485111
0.0509546
0.0534862
0.0561167
0.0588395
0.0616669
0.0646062
0.0676356
0.0708167
0.0740907
0.0773758
0.0809274
-0.000999276
-0.000730601
-0.000848643
-0.00150662
-0.00178335
-0.0010015
0.000218002
0.0013681
0.00259009
0.00381803
0.00484337
0.00578338
0.00681003
0.00786501
0.00892557
0.010063
0.0112425
0.0124419
0.0137126
0.0150241
0.0163247
0.0176567
0.0190587
0.0205052
0.0219784
0.0234927
0.0250589
0.0266745
0.0283398
0.0300582
0.0318345
0.033671
0.0355723
0.0375401
0.0395802
0.0416928
0.0438846
0.0461554
0.0485112
0.0509546
0.0534862
0.0561167
0.0588395
0.0616669
0.0646062
0.0676356
0.0708167
0.0740908
0.077377
0.0809291
-0.000849828
-0.000585466
-0.000684769
-0.0013143
-0.00158726
-0.000853947
0.000294297
0.00140169
0.00262113
0.00386213
0.00488937
0.00582118
0.00684058
0.00789134
0.00894867
0.0100829
0.0112593
0.0124565
0.0137256
0.0150346
0.0163323
0.0176626
0.0190637
0.0205092
0.0219813
0.0234948
0.0250604
0.0266756
0.0283405
0.0300586
0.0318348
0.0336712
0.0355724
0.0375402
0.0395802
0.0416928
0.0438846
0.0461555
0.0485112
0.0509546
0.0534862
0.0561167
0.0588395
0.0616669
0.0646061
0.0676355
0.0708166
0.0740909
0.0773782
0.0809309
-0.000694732
-0.000438641
-0.000524076
-0.00112709
-0.00139228
-0.000698586
0.000380787
0.00144003
0.00265172
0.00390509
0.00493651
0.00586142
0.00687313
0.0079188
0.00897252
0.0101034
0.0112768
0.0124718
0.0137391
0.0150454
0.0163403
0.0176687
0.0190689
0.0205134
0.0219844
0.023497
0.0250619
0.0266767
0.0283412
0.0300591
0.0318351
0.0336714
0.0355726
0.0375403
0.0395803
0.0416929
0.0438847
0.0461555
0.0485112
0.0509546
0.0534862
0.0561167
0.0588395
0.0616669
0.0646061
0.0676355
0.0708166
0.0740911
0.0773795
0.0809328
-0.000538256
-0.000289892
-0.000366341
-0.00094473
-0.00119922
-0.000536833
0.000477709
0.00148427
0.00268264
0.00394671
0.00498428
0.00590404
0.00690793
0.00794757
0.00899716
0.0101247
0.0112948
0.0124876
0.0137532
0.0150568
0.0163487
0.0176752
0.0190744
0.0205178
0.0219876
0.0234993
0.0250636
0.0266779
0.028342
0.0300596
0.0318354
0.0336716
0.0355727
0.0375404
0.0395804
0.0416929
0.0438847
0.0461555
0.0485112
0.0509547
0.0534862
0.0561167
0.0588395
0.0616669
0.064606
0.0676355
0.0708165
0.0740912
0.0773808
0.0809347
-0.00038503
-0.000139505
-0.000210892
-0.000767003
-0.00100884
-0.000370086
0.000584958
0.00153547
0.00271486
0.00398699
0.00503213
0.00594883
0.0069452
0.00797785
0.00902261
0.0101466
0.0113136
0.0125041
0.0137678
0.0150687
0.0163574
0.0176819
0.0190801
0.0205224
0.021991
0.0235017
0.0250654
0.0266791
0.0283428
0.0300602
0.0318358
0.0336719
0.0355729
0.0375405
0.0395805
0.041693
0.0438847
0.0461555
0.0485112
0.0509547
0.0534862
0.0561168
0.0588395
0.0616669
0.064606
0.0676354
0.0708165
0.0740914
0.0773821
0.0809366
-0.000239471
1.14946e-05
-5.66223e-05
-0.000593425
-0.000821674
-0.000199669
0.000702014
0.00159436
0.00274939
0.00402614
0.00507957
0.00599549
0.0069851
0.0080099
0.00904893
0.0101691
0.0113331
0.0125212
0.013783
0.0150811
0.0163666
0.017689
0.019086
0.0205273
0.0219945
0.0235043
0.0250672
0.0266804
0.0283437
0.0300608
0.0318362
0.0336721
0.0355731
0.0375406
0.0395805
0.041693
0.0438848
0.0461555
0.0485112
0.0509547
0.0534862
0.0561168
0.0588394
0.0616669
0.0646059
0.0676354
0.0708164
0.0740916
0.0773834
0.0809386
-0.000104232
0.000161629
9.75422e-05
-0.00042332
-0.000638049
-2.67245e-05
0.000828165
0.00166153
0.00278723
0.00406461
0.00512618
0.00604356
0.00702772
0.00804402
0.00907624
0.0101924
0.0113532
0.012539
0.0137989
0.0150941
0.0163762
0.0176964
0.0190922
0.0205323
0.0219983
0.023507
0.0250692
0.0266818
0.0283446
0.0300614
0.0318366
0.0336724
0.0355732
0.0375407
0.0395806
0.0416931
0.0438848
0.0461556
0.0485112
0.0509547
0.0534862
0.0561168
0.0588394
0.0616669
0.0646059
0.0676354
0.0708164
0.0740919
0.0773848
0.0809407
1.99772e-05
0.000308853
0.000252264
-0.000255913
-0.00045825
0.000147673
0.000962617
0.00173742
0.0028293
0.00410314
0.00517171
0.00609246
0.00707302
0.00808057
0.00910471
0.0102162
0.011374
0.0125575
0.0138154
0.0151076
0.0163862
0.0177041
0.0190987
0.0205376
0.0220022
0.0235098
0.0250712
0.0266833
0.0283456
0.0300621
0.0318371
0.0336727
0.0355735
0.0375409
0.0395807
0.0416931
0.0438849
0.0461556
0.0485113
0.0509547
0.0534862
0.0561168
0.0588394
0.0616669
0.0646058
0.0676353
0.0708163
0.0740921
0.0773863
0.0809428
0.000134693
0.000451059
0.000407752
-9.01359e-05
-0.000282424
0.000322433
0.00110445
0.00182221
0.00287642
0.00414262
0.00521613
0.00614148
0.00712079
0.00811984
0.00913457
0.0102406
0.0113954
0.0125767
0.0138327
0.0151218
0.0163968
0.0177121
0.0191055
0.0205432
0.0220064
0.0235128
0.0250734
0.0266849
0.0283467
0.0300628
0.0318375
0.033673
0.0355737
0.037541
0.0395808
0.0416932
0.0438849
0.0461556
0.0485113
0.0509547
0.0534862
0.0561168
0.0588394
0.0616669
0.0646057
0.0676353
0.0708163
0.0740924
0.0773877
0.0809449
0.000243411
0.000587054
0.000563619
7.53568e-05
-0.000110378
0.000496502
0.00125263
0.00191575
0.00292914
0.00418403
0.00525966
0.00619001
0.00717064
0.0081621
0.00916613
0.0102657
0.0114173
0.0125966
0.0138506
0.0151367
0.0164078
0.0177205
0.0191126
0.020549
0.0220107
0.0235159
0.0250757
0.0266865
0.0283479
0.0300636
0.0318381
0.0336734
0.0355739
0.0375412
0.0395809
0.0416933
0.043885
0.0461557
0.0485113
0.0509547
0.0534862
0.0561168
0.0588393
0.0616669
0.0646057
0.0676353
0.0708162
0.0740927
0.0773892
0.0809471
0.000350608
0.000716353
0.000718115
0.000241688
5.85442e-05
0.000668958
0.00140612
0.00201785
0.00298788
0.00422828
0.00530282
0.0062376
0.00722206
0.0082075
0.00919975
0.0102915
0.0114398
0.0126172
0.0138693
0.0151522
0.0164194
0.0177293
0.01912
0.0205551
0.0220153
0.0235193
0.0250782
0.0266883
0.0283491
0.0300644
0.0318386
0.0336738
0.0355742
0.0375414
0.0395811
0.0416934
0.043885
0.0461557
0.0485113
0.0509547
0.0534862
0.0561168
0.0588393
0.0616669
0.0646056
0.0676352
0.0708162
0.074093
0.0773908
0.0809493
0.000462054
0.000840463
0.000868726
0.000409003
0.000225335
0.000839169
0.00156384
0.00212825
0.00305297
0.00427613
0.00534636
0.00628395
0.00727432
0.00825604
0.00923589
0.0103182
0.0114627
0.0126384
0.0138887
0.0151685
0.0164316
0.0177385
0.0191277
0.0205615
0.0220201
0.0235228
0.0250807
0.0266902
0.0283504
0.0300653
0.0318392
0.0336742
0.0355745
0.0375416
0.0395812
0.0416935
0.0438851
0.0461557
0.0485114
0.0509547
0.0534862
0.0561168
0.0588393
0.061667
0.0646055
0.0676352
0.0708162
0.0740934
0.0773924
0.0809516
0.000583082
0.00096305
0.0010134
0.000576253
0.000391082
0.00100688
0.00172463
0.00224656
0.00312462
0.0043281
0.00539127
0.00632908
0.00732659
0.00830752
0.00927499
0.0103461
0.011486
0.0126602
0.013909
0.0151855
0.0164443
0.0177481
0.0191357
0.0205682
0.0220252
0.0235264
0.0250835
0.0266921
0.0283518
0.0300662
0.0318399
0.0336746
0.0355748
0.0375418
0.0395813
0.0416936
0.0438851
0.0461558
0.0485114
0.0509548
0.0534862
0.0561168
0.0588393
0.061667
0.0646054
0.0676352
0.0708161
0.0740938
0.077394
0.0809539
0.000714972
0.0010894
0.00115124
0.000741218
0.000556658
0.0011724
0.00188735
0.00237219
0.00320284
0.00438451
0.00543858
0.00637331
0.00737805
0.00836151
0.00931744
0.0103754
0.0115097
0.0126824
0.01393
0.0152034
0.0164577
0.0177581
0.019144
0.0205752
0.0220305
0.0235303
0.0250863
0.0266942
0.0283533
0.0300673
0.0318406
0.0336751
0.0355751
0.037542
0.0395815
0.0416937
0.0438852
0.0461558
0.0485114
0.0509548
0.0534862
0.0561168
0.0588392
0.061667
0.0646054
0.0676351
0.0708161
0.0740942
0.0773956
0.0809563
0.000853026
0.00122439
0.00128331
0.000900945
0.000722069
0.0013366
0.00205117
0.00250432
0.00328759
0.00444549
0.00548917
0.00641722
0.00742809
0.00841737
0.00936352
0.0104067
0.0115337
0.0127051
0.0139518
0.0152222
0.0164718
0.0177686
0.0191527
0.0205825
0.0220362
0.0235344
0.0250893
0.0266965
0.0283548
0.0300684
0.0318413
0.0336756
0.0355755
0.0375423
0.0395817
0.0416938
0.0438853
0.0461559
0.0485115
0.0509548
0.0534862
0.0561168
0.0588392
0.061667
0.0646053
0.0676351
0.0708161
0.0740946
0.0773973
0.0809587
0.000987763
0.00136992
0.00141302
0.00105278
0.000885916
0.00150063
0.00221576
0.0026419
0.0033788
0.00451118
0.00554367
0.00646173
0.00747637
0.00847426
0.00941331
0.0104405
0.0115582
0.0127279
0.0139743
0.0152419
0.0164866
0.0177795
0.0191617
0.0205901
0.0220421
0.0235387
0.0250925
0.0266988
0.0283565
0.0300695
0.0318422
0.0336762
0.0355758
0.0375425
0.0395818
0.0416939
0.0438854
0.0461559
0.0485115
0.0509548
0.0534862
0.0561169
0.0588392
0.061667
0.0646052
0.0676351
0.0708161
0.0740951
0.077399
0.0809612
0.00110853
0.00152392
0.00154603
0.00119572
0.00104534
0.00166541
0.00238146
0.0027837
0.00347621
0.00458167
0.00560244
0.0065079
0.0075229
0.00853117
0.00946664
0.0104773
0.0115835
0.0127508
0.0139975
0.0152627
0.0165023
0.0177909
0.0191711
0.0205981
0.0220483
0.0235433
0.0250959
0.0267013
0.0283583
0.0300708
0.031843
0.0336768
0.0355763
0.0375428
0.039582
0.041694
0.0438855
0.046156
0.0485115
0.0509549
0.0534862
0.0561169
0.0588391
0.061667
0.0646051
0.0676351
0.0708161
0.0740956
0.0774008
0.0809637
0.0012037
0.00168047
0.00168945
0.0013321
0.00119682
0.00183081
0.00254926
0.00292872
0.0035793
0.00465701
0.00566556
0.00655683
0.00756809
0.00858706
0.00952304
0.0105179
0.0116099
0.0127736
0.0140212
0.0152845
0.0165188
0.0178027
0.0191808
0.0206065
0.0220548
0.0235481
0.0250994
0.0267039
0.0283602
0.0300721
0.0318439
0.0336774
0.0355767
0.0375431
0.0395822
0.0416942
0.0438856
0.0461561
0.0485116
0.0509549
0.0534862
0.0561169
0.0588391
0.061667
0.0646051
0.0676351
0.0708161
0.0740961
0.0774026
0.0809662
0.00126594
0.00182958
0.00184868
0.00146744
0.00133727
0.00199484
0.0027205
0.00307646
0.00368719
0.00473727
0.00573304
0.0066094
0.00761266
0.00864116
0.00958178
0.0105625
0.0116379
0.0127962
0.0140451
0.0153073
0.0165363
0.0178152
0.0191909
0.0206152
0.0220617
0.0235531
0.0251031
0.0267067
0.0283622
0.0300735
0.0318449
0.0336781
0.0355772
0.0375434
0.0395825
0.0416943
0.0438857
0.0461561
0.0485116
0.0509549
0.0534862
0.0561169
0.0588391
0.061667
0.064605
0.067635
0.0708162
0.0740966
0.0774044
0.0809688
0.00129974
0.00195884
0.00202443
0.00160986
0.0014654
0.00215358
0.00289655
0.00322736
0.00379863
0.0048224
0.00580488
0.00666609
0.00765765
0.00869301
0.00964183
0.0106115
0.0116683
0.0128187
0.0140692
0.0153313
0.0165549
0.0178281
0.0192013
0.0206243
0.022069
0.0235584
0.025107
0.0267096
0.0283643
0.030075
0.031846
0.0336789
0.0355777
0.0375438
0.0395827
0.0416945
0.0438858
0.0461562
0.0485117
0.0509549
0.0534862
0.0561169
0.058839
0.061667
0.0646049
0.067635
0.0708162
0.0740972
0.0774063
0.0809714
0.0013179
0.00205842
0.00221194
0.00176946
0.00158348
0.00230199
0.00307785
0.00338292
0.00391222
0.00491207
0.0058812
0.00672705
0.00770423
0.00874265
0.00970199
0.0106648
0.0117017
0.0128411
0.014093
0.0153562
0.0165747
0.0178418
0.019212
0.0206337
0.0220766
0.023564
0.0251112
0.0267127
0.0283666
0.0300766
0.0318471
0.0336797
0.0355782
0.0375442
0.039583
0.0416947
0.0438859
0.0461563
0.0485117
0.050955
0.0534863
0.0561169
0.058839
0.061667
0.0646048
0.067635
0.0708163
0.0740979
0.0774082
0.080974
0.00133483
0.00212355
0.0024023
0.00195536
0.00169754
0.00243465
0.0032627
0.0035453
0.00402694
0.0050055
0.00596223
0.00679216
0.00775356
0.00879056
0.00976099
0.0107218
0.0117389
0.012864
0.0141163
0.015382
0.0165958
0.0178561
0.0192231
0.0206435
0.0220845
0.0235699
0.0251155
0.026716
0.028369
0.0300783
0.0318483
0.0336805
0.0355788
0.0375446
0.0395832
0.0416949
0.043886
0.0461564
0.0485118
0.050955
0.0534863
0.056117
0.058839
0.061667
0.0646048
0.067635
0.0708163
0.0740985
0.0774101
0.0809767
0.00136127
0.00215577
0.00258316
0.00217159
0.0018168
0.00254751
0.00344691
0.00371717
0.00414272
0.00510135
0.00604825
0.00686124
0.00780645
0.00883766
0.0098178
0.0107818
0.0117808
0.0128877
0.0141388
0.0154085
0.0166183
0.0178712
0.0192345
0.0206537
0.0220929
0.0235761
0.02512
0.0267194
0.0283715
0.0300801
0.0318496
0.0336814
0.0355795
0.037545
0.0395835
0.0416951
0.0438862
0.0461565
0.0485118
0.0509551
0.0534863
0.056117
0.0588389
0.061667
0.0646047
0.067635
0.0708165
0.0740992
0.0774121
0.0809794
0.00140129
0.0021628
0.00274045
0.00241495
0.00195321
0.00263986
0.00362409
0.00390072
0.00426087
0.00519777
0.00613939
0.00693427
0.00786315
0.00888513
0.00987184
0.0108436
0.0118277
0.012913
0.0141604
0.0154353
0.0166423
0.0178872
0.0192462
0.0206642
0.0221017
0.0235826
0.0251248
0.026723
0.0283742
0.030082
0.0318509
0.0336824
0.0355801
0.0375455
0.0395839
0.0416953
0.0438863
0.0461566
0.0485119
0.0509551
0.0534863
0.056117
0.0588389
0.061667
0.0646046
0.067635
0.0708166
0.0740999
0.0774141
0.0809821
0.0014506
0.00215431
0.00286329
0.00267595
0.00211924
0.0027158
0.00378641
0.00409642
0.00438411
0.00529283
0.00623535
0.00701147
0.00792347
0.00893436
0.00992309
0.0109057
0.0118797
0.0129407
0.0141811
0.0154622
0.0166678
0.0179043
0.0192583
0.020675
0.0221109
0.0235895
0.0251298
0.0267268
0.028377
0.0300841
0.0318524
0.0336834
0.0355808
0.037546
0.0395842
0.0416955
0.0438865
0.0461567
0.0485119
0.0509552
0.0534863
0.056117
0.0588389
0.061667
0.0646046
0.067635
0.0708167
0.0741007
0.0774161
0.0809849
0.00150502
0.002141
0.00294815
0.0029417
0.0023241
0.00278358
0.00392589
0.00430187
0.00451617
0.00538512
0.00633514
0.00709331
0.00798694
0.00898657
0.00997217
0.0109665
0.0119365
0.012972
0.0142009
0.0154886
0.0166947
0.0179227
0.0192707
0.0206861
0.0221206
0.0235967
0.0251351
0.0267308
0.02838
0.0300862
0.0318539
0.0336845
0.0355816
0.0375465
0.0395846
0.0416958
0.0438866
0.0461568
0.048512
0.0509552
0.0534863
0.0561171
0.0588388
0.0616671
0.0646045
0.0676351
0.0708169
0.0741015
0.0774181
0.0809876
0.0015689
0.00213312
0.00299893
0.00319613
0.00256998
0.00285493
0.00403678
0.00451145
0.00466127
0.00547443
0.00643697
0.00718047
0.00805308
0.00904252
0.0100201
0.0110248
0.0119973
0.0130078
0.0142204
0.0155141
0.016723
0.0179424
0.0192836
0.0206974
0.0221306
0.0236043
0.0251406
0.026735
0.0283832
0.0300885
0.0318555
0.0336856
0.0355824
0.0375471
0.039585
0.0416961
0.0438868
0.0461569
0.0485121
0.0509553
0.0534863
0.0561171
0.0588388
0.0616671
0.0646045
0.0676351
0.0708171
0.0741023
0.0774202
0.0809904
0.0016552
0.00214052
0.00302536
0.00342339
0.00285044
0.00294416
0.0041179
0.00471719
0.00482297
0.00556229
0.00653845
0.00727353
0.0081216
0.00910231
0.0100684
0.0110797
0.0120609
0.0130489
0.0142402
0.0155384
0.0167523
0.0179636
0.0192971
0.020709
0.0221411
0.0236123
0.0251464
0.0267394
0.0283865
0.0300909
0.0318572
0.0336868
0.0355833
0.0375477
0.0395854
0.0416963
0.043887
0.046157
0.0485122
0.0509553
0.0534863
0.0561171
0.0588388
0.0616671
0.0646044
0.0676351
0.0708173
0.0741032
0.0774222
0.0809932
0.00177886
0.00217226
0.00303932
0.00361186
0.00315319
0.00306524
0.00417427
0.00490953
0.00500262
0.00565195
0.00663695
0.00737256
0.00819263
0.00916538
0.0101186
0.0111309
0.0121255
0.0130957
0.0142611
0.0155611
0.0167822
0.0179866
0.0193111
0.0207207
0.0221519
0.0236207
0.0251525
0.0267439
0.02839
0.0300935
0.0318591
0.0336881
0.0355842
0.0375483
0.0395858
0.0416966
0.0438872
0.0461572
0.0485122
0.0509554
0.0534864
0.0561171
0.0588388
0.0616671
0.0646044
0.0676352
0.0708176
0.0741041
0.0774243
0.0809961
0.00194931
0.00223581
0.00305419
0.00375706
0.00346165
0.00322767
0.00421542
0.00507905
0.00519797
0.00574772
0.00673036
0.00747682
0.00826673
0.00923086
0.0101722
0.011179
0.0121895
0.0131482
0.0142844
0.0155821
0.0168125
0.0180112
0.019326
0.0207327
0.0221631
0.0236295
0.0251588
0.0267487
0.0283936
0.0300962
0.031861
0.0336895
0.0355852
0.037549
0.0395863
0.041697
0.0438874
0.0461573
0.0485123
0.0509554
0.0534864
0.0561172
0.0588387
0.0616671
0.0646043
0.0676352
0.0708178
0.074105
0.0774265
0.0809989
0.00216598
0.00233637
0.00308198
0.00386172
0.00375673
0.00343324
0.00425447
0.00521899
0.0054032
0.0058545
0.00681784
0.00758467
0.00834484
0.0092978
0.01023
0.0112251
0.0122511
0.0132057
0.014311
0.0156017
0.0168424
0.0180376
0.0193418
0.0207447
0.0221746
0.0236388
0.0251655
0.0267537
0.0283974
0.030099
0.031863
0.033691
0.0355862
0.0375498
0.0395868
0.0416973
0.0438877
0.0461575
0.0485124
0.0509555
0.0534864
0.0561172
0.0588387
0.0616671
0.0646043
0.0676353
0.0708181
0.074106
0.0774286
0.0810017
0.00241845
0.00247523
0.00313108
0.00393404
0.00402124
0.00367523
0.00430655
0.00532752
0.00561018
0.00597652
0.00690034
0.00769376
0.00842795
0.00936547
0.0102922
0.0112706
0.0123091
0.0132672
0.014342
0.0156202
0.0168715
0.0180656
0.0193588
0.020757
0.0221863
0.0236484
0.0251725
0.0267589
0.0284014
0.030102
0.0318652
0.0336925
0.0355873
0.0375505
0.0395873
0.0416977
0.0438879
0.0461577
0.0485125
0.0509556
0.0534864
0.0561172
0.0588387
0.0616671
0.0646043
0.0676353
0.0708184
0.074107
0.0774307
0.0810046
0.00268919
0.00264928
0.00320534
0.00398522
0.00424429
0.0039414
0.00438532
0.00540869
0.0058093
0.00611582
0.00698049
0.00780136
0.00851665
0.00943358
0.0103583
0.0113173
0.012363
0.0133311
0.0143783
0.0156384
0.0168992
0.0180948
0.0193771
0.0207696
0.0221983
0.0236585
0.0251798
0.0267643
0.0284056
0.0301051
0.0318674
0.0336941
0.0355884
0.0375513
0.0395879
0.0416981
0.0438882
0.0461579
0.0485126
0.0509557
0.0534865
0.0561173
0.0588387
0.0616671
0.0646043
0.0676354
0.0708188
0.074108
0.0774329
0.0810074
0.00295983
0.00285177
0.00330453
0.00402828
0.0044231
0.00421559
0.00449891
0.00547084
0.00599152
0.00627127
0.00706203
0.00790501
0.00861083
0.00950236
0.010427
0.0113668
0.0124128
0.0133957
0.01442
0.0156572
0.0169253
0.018125
0.0193969
0.0207824
0.0222104
0.023669
0.0251874
0.02677
0.0284099
0.0301083
0.0318698
0.0336958
0.0355897
0.0375522
0.0395885
0.0416985
0.0438884
0.046158
0.0485128
0.0509558
0.0534865
0.0561173
0.0588387
0.0616671
0.0646043
0.0676355
0.0708192
0.074109
0.077435
0.0810103
0.00321527
0.00307305
0.00342602
0.00407527
0.00456176
0.00448045
0.00464794
0.00552554
0.00615072
0.00643849
0.00714911
0.00800323
0.00870956
0.00957257
0.0104971
0.0114203
0.0124594
0.0134591
0.014467
0.0156776
0.0169497
0.0181557
0.0194182
0.0207958
0.0222226
0.0236798
0.0251954
0.0267758
0.0284145
0.0301117
0.0318723
0.0336976
0.0355909
0.0375531
0.0395891
0.0416989
0.0438887
0.0461582
0.0485129
0.0509558
0.0534865
0.0561173
0.0588387
0.0616671
0.0646043
0.0676356
0.0708196
0.0741101
0.0774372
0.0810131
0.00344442
0.00330219
0.00356612
0.00413473
0.00466882
0.00472198
0.00482634
0.00558529
0.00628516
0.00661098
0.00724529
0.00809592
0.00881119
0.00964513
0.0105675
0.0114781
0.0125041
0.0135199
0.0145185
0.0157006
0.0169723
0.0181863
0.0194411
0.0208097
0.0222348
0.0236909
0.0252038
0.0267819
0.0284191
0.0301153
0.0318749
0.0336995
0.0355923
0.037554
0.0395898
0.0416994
0.043889
0.0461585
0.048513
0.0509559
0.0534866
0.0561174
0.0588386
0.0616671
0.0646043
0.0676357
0.07082
0.0741112
0.0774393
0.0810159
0.00364073
0.00352858
0.0037207
0.00421082
0.00475517
0.0049324
0.00502417
0.00566038
0.00639754
0.00678137
0.00735248
0.00818434
0.00891364
0.00972086
0.0106374
0.01154
0.0125483
0.013577
0.0145733
0.0157272
0.0169936
0.0182163
0.0194654
0.0208244
0.0222471
0.0237023
0.0252125
0.0267882
0.028424
0.030119
0.0318776
0.0337014
0.0355937
0.037555
0.0395905
0.0416999
0.0438894
0.0461587
0.0485132
0.050956
0.0534866
0.0561174
0.0588386
0.0616671
0.0646043
0.0676358
0.0708205
0.0741123
0.0774414
0.0810187
0.00380353
0.00374315
0.00388483
0.00430407
0.00483224
0.00511059
0.00522945
0.00575634
0.00649352
0.00694297
0.00747037
0.00827068
0.00901484
0.00980013
0.0107064
0.0116049
0.0125936
0.0136302
0.0146301
0.0157577
0.0170142
0.0182452
0.0194909
0.0208401
0.0222594
0.0237138
0.0252215
0.0267947
0.0284289
0.0301228
0.0318804
0.0337034
0.0355951
0.0375561
0.0395912
0.0417004
0.0438897
0.0461589
0.0485133
0.0509561
0.0534867
0.0561174
0.0588386
0.0616671
0.0646044
0.067636
0.0708209
0.0741135
0.0774435
0.0810214
0.00393724
0.00393962
0.00405335
0.00441277
0.00490964
0.00526048
0.00543039
0.00587328
0.00658061
0.00709129
0.00759651
0.00835739
0.00911321
0.00988272
0.0107747
0.0116718
0.0126411
0.0136799
0.0146872
0.0157924
0.0170348
0.0182728
0.0195172
0.0208567
0.0222719
0.0237254
0.0252308
0.0268014
0.028434
0.0301267
0.0318833
0.0337056
0.0355966
0.0375572
0.0395919
0.0417009
0.04389
0.0461592
0.0485135
0.0509562
0.0534867
0.0561175
0.0588386
0.0616671
0.0646044
0.0676361
0.0708214
0.0741146
0.0774456
0.0810241
0.00404936
0.00411535
0.00422145
0.00453379
0.00499347
0.00538843
0.00561822
0.00600698
0.0066664
0.00722477
0.00772703
0.00844661
0.00920796
0.00996785
0.0108429
0.0117392
0.0126915
0.0137266
0.0147432
0.0158308
0.0170562
0.0182989
0.0195439
0.0208743
0.0222845
0.0237371
0.0252403
0.0268084
0.0284393
0.0301308
0.0318863
0.0337077
0.0355982
0.0375583
0.0395927
0.0417015
0.0438904
0.0461594
0.0485136
0.0509563
0.0534868
0.0561175
0.0588387
0.0616671
0.0646045
0.0676363
0.0708219
0.0741158
0.0774477
0.0810268
0.00414806
0.00427081
0.00438503
0.00466347
0.00508628
0.0055017
0.00578843
0.00615101
0.00675666
0.0073445
0.00785763
0.00853955
0.00929909
0.0100543
0.0109113
0.0118064
0.0127447
0.0137714
0.014797
0.0158723
0.017079
0.0183236
0.0195706
0.0208929
0.0222974
0.0237487
0.02525
0.0268155
0.0284447
0.0301349
0.0318894
0.03371
0.0355998
0.0375594
0.0395935
0.041702
0.0438908
0.0461597
0.0485138
0.0509565
0.0534868
0.0561175
0.0588387
0.0616672
0.0646045
0.0676364
0.0708225
0.074117
0.0774497
0.0810294
0.00423969
0.00440828
0.00454101
0.00479788
0.00518786
0.00560701
0.00594049
0.0062985
0.00685421
0.00745317
0.00798448
0.00863623
0.00938716
0.0101408
0.0109804
0.0118723
0.0128002
0.0138154
0.0148479
0.0159158
0.0171037
0.018347
0.0195968
0.0209123
0.0223106
0.0237603
0.0252599
0.0268229
0.0284501
0.0301391
0.0318925
0.0337123
0.0356015
0.0375606
0.0395944
0.0417026
0.0438912
0.0461599
0.048514
0.0509566
0.0534869
0.0561176
0.0588387
0.0616672
0.0646046
0.0676366
0.070823
0.0741181
0.0774517
0.081032
0.00432875
0.00453088
0.00468731
0.00493325
0.00529636
0.00570923
0.00607637
0.00644327
0.00695894
0.00755428
0.00810491
0.00873557
0.00947297
0.0102261
0.0110502
0.0119368
0.0128571
0.0138594
0.0148958
0.0159602
0.0171306
0.0183695
0.0196223
0.0209324
0.0223242
0.0237718
0.0252698
0.0268304
0.0284557
0.0301434
0.0318958
0.0337147
0.0356032
0.0375619
0.0395952
0.0417032
0.0438916
0.0461602
0.0485141
0.0509567
0.053487
0.0561176
0.0588387
0.0616672
0.0646047
0.0676368
0.0708235
0.0741193
0.0774536
0.0810344
0.00441811
0.00464209
0.00482306
0.00506639
0.00540914
0.00581101
0.00619913
0.00658096
0.00706871
0.00765107
0.00821763
0.00883575
0.00955722
0.0103092
0.0111205
0.0119997
0.0129145
0.0139038
0.0149409
0.0160044
0.0171594
0.0183915
0.0196467
0.0209528
0.0223381
0.0237831
0.0252797
0.026838
0.0284613
0.0301477
0.031899
0.0337171
0.0356049
0.0375631
0.0395961
0.0417038
0.043892
0.0461605
0.0485143
0.0509568
0.053487
0.0561177
0.0588387
0.0616672
0.0646048
0.067637
0.0708241
0.0741204
0.0774555
0.0810368
0.00450887
0.00474519
0.0049484
0.00519478
0.00552332
0.0059131
0.00631199
0.00670933
0.00718038
0.00774576
0.00832249
0.00893473
0.00964026
0.0103895
0.0111905
0.012061
0.0129715
0.0139489
0.0149835
0.0160475
0.0171899
0.0184134
0.0196699
0.0209733
0.0223524
0.0237944
0.0252895
0.0268456
0.028467
0.0301521
0.0319023
0.0337195
0.0356067
0.0375644
0.039597
0.0417045
0.0438925
0.0461608
0.0485145
0.0509569
0.0534871
0.0561177
0.0588387
0.0616672
0.0646048
0.0676372
0.0708246
0.0741215
0.0774573
0.0810391
0.00460049
0.00484245
0.00506401
0.00531669
0.00563624
0.00601485
0.00641748
0.00682773
0.00729072
0.00783925
0.00842007
0.00903062
0.00972193
0.0104666
0.0112596
0.0121207
0.013027
0.0139943
0.015024
0.0160887
0.0172213
0.0184354
0.0196918
0.0209935
0.0223669
0.0238055
0.0252991
0.0268533
0.0284727
0.0301564
0.0319056
0.0337219
0.0356085
0.0375656
0.0395979
0.0417051
0.0438929
0.0461611
0.0485147
0.0509571
0.0534872
0.0561177
0.0588388
0.0616672
0.0646049
0.0676374
0.0708252
0.0741226
0.0774591
0.0810414
0.00469166
0.00493507
0.00517064
0.00543098
0.00574565
0.00611501
0.00651712
0.00693642
0.00739693
0.00793122
0.00851121
0.00912194
0.00980166
0.0105403
0.0113268
0.0121787
0.0130807
0.0140394
0.0150629
0.0161277
0.017253
0.0184576
0.0197126
0.021013
0.0223814
0.0238165
0.0253085
0.0268608
0.0284784
0.0301607
0.0319089
0.0337244
0.0356102
0.0375669
0.0395988
0.0417057
0.0438933
0.0461614
0.0485149
0.0509572
0.0534873
0.0561178
0.0588388
0.0616673
0.064605
0.0676376
0.0708257
0.0741237
0.0774607
0.0810434
0.00478079
0.00502352
0.00526898
0.00553677
0.00584959
0.00621204
0.00661157
0.00703614
0.00749699
0.00802055
0.00859655
0.00920762
0.00987852
0.0106104
0.0113914
0.0122346
0.0131319
0.0140837
0.0151002
0.0161641
0.0172842
0.0184799
0.0197322
0.0210317
0.0223959
0.0238272
0.0253175
0.0268682
0.028484
0.0301649
0.0319121
0.0337268
0.035612
0.0375682
0.0395997
0.0417064
0.0438938
0.0461617
0.0485151
0.0509573
0.0534873
0.0561178
0.0588388
0.0616673
0.0646051
0.0676378
0.0708262
0.0741247
0.0774623
0.0810454
0.00486588
0.00510727
0.00535957
0.00563376
0.00594646
0.00630411
0.0067005
0.0071275
0.00758965
0.00810584
0.00867639
0.00928703
0.00995146
0.0106764
0.0114524
0.012288
0.0131802
0.0141263
0.0151359
0.0161979
0.0173142
0.0185021
0.0197508
0.0210493
0.02241
0.0238378
0.0253261
0.0268753
0.0284894
0.0301691
0.0319153
0.0337291
0.0356137
0.0375694
0.0396006
0.041707
0.0438942
0.046162
0.0485153
0.0509574
0.0534874
0.0561179
0.0588389
0.0616673
0.0646052
0.067638
0.0708266
0.0741256
0.0774638
0.0810472
0.00494564
0.0051853
0.00544212
0.00572167
0.00603531
0.00638975
0.0067831
0.00721063
0.00767395
0.0081855
0.00875051
0.00935974
0.0100194
0.0107379
0.0115093
0.0123383
0.0132252
0.0141665
0.0151697
0.016229
0.0173424
0.0185236
0.0197682
0.0210656
0.0224235
0.0238479
0.0253343
0.0268821
0.0284946
0.030173
0.0319183
0.0337314
0.0356154
0.0375706
0.0396015
0.0417076
0.0438946
0.0461623
0.0485154
0.0509575
0.0534875
0.0561179
0.0588389
0.0616673
0.0646053
0.0676382
0.0708271
0.0741265
0.0774651
0.0810489
0.00501874
0.00525689
0.00551629
0.00579984
0.00611499
0.00646764
0.00685849
0.00728548
0.00774939
0.00825809
0.0088182
0.00942526
0.0100814
0.0107943
0.0115612
0.0123847
0.0132665
0.0142036
0.0152012
0.0162572
0.0173683
0.0185441
0.0197844
0.0210804
0.0224361
0.0238574
0.025342
0.0268884
0.0284996
0.0301768
0.0319212
0.0337336
0.035617
0.0375718
0.0396023
0.0417082
0.043895
0.0461625
0.0485156
0.0509577
0.0534875
0.0561179
0.0588389
0.0616673
0.0646053
0.0676384
0.0708275
0.0741272
0.0774663
0.0810504
0.00508301
0.00532055
0.00558171
0.00586794
0.0061844
0.00653612
0.00692521
0.00735138
0.00781539
0.00832237
0.00887861
0.00948314
0.0101365
0.0108447
0.0116077
0.0124265
0.0133037
0.0142371
0.01523
0.0162826
0.0173915
0.018563
0.0197992
0.0210936
0.0224475
0.0238662
0.0253488
0.0268941
0.0285041
0.0301802
0.0319238
0.0337355
0.0356184
0.0375729
0.039603
0.0417087
0.0438954
0.0461628
0.0485158
0.0509578
0.0534876
0.056118
0.0588389
0.0616674
0.0646054
0.0676386
0.0708278
0.0741279
0.0774673
0.0810516
0.00513755
0.00537486
0.00563738
0.00592555
0.00624302
0.00659425
0.00698209
0.00740738
0.00787113
0.00837702
0.00893042
0.00953251
0.0101836
0.0108882
0.0116477
0.0124628
0.013336
0.0142663
0.0152555
0.0163048
0.0174119
0.0185803
0.0198129
0.0211055
0.022458
0.0238744
0.0253553
0.0268995
0.0285084
0.0301835
0.0319263
0.0337375
0.0356199
0.0375739
0.0396038
0.0417092
0.0438957
0.046163
0.048516
0.0509579
0.0534877
0.056118
0.0588389
0.0616674
0.0646054
0.0676387
0.0708281
0.0741285
0.0774682
0.0810527
0.00518002
0.00541831
0.0056814
0.00597068
0.00628897
0.00664011
0.00702721
0.00745171
0.00791502
0.00842017
0.00897159
0.00957162
0.010221
0.0109229
0.0116795
0.0124918
0.0133618
0.0142894
0.0152757
0.0163223
0.0174278
0.0185938
0.0198235
0.0211145
0.0224659
0.0238807
0.0253603
0.0269035
0.0285117
0.0301861
0.0319283
0.033739
0.035621
0.0375747
0.0396044
0.0417096
0.043896
0.0461632
0.0485161
0.0509579
0.0534877
0.056118
0.058839
0.0616674
0.0646055
0.0676388
0.0708283
0.0741289
0.0774689
0.0810535
0.00521448
0.00545149
0.00571515
0.00600566
0.00632495
0.00667647
0.00706337
0.00748743
0.00795045
0.00845525
0.00900546
0.00960389
0.0102518
0.0109517
0.011706
0.0125159
0.0133833
0.0143088
0.0152929
0.0163373
0.0174413
0.0186057
0.019833
0.0211226
0.022473
0.0238865
0.0253648
0.0269073
0.0285147
0.0301884
0.0319301
0.0337403
0.035622
0.0375755
0.0396049
0.04171
0.0438963
0.0461634
0.0485162
0.050958
0.0534878
0.056118
0.058839
0.0616674
0.0646055
0.0676388
0.0708284
0.0741292
0.0774694
0.0810541
0.00522585
0.00546528
0.00573012
0.00602093
0.00634053
0.00669257
0.00707981
0.00750398
0.00796713
0.00847214
0.00902221
0.0096201
0.0102676
0.0109667
0.01172
0.0125289
0.0133951
0.0143196
0.0153028
0.016346
0.0174493
0.0186128
0.0198389
0.0211275
0.0224775
0.0238905
0.0253682
0.0269102
0.0285172
0.0301904
0.0319317
0.0337416
0.035623
0.0375762
0.0396055
0.0417104
0.0438965
0.0461636
0.0485163
0.0509581
0.0534878
0.0561181
0.058839
0.0616673
0.0646054
0.0676387
0.0708284
0.0741292
0.0774694
0.0810542
)
;

boundaryField
{
    zeroGradientPlanes
    {
        type            zeroGradient;
    }
    inlet
    {
        type            zeroGradient;
    }
    plate
    {
        type            zeroGradient;
    }
    frontAndBack
    {
        type            empty;
    }
}


// ************************************************************************* //
